fTNear,fTFar,fDelT,fQNear,fQFar
118683216110,118683216123,13,78,9
4305867,4305862,-5,1675,3555
7241555,7241550,-5,1076,3775
11927186,11927183,-3,1456,2875
12006844,12006857,13,265,1589
15499902,15499899,-3,977,2730
16669730,16669727,-3,2218,5131
17927562,17927556,-6,857,3537
23093855,23093861,6,5411,1726
26108281,26108274,-7,1194,3451
26461633,26461618,-15,862,1518
28703817,28703817,0,1380,1197
34998591,34998585,-6,783,2910
38513578,38513581,3,2805,2879
44956373,44956371,-2,1563,1917
46232027,46232022,-5,1244,3089
46317338,46317334,-4,1047,2900
46715323,46715321,-2,900,1515
52105169,52105172,3,2703,2637
53161227,53161222,-5,1575,3185
53304654,53304649,-5,986,2135
53380238,53380245,7,2922,1508
53993758,53993753,-5,553,2362
60115521,60115523,2,2129,1573
60805847,60805842,-5,1379,3219
62184366,62184359,-7,1211,4576
63378722,63378737,15,920,2773
64949381,64949382,1,1823,1614
70073385,70073380,-5,1111,3077
72420821,72420817,-4,668,3093
72736009,72736001,-8,39,1010
74401905,74401902,-3,1062,3162
79103534,79103532,-2,742,1316
83267970,83267965,-5,1030,2691
83750872,83750889,17,300,994
88559859,88559854,-5,952,3655
91143999,91143997,-2,629,1298
99777963,99777959,-4,1375,3444
101808576,101808572,-4,967,2228
102566713,102566733,20,705,2755
103625867,103625863,-4,931,1926
111149048,111149046,-2,112,1005
111839835,111839835,0,63,773
113823571,113823549,-22,1296,526
113906252,113906254,2,1585,1281
114806318,114806321,3,25178,20964
116116735,116116729,-6,1121,3644
116270339,116270334,-5,1360,2523
117012319,117012316,-3,903,2685
117212354,117212370,16,495,2318
118964723,118964718,-5,818,3080
121736675,121736671,-4,1032,2626
122831010,122831017,7,12493,31817
124410887,124410882,-5,1063,4033
126062807,126062802,-5,1027,4141
128441957,128441957,0,1194,2651
129279001,129279004,3,2602,1201
132183211,132183207,-4,871,3372
132575875,132575872,-3,1126,1403
135181628,135181625,-3,808,2554
136652285,136652282,-3,932,2685
140748563,140748558,-5,987,3243
141104706,141104702,-4,1486,4086
142176908,142176911,3,3039,2133
143334001,143333997,-4,1394,3189
145884077,145884081,4,2045,1701
148397566,148397563,-3,1157,2791
148958694,148958690,-4,1228,3353
150499694,150499690,-4,946,2618
151338467,151338452,-15,584,3347
159001637,159001631,-6,741,1444
167415427,167415423,-4,986,2791
167602458,167602479,21,819,2894
170187095,170187091,-4,1085,3404
171315507,171315502,-5,776,1396
173003437,173003431,-6,1254,2979
175971793,175971788,-5,726,3051
177685309,177685307,-2,1436,2556
184802202,184802198,-4,1210,3250
184964318,184964314,-4,945,4080
186495602,186495598,-4,1131,3131
186949991,186949986,-5,1303,2498
189773402,189773394,-8,1145,3662
198919117,198919115,-2,1193,2522
204837678,204837674,-4,991,2687
205025579,205025577,-2,2451,4911
205216855,205216858,3,19754,49872
225161133,225161129,-4,1225,3941
228929561,228929540,-21,169,1720
235992379,235992376,-3,1205,3556
239000736,239000734,-2,1142,2356
239906569,239906584,15,494,1473
242419150,242419155,5,3010,1765
244014636,244014632,-4,898,2306
244887453,244887449,-4,1169,2616
246635115,246635111,-4,1013,1579
248521610,248521630,20,1172,2746
248882418,248882413,-5,1126,2596
249885999,249885993,-6,1577,3772
253586122,253586113,-9,717,2222
253831907,253831905,-2,38,736
254194392,254194396,4,38997,31638
256245794,256245790,-4,806,2945
258125101,258125094,-7,1197,2990
260795663,260795658,-5,975,2732
261565234,261565229,-5,971,3114
263132927,263132922,-5,1197,3133
264134406,264134400,-6,1181,4010
265376137,265376137,0,176,1125
266012947,266012944,-3,1067,2454
273220999,273220991,-8,678,3084
274298380,274298375,-5,1106,2932
275126247,275126242,-5,541,2303
281203169,281203164,-5,856,3208
282713554,282713550,-4,1147,3762
284131355,284131354,-1,1261,2680
286576450,286576446,-4,1093,3063
288105246,288105262,16,1122,4071
288860484,288860478,-6,943,2065
289811946,289811942,-4,874,2666
302275780,302275774,-6,1027,2594
303731580,303731574,-6,1072,3301
304422723,304422719,-4,1117,1797
306365157,306365153,-4,1029,3183
307717961,307717957,-4,1057,3518
309705366,309705362,-4,976,2984
315811527,315811523,-4,1243,2690
316362775,316362770,-5,929,2569
316796737,316796744,7,12366,5217
317290256,317290250,-6,998,2683
321875087,321875083,-4,1100,2659
328198078,328198076,-2,1102,2118
331833882,331833877,-5,952,3347
339296792,339296794,2,1599,1358
341855408,341855405,-3,24030,15652
344035403,344035398,-5,910,2879
344488978,344488997,19,1267,2290
347013578,347013574,-4,1337,2846
349608133,349608128,-5,1287,3287
350150195,350150197,2,1722,1533
350942222,350942215,-7,1318,4493
358708775,358708770,-5,1004,3039
362562954,362562949,-5,1278,2210
366117824,366117819,-5,912,3519
367593593,367593587,-6,765,3048
371906415,371906410,-5,584,3099
374956671,374956665,-6,1555,5302
378957070,378957064,-6,1054,3721
384724466,384724461,-5,1147,2676
391359479,391359475,-4,1523,3398
396307484,396307480,-4,1471,3936
399349848,399349845,-3,1116,2806
413979937,413979933,-4,1189,3048
416195451,416195446,-5,1226,4479
417253363,417253357,-6,1137,5187
419866767,419866762,-5,1482,3212
420690692,420690689,-3,1315,2066
420976603,420976621,18,751,2066
421725662,421725658,-4,1272,3453
425687502,425687505,3,1157,1445
426350099,426350094,-5,1296,4597
444005737,444005741,4,1711,1337
448283746,448283742,-4,1104,3204
451508735,451508729,-6,1034,2958
452151907,452151926,19,440,1380
452219789,452219785,-4,851,1500
461526094,461526089,-5,1349,3854
463256527,463256524,-3,1247,3684
469522730,469522733,3,1316,1802
472111323,472111338,15,12419,52618
477113537,477113532,-5,910,3821
482469402,482469395,-7,1114,2868
483401027,483401021,-6,975,2321
489330096,489330091,-5,1269,3701
500900890,500900885,-5,1174,3039
509287364,509287363,-1,2029,3253
510068026,510068018,-8,1074,4142
510626916,510626929,13,881,3319
512996315,512996310,-5,1091,3653
513169286,513169281,-5,1440,3927
513463325,513463320,-5,1108,3156
517610982,517610980,-2,1455,1921
518475625,518475645,20,584,1743
519841993,519841989,-4,1090,2718
520693027,520693024,-3,723,2390
523123654,523123649,-5,1038,2873
531193557,531193554,-3,1567,2452
533093089,533093083,-6,992,3200
535898625,535898625,0,20751,9527
540265163,540265158,-5,1112,3160
541705978,541705974,-4,1229,3310
545171699,545171694,-5,1561,3538
548175469,548175462,-7,1134,3486
554850136,554850133,-3,1079,4648
555268483,555268502,19,804,2109
555723956,555723953,-3,1340,3089
558756554,558756550,-4,854,2095
560427499,560427493,-6,1133,2487
560997729,560997725,-4,911,1988
561045156,561045156,0,100,1357
576226523,576226519,-4,1228,2113
578691471,578691466,-5,771,2404
582501727,582501721,-6,1264,4728
583314840,583314835,-5,133,967
584944334,584944329,-5,1011,2941
587473369,587473371,2,3333,2386
594231903,594231897,-6,1033,3355
595019744,595019766,22,86,608
598625618,598625613,-5,1098,2238
602648402,602648397,-5,1383,3858
602768145,602768141,-4,744,2889
604315595,604315601,6,4170,2348
608591367,608591363,-4,1071,4949
613632615,613632612,-3,939,2667
624155839,624155832,-7,2133,7963
627160942,627160941,-1,563,2239
631596178,631596183,5,4566,2709
637399938,637399934,-4,1393,3360
640217847,640217842,-5,967,3285
640941808,640941818,10,48844,104031
641423233,641423227,-6,40849,12983
642235243,642235239,-4,948,1560
643239574,643239567,-7,759,1296
648168197,648168192,-5,843,1990
652838762,652838758,-4,1101,2305
655273053,655273047,-6,917,3333
655573123,655573105,-18,12,1093
657314174,657314170,-4,1110,2389
667074803,667074799,-4,612,2477
668036880,668036876,-4,1377,106
668548868,668548872,4,1179,151
669034827,669034821,-6,1031,3288
669326153,669326149,-4,980,2769
670178397,670178390,-7,863,2511
670255793,670255814,21,683,1542
673580144,673580137,-7,862,1690
676393421,676393415,-6,1308,4431
681378450,681378445,-5,1003,3020
690345375,690345370,-5,976,3267
691842749,691842742,-7,1094,3198
696032782,696032777,-5,738,3548
699716346,699716342,-4,869,3289
701702081,701702077,-4,1204,3006
704089305,704089298,-7,761,2546
707906287,707906282,-5,1187,2671
722126815,722126811,-4,861,2024
723071787,723071783,-4,1062,2446
723776253,723776258,5,3266,1930
725627882,725627886,4,2569,1529
727716971,727716965,-6,1314,3227
728603086,728603082,-4,1329,3180
729969967,729969963,-4,561,2080
731842843,731842838,-5,916,2313
732059588,732059606,18,965,3861
736347245,736347241,-4,1481,3400
737505685,737505685,0,1864,2426
737638282,737638282,0,1084,9634
739142707,739142703,-4,1239,1752
739350155,739350149,-6,935,2546
748012317,748012313,-4,1023,3585
752793362,752793359,-3,1004,3321
753370213,753370209,-4,1246,2607
756806688,756806691,3,4541,2943
759895859,759895854,-5,1502,3682
766538678,766538673,-5,1046,3327
767710181,767710182,1,2749,2198
771474750,771474746,-4,1179,2146
772125394,772125391,-3,900,2142
772558709,772558706,-3,22918,68959
777038693,777038693,0,1439,1433
778081298,778081298,0,1646,1986
783998127,783998122,-5,1188,3071
784760228,784760225,-3,1757,3033
785973655,785973648,-7,756,2614
786131498,786131517,19,1264,3157
786274848,786274848,0,1482,1869
786851249,786851243,-6,1090,2885
787374376,787374398,22,524,983
790017671,790017665,-6,1192,5023
791666201,791666196,-5,1182,3984
791735825,791735835,10,129,986
797221253,797221249,-4,1065,2801
802169122,802169118,-4,716,3470
807071353,807071349,-4,1657,3472
807582391,807582385,-6,1151,3876
815571513,815571509,-4,1041,3080
827753425,827753421,-4,914,2311
830877602,830877598,-4,1054,2446
835144235,835144230,-5,803,2429
836769485,836769502,17,883,2263
838006163,838006159,-4,1078,2636
841166437,841166432,-5,1082,2231
851815060,851815054,-6,1479,3205
853903971,853903965,-6,716,2389
854970076,854970095,19,201,1046
860413331,860413325,-6,934,2797
861100570,861100550,-20,144,1079
869084470,869084469,-1,1435,2571
870091375,870091370,-5,1123,3383
870161425,870161441,16,1066,3822
871754893,871754895,2,1861,1390
873866653,873866649,-4,1075,2794
876136457,876136454,-3,1246,2185
878193792,878193786,-6,904,3305
879086974,879086966,-8,1180,4203
884150985,884150978,-7,1128,4274
887063836,887063835,-1,1512,2386
890141435,890141430,-5,1322,3161
890795562,890795559,-3,1293,2459
892889463,892889457,-6,644,2859
893081005,893081000,-5,1003,4490
895111322,895111320,-2,1718,2626
900245840,900245835,-5,1390,4219
903337987,903337985,-2,1096,2511
903661846,903661841,-5,1018,3082
912393273,912393270,-3,1330,2460
921242389,921242385,-4,1119,2806
921479927,921479921,-6,976,2758
930990494,930990500,6,3552,1430
939245742,939245738,-4,1028,3190
945353254,945353253,-1,34178,31344
947135645,947135640,-5,992,2686
947418258,947418265,7,11666,24760
947474297,947474305,8,2499,1439
960079369,960079365,-4,1086,4193
960658179,960658199,20,409,901
961935930,961935926,-4,563,2350
964461885,964461882,-3,1249,2974
965573172,965573176,4,2906,1451
968991571,968991567,-4,1394,4495
969775270,969775268,-2,1240,3953
972863430,972863425,-5,1062,4100
973383099,973383113,14,1164,2655
973508676,973508671,-5,1480,3449
975889793,975889789,-4,820,2925
976097705,976097688,-17,1001,2006
977213550,977213545,-5,1164,3329
977698041,977698034,-7,876,3177
980168454,980168449,-5,992,2087
988349703,988349697,-6,1147,2565
994756035,994756031,-4,530,1060
997149851,997149846,-5,894,1508
998517944,998517946,2,1351,954
1001315055,1001315050,-5,730,3137
1011499682,1011499681,-1,830,2494
1015921186,1015921179,-7,1110,3130
1016463239,1016463236,-3,1126,2822
1021722039,1021722034,-5,523,2018
1026932062,1026932054,-8,1144,3512
1027550181,1027550186,5,2345,1997
1029303574,1029303570,-4,1227,2249
1034410706,1034410701,-5,806,3614
1035950550,1035950549,-1,912,1317
1047170817,1047170823,6,2605,1270
1050735167,1050735163,-4,908,2445
1053767569,1053767566,-3,1400,2967
1054211011,1054211006,-5,906,2366
1054693099,1054693116,17,653,1834
1055891785,1055891779,-6,866,2503
1056260773,1056260776,3,2955,2430
1070771708,1070771703,-5,610,2379
1077684702,1077684697,-5,1008,3195
1086830023,1086830019,-4,836,3091
1088319289,1088319269,-20,204,1361
1089782766,1089782764,-2,941,1253
1092419773,1092419767,-6,1061,3845
1101136129,1101136126,-3,736,2660
1103736071,1103736065,-6,978,4049
1105864545,1105864540,-5,1075,3021
1106783835,1106783830,-5,1090,3282
1107182459,1107182454,-5,780,2064
1107724297,1107724291,-6,215,1361
1108254877,1108254868,-9,242,900
1109212022,1109212017,-5,838,2566
1111479006,1111479000,-6,1017,3860
1115049227,1115049223,-4,1322,2115
1116950189,1116950190,1,2831,3735
1120987262,1120987257,-5,1259,2497
1122240449,1122240445,-4,1154,3415
1130704849,1130704869,20,1431,243
1131898465,1131898460,-5,773,2708
1135739666,1135739659,-7,994,3085
1135993224,1135993243,19,314,781
1137805734,1137805731,-3,793,2550
1141222095,1141222093,-2,757,2333
1146302542,1146302537,-5,992,2583
1152449080,1152449074,-6,979,2957
1159119235,1159119232,-3,1138,3344
1163742412,1163742407,-5,1347,2864
1169458326,1169458320,-6,946,2474
1174375363,1174375361,-2,698,1680
1181576674,1181576668,-6,713,1718
1181879674,1181879688,14,968,2749
1182220329,1182220325,-4,882,3061
1183597196,1183597191,-5,879,2551
1183796416,1183796433,17,852,4051
1187211107,1187211116,9,3196,985
1191489238,1191489234,-4,1735,3978
1196394914,1196394918,4,3246,2783
1200397890,1200397886,-4,688,1733
1209410843,1209410837,-6,1221,3712
1210948514,1210948509,-5,914,2630
1212375110,1212375105,-5,1306,3338
1218582154,1218582149,-5,1192,3038
1227796159,1227796154,-5,1129,2192
1229735682,1229735686,4,33900,21374
1233183950,1233183945,-5,1042,2847
1239654794,1239654790,-4,926,2687
1244089170,1244089169,-1,2601,4848
1244281527,1244281523,-4,1188,2703
1244860921,1244860917,-4,1216,3499
1251332217,1251332210,-7,1157,4591
1254793114,1254793107,-7,1464,3876
1255047778,1255047773,-5,282,780
1255931963,1255931975,12,467,1216
1256325809,1256325802,-7,1332,4057
1257921321,1257921313,-8,815,2578
1259828837,1259828831,-6,1376,3502
1269093826,1269093823,-3,1021,2348
1270043963,1270043974,11,296,648
1274250275,1274250269,-6,1024,3772
1274484920,1274484941,21,500,2899
1280456178,1280456173,-5,861,3071
1281436524,1281436527,3,1512,931
1284849381,1284849383,2,1311,867
1292351601,1292351594,-7,1269,6251
1293325298,1293325298,0,568,2135
1294103018,1294103034,16,235,1681
1296770594,1296770589,-5,1321,4235
1298913653,1298913647,-6,1094,3002
1302506316,1302506316,0,1341,1949
1307410767,1307410762,-5,1294,3330
1308504620,1308504614,-6,1450,3991
1319093534,1319093529,-5,1134,2740
1324122468,1324122464,-4,829,2367
1326155573,1326155568,-5,1010,2157
1326678700,1326678714,14,860,2539
1328336314,1328336307,-7,731,2629
1331540724,1331540721,-3,1259,2514
1336356764,1336356764,0,1471,2629
1337149987,1337149993,6,173,1122
1345658815,1345658808,-7,1333,3362
1361918107,1361918102,-5,1373,3578
1365051764,1365051760,-4,1381,2055
1367702887,1367702883,-4,1576,3406
1368614154,1368614167,13,292,2296
1370098441,1370098438,-3,1041,1787
1372060662,1372060657,-5,1451,3835
1372755089,1372755085,-4,1498,2720
1377013763,1377013758,-5,1152,2668
1381791782,1381791788,6,5948,2711
1384342635,1384342630,-5,769,1921
1388255947,1388255964,17,921,3222
1388567997,1388567998,1,1658,2288
1394414248,1394414243,-5,1088,2536
1397217345,1397217339,-6,989,2897
1401649215,1401649210,-5,881,3828
1402548654,1402548649,-5,1124,2740
1409277180,1409277175,-5,782,2321
1410046224,1410046218,-6,789,2474
1426411023,1426411018,-5,851,2430
1428097678,1428097673,-5,1381,3814
1430865077,1430865073,-4,1300,2694
1430982411,1430982424,13,1046,4330
1433239726,1433239733,7,4133,1757
1436462560,1436462562,2,2861,1221
1436742190,1436742182,-8,932,3483
1451327223,1451327217,-6,1129,3101
1451764967,1451764963,-4,1658,4192
1452092870,1452092866,-4,1194,3338
1452182072,1452182065,-7,184,1335
1455869361,1455869354,-7,1004,3753
1457447986,1457447980,-6,898,3151
1458136136,1458136147,11,720,2491
1459473479,1459473494,15,1588,1032
1463453840,1463453846,6,2844,1540
1465001926,1465001922,-4,1097,2764
1470494874,1470494869,-5,786,1983
1473379679,1473379673,-6,860,2510
1483249247,1483249233,-14,1401,3144
1485910488,1485910482,-6,952,3467
1490309047,1490309044,-3,1245,2438
1492271967,1492271962,-5,1117,3060
1492403466,1492403459,-7,725,2758
1519305207,1519305214,7,10154,3922
1520882631,1520882626,-5,887,3991
1523896356,1523896351,-5,925,3945
1524479123,1524479116,-7,839,2993
1528483162,1528483161,-1,1486,2383
1532153161,1532153156,-5,939,2487
1532426924,1532426921,-3,1214,3368
1532731222,1532731218,-4,940,2858
1535190939,1535190934,-5,1113,3499
1540839939,1540839934,-5,818,1732
1542670518,1542670529,11,241,664
1547835511,1547835506,-5,1094,3525
1550895507,1550895498,-9,189,946
1550988457,1550988477,20,1589,3428
1553578415,1553578411,-4,1068,2753
1560026622,1560026617,-5,804,2884
1561673923,1561673918,-5,778,2379
1563196170,1563196190,20,263,955
1565380654,1565380650,-4,1402,3329
1570436527,1570436519,-8,1226,4006
1573799735,1573799730,-5,782,2533
1574572770,1574572765,-5,845,4025
1580271007,1580271002,-5,1175,2369
1586221051,1586221039,-12,27381,17663
1586324002,1586323998,-4,1225,3281
1587313978,1587313997,19,478,1306
1588203198,1588203193,-5,956,2884
1588726226,1588726243,17,370,2070
1592661798,1592661795,-3,701,2410
1593218812,1593218830,18,302,1137
1594277695,1594277690,-5,792,3114
1600079430,1600079422,-8,2175,9453
1604465642,1604465637,-5,1071,2757
1606043246,1606043245,-1,971,2192
1607420722,1607420717,-5,1280,2544
1610502902,1610502897,-5,1260,3989
1611610823,1611610818,-5,1020,2299
1611657518,1611657516,-2,15653,39618
1615146435,1615146431,-4,1096,2925
1619311917,1619311914,-3,696,2274
1623435408,1623435402,-6,581,2622
1626585007,1626585002,-5,904,2481
1627654947,1627654926,-21,1219,3345
1636008186,1636008188,2,6240,25881
1641975500,1641975495,-5,1209,3072
1643314890,1643314895,5,1031,833
1648008350,1648008352,2,2902,3449
1648369323,1648369318,-5,477,1990
1650093078,1650093072,-6,599,588
1655713370,1655713366,-4,919,2688
1659926498,1659926493,-5,1107,3233
1664379263,1664379259,-4,169,1702
1665702657,1665702650,-7,1228,3348
1666977245,1666977238,-7,1317,3721
1673084376,1673084373,-3,845,2514
1673633859,1673633878,19,890,2506
1673990473,1673990470,-3,980,2802
1675878242,1675878254,12,247,1090
1677619802,1677619798,-4,1156,3321
1687682794,1687682789,-5,1015,2130
1687911396,1687911409,13,790,2240
1690491353,1690491351,-2,1533,2068
1692455310,1692455305,-5,1129,2788
1699138349,1699138344,-5,1668,5749
1702362494,1702362486,-8,1102,4471
1703007873,1703007867,-6,1291,3442
1705138667,1705138674,7,2333,1417
1708481062,1708481059,-3,1302,1587
1714599517,1714599510,-7,961,3042
1718995215,1718995209,-6,804,3729
1721603462,1721603457,-5,1470,3489
1725048311,1725048307,-4,795,3047
1727188613,1727188610,-3,1302,3289
1729569694,1729569688,-6,845,2364
1733075499,1733075494,-5,1066,3006
1740824010,1740824006,-4,813,2993
1744760612,1744760607,-5,1103,3184
1745079147,1745079143,-4,996,3645
1752813737,1752813731,-6,944,4909
1756707475,1756707473,-2,969,1272
1757554937,1757554951,14,229,1160
1765506550,1765506545,-5,985,2676
1771993822,1771993818,-4,1328,2527
1773418514,1773418512,-2,1137,2693
1776483155,1776483159,4,20542,46353
1788577894,1788577889,-5,651,712
1791231938,1791231935,-3,802,1750
1791312591,1791312586,-5,718,2786
1792259773,1792259769,-4,984,3464
1801677064,1801677059,-5,1256,4678
1805254222,1805254215,-7,1183,2975
1805516130,1805516149,19,414,2215
1807575222,1807575202,-20,1701,803
1808292946,1808292941,-5,823,3535
1808499917,1808499916,-1,4026,16466
1811800705,1811800701,-4,1040,2837
1815974218,1815974211,-7,871,3028
1821604893,1821604903,10,16065,20008
1823549393,1823549386,-7,1578,2767
1823954204,1823954217,13,996,3167
1827867461,1827867466,5,5874,2647
1833706643,1833706639,-4,1034,2144
1834662682,1834662663,-19,1057,2556
1840554991,1840554985,-6,989,2174
1842957095,1842957090,-5,874,2861
1843761519,1843761514,-5,834,2896
1844284498,1844284492,-6,1251,3909
1845766887,1845766883,-4,548,1228
1850783857,1850783850,-7,616,4970
1851078415,1851078413,-2,886,2092
1851956656,1851956661,5,2440,1722
1855691646,1855691646,0,1495,2775
1858820200,1858820196,-4,939,3467
1861662270,1861662268,-2,839,3134
1869153549,1869153549,0,3227,3037
1870978198,1870978197,-1,2119,2697
1874024243,1874024241,-2,1131,2604
1876953874,1876953871,-3,1580,3491
1884814344,1884814325,-19,201,717
1885048773,1885048767,-6,1098,4105
1885950306,1885950298,-8,533,2942
1890777660,1890777656,-4,774,3203
1892606553,1892606548,-5,879,2201
1892696164,1892696160,-4,885,2051
1902240565,1902240558,-7,846,4326
1909917706,1909917701,-5,1425,4338
1914160142,1914160148,6,5415,2189
1914509428,1914509426,-2,969,3297
1914730299,1914730295,-4,1026,2873
1920330068,1920330061,-7,652,2960
1921735369,1921735364,-5,1333,3055
1922109984,1922110001,17,168,1194
1925201743,1925201738,-5,1289,3665
1930042765,1930042762,-3,873,2442
1931376560,1931376554,-6,1205,3312
1939696645,1939696642,-3,847,1798
1943804591,1943804582,-9,46712,12238
1949072374,1949072370,-4,940,2215
1954673194,1954673190,-4,1302,3823
1958848717,1958848712,-5,909,2504
1958940225,1958940206,-19,860,3083
1961933465,1961933459,-6,989,2213
1964585291,1964585287,-4,950,1908
1970997965,1970997959,-6,1261,3186
1975522086,1975522081,-5,951,2209
1975612680,1975612675,-5,239,757
1978289668,1978289663,-5,958,3158
1980118093,1980118084,-9,1146,3579
1982264709,1982264703,-6,905,3009
1983751250,1983751247,-3,1541,2340
1985795297,1985795298,1,1122,1687
1986615257,1986615254,-3,1382,2320
1987911319,1987911314,-5,739,2654
1999883034,1999883033,-1,2319,2426
2000417181,2000417173,-8,842,2668
2000495202,2000495216,14,967,2119
2002748221,2002748216,-5,1034,3517
2003284499,2003284514,15,665,2574
2006562114,2006562107,-7,769,3211
2012419269,2012419262,-7,727,4723
2014357213,2014357207,-6,1331,2104
2030235891,2030235886,-5,776,2850
2037067843,2037067839,-4,1026,2832
2039435126,2039435118,-8,1127,3569
2039927326,2039927322,-4,1297,2992
2057414967,2057414963,-4,846,3290
2059469691,2059469687,-4,718,3332
2060177635,2060177634,-1,1826,1752
2062314030,2062314030,0,3393,3260
2063033086,2063033083,-3,1175,2453
2073204570,2073204566,-4,1105,2807
2073849091,2073849089,-2,126,806
2073946708,2073946702,-6,2012,6370
2076176831,2076176829,-2,1026,2177
2077454274,2077454255,-19,138,1474
2078879714,2078879709,-5,851,1974
2079819193,2079819199,6,117,945
2080605222,2080605222,0,854,1207
2086972878,2086972884,6,2160,1360
2087881639,2087881659,20,16607,53789
2088375016,2088375012,-4,1096,3183
2092204929,2092204933,4,3381,2276
2092251098,2092251094,-4,853,2403
2092677432,2092677428,-4,1226,2510
2104339694,2104339689,-5,1238,3979
2104399537,2104399531,-6,1026,3497
2105799836,2105799829,-7,1319,4874
2106349210,2106349203,-7,966,2939
2106804172,2106804152,-20,229,794
2107527026,2107527026,0,290,827
2111440223,2111440216,-7,1129,3308
2125937730,2125937726,-4,603,2045
2133817514,2133817519,5,1940,1034
2139853699,2139853696,-3,1249,3044
2142905083,2142905078,-5,865,3517
2153059551,2153059547,-4,1236,2874
2153612923,2153612917,-6,1090,2570
2154822738,2154822758,20,705,1249
2161227115,2161227131,16,346,1048
2162584798,2162584794,-4,1178,3849
2167977328,2167977322,-6,1276,2401
2170710851,2170710846,-5,1266,1969
2173250575,2173250570,-5,1229,2303
2173398683,2173398680,-3,750,2308
2173473489,2173473509,20,762,3168
2175815934,2175815930,-4,1251,1757
2176736640,2176736663,23,301,1952
2192519614,2192519625,11,533,2865
2197039485,2197039478,-7,936,2805
2201296754,2201296749,-5,838,1996
2203128600,2203128598,-2,8853,16908
2217559743,2217559739,-4,914,2840
2218622897,2218622891,-6,1781,3880
2219262832,2219262825,-7,1541,3369
2221094653,2221094647,-6,2083,8275
2223534857,2223534852,-5,720,2345
2224375523,2224375517,-6,798,3307
2224931495,2224931489,-6,858,2286
2225463691,2225463676,-15,263,1107
2226968967,2226968966,-1,878,2616
2229416610,2229416606,-4,1175,5068
2231389478,2231389473,-5,1217,3641
2232844755,2232844750,-5,944,2476
2233349037,2233349031,-6,1150,3556
2235577878,2235577879,1,1368,1203
2239571078,2239571074,-4,941,1899
2239676219,2239676198,-21,187,1250
2239842151,2239842144,-7,1051,4497
2245465331,2245465327,-4,1038,2170
2247952002,2247951997,-5,1190,3238
2250482989,2250482985,-4,1205,3114
2251306468,2251306467,-1,2400,4235
2258771107,2258771102,-5,973,2474
2260360826,2260360822,-4,993,2859
2261085504,2261085486,-18,275,829
2261826070,2261826065,-5,1359,4067
2274457575,2274457570,-5,937,3177
2275613900,2275613894,-6,1019,2821
2284282729,2284282724,-5,948,5139
2286421105,2286421101,-4,1316,3494
2296383198,2296383197,-1,1307,1749
2297446957,2297446952,-5,701,2957
2297642401,2297642397,-4,1151,4662
2304096079,2304096073,-6,1263,2991
2304139589,2304139582,-7,1011,3004
2308731337,2308731332,-5,1092,3344
2309956927,2309956906,-21,1670,889
2316848883,2316848879,-4,866,1845
2317294253,2317294250,-3,1048,3001
2322197508,2322197507,-1,957,1679
2322473799,2322473801,2,934,1783
2332725937,2332725933,-4,906,1981
2333118427,2333118422,-5,711,3355
2338853377,2338853374,-3,1004,2698
2346069289,2346069285,-4,752,2931
2347315737,2347315732,-5,856,3961
2348821148,2348821144,-4,817,2065
2350217253,2350217247,-6,1159,3044
2352969370,2352969365,-5,826,3836
2353099326,2353099320,-6,1455,2980
2354203593,2354203589,-4,834,3830
2357614024,2357614020,-4,1400,4328
2358377927,2358377924,-3,1548,3503
2362605474,2362605473,-1,2003,4291
2365796709,2365796703,-6,884,2065
2368828283,2368828290,7,4052,1222
2370046125,2370046122,-3,1183,3803
2373707086,2373707082,-4,921,3208
2374428959,2374428954,-5,1017,2830
2379444296,2379444290,-6,2038,8893
2383875030,2383875026,-4,841,2852
2391105602,2391105618,16,382,540
2392791898,2392791894,-4,873,3009
2397508248,2397508242,-6,887,2564
2400037973,2400037974,1,25185,26541
2401002462,2401002458,-4,764,2202
2405330066,2405330060,-6,999,2856
2412122421,2412122417,-4,1501,3320
2416582504,2416582498,-6,1108,2878
2418962011,2418962006,-5,851,3128
2423522404,2423522398,-6,1404,4307
2424041603,2424041594,-9,1494,4474
2424068892,2424068907,15,288,1196
2427663007,2427663003,-4,1339,3206
2429827370,2429827365,-5,1318,3745
2441530287,2441530300,13,14767,37615
2451873226,2451873221,-5,1168,3803
2466439234,2466439239,5,8138,20057
2470769685,2470769681,-4,765,2756
2471505549,2471505543,-6,1024,3221
2471689268,2471689275,7,248,953
2478015123,2478015120,-3,1220,3051
2479072702,2479072695,-7,1206,2885
2483733259,2483733255,-4,1115,3200
2488143613,2488143611,-2,1013,2933
2490088497,2490088493,-4,856,2909
2491685414,2491685409,-5,862,3791
2497657014,2497657010,-4,1447,2856
2499665382,2499665380,-2,1397,2834
2503579350,2503579344,-6,1066,3191
2504311439,2504311434,-5,1032,2789
2504479649,2504479671,22,342,1553
2505044229,2505044224,-5,1211,2401
2505635019,2505635013,-6,943,2894
2506239553,2506239571,18,462,2365
2513272368,2513272364,-4,1280,2337
2521485576,2521485573,-3,1116,2149
2528944296,2528944292,-4,1105,3086
2530867767,2530867770,3,1230,1585
2532329993,2532329990,-3,1136,2812
2540128815,2540128810,-5,1028,2316
2544509526,2544509530,4,1263,1083
2545984003,2545983999,-4,810,1768
2546718026,2546718026,0,2023,2436
2548013199,2548013194,-5,1025,2275
2549093710,2549093714,4,4006,3231
2552583019,2552583014,-5,971,2329
2557713267,2557713262,-5,683,2240
2575379666,2575379661,-5,1252,4403
2581776062,2581776057,-5,1096,3333
2588400217,2588400214,-3,753,2504
2596542171,2596542166,-5,922,2571
2596936976,2596936975,-1,1310,1474
2608130750,2608130743,-7,1076,3014
2608868078,2608868073,-5,1104,3168
2609497009,2609497006,-3,1297,3403
2610230377,2610230367,-10,1043,2774
2610569040,2610569059,19,1027,3752
2611297184,2611297178,-6,1031,3129
2612239903,2612239897,-6,1393,3470
2617885383,2617885377,-6,989,3122
2623667579,2623667573,-6,1126,3481
2624257985,2624257978,-7,1103,4491
2632756385,2632756381,-4,1037,2714
2633478057,2633478053,-4,1400,3906
2633892971,2633892979,8,4368,786
2637507763,2637507759,-4,1190,2714
2641364633,2641364629,-4,1195,2230
2641806722,2641806730,8,3207,1633
2646931429,2646931423,-6,1633,3975
2649151966,2649151962,-4,769,2786
2649532435,2649532432,-3,934,2389
2653148601,2653148597,-4,1181,2741
2656728606,2656728602,-4,1101,2508
2659867987,2659867982,-5,909,2100
2660633894,2660633890,-4,977,2610
2661189514,2661189505,-9,968,3197
2661931762,2661931773,11,195,1341
2665726889,2665726883,-6,1279,3583
2678779443,2678779438,-5,932,2904
2678857129,2678857126,-3,204,1148
2679552914,2679552927,13,70,2162
2682113370,2682113352,-18,968,424
2682571936,2682571926,-10,172,708
2685197838,2685197843,5,3523,1576
2691686474,2691686471,-3,1028,3063
2699387542,2699387538,-4,1274,1908
2699666030,2699666025,-5,1023,3128
2700476048,2700476034,-14,390,918
2700543081,2700543101,20,190,919
2701764590,2701764584,-6,1029,2494
2705248092,2705248087,-5,1051,2600
2708315142,2708315143,1,1519,1552
2709242090,2709242085,-5,977,3118
2709280142,2709280138,-4,1064,2515
2709459158,2709459153,-5,1223,3340
2710039304,2710039325,21,316,2044
2712167226,2712167218,-8,1313,3379
2713974002,2713973997,-5,879,1994
2718218073,2718218078,5,3812,2171
2721475734,2721475732,-2,1439,3959
2723303432,2723303429,-3,1193,2923
2724376103,2724376097,-6,55411,23701
2724503383,2724503380,-3,1074,2388
2728597625,2728597631,6,2895,1283
2730801263,2730801258,-5,1096,2310
2732181006,2732181001,-5,1401,3639
2741255910,2741255907,-3,952,2505
2741511063,2741511057,-6,791,2804
2741627259,2741627254,-5,1603,4115
2743540099,2743540096,-3,797,2111
2746630382,2746630377,-5,1493,3469
2748004407,2748004398,-9,815,3058
2749950092,2749950088,-4,810,2282
2750740724,2750740706,-18,1035,3794
2751925085,2751925081,-4,1324,1841
2757212424,2757212418,-6,1573,3760
2757698434,2757698429,-5,872,3302
2764471701,2764471695,-6,983,2742
2777770566,2777770561,-5,1359,3137
2778228014,2778228009,-5,863,3316
2782222342,2782222337,-5,934,4162
2782391947,2782391926,-21,1027,3182
2783942939,2783942944,5,7758,29886
2785413499,2785413514,15,814,3000
2793099695,2793099693,-2,1138,2463
2794303382,2794303375,-7,1213,1828
2796503087,2796503082,-5,1066,2216
2802267174,2802267166,-8,1272,3814
2804050874,2804050868,-6,1072,4646
2807149886,2807149883,-3,939,4089
2810054597,2810054591,-6,1451,3681
2814485556,2814485549,-7,1826,6667
2816348583,2816348581,-2,784,2697
2822950462,2822950462,0,1641,2042
2826103154,2826103157,3,2395,3082
2828593643,2828593639,-4,1344,3336
2830991639,2830991635,-4,1124,2283
2831205644,2831205631,-13,153,936
2832195186,2832195199,13,322,869
2833327358,2833327361,3,1371,1359
2834154362,2834154359,-3,1218,2090
2836791276,2836791272,-4,1028,2778
2836940778,2836940782,4,12353,6371
2837699115,2837699109,-6,908,2702
2838932258,2838932251,-7,1056,3598
2839857421,2839857421,0,33365,41506
2840180839,2840180845,6,2330,995
2846164902,2846164894,-8,1183,3606
2847066664,2847066659,-5,1477,3564
2848306950,2848306946,-4,998,3138
2852827842,2852827844,2,1501,1578
2856695241,2856695234,-7,1130,3606
2857775410,2857775405,-5,1255,3088
2858780943,2858780934,-9,1090,3659
2870344161,2870344157,-4,1196,3813
2876681966,2876681962,-4,862,2537
2877487762,2877487754,-8,224,1441
2878010148,2878010142,-6,1120,3400
2892003372,2892003366,-6,985,2416
2893653124,2893653119,-5,1766,3182
2894409691,2894409688,-3,1164,3146
2895169611,2895169609,-2,1070,3078
2896820809,2896820802,-7,1136,3384
2897624247,2897624241,-6,1032,3209
2897808876,2897808893,17,479,1983
2899648834,2899648830,-4,965,3300
2902286451,2902286456,5,2557,1744
2902776844,2902776839,-5,1014,2617
2903727526,2903727522,-4,769,1792
2907605083,2907605089,6,2257,1155
2909592783,2909592779,-4,1398,3128
2917597867,2917597862,-5,932,2784
2927724731,2927724726,-5,760,2386
2930945415,2930945410,-5,788,2683
2930977786,2930977799,13,381,1030
2939974098,2939974094,-4,705,1343
2940283867,2940283858,-9,845,3857
2942041574,2942041571,-3,688,1696
2942448670,2942448666,-4,1183,2074
2950443371,2950443366,-5,925,3696
2950847746,2950847745,-1,35341,59090
2955178113,2955178110,-3,1145,3044
2955677962,2955677958,-4,188,1275
2956270475,2956270470,-5,941,3049
2957992092,2957992085,-7,1021,3297
2958846097,2958846093,-4,1445,3336
2959609011,2959609007,-4,993,3503
2962967007,2962967001,-6,1162,5646
2965718391,2965718386,-5,1096,2716
2967302651,2967302634,-17,2022,1490
2970073785,2970073779,-6,1406,3193
2972306750,2972306745,-5,1065,2930
2973406673,2973406669,-4,1135,3037
2980568482,2980568476,-6,1281,4731
2985626911,2985626905,-6,755,2118
2992140207,2992140201,-6,953,2420
2992326561,2992326557,-4,1385,2358
3000054458,3000054451,-7,1160,3911
3000135027,3000135017,-10,406,1243
3005281036,3005281030,-6,1473,4168
3005418498,3005418493,-5,1228,4650
3005954138,3005954136,-2,1299,2296
3009211970,3009211966,-4,1453,3300
3016609053,3016609049,-4,848,1989
3017277769,3017277770,1,1873,1714
3018710379,3018710375,-4,1775,4092
3018778654,3018778649,-5,787,3035
3021385470,3021385464,-6,3158,9320
3030088778,3030088784,6,3116,1185
3030808973,3030808970,-3,971,2406
3031269361,3031269383,22,338,960
3031623858,3031623852,-6,588,3867
3032674265,3032674276,11,315,1093
3042670366,3042670369,3,1608,1055
3052439529,3052439525,-4,1164,3565
3056829553,3056829546,-7,1124,5571
3077963827,3077963826,-1,2501,4813
3083511607,3083511603,-4,723,1965
3084498659,3084498653,-6,833,3649
3087257486,3087257481,-5,882,2984
3089645182,3089645187,5,3704,1879
3089768110,3089768103,-7,832,3546
3092032787,3092032789,2,1584,1719
3092510857,3092510851,-6,1292,6402
3093267322,3093267317,-5,914,2807
3096185820,3096185826,6,705,855
3104041042,3104041045,3,5021,4673
3105946330,3105946326,-4,902,2028
3119555370,3119555366,-4,978,2683
3122967497,3122967493,-4,1362,4078
3123125879,3123125874,-5,740,2252
3124630089,3124630082,-7,1055,3639
3131199224,3131199230,6,3733,1432
3134230163,3134230156,-7,1130,4079
3135012106,3135012100,-6,1189,3816
3135387875,3135387856,-19,327,1099
3142788544,3142788531,-13,203,1047
3148646450,3148646450,0,1017,1494
3156353905,3156353901,-4,1311,1796
3161638250,3161638249,-1,2009,2662
3171039248,3171039241,-7,842,2472
3171195618,3171195615,-3,563,1469
3173305354,3173305349,-5,791,2887
3173353188,3173353188,0,246,1640
3175105090,3175105086,-4,1322,3334
3176097486,3176097481,-5,1042,3654
3177703091,3177703085,-6,1276,3405
3180464291,3180464286,-5,743,3374
3185704862,3185704858,-4,665,2807
3187023003,3187022998,-5,1048,2985
3187248070,3187248066,-4,866,2527
3190559635,3190559630,-5,1133,3695
3194696850,3194696847,-3,1190,2998
3201352280,3201352273,-7,985,3933
3211795993,3211795987,-6,1051,3324
3213560802,3213560797,-5,990,2868
3216708150,3216708150,0,1530,1809
3221359700,3221359694,-6,660,2097
3222071369,3222071386,17,1063,3216
3223768235,3223768231,-4,952,3146
3226413583,3226413579,-4,1052,3381
3227415784,3227415780,-4,1355,2469
3227467253,3227467248,-5,1331,3483
3232717758,3232717757,-1,988,2546
3239818325,3239818324,-1,1567,2829
3240005755,3240005750,-5,1455,4014
3240308943,3240308938,-5,982,2491
3252431103,3252431099,-4,947,3409
3255982592,3255982586,-6,1052,2529
3258183074,3258183069,-5,1011,3113
3258510616,3258510619,3,881,840
3259222461,3259222465,4,1128,1039
3263205118,3263205113,-5,1549,5687
3264214394,3264214389,-5,1142,2810
3264938209,3264938203,-6,1000,3170
3268474010,3268474015,5,1227,838
3271020595,3271020590,-5,1216,3786
3273685903,3273685899,-4,755,3159
3273911125,3273911119,-6,794,2700
3273943305,3273943302,-3,42,881
3276079205,3276079198,-7,1154,3385
3276122908,3276122884,-24,1201,1717
3281741653,3281741649,-4,976,3300
3281889562,3281889558,-4,1144,3833
3283289497,3283289506,9,1615,682
3287940924,3287940920,-4,1280,3210
3306256508,3306256509,1,18681,21180
3309218510,3309218506,-4,1393,2918
3310521273,3310521267,-6,1327,3502
3311673802,3311673798,-4,1124,3163
3313662447,3313662442,-5,1024,3842
3315723684,3315723695,11,246,1036
3321486078,3321486075,-3,993,1936
3322228752,3322228733,-19,419,845
3323849830,3323849827,-3,926,3397
3336845803,3336845798,-5,810,2813
3337225360,3337225383,23,1273,2832
3339562234,3339562230,-4,782,3071
3340388631,3340388625,-6,1176,3583
3340717027,3340717022,-5,904,2449
3343213748,3343213739,-9,1358,197
3345373555,3345373575,20,542,1359
3346195838,3346195834,-4,1171,3096
3346446685,3346446681,-4,1053,2735
3347161907,3347161927,20,1126,1893
3347310462,3347310461,-1,466,1462
3354845474,3354845470,-4,1413,4339
3356472321,3356472316,-5,1133,3384
3361672797,3361672792,-5,893,2765
3363403502,3363403498,-4,1199,2261
3368800946,3368800941,-5,1204,3011
3371152957,3371152954,-3,1109,2890
3374941942,3374941938,-4,666,2022
3375879472,3375879466,-6,861,3073
3376566379,3376566373,-6,799,4165
3380453070,3380453061,-9,1532,4220
3384707316,3384707311,-5,843,2952
3386138470,3386138465,-5,924,2840
3388881931,3388881926,-5,1070,3408
3389901271,3389901274,3,1823,1906
3391884183,3391884179,-4,1028,2977
3398089306,3398089304,-2,1022,1532
3404667214,3404667207,-7,1304,3017
3406502219,3406502215,-4,659,2470
3408058335,3408058333,-2,1441,2294
3411754066,3411754060,-6,980,3474
3412472933,3412472930,-3,677,1225
3413284658,3413284679,21,169,1008
3416508982,3416508977,-5,906,2521
3418059178,3418059174,-4,2102,5180
3418860063,3418860058,-5,1210,3774
3424737445,3424737449,4,2804,987
3427406061,3427406057,-4,1282,2629
3436169142,3436169146,4,1351,949
3436883211,3436883207,-4,888,2632
3444176939,3444176935,-4,1100,2674
3446434806,3446434801,-5,1324,3208
3448010943,3448010939,-4,1252,3394
3450124243,3450124238,-5,1011,3003
3451539898,3451539894,-4,1124,3245
3459199749,3459199750,1,2431,1324
3459621385,3459621382,-3,927,3272
3459906964,3459906977,13,746,2425
3460783486,3460783481,-5,914,2581
3462505967,3462505963,-4,944,2393
3462630979,3462630974,-5,677,2795
3467062531,3467062527,-4,1239,2650
3467512648,3467512642,-6,880,2443
3473066117,3473066118,1,1499,1949
3474530876,3474530870,-6,695,2288
3477108875,3477108863,-12,2011,633
3477827599,3477827596,-3,1132,2681
3481958699,3481958694,-5,831,2449
3489684771,3489684763,-8,688,977
3489993603,3489993597,-6,989,3189
3492670418,3492670410,-8,717,2358
3496851809,3496851804,-5,1169,3356
3500238926,3500238922,-4,592,1964
3508034831,3508034825,-6,1277,2774
3509312656,3509312652,-4,1338,3576
3509940890,3509940886,-4,911,1618
3510937490,3510937485,-5,1669,3251
3511838539,3511838534,-5,741,2143
3513359147,3513359145,-2,1380,3400
3514287744,3514287743,-1,2175,4398
3517329508,3517329510,2,1720,1049
3517497550,3517497551,1,1779,2273
3521430966,3521430963,-3,887,3568
3524504901,3524504896,-5,1133,4603
3525183739,3525183736,-3,1020,3204
3533085739,3533085734,-5,1164,1933
3539613068,3539613067,-1,1418,936
3539725286,3539725282,-4,717,2550
3549633975,3549633970,-5,1124,2834
3553776206,3553776201,-5,996,2556
3556201589,3556201585,-4,1291,2842
3557408864,3557408858,-6,966,2711
3562379367,3562379361,-6,1153,3488
3562635198,3562635195,-3,1243,2795
3569251300,3569251296,-4,1124,2084
3576725703,3576725696,-7,582,2582
3579631396,3579631393,-3,874,1730
3582632628,3582632626,-2,623,1511
3585881196,3585881193,-3,1042,2288
3593816727,3593816733,6,123,1129
3596174555,3596174550,-5,990,2478
3597858703,3597858697,-6,752,3067
3606062441,3606062434,-7,842,3844
3606119068,3606119074,6,3320,1600
3607703971,3607703967,-4,852,2800
3611956149,3611956155,6,1428,874
3615271971,3615271967,-4,1196,4476
3619682705,3619682699,-6,810,2029
3623624191,3623624186,-5,837,2711
3630902670,3630902664,-6,1257,4957
3631068526,3631068522,-4,808,1193
3640544785,3640544782,-3,1345,3989
3643307203,3643307198,-5,1225,4059
3650263046,3650263041,-5,861,2666
3651184925,3651184920,-5,1091,2682
3651975409,3651975429,20,295,1483
3659849191,3659849184,-7,1131,2792
3660943505,3660943501,-4,1182,3215
3662286667,3662286662,-5,872,2679
3662440963,3662440967,4,493,1129
3668888095,3668888087,-8,633,2857
3670651760,3670651754,-6,1155,2589
3679728978,3679728973,-5,1343,2004
3680153429,3680153424,-5,1020,2599
3686034854,3686034849,-5,2163,7563
3686830187,3686830185,-2,1056,3048
3693244580,3693244575,-5,1063,2581
3694659162,3694659157,-5,1662,4282
3700083895,3700083888,-7,909,6247
3701672886,3701672882,-4,645,2629
3702306824,3702306821,-3,1386,2141
3703823166,3703823161,-5,1051,2833
3703902929,3703902924,-5,1680,4298
3705177762,3705177757,-5,942,3228
3705450330,3705450308,-22,824,1610
3716894255,3716894250,-5,986,2645
3720446254,3720446258,4,5065,2677
3724524538,3724524538,0,1414,2773
3729700164,3729700158,-6,846,2282
3729825034,3729825023,-11,129,1061
3730821184,3730821180,-4,1161,3267
3739538758,3739538760,2,2513,2488
3741699694,3741699689,-5,960,2183
3744962227,3744962234,7,2790,772
3754580103,3754580097,-6,553,2944
3764559321,3764559317,-4,621,1779
3765392842,3765392832,-10,70,835
3769509070,3769509065,-5,1028,2757
3770284051,3770284046,-5,217,1269
3771433828,3771433823,-5,1329,3635
3772725420,3772725412,-8,1172,2884
3775268070,3775268075,5,2578,1827
3777507866,3777507861,-5,941,2749
3778697426,3778697422,-4,978,2698
3779703963,3779703951,-12,952,2979
3783207753,3783207750,-3,1039,2977
3783305224,3783305219,-5,1356,2598
3785525090,3785525086,-4,1108,3225
3788997702,3788997698,-4,703,2550
3792235433,3792235429,-4,888,1761
3794345406,3794345409,3,1739,1617
3798080642,3798080637,-5,567,1893
3799691045,3799691042,-3,1281,1719
3802375327,3802375322,-5,1052,2965
3803113345,3803113366,21,517,907
3809824186,3809824181,-5,567,2699
3810362242,3810362258,16,630,3086
3813256684,3813256680,-4,1010,3023
3815441162,3815441156,-6,1811,5745
3820315251,3820315244,-7,966,1675
3821619903,3821619899,-4,1308,3189
3821735179,3821735174,-5,1067,3587
3825167959,3825167954,-5,951,3206
3825397453,3825397457,4,1681,1648
3827981632,3827981626,-6,858,2206
3832608807,3832608802,-5,1059,2854
3834051640,3834051637,-3,29941,12088
3843702731,3843702729,-2,1332,2359
3847858296,3847858291,-5,1340,3020
3851351478,3851351484,6,2047,1279
3865796182,3865796174,-8,911,2394
3867314721,3867314715,-6,1216,2218
3870934047,3870934042,-5,765,2272
3873575646,3873575640,-6,1138,3417
3873929817,3873929818,1,1604,1955
3881738117,3881738113,-4,976,1865
3882583410,3882583406,-4,965,3415
3884041371,3884041367,-4,518,2632
3887524986,3887524990,4,2400,1523
3888299307,3888299302,-5,706,3664
3888819402,3888819397,-5,1454,4596
3891243185,3891243179,-6,908,4568
3892054758,3892054753,-5,1025,3928
3892785174,3892785169,-5,1504,3833
3897956054,3897956054,0,1294,1407
3900252594,3900252590,-4,1040,2721
3900305704,3900305727,23,484,1296
3903868753,3903868751,-2,1657,2823
3907889962,3907889955,-7,1201,4750
3909649897,3909649893,-4,1407,3023
3911396374,3911396369,-5,652,1931
3918786286,3918786281,-5,1052,3028
3919399302,3919399297,-5,935,3056
3923542226,3923542222,-4,677,1936
3926711688,3926711683,-5,1325,3742
3926773885,3926773882,-3,1091,3289
3935860886,3935860882,-4,941,2602
3948067459,3948067454,-5,1696,6787
3958303144,3958303138,-6,931,3168
3959395889,3959395885,-4,1287,3467
3962468758,3962468765,7,6433,2061
3970154929,3970154925,-4,1291,3484
3970268475,3970268495,20,165,989
3971197330,3971197326,-4,1192,2757
3971901010,3971901006,-4,1209,3753
3974497561,3974497556,-5,956,3434
3981894421,3981894417,-4,623,1391
3982251184,3982251178,-6,806,3120
3982345384,3982345404,20,1143,3826
3983705628,3983705622,-6,1034,2841
3994826698,3994826694,-4,990,3029
3995322084,3995322081,-3,1204,3173
3995428975,3995428969,-6,835,2574
3996155011,3996155007,-4,765,2877
3997860368,3997860366,-2,1298,1778
4000632481,4000632474,-7,1111,3556
4010091362,4010091359,-3,425,1387
4010914650,4010914643,-7,1743,7687
4011570161,4011570155,-6,1007,2350
4013528069,4013528066,-3,1093,2499
4013566874,4013566895,21,306,923
4017505790,4017505785,-5,847,3132
4022019360,4022019378,18,295,1112
4025352230,4025352227,-3,1646,1815
4034895915,4034895910,-5,1181,2965
4035335719,4035335714,-5,936,3211
4040503807,4040503804,-3,1560,4387
4042129302,4042129297,-5,914,2219
4042695193,4042695178,-15,492,1473
4043924979,4043924998,19,1002,3528
4045857278,4045857274,-4,1234,3621
4046786819,4046786815,-4,73,834
4054977515,4054977510,-5,1204,3209
4068851714,4068851709,-5,1242,3663
4071024762,4071024758,-4,1556,2784
4071336037,4071336042,5,2784,1439
4077796174,4077796160,-14,3034,1641
4080181830,4080181825,-5,711,1688
4090412821,4090412823,2,1542,1678
4091289946,4091289924,-22,2945,1180
4096534458,4096534454,-4,1242,4391
4107646281,4107646274,-7,1262,6553
4108736532,4108736550,18,182,1008
4109494215,4109494209,-6,1523,3771
4111840195,4111840192,-3,1264,2039
4119775576,4119775572,-4,1128,3151
4120812410,4120812406,-4,789,2213
4126950527,4126950521,-6,1211,4298
4131573891,4131573886,-5,927,1355
4146757574,4146757569,-5,1028,4275
4149067198,4149067192,-6,2728,9969
4150568698,4150568693,-5,849,3595
4151403249,4151403235,-14,50,990
4151750651,4151750670,19,203,761
4152825194,4152825190,-4,1093,3288
4155690293,4155690289,-4,1035,2362
4156349222,4156349218,-4,1009,2769
4157611788,4157611781,-7,2597,8069
4163429168,4163429182,14,202,1568
4165111937,4165111930,-7,1387,3181
4165467736,4165467743,7,2216,1227
4170101862,4170101864,2,1053,1441
4173534418,4173534413,-5,1247,3248
4173593066,4173593061,-5,1140,3291
4178159162,4178159158,-4,848,3390
4184277539,4184277535,-4,1846,4209
4184773042,4184773045,3,2258,2355
4185249482,4185249478,-4,1211,3277
4189584038,4189584041,3,1136,1096
4192588639,4192588634,-5,1118,4141
4193613904,4193613898,-6,1046,2070
4195578489,4195578484,-5,1258,4982
4207313570,4207313574,4,2408,1151
4209947042,4209947037,-5,1461,4320
4218922799,4218922795,-4,1367,2967
4220553882,4220553876,-6,879,3120
4220645170,4220645165,-5,1075,3362
4221301986,4221301990,4,2774,1195
4224295449,4224295443,-6,1280,4185
4224394995,4224394991,-4,1194,2765
4232925199,4232925194,-5,1158,3456
4236911167,4236911162,-5,711,2129
4240471927,4240471922,-5,1011,3389
4242839562,4242839557,-5,1373,3148
4244043523,4244043517,-6,1139,2053
4248785635,4248785629,-6,921,2879
4261267742,4261267738,-4,875,2186
4277305003,4277305001,-2,748,2329
4279079722,4279079725,3,3732,2639
4284276829,4284276822,-7,933,3051
4286368683,4286368677,-6,820,2431
4290770440,4290770462,22,113,1146
4297099779,4297099774,-5,1256,4280
4315152212,4315152206,-6,650,2075
4315789339,4315789319,-20,22182,28351
4321254253,4321254247,-6,972,3705
4326483967,4326483962,-5,1157,2580
4328277614,4328277607,-7,889,3820
4330254075,4330254071,-4,617,1866
4337677086,4337677082,-4,924,3352
4338122691,4338122695,4,158,844
4343607758,4343607752,-6,1464,4615
4343861291,4343861285,-6,1060,2902
4347710190,4347710186,-4,1065,3222
4348713385,4348713381,-4,1060,3795
4351333795,4351333790,-5,1105,4201
4351905998,4351905994,-4,1109,3114
4354015481,4354015477,-4,1393,4241
4354418435,4354418429,-6,526,1166
4357567519,4357567513,-6,913,2612
4367236349,4367236342,-7,1694,3599
4368439059,4368439069,10,128,811
4371850010,4371850017,7,3014,1234
4372019278,4372019298,20,788,226
4373311303,4373311298,-5,762,2709
4373339067,4373339081,14,246,960
4374939030,4374939026,-4,907,2096
4376302827,4376302823,-4,1141,2455
4378141423,4378141418,-5,1005,3219
4381972297,4381972294,-3,736,2803
4383137475,4383137470,-5,1227,2484
4385722876,4385722870,-6,768,4600
4386452493,4386452493,0,18742,14275
4390649746,4390649739,-7,1064,3068
4394028158,4394028155,-3,2882,4118
4395156436,4395156443,7,3348,1641
4399600787,4399600782,-5,955,2377
4401301754,4401301747,-7,943,2385
4404823461,4404823454,-7,1328,5636
4405739177,4405739171,-6,1281,4331
4407346815,4407346812,-3,1285,3121
4407588880,4407588875,-5,1073,3703
4416635641,4416635640,-1,1460,2424
4417276562,4417276567,5,2677,1730
4417329747,4417329742,-5,762,2553
4418156041,4418156058,17,960,2373
4423182375,4423182378,3,2234,1794
4431196968,4431196964,-4,772,2599
4432196306,4432196291,-15,247,1074
4432532232,4432532254,22,808,3123
4441274974,4441274969,-5,1237,3282
4443364754,4443364751,-3,1103,3335
4455531926,4455531921,-5,1209,2393
4457998859,4457998857,-2,1304,3186
4465826346,4465826367,21,1080,2954
4468310163,4468310158,-5,1434,2570
4471127481,4471127482,1,1803,1726
4471217159,4471217162,3,1989,1286
4474616962,4474616958,-4,1335,3920
4474829820,4474829835,15,886,2047
4483687009,4483687004,-5,836,1681
4484345785,4484345804,19,504,2421
4486794643,4486794641,-2,1335,2104
4487308676,4487308677,1,1318,1511
4487804776,4487804773,-3,170,866
4487957154,4487957167,13,221,769
4489954780,4489954775,-5,1394,3968
4491246653,4491246648,-5,1431,4243
4497432934,4497432929,-5,897,3299
4498972362,4498972358,-4,1768,2681
4504442474,4504442468,-6,1028,3166
4506244994,4506244990,-4,1261,1907
4512582231,4512582226,-5,1069,2957
4512983455,4512983451,-4,474,1520
4532109581,4532109575,-6,1209,2820
4532392898,4532392909,11,270,1275
4532992985,4532992981,-4,789,2988
4542740479,4542740473,-6,1100,3243
4547655373,4547655370,-3,1156,2701
4549049267,4549049262,-5,977,2739
4549076202,4549076200,-2,1832,3579
4552111641,4552111637,-4,1373,2941
4554476715,4554476710,-5,1038,5600
4556457277,4556457270,-7,792,2839
4567324827,4567324822,-5,756,2661
4568148785,4568148787,2,1094,749
4568397070,4568397062,-8,1540,5072
4569083255,4569083254,-1,999,2380
4569415403,4569415400,-3,1210,3349
4569500510,4569500506,-4,968,2457
4575834433,4575834427,-6,1008,4031
4577943508,4577943517,9,28,912
4579811103,4579811099,-4,1051,1746
4580657670,4580657666,-4,1279,2261
4581485798,4581485792,-6,1316,2754
4583410799,4583410794,-5,798,2832
4590163930,4590163925,-5,837,2888
4592585111,4592585107,-4,1133,4643
4595721401,4595721397,-4,911,2470
4601416274,4601416290,16,945,3071
4605315229,4605315249,20,692,2656
4610019075,4610019074,-1,850,1908
4610063743,4610063738,-5,1004,3065
4611373965,4611373960,-5,1040,3705
4614952833,4614952826,-7,991,3041
4615261016,4615261027,11,251,1294
4618318350,4618318347,-3,871,3396
4619691603,4619691618,15,1129,3320
4622427207,4622427204,-3,1148,2983
4626130004,4626130005,1,1759,1639
4626763707,4626763702,-5,944,2802
4629999129,4629999123,-6,983,4325
4631986611,4631986606,-5,694,2880
4633289179,4633289176,-3,874,2738
4639550130,4639550124,-6,960,3263
4639912362,4639912362,0,116,1022
4645878778,4645878775,-3,1647,3247
4646865366,4646865361,-5,859,2663
4651312811,4651312806,-5,994,3368
4652410045,4652410042,-3,1191,1980
4652488547,4652488552,5,309,1217
4665098697,4665098694,-3,1278,2185
4665466654,4665466648,-6,790,3223
4674490073,4674490069,-4,879,2027
4675973138,4675973138,0,1699,2228
4677771927,4677771921,-6,974,3176
4679328921,4679328940,19,947,2934
4685453412,4685453398,-14,1097,2016
4685687069,4685687065,-4,1059,2007
4691510257,4691510251,-6,585,1694
4692918445,4692918442,-3,2000,4572
4693163059,4693163054,-5,1094,2615
4693891955,4693891950,-5,927,3938
4698075685,4698075681,-4,898,2516
4702704325,4702704321,-4,773,2699
4713175798,4713175792,-6,1095,3484
4713602012,4713602026,14,680,2291
4713688392,4713688415,23,626,2613
4721951881,4721951895,14,14836,4293
4729143034,4729143037,3,4536,3047
4745514021,4745514015,-6,1063,3535
4747190754,4747190751,-3,669,1405
4747882607,4747882600,-7,345,922
4762062225,4762062218,-7,1393,4218
4791788283,4791788271,-12,897,3233
4798001405,4798001401,-4,1123,2749
4798257985,4798258005,20,412,1289
4799613078,4799613074,-4,1209,3817
4804744137,4804744133,-4,1343,2082
4808065593,4808065589,-4,619,2168
4809728884,4809728878,-6,511,3205
4814224373,4814224369,-4,1389,3436
4816437123,4816437117,-6,987,3158
4821646363,4821646361,-2,1260,2432
4822097509,4822097501,-8,957,3610
4834841454,4834841458,4,1836,1382
4840542839,4840542834,-5,1518,3306
4842540314,4842540309,-5,708,3321
4844722059,4844722054,-5,702,2542
4849058982,4849058977,-5,844,2152
4855449171,4855449165,-6,994,3290
4860531014,4860531019,5,3117,1763
4864554098,4864554092,-6,1029,3443
4871280666,4871280663,-3,1155,2461
4871581067,4871581060,-7,716,2336
4876269262,4876269258,-4,1297,4291
4878094449,4878094444,-5,1301,4227
4879570778,4879570773,-5,821,3341
4880266082,4880266098,16,547,1730
4882719863,4882719862,-1,1615,2071
4887392140,4887392135,-5,1363,3065
4888712273,4888712267,-6,1057,3660
4889219946,4889219965,19,548,2358
4889905354,4889905350,-4,1112,3119
4900677746,4900677753,7,10552,35164
4903025434,4903025427,-7,1276,3842
4904827929,4904827923,-6,1599,3642
4904906003,4904906013,10,290,1067
4911107525,4911107521,-4,1108,3383
4911665352,4911665359,7,274,1013
4914629983,4914629979,-4,1069,3494
4919882847,4919882841,-6,1357,3510
4927526399,4927526396,-3,268,1063
4927734755,4927734750,-5,826,1716
4929646878,4929646880,2,1385,1673
4929836355,4929836350,-5,1035,3708
4930088328,4930088344,16,571,2101
4931576492,4931576486,-6,1166,2293
4938815954,4938815946,-8,1427,2975
4940063258,4940063255,-3,1257,2196
4943800507,4943800507,0,2953,3694
4949649807,4949649801,-6,974,4490
4949810038,4949810033,-5,832,3188
4949889067,4949889064,-3,1013,2162
4955988098,4955988094,-4,893,2346
4958142117,4958142113,-4,1075,3406
4960368866,4960368861,-5,1055,3016
4964645366,4964645361,-5,1113,3052
4964803018,4964803013,-5,634,1970
4970274558,4970274553,-5,884,3421
4985097150,4985097146,-4,1163,2100
4990627462,4990627459,-3,1445,3564
4999379411,4999379415,4,2336,1495
5000589040,5000589037,-3,766,2541
5000751039,5000751032,-7,836,2575
5001618561,5001618561,0,106,579
5002312697,5002312694,-3,1431,2745
5003095473,5003095469,-4,1559,3377
5011375158,5011375154,-4,1248,3473
5017067001,5017066997,-4,1130,3304
5019886878,5019886875,-3,865,2442
5026261078,5026261074,-4,1024,3027
5027787122,5027787116,-6,1019,2332
5032001821,5032001817,-4,5376,15122
5032307187,5032307183,-4,1061,2108
5035851495,5035851511,16,647,1516
5038844082,5038844080,-2,1148,1918
5039693967,5039693962,-5,734,2430
5039835104,5039835123,19,696,2700
5041605967,5041605964,-3,1363,2424
5043919633,5043919637,4,2099,1544
5051125326,5051125321,-5,760,2133
5054745257,5054745253,-4,831,2130
5055234498,5055234495,-3,142,1119
5055943763,5055943761,-2,1458,3121
5062349722,5062349718,-4,1069,2553
5065278450,5065278447,-3,1456,3391
5068528915,5068528911,-4,1014,4359
5071553398,5071553393,-5,1503,3173
5072881194,5072881190,-4,1056,2419
5075442987,5075442981,-6,688,2935
5084255985,5084255980,-5,1059,2116
5086030475,5086030471,-4,1103,3875
5086703026,5086703047,21,1022,3210
5090222591,5090222586,-5,613,2274
5091609518,5091609515,-3,1434,2569
5092314608,5092314601,-7,1157,2688
5095371667,5095371660,-7,813,3270
5099649618,5099649614,-4,1093,2380
5101870584,5101870577,-7,915,2430
5102449442,5102449437,-5,1157,2886
5103475899,5103475906,7,3156,1692
5105141939,5105141937,-2,1258,2100
5105775667,5105775662,-5,938,2717
5109591527,5109591522,-5,705,3374
5117310746,5117310742,-4,1039,3703
5118901765,5118901760,-5,1105,4085
5127012317,5127012313,-4,922,2500
5127548643,5127548656,13,163,895
5130316663,5130316659,-4,1198,2153
5134401878,5134401873,-5,789,1942
5135368466,5135368466,0,2244,2908
5136555801,5136555796,-5,1700,3257
5136977080,5136977079,-1,4488,6100
5137614281,5137614277,-4,1001,4283
5138920639,5138920635,-4,843,2911
5139114768,5139114791,23,831,1860
5140031949,5140031945,-4,1015,3039
5144333490,5144333486,-4,715,2646
5144732498,5144732493,-5,1351,3308
5158129275,5158129274,-1,681,1362
5158642598,5158642594,-4,1137,2974
5159191139,5159191134,-5,981,2896
5159958800,5159958798,-2,26314,15260
5167407154,5167407157,3,1952,810
5168259158,5168259154,-4,1048,2036
5171112970,5171112964,-6,892,2245
5171441627,5171441622,-5,1414,4187
5181961809,5181961806,-3,859,1925
5192113774,5192113770,-4,1182,2314
5193119481,5193119477,-4,925,2243
5209110126,5209110127,1,1606,2331
5212239967,5212239962,-5,1138,3714
5212319716,5212319730,14,761,3245
5212356046,5212356042,-4,1467,4010
5213140472,5213140465,-7,1163,3140
5213561369,5213561365,-4,5339,11913
5229813126,5229813120,-6,1205,4207
5233526527,5233526522,-5,914,3294
5233619810,5233619802,-8,1270,3234
5236322297,5236322293,-4,1369,4932
5244646558,5244646563,5,2117,1824
5245944318,5245944313,-5,463,1702
5247564921,5247564917,-4,860,2675
5248330626,5248330621,-5,940,2569
5248838559,5248838553,-6,875,2504
5254434912,5254434912,0,22879,23127
5256994186,5256994182,-4,1001,3629
5257545129,5257545122,-7,1853,4186
5258970261,5258970255,-6,742,2602
5265463785,5265463783,-2,1176,2301
5266092507,5266092502,-5,649,2193
5268049844,5268049839,-5,1202,4127
5268801463,5268801458,-5,731,2168
5271524179,5271524176,-3,18525,21696
5273362258,5273362254,-4,765,2131
5275509131,5275509126,-5,928,2248
5277550142,5277550138,-4,835,3173
5284126117,5284126112,-5,1255,3509
5289855963,5289855957,-6,1182,4050
5302735446,5302735442,-4,1264,2794
5303111928,5303111951,23,155,1047
5303550678,5303550673,-5,1036,3044
5304105961,5304105980,19,288,1642
5307296297,5307296292,-5,701,3461
5309173526,5309173522,-4,1288,3595
5311148693,5311148693,0,2078,2312
5315444427,5315444421,-6,2395,6561
5319640771,5319640767,-4,579,1948
5320422571,5320422579,8,183,1462
5322581871,5322581874,3,3264,2476
5327001841,5327001837,-4,961,2744
5327310389,5327310385,-4,1339,3465
5329002839,5329002834,-5,958,2761
5329094024,5329094019,-5,774,2766
5338890707,5338890702,-5,1231,3351
5340491906,5340491898,-8,382,1200
5340718252,5340718264,12,616,2094
5344169500,5344169503,3,2379,2092
5345019201,5345019200,-1,2053,2660
5348965534,5348965530,-4,912,2883
5351890269,5351890265,-4,901,2797
5365996654,5365996649,-5,1181,2295
5367849830,5367849827,-3,881,2928
5374112526,5374112520,-6,799,2423
5384059970,5384059965,-5,1046,3277
5385157082,5385157097,15,471,1944
5392010316,5392010311,-5,1097,3140
5392065890,5392065891,1,958,1246
5392335633,5392335627,-6,1779,4476
5401747587,5401747575,-12,2571,45596
5402397179,5402397182,3,1888,1798
5403577879,5403577874,-5,1371,2936
5414182039,5414182034,-5,733,2209
5414674357,5414674351,-6,1298,2312
5414948458,5414948468,10,112,1270
5421026322,5421026318,-4,842,3315
5421463529,5421463549,20,517,2334
5421993374,5421993370,-4,1220,2665
5424509157,5424509151,-6,1605,4808
5432914339,5432914333,-6,1342,2841
5435655010,5435655006,-4,1170,3213
5438055826,5438055820,-6,1437,4123
5443868358,5443868351,-7,1439,5390
5447307404,5447307398,-6,1160,2515
5447804594,5447804591,-3,1061,2675
5448802678,5448802673,-5,1044,2849
5467141000,5467140994,-6,1180,2402
5469734984,5469734979,-5,828,3090
5484795695,5484795694,-1,830,2038
5486234842,5486234838,-4,1204,3364
5490112769,5490112768,-1,2511,3700
5492268320,5492268315,-5,908,2253
5493994846,5493994841,-5,500,2478
5496483123,5496483119,-4,893,3231
5500735121,5500735121,0,1042,2175
5504061019,5504061013,-6,1279,4168
5504696295,5504696289,-6,1231,3904
5511469014,5511469008,-6,1244,2777
5512206602,5512206607,5,40,1285
5513647142,5513647135,-7,1407,4446
5515583715,5515583714,-1,802,1606
5516054931,5516054914,-17,137,1559
5517141705,5517141706,1,3869,3396
5523717491,5523717483,-8,568,3178
5523840348,5523840347,-1,190,844
5524927883,5524927878,-5,1143,3935
5525388542,5525388536,-6,787,2844
5532742134,5532742130,-4,597,2437
5534528698,5534528693,-5,852,2464
5535115378,5535115398,20,99,827
5536540625,5536540620,-5,1023,2902
5536853753,5536853750,-3,447,633
5543478131,5543478129,-2,874,1742
5550155372,5550155366,-6,1074,2354
5550228691,5550228702,11,189,1101
5552662344,5552662364,20,1274,2327
5553461537,5553461556,19,811,2679
5554663950,5554663958,8,2126,1223
5556217625,5556217621,-4,1540,3711
5556832522,5556832515,-7,980,4002
5560165110,5560165107,-3,1137,2408
5561246738,5561246734,-4,1629,2582
5564380167,5564380162,-5,1221,3246
5569782065,5569782071,6,3581,1518
5584954862,5584954862,0,1153,2615
5591091915,5591091910,-5,1316,2759
5593373548,5593373544,-4,828,2277
5594088362,5594088383,21,347,780
5601428415,5601428411,-4,866,2692
5604710759,5604710754,-5,774,2940
5615128435,5615128429,-6,1629,4732
5628097700,5628097703,3,1355,1378
5634246086,5634246084,-2,546,2112
5634336308,5634336303,-5,1185,3043
5635960643,5635960637,-6,1020,2633
5642916002,5642915998,-4,995,3563
5643411350,5643411345,-5,1109,3645
5644809926,5644809921,-5,1246,3494
5649856741,5649856739,-2,1564,1667
5654276765,5654276761,-4,822,3590
5657602171,5657602169,-2,870,2304
5658707834,5658707827,-7,882,2333
5659196546,5659196538,-8,232,1160
5668056738,5668056733,-5,1044,3716
5669387843,5669387838,-5,1043,2538
5678922756,5678922751,-5,1334,3124
5686350749,5686350742,-7,1292,2916
5686597730,5686597751,21,1121,2775
5687868223,5687868219,-4,890,4536
5694010997,5694010993,-4,1028,2620
5696321531,5696321527,-4,760,2583
5708112343,5708112338,-5,918,2587
5712123167,5712123174,7,12871,19514
5715720417,5715720414,-3,989,2040
5723376587,5723376582,-5,741,2378
5723935572,5723935590,18,1073,2878
5730111627,5730111621,-6,1003,2593
5732433408,5732433403,-5,1190,3389
5734819469,5734819465,-4,1300,3364
5735121504,5735121498,-6,205,972
5735562000,5735562001,1,172,1449
5736294890,5736294909,19,818,2580
5739079498,5739079492,-6,1295,2637
5739487810,5739487825,15,341,1471
5740669068,5740669063,-5,1194,3487
5748660432,5748660426,-6,960,2919
5750068403,5750068398,-5,1133,2991
5751559974,5751559970,-4,1030,2830
5757391028,5757391022,-6,1041,2627
5760073658,5760073661,3,1432,1339
5763568336,5763568330,-6,1377,3500
5775738631,5775738626,-5,1211,2735
5778532357,5778532352,-5,1278,4368
5779469233,5779469229,-4,892,2277
5786926606,5786926601,-5,527,1684
5788163267,5788163262,-5,1061,3403
5790193714,5790193719,5,1883,1395
5792242705,5792242711,6,12077,19923
5796186946,5796186940,-6,1032,2412
5799318767,5799318762,-5,1309,3545
5799621283,5799621282,-1,1196,2061
5803166302,5803166298,-4,826,2683
5803631060,5803631074,14,363,522
5806417667,5806417666,-1,1078,2089
5812834811,5812834812,1,14035,52112
5821905382,5821905377,-5,1333,3316
5822933307,5822933302,-5,1283,3500
5825388258,5825388262,4,3579,2655
5827821326,5827821321,-5,857,2797
5830025799,5830025794,-5,1257,3293
5830551661,5830551654,-7,711,2457
5831245136,5831245133,-3,287,1041
5833849394,5833849393,-1,880,1728
5836437446,5836437439,-7,786,2904
5842427305,5842427302,-3,7101,12079
5846292850,5846292845,-5,1153,3683
5851307886,5851307882,-4,1118,2989
5854567749,5854567747,-2,4464,6924
5857788273,5857788268,-5,2708,7430
5861912366,5861912362,-4,595,2106
5865154168,5865154164,-4,1078,2769
5871533531,5871533527,-4,1075,2751
5872717779,5872717774,-5,1283,3365
5875299521,5875299526,5,3613,1594
5875830043,5875830037,-6,1602,2923
5878990129,5878990122,-7,1109,3287
5879837496,5879837515,19,987,2813
5882374639,5882374635,-4,1009,2306
5893244474,5893244471,-3,831,2452
5893459875,5893459890,15,406,1851
5898755536,5898755530,-6,943,2645
5899437128,5899437115,-13,1326,1836
5912564072,5912564065,-7,842,2979
5914383711,5914383705,-6,516,2314
5914987901,5914987894,-7,970,3185
5915577387,5915577383,-4,1120,3606
5916691012,5916691017,5,374,1320
5922756083,5922756078,-5,1381,4480
5930844375,5930844371,-4,1122,3006
5933151937,5933151934,-3,895,2286
5933490744,5933490757,13,103,1164
5933772849,5933772840,-9,743,1096
5940770053,5940770053,0,1105,1889
5942387159,5942387154,-5,886,2213
5942462002,5942461998,-4,436,1605
5948432433,5948432453,20,997,4008
5952466662,5952466657,-5,929,3014
5952656522,5952656542,20,1530,3834
5953167003,5953166998,-5,1017,3106
5955216670,5955216667,-3,1000,2341
5960192934,5960192940,6,1810,1143
5963199562,5963199557,-5,1022,3665
5964492490,5964492492,2,1510,1350
5972948786,5972948781,-5,771,2777
5983257538,5983257533,-5,1115,2693
5986908467,5986908462,-5,1056,2820
5994084765,5994084760,-5,716,1999
5997022662,5997022667,5,976,805
6005539338,6005539333,-5,1098,4216
6007648862,6007648860,-2,1243,2328
6008966715,6008966710,-5,905,3377
6013358364,6013358358,-6,958,2715
6015882243,6015882237,-6,28671,14129
6016715575,6016715578,3,1529,1187
6025747534,6025747527,-7,966,5729
6027676914,6027676910,-4,1039,3004
6032481291,6032481286,-5,558,1838
6033337844,6033337838,-6,4432,6797
6036097671,6036097666,-5,1256,3290
6037880948,6037880943,-5,617,1279
6050286692,6050286687,-5,1518,3881
6064411982,6064411978,-4,804,2344
6066103248,6066103239,-9,253,779
6069208099,6069208095,-4,993,2889
6071974966,6071974960,-6,1172,3709
6076237133,6076237127,-6,1832,3607
6078560245,6078560250,5,2491,874
6079113634,6079113629,-5,759,2774
6080060943,6080060938,-5,1094,3014
6084880834,6084880833,-1,681,2449
6085732569,6085732567,-2,177,809
6088861482,6088861478,-4,903,2722
6090783527,6090783523,-4,1216,3778
6095517356,6095517354,-2,21240,13353
6099713826,6099713822,-4,1280,2958
6106555219,6106555214,-5,755,3165
6110163962,6110163957,-5,938,4024
6111169062,6111169065,3,3788,3520
6114587434,6114587429,-5,936,4697
6118236855,6118236851,-4,803,2998
6119547923,6119547918,-5,1108,4303
6121673373,6121673366,-7,917,3250
6122003895,6122003890,-5,1301,3275
6124464664,6124464658,-6,1496,3292
6127747570,6127747563,-7,1415,6013
6129553986,6129553979,-7,809,4160
6134748330,6134748325,-5,1404,2637
6135316594,6135316590,-4,821,2360
6137463596,6137463600,4,8279,5460
6142042850,6142042847,-3,1321,2401
6142647482,6142647469,-13,66,745
6143071122,6143071118,-4,1437,4845
6144490689,6144490686,-3,743,2258
6154246582,6154246577,-5,1259,3326
6160575157,6160575152,-5,1008,4352
6164089486,6164089482,-4,987,2809
6166783290,6166783283,-7,841,3318
6171934846,6171934840,-6,903,2464
6173822560,6173822555,-5,1135,2664
6176301008,6176301025,17,1084,2117
6177752068,6177752064,-4,1011,2640
6180414139,6180414135,-4,1079,3456
6180746106,6180746100,-6,1005,2965
6181268195,6181268191,-4,1138,3908
6186225605,6186225599,-6,847,3857
6189860107,6189860102,-5,1249,2279
6191941515,6191941517,2,5925,22661
6194480394,6194480391,-3,1620,4538
6196400372,6196400382,10,1646,686
6197847381,6197847375,-6,988,2214
6214994181,6214994177,-4,927,3067
6215214205,6215214201,-4,1022,3652
6220117503,6220117499,-4,763,3622
6221519403,6221519397,-6,988,2779
6227065865,6227065866,1,1873,1463
6229236129,6229236126,-3,727,1770
6229536385,6229536378,-7,1286,2825
6231998390,6231998385,-5,717,2138
6232040841,6232040835,-6,360,1161
6234010897,6234010893,-4,1175,2606
6234356141,6234356135,-6,976,2461
6234949634,6234949654,20,440,1092
6241482822,6241482815,-7,633,4000
6242030857,6242030838,-19,176,517
6246414042,6246414039,-3,1025,2842
6251778261,6251778258,-3,1056,2466
6253758583,6253758582,-1,1434,1773
6255796851,6255796845,-6,697,2381
6256253213,6256253208,-5,933,2661
6256962462,6256962457,-5,873,2714
6260917482,6260917479,-3,925,2130
6261737137,6261737132,-5,1157,2675
6262805070,6262805066,-4,1394,2603
6270173363,6270173358,-5,549,2608
6273267613,6273267618,5,1273,885
6274753686,6274753695,9,430,865
6277455654,6277455646,-8,1022,3001
6282522911,6282522906,-5,221,773
6287738670,6287738665,-5,938,3465
6290668175,6290668171,-4,988,2749
6290835184,6290835170,-14,248,935
6293259498,6293259493,-5,1197,2651
6295685891,6295685886,-5,1219,3835
6298012243,6298012241,-2,1150,2281
6298233070,6298233063,-7,1607,3918
6304676085,6304676075,-10,396,1866
6305138296,6305138278,-18,1807,1250
6306828587,6306828582,-5,780,3378
6311236982,6311236977,-5,1261,3072
6311274681,6311274695,14,195,1077
6312314045,6312314041,-4,900,3071
6312556513,6312556531,18,264,838
6314751437,6314751452,15,5382,1187
6322418830,6322418824,-6,1062,2899
6324793646,6324793641,-5,733,2863
6326060662,6326060659,-3,915,2266
6327348299,6327348293,-6,851,3954
6328594451,6328594446,-5,1041,3258
6329529023,6329529022,-1,4139,12840
6337164120,6337164114,-6,762,2806
6341420702,6341420698,-4,663,2002
6341807506,6341807493,-13,281,1185
6342285466,6342285457,-9,334,1119
6344348183,6344348179,-4,688,2622
6349845201,6349845196,-5,898,4285
6351270523,6351270519,-4,1045,3592
6352950221,6352950227,6,2249,1153
6354976518,6354976532,14,279,2035
6355319035,6355319023,-12,182,962
6357446216,6357446212,-4,1021,2729
6363184417,6363184413,-4,1353,2047
6364491538,6364491532,-6,644,2387
6364784463,6364784458,-5,1135,2911
6365197326,6365197322,-4,570,1484
6365363523,6365363542,19,368,941
6367437154,6367437148,-6,1247,2688
6373518519,6373518514,-5,1311,2896
6373878330,6373878329,-1,1201,1712
6377695172,6377695167,-5,1466,2635
6379205414,6379205410,-4,1118,3277
6384264829,6384264835,6,2792,1195
6386451543,6386451538,-5,1124,3865
6386556937,6386556932,-5,1117,4760
6387702817,6387702818,1,3509,3376
6388086400,6388086393,-7,1214,4952
6388319657,6388319678,21,174,821
6391352602,6391352597,-5,1007,3495
6391882219,6391882226,7,3267,1232
6403370961,6403370963,2,1437,1551
6404064888,6404064873,-15,5102,2072
6407604962,6407604960,-2,822,2948
6411796073,6411796067,-6,1083,3013
6418336931,6418336926,-5,1007,3008
6419548339,6419548336,-3,1211,3877
6420604590,6420604587,-3,1028,2455
6421769078,6421769074,-4,644,3325
6422539573,6422539570,-3,1104,2743
6423147463,6423147457,-6,413,2031
6424969734,6424969730,-4,1047,3576
6429963466,6429963461,-5,1202,2527
6435561737,6435561737,0,1107,1178
6437798578,6437798573,-5,1425,3380
6439761659,6439761654,-5,1007,3597
6442529292,6442529293,1,3004,4103
6442869636,6442869631,-5,969,2993
6448674979,6448674976,-3,460,1629
6451553488,6451553483,-5,1024,3356
6452470765,6452470759,-6,1237,3682
6454062094,6454062094,0,2288,1758
6457192955,6457192951,-4,737,1785
6460912097,6460912093,-4,919,2546
6461857306,6461857300,-6,1173,6182
6474296066,6474296061,-5,1131,2220
6479371310,6479371305,-5,1168,3314
6479402866,6479402887,21,1446,2248
6480414939,6480414954,15,1297,3290
6483736195,6483736190,-5,590,2752
6484186145,6484186138,-7,1156,3650
6485944377,6485944370,-7,1110,2524
6488459624,6488459617,-7,1488,3549
6494215926,6494215919,-7,976,3893
6496415488,6496415481,-7,463,2933
6499633889,6499633885,-4,1026,3224
6500649362,6500649357,-5,1189,3009
6504539925,6504539917,-8,1001,3934
6507559670,6507559665,-5,1374,2333
6508449739,6508449734,-5,852,2463
6515002951,6515002946,-5,1522,2578
6526623806,6526623801,-5,1206,3399
6528166128,6528166121,-7,1299,2621
6534126479,6534126477,-2,948,2621
6539210143,6539210139,-4,1254,2440
6541862283,6541862278,-5,2262,4539
6543384729,6543384722,-7,794,3004
6545179555,6545179561,6,9629,34860
6546972461,6546972457,-4,1002,1682
6547153203,6547153186,-17,358,956
6552668070,6552668066,-4,775,2030
6553917819,6553917797,-22,73,784
6554510568,6554510555,-13,108,921
6572730054,6572730058,4,4389,3648
6577089981,6577089963,-18,849,168
6584658199,6584658194,-5,1283,2560
6584885143,6584885139,-4,1128,4311
6586102642,6586102638,-4,1792,3642
6587871480,6587871476,-4,1203,2597
6596886070,6596886066,-4,1122,2017
6599501418,6599501423,5,3762,1475
6600183198,6600183193,-5,1166,2587
6603087698,6603087696,-2,1161,2318
6603565787,6603565778,-9,1124,3430
6604183664,6604183650,-14,103,1175
6613370661,6613370657,-4,1067,2272
6616375415,6616375409,-6,1443,3152
6617688382,6617688381,-1,895,2359
6618326615,6618326610,-5,1072,3017
6619756706,6619756701,-5,984,3101
6626540407,6626540404,-3,679,3072
6627891853,6627891847,-6,1333,3276
6629086813,6629086819,6,3298,836
6632043286,6632043282,-4,1122,3373
6632574428,6632574445,17,800,2616
6635482461,6635482459,-2,1557,2274
6636699131,6636699133,2,10175,17114
6637014315,6637014313,-2,1174,2351
6637159384,6637159380,-4,1383,4125
6639484983,6639484977,-6,1169,3184
6643755071,6643755066,-5,1089,2909
6646182907,6646182902,-5,789,2165
6649988182,6649988183,1,926,1640
6657571106,6657571101,-5,1155,3092
6659485290,6659485285,-5,878,2736
6669924210,6669924206,-4,787,2453
6670997555,6670997547,-8,1382,8960
6675541775,6675541771,-4,1317,3813
6675664820,6675664836,16,1093,2927
6676181706,6676181700,-6,1245,3840
6677366206,6677366202,-4,1088,2402
6678329875,6678329873,-2,1197,2986
6680207022,6680207018,-4,1111,3394
6682216598,6682216593,-5,924,2271
6683600394,6683600390,-4,1061,2400
6687157440,6687157435,-5,1218,2960
6687362187,6687362179,-8,141,1010
6690322087,6690322082,-5,845,2736
6700253995,6700253989,-6,1193,2701
6703922889,6703922883,-6,1266,3270
6707686376,6707686373,-3,763,2221
6709826278,6709826274,-4,1039,3367
6713487923,6713487918,-5,1144,3573
6719940382,6719940374,-8,17334,42468
6723641197,6723641193,-4,778,2679
6729873142,6729873137,-5,1211,3325
6730810239,6730810247,8,9597,34726
6734120255,6734120250,-5,970,3349
6740967670,6740967666,-4,759,2140
6741481430,6741481419,-11,2001,12855
6746210559,6746210552,-7,1181,4591
6748617577,6748617578,1,2135,2081
6759531584,6759531587,3,2091,2550
6761207143,6761207146,3,2433,1359
6768856879,6768856886,7,2193,948
6772054984,6772054978,-6,934,2899
6772290547,6772290542,-5,288,2058
6780730434,6780730437,3,54928,45673
6786962458,6786962454,-4,1354,3463
6787312186,6787312182,-4,799,2653
6789426363,6789426358,-5,997,2859
6790197762,6790197755,-7,595,2589
6791803458,6791803454,-4,919,2374
6792020058,6792020059,1,25673,28205
6793668998,6793668993,-5,1195,4128
6805992671,6805992668,-3,756,1938
6817414237,6817414233,-4,1268,3010
6818104213,6818104209,-4,837,3439
6825500868,6825500863,-5,903,2240
6825790907,6825790919,12,248,1150
6829189753,6829189747,-6,1353,3405
6831023242,6831023237,-5,1104,3319
6838441503,6838441499,-4,1055,3558
6838695990,6838695988,-2,1672,2186
6839673659,6839673654,-5,1087,3614
6847404355,6847404349,-6,765,2873
6849166954,6849166950,-4,1406,3754
6849209794,6849209779,-15,617,1790
6850843022,6850843017,-5,1568,3271
6851461786,6851461779,-7,842,4442
6851679325,6851679321,-4,961,3992
6851837563,6851837558,-5,1149,3862
6852276466,6852276459,-7,1277,3024
6853639614,6853639609,-5,1275,3066
6853675449,6853675445,-4,1794,4191
6857527874,6857527868,-6,947,2385
6859324862,6859324865,3,1511,1253
6859748661,6859748664,3,1025,943
6861366090,6861366085,-5,847,2571
6865007151,6865007147,-4,1435,2726
6867565905,6867565890,-15,1100,4659
6870481007,6870481002,-5,1281,3555
6871290250,6871290268,18,1932,208
6878868801,6878868796,-5,1246,4183
6881245128,6881245130,2,3753,3519
6882175796,6882175790,-6,1006,2577
6887786858,6887786853,-5,736,2835
6892407135,6892407129,-6,820,3505
6898124997,6898124993,-4,615,1987
6899349963,6899349957,-6,789,2964
6901991730,6901991723,-7,1408,3292
6902176655,6902176652,-3,1328,4173
6904736480,6904736474,-6,840,4315
6908805054,6908805049,-5,1244,2783
6909110451,6909110446,-5,1146,3620
6909233839,6909233833,-6,886,3708
6912446619,6912446614,-5,809,2324
6913134820,6913134838,18,241,997
6918378679,6918378674,-5,835,2325
6919387631,6919387626,-5,790,2287
6919526714,6919526710,-4,762,3816
6919924320,6919924313,-7,1299,3233
6922896426,6922896421,-5,908,4447
6923077350,6923077345,-5,1133,3196
6930319121,6930319117,-4,1148,3071
6932346042,6932346037,-5,901,2976
6940468560,6940468563,3,1656,1496
6941208402,6941208399,-3,1210,3102
6941263195,6941263200,5,72,1331
6943778450,6943778463,13,12432,41883
6948947783,6948947795,12,13583,39672
6949734533,6949734528,-5,1172,3303
6951557594,6951557614,20,1116,3342
6951874547,6951874542,-5,1390,2876
6955568874,6955568869,-5,609,1897
6956560050,6956560069,19,355,1530
6964561473,6964561467,-6,1102,3483
6966572708,6966572701,-7,1206,3056
6973343415,6973343409,-6,1176,2912
6974061390,6974061385,-5,1629,4119
6977042670,6977042663,-7,1301,4582
6977426451,6977426431,-20,505,1890
6979326727,6979326727,0,1536,1900
6980187318,6980187310,-8,656,2723
6988530164,6988530162,-2,780,1861
6995233042,6995233037,-5,813,2834
6995745294,6995745296,2,10557,7622
6997588578,6997588572,-6,1289,3181
7004849417,7004849409,-8,1023,2790
7006973970,7006973967,-3,700,1724
7009693726,7009693721,-5,4043,12686
7011298559,7011298554,-5,814,2414
7012849473,7012849470,-3,5939,13089
7013287911,7013287905,-6,1175,3795
7014768287,7014768282,-5,987,2969
7015841259,7015841253,-6,907,3254
7016776977,7016776973,-4,1420,3265
7017323646,7017323641,-5,942,2769
7018104898,7018104894,-4,751,1992
7019233674,7019233670,-4,1207,3694
7021422106,7021422102,-4,1077,2462
7021471549,7021471541,-8,1161,3169
7021660256,7021660263,7,184,2430
7022249100,7022249114,14,393,1755
7022336662,7022336662,0,1188,1078
7023575755,7023575739,-16,70,865
7025342326,7025342321,-5,1154,3213
7029551230,7029551224,-6,775,2346
7030977073,7030977069,-4,1357,3289
7031773391,7031773386,-5,477,1714
7036275538,7036275542,4,1850,1330
7037931343,7037931338,-5,866,2984
7038049666,7038049662,-4,1629,3808
7040390751,7040390746,-5,1014,3443
7041001907,7041001925,18,321,1124
7043508618,7043508610,-8,916,2780
7046332491,7046332487,-4,663,2731
7046880566,7046880562,-4,882,3371
7048330627,7048330625,-2,627,2743
7055086931,7055086930,-1,1043,2621
7061772118,7061772114,-4,654,2174
7063662685,7063662682,-3,1017,2917
7066611452,7066611446,-6,1331,3537
7066933230,7066933226,-4,491,1982
7067318695,7067318689,-6,592,2317
7068556394,7068556411,17,1165,3932
7070471193,7070471187,-6,1130,3033
7070863484,7070863479,-5,1318,2871
7071350923,7071350918,-5,1021,3052
7072695438,7072695433,-5,1405,3301
7077470670,7077470664,-6,1115,3624
7078171720,7078171715,-5,1306,2922
7082255187,7082255181,-6,857,2906
7083070985,7083070981,-4,828,2384
7083683729,7083683717,-12,173,646
7095657466,7095657462,-4,781,2586
7105898667,7105898662,-5,893,3036
7105940161,7105940179,18,1276,2426
7110282908,7110282901,-7,942,2160
7116059905,7116059898,-7,1214,3480
7116878777,7116878773,-4,1446,3474
7120073617,7120073611,-6,978,2292
7120289020,7120289027,7,148,1461
7123479223,7123479217,-6,1576,4218
7124356159,7124356159,0,1638,2298
7125874894,7125874889,-5,1250,2913
7129334082,7129334076,-6,1146,2843
7131996682,7131996675,-7,981,3254
7138068128,7138068122,-6,1304,3244
7152408597,7152408590,-7,678,3334
7152669643,7152669662,19,394,1868
7156612441,7156612446,5,1886,2101
7157000013,7157000009,-4,1153,3313
7164217051,7164217054,3,4192,5261
7172472399,7172472393,-6,501,2241
7175060903,7175060898,-5,1239,2291
7175199170,7175199165,-5,1050,4016
7175877817,7175877822,5,2248,1314
7177972397,7177972400,3,2165,1533
7179307105,7179307100,-5,973,3822
7179600379,7179600376,-3,568,1224
7180110390,7180110385,-5,1145,3240
7184645758,7184645754,-4,815,3169
7184918656,7184918673,17,1290,2886
7190973090,7190973085,-5,1221,2526
7191489242,7191489236,-6,908,2173
7199525478,7199525473,-5,1272,3473
7203701351,7203701349,-2,1530,1876
7220556675,7220556669,-6,1241,4357
7223680138,7223680134,-4,1047,2588
7224779079,7224779075,-4,928,3594
7227279469,7227279462,-7,943,2902
7227551848,7227551842,-6,786,1810
7228871854,7228871850,-4,1073,2988
7232585678,7232585686,8,2164,894
7238862488,7238862482,-6,1236,2579
7239170481,7239170503,22,897,2735
7240532037,7240532033,-4,661,2749
7245151550,7245151545,-5,916,2598
7245250095,7245250091,-4,548,1021
7245731813,7245731808,-5,1588,3803
7246159784,7246159778,-6,1130,2774
7246609741,7246609734,-7,1922,4835
7248717435,7248717430,-5,1055,3500
7253191750,7253191742,-8,779,2378
7254396158,7254396151,-7,1251,3572
7258718015,7258718011,-4,1061,2517
7259424995,7259424990,-5,1064,2541
7259509545,7259509560,15,600,2616
7271061209,7271061205,-4,1234,3333
7282242018,7282242015,-3,1214,1977
7283258775,7283258771,-4,1194,3199
7284182255,7284182252,-3,766,2983
7285905862,7285905873,11,10911,41977
7286929193,7286929192,-1,1432,2399
7291084550,7291084545,-5,1143,3595
7293326239,7293326241,2,1413,1844
7293482172,7293482173,1,5539,22157
7294778168,7294778160,-8,956,4438
7298551439,7298551435,-4,903,2620
7302139945,7302139936,-9,263,1421
7309653093,7309653089,-4,792,2888
7314020357,7314020353,-4,967,2213
7315635886,7315635882,-4,484,923
7319571697,7319571700,3,6529,25555
7320625735,7320625730,-5,744,3538
7326636809,7326636803,-6,1135,3417
7326788897,7326788915,18,529,645
7329818479,7329818474,-5,880,3357
7331400711,7331400715,4,1155,1115
7334360354,7334360349,-5,1103,4355
7341216354,7341216349,-5,942,3261
7346846454,7346846449,-5,1033,4316
7348259344,7348259338,-6,1047,2211
7349056768,7349056765,-3,969,2876
7354506767,7354506762,-5,1019,2239
7354942758,7354942754,-4,1460,3936
7358984754,7358984750,-4,924,3350
7372512846,7372512842,-4,1491,3112
7374905777,7374905772,-5,749,2407
7377532472,7377532464,-8,891,2347
7380831615,7380831609,-6,725,3401
7381460687,7381460682,-5,1172,3871
7383934061,7383934054,-7,971,2587
7395110846,7395110841,-5,1144,2771
7395803819,7395803817,-2,1110,2508
7397863995,7397863999,4,1088,837
7399288600,7399288615,15,17603,47674
7401441886,7401441882,-4,24754,12675
7403634707,7403634713,6,4143,1807
7404308582,7404308578,-4,934,3836
7404494696,7404494691,-5,940,2413
7407652030,7407652025,-5,1138,3814
7408795757,7408795749,-8,1963,7480
7408996735,7408996730,-5,422,1857
7409396861,7409396856,-5,897,3000
7409812430,7409812426,-4,1129,3026
7414481003,7414480999,-4,877,2817
7417428772,7417428771,-1,1143,3190
7417673544,7417673562,18,613,1732
7428990847,7428990843,-4,1399,3858
7429713685,7429713682,-3,1161,2896
7434223479,7434223474,-5,1056,4107
7434466982,7434466977,-5,675,2250
7441056079,7441056074,-5,771,1925
7449219909,7449219902,-7,902,2949
7453069982,7453069979,-3,554,2476
7456998839,7456998834,-5,1267,3184
7458176317,7458176312,-5,1515,4753
7459667964,7459667959,-5,813,3179
7464209959,7464209959,0,943,1237
7467860622,7467860617,-5,1003,1867
7479850455,7479850450,-5,968,3702
7485014819,7485014815,-4,1084,2669
7491193359,7491193358,-1,989,1654
7493972086,7493972106,20,220,1076
7498539316,7498539313,-3,1211,2565
7505203828,7505203823,-5,1290,3152
7509629983,7509629977,-6,1105,2722
7519369089,7519369084,-5,910,4101
7525945264,7525945259,-5,1326,3566
7526855390,7526855385,-5,1042,3464
7528389941,7528389944,3,3101,3192
7528965169,7528965162,-7,2056,5635
7531312021,7531312015,-6,1487,5339
7532004612,7532004606,-6,1686,5739
7534747235,7534747229,-6,1149,3243
7535730113,7535730110,-3,824,1938
7536637339,7536637329,-10,156,844
7548240039,7548240033,-6,935,2158
7552600377,7552600371,-6,1168,3492
7554012467,7554012482,15,237,1107
7555052162,7555052176,14,258,1320
7555702523,7555702518,-5,1223,2940
7557002413,7557002407,-6,734,2427
7561329111,7561329106,-5,914,2767
7561617708,7561617721,13,394,1783
7563222546,7563222563,17,408,2697
7563525143,7563525138,-5,1135,3960
7566237142,7566237134,-8,912,2358
7567424258,7567424252,-6,1406,3241
7579081442,7579081437,-5,622,2958
7581668731,7581668729,-2,994,3088
7605462755,7605462749,-6,854,2636
7607355827,7607355825,-2,1617,2662
7612090962,7612090957,-5,1317,3010
7613235113,7613235123,10,210,779
7613556747,7613556737,-10,227,1180
7613932272,7613932274,2,224,1325
7614290620,7614290639,19,131,1076
7615225978,7615225976,-2,1035,2414
7615343758,7615343759,1,2125,1483
7620854839,7620854834,-5,924,3132
7623052920,7623052915,-5,791,2892
7624460998,7624460993,-5,817,2652
7627016941,7627016936,-5,1142,3213
7627778468,7627778462,-6,1019,3480
7630902639,7630902635,-4,1114,4121
7635097267,7635097263,-4,1108,2856
7636372695,7636372690,-5,1233,2780
7641065310,7641065306,-4,1184,2835
7642580713,7642580710,-3,1120,4073
7648239921,7648239915,-6,733,3070
7648378091,7648378078,-13,168,544
7650423536,7650423533,-3,1037,2104
7652785013,7652785007,-6,711,2051
7653916306,7653916303,-3,927,2772
7654255122,7654255118,-4,1236,2316
7661543618,7661543613,-5,854,3292
7665498654,7665498648,-6,1141,2992
7669723938,7669723935,-3,886,1713
7673509306,7673509302,-4,1011,2540
7681870058,7681870052,-6,768,2925
7683271323,7683271320,-3,1127,2500
7684939881,7684939882,1,7615,7417
7692589023,7692589020,-3,1246,2828
7694544361,7694544359,-2,1272,2314
7700169555,7700169558,3,1317,1735
7705921443,7705921437,-6,857,3374
7708404354,7708404350,-4,1140,2485
7709003574,7709003569,-5,1262,2643
7709210162,7709210158,-4,1158,3689
7726043714,7726043718,4,3428,2229
7726099511,7726099507,-4,916,2501
7728935631,7728935628,-3,985,2199
7731999998,7731999992,-6,1508,6857
7732454099,7732454084,-15,745,488
7732791944,7732791962,18,1285,3911
7733051335,7733051342,7,3580,1290
7735727754,7735727747,-7,1084,2822
7736556374,7736556368,-6,1281,3607
7743166839,7743166836,-3,1241,3059
7753449307,7753449303,-4,1646,3850
7759338613,7759338610,-3,1215,3029
7759536107,7759536101,-6,894,3972
7760521088,7760521103,15,509,1774
7771229585,7771229590,5,920,732
7773669360,7773669356,-4,1309,3181
7778296827,7778296821,-6,1018,3170
7782609359,7782609353,-6,671,1828
7783343394,7783343415,21,68,721
7788049683,7788049678,-5,977,2540
7797238512,7797238511,-1,1955,3352
7797558479,7797558477,-2,899,1946
7797813764,7797813778,14,263,1573
7798023614,7798023610,-4,2188,4979
7804461750,7804461744,-6,1353,5411
7805219645,7805219642,-3,733,3130
7805594134,7805594128,-6,864,2312
7821857213,7821857208,-5,1094,3379
7822466833,7822466855,22,136,1111
7824691349,7824691343,-6,990,3695
7835045727,7835045732,5,50337,31276
7839564538,7839564534,-4,739,4384
7845559327,7845559323,-4,820,3211
7849051526,7849051522,-4,1420,4374
7853647013,7853647009,-4,1185,3090
7857381310,7857381306,-4,958,1651
7857613033,7857613032,-1,2254,2694
7858829520,7858829538,18,1130,3687
7859785628,7859785643,15,694,2504
7871584674,7871584670,-4,1009,2263
7872381898,7872381895,-3,333,1143
7878945670,7878945666,-4,1093,2992
7883812950,7883812947,-3,1012,2554
7893100387,7893100384,-3,1183,3622
7896384804,7896384816,12,623,2401
7899607050,7899607052,2,3707,2434
7901418144,7901418146,2,1367,926
7902972615,7902972610,-5,945,1999
7916807700,7916807706,6,12832,24205
7923999919,7923999919,0,1608,1053
7933165390,7933165384,-6,1457,2602
7939148831,7939148825,-6,1171,2802
7950455533,7950455528,-5,854,3456
7961169761,7961169754,-7,1074,4913
7967186553,7967186558,5,3878,1846
7972410978,7972410973,-5,1377,3971
7979928187,7979928182,-5,706,2297
7983116111,7983116109,-2,10601,20108
7985308074,7985308076,2,1421,1691
7997871211,7997871207,-4,1038,2656
7997945107,7997945094,-13,225,1107
7999763095,7999763090,-5,701,1724
7999812745,7999812734,-11,793,2554
8001574905,8001574901,-4,1153,3250
8010251170,8010251165,-5,970,3570
8011471818,8011471814,-4,1117,2781
8011878341,8011878336,-5,699,3233
8012289289,8012289298,9,207,1052
8021272261,8021272282,21,383,1784
8023099784,8023099780,-4,1240,5203
8024774495,8024774486,-9,1138,3754
8028512796,8028512794,-2,1161,1629
8030377911,8030377905,-6,1025,3591
8030440092,8030440100,8,267,989
8032046120,8032046118,-2,778,1271
8034141632,8034141634,2,1954,1774
8050546334,8050546338,4,3121,2247
8052409655,8052409650,-5,818,1025
8052980108,8052980099,-9,241,700
8053097420,8053097439,19,176,1024
8056037903,8056037898,-5,1014,2230
8057692387,8057692401,14,680,1934
8062746233,8062746227,-6,1135,3330
8067542788,8067542786,-2,1925,3747
8068660462,8068660458,-4,854,2759
8069087825,8069087815,-10,167,876
8070319174,8070319177,3,2996,3228
8076967688,8076967689,1,2038,3139
8078488242,8078488239,-3,1023,3017
8078607160,8078607167,7,153,1108
8081908042,8081908042,0,1180,898
8082589819,8082589812,-7,869,4010
8085769847,8085769846,-1,1061,1889
8087302127,8087302122,-5,801,2045
8091576827,8091576822,-5,941,3105
8094653068,8094653061,-7,929,2217
8095666082,8095666077,-5,1333,3121
8096415015,8096415010,-5,1033,3331
8097998419,8097998415,-4,1263,2611
8104111812,8104111807,-5,991,3227
8110892258,8110892252,-6,641,2808
8121385680,8121385663,-17,4491,14502
8122281686,8122281681,-5,870,7058
8122397440,8122397445,5,3618,2348
8134973743,8134973741,-2,1123,1500
8136186508,8136186502,-6,872,2947
8136505312,8136505318,6,9744,31946
8140211343,8140211338,-5,1250,3098
8141854493,8141854489,-4,702,3219
8145405511,8145405506,-5,1003,2973
8146439607,8146439603,-4,1189,2777
8147003355,8147003350,-5,1012,3077
8147711603,8147711597,-6,1404,2798
8148622523,8148622517,-6,703,2248
8153209846,8153209840,-6,1239,3167
8156863463,8156863483,20,1121,4422
8159292862,8159292857,-5,1203,3926
8168371498,8168371492,-6,1341,3421
8172209915,8172209912,-3,915,2897
8173895868,8173895878,10,361,1028
8176648895,8176648890,-5,796,2387
8178543640,8178543636,-4,1178,3190
8179614052,8179614046,-6,1206,3255
8189362691,8189362686,-5,1437,5281
8209675162,8209675157,-5,864,3055
8211658406,8211658404,-2,1949,4347
8211797011,8211797007,-4,1195,2748
8218204468,8218204465,-3,1174,2670
8219354635,8219354630,-5,993,2754
8219643301,8219643295,-6,719,1813
8224712527,8224712533,6,3619,2121
8227388306,8227388313,7,3277,1326
8233678886,8233678890,4,7031,21752
8234493852,8234493848,-4,1191,3671
8236681319,8236681315,-4,719,1812
8248320263,8248320257,-6,501,3107
8251353318,8251353320,2,3177,3907
8252438568,8252438560,-8,973,3206
8255095053,8255095048,-5,697,2884
8258928192,8258928214,22,869,3518
8269983249,8269983243,-6,1090,2231
8278524074,8278524069,-5,1011,3430
8278877362,8278877358,-4,1546,2091
8283514666,8283514664,-2,1232,2553
8287965012,8287965014,2,2647,2913
8290216482,8290216477,-5,1221,2462
8291233720,8291233715,-5,1288,3467
8294171136,8294171132,-4,1025,2324
8296581533,8296581527,-6,971,2986
8298554181,8298554177,-4,994,2882
8302881023,8302881018,-5,794,2417
8305643500,8305643494,-6,911,2944
8312236401,8312236407,6,3197,1836
8315750084,8315750080,-4,1101,2553
8318243363,8318243362,-1,887,2412
8321073485,8321073480,-5,1053,2736
8325926363,8325926359,-4,1128,2432
8330168218,8330168214,-4,948,3905
8331695332,8331695330,-2,43227,19177
8334730203,8334730196,-7,824,3020
8335072176,8335072196,20,719,2011
8343277921,8343277917,-4,1143,3051
8349576083,8349576079,-4,1083,2274
8351922995,8351923014,19,68,974
8352716352,8352716342,-10,195,621
8353427635,8353427635,0,1352,1759
8354769551,8354769552,1,16326,38675
8356381570,8356381577,7,5717,1930
8356934126,8356934120,-6,1118,2831
8357221811,8357221794,-17,1438,3914
8357320907,8357320921,14,1059,1388
8359125391,8359125389,-2,802,1444
8360446889,8360446886,-3,824,2060
8361701086,8361701081,-5,1102,2817
8367400799,8367400794,-5,2637,5196
8377047407,8377047403,-4,1074,3158
8378012198,8378012201,3,8653,18040
8384341307,8384341302,-5,1119,3068
8384516004,8384516021,17,860,3909
8386281030,8386281026,-4,747,2898
8387129367,8387129354,-13,106,1083
8389614160,8389614154,-6,964,4305
8391960938,8391960934,-4,1322,2699
8392972307,8392972302,-5,602,1573
8405678678,8405678674,-4,648,2096
8406621400,8406621398,-2,2515,4296
8407805804,8407805810,6,2992,1445
8411186543,8411186539,-4,948,2788
8423179911,8423179909,-2,871,3324
8424122727,8424122721,-6,544,807
8427170530,8427170525,-5,953,1989
8427366730,8427366744,14,777,2954
8439385627,8439385622,-5,1071,2271
8451543939,8451543934,-5,844,2507
8452406456,8452406458,2,3031,2960
8452658459,8452658453,-6,1752,4936
8453375387,8453375381,-6,821,2591
8453702550,8453702547,-3,1804,4302
8454795091,8454795086,-5,838,3638
8467246442,8467246447,5,2246,752
8468670854,8468670854,0,1985,2228
8475421239,8475421247,8,256,1634
8485232690,8485232687,-3,539,1775
8487976454,8487976446,-8,1149,3081
8494281614,8494281610,-4,1037,2071
8495372770,8495372785,15,398,1888
8501251093,8501251086,-7,2285,8390
8502290410,8502290389,-21,723,2188
8508229557,8508229554,-3,771,3245
8515609437,8515609433,-4,908,2560
8516191937,8516191956,19,584,2414
8520752507,8520752526,19,445,1842
8521806733,8521806729,-4,1125,3120
8524840600,8524840595,-5,1163,3178
8525407508,8525407518,10,291,642
8526494327,8526494322,-5,1038,2517
8528528284,8528528282,-2,1142,2009
8529946634,8529946630,-4,874,2720
8534306456,8534306450,-6,535,1940
8534348432,8534348435,3,233,820
8535331425,8535331440,15,796,2200
8537750410,8537750403,-7,806,2633
8541791878,8541791874,-4,944,4062
8543520678,8543520671,-7,1582,4070
8543551512,8543551530,18,90,1141
8544615942,8544615937,-5,906,3092
8546571570,8546571568,-2,2737,6053
8548358019,8548358012,-7,1073,3408
8556054785,8556054780,-5,998,1547
8560464858,8560464863,5,4072,1393
8561394537,8561394533,-4,685,3006
8568061778,8568061772,-6,1066,3343
8568631325,8568631320,-5,629,3010
8573015898,8573015902,4,5044,18069
8573823234,8573823218,-16,983,2646
8577255426,8577255420,-6,1116,2564
8578348553,8578348542,-11,388,932
8579055818,8579055813,-5,1356,4246
8579211687,8579211689,2,2549,3182
8579986957,8579986951,-6,1071,3957
8585073122,8585073118,-4,1101,3196
8585387371,8585387365,-6,1020,3249
8585637619,8585637597,-22,256,1241
8585793214,8585793214,0,2480,2550
8587962250,8587962247,-3,793,1775
8590469558,8590469555,-3,630,2611
8591300075,8591300080,5,994,288
8592101502,8592101506,4,1068,890
8604530307,8604530301,-6,4585,15638
8609437622,8609437618,-4,1274,3157
8611225130,8611225127,-3,1069,2532
8611514193,8611514186,-7,923,3345
8621032290,8621032286,-4,1922,3734
8622252965,8622252966,1,2373,2875
8625370935,8625370930,-5,845,3100
8630367714,8630367710,-4,1161,3245
8636821469,8636821467,-2,1270,2417
8641579541,8641579521,-20,3384,987
8654638281,8654638275,-6,1248,4281
8654932451,8654932433,-18,67,1002
8657538371,8657538378,7,10980,32790
8659873899,8659873890,-9,1188,3236
8663720750,8663720746,-4,1564,3887
8664333075,8664333070,-5,917,2355
8670997243,8670997238,-5,1263,2466
8674960700,8674960694,-6,1326,2797
8675264468,8675264465,-3,171,900
8676107969,8676107974,5,103,703
8681432533,8681432527,-6,1156,2554
8695703717,8695703721,4,2710,2335
8696880585,8696880579,-6,1039,3375
8705060420,8705060413,-7,807,3239
8705800307,8705800303,-4,1226,2844
8706204595,8706204590,-5,1175,3198
8709456766,8709456761,-5,1437,4566
8723154998,8723154994,-4,1243,3866
8723317582,8723317577,-5,1096,3689
8723603203,8723603199,-4,1556,32497
8724757672,8724757669,-3,733,1338
8727986222,8727986218,-4,1109,2957
8733856948,8733856962,14,609,2041
8734044723,8734044718,-5,1079,3951
8738130514,8738130509,-5,1129,3199
8739574030,8739574025,-5,895,2653
8740615278,8740615273,-5,954,4124
8741110667,8741110661,-6,874,2274
8742651826,8742651822,-4,1437,4375
8742915026,8742915022,-4,1314,3435
8744264660,8744264656,-4,775,2676
8745610422,8745610416,-6,683,2419
8747227766,8747227762,-4,1011,2933
8747371594,8747371610,16,662,3475
8749427350,8749427345,-5,899,2950
8755996273,8755996268,-5,1476,3879
8757123326,8757123331,5,3010,2227
8760594660,8760594655,-5,1721,3370
8761199672,8761199672,0,1467,2409
8761420542,8761420546,4,2005,1006
8762923699,8762923695,-4,731,2816
8774114479,8774114474,-5,778,2019
8776156543,8776156539,-4,1114,2468
8777637882,8777637886,4,1764,1202
8784011858,8784011857,-1,1475,2970
8786105126,8786105120,-6,1555,5946
8788423934,8788423927,-7,962,3066
8789424269,8789424266,-3,1257,2993
8791354684,8791354678,-6,961,3837
8792079366,8792079361,-5,776,2171
8793034335,8793034332,-3,700,1877
8794155613,8794155622,9,1401,583
8812982896,8812982891,-5,1281,3181
8818111354,8818111350,-4,1172,2488
8818423763,8818423746,-17,222,988
8819931197,8819931198,1,1674,2142
8833226666,8833226659,-7,922,4053
8839171582,8839171577,-5,915,3387
8840305074,8840305093,19,807,3444
8841256397,8841256398,1,2264,2517
8841419087,8841419094,7,2797,1121
8859529231,8859529226,-5,1305,3836
8860742443,8860742436,-7,1008,2218
8860892081,8860892097,16,127,903
8862796899,8862796895,-4,1005,3553
8863610052,8863610050,-2,1159,3035
8863729689,8863729706,17,501,2663
8866132362,8866132358,-4,1254,4178
8869188763,8869188757,-6,791,3522
8869314488,8869314495,7,3481,1392
8869896958,8869896963,5,1948,1496
8880809181,8880809181,0,1726,1638
8885862975,8885862971,-4,944,2392
8896431169,8896431173,4,2576,1687
8900659142,8900659137,-5,1045,3340
8901600163,8901600166,3,21469,34874
8901646709,8901646701,-8,644,2045
8902272266,8902272267,1,1180,1908
8906182257,8906182252,-5,1185,3068
8910613637,8910613631,-6,978,2688
8910712296,8910712312,16,633,1685
8913503522,8913503516,-6,1297,4381
8918832882,8918832878,-4,1112,3143
8919462896,8919462893,-3,1105,3575
8924604174,8924604169,-5,1387,3645
8929940585,8929940582,-3,1092,3856
8932578622,8932578618,-4,985,3091
8935022091,8935022088,-3,1022,2221
8940681754,8940681749,-5,1410,4536
8945943675,8945943671,-4,880,2335
8946921706,8946921701,-5,1090,2631
8947272361,8947272354,-7,727,1986
8950556135,8950556129,-6,1143,2906
8952461953,8952461947,-6,1101,3504
8954656131,8954656126,-5,1097,3686
8959203273,8959203266,-7,950,4021
8968752290,8968752286,-4,1532,4641
8974909746,8974909742,-4,1327,2917
8975067872,8975067869,-3,1188,2806
8975568777,8975568772,-5,459,1540
8985517831,8985517823,-8,667,5606
8989586101,8989586096,-5,1415,3162
8989914587,8989914602,15,475,2363
8998481748,8998481743,-5,1139,2381
9007334523,9007334521,-2,830,1519
9011219380,9011219386,6,5126,1449
9013364382,9013364370,-12,110,1129
9015987195,9015987187,-8,687,2029
9017953140,9017953137,-3,1335,2928
9018319973,9018319975,2,1073,948
9021094066,9021094059,-7,1022,2350
9022331614,9022331613,-1,692,977
9023877428,9023877423,-5,779,2760
9026480242,9026480240,-2,1125,2195
9029068903,9029068900,-3,1266,2250
9034745326,9034745322,-4,1169,3080
9039773683,9039773678,-5,1092,3010
9047525906,9047525900,-6,1290,2583
9047625389,9047625386,-3,918,2420
9048240256,9048240246,-10,916,3697
9049265178,9049265198,20,1126,3852
9050372448,9050372443,-5,1085,3120
9053143197,9053143192,-5,1200,3072
9053544738,9053544719,-19,900,2249
9054590262,9054590259,-3,1259,3490
9058286838,9058286842,4,1801,1540
9059342690,9059342686,-4,595,2090
9060053690,9060053673,-17,1061,3588
9061286239,9061286244,5,3015,1244
9069082230,9069082223,-7,1012,4206
9074015262,9074015257,-5,40709,34435
9074049572,9074049569,-3,670,3014
9083438300,9083438294,-6,1231,3436
9083530144,9083530150,6,31,1090
9094128065,9094128061,-4,1081,2710
9096118846,9096118843,-3,1081,1809
9097726653,9097726653,0,1606,2229
9098684658,9098684653,-5,797,2705
9099258142,9099258141,-1,1565,2389
9099715709,9099715705,-4,1315,3359
9103578721,9103578717,-4,857,2384
9105339771,9105339765,-6,786,3852
9107125635,9107125646,11,172,1030
9110506519,9110506513,-6,820,3593
9113268636,9113268632,-4,1148,3152
9113333363,9113333382,19,905,3589
9117263426,9117263421,-5,956,4460
9118337893,9118337888,-5,965,2488
9118912353,9118912347,-6,1254,3785
9120549725,9120549721,-4,713,3754
9123983230,9123983223,-7,179,806
9126558974,9126558969,-5,898,2380
9126617698,9126617678,-20,50,641
9131033705,9131033701,-4,1137,4748
9146334134,9146334128,-6,1136,3231
9149168577,9149168572,-5,852,2936
9150081455,9150081450,-5,1129,2706
9157827468,9157827459,-9,843,4009
9158012190,9158012195,5,46479,20923
9161837905,9161837899,-6,1586,4731
9162444477,9162444484,7,4968,2088
9166413942,9166413937,-5,1177,3900
9170624490,9170624485,-5,843,2193
9172931252,9172931266,14,380,2292
9173953176,9173953161,-15,264,1442
9174058753,9174058732,-21,213,1171
9175952418,9175952413,-5,1120,3680
9177648354,9177648351,-3,3382,6798
9182089703,9182089697,-6,904,2441
9182163497,9182163491,-6,838,2838
9182883709,9182883704,-5,1389,3829
9185780625,9185780630,5,2477,1725
9186407222,9186407216,-6,1077,3389
9187358028,9187358022,-6,1060,2821
9189643162,9189643157,-5,1011,2162
9196970022,9196970018,-4,1151,3880
9199711209,9199711204,-5,1169,3145
9204471834,9204471830,-4,1173,2927
9206788203,9206788198,-5,903,2304
9207685502,9207685497,-5,3464,12367
9208065531,9208065528,-3,874,2359
9210411018,9210411009,-9,170,684
9213462747,9213462753,6,3643,1672
9213576597,9213576593,-4,730,2970
9220730365,9220730362,-3,911,2806
9222818797,9222818795,-2,838,1873
9228790373,9228790366,-7,1108,6130
9229809279,9229809273,-6,1251,4108
9238023734,9238023728,-6,934,2472
9245953684,9245953680,-4,1366,3327
9246005691,9246005670,-21,1110,2527
9250866134,9250866129,-5,556,1703
9253983383,9253983378,-5,920,3310
9255166215,9255166210,-5,774,2449
9255880991,9255880986,-5,1429,4126
9257536000,9257536017,17,459,1747
9258832168,9258832164,-4,469,2485
9259324003,9259324018,15,539,2156
9262127350,9262127346,-4,1140,3015
9262885387,9262885385,-2,1278,1893
9268846027,9268846022,-5,1343,3782
9269205442,9269205443,1,928,1097
9271450839,9271450834,-5,1311,3742
9271897019,9271897025,6,268,1136
9276264643,9276264637,-6,925,3995
9276757916,9276757935,19,809,1990
9277137650,9277137653,3,1409,1347
9279737007,9279737002,-5,1042,3192
9280203338,9280203335,-3,1448,1791
9283814685,9283814691,6,2897,1415
9285074362,9285074363,1,2432,1823
9285276886,9285276882,-4,622,1496
9286979659,9286979656,-3,1353,3981
9290517018,9290517017,-1,1128,1419
9294388194,9294388189,-5,1154,4026
9295048026,9295048044,18,934,3096
9300309590,9300309585,-5,1070,4132
9300827915,9300827893,-22,1321,2473
9301255952,9301255941,-11,348,1093
9306253471,9306253465,-6,906,3552
9310049574,9310049570,-4,1023,2398
9310618152,9310618171,19,805,3721
9315677011,9315677006,-5,1423,3490
9316373296,9316373290,-6,985,2289
9319478606,9319478598,-8,5262,13870
9327860518,9327860511,-7,930,2944
9347385314,9347385323,9,4281,722
9351390151,9351390146,-5,880,3102
9352758886,9352758882,-4,1002,2600
9355218449,9355218445,-4,994,3205
9363728625,9363728619,-6,1027,2610
9365230735,9365230730,-5,1081,4391
9371510040,9371510043,3,1941,956
9374131009,9374131003,-6,1154,3414
9374508555,9374508559,4,223,969
9381194870,9381194869,-1,797,1468
9386600342,9386600337,-5,793,2817
9396732582,9396732587,5,2033,1060
9406291332,9406291329,-3,1104,2199
9412996231,9412996229,-2,982,2030
9413035752,9413035753,1,268,1234
9416432671,9416432665,-6,540,2952
9418746303,9418746281,-22,288,1104
9418799984,9418799966,-18,552,1996
9419903791,9419903786,-5,1199,4008
9422094069,9422094065,-4,1172,1562
9427876141,9427876138,-3,955,1863
9428412610,9428412602,-8,201,953
9432762135,9432762131,-4,567,1910
9438055154,9438055150,-4,816,2696
9439683050,9439683065,15,1001,2764
9458050091,9458050083,-8,66,744
9462638323,9462638318,-5,1196,3419
9465059306,9465059302,-4,859,2678
9465588598,9465588592,-6,991,2271
9476600259,9476600253,-6,1007,2764
9486407462,9486407456,-6,647,2246
9486863879,9486863874,-5,1180,2561
9488529664,9488529661,-3,595,1581
9488858851,9488858844,-7,41,1032
9491931686,9491931679,-7,1002,3209
9505568998,9505568996,-2,717,2584
9507197699,9507197710,11,14980,33372
9508810094,9508810087,-7,1288,3271
9511810545,9511810543,-2,1473,2714
9513888568,9513888585,17,364,735
9515362230,9515362226,-4,1079,2811
9519137566,9519137570,4,1991,1347
9519194538,9519194533,-5,1090,1576
9524524875,9524524869,-6,2004,8761
9532015957,9532015951,-6,1550,4292
9532141610,9532141603,-7,756,3125
9532873044,9532873039,-5,1182,2707
9533876497,9533876490,-7,702,1630
9535242209,9535242202,-7,1254,3618
9537152787,9537152779,-8,997,3523
9538443764,9538443759,-5,1332,3348
9543220647,9543220642,-5,1184,4171
9545468745,9545468739,-6,678,2961
9548068485,9548068494,9,8198,30561
9548914090,9548914085,-5,1360,3716
9549329874,9549329869,-5,863,2362
9550762570,9550762565,-5,664,2539
9551108578,9551108599,21,606,2248
9551426836,9551426832,-4,893,2720
9553388815,9553388810,-5,1106,3570
9554634157,9554634152,-5,1301,4064
9558131394,9558131387,-7,1472,3323
9558336905,9558336914,9,495,1657
9560706482,9560706478,-4,1211,1966
9564623274,9564623269,-5,862,2416
9565701138,9565701133,-5,906,2370
9569170595,9569170591,-4,942,3356
9569367562,9569367578,16,789,2779
9570056931,9570056939,8,3048,876
9572411497,9572411501,4,2416,1710
9574737219,9574737217,-2,1001,3320
9576378874,9576378869,-5,1228,4622
9583077848,9583077843,-5,738,2793
9585696054,9585696048,-6,698,3042
9593976245,9593976241,-4,740,2324
9595005055,9595005049,-6,1382,3931
9596128925,9596128918,-7,798,1907
9597500520,9597500514,-6,1213,3429
9597675471,9597675465,-6,675,1779
9600311873,9600311867,-6,813,2225
9601596234,9601596229,-5,978,2658
9602054130,9602054146,16,690,2248
9604677227,9604677225,-2,928,2782
9613144461,9613144467,6,998,495
9615736285,9615736291,6,2952,1239
9620532841,9620532837,-4,1404,3928
9630647327,9630647325,-2,706,1967
9634465129,9634465125,-4,809,2670
9636666439,9636666435,-4,1134,2162
9641931923,9641931921,-2,520,1905
9644633099,9644633109,10,177,876
9651956164,9651956158,-6,1389,2553
9652211654,9652211659,5,2135,1631
9652626069,9652626066,-3,789,1968
9653453406,9653453401,-5,932,3587
9656877386,9656877382,-4,1354,3413
9659741133,9659741129,-4,950,2211
9661562695,9661562677,-18,1105,4312
9671816167,9671816159,-8,1340,4252
9672856695,9672856690,-5,1016,3800
9675583631,9675583630,-1,1133,1249
9676342529,9676342524,-5,1309,3610
9676674295,9676674290,-5,444,980
9676889235,9676889230,-5,936,2460
9688687471,9688687466,-5,1498,2413
9689190530,9689190546,16,558,3918
9690685033,9690685030,-3,623,2210
9695010061,9695010055,-6,812,2135
9696616877,9696616881,4,2555,1288
9697575942,9697575938,-4,1412,2575
9698220484,9698220486,2,1981,2077
9704189642,9704189637,-5,1333,2865
9704685939,9704685956,17,364,1188
9707615159,9707615155,-4,1325,2224
9709983662,9709983657,-5,1196,4051
9710245437,9710245430,-7,952,3261
9715265350,9715265346,-4,713,3022
9724103891,9724103887,-4,755,2100
9730266278,9730266277,-1,954,2351
9732096614,9732096608,-6,1032,2701
9735485829,9735485823,-6,1460,3861
9736267733,9736267737,4,1283,1708
9736902680,9736902674,-6,1484,3820
9740437370,9740437366,-4,767,1828
9741024778,9741024777,-1,1334,1639
9745931746,9745931742,-4,1202,4279
9746123811,9746123807,-4,1035,2756
9746956917,9746956913,-4,861,2921
9747174235,9747174254,19,875,2522
9747805497,9747805491,-6,1165,2978
9749532439,9749532433,-6,1149,3609
9750387714,9750387711,-3,696,1871
9750656635,9750656648,13,929,2269
9756783254,9756783249,-5,804,2703
9761552562,9761552558,-4,1450,3680
9766971299,9766971292,-7,768,3033
9768371825,9768371821,-4,856,2156
9769941125,9769941118,-7,895,3185
9776806917,9776806911,-6,1067,3826
9777171690,9777171681,-9,750,3069
9777331508,9777331525,17,356,1096
9780532806,9780532801,-5,1345,3477
9783135269,9783135265,-4,1114,1537
9784401759,9784401754,-5,1502,4256
9789289379,9789289375,-4,1122,3838
9793710041,9793710043,2,1671,1629
9793862569,9793862565,-4,1214,2867
9793935938,9793935956,18,1072,4165
9798104058,9798104054,-4,1093,3177
9806027759,9806027754,-5,1155,4028
9806494621,9806494613,-8,1282,4314
9808151390,9808151384,-6,1382,3138
9812787319,9812787318,-1,1103,2563
9820326373,9820326371,-2,1433,2863
9820759498,9820759479,-19,786,3226
9822823050,9822823044,-6,987,3108
9823914962,9823914957,-5,982,2713
9823966009,9823966022,13,194,1313
9826121043,9826121038,-5,1431,3131
9826313546,9826313554,8,1470,790
9828027058,9828027057,-1,1026,2223
9832165346,9832165341,-5,895,3253
9832251000,9832251021,21,47,1104
9834061874,9834061878,4,863,1287
9836386542,9836386537,-5,768,3173
9836553903,9836553898,-5,1199,2413
9837945375,9837945368,-7,756,2511
9838125106,9838125121,15,372,1219
9839310098,9839310094,-4,1144,2386
9842734491,9842734486,-5,1727,3448
9843405346,9843405342,-4,716,2546
9846483857,9846483850,-7,842,2320
9855011801,9855011798,-3,1030,2780
9855559171,9855559165,-6,1435,4098
9858250954,9858250949,-5,970,3279
9861308484,9861308478,-6,1148,2388
9861986035,9861986030,-5,1639,4217
9864258698,9864258693,-5,1162,3064
9864284373,9864284367,-6,1806,6180
9867837390,9867837386,-4,1040,3771
9870073266,9870073261,-5,1206,3561
9871085376,9871085389,13,179,663
9873119641,9873119634,-7,625,2428
9875103885,9875103881,-4,916,2884
9876738474,9876738468,-6,967,2843
9884969745,9884969740,-5,705,3969
9885354875,9885354894,19,294,1162
9886402254,9886402250,-4,745,1648
9886705809,9886705805,-4,1244,4276
9892157130,9892157125,-5,849,2294
9893123887,9893123882,-5,1142,3054
9899089449,9899089445,-4,916,2704
9899649538,9899649558,20,241,864
9903621311,9903621306,-5,1295,2706
9906161827,9906161822,-5,828,1640
9907338138,9907338130,-8,120,1283
9910318662,9910318657,-5,1427,2303
9917566329,9917566323,-6,871,2350
9917969745,9917969759,14,343,1363
9918157840,9918157834,-6,1035,3024
9922114549,9922114547,-2,927,2248
9932788590,9932788585,-5,1082,2590
9933428638,9933428635,-3,1049,4240
9939587670,9939587670,0,1393,2462
9939868633,9939868626,-7,852,3623
9941472835,9941472831,-4,1167,3365
9945196713,9945196706,-7,738,3344
9945724496,9945724505,9,3,756
9947666937,9947666939,2,3064,2314
9953423467,9953423463,-4,1288,4789
9970257118,9970257118,0,2092,1909
9970307499,9970307494,-5,752,2541
9976091387,9976091382,-5,692,1398
9983753263,9983753259,-4,1086,2862
9989260654,9989260655,1,2520,1765
9990260198,9990260193,-5,1040,4143
9990338579,9990338574,-5,1087,2662
9990567320,9990567326,6,235,1027
9996550051,9996550051,0,1589,2962
9997952665,9997952659,-6,861,3848
10002128801,10002128818,17,714,3703
10003519342,10003519337,-5,1085,4826
10010599269,10010599263,-6,695,2738
10018325159,10018325154,-5,1373,3188
10022243950,10022243944,-6,1029,3286
10026107153,10026107149,-4,1160,3918
10027516697,10027516689,-8,88,1278
10028259555,10028259549,-6,1316,1992
10029053533,10029053528,-5,1350,3358
10043530815,10043530810,-5,820,3730
10043698474,10043698470,-4,1181,2415
10048830230,10048830225,-5,1253,4226
10053924473,10053924490,17,227,1039
10056814218,10056814215,-3,1321,3012
10058925395,10058925390,-5,943,2140
10061924072,10061924078,6,4374,1323
10062328589,10062328593,4,17618,12316
10064463138,10064463133,-5,946,3126
10069830579,10069830574,-5,923,2947
10071107018,10071107014,-4,958,1676
10072065265,10072065260,-5,211,955
10085417021,10085417014,-7,1802,3642
10086390717,10086390712,-5,978,2289
10087480754,10087480746,-8,1200,4408
10088325356,10088325350,-6,1134,2872
10093318830,10093318827,-3,731,1901
10101697626,10101697623,-3,852,1915
10102416598,10102416595,-3,1239,1740
10104403657,10104403654,-3,934,2254
10106565201,10106565197,-4,930,2865
10106769850,10106769871,21,189,815
10107131425,10107131418,-7,190,897
10109077199,10109077195,-4,951,2354
10109171634,10109171651,17,662,3725
10112839373,10112839371,-2,1575,1539
10115789918,10115789915,-3,785,1977
10117861403,10117861396,-7,902,2944
10120373014,10120373016,2,1276,1217
10131581755,10131581749,-6,1215,3551
10139763070,10139763065,-5,1009,3640
10140874770,10140874783,13,405,1691
10142755988,10142755983,-5,1239,4187
10142861804,10142861816,12,277,2313
10145553367,10145553359,-8,908,4296
10146138597,10146138590,-7,1067,3009
10150133797,10150133793,-4,1140,3960
10150751221,10150751223,2,1692,1172
10150972761,10150972756,-5,940,2977
10165427232,10165427228,-4,1398,3153
10172445656,10172445652,-4,698,3684
10177234069,10177234065,-4,799,2572
10177803001,10177802995,-6,1031,2517
10181326131,10181326124,-7,1154,2389
10182647474,10182647470,-4,1273,2511
10197995350,10197995345,-5,1357,3960
10198737866,10198737861,-5,881,2672
10204640927,10204640927,0,1648,2326
10206029939,10206029933,-6,2465,6671
10209213942,10209213938,-4,1257,3746
10214811464,10214811459,-5,18943,52520
10219530589,10219530584,-5,964,3317
10220126294,10220126301,7,3779,1428
10223864247,10223864244,-3,927,2886
10224327368,10224327386,18,929,2205
10226588771,10226588787,16,1017,2848
10228456018,10228456022,4,4437,2208
10228535195,10228535193,-2,718,2812
10233460556,10233460552,-4,1233,2222
10233770074,10233770071,-3,1359,3208
10239628427,10239628420,-7,907,2703
10241539846,10241539840,-6,1255,3279
10241880109,10241880103,-6,1217,2767
10249389361,10249389354,-7,1425,3695
10250951298,10250951292,-6,962,2885
10251697052,10251697047,-5,1013,2432
10253722135,10253722134,-1,1096,2332
10262268787,10262268794,7,6827,2453
10268894555,10268894550,-5,673,3112
10270677890,10270677885,-5,1293,3017
10275759882,10275759877,-5,1027,3336
10276188736,10276188729,-7,976,3435
10276436203,10276436222,19,1010,4177
10278961731,10278961725,-6,828,2316
10288047050,10288047045,-5,1581,4018
10291484518,10291484514,-4,741,2535
10293815222,10293815216,-6,764,3773
10296941430,10296941452,22,1698,1338
10297838997,10297838994,-3,1536,2517
10307707867,10307707862,-5,873,3480
10307746674,10307746683,9,119,1119
10310565651,10310565646,-5,1440,4115
10314421387,10314421382,-5,824,2653
10315753917,10315753912,-5,968,2606
10316131168,10316131153,-15,760,2295
10319099190,10319099191,1,1468,1138
10322580083,10322580085,2,1538,1758
10325238291,10325238282,-9,1674,10467
10332287728,10332287722,-6,1116,4474
10343877763,10343877759,-4,1007,2831
10344775086,10344775083,-3,1338,3511
10345109520,10345109542,22,555,1658
10347575408,10347575401,-7,1179,2787
10347667738,10347667751,13,488,1416
10363686506,10363686501,-5,1363,4049
10369128486,10369128481,-5,1261,2622
10369726867,10369726863,-4,1258,2834
10371322659,10371322652,-7,801,4602
10371979658,10371979673,15,535,3020
10384141571,10384141565,-6,943,2862
10389579739,10389579734,-5,871,2789
10390111455,10390111460,5,2559,1305
10394828705,10394828698,-7,591,4217
10397544070,10397544063,-7,1126,2745
10397782602,10397782619,17,405,1489
10398402691,10398402686,-5,924,3005
10399071163,10399071157,-6,24,870
10399428763,10399428758,-5,108,1389
10401995975,10401995970,-5,663,2489
10402326778,10402326771,-7,1000,3055
10403400500,10403400494,-6,629,6237
10406132401,10406132396,-5,1005,4543
10406305915,10406305911,-4,1027,2980
10411275734,10411275741,7,4697,1593
10412673214,10412673208,-6,1003,2042
10415361314,10415361310,-4,1126,3384
10420033406,10420033402,-4,796,2132
10426364831,10426364826,-5,1062,2972
10427915371,10427915367,-4,782,3429
10428350144,10428350146,2,1586,1774
10429348187,10429348183,-4,1499,2627
10430215478,10430215472,-6,1458,5159
10431309691,10431309686,-5,805,2974
10431367265,10431367286,21,858,1836
10433021877,10433021874,-3,848,3481
10434051482,10434051475,-7,1004,2828
10451107620,10451107615,-5,1090,3283
10453686637,10453686634,-3,1229,2695
10456512082,10456512076,-6,1231,3252
10458089559,10458089553,-6,1052,3189
10458979618,10458979614,-4,1111,3449
10459347519,10459347500,-19,55910,126649
10462364280,10462364280,0,1556,1995
10470469418,10470469414,-4,1270,3877
10471064839,10471064832,-7,612,1522
10472098654,10472098650,-4,1194,5041
10473674839,10473674839,0,1223,2343
10479396586,10479396590,4,2658,1973
10481200996,10481200999,3,1671,984
10496468078,10496468072,-6,1120,2881
10499838270,10499838265,-5,1127,3395
10499976673,10499976660,-13,242,1090
10504054500,10504054493,-7,1134,2725
10504920364,10504920360,-4,821,1675
10505446466,10505446453,-13,933,1355
10513568504,10513568499,-5,1172,4267
10522229311,10522229310,-1,515,1012
10523549795,10523549791,-4,1233,3105
10526789058,10526789065,7,2558,982
10529322529,10529322522,-7,966,3740
10533405886,10533405881,-5,979,3449
10534007780,10534007796,16,467,2377
10537558474,10537558469,-5,989,3903
10537907170,10537907165,-5,925,2290
10544710209,10544710205,-4,1447,4497
10547005594,10547005588,-6,897,3849
10556001689,10556001685,-4,1123,2689
10560482570,10560482564,-6,1092,3868
10563269945,10563269944,-1,1184,2858
10569878233,10569878234,1,1344,1237
10570257026,10570257035,9,109,710
10574609698,10574609701,3,45403,3204
10580589926,10580589927,1,1572,1639
10581264039,10581264034,-5,1112,3325
10581821822,10581821815,-7,902,3806
10582885873,10582885869,-4,993,3845
10592498897,10592498893,-4,1261,2866
10593187188,10593187182,-6,1074,3832
10614702345,10614702338,-7,1211,5421
10615362729,10615362725,-4,633,1983
10623124350,10623124359,9,6245,38225
10624190546,10624190542,-4,1017,2131
10624277929,10624277933,4,2354,2099
10624728355,10624728350,-5,1049,3310
10626205138,10626205134,-4,1288,2881
10628271323,10628271318,-5,927,3167
10632465602,10632465598,-4,1340,3298
10633189819,10633189826,7,25562,17222
10634409202,10634409203,1,1801,1506
10639117582,10639117596,14,813,2550
10639530495,10639530492,-3,1061,3013
10644406099,10644406093,-6,767,3400
10649115168,10649115165,-3,1266,2847
10651317401,10651317401,0,1326,1249
10652937493,10652937486,-7,1504,5182
10655446864,10655446861,-3,1150,4009
10656098806,10656098802,-4,1006,2860
10659438328,10659438333,5,23085,16998
10659504111,10659504107,-4,1326,5017
10662381333,10662381330,-3,1330,2894
10669736918,10669736913,-5,771,1720
10670823006,10670823001,-5,830,3390
10670946391,10670946387,-4,1373,2710
10671867301,10671867305,4,8515,4626
10673638334,10673638327,-7,1321,2958
10674327353,10674327350,-3,1143,2720
10675481927,10675481922,-5,1230,2720
10676867297,10676867293,-4,603,3587
10676897130,10676897110,-20,105,855
10679176571,10679176565,-6,823,3508
10680856695,10680856689,-6,1126,3752
10682252882,10682252877,-5,1152,3473
10685883641,10685883638,-3,977,3470
10686604890,10686604885,-5,812,2547
10691055096,10691055093,-3,874,3057
10692332452,10692332470,18,313,1815
10693645562,10693645564,2,2089,1764
10699178821,10699178826,5,2178,1268
10701284971,10701284967,-4,948,1920
10715216099,10715216093,-6,1140,2533
10715499562,10715499554,-8,1012,2569
10715807665,10715807683,18,712,1752
10727218145,10727218143,-2,4108,8220
10733476818,10733476814,-4,1188,3306
10740849826,10740849821,-5,1052,2709
10741631249,10741631244,-5,952,2631
10745065034,10745065030,-4,1120,3739
10748939610,10748939607,-3,647,287
10749796384,10749796402,18,160,1052
10750605178,10750605197,19,295,1548
10755465112,10755465109,-3,734,2396
10757742671,10757742674,3,1221,1506
10767999691,10767999682,-9,870,2610
10770225031,10770225027,-4,592,1957
10772841342,10772841338,-4,1397,3915
10779900759,10779900755,-4,541,2600
10786805386,10786805381,-5,908,3111
10787052371,10787052365,-6,981,3956
10787789999,10787789993,-6,856,3731
10791265367,10791265386,19,269,1226
10794011478,10794011474,-4,28224,11353
10794418551,10794418546,-5,1050,2004
10799030703,10799030701,-2,695,1199
10802594112,10802594106,-6,976,2438
10804059531,10804059515,-16,258,990
10804651681,10804651673,-8,464,1256
10806090382,10806090370,-12,159,1067
10807917563,10807917556,-7,885,3271
10814438970,10814438967,-3,1326,2281
10819664510,10819664504,-6,459,2112
10830349534,10830349513,-21,2570,686
10831566791,10831566786,-5,756,1924
10837553446,10837553441,-5,912,2571
10840541599,10840541594,-5,972,3514
10841272801,10841272818,17,618,3053
10841548370,10841548365,-5,1144,2290
10844817213,10844817211,-2,1131,2078
10844889572,10844889571,-1,22,738
10845954804,10845954797,-7,1408,4043
10856529439,10856529433,-6,765,3769
10857127941,10857127929,-12,827,3377
10860189428,10860189422,-6,1306,4452
10860366761,10860366769,8,254,849
10864089143,10864089138,-5,1395,3280
10869762293,10869762286,-7,660,2329
10877605831,10877605826,-5,1058,3679
10877970566,10877970565,-1,1127,1702
10883196307,10883196296,-11,850,1311
10884936572,10884936565,-7,1271,2843
10886007702,10886007698,-4,756,2200
10900194726,10900194727,1,1094,1817
10903432006,10903431999,-7,1154,4827
10909561207,10909561202,-5,1463,3312
10909738135,10909738130,-5,740,3011
10917108653,10917108648,-5,1047,3296
10917163355,10917163349,-6,863,2500
10917247054,10917247043,-11,12641,27282
10921295697,10921295700,3,2597,1770
10930763798,10930763794,-4,816,2545
10931377510,10931377505,-5,921,3335
10941092350,10941092346,-4,1006,2556
10941678543,10941678538,-5,1159,3735
10941996898,10941996904,6,190,1160
10943201371,10943201364,-7,1130,4662
10950968218,10950968211,-7,1222,3866
10951651574,10951651570,-4,1111,3505
10962746187,10962746203,16,16280,41049
10964512554,10964512550,-4,1141,3342
10964545793,10964545791,-2,1110,2652
10968062314,10968062309,-5,1198,3631
10968132994,10968133015,21,450,967
10968943128,10968943146,18,396,1378
10969776875,10969776869,-6,1194,4396
10977592539,10977592536,-3,1560,3409
10977671952,10977671949,-3,1222,2907
10981258171,10981258165,-6,562,3615
10981919685,10981919681,-4,856,3893
10985106897,10985106892,-5,1378,3113
10985537049,10985537038,-11,231,1287
10985625417,10985625407,-10,113,926
10989103193,10989103188,-5,733,2574
10989693522,10989693537,15,285,813
10991937327,10991937323,-4,1154,3022
10992448433,10992448415,-18,1200,3716
10998560009,10998560002,-7,1542,4324
10998707537,10998707537,0,347,1551
11000538187,11000538182,-5,516,1464
11000703042,11000703061,19,794,2943
11001919261,11001919254,-7,884,3815
11008000591,11008000587,-4,833,2183
11011341287,11011341286,-1,1549,1822
11013629641,11013629646,5,2076,1391
11015695942,11015695938,-4,1223,2557
11018126357,11018126353,-4,871,2919
11018927289,11018927290,1,1397,1758
11019358996,11019358993,-3,1502,2835
11024382987,11024382981,-6,728,2527
11026574737,11026574733,-4,813,2528
11026781402,11026781421,19,992,2784
11027314960,11027314978,18,1098,3146
11029892279,11029892273,-6,984,3082
11030742134,11030742128,-6,1131,3926
11031530045,11031530040,-5,1215,3226
11032412864,11032412859,-5,1394,3057
11032537978,11032537970,-8,263,1522
11032758275,11032758267,-8,73,1006
11033685190,11033685186,-4,1141,3766
11036267609,11036267601,-8,990,2418
11037179306,11037179301,-5,1048,2774
11041677553,11041677556,3,1872,1149
11041885821,11041885815,-6,1055,3030
11041993700,11041993710,10,229,941
11042758940,11042758942,2,2495,1458
11050081801,11050081796,-5,991,2541
11051445081,11051445074,-7,1140,3833
11052554859,11052554858,-1,826,2265
11053221498,11053221493,-5,906,3031
11054976030,11054976026,-4,1111,3757
11056810970,11056810965,-5,981,2392
11057869685,11057869686,1,935,1365
11059501470,11059501466,-4,1511,4046
11060322489,11060322482,-7,1007,3133
11060850680,11060850678,-2,1093,2227
11061880374,11061880368,-6,1016,2672
11063619007,11063619001,-6,721,1677
11066996326,11066996321,-5,1060,4337
11067167468,11067167483,15,281,1794
11071896070,11071896048,-22,2731,944
11078758870,11078758865,-5,894,2724
11079723752,11079723746,-6,1283,2822
11080005776,11080005768,-8,1548,2888
11080953356,11080953349,-7,2492,6066
11081753873,11081753888,15,105,1142
11086915178,11086915174,-4,1209,1760
11087949018,11087949020,2,1629,1572
11089903259,11089903263,4,3145,1588
11091037142,11091037136,-6,1241,4887
11095906114,11095906111,-3,1076,3710
11096962072,11096962067,-5,1027,2011
11099601326,11099601321,-5,884,2686
11099680673,11099680668,-5,1408,3297
11099760715,11099760694,-21,681,1794
11100160234,11100160230,-4,960,2280
11105785862,11105785858,-4,1046,2947
11106584087,11106584086,-1,1203,2249
11107268142,11107268138,-4,969,2341
11113324875,11113324877,2,1849,1730
11113621080,11113621074,-6,699,2152
11114412254,11114412250,-4,1288,3133
11119290177,11119290173,-4,980,3460
11127506403,11127506400,-3,1188,3516
11134438917,11134438919,2,1309,1102
11138284238,11138284236,-2,872,1753
11142937398,11142937394,-4,1212,2785
11144597109,11144597111,2,1967,1929
11145314922,11145314923,1,2906,3555
11164676823,11164676821,-2,783,3122
11172062131,11172062125,-6,1517,3214
11173555895,11173555895,0,1005,2059
11178173712,11178173707,-5,1364,3581
11178295583,11178295577,-6,1238,3000
11179734020,11179734018,-2,8194,10454
11187063179,11187063173,-6,929,2698
11187414801,11187414821,20,212,1140
11190282970,11190282970,0,1208,1708
11191742554,11191742548,-6,637,3533
11192270434,11192270432,-2,38,292
11196033334,11196033329,-5,1240,2843
11197645618,11197645614,-4,1134,2809
11203472986,11203472982,-4,1095,3274
11205567531,11205567527,-4,800,2004
11205755955,11205755969,14,593,1913
11209393456,11209393462,6,79374,35791
11209690362,11209690358,-4,1056,3072
11209746105,11209746099,-6,1266,3718
11216223026,11216223021,-5,1178,4084
11218786621,11218786622,1,2353,3677
11220297827,11220297821,-6,893,2221
11221290169,11221290165,-4,910,2413
11221791583,11221791577,-6,1233,2663
11226029730,11226029725,-5,863,3639
11226778170,11226778171,1,1303,1546
11228460690,11228460697,7,2398,1739
11228950017,11228950013,-4,1154,3175
11230407688,11230407682,-6,1293,2992
11232047906,11232047906,0,1735,1712
11238488055,11238488050,-5,1008,2799
11242085477,11242085473,-4,1308,3171
11243500461,11243500459,-2,1294,1850
11247000015,11247000010,-5,2375,6642
11250996222,11250996217,-5,1259,2378
11258974885,11258974878,-7,979,4322
11261221965,11261221961,-4,730,2554
11266475540,11266475535,-5,1197,3971
11271038323,11271038318,-5,1021,3117
11271190909,11271190905,-4,1432,3664
11272711158,11272711152,-6,784,3077
11273960906,11273960921,15,273,1396
11274235745,11274235731,-14,159,998
11276828077,11276828071,-6,2254,9927
11282541554,11282541551,-3,1138,1947
11287334134,11287334135,1,1255,1510
11289025204,11289025206,2,2347,2424
11289479807,11289479805,-2,857,1782
11291120215,11291120209,-6,1212,3730
11295602251,11295602246,-5,1371,4304
11297647737,11297647733,-4,1130,3057
11303936646,11303936641,-5,1621,4025
11311444506,11311444503,-3,1476,2364
11316196299,11316196295,-4,637,1692
11316887623,11316887616,-7,687,2326
11321630446,11321630440,-6,1519,4143
11322559000,11322558994,-6,1641,4134
11324042596,11324042609,13,61182,59638
11327400563,11327400549,-14,116,1787
11330853190,11330853190,0,4088,4613
11337621388,11337621382,-6,1079,3688
11340430705,11340430702,-3,1206,2516
11340503931,11340503937,6,319,927
11345163632,11345163616,-16,426,974
11348282266,11348282262,-4,1038,3313
11350791927,11350791924,-3,1026,2122
11356587498,11356587495,-3,878,1857
11356697692,11356697686,-6,1153,4447
11362923461,11362923457,-4,719,4339
11363866491,11363866488,-3,981,2557
11368000406,11368000402,-4,1126,3539
11369154346,11369154338,-8,172,1052
11373090085,11373090077,-8,893,4199
11373202616,11373202621,5,260,1208
11374635079,11374635074,-5,491,2220
11375283148,11375283160,12,1029,1149
11380073677,11380073685,8,2848,1147
11382951651,11382951654,3,2511,2247
11386082850,11386082862,12,100,722
11389150807,11389150802,-5,1138,2662
11392017027,11392017022,-5,1487,3104
11397297286,11397297268,-18,1859,409
11399562815,11399562810,-5,828,1596
11406712740,11406712725,-15,1091,8
11411291914,11411291910,-4,951,3608
11415328881,11415328876,-5,1216,3987
11415938994,11415939005,11,11809,45738
11416615358,11416615354,-4,908,3588
11428433052,11428433047,-5,1187,3076
11430152298,11430152294,-4,568,2715
11431433170,11431433167,-3,840,1513
11438688666,11438688662,-4,1074,3686
11448940754,11448940750,-4,1194,3701
11448984024,11448984042,18,861,2231
11453579201,11453579197,-4,864,2120
11453647675,11453647670,-5,772,3478
11453788822,11453788819,-3,842,2112
11453921946,11453921964,18,733,2933
11459443947,11459443943,-4,700,2963
11461152194,11461152185,-9,1342,3462
11465306240,11465306233,-7,916,4522
11466016985,11466016980,-5,1332,4596
11472268570,11472268565,-5,960,2184
11475273661,11475273658,-3,1069,2168
11475512868,11475512882,14,910,3684
11476460638,11476460633,-5,1273,3450
11480746287,11480746291,4,2386,2041
11483573389,11483573383,-6,982,1821
11488231674,11488231670,-4,812,3043
11488279558,11488279553,-5,1048,2775
11490338889,11490338909,20,177,969
11493175932,11493175932,0,30941,21310
11500258626,11500258621,-5,688,1703
11502385670,11502385665,-5,1142,3265
11506591230,11506591229,-1,12033,17970
11508504157,11508504153,-4,1194,3132
11512845816,11512845831,15,1504,1919
11514463687,11514463693,6,2592,1246
11515874547,11515874555,8,25166,18268
11518610677,11518610673,-4,1098,3467
11526178165,11526178161,-4,990,2081
11532420401,11532420408,7,3976,1637
11533142055,11533142050,-5,953,3793
11539390298,11539390298,0,1292,1727
11548470266,11548470262,-4,1058,3617
11549199651,11549199658,7,3049,1036
11549632823,11549632816,-7,859,3246
11549887362,11549887356,-6,1423,2818
11558176660,11558176656,-4,1321,2684
11560219054,11560219050,-4,1106,3614
11562999812,11562999808,-4,1517,3113
11567055265,11567055260,-5,870,2999
11567759401,11567759417,16,134,1632
11568355567,11568355565,-2,744,2641
11569873170,11569873172,2,2107,2193
11570104314,11570104311,-3,1082,3065
11574973615,11574973611,-4,2077,4087
11576773626,11576773621,-5,1287,3875
11583264135,11583264129,-6,862,2729
11584182968,11584182953,-15,217,830
11586533095,11586533092,-3,1181,2023
11600427990,11600427984,-6,881,3754
11606764780,11606764797,17,812,2946
11607915562,11607915558,-4,597,2927
11613849313,11613849309,-4,1049,2863
11615648258,11615648250,-8,1424,3532
11618707502,11618707508,6,3628,1256
11619537402,11619537398,-4,977,3316
11619877265,11619877261,-4,1114,3845
11621447655,11621447643,-12,1928,906
11623875839,11623875833,-6,598,3689
11623965391,11623965386,-5,988,2574
11629680594,11629680594,0,1165,1567
11638873311,11638873312,1,113,647
11643189158,11643189154,-4,1435,3501
11643885994,11643886010,16,324,1252
11644527553,11644527548,-5,1190,3063
11647347091,11647347085,-6,1245,3483
11652845506,11652845502,-4,953,2852
11654549699,11654549694,-5,678,2300
11654611352,11654611346,-6,1161,3632
11659879091,11659879086,-5,1060,3628
11668180890,11668180887,-3,1636,2812
11668464026,11668464022,-4,1129,2867
11671902831,11671902825,-6,1380,3993
11672687990,11672687994,4,1895,1156
11672933217,11672933210,-7,974,3714
11675519668,11675519662,-6,1323,3075
11676762769,11676762765,-4,567,1180
11676904202,11676904187,-15,374,1363
11677927091,11677927086,-5,1478,4106
11681516256,11681516253,-3,1208,2451
11682882363,11682882358,-5,283,1902
11685773596,11685773591,-5,1357,3037
11687008850,11687008844,-6,884,2516
11690344758,11690344754,-4,903,2410
11693386822,11693386822,0,1292,1844
11698302095,11698302090,-5,1501,3744
11698941328,11698941324,-4,1267,2872
11712114021,11712114017,-4,1010,2704
11716637702,11716637701,-1,1181,1850
11720261265,11720261262,-3,904,2806
11721111069,11721111069,0,1453,1910
11724721094,11724721091,-3,809,2433
11725446831,11725446826,-5,978,4458
11725658148,11725658163,15,657,2482
11730562715,11730562710,-5,991,2745
11734392269,11734392269,0,32381,33701
11736666567,11736666562,-5,989,2627
11747068103,11747068097,-6,769,3090
11747132827,11747132821,-6,975,3555
11747342035,11747342042,7,321,1472
11755766276,11755766280,4,3805,3015
11758626306,11758626302,-4,1190,3025
11758776677,11758776678,1,1284,1186
11760876121,11760876113,-8,1674,5075
11775631617,11775631614,-3,1329,1557
11776135159,11776135162,3,8687,7243
11776169408,11776169422,14,233,1056
11776481293,11776481290,-3,761,2260
11779101152,11779101166,14,1095,2866
11780948261,11780948277,16,671,1791
11785300919,11785300915,-4,868,2618
11789055706,11789055698,-8,816,1810
11798491145,11798491159,14,560,2084
11798695934,11798695930,-4,1034,3410
11799145239,11799145233,-6,765,3306
11799255321,11799255301,-20,147,1117
11801962067,11801962062,-5,1412,4813
11816504133,11816504130,-3,971,1794
11816571935,11816571938,3,3340,3975
11817753988,11817753995,7,12566,21366
11818605845,11818605841,-4,1734,3345
11823393050,11823393046,-4,996,3066
11825137071,11825137085,14,1407,2957
11825641211,11825641205,-6,1390,2759
11826073377,11826073370,-7,1467,8921
11826224293,11826224288,-5,952,3421
11829513962,11829513957,-5,898,1260
11832948268,11832948262,-6,995,2879
11833072723,11833072720,-3,1076,1871
11843772174,11843772179,5,4690,2824
11847514971,11847514966,-5,788,4048
11851320998,11851320992,-6,974,2733
11853026283,11853026281,-2,794,2277
11856154634,11856154629,-5,884,3770
11859193331,11859193326,-5,744,2407
11868414903,11868414899,-4,1076,3878
11869088946,11869088941,-5,835,3016
11871073509,11871073502,-7,1301,4431
11873163978,11873163965,-13,218,914
11878402956,11878402949,-7,799,3254
11882121859,11882121856,-3,778,2744
11886829579,11886829575,-4,556,1966
11886968418,11886968414,-4,135,684
11887576615,11887576610,-5,873,2249
11887996874,11887996894,20,566,3111
11889872214,11889872221,7,2428,1139
11893719417,11893719410,-7,1479,4520
11894725658,11894725653,-5,1035,3382
11900369239,11900369254,15,341,2574
11901465035,11901465033,-2,1114,1624
11908547555,11908547550,-5,1192,3455
11914249606,11914249602,-4,1001,2916
11914647881,11914647876,-5,917,2665
11914735664,11914735658,-6,1021,3672
11918696959,11918696958,-1,840,1205
11920660482,11920660475,-7,1212,3378
11922078935,11922078929,-6,934,3107
11922496034,11922496033,-1,923,2274
11924093298,11924093294,-4,2464,6444
11926202909,11926202904,-5,979,2746
11929291045,11929291051,6,2319,967
11930426647,11930426643,-4,807,3208
11931112824,11931112817,-7,859,3680
11942173074,11942173070,-4,1554,3115
11945009680,11945009674,-6,982,2425
11947229989,11947229988,-1,3597,14244
11962885727,11962885731,4,934,1093
11964470113,11964470110,-3,777,2372
11967151422,11967151417,-5,1967,5086
11967533825,11967533821,-4,1337,3955
11975902911,11975902906,-5,1027,4823
11976740623,11976740617,-6,1004,4424
11977012953,11977012958,5,582,1641
11979395514,11979395509,-5,729,1366
11979847434,11979847429,-5,1342,4006
11979876786,11979876803,17,333,1636
11985824716,11985824711,-5,985,3563
11987713875,11987713869,-6,1255,3197
11993645681,11993645673,-8,849,4419
11997006729,11997006726,-3,905,2097
11997086975,11997086971,-4,918,3200
12002639702,12002639698,-4,1810,2616
12005805633,12005805629,-4,1295,3514
12006493884,12006493894,10,431,948
12008631530,12008631524,-6,803,3235
12009365722,12009365715,-7,1014,2545
12018333337,12018333333,-4,1526,2808
12021247590,12021247594,4,2279,2676
12022759942,12022759935,-7,1030,3135
12025590190,12025590184,-6,1069,5182
12026395000,12026394996,-4,1106,3442
12027665291,12027665286,-5,658,3142
12029427950,12029427947,-3,1314,2349
12031194438,12031194430,-8,963,3500
12035252891,12035252885,-6,1004,2144
12040018143,12040018139,-4,1111,1794
12041953002,12041952998,-4,945,3603
12046211523,12046211517,-6,1048,3108
12047414583,12047414578,-5,1124,3109
12053401669,12053401665,-4,880,4239
12053649032,12053649017,-15,66,737
12055287241,12055287257,16,764,1815
12063115701,12063115706,5,4666,2325
12070123195,12070123191,-4,581,1696
12071451663,12071451660,-3,931,2208
12077413007,12077413009,2,1873,2095
12083706306,12083706302,-4,1190,2191
12083946402,12083946405,3,3037,2490
12092753021,12092753017,-4,1196,3470
12094380946,12094380941,-5,1156,2859
12096947807,12096947802,-5,1259,3613
12109659853,12109659835,-18,542,1481
12116472556,12116472555,-1,3065,3243
12118234255,12118234249,-6,1075,3065
12118685566,12118685562,-4,1261,3357
12119898267,12119898261,-6,972,4139
12122704159,12122704157,-2,1259,2610
12124374269,12124374266,-3,954,2021
12126489170,12126489165,-5,1562,3075
12129423462,12129423462,0,1239,1906
12130125000,12130125013,13,191,1337
12131436618,12131436616,-2,1583,1801
12133087291,12133087286,-5,1271,3414
12133281515,12133281513,-2,1001,878
12135516847,12135516863,16,17277,25551
12141081768,12141081763,-5,1068,3533
12141397516,12141397513,-3,992,2460
12145967686,12145967682,-4,805,3685
12147499644,12147499638,-6,1057,2621
12147768657,12147768678,21,1248,1675
12150493083,12150493079,-4,1357,3701
12151099105,12151099086,-19,81,1755
12151877706,12151877705,-1,1366,2209
12152923294,12152923290,-4,1258,2428
12154934427,12154934422,-5,1475,2501
12155969425,12155969427,2,34771,23274
12160674587,12160674586,-1,2136,1766
12167584011,12167584005,-6,1082,3076
12173259579,12173259574,-5,1326,4884
12177013202,12177013199,-3,919,2874
12179845935,12179845929,-6,1033,4033
12179874903,12179874897,-6,1068,3569
12180067455,12180067449,-6,935,2924
12183185632,12183185628,-4,1153,3352
12185083957,12185083952,-5,1087,2926
12188628798,12188628794,-4,943,2652
12189259920,12189259943,23,1139,3154
12193360745,12193360739,-6,799,2946
12193907347,12193907362,15,363,1971
12196224595,12196224589,-6,1101,3625
12211804319,12211804315,-4,1586,3619
12214912055,12214912059,4,2313,1384
12224669186,12224669181,-5,1115,2626
12227990757,12227990754,-3,972,3178
12231858918,12231858913,-5,1441,3421
12236223901,12236223897,-4,1167,2039
12237585722,12237585701,-21,1256,972
12238444202,12238444216,14,467,1618
12240153785,12240153790,5,4210,1698
12240231910,12240231903,-7,847,1884
12240502186,12240502181,-5,959,3821
12240645254,12240645248,-6,472,2335
12240806121,12240806138,17,165,853
12243180290,12243180286,-4,1173,2848
12244798173,12244798177,4,4443,2568
12246482685,12246482681,-4,907,2957
12249962306,12249962302,-4,1023,3546
12252791432,12252791427,-5,832,1612
12257036850,12257036846,-4,1360,3593
12257287580,12257287594,14,755,2718
12261299291,12261299286,-5,637,1706
12266376495,12266376488,-7,1023,3689
12266510540,12266510534,-6,892,2224
12273694157,12273694151,-6,1086,3527
12276209343,12276209338,-5,1254,3690
12279630827,12279630824,-3,989,2395
12282086862,12282086854,-8,1306,4328
12291290000,12291289997,-3,1486,2660
12291803302,12291803296,-6,1906,3753
12292173165,12292173160,-5,954,2598
12293982400,12293982395,-5,754,2951
12295282473,12295282466,-7,1028,3248
12295501424,12295501443,19,421,1575
12301940871,12301940871,0,1143,1198
12302112106,12302112103,-3,1008,2440
12309337540,12309337558,18,718,2463
12314954011,12314954006,-5,1079,3524
12315347169,12315347173,4,1677,1051
12319466498,12319466490,-8,484,2028
12322884451,12322884446,-5,916,2454
12323260552,12323260549,-3,1174,3227
12325863819,12325863825,6,2340,1084
12327630502,12327630497,-5,833,2906
12329666766,12329666760,-6,931,3339
12337555772,12337555765,-7,926,3679
12338101027,12338101041,14,693,2663
12342184551,12342184546,-5,625,1607
12344989785,12344989795,10,16468,20973
12347864782,12347864778,-4,1026,3506
12349109058,12349109074,16,145,788
12352435373,12352435367,-6,1309,3898
12359905474,12359905470,-4,1194,3308
12363419250,12363419256,6,9811,4602
12367434726,12367434718,-8,1044,5275
12368425000,12368424994,-6,1169,3011
12368806326,12368806322,-4,1017,3000
12369237130,12369237126,-4,1163,3311
12370172802,12370172822,20,956,1972
12372400783,12372400778,-5,962,2871
12381948494,12381948499,5,2444,1396
12394245981,12394245982,1,1324,1952
12397926589,12397926584,-5,824,1866
12398084048,12398084038,-10,164,1433
12402435621,12402435615,-6,1659,3439
12406074015,12406074009,-6,1089,2928
12425947583,12425947575,-8,1157,4618
12428598662,12428598656,-6,1223,2999
12442658918,12442658913,-5,707,2814
12445863875,12445863869,-6,514,1359
12447481209,12447481203,-6,1176,4381
12447599073,12447599092,19,1076,3328
12450364850,12450364849,-1,1259,1796
12458421558,12458421553,-5,717,3194
12458785924,12458785922,-2,1162,2513
12459175887,12459175886,-1,1327,1956
12461568299,12461568296,-3,967,3541
12462455462,12462455460,-2,1182,1333
12463496783,12463496779,-4,982,2879
12467707983,12467707977,-6,1363,3222
12468041484,12468041479,-5,1026,2782
12469207871,12469207863,-8,893,3162
12469538182,12469538176,-6,831,2639
12478676778,12478676773,-5,970,2472
12478891655,12478891649,-6,1129,2864
12485997339,12485997334,-5,1083,2836
12491697858,12491697854,-4,1122,4335
12491809194,12491809207,13,452,1556
12495759083,12495759081,-2,1258,2537
12500309571,12500309566,-5,1272,3321
12501603963,12501603960,-3,729,2693
12502798308,12502798304,-4,965,3060
12503191112,12503191126,14,835,4762
12506325654,12506325652,-2,2419,3972
12510652942,12510652935,-7,883,2689
12511721396,12511721412,16,564,1722
12514924450,12514924446,-4,827,2195
12518158299,12518158294,-5,810,3128
12522587973,12522587969,-4,1168,3230
12522698254,12522698250,-4,1052,2766
12524900162,12524900158,-4,1108,2970
12525601224,12525601218,-6,944,3141
12527607475,12527607469,-6,658,2958
12538231132,12538231127,-5,1519,3954
12539326814,12539326810,-4,1371,2444
12539834096,12539834094,-2,1298,1564
12542301162,12542301158,-4,818,2674
12548153170,12548153174,4,1320,777
12551570954,12551570949,-5,1079,3662
12552158790,12552158786,-4,1264,4113
12552422811,12552422796,-15,981,3154
12558890353,12558890348,-5,970,3189
12564183615,12564183610,-5,931,3346
12565963838,12565963832,-6,879,1961
12568736166,12568736162,-4,612,1878
12574792542,12574792537,-5,1073,3744
12575041298,12575041318,20,751,1390
12576870179,12576870174,-5,881,2457
12581091837,12581091836,-1,1407,2253
12581962834,12581962829,-5,803,2286
12584504867,12584504862,-5,408,1165
12585182942,12585182937,-5,865,3872
12599601415,12599601409,-6,695,2798
12606293526,12606293526,0,2781,3761
12611691325,12611691320,-5,1156,3699
12612180360,12612180354,-6,1201,4105
12616774738,12616774735,-3,758,2936
12617831645,12617831642,-3,1303,2214
12619745714,12619745708,-6,808,2399
12621582531,12621582530,-1,284,1470
12625106179,12625106174,-5,975,3270
12627047226,12627047222,-4,924,2305
12631852346,12631852343,-3,1262,2883
12637360351,12637360347,-4,1369,2542
12642981502,12642981495,-7,1035,3933
12643693566,12643693561,-5,1389,4386
12643747634,12643747652,18,725,2594
12644581945,12644581942,-3,597,1254
12649805817,12649805814,-3,903,3460
12654778639,12654778636,-3,1012,2794
12655003171,12655003167,-4,847,2996
12660179078,12660179086,8,14070,24490
12661282835,12661282830,-5,713,1827
12666115031,12666115025,-6,1329,3372
12667092819,12667092814,-5,1217,3580
12667375371,12667375365,-6,490,1847
12668590754,12668590749,-5,1492,2877
12669253785,12669253782,-3,1043,3102
12673326841,12673326837,-4,1041,3832
12675221875,12675221870,-5,984,3138
12675749898,12675749916,18,379,1699
12684299989,12684299986,-3,1057,2200
12687620832,12687620840,8,1978,1176
12687798284,12687798280,-4,1095,2918
12689740830,12689740826,-4,1051,2569
12689797105,12689797126,21,864,2739
12692197222,12692197218,-4,1279,2970
12692391259,12692391278,19,394,940
12702153675,12702153669,-6,1179,3701
12706470772,12706470767,-5,1131,1919
12709663855,12709663850,-5,773,2279
12709714562,12709714545,-17,104,983
12728654866,12728654860,-6,1089,3451
12729228445,12729228440,-5,1223,3804
12729519108,12729519126,18,791,2906
12731163562,12731163558,-4,1113,3165
12734002638,12734002634,-4,819,2500
12734556181,12734556178,-3,982,2601
12735159958,12735159953,-5,1243,3167
12750722134,12750722130,-4,1212,4054
12754509039,12754509033,-6,1194,3229
12772188621,12772188617,-4,1023,3119
12778714299,12778714301,2,2678,3974
12786682390,12786682389,-1,722,2190
12791886895,12791886889,-6,1588,3543
12795938538,12795938532,-6,639,3739
12803475574,12803475573,-1,1089,2186
12803573633,12803573628,-5,1107,2852
12804098588,12804098567,-21,884,2740
12805847012,12805847006,-6,1127,4023
12806228393,12806228413,20,232,1492
12807079273,12807079266,-7,967,2721
12808159586,12808159581,-5,1064,3957
12810631106,12810631101,-5,842,2157
12817686125,12817686119,-6,1792,4355
12818526000,12818525986,-14,1121,2589
12831856786,12831856781,-5,1383,2934
12833876570,12833876559,-11,600,3711
12837292411,12837292407,-4,887,2158
12838099806,12838099807,1,1199,1331
12842702936,12842702931,-5,846,2364
12844650714,12844650709,-5,1175,3399
12844828868,12844828887,19,603,3449
12845360323,12845360318,-5,1056,3168
12853115414,12853115397,-17,794,276
12853492695,12853492690,-5,680,2379
12853520653,12853520647,-6,1396,4857
12855129705,12855129711,6,3805,1851
12862617529,12862617526,-3,460,1502
12863541403,12863541398,-5,1099,2601
12869524882,12869524880,-2,911,1777
12871535738,12871535733,-5,1102,3738
12871753728,12871753711,-17,122,656
12872079491,12872079487,-4,800,3339
12875306011,12875306004,-7,1252,1961
12875720763,12875720758,-5,1274,3194
12879703262,12879703257,-5,1482,3597
12880361535,12880361534,-1,1257,2771
12880498881,12880498867,-14,311,847
12881227075,12881227070,-5,977,3362
12881468250,12881468247,-3,122,851
12883028729,12883028724,-5,1180,2854
12884944362,12884944357,-5,670,2744
12887410845,12887410842,-3,873,3091
12896780630,12896780627,-3,818,2392
12910417720,12910417714,-6,1316,4535
12911491270,12911491266,-4,1091,2355
12913967720,12913967726,6,2109,1053
12915311674,12915311669,-5,1491,5241
12917480849,12917480842,-7,893,2533
12917705420,12917705423,3,1293,966
12924153919,12924153914,-5,1101,2856
12925180763,12925180759,-4,1204,2745
12925410707,12925410721,14,808,2964
12925552189,12925552183,-6,589,2862
12926319375,12926319371,-4,864,2040
12927297562,12927297558,-4,749,3763
12928368996,12928369013,17,598,1676
12933697195,12933697190,-5,1112,2807
12935906897,12935906893,-4,1016,2269
12936032074,12936032071,-3,954,3338
12941104182,12941104177,-5,935,4097
12941351115,12941351131,16,741,1967
12944180734,12944180730,-4,1379,2655
12955665522,12955665518,-4,1147,2527
12962614281,12962614276,-5,1160,3638
12967322971,12967322966,-5,892,2190
12971203222,12971203217,-5,557,1571
12973131110,12973131107,-3,744,2001
12976448285,12976448281,-4,1183,4250
12976632532,12976632546,14,152,1107
12984304214,12984304210,-4,814,3086
12996247899,12996247895,-4,991,1843
12996307200,12996307219,19,733,2535
12997147556,12997147560,4,7467,25559
12997871937,12997871942,5,3957,2225
12997943000,12997943005,5,4868,1832
13007424895,13007424889,-6,855,1728
13013343429,13013343424,-5,1142,4102
13013888053,13013888058,5,1288,1143
13014919605,13014919601,-4,1681,3253
13020710678,13020710673,-5,930,3021
13023620496,13023620491,-5,611,3130
13027180579,13027180574,-5,1314,2394
13031599798,13031599795,-3,452,2398
13031764313,13031764329,16,115,864
13033077279,13033077274,-5,1085,2753
13038062398,13038062392,-6,1162,3646
13038473319,13038473313,-6,1372,2878
13049128870,13049128867,-3,894,3323
13049479382,13049479378,-4,930,2934
13051809977,13051809965,-12,222,755
13053051693,13053051685,-8,1244,4453
13053136626,13053136642,16,148,1912
13053174392,13053174375,-17,91,987
13054902155,13054902149,-6,1771,3043
13054968402,13054968398,-4,1362,3869
13056693283,13056693278,-5,977,2584
13057558304,13057558302,-2,498,913
13060011116,13060011109,-7,1380,4737
13060080785,13060080766,-19,1249,2591
13060327676,13060327694,18,235,879
13067186795,13067186791,-4,830,3104
13067230899,13067230897,-2,1020,2881
13069934875,13069934870,-5,1305,3995
13072513017,13072513013,-4,830,3054
13073238947,13073238966,19,439,2454
13076220085,13076220081,-4,1543,2743
13077777466,13077777448,-18,180,775
13078310928,13078310925,-3,960,2556
13078663601,13078663595,-6,1322,3744
13080926103,13080926099,-4,1783,3348
13084781820,13084781813,-7,921,3056
13093324764,13093324762,-2,2293,3805
13103118715,13103118712,-3,1073,4469
13106896154,13106896150,-4,1374,4135
13111733418,13111733411,-7,738,3704
13124775600,13124775594,-6,1185,4297
13125557306,13125557327,21,647,3116
13126782367,13126782362,-5,1274,3122
13126921441,13126921462,21,1061,4027
13128632161,13128632156,-5,1114,4228
13128697370,13128697386,16,82,950
13131878141,13131878150,9,2745,934
13135144018,13135144014,-4,867,3211
13135252665,13135252650,-15,976,1943
13135649697,13135649715,18,527,1444
13143449502,13143449496,-6,694,2624
13148711868,13148711865,-3,1424,2516
13149097942,13149097938,-4,1136,2850
13149721113,13149721108,-5,1006,3710
13152861527,13152861522,-5,1148,3282
13155365388,13155365383,-5,898,2452
13156024815,13156024810,-5,950,3788
13156271316,13156271323,7,157,1312
13163175390,13163175386,-4,847,3149
13167141776,13167141779,3,1346,936
13170428511,13170428506,-5,535,1750
13171369121,13171369119,-2,1170,1481
13175843257,13175843254,-3,1224,2729
13186861645,13186861645,0,5825,7777
13187271926,13187271923,-3,1193,2765
13188761094,13188761087,-7,941,2209
13195032902,13195032899,-3,1477,2992
13200381216,13200381212,-4,1154,3387
13209767574,13209767570,-4,885,2526
13210289592,13210289615,23,532,2214
13213519753,13213519773,20,1043,3356
13213995617,13213995631,14,1059,2948
13219084186,13219084184,-2,1171,3170
13219280230,13219280228,-2,1044,1852
13221447963,13221447958,-5,1145,3779
13222928575,13222928569,-6,1529,4143
13224028641,13224028647,6,4590,2828
13233011979,13233011976,-3,1133,4041
13236416353,13236416348,-5,1078,3551
13244968763,13244968758,-5,648,2828
13254461910,13254461905,-5,1064,2716
13255073031,13255073030,-1,1492,2841
13259602914,13259602909,-5,1079,3893
13262815295,13262815290,-5,1103,3680
13263675883,13263675877,-6,215,988
13268170334,13268170328,-6,1532,4403
13271305255,13271305250,-5,1366,2684
13272905056,13272905058,2,1995,1487
13274883042,13274883037,-5,1328,4307
13275935658,13275935647,-11,1384,3417
13276901190,13276901185,-5,1314,3677
13279863811,13279863807,-4,793,2777
13282649311,13282649306,-5,992,3204
13283381163,13283381158,-5,1147,3138
13283694654,13283694655,1,1519,1753
13288746029,13288746024,-5,1303,3697
13289306110,13289306105,-5,772,2607
13290433991,13290433985,-6,1089,4554
13291940499,13291940494,-5,1375,2717
13293378497,13293378491,-6,1199,2997
13295984012,13295984006,-6,969,3449
13299404297,13299404298,1,1269,1491
13303649102,13303649097,-5,1197,3197
13306531615,13306531613,-2,862,1743
13307572131,13307572129,-2,667,2616
13312581914,13312581914,0,3166,3564
13316880336,13316880332,-4,785,2644
13317562178,13317562174,-4,1151,2647
13322738678,13322738670,-8,219,1038
13324750130,13324750126,-4,1209,3287
13329367273,13329367274,1,3361,4433
13333069920,13333069914,-6,1177,4538
13336137139,13336137136,-3,571,1996
13338073478,13338073471,-7,1071,4666
13338445558,13338445553,-5,979,3435
13340768750,13340768745,-5,1091,2970
13346317973,13346317967,-6,1107,3279
13346473468,13346473458,-10,162,1008
13354379065,13354379062,-3,835,1320
13358405724,13358405718,-6,1227,3850
13360161488,13360161497,9,240,1319
13361692768,13361692762,-6,1225,4268
13362273757,13362273757,0,939,2000
13364243843,13364243839,-4,1210,1943
13365345558,13365345558,0,3040,2489
13365500849,13365500846,-3,769,2499
13366025643,13366025638,-5,706,2815
13372509062,13372509055,-7,853,3961
13380204767,13380204763,-4,1198,4175
13380252979,13380252999,20,657,1737
13381389184,13381389183,-1,828,1901
13383673293,13383673299,6,2906,1328
13387679148,13387679143,-5,642,2809
13393199807,13393199804,-3,1521,1975
13395072219,13395072214,-5,970,3804
13396720918,13396720910,-8,24521,12312
13397044180,13397044175,-5,1380,3336
13403128886,13403128882,-4,867,2162
13407358715,13407358709,-6,1172,3756
13411871335,13411871330,-5,1366,4172
13412906775,13412906769,-6,1118,3810
13413141947,13413141965,18,85,787
13416259910,13416259905,-5,963,2314
13418132146,13418132147,1,1606,2210
13418160690,13418160686,-4,1082,2843
13418348105,13418348100,-5,678,1945
13421687890,13421687886,-4,1212,2804
13422354106,13422354114,8,2171,1071
13430084284,13430084287,3,1609,1299
13434781404,13434781400,-4,785,2636
13437151863,13437151857,-6,1053,2666
13437561690,13437561690,0,9988,15467
13440521198,13440521195,-3,935,3315
13442978909,13442978905,-4,1180,2808
13443960878,13443960874,-4,1267,2876
13445070721,13445070717,-4,1533,2922
13447599139,13447599134,-5,1293,3378
13448870086,13448870082,-4,1073,3227
13452918747,13452918744,-3,536,1797
13455125887,13455125882,-5,864,2188
13457171882,13457171874,-8,698,2117
13457811710,13457811706,-4,685,1461
13461554805,13461554798,-7,1020,2856
13464084706,13464084701,-5,633,3079
13470463016,13470463007,-9,496,5139
13472303251,13472303245,-6,988,2543
13476615799,13476615794,-5,1028,2231
13477850139,13477850134,-5,1039,3267
13481330671,13481330666,-5,1017,2600
13481423426,13481423407,-19,962,6555
13481823049,13481823066,17,832,2600
13483254117,13483254113,-4,1179,4211
13483829992,13483829996,4,12893,9344
13485089494,13485089489,-5,1290,3363
13489884208,13489884203,-5,1130,2933
13503540705,13503540705,0,1160,1511
13505121013,13505121017,4,5122,2732
13510966197,13510966193,-4,1222,2550
13515533758,13515533753,-5,991,3010
13515824857,13515824851,-6,1314,4284
13517942361,13517942357,-4,672,2551
13517998016,13517998034,18,987,4259
13519699538,13519699534,-4,1305,4314
13520290861,13520290863,2,862,788
13523414857,13523414852,-5,983,3079
13525845601,13525845594,-7,1315,3326
13527728166,13527728162,-4,1364,3898
13530468424,13530468418,-6,1049,3717
13536708163,13536708158,-5,1106,2990
13536800921,13536800938,17,1109,2651
13538224130,13538224129,-1,1235,1501
13540307299,13540307294,-5,833,2761
13551121330,13551121325,-5,660,1715
13554865030,13554865025,-5,1183,3849
13555546377,13555546372,-5,1190,2907
13555672496,13555672510,14,332,1277
13557367118,13557367112,-6,1042,2993
13558217071,13558217067,-4,844,2892
13563624047,13563624042,-5,875,1675
13572383999,13572383995,-4,992,3568
13576357003,13576356996,-7,1101,3786
13583429962,13583429958,-4,1080,2839
13583485376,13583485390,14,357,1054
13590143834,13590143830,-4,1245,2321
13592654327,13592654323,-4,961,3176
13594606828,13594606824,-4,819,2701
13597245743,13597245737,-6,1128,3492
13599658209,13599658205,-4,773,2920
13599737817,13599737833,16,330,1789
13603556239,13603556234,-5,1005,2724
13605450366,13605450363,-3,1035,2878
13608570854,13608570850,-4,878,2594
13611340522,13611340517,-5,991,3588
13612563758,13612563758,0,1315,3049
13612600038,13612600032,-6,1398,3130
13617205348,13617205342,-6,1234,3936
13622557876,13622557884,8,12702,36011
13625136158,13625136165,7,2475,996
13626232339,13626232329,-10,287,1415
13626386949,13626386944,-5,1154,3251
13627482145,13627482142,-3,1346,2446
13627726488,13627726495,7,186,1089
13628308513,13628308534,21,430,1939
13628873323,13628873318,-5,1044,3140
13630005281,13630005303,22,881,2036
13631357425,13631357421,-4,698,1616
13632662542,13632662538,-4,984,2367
13633793152,13633793173,21,274,1489
13638087511,13638087506,-5,1205,2820
13639974407,13639974402,-5,1012,2098
13651849519,13651849514,-5,974,3191
13652193891,13652193886,-5,149,1033
13652901282,13652901278,-4,997,1929
13653092587,13653092571,-16,1155,2364
13654152867,13654152865,-2,477,1907
13654561634,13654561629,-5,1092,3127
13655276719,13655276714,-5,1037,2945
13661426093,13661426089,-4,951,3195
13662391945,13662391937,-8,1382,3915
13664701881,13664701877,-4,1046,2013
13666166275,13666166270,-5,977,2353
13666975340,13666975354,14,985,1579
13670118967,13670118962,-5,1019,3969
13674607841,13674607860,19,2019,854
13678909875,13678909873,-2,37050,20581
13680036555,13680036549,-6,796,1851
13684752138,13684752134,-4,1337,3071
13686263498,13686263494,-4,1081,3376
13695516334,13695516337,3,1702,1469
13704153703,13704153694,-9,830,3792
13706277074,13706277075,1,2027,3136
13707858646,13707858647,1,1128,2330
13708872356,13708872353,-3,742,2295
13709635663,13709635660,-3,1370,2722
13715906953,13715906950,-3,5654,40484
13722155106,13722155102,-4,1173,2609
13736476074,13736476069,-5,1233,3645
13738166030,13738166024,-6,813,2760
13738655482,13738655478,-4,637,2302
13742166161,13742166155,-6,1211,4314
13743254807,13743254801,-6,1050,4329
13745335379,13745335373,-6,986,2523
13747436918,13747436914,-4,961,2542
13747483689,13747483702,13,261,2039
13749076598,13749076593,-5,1275,3349
13750206866,13750206859,-7,1130,3630
13750469032,13750469031,-1,1084,1967
13750653954,13750653967,13,769,2839
13756704185,13756704181,-4,1119,3630
13762338081,13762338075,-6,1008,2903
13764622939,13764622945,6,2512,1689
13765742266,13765742261,-5,1007,2511
13766062137,13766062133,-4,650,2125
13768582991,13768582986,-5,479,1791
13771762349,13771762345,-4,961,3536
13773003810,13773003806,-4,1012,3773
13778058018,13778058013,-5,1209,2706
13779544367,13779544362,-5,1082,2725
13783747202,13783747198,-4,1126,3059
13785353153,13785353158,5,2782,1305
13785991837,13785991818,-19,2168,1785
13788133999,13788133994,-5,1188,2871
13789069007,13789069002,-5,1091,3131
13790466706,13790466701,-5,1429,3490
13792447943,13792447937,-6,1254,3032
13792479923,13792479917,-6,1154,3103
13795379248,13795379249,1,1980,2034
13800405894,13800405889,-5,1155,4522
13801141032,13801141014,-18,1320,2029
13802160096,13802160113,17,269,1102
13802554171,13802554170,-1,221,788
13803918919,13803918911,-8,1551,3452
13804521610,13804521607,-3,22815,8377
13804721671,13804721666,-5,713,2538
13805592410,13805592405,-5,1054,2978
13807066919,13807066914,-5,1244,4263
13813392786,13813392782,-4,1003,3164
13823829199,13823829195,-4,1397,3908
13824655442,13824655447,5,2364,1193
13827809708,13827809704,-4,988,2436
13830228630,13830228625,-5,691,1528
13835122111,13835122106,-5,1236,3318
13836048506,13836048502,-4,891,2162
13844063359,13844063354,-5,1000,2522
13844763702,13844763696,-6,984,3679
13848365070,13848365066,-4,1159,3286
13848783330,13848783325,-5,1259,2887
13850485748,13850485737,-11,919,4197
13851890095,13851890089,-6,2344,7042
13859087434,13859087438,4,1211,1320
13868840508,13868840501,-7,826,1776
13871320075,13871320070,-5,1001,3051
13872664751,13872664757,6,1615,1470
13872711445,13872711439,-6,1080,3014
13873169551,13873169548,-3,962,2745
13874936561,13874936555,-6,1052,3366
13878152721,13878152718,-3,1332,2272
13878980220,13878980226,6,195,984
13879500427,13879500425,-2,233,716
13885460106,13885460103,-3,849,2221
13891047531,13891047524,-7,1047,3783
13901604537,13901604537,0,955,1832
13908466758,13908466753,-5,971,2521
13909830405,13909830402,-3,1307,2998
13910729897,13910729910,13,389,929
13914206157,13914206152,-5,1055,2715
13917013816,13917013813,-3,1459,3580
13921216509,13921216514,5,1355,971
13927553921,13927553915,-6,1216,3009
13931783147,13931783154,7,1802,865
13933145511,13933145507,-4,872,2077
13933175866,13933175885,19,838,1764
13934402690,13934402690,0,1730,1974
13939778346,13939778342,-4,850,2292
13953676159,13953676154,-5,685,3196
13953973925,13953973918,-7,841,3600
13954250992,13954250988,-4,963,2763
13957020064,13957020058,-6,913,2166
13958745341,13958745339,-2,2431,4700
13961085752,13961085746,-6,1038,2986
13964726896,13964726894,-2,4625,7293
13969556866,13969556870,4,4577,2326
13970001023,13970001017,-6,948,3886
13971501521,13971501533,12,108,903
13971782371,13971782378,7,2228,1328
13974566650,13974566645,-5,825,2351
13975462479,13975462486,7,9465,32344
13982532069,13982532074,5,3000,2038
13983524748,13983524744,-4,785,2869
13988392497,13988392490,-7,1218,3796
13999948721,13999948717,-4,1222,3264
14003497336,14003497334,-2,693,1866
14006679726,14006679722,-4,890,2827
14012193491,14012193488,-3,907,1927
14030843724,14030843718,-6,869,2525
14031273633,14031273613,-20,1156,2997
14031816346,14031816358,12,304,1672
14032655123,14032655117,-6,1083,3036
14037443686,14037443682,-4,1284,2575
14038516211,14038516205,-6,792,2437
14045613450,14045613445,-5,712,1314
14053310449,14053310444,-5,1149,3422
14056914171,14056914165,-6,1829,10391
14058196419,14058196418,-1,1482,2488
14059453850,14059453846,-4,435,2632
14060938303,14060938297,-6,843,1900
14074588938,14074588934,-4,1012,2621
14075198783,14075198777,-6,814,2722
14077175322,14077175318,-4,1211,2460
14081118311,14081118306,-5,744,2446
14087654898,14087654891,-7,812,2631
14088111711,14088111707,-4,999,2285
14088964955,14088964950,-5,685,2251
14099714670,14099714665,-5,752,2011
14101912239,14101912233,-6,1113,2922
14102047195,14102047192,-3,1064,2738
14108124641,14108124636,-5,900,3329
14140254537,14140254532,-5,1057,2988
14145258559,14145258556,-3,792,2660
14146315462,14146315458,-4,1039,2880
14148375500,14148375495,-5,838,2118
14149029040,14149029061,21,266,1321
14150345998,14150345994,-4,1309,2343
14151480497,14151480517,20,811,2605
14164413158,14164413158,0,5405,6060
14165838299,14165838296,-3,617,1862
14166555108,14166555125,17,186,1149
14167573207,14167573203,-4,979,2181
14169611424,14169611417,-7,1623,3598
14173386137,14173386134,-3,991,2752
14173957245,14173957242,-3,775,2109
14176956076,14176956076,0,2333,3159
14183721147,14183721142,-5,1052,3129
14184708698,14184708690,-8,26952,16166
14185484813,14185484807,-6,1036,3054
14197414286,14197414285,-1,246,1221
14201315057,14201315053,-4,796,1599
14204106701,14204106697,-4,1252,2653
14206020996,14206020990,-6,958,2410
14208271599,14208271595,-4,1542,3329
14208844439,14208844435,-4,1167,2222
14209471307,14209471305,-2,583,1995
14212651334,14212651329,-5,950,3074
14213154659,14213154643,-16,380,451
14213672763,14213672758,-5,1466,3995
14214816741,14214816746,5,4129,2585
14216345906,14216345900,-6,1078,3731
14220285498,14220285493,-5,1041,2901
14225519653,14225519649,-4,1169,3742
14227146361,14227146358,-3,2026,2800
14229731645,14229731640,-5,941,2172
14236167664,14236167657,-7,1177,3408
14238583816,14238583810,-6,994,3511
14243193687,14243193682,-5,945,2678
14246432426,14246432421,-5,913,3103
14247021704,14247021709,5,4077,2687
14249280955,14249280953,-2,755,2444
14249835907,14249835911,4,169,927
14252177423,14252177417,-6,1127,4113
14258602083,14258602089,6,3112,1343
14263963596,14263963594,-2,1328,2602
14269314498,14269314494,-4,1499,2441
14270391582,14270391579,-3,1413,4294
14271918158,14271918154,-4,919,2561
14276923768,14276923762,-6,813,2611
14277080154,14277080150,-4,697,2604
14277237427,14277237431,4,93,955
14291758723,14291758718,-5,877,2858
14292249119,14292249116,-3,1166,2695
14293953832,14293953828,-4,924,2911
14294469709,14294469704,-5,938,2972
14298591110,14298591105,-5,799,2181
14302477898,14302477893,-5,877,3254
14309176412,14309176408,-4,998,3428
14309594331,14309594327,-4,735,1943
14310899090,14310899080,-10,1373,3334
14314840874,14314840870,-4,831,2506
14318082455,14318082449,-6,899,2806
14320755302,14320755296,-6,757,3082
14321324013,14321324016,3,22745,28431
14323599493,14323599490,-3,1115,3263
14336496727,14336496724,-3,826,2943
14352562341,14352562346,5,2413,920
14355052398,14355052393,-5,1148,2983
14356589474,14356589469,-5,1546,2819
14357107678,14357107674,-4,913,1882
14360263062,14360263078,16,1430,2307
14366158179,14366158175,-4,1267,2777
14369097638,14369097632,-6,819,3830
14369532303,14369532299,-4,1100,2771
14371872846,14371872842,-4,1486,2664
14373711610,14373711606,-4,857,2930
14373919856,14373919872,16,168,970
14376548205,14376548199,-6,1109,2811
14376723090,14376723111,21,175,996
14377399087,14377399082,-5,1295,3416
14379156470,14379156465,-5,1305,3425
14382051734,14382051730,-4,1207,3040
14398124341,14398124346,5,5006,2004
14398414337,14398414333,-4,1403,2780
14399369615,14399369614,-1,18740,7497
14401482722,14401482718,-4,722,1846
14402284303,14402284298,-5,1034,3624
14406453602,14406453602,0,2083,2510
14409250115,14409250112,-3,720,1365
14412625814,14412625808,-6,1259,3404
14413398634,14413398614,-20,667,1884
14413805765,14413805766,1,1173,1574
14414150333,14414150329,-4,964,2779
14419846922,14419846917,-5,1287,4193
14421498960,14421498958,-2,1202,2100
14430315762,14430315756,-6,855,2451
14431789481,14431789497,16,1242,3413
14438146690,14438146684,-6,1079,2835
14441294691,14441294687,-4,711,2571
14445279810,14445279806,-4,1112,2913
14450133329,14450133329,0,20832,9603
14451128114,14451128110,-4,1303,4555
14451713057,14451713050,-7,2135,9161
14454282183,14454282178,-5,788,2697
14456356637,14456356632,-5,1029,2702
14456456308,14456456311,3,148,999
14456541675,14456541694,19,238,1059
14458208430,14458208426,-4,1180,3628
14461006589,14461006586,-3,1834,5169
14464196015,14464196009,-6,961,3483
14467055651,14467055642,-9,1422,3702
14472473557,14472473564,7,2318,1237
14477704776,14477704770,-6,1233,3307
14479832431,14479832425,-6,930,2684
14483128378,14483128372,-6,1354,3677
14491490448,14491490442,-6,1346,4098
14491639849,14491639869,20,314,1219
14496365866,14496365861,-5,728,3614
14496485219,14496485213,-6,808,3726
14496619689,14496619706,17,735,2723
14497373584,14497373580,-4,879,3776
14500891795,14500891790,-5,1279,5324
14501982955,14501982952,-3,791,3025
14504302378,14504302374,-4,819,2392
14505132410,14505132407,-3,1074,3093
14511597777,14511597777,0,1302,1403
14513339206,14513339201,-5,854,2413
14520975006,14520975002,-4,447,1943
14524702443,14524702438,-5,756,4158
14525442684,14525442682,-2,1300,2070
14527015811,14527015830,19,247,939
14532641532,14532641535,3,9286,6510
14532952114,14532952110,-4,938,3116
14542364326,14542364322,-4,879,3504
14542628417,14542628414,-3,956,2197
14548684162,14548684160,-2,1190,2889
14549237234,14549237232,-2,1084,2193
14549286038,14549286032,-6,382,1023
14552338970,14552338965,-5,1184,3575
14555668047,14555668041,-6,1257,3401
14556477205,14556477200,-5,1179,3611
14562771718,14562771714,-4,1626,2745
14563758590,14563758588,-2,927,2744
14565048547,14565048542,-5,980,3431
14569592345,14569592347,2,1050,1644
14570386985,14570387002,17,542,1862
14574024715,14574024713,-2,1185,1911
14575852006,14575852000,-6,1548,3449
14578997655,14578997649,-6,864,2570
14579386473,14579386469,-4,1226,3539
14585612126,14585612120,-6,920,3347
14593848461,14593848458,-3,892,3152
14598120126,14598120120,-6,851,3996
14599173670,14599173666,-4,777,1970
14601378111,14601378105,-6,957,3529
14602250337,14602250331,-6,931,3060
14602668950,14602668958,8,7284,1413
14610054311,14610054306,-5,905,3034
14611617583,14611617578,-5,861,2323
14611866358,14611866356,-2,2249,4262
14619782013,14619782008,-5,916,2655
14620939556,14620939562,6,2665,928
14623688027,14623688023,-4,713,3149
14637689359,14637689353,-6,876,3100
14637990819,14637990813,-6,1147,2427
14638215194,14638215189,-5,1033,3500
14639614105,14639614099,-6,1285,2944
14642819082,14642819079,-3,1399,2926
14643302334,14643302335,1,1519,1667
14644192814,14644192809,-5,1059,2449
14648282375,14648282370,-5,1153,1776
14652587410,14652587402,-8,1046,3317
14654495810,14654495803,-7,1831,5352
14654809869,14654809863,-6,1701,3366
14660794473,14660794467,-6,1189,4589
14661285463,14661285458,-5,927,1939
14663815311,14663815307,-4,893,2577
14668710265,14668710271,6,2554,1210
14672394323,14672394319,-4,1160,2753
14680268142,14680268138,-4,1328,4241
14683728710,14683728705,-5,730,2503
14684454442,14684454457,15,555,1856
14687956977,14687956968,-9,983,3157
14693353829,14693353826,-3,1019,3775
14693860113,14693860106,-7,1334,3426
14694782836,14694782832,-4,1034,1826
14697520901,14697520897,-4,799,3254
14698566472,14698566478,6,10006,2864
14701367880,14701367876,-4,1065,3215
14701818964,14701818974,10,387,1132
14710213674,14710213670,-4,1422,2086
14712012557,14712012553,-4,1149,2580
14712546215,14712546211,-4,759,3086
14714425250,14714425245,-5,772,2813
14717939238,14717939231,-7,1451,3975
14719025017,14719025005,-12,1115,2868
14725826627,14725826622,-5,1032,2235
14726113114,14726113094,-20,36,929
14728528450,14728528465,15,118,1093
14729965814,14729965810,-4,1210,2409
14743684813,14743684809,-4,1253,3035
14744844995,14744845012,17,363,1728
14748119125,14748119117,-8,1109,3125
14748224412,14748224425,13,576,2029
14750827718,14750827714,-4,742,2619
14750878801,14750878806,5,8392,23507
14759048343,14759048342,-1,1377,1654
14761330083,14761330079,-4,1453,2463
14768574031,14768574026,-5,1032,3846
14769416334,14769416330,-4,1676,25903
14769806846,14769806863,17,1698,1717
14770125916,14770125926,10,523,1784
14772946119,14772946113,-6,739,3024
14778605783,14778605778,-5,1164,3670
14785339380,14785339377,-3,1336,2709
14788870650,14788870637,-13,95,1017
14793857134,14793857129,-5,816,2313
14795193098,14795193091,-7,1087,3330
14797917901,14797917900,-1,1547,1447
14800486407,14800486404,-3,903,2758
14800691299,14800691294,-5,1250,4153
14809800958,14809800960,2,2478,2928
14810586783,14810586778,-5,749,3120
14816474033,14816474029,-4,936,2518
14817873631,14817873639,8,3340,1251
14818924574,14818924569,-5,996,2555
14819717367,14819717362,-5,680,2413
14824667234,14824667229,-5,934,5145
14826463185,14826463181,-4,820,2338
14826843609,14826843589,-20,174,1659
14830120778,14830120773,-5,1103,2759
14832596218,14832596214,-4,1049,3734
14834472377,14834472376,-1,1191,1614
14835327234,14835327237,3,154,1544
14835691253,14835691251,-2,569,2827
14837043155,14837043151,-4,1204,2902
14841392053,14841392049,-4,1180,3227
14843126133,14843126130,-3,1079,1972
14844737146,14844737142,-4,958,2927
14849507119,14849507114,-5,1186,3143
14852957615,14852957617,2,1084,1463
14856905831,14856905824,-7,857,3512
14858409945,14858409955,10,13227,21878
14861237025,14861237021,-4,1249,3006
14864311987,14864311981,-6,965,3879
14873095657,14873095650,-7,963,3312
14874301227,14874301222,-5,885,3138
14874404689,14874404705,16,884,2436
14879311455,14879311450,-5,739,3009
14886217502,14886217498,-4,785,3203
14889678352,14889678347,-5,592,2238
14890296427,14890296421,-6,2823,13532
14891017196,14891017190,-6,1213,2602
14891767723,14891767719,-4,1143,3572
14894213576,14894213581,5,2369,1201
14904716006,14904716000,-6,1359,6568
14905156012,14905156006,-6,1025,2506
14907568435,14907568427,-8,662,3106
14907819788,14907819806,18,1311,2138
14909955767,14909955761,-6,1150,3510
14911340735,14911340729,-6,559,3182
14911629635,14911629630,-5,891,2453
14916460830,14916460825,-5,798,1823
14921443215,14921443222,7,5251,2831
14921901674,14921901670,-4,986,3098
14923643775,14923643772,-3,388,1115
14927603195,14927603190,-5,934,2297
14928132217,14928132210,-7,1005,3158
14931367334,14931367329,-5,1134,3586
14935441115,14935441110,-5,1007,2353
14935761394,14935761410,16,919,3183
14937863605,14937863598,-7,1023,2989
14938820562,14938820561,-1,1177,2358
14944091712,14944091718,6,3008,1192
14944940547,14944940543,-4,1263,2550
14947749627,14947749624,-3,1031,3138
14958297409,14958297404,-5,1068,3019
14959978199,14959978195,-4,996,4059
14960318810,14960318805,-5,1055,2452
14963532954,14963532948,-6,1050,3232
14964047682,14964047695,13,219,928
14964480457,14964480441,-16,1092,2938
14968907778,14968907773,-5,1166,4355
14973614549,14973614545,-4,926,2859
14983826208,14983826202,-6,1260,2836
14990177846,14990177842,-4,718,1862
14993350670,14993350666,-4,793,2822
15006031494,15006031489,-5,1395,3122
15008695559,15008695553,-6,973,2986
15013966050,15013966045,-5,968,2367
15015770488,15015770482,-6,1378,3349
15020618829,15020618823,-6,1293,4122
15033943077,15033943076,-1,2040,1871
15034084178,15034084174,-4,935,2066
15034867465,15034867462,-3,1455,3496
15036799673,15036799669,-4,892,2553
15041654423,15041654418,-5,763,2410
15052117552,15052117546,-6,1065,2900
15052614803,15052614801,-2,1311,2802
15053180696,15053180702,6,201,1270
15054139820,15054139815,-5,695,1571
15055844927,15055844926,-1,1410,2054
15056937637,15056937633,-4,869,2495
15063474924,15063474918,-6,624,4227
15064845147,15064845142,-5,1224,2293
15065503643,15065503638,-5,932,2444
15065722352,15065722354,2,128,1584
15079476581,15079476577,-4,613,2401
15079597430,15079597428,-2,687,2052
15079661913,15079661914,1,115,932
15081215878,15081215873,-5,962,2691
15082350699,15082350694,-5,1234,3809
15082820927,15082820921,-6,619,2607
15085143772,15085143794,22,878,2460
15087390881,15087390876,-5,1200,2365
15094339907,15094339901,-6,1227,2344
15094435075,15094435070,-5,1196,3168
15095619551,15095619546,-5,1014,3085
15096561233,15096561242,9,18470,42580
15098175073,15098175068,-5,918,3246
15101751755,15101751750,-5,855,2421
15101990591,15101990590,-1,28233,23342
15102523117,15102523111,-6,779,1968
15105069581,15105069574,-7,531,2807
15107520686,15107520682,-4,750,2630
15113711970,15113711950,-20,3524,1302
15113979111,15113979109,-2,602,2718
15114160233,15114160254,21,823,3457
15115049439,15115049434,-5,1765,5467
15128271799,15128271793,-6,1244,3166
15128588952,15128588951,-1,222,1058
15130078992,15130078987,-5,1217,2418
15130457701,15130457696,-5,1271,4006
15133918342,15133918336,-6,671,2563
15133959785,15133959799,14,340,913
15136194393,15136194390,-3,1084,2074
15136601312,15136601302,-10,65,948
15138798095,15138798089,-6,634,2501
15147317382,15147317379,-3,463,3406
15147929448,15147929459,11,169,969
15148426602,15148426607,5,2037,880
15149744646,15149744641,-5,640,2269
15149795037,15149795032,-5,875,2873
15154574956,15154574949,-7,1140,2999
15156025024,15156025019,-5,1057,2858
15159264573,15159264569,-4,1202,2117
15163469517,15163469511,-6,972,2848
15170078311,15170078306,-5,742,2408
15176596194,15176596188,-6,970,3477
15176697640,15176697634,-6,156,1313
15179555430,15179555425,-5,1205,2508
15180726408,15180726402,-6,21,1277
15186792418,15186792413,-5,1438,3193
15188349522,15188349518,-4,937,2800
15189664999,15189664993,-6,882,3027
15190073403,15190073413,10,45,1023
15194688765,15194688762,-3,777,2004
15202346585,15202346580,-5,1391,3485
15207823628,15207823623,-5,1001,3803
15207984738,15207984734,-4,1280,4515
15209466222,15209466218,-4,821,1947
15211871766,15211871762,-4,1296,3400
15212288995,15212288990,-5,1117,3816
15212991700,15212991697,-3,1048,3369
15213048073,15213048073,0,248,1330
15213384769,15213384789,20,329,1299
15216419502,15216419497,-5,1111,2906
15219885407,15219885413,6,13428,22771
15224838263,15224838270,7,2213,1493
15226192630,15226192624,-6,1159,3042
15226291771,15226291763,-8,966,3563
15234829505,15234829501,-4,999,2330
15240425126,15240425122,-4,1091,1789
15242677419,15242677415,-4,916,2598
15243265824,15243265819,-5,1384,4214
15246599662,15246599657,-5,1775,3810
15247783114,15247783110,-4,365,1268
15248055297,15248055315,18,215,514
15248591596,15248591606,10,438,1946
15254743356,15254743351,-5,814,2731
15255552163,15255552157,-6,1115,2501
15257736893,15257736900,7,8441,2230
15258471426,15258471421,-5,775,2556
15266346893,15266346897,4,1309,1002
15266691512,15266691529,17,1156,3981
15268326306,15268326301,-5,1253,4094
15268618744,15268618746,2,81,862
15273952834,15273952831,-3,877,1923
15275616106,15275616102,-4,1232,3576
15278103253,15278103248,-5,1123,3534
15278223801,15278223822,21,1307,2062
15278640164,15278640159,-5,1088,2722
15279984107,15279984102,-5,918,2499
15284229798,15284229793,-5,756,3253
15284894953,15284894948,-5,954,3938
15285198673,15285198670,-3,167,1043
15286625307,15286625303,-4,1103,2565
15293118975,15293118970,-5,1183,3549
15293300051,15293300045,-6,1037,2391
15293991727,15293991722,-5,862,2682
15301646006,15301646005,-1,1448,2432
15306108907,15306108910,3,811,894
15309207970,15309207965,-5,664,1726
15321953503,15321953498,-5,1013,3139
15322737616,15322737633,17,311,827
15331798642,15331798635,-7,1188,2686
15331889002,15331889020,18,65,1768
15334768491,15334768485,-6,881,2692
15335045414,15335045409,-5,1204,3202
15336071691,15336071693,2,1109,1666
15338616482,15338616478,-4,971,2972
15344489008,15344489005,-3,1075,2489
15347280290,15347280289,-1,2291,3523
15348494785,15348494778,-7,1005,2545
15350103437,15350103430,-7,1596,4688
15357516617,15357516613,-4,1152,3389
15357581925,15357581920,-5,1168,2891
15358049706,15358049701,-5,479,3077
15359066394,15359066399,5,2334,1078
15363090417,15363090412,-5,1021,3601
15363604955,15363604965,10,296,1194
15363863823,15363863817,-6,1355,3164
15365951290,15365951299,9,3190,1376
15368003762,15368003761,-1,1442,1764
15372616817,15372616817,0,2485,3242
15375320846,15375320841,-5,717,3071
15375916213,15375916207,-6,1078,2863
15377565048,15377565048,0,2252,3140
15383618576,15383618573,-3,1740,5299
15388334820,15388334803,-17,1923,620
15390561387,15390561383,-4,918,4076
15394252409,15394252403,-6,954,2401
15395319812,15395319830,18,1959,8923
15402080945,15402080939,-6,923,1901
15403192888,15403192873,-15,57,1221
15411932447,15411932444,-3,1147,2985
15417385237,15417385233,-4,1055,3229
15419415149,15419415152,3,1410,1636
15420888779,15420888798,19,543,1198
15429152247,15429152242,-5,543,3524
15431784287,15431784280,-7,2039,5915
15434688197,15434688203,6,10573,28855
15435719945,15435719943,-2,879,2927
15436092600,15436092602,2,16367,15097
15440278194,15440278189,-5,893,2236
15441005215,15441005219,4,5172,2857
15444536091,15444536103,12,1104,1434
15445501575,15445501569,-6,1454,2557
15446104705,15446104698,-7,1157,3049
15447043972,15447043965,-7,1045,4501
15448655098,15448655091,-7,1047,4145
15453320873,15453320869,-4,1174,3654
15457650883,15457650877,-6,1062,3550
15462707912,15462707907,-5,1114,3536
15463853355,15463853349,-6,1153,3158
15468561370,15468561365,-5,1088,2732
15469037643,15469037637,-6,933,2280
15471172661,15471172662,1,1259,1752
15473914018,15473914014,-4,753,2322
15474320564,15474320560,-4,1171,2460
15474358265,15474358248,-17,990,3558
15476429814,15476429822,8,2106,1115
15477271220,15477271214,-6,1228,2454
15479886262,15479886258,-4,861,3548
15480068062,15480068057,-5,1307,3030
15481228255,15481228252,-3,381,1773
15486173631,15486173628,-3,1153,2716
15488989499,15488989494,-5,1170,3396
15492377266,15492377262,-4,833,2293
15496465165,15496465161,-4,1259,3298
15501833986,15501833978,-8,1113,4110
15502067008,15502067005,-3,522,1729
15503843082,15503843078,-4,1110,2857
15512928804,15512928798,-6,1075,3240
15515261942,15515261938,-4,978,3193
15520342478,15520342472,-6,1039,3652
15527376042,15527376046,4,1750,1641
15534771113,15534771116,3,3261,2080
15537929375,15537929369,-6,818,2388
15538166515,15538166531,16,1083,2702
15540428639,15540428633,-6,1159,2231
15541156003,15541155995,-8,218,1076
15542383298,15542383293,-5,745,2773
15542534424,15542534411,-13,761,1984
15544409826,15544409822,-4,1298,2532
15545201406,15545201406,0,1069,1230
15549571717,15549571713,-4,1292,2538
15550320094,15550320092,-2,1605,3512
15567813110,15567813107,-3,1859,3823
15574682689,15574682686,-3,719,2973
15579198382,15579198378,-4,17100,15807
15579665115,15579665110,-5,1002,2940
15584819322,15584819316,-6,1161,2581
15585673634,15585673630,-4,1005,3202
15591281865,15591281859,-6,699,2677
15593780758,15593780753,-5,748,1947
15595831830,15595831825,-5,1034,2371
15600701415,15600701410,-5,1041,2360
15601774567,15601774560,-7,948,3759
15609551205,15609551202,-3,472,937
15612801010,15612801007,-3,1301,2957
15613913729,15613913723,-6,853,3465
15617357583,15617357576,-7,875,3105
15622526138,15622526141,3,1453,1598
15626462242,15626462236,-6,1102,3480
15631051862,15631051858,-4,975,2974
15635598851,15635598845,-6,945,2436
15637956427,15637956422,-5,1357,2963
15638886979,15638886994,15,798,3301
15643008592,15643008587,-5,1097,3766
15648222371,15648222366,-5,1150,2662
15649596059,15649596051,-8,869,4212
15651475926,15651475923,-3,1087,3099
15651756536,15651756530,-6,795,2414
15655315886,15655315882,-4,1081,3808
15657989377,15657989371,-6,601,2618
15663923600,15663923596,-4,1224,3052
15668563097,15668563100,3,10627,8359
15674741090,15674741086,-4,1340,2597
15675862069,15675862063,-6,693,2986
15679063194,15679063189,-5,829,2896
15685691893,15685691888,-5,1049,2424
15690354303,15690354298,-5,1087,2939
15690540033,15690540031,-2,1202,2452
15708411298,15708411302,4,1489,1722
15708594875,15708594870,-5,974,2766
15709016054,15709016058,4,3433,1499
15713809674,15713809668,-6,1245,3527
15714918901,15714918896,-5,1551,4322
15715814575,15715814578,3,4109,3319
15717087881,15717087874,-7,961,2086
15718371475,15718371466,-9,1015,2988
15722216765,15722216761,-4,1076,2734
15728736151,15728736148,-3,664,3094
15731572362,15731572357,-5,1039,3547
15732425745,15732425751,6,2789,1358
15738857863,15738857858,-5,1153,3612
15742758625,15742758621,-4,804,3542
15743270633,15743270632,-1,1052,2351
15745473085,15745473080,-5,1136,2950
15753496411,15753496405,-6,684,3374
15753740156,15753740170,14,592,2880
15763045547,15763045542,-5,954,1987
15763596946,15763596949,3,206,733
15763821371,15763821367,-4,85,844
15765345922,15765345918,-4,1565,3647
15769319434,15769319429,-5,1322,4237
15773129319,15773129313,-6,27072,15935
15776225684,15776225678,-6,1012,3441
15786961078,15786961073,-5,433,467
15796672918,15796672914,-4,794,2282
15804097278,15804097273,-5,1258,2640
15810724986,15810724983,-3,963,2298
15812741967,15812741963,-4,1150,3384
15815921934,15815921928,-6,825,3440
15822434290,15822434289,-1,885,1556
15830249805,15830249807,2,820,1057
15831436385,15831436379,-6,1374,3541
15842733905,15842733901,-4,574,2496
15852230606,15852230601,-5,1631,5960
15853822083,15853822076,-7,1725,6195
15856463434,15856463429,-5,1112,3035
15865357609,15865357606,-3,943,3615
15870985054,15870985050,-4,1223,3399
15874462843,15874462840,-3,916,2004
15876160674,15876160688,14,558,3113
15878573942,15878573938,-4,1172,3187
15879288843,15879288850,7,8369,2803
15880597244,15880597231,-13,138,984
15889535032,15889535021,-11,791,3767
15903337423,15903337417,-6,1063,3002
15909780927,15909780926,-1,989,831
15916600773,15916600769,-4,1419,2688
15919006647,15919006641,-6,1106,3406
15922953822,15922953819,-3,1384,3947
15924820624,15924820618,-6,1097,3416
15926732995,15926732990,-5,939,3065
15928069143,15928069136,-7,1083,3475
15928136360,15928136361,1,163,852
15930072394,15930072412,18,514,1610
15930931613,15930931609,-4,1125,3641
15934994167,15934994160,-7,1264,3170
15935217562,15935217556,-6,1127,4458
15935291840,15935291849,9,261,1115
15942993159,15942993154,-5,1178,2208
15947894491,15947894481,-10,47,1048
15948739230,15948739225,-5,1000,3788
15950823466,15950823461,-5,1175,2845
15951277458,15951277455,-3,1112,2797
15952070152,15952070146,-6,1026,2420
15952095967,15952095961,-6,704,1724
15953937302,15953937295,-7,955,2037
15959838798,15959838804,6,10802,36794
15959943465,15959943450,-15,1109,3284
15960508787,15960508776,-11,83,913
15964554962,15964554957,-5,996,3125
15982554834,15982554830,-4,988,3132
15982693895,15982693890,-5,1195,3907
15983253785,15983253802,17,310,1238
15984519254,15984519250,-4,1335,4163
15987440202,15987440198,-4,1015,2857
15988347785,15988347785,0,1155,1267
15988839443,15988839439,-4,479,811
15993710370,15993710365,-5,1177,3816
16003004914,16003004906,-8,1100,3121
16009644075,16009644066,-9,837,3759
16011775266,16011775262,-4,1214,2590
16014393986,16014393990,4,4598,2921
16016611840,16016611833,-7,1246,3348
16016836373,16016836371,-2,949,2236
16017251017,16017251014,-3,1119,2279
16026532775,16026532772,-3,38648,21263
16028018774,16028018771,-3,1046,4335
16030198446,16030198441,-5,1408,2557
16042086372,16042086366,-6,1409,3373
16042466321,16042466317,-4,1333,4011
16046191876,16046191870,-6,1440,3685
16048325482,16048325474,-8,693,5259
16054939299,16054939298,-1,1118,1137
16056283209,16056283189,-20,771,2641
16057403305,16057403300,-5,1245,3535
16064670689,16064670683,-6,997,2504
16067971301,16067971295,-6,958,2340
16069923407,16069923409,2,1247,997
16076333738,16076333733,-5,818,3154
16076667269,16076667268,-1,9610,14509
16077914226,16077914221,-5,1118,2816
16083758093,16083758088,-5,1306,3239
16088127377,16088127371,-6,1134,2683
16090207105,16090207098,-7,934,3798
16091996522,16091996527,5,2211,921
16100236022,16100236026,4,1346,2001
16102667550,16102667545,-5,723,2618
16105677820,16105677826,6,4059,1321
16115635125,16115635122,-3,941,2194
16116098682,16116098698,16,228,913
16117769696,16117769690,-6,881,1854
16118232237,16118232232,-5,1207,3467
16120029981,16120029978,-3,1270,3050
16123528226,16123528226,0,2434,2753
16127017506,16127017502,-4,908,2844
16127643187,16127643179,-8,992,4767
16128674407,16128674401,-6,888,4159
16129371614,16129371610,-4,620,2039
16129611591,16129611586,-5,999,3126
16134565121,16134565117,-4,924,2362
16136497858,16136497876,18,3290,1516
16139223803,16139223799,-4,1136,3888
16144837749,16144837745,-4,535,2504
16145209001,16145209022,21,299,786
16146048827,16146048841,14,283,1692
16152026535,16152026530,-5,1237,4144
16155710939,16155710931,-8,740,4037
16155758634,16155758636,2,720,1014
16156481350,16156481350,0,950,1545
16161331787,16161331787,0,2164,1931
16161566556,16161566558,2,1429,1455
16167028841,16167028831,-10,13402,27347
16174597905,16174597901,-4,911,3504
16176269460,16176269455,-5,890,2926
16192364622,16192364625,3,1928,2377
16193637082,16193637076,-6,1116,3588
16195973216,16195973210,-6,804,1675
16205161500,16205161494,-6,1066,2420
16205736279,16205736277,-2,953,2644
16208641666,16208641661,-5,1246,3442
16217453235,16217453232,-3,1011,2539
16217933931,16217933926,-5,1083,4047
16224141215,16224141210,-5,1089,2199
16226271182,16226271184,2,1460,1697
16226468928,16226468921,-7,2064,9962
16233218819,16233218813,-6,1299,4279
16238028490,16238028485,-5,1088,2978
16238201024,16238201004,-20,958,2647
16241908864,16241908856,-8,1597,3954
16243950547,16243950543,-4,1155,2791
16248081299,16248081294,-5,1527,3137
16249115727,16249115722,-5,828,3316
16253451733,16253451726,-7,954,1934
16258661418,16258661414,-4,742,3630
16258843457,16258843448,-9,1694,4405
16263696238,16263696243,5,5134,3138
16265539548,16265539542,-6,1439,4409
16269517194,16269517182,-12,44948,12492
16270666711,16270666709,-2,734,1472
16274130745,16274130743,-2,890,2111
16280817546,16280817541,-5,1141,2094
16281746993,16281747010,17,232,786
16286207466,16286207463,-3,2044,4182
16289739158,16289739152,-6,979,4625
16291693046,16291693049,3,1774,1507
16295869078,16295869074,-4,844,2946
16296699221,16296699217,-4,1284,3935
16299141566,16299141562,-4,719,1538
16299738562,16299738559,-3,305,984
16300053865,16300053862,-3,879,3066
16304673386,16304673391,5,1432,1185
16309271239,16309271231,-8,738,3433
16309650506,16309650505,-1,196,759
16312813319,16312813314,-5,901,3161
16314407771,16314407766,-5,1481,3089
16314819109,16314819103,-6,1110,4096
16320388293,16320388287,-6,1286,4010
16320480288,16320480281,-7,1257,3999
16327277337,16327277333,-4,1054,3693
16330068469,16330068475,6,23304,29719
16331175027,16331175024,-3,1011,2826
16332304362,16332304357,-5,1207,2498
16333009361,16333009380,19,998,3571
16334169114,16334169116,2,2337,1720
16336439069,16336439063,-6,876,3287
16336833066,16336833051,-15,156,922
16343182545,16343182538,-7,1412,3920
16343814133,16343814114,-19,570,3620
16346289002,16346288997,-5,1097,3816
16348136482,16348136483,1,1994,1534
16353135438,16353135434,-4,1168,2438
16363818579,16363818574,-5,1041,2899
16366914817,16366914813,-4,891,2266
16368036629,16368036631,2,1899,1967
16376575117,16376575114,-3,2497,5696
16376798942,16376798938,-4,1429,2882
16390453832,16390453839,7,1535,991
16391149718,16391149713,-5,1421,4079
16397964542,16397964538,-4,956,2451
16398267250,16398267263,13,159,988
16402310127,16402310122,-5,1218,2883
16415404066,16415404062,-4,834,2305
16418315185,16418315182,-3,1314,4000
16418629309,16418629306,-3,714,1758
16419607047,16419607043,-4,558,1598
16420189311,16420189307,-4,904,3163
16422212051,16422212046,-5,533,900
16422746423,16422746418,-5,1234,2949
16425657931,16425657927,-4,825,2306
16426773014,16426773010,-4,980,2561
16432212993,16432212988,-5,1233,3281
16434228377,16434228373,-4,1350,3824
16438308778,16438308773,-5,2515,8177
16440561034,16440561030,-4,1563,1986
16445558145,16445558139,-6,1113,3558
16447445004,16447445014,10,379,1642
16452989709,16452989705,-4,1267,3786
16454553442,16454553459,17,698,1669
16456718082,16456718080,-2,1345,2688
16457165790,16457165786,-4,1005,3143
16461293277,16461293285,8,6328,2424
16463431304,16463431298,-6,1183,2807
16467971514,16467971510,-4,862,2999
16468229833,16468229828,-5,1194,4835
16468475234,16468475220,-14,726,2128
16472190190,16472190196,6,2815,1211
16473186454,16473186454,0,2823,3633
16479001947,16479001945,-2,1089,2268
16479985440,16479985462,22,106,1190
16484774872,16484774873,1,3081,4571
16490211962,16490211957,-5,857,2860
16490585475,16490585473,-2,1478,1996
16497252580,16497252577,-3,1254,2892
16498779674,16498779669,-5,840,2239
16503142602,16503142622,20,388,1330
16510693365,16510693359,-6,806,1958
16527566256,16527566252,-4,1136,3549
16527929953,16527929948,-5,957,2912
16528930834,16528930830,-4,992,1709
16538461662,16538461660,-2,944,2265
16552525368,16552525362,-6,1547,4935
16554343314,16554343307,-7,843,4477
16554689560,16554689550,-10,214,942
16557004855,16557004850,-5,767,2554
16557589865,16557589861,-4,777,2868
16564328342,16564328336,-6,947,3105
16565130778,16565130775,-3,1270,2738
16569816739,16569816734,-5,1035,2943
16582666834,16582666843,9,3751,1397
16586868517,16586868513,-4,1191,3371
16587245528,16587245534,6,99,882
16589144882,16589144878,-4,1255,3721
16597882545,16597882540,-5,912,2766
16598586593,16598586593,0,33217,21059
16598672251,16598672266,15,98,765
16602089720,16602089715,-5,1213,3841
16606254891,16606254891,0,1067,1558
16608698484,16608698479,-5,876,3293
16611281059,16611281055,-4,1013,2590
16612186346,16612186340,-6,1216,2790
16614129389,16614129393,4,93,925
16614279997,16614279993,-4,1316,3282
16615133025,16615133037,12,122,1128
16616224927,16616224922,-5,1337,3126
16616518179,16616518196,17,167,938
16622617142,16622617139,-3,1251,2840
16622834698,16622834678,-20,239,736
16623153441,16623153439,-2,175,878
16624806897,16624806891,-6,1102,2878
16626545523,16626545521,-2,1514,2278
16629716830,16629716828,-2,804,2453
16630435994,16630435993,-1,1354,2776
16635620062,16635620058,-4,920,2274
16635708740,16635708719,-21,122,729
16637713887,16637713880,-7,604,2403
16641220821,16641220825,4,2758,1812
16648052732,16648052727,-5,1548,3966
16655234505,16655234500,-5,888,3038
16658078856,16658078854,-2,1251,3050
16660907996,16660907992,-4,776,1800
16662956681,16662956675,-6,960,2469
16664820252,16664820246,-6,1136,2827
16675085078,16675085074,-4,1085,3809
16675782913,16675782909,-4,1045,2595
16680012631,16680012624,-7,1656,6106
16682685527,16682685522,-5,922,3107
16686500470,16686500465,-5,776,2829
16692089794,16692089787,-7,2221,8305
16697227703,16697227698,-5,1194,3383
16706837866,16706837865,-1,962,1840
16706891267,16706891263,-4,820,2134
16708343184,16708343179,-5,1695,4252
16708477370,16708477385,15,302,2396
16712818869,16712818866,-3,727,3115
16714179921,16714179918,-3,753,3169
16718066636,16718066630,-6,1151,2895
16719672838,16719672835,-3,1360,2281
16731716502,16731716498,-4,938,2781
16732099674,16732099675,1,2877,3512
16733207142,16733207142,0,902,940
16734624241,16734624235,-6,984,3905
16735555754,16735555750,-4,1053,2790
16739815024,16739815018,-6,1076,4384
16740927159,16740927154,-5,785,1830
16744806234,16744806230,-4,837,3338
16748255130,16748255126,-4,838,2781
16750545437,16750545442,5,1741,1091
16758817970,16758817965,-5,1020,2521
16759170699,16759170694,-5,1240,2720
16762240575,16762240569,-6,1933,6432
16763021048,16763021051,3,2318,1267
16766047055,16766047051,-4,1401,3657
16774547505,16774547500,-5,704,1863
16776261369,16776261390,21,246,541
16784311070,16784311065,-5,1277,4293
16789344511,16789344505,-6,1031,3243
16789472882,16789472896,14,819,2803
16793706783,16793706773,-10,1024,2135
16800148788,16800148785,-3,1407,1440
16801722571,16801722565,-6,1014,3722
16806601422,16806601417,-5,585,2560
16811576643,16811576640,-3,1155,3063
16814118665,16814118663,-2,1861,3473
16817887545,16817887549,4,1674,1399
16820931515,16820931510,-5,770,3807
16824123526,16824123518,-8,857,3767
16825110743,16825110738,-5,1541,4000
16826094802,16826094799,-3,967,1745
16826345224,16826345222,-2,21755,10428
16828652488,16828652486,-2,1078,3178
16835235663,16835235658,-5,868,3455
16845305246,16845305241,-5,1213,2747
16849145909,16849145906,-3,905,2941
16849773001,16849773019,18,289,716
16861747318,16861747313,-5,1120,3582
16864449580,16864449577,-3,707,2650
16865238275,16865238270,-5,891,2411
16871367517,16871367522,5,2235,1863
16871577622,16871577617,-5,1345,3006
16874357275,16874357270,-5,1157,3256
16875585063,16875585060,-3,1201,2522
16876981365,16876981382,17,887,3596
16877017541,16877017536,-5,1236,3718
16878129840,16878129835,-5,1263,3922
16879059099,16879059114,15,360,1143
16880489550,16880489546,-4,817,2465
16882576832,16882576835,3,1826,1112
16883790237,16883790231,-6,903,3149
16890251730,16890251726,-4,1210,2950
16900392267,16900392266,-1,1208,2232
16902693741,16902693737,-4,1091,2676
16902897426,16902897441,15,1001,2801
16904509043,16904509039,-4,1196,2352
16919871613,16919871617,4,2750,1189
16920616675,16920616670,-5,794,2279
16924106502,16924106506,4,1857,1665
16930937180,16930937169,-11,289,1277
16935936801,16935936807,6,2514,1555
16947513927,16947513923,-4,1194,2233
16954718487,16954718482,-5,841,2147
16958235293,16958235296,3,1954,1848
16958935659,16958935653,-6,766,3666
16965136630,16965136628,-2,914,3114
16969100613,16969100607,-6,1076,2812
16969356331,16969356326,-5,908,3144
16969398322,16969398318,-4,827,2942
16969664458,16969664437,-21,316,1482
16969870141,16969870137,-4,1090,3792
16972313688,16972313702,14,356,676
16976050129,16976050125,-4,911,2584
16978993822,16978993816,-6,875,3432
16979052595,16979052598,3,276,969
16980479089,16980479085,-4,1200,2985
16982054916,16982054911,-5,782,2474
16983266249,16983266245,-4,1086,3400
16987559294,16987559289,-5,652,1407
16994272765,16994272759,-6,1222,2651
16998257134,16998257127,-7,1530,3914
16999074766,16999074761,-5,1048,2646
16999367920,16999367943,23,220,792
17005385423,17005385418,-5,1012,3879
17009751443,17009751438,-5,1357,3035
17009957881,17009957890,9,5189,1677
17015107802,17015107799,-3,627,1829
17017963358,17017963370,12,293,1032
17018425114,17018425110,-4,956,3182
17033790913,17033790906,-7,1489,3708
17035627599,17035627594,-5,1196,4167
17037013854,17037013848,-6,1121,3143
17040030529,17040030535,6,42244,16945
17043647943,17043647938,-5,1059,3205
17049558273,17049558270,-3,760,2950
17050204077,17050204073,-4,955,3462
17051048145,17051048141,-4,1142,3176
17051626567,17051626563,-4,984,2450
17053003122,17053003118,-4,1524,3071
17055817455,17055817450,-5,1018,1778
17056356119,17056356114,-5,1174,3742
17056819913,17056819906,-7,1054,3365
17065877584,17065877587,3,1945,1324
17067132548,17067132541,-7,1353,4873
17070520014,17070520010,-4,1505,3129
17074617823,17074617821,-2,1506,3686
17079359067,17079359063,-4,752,2292
17079396099,17079396079,-20,224,1148
17081314866,17081314861,-5,1456,3181
17086209142,17086209137,-5,899,2646
17087557482,17087557477,-5,697,2610
17087896819,17087896832,13,459,1963
17088079631,17088079629,-2,853,3729
17091494914,17091494909,-5,1051,2850
17092067997,17092067993,-4,880,3129
17092940036,17092940024,-12,930,2703
17093037265,17093037260,-5,1194,3266
17094099525,17094099521,-4,415,1755
17095362225,17095362219,-6,1344,4414
17099681246,17099681241,-5,869,2995
17108050710,17108050704,-6,380,1467
17120538920,17120538915,-5,744,2051
17121129825,17121129842,17,689,4385
17121773766,17121773762,-4,666,2361
17130746763,17130746757,-6,894,3259
17140725925,17140725919,-6,773,2277
17152687486,17152687481,-5,890,2824
17154378803,17154378798,-5,658,3430
17159488283,17159488286,3,13748,11724
17160588257,17160588253,-4,1198,2864
17166876591,17166876587,-4,843,2270
17167799754,17167799753,-1,46071,24465
17170062021,17170062015,-6,1027,2463
17179573017,17179573014,-3,1068,2692
17183065502,17183065501,-1,1171,2483
17186370034,17186370029,-5,1353,5059
17187886255,17187886250,-5,1493,3470
17194041647,17194041652,5,1333,1042
17203971954,17203971949,-5,727,2078
17204290697,17204290718,21,511,1008
17214545582,17214545575,-7,1002,4284
17216878131,17216878125,-6,1231,2792
17217780765,17217780761,-4,1369,3443
17218185289,17218185286,-3,1058,2876
17218943759,17218943755,-4,1069,2975
17237443903,17237443898,-5,935,3057
17238491355,17238491349,-6,1224,3421
17241260998,17241260993,-5,1541,3178
17242940115,17242940109,-6,1456,3085
17244005786,17244005783,-3,120,1078
17244441327,17244441322,-5,888,3649
17258977866,17258977862,-4,751,3003
17259509046,17259509042,-4,872,2633
17261788443,17261788439,-4,1250,1994
17265170724,17265170719,-5,1033,2438
17265619977,17265619989,12,572,1388
17271356905,17271356902,-3,748,1502
17272920472,17272920466,-6,775,2221
17274918850,17274918845,-5,887,3026
17279156757,17279156759,2,2794,3159
17282511715,17282511712,-3,707,1500
17299610774,17299610771,-3,1278,2257
17307241551,17307241546,-5,517,1484
17310734550,17310734545,-5,1127,3223
17310852168,17310852181,13,128,1386
17313424146,17313424139,-7,1225,2945
17314541150,17314541145,-5,1418,2478
17317774690,17317774686,-4,838,2827
17330578422,17330578415,-7,1085,2730
17336996386,17336996381,-5,971,3288
17340514298,17340514294,-4,920,2789
17341071502,17341071504,2,1382,150
17346974945,17346974938,-7,1229,4980
17347345385,17347345367,-18,251,1276
17358947534,17358947530,-4,1299,2410
17363600399,17363600396,-3,1112,3779
17364252050,17364252046,-4,1237,3251
17366786100,17366786096,-4,1636,2899
17374466529,17374466525,-4,697,1577
17378176926,17378176933,7,3522,1493
17378333640,17378333635,-5,873,2020
17379118958,17379118953,-5,1187,3435
17384256903,17384256898,-5,675,2657
17384694990,17384694986,-4,1145,3255
17385459027,17385459022,-5,1375,3998
17385756229,17385756230,1,2091,1445
17386803983,17386803978,-5,1187,2972
17398791797,17398791802,5,2305,757
17401599223,17401599222,-1,2529,4432
17402742829,17402742825,-4,671,2661
17407230306,17407230300,-6,911,2255
17410211066,17410211062,-4,1126,2364
17412355409,17412355411,2,1880,2576
17414700914,17414700910,-4,977,2832
17419023753,17419023748,-5,1058,2590
17420304363,17420304361,-2,513,1554
17421020685,17421020678,-7,1801,7252
17422592434,17422592429,-5,452,2024
17425825515,17425825514,-1,1244,1394
17429437995,17429437991,-4,947,2786
17437197735,17437197731,-4,1059,3085
17437917991,17437917989,-2,855,3111
17438736995,17438736990,-5,991,2551
17440651064,17440651059,-5,991,3295
17440805604,17440805618,14,102,1079
17441484162,17441484159,-3,1318,2573
17441826155,17441826151,-4,484,1700
17444494671,17444494666,-5,922,3043
17446069669,17446069664,-5,1071,2241
17449364714,17449364710,-4,1033,3432
17450448645,17450448642,-3,926,3220
17453210334,17453210328,-6,1222,3150
17455973602,17455973598,-4,841,2405
17457105462,17457105456,-6,43909,18866
17458304673,17458304674,1,1089,3794
17458469486,17458469479,-7,1235,4342
17459704259,17459704255,-4,1109,2318
17466160662,17466160659,-3,1437,2798
17471605834,17471605830,-4,1057,2331
17476809823,17476809827,4,4096,3347
17485099621,17485099615,-6,1289,3995
17486620713,17486620709,-4,1266,2928
17487105882,17487105878,-4,1108,2213
17490010097,17490010093,-4,702,2119
17490137370,17490137391,21,336,1133
17490944299,17490944295,-4,706,2987
17492688500,17492688518,18,124,1055
17492937659,17492937648,-11,107,1500
17500000420,17500000411,-9,993,4796
17500531837,17500531830,-7,1326,3788
17500711624,17500711620,-4,956,3198
17505989647,17505989642,-5,750,2245
17507413381,17507413377,-4,1030,2858
17509307899,17509307894,-5,1027,2723
17512053808,17512053803,-5,1503,3513
17512513285,17512513283,-2,593,2380
17512597994,17512597989,-5,601,1849
17513150496,17513150489,-7,73,1261
17514662719,17514662714,-5,969,2717
17518100553,17518100549,-4,1079,2733
17518449776,17518449798,22,566,3321
17519272234,17519272230,-4,648,2239
17523909562,17523909557,-5,1061,3165
17525954050,17525954044,-6,1077,4158
17527641627,17527641623,-4,995,2522
17530415207,17530415203,-4,1097,2801
17531113739,17531113745,6,7537,2536
17538360185,17538360178,-7,1478,5336
17541148095,17541148089,-6,922,3222
17553848699,17553848694,-5,903,2053
17555196854,17555196859,5,2550,1273
17557869905,17557869906,1,3060,3340
17564752064,17564752060,-4,1626,3837
17566940874,17566940869,-5,998,3223
17574360097,17574360091,-6,1013,2426
17575387155,17575387150,-5,866,3036
17577006411,17577006405,-6,896,2877
17577511058,17577511040,-18,809,2176
17578389481,17578389480,-1,650,1765
17589872830,17589872824,-6,1363,3974
17595009638,17595009632,-6,996,2438
17595193644,17595193660,16,921,2931
17596207831,17596207826,-5,618,2699
17600393654,17600393649,-5,932,2766
17601453782,17601453777,-5,910,1692
17606193411,17606193406,-5,723,2592
17609363665,17609363663,-2,1529,2871
17623331987,17623331987,0,1898,2229
17623618798,17623618794,-4,1022,3520
17629445306,17629445303,-3,901,2852
17631754878,17631754875,-3,992,2999
17634968681,17634968686,5,610,873
17642415510,17642415505,-5,2114,4626
17648996425,17648996419,-6,636,3073
17649364752,17649364741,-11,1146,3581
17650666874,17650666879,5,132,1155
17651585987,17651585984,-3,990,2220
17653088675,17653088670,-5,776,2241
17653797129,17653797109,-20,1681,2973
17655721727,17655721720,-7,719,3943
17659353447,17659353447,0,873,1574
17660732016,17660732015,-1,1126,1540
17664303158,17664303155,-3,937,2220
17668514298,17668514295,-3,898,2804
17675586793,17675586790,-3,949,3620
17676677053,17676677048,-5,1045,2865
17677356619,17677356616,-3,866,3189
17682463286,17682463283,-3,766,1944
17684600795,17684600791,-4,877,1917
17689779705,17689779705,0,1549,1675
17690503545,17690503562,17,1019,3443
17692013001,17692012997,-4,974,3064
17694420774,17694420769,-5,857,2328
17695127291,17695127286,-5,1207,2516
17706400154,17706400151,-3,778,2927
17717601391,17717601389,-2,1177,2476
17717864116,17717864130,14,354,1388
17723460508,17723460505,-3,779,2094
17730984393,17730984388,-5,1290,2612
17742050469,17742050474,5,3164,1230
17750947079,17750947073,-6,1035,2259
17751661601,17751661597,-4,1056,2833
17756843154,17756843149,-5,1356,2495
17760510765,17760510758,-7,583,3099
17763860247,17763860241,-6,618,2283
17764108428,17764108444,16,882,3131
17766299334,17766299323,-11,1374,353
17769594123,17769594114,-9,726,1597
17769919006,17769919002,-4,1451,3050
17772812199,17772812196,-3,907,1725
17777100791,17777100785,-6,728,1883
17779001930,17779001935,5,3479,1323
17781680598,17781680595,-3,1114,1493
17797922715,17797922709,-6,825,2395
17805925659,17805925654,-5,1032,2766
17807274919,17807274917,-2,1153,1507
17810646747,17810646745,-2,1444,3259
17812301371,17812301366,-5,488,2640
17816032899,17816032894,-5,865,2204
17822755226,17822755221,-5,998,3213
17829728209,17829728205,-4,1013,2453
17830216557,17830216552,-5,972,3021
17839951072,17839951065,-7,1730,2952
17844158913,17844158906,-7,589,2850
17849505574,17849505570,-4,986,2819
17850048787,17850048782,-5,1013,2742
17850371590,17850371587,-3,1484,3550
17850621745,17850621741,-4,995,3322
17851684297,17851684287,-10,1099,3257
17852195619,17852195615,-4,635,2069
17857315266,17857315260,-6,1014,4108
17863646557,17863646563,6,3228,1723
17863945513,17863945510,-3,1369,3346
17864507428,17864507441,13,1033,3475
17868152190,17868152186,-4,831,2541
17870400653,17870400649,-4,1449,2491
17888910010,17888910006,-4,1131,2676
17890861402,17890861398,-4,1058,3937
17894217917,17894217919,2,1771,1590
17894879470,17894879466,-4,1043,2910
17895688529,17895688548,19,811,2217
17899608714,17899608710,-4,655,3142
17904678773,17904678769,-4,967,2632
17908975745,17908975739,-6,1475,3155
17912437212,17912437212,0,4232,6770
17914098163,17914098158,-5,903,3677
17916667292,17916667309,17,843,2705
17917357226,17917357227,1,1122,1369
17928773063,17928773057,-6,1047,4467
17937612936,17937612954,18,542,1665
17940224521,17940224515,-6,846,2469
17941406807,17941406804,-3,1946,3139
17947172328,17947172323,-5,1167,2748
17948124747,17948124743,-4,928,3129
17963735419,17963735415,-4,971,2705
17965442245,17965442245,0,2017,2068
17965889590,17965889594,4,7732,3573
17969168730,17969168742,12,729,1547
17976151262,17976151267,5,4158,1901
17978183794,17978183789,-5,1110,2723
17979583500,17979583495,-5,1208,1554
17988897436,17988897430,-6,1052,3302
17991664814,17991664809,-5,1221,4133
17992429061,17992429056,-5,562,1888
17993254201,17993254219,18,926,5455
17995927838,17995927833,-5,976,3625
18000430178,18000430173,-5,1828,3610
18001004171,18001004169,-2,1007,2598
18009148682,18009148678,-4,276,1233
18013216015,18013216010,-5,680,2854
18013867970,18013867961,-9,499,2538
18020638675,18020638669,-6,868,2529
18024302641,18024302641,0,963,2155
18027991515,18027991533,18,865,2000
18029053016,18029053014,-2,727,1927
18039175782,18039175775,-7,537,2617
18039320330,18039320349,19,473,1979
18045399971,18045399966,-5,1369,4477
18045587399,18045587393,-6,1000,2769
18049041761,18049041756,-5,769,2717
18050519118,18050519117,-1,1222,1258
18053812214,18053812209,-5,1089,3014
18054545097,18054545077,-20,1298,3101
18055347442,18055347454,12,144,903
18065427750,18065427748,-2,663,2642
18067787343,18067787341,-2,1278,3146
18076011303,18076011298,-5,1237,3164
18077399093,18077399089,-4,1012,3525
18077506827,18077506810,-17,210,1530
18077967556,18077967575,19,13,814
18080019323,18080019318,-5,1198,3497
18086369362,18086369357,-5,1244,3124
18088262781,18088262790,9,15593,28247
18089319479,18089319483,4,1336,1111
18092952670,18092952665,-5,1229,4132
18096831742,18096831739,-3,991,3248
18108083578,18108083573,-5,864,2077
18108526640,18108526630,-10,152,765
18109565617,18109565611,-6,1103,2470
18111388347,18111388343,-4,1103,2951
18111453842,18111453850,8,220,765
18113796373,18113796371,-2,7392,12855
18116142508,18116142502,-6,1311,3150
18116642358,18116642352,-6,1271,3074
18117147704,18117147699,-5,589,1862
18117302865,18117302845,-20,1173,3658
18117424485,18117424478,-7,1350,4403
18123492607,18123492606,-1,1671,2341
18125718802,18125718809,7,1971,1106
18130425985,18130425980,-5,1045,2793
18134462392,18134462387,-5,864,3190
18136982635,18136982629,-6,1246,3250
18137931003,18137931000,-3,1162,2504
18143342543,18143342538,-5,1576,4734
18152907903,18152907901,-2,1152,2124
18163975774,18163975754,-20,77,712
18167082949,18167082944,-5,948,3151
18167939003,18167938998,-5,1031,3885
18168076881,18168076901,20,253,1238
18181226189,18181226183,-6,1199,3044
18189040930,18189040935,5,2715,1050
18204590345,18204590365,20,224,1014
18209251227,18209251224,-3,870,1513
18212746931,18212746929,-2,532,1209
18216461429,18216461426,-3,1344,2993
18216660024,18216660043,19,1030,2195
18216716705,18216716725,20,158,1054
18217293825,18217293846,21,517,2280
18217944431,18217944423,-8,911,2671
18219388167,18219388162,-5,1039,3398
18224247690,18224247686,-4,953,2375
18226740886,18226740884,-2,1734,3376
18229253082,18229253077,-5,1033,3118
18231161402,18231161398,-4,525,3248
18232071218,18232071233,15,930,2435
18235342515,18235342510,-5,1363,2580
18236530731,18236530729,-2,710,1453
18240339866,18240339862,-4,1768,3781
18248651841,18248651839,-2,1582,2962
18248896823,18248896819,-4,729,2503
18248968236,18248968233,-3,965,3962
18249988617,18249988601,-16,2170,655
18260960455,18260960452,-3,1112,3380
18263289418,18263289411,-7,1129,2760
18264412849,18264412845,-4,1659,3480
18268845862,18268845862,0,1870,2572
18269153378,18269153376,-2,1336,2121
18273999210,18273999206,-4,1239,3281
18274220902,18274220898,-4,800,2482
18279626665,18279626660,-5,926,3439
18282513556,18282513552,-4,1340,3255
18286270345,18286270337,-8,262,686
18288315182,18288315177,-5,1281,3462
18293123702,18293123698,-4,563,1715
18298171077,18298171073,-4,1315,3222
18299216710,18299216706,-4,763,2432
18299629598,18299629593,-5,1148,3312
18305922382,18305922380,-2,1231,2053
18306040577,18306040578,1,132,1262
18306248449,18306248445,-4,1134,3352
18306917321,18306917316,-5,801,3367
18308949353,18308949351,-2,699,2192
18312828502,18312828496,-6,1081,2459
18317154243,18317154238,-5,737,2663
18318090282,18318090281,-1,1276,2947
18318198267,18318198262,-5,961,3391
18318285565,18318285561,-4,650,2595
18319546458,18319546452,-6,1187,4169
18323880744,18323880740,-4,1135,3697
18324661108,18324661102,-6,1122,3673
18325332908,18325332906,-2,1948,2545
18325815939,18325815938,-1,1165,1824
18326590402,18326590408,6,12464,17713
18328081419,18328081416,-3,849,2047
18332407366,18332407369,3,1359,1161
18333296839,18333296834,-5,801,2811
18337108078,18337108073,-5,1378,2197
18341407948,18341407955,7,3968,1045
18347820360,18347820353,-7,2387,5902
18357473165,18357473161,-4,521,872
18360419503,18360419498,-5,1000,2778
18362432351,18362432349,-2,635,2789
18362888177,18362888193,16,334,1925
18374063134,18374063129,-5,883,2218
18376463597,18376463594,-3,1505,2534
18379456042,18379456041,-1,959,1661
18381925206,18381925201,-5,1084,3297
18383110328,18383110332,4,2116,1162
18394679397,18394679392,-5,1453,4333
18394776906,18394776888,-18,156,880
18395665721,18395665741,20,1165,2252
18400387915,18400387909,-6,1642,2780
18411524617,18411524612,-5,1359,3454
18411697586,18411697570,-16,109,1237
18412164343,18412164338,-5,1187,3312
18413236619,18413236613,-6,805,3000
18418611510,18418611505,-5,1285,3179
18427357862,18427357856,-6,666,3393
18427539770,18427539763,-7,1570,3214
18437814352,18437814346,-6,1108,3021
18438661755,18438661750,-5,1020,2551
18443514330,18443514326,-4,1185,2803
18453796787,18453796783,-4,1228,2240
18462021299,18462021295,-4,837,2867
18462086313,18462086335,22,330,1075
18463353447,18463353443,-4,860,3042
18468602625,18468602619,-6,1088,3661
18475203491,18475203487,-4,953,1866
18477617816,18477617806,-10,322,1588
18480596227,18480596225,-2,1036,2304
18486764511,18486764506,-5,858,2538
18501902026,18501902046,20,570,1839
18504789517,18504789513,-4,1158,3072
18513378078,18513378062,-16,986,382
18514441487,18514441482,-5,1292,3754
18518139936,18518139932,-4,1337,3914
18520801903,18520801906,3,3401,3078
18521811435,18521811428,-7,1300,3741
18524023687,18524023682,-5,814,2536
18524157426,18524157420,-6,872,2288
18526657298,18526657312,14,435,1838
18527671179,18527671175,-4,943,2502
18530484603,18530484598,-5,1039,3814
18535879418,18535879413,-5,955,2643
18536128659,18536128678,19,648,3331
18546556987,18546556982,-5,1110,2801
18546658193,18546658214,21,727,2871
18546831751,18546831753,2,3184,2179
18547709981,18547709978,-3,1155,2577
18551608855,18551608849,-6,1254,3856
18552693651,18552693646,-5,478,2318
18557167886,18557167881,-5,870,2577
18557307732,18557307749,17,121,1658
18559366134,18559366136,2,2198,1680
18563327082,18563327077,-5,1197,4823
18566544191,18566544186,-5,948,2838
18570269142,18570269137,-5,1140,2886
18574911297,18574911294,-3,1150,3398
18578104493,18578104487,-6,751,2387
18579831798,18579831794,-4,559,1477
18582291053,18582291049,-4,1129,3420
18592554298,18592554294,-4,862,3169
18593337799,18593337794,-5,1012,2388
18597451289,18597451283,-6,1043,2515
18599289013,18599289007,-6,1068,2648
18603569674,18603569672,-2,953,2150
18603815842,18603815862,20,943,1164
18608097290,18608097292,2,1667,1603
18608315707,18608315702,-5,1043,3377
18609489037,18609489035,-2,1168,2397
18613588239,18613588234,-5,1536,4070
18613789595,18613789588,-7,1081,3394
18618007901,18618007897,-4,1141,3890
18620150205,18620150199,-6,937,4701
18625139130,18625139125,-5,763,2118
18626187941,18626187938,-3,751,2046
18628876394,18628876390,-4,1023,3555
18629208467,18629208464,-3,348,1483
18634587870,18634587866,-4,919,2603
18634706022,18634706026,4,2114,1783
18642035853,18642035847,-6,743,2386
18643987335,18643987330,-5,1312,3294
18650664179,18650664174,-5,631,2898
18653446141,18653446142,1,882,1496
18657530187,18657530183,-4,881,3156
18668392146,18668392143,-3,965,2928
18675393358,18675393353,-5,1425,3857
18678053194,18678053189,-5,1108,3942
18679171626,18679171622,-4,946,1675
18679418128,18679418150,22,399,1161
18680757382,18680757378,-4,962,3018
18684025977,18684025970,-7,711,2884
18688080694,18688080690,-4,990,3000
18693055360,18693055367,7,6209,3007
18693263846,18693263841,-5,1125,2508
18696070326,18696070319,-7,700,3377
18696476474,18696476495,21,796,4160
18703166041,18703166037,-4,1011,2749
18703814977,18703814996,19,673,3417
18712349866,18712349861,-5,1076,2439
18714771965,18714771959,-6,1679,8048
18715178026,18715178021,-5,939,3648
18716514570,18716514565,-5,620,2696
18717184862,18717184857,-5,1004,2902
18717772274,18717772269,-5,720,1872
18718980939,18718980935,-4,747,2690
18719103858,18719103853,-5,904,2867
18724409391,18724409387,-4,1221,3159
18725050467,18725050466,-1,1548,1873
18726761539,18726761535,-4,1478,4266
18730351543,18730351542,-1,1368,1306
18733671163,18733671159,-4,671,3642
18735060642,18735060663,21,239,863
18736147502,18736147497,-5,948,2511
18737173120,18737173113,-7,1022,3819
18739974795,18739974790,-5,1017,3218
18740532743,18740532738,-5,1267,4042
18742371722,18742371717,-5,812,2721
18743641544,18743641539,-5,1233,3808
18756816801,18756816796,-5,1277,3363
18761700719,18761700713,-6,1256,2961
18763178638,18763178631,-7,1120,3391
18772356300,18772356298,-2,531,1589
18774067097,18774067090,-7,753,2254
18775491377,18775491363,-14,303,848
18779910363,18779910358,-5,823,2051
18781547981,18781547976,-5,1115,3902
18791322283,18791322277,-6,1041,3015
18791476528,18791476527,-1,1762,1909
18792425246,18792425242,-4,1009,3138
18793895870,18793895866,-4,885,3220
18795999271,18795999267,-4,1176,2422
18799686410,18799686405,-5,1443,3400
18801758401,18801758396,-5,552,2810
18804542673,18804542673,0,984,1241
18805226403,18805226401,-2,883,2858
18810916100,18810916083,-17,212,971
18813032529,18813032535,6,2675,1024
18818190835,18818190829,-6,913,3090
18820654776,18820654779,3,2367,1267
18821677681,18821677676,-5,693,2655
18822639481,18822639476,-5,142,1003
18826625464,18826625458,-6,482,1359
18826668365,18826668362,-3,1372,2843
18830657290,18830657287,-3,713,2169
18833129051,18833129048,-3,934,2045
18836106521,18836106517,-4,1544,3436
18837778259,18837778254,-5,1203,3310
18843376955,18843376951,-4,1015,2468
18843529627,18843529622,-5,700,2576
18845564416,18845564410,-6,1240,3275
18845746794,18845746794,0,395,962
18846303091,18846303086,-5,305,852
18849689802,18849689794,-8,1664,6505
18849804146,18849804153,7,77135,31601
18852709285,18852709280,-5,1182,3448
18853409624,18853409606,-18,324,770
18861314286,18861314285,-1,1258,1650
18869543727,18869543724,-3,1193,2575
18870105570,18870105583,13,16401,36472
18876470002,18876469995,-7,1023,3991
18882851499,18882851495,-4,952,2036
18884774439,18884774434,-5,779,3202
18886605915,18886605910,-5,754,2648
18889112850,18889112847,-3,948,3110
18892704681,18892704675,-6,1366,3377
18898544445,18898544440,-5,1172,3186
18898605092,18898605089,-3,1463,3303
18914724337,18914724330,-7,1255,4194
18927829723,18927829720,-3,957,2980
18931199142,18931199137,-5,1337,3406
18932823487,18932823481,-6,1079,2145
18935821159,18935821155,-4,1199,2677
18952904345,18952904341,-4,890,2876
18954013513,18954013509,-4,1340,2651
18954882362,18954882357,-5,1158,3591
18957762826,18957762819,-7,602,1768
18958727517,18958727511,-6,1447,4297
18960597983,18960597978,-5,717,2122
18960935634,18960935649,15,888,1865
18963381614,18963381613,-1,2120,1397
18964795790,18964795796,6,7703,3585
18970250174,18970250171,-3,877,2777
18970332466,18970332462,-4,30,1161
18971249907,18971249906,-1,1584,2098
18973881582,18973881577,-5,1068,2733
18976939122,18976939114,-8,1078,5770
18978481433,18978481446,13,433,1531
18978781492,18978781487,-5,856,2715
18985809846,18985809841,-5,895,2681
18989194359,18989194351,-8,950,3068
18997837405,18997837399,-6,1201,3368
18998404882,18998404877,-5,830,3039
18998810905,18998810903,-2,1008,2090
19000317230,19000317225,-5,1540,4021
19000450595,19000450594,-1,1210,2234
19001166294,19001166290,-4,1264,3098
19003233359,19003233354,-5,959,2505
19007804370,19007804367,-3,658,1018
19008873159,19008873155,-4,1119,2867
19013835767,19013835763,-4,964,2876
19014037571,19014037566,-5,773,3462
19022911901,19022911895,-6,828,3378
19025015905,19025015900,-5,743,2122
19025674986,19025674982,-4,1142,3693
19029079288,19029079283,-5,979,2390
19032962129,19032962125,-4,1209,2941
19034216976,19034216980,4,2662,1657
19036236491,19036236486,-5,1009,2406
19036557635,19036557639,4,164,1442
19037520019,19037520016,-3,1511,2940
19037730402,19037730398,-4,1720,5973
19039014618,19039014613,-5,754,2640
19056173919,19056173914,-5,1006,3009
19062264045,19062264043,-2,853,2466
19062888969,19062888964,-5,975,4256
19077335342,19077335335,-7,1831,5255
19081410469,19081410463,-6,863,3091
19090726715,19090726714,-1,749,1481
19092517642,19092517637,-5,841,3003
19095102955,19095102953,-2,1144,1874
19096022105,19096022102,-3,1205,2167
19098554614,19098554613,-1,779,1653
19099296295,19099296291,-4,910,3224
19102014299,19102014294,-5,1166,2511
19102543773,19102543768,-5,1553,3477
19108305281,19108305277,-4,1005,2634
19108552522,19108552516,-6,947,1696
19110461462,19110461456,-6,1350,4005
19111502937,19111502930,-7,1229,2738
19119279600,19119279602,2,1541,1939
19120632943,19120632937,-6,973,3996
19123766026,19123766022,-4,884,2890
19124579422,19124579419,-3,781,1977
19132727522,19132727528,6,4688,1824
19136072039,19136072033,-6,1439,4004
19138157134,19138157130,-4,1224,3007
19139879191,19139879187,-4,1403,3329
19140124755,19140124750,-5,1074,2902
19141556280,19141556263,-17,739,1508
19144562406,19144562390,-16,965,992
19147457418,19147457415,-3,1281,3430
19148322315,19148322310,-5,975,3392
19157233304,19157233308,4,2246,1771
19158636523,19158636516,-7,879,3935
19158670913,19158670927,14,509,1789
19163668830,19163668825,-5,1283,3316
19165418006,19165418000,-6,636,2301
19165658169,19165658164,-5,127,1317
19168825138,19168825133,-5,861,1849
19169574897,19169574897,0,1321,1755
19169860955,19169860966,11,158,1156
19178732577,19178732570,-7,1149,3745
19186929562,19186929558,-4,702,2506
19187073587,19187073565,-22,1097,3143
19187780121,19187780117,-4,1150,2046
19187830470,19187830469,-1,1210,2061
19190620963,19190620958,-5,1099,4127
19192108334,19192108330,-4,973,2892
19193421938,19193421930,-8,1026,3847
19200659296,19200659293,-3,1112,2677
19207833878,19207833874,-4,1109,2511
19208340959,19208340956,-3,1012,2989
19212146803,19212146798,-5,1019,2940
19215918791,19215918786,-5,815,3275
19216178347,19216178325,-22,1081,2923
19221534648,19221534642,-6,1003,3898
19222730765,19222730757,-8,1052,3263
19223855714,19223855710,-4,822,1560
19225349886,19225349882,-4,753,2903
19228382026,19228382022,-4,776,3662
19231716451,19231716445,-6,1104,3697
19233994466,19233994459,-7,1155,2858
19237487995,19237487998,3,6175,23144
19237768334,19237768329,-5,912,2886
19237884433,19237884429,-4,711,2556
19237910957,19237910950,-7,1148,4922
19242635223,19242635217,-6,818,2825
19243068783,19243068776,-7,653,1567
19245919588,19245919597,9,2301,1014
19247973260,19247973254,-6,1037,2087
19251768423,19251768418,-5,1431,3794
19255124055,19255124050,-5,564,2276
19255651594,19255651615,21,647,2072
19261193891,19261193889,-2,1084,2893
19261713850,19261713870,20,438,3492
19266982839,19266982833,-6,945,3020
19274816234,19274816252,18,13057,56834
19280212597,19280212597,0,2952,4286
19281620253,19281620250,-3,1104,2536
19285879859,19285879854,-5,951,2845
19292106943,19292106937,-6,1026,2963
19296810775,19296810782,7,2971,849
19298751286,19298751281,-5,1716,4286
19302306154,19302306150,-4,1058,3057
19302636650,19302636642,-8,656,2887
19304075616,19304075611,-5,1220,3199
19314896344,19314896341,-3,22277,14404
19322264211,19322264205,-6,705,2520
19322518586,19322518598,12,304,1212
19324332423,19324332417,-6,871,2518
19325364189,19325364183,-6,626,3345
19327144926,19327144931,5,1893,1113
19330199217,19330199212,-5,1213,3043
19331332435,19331332429,-6,894,2726
19334469461,19334469454,-7,1370,4524
19336771898,19336771893,-5,743,3118
19337197838,19337197833,-5,927,3637
19338684169,19338684165,-4,1528,3772
19345600851,19345600846,-5,873,2870
19349334276,19349334270,-6,1214,2973
19362979319,19362979311,-8,1127,7961
19363856045,19363856026,-19,986,962
19365925017,19365925014,-3,1123,2710
19367452814,19367452819,5,2357,1325
19369802072,19369802066,-6,1290,3273
19370288524,19370288525,1,1141,999
19372988970,19372988966,-4,1292,2460
19378704035,19378704032,-3,1381,4065
19383804522,19383804517,-5,697,2729
19390763105,19390763101,-4,1657,5687
19392430898,19392430895,-3,1212,3183
19392860946,19392860954,8,1263,174
19393939494,19393939489,-5,1389,3777
19401241400,19401241397,-3,1608,2686
19401280095,19401280091,-4,982,2752
19402742762,19402742758,-4,1108,2605
19413041417,19413041412,-5,888,2918
19416483983,19416483978,-5,1472,4476
19419719995,19419719989,-6,1166,2808
19419988050,19419988034,-16,288,666
19420467787,19420467769,-18,1037,2210
19420702530,19420702546,16,690,2711
19421968975,19421968970,-5,1621,4343
19429054840,19429054834,-6,874,2490
19430783809,19430783806,-3,1466,2599
19432543618,19432543614,-4,839,2280
19433169683,19433169677,-6,1199,3767
19435223213,19435223211,-2,1921,2945
19436101043,19436101037,-6,690,2703
19440199352,19440199348,-4,1183,2888
19440617080,19440617076,-4,1796,4814
19441376778,19441376773,-5,857,2993
19443503117,19443503111,-6,593,2874
19451246938,19451246935,-3,1070,2838
19454690718,19454690714,-4,1170,3312
19455530882,19455530883,1,153,1196
19455592011,19455592031,20,438,1196
19458618758,19458618753,-5,1236,3604
19459899295,19459899291,-4,942,2788
19462249218,19462249211,-7,1039,3652
19465514182,19465514177,-5,1059,3678
19466591153,19466591148,-5,1112,5072
19468812702,19468812706,4,5574,21256
19468841523,19468841525,2,1374,2478
19476960950,19476960947,-3,1072,2283
19479317986,19479317991,5,1777,1547
19480766030,19480766025,-5,944,2305
19484280282,19484280278,-4,664,2258
19485285513,19485285516,3,3511,3384
19499674553,19499674549,-4,728,3019
19499970786,19499970766,-20,179,925
19501121258,19501121250,-8,1866,10369
19501549682,19501549702,20,12,651
19502724947,19502724940,-7,1493,9304
19506823498,19506823494,-4,1074,3489
19517224564,19517224566,2,1870,1771
19523210625,19523210629,4,13989,10670
19527182878,19527182873,-5,898,3059
19527228112,19527228132,20,709,2549
19527603401,19527603398,-3,1371,1869
19532750267,19532750271,4,1665,1565
19537427350,19537427354,4,2459,2099
19540049403,19540049401,-2,1522,3231
19545866285,19545866282,-3,2713,4915
19545920434,19545920430,-4,1265,2915
19549989459,19549989457,-2,1139,3297
19554295913,19554295909,-4,1798,3372
19554955630,19554955624,-6,893,4018
19555741364,19555741381,17,420,1613
19555808071,19555808068,-3,1078,2393
19556261401,19556261398,-3,169,993
19559522013,19559522018,5,1652,1158
19562378761,19562378766,5,1930,1165
19563701730,19563701724,-6,1673,3263
19568528445,19568528441,-4,1265,3155
19578136814,19578136809,-5,915,2054
19583881614,19583881611,-3,1569,2151
19585918633,19585918632,-1,1020,1621
19586632078,19586632072,-6,718,2726
19588688386,19588688382,-4,1097,2806
19601393429,19601393426,-3,810,1963
19601586985,19601586973,-12,1181,2057
19603699648,19603699642,-6,1249,3460
19605758783,19605758776,-7,1134,3250
19611241534,19611241529,-5,1236,3644
19613557834,19613557839,5,9459,4958
19613585109,19613585106,-3,1197,3398
19616078656,19616078650,-6,1290,3127
19622997745,19622997739,-6,870,2701
19625197597,19625197602,5,3409,863
19628321560,19628321554,-6,3088,8343
19631652052,19631652042,-10,1120,2610
19637704433,19637704439,6,3454,1307
19641886523,19641886519,-4,715,1655
19642341053,19642341055,2,2414,2121
19647099958,19647099952,-6,1068,3289
19651755170,19651755167,-3,935,2862
19652019634,19652019630,-4,1265,2875
19656419150,19656419145,-5,1386,4573
19659637684,19659637682,-2,159,1900
19666638253,19666638247,-6,951,2891
19667391419,19667391415,-4,753,1762
19667876052,19667876064,12,657,2741
19675347664,19675347654,-10,951,2099
19675468480,19675468481,1,31770,35267
19678507390,19678507385,-5,850,2887
19681797058,19681797054,-4,1056,2338
19683092939,19683092956,17,364,1000
19684259003,19684259000,-3,939,3068
19692968631,19692968626,-5,1029,2784
19704180134,19704180128,-6,980,2498
19707383724,19707383718,-6,1261,3317
19707968819,19707968816,-3,1515,2896
19714693489,19714693485,-4,723,2166
19715857131,19715857150,19,1394,3614
19716424435,19716424455,20,356,789
19717520198,19717520203,5,1819,1093
19718559100,19718559098,-2,1484,2106
19718794199,19718794194,-5,1060,2937
19723214722,19723214717,-5,1022,3662
19730018410,19730018405,-5,953,2937
19730816625,19730816606,-19,794,2945
19734267707,19734267702,-5,1262,2701
19739126510,19739126505,-5,1044,3547
19739570510,19739570505,-5,522,2676
19749962114,19749962111,-3,1294,3383
19750740698,19750740698,0,1675,2665
19756589549,19756589542,-7,1032,2619
19758607990,19758607986,-4,1258,3980
19761664486,19761664482,-4,1033,4187
19766705347,19766705343,-4,718,2791
19768527401,19768527407,6,3480,1549
19768851610,19768851606,-4,1188,3379
19773618822,19773618822,0,1395,1768
19779844607,19779844601,-6,1009,3252
19786063873,19786063866,-7,1410,7554
19788484753,19788484747,-6,1093,3445
19793001353,19793001349,-4,1143,2524
19799314690,19799314688,-2,1869,3334
19810096943,19810096938,-5,950,2160
19810641172,19810641168,-4,1073,3162
19813076682,19813076679,-3,1659,3877
19814350006,19814350000,-6,1040,2866
19814469592,19814469615,23,972,3884
19814672243,19814672222,-21,257,717
19825996194,19825996186,-8,1208,4549
19827588205,19827588200,-5,1130,2923
19828157025,19828157031,6,216,725
19828525714,19828525696,-18,1093,1345
19829722212,19829722218,6,348,1499
19840229892,19840229888,-4,1687,3213
19843663517,19843663515,-2,2627,3150
19852055919,19852055914,-5,877,2383
19853113327,19853113323,-4,1098,1150
19865445563,19865445558,-5,749,2278
19865493830,19865493825,-5,1619,4537
19871224106,19871224100,-6,972,2483
19875080486,19875080479,-7,924,2484
19875573547,19875573542,-5,1062,3026
19879692586,19879692581,-5,1337,3652
19880059618,19880059635,17,340,1257
19881207185,19881207179,-6,1105,2579
19895552789,19895552791,2,3483,2799
19896212795,19896212793,-2,32059,17342
19901391780,19901391776,-4,1200,3385
19901848671,19901848672,1,1909,2041
19906503346,19906503349,3,2166,1825
19917979654,19917979658,4,2266,1521
19919511601,19919511596,-5,951,3766
19920430846,19920430841,-5,641,3513
19921460026,19921460020,-6,1064,4356
19925192402,19925192402,0,1194,1517
19935278903,19935278896,-7,885,2939
19947385391,19947385387,-4,1010,2401
19953250844,19953250845,1,8640,23022
19954179817,19954179813,-4,1276,2621
19954858776,19954858777,1,1681,1671
19958253108,19958253104,-4,1356,4178
19962784478,19962784474,-4,1202,2143
19975140045,19975140041,-4,410,1745
19980266213,19980266206,-7,969,3500
19980675193,19980675185,-8,1143,2998
19980705889,19980705898,9,300,768
19988718055,19988718051,-4,1138,2766
19989196166,19989196162,-4,1134,1773
19989844808,19989844810,2,301,1339
19992672946,19992672940,-6,837,3701
20018504486,20018504481,-5,926,2758
20019612105,20019612124,19,940,4318
20020136698,20020136699,1,1457,988
20022037378,20022037371,-7,637,3417
20028697429,20028697422,-7,1075,3402
20029074892,20029074887,-5,1557,3725
20034355986,20034355982,-4,951,2536
20035815015,20035815010,-5,684,2868
20036224435,20036224451,16,746,3533
20037570006,20037570002,-4,1237,3505
20042994181,20042994178,-3,1198,2081
20044840364,20044840360,-4,940,2991
20045403139,20045403122,-17,1142,3087
20045938689,20045938683,-6,1037,3037
20046631115,20046631128,13,759,3473
20048716713,20048716718,5,3676,1431
20053472014,20053472022,8,913,1273
20058708810,20058708814,4,2253,1519
20062986549,20062986544,-5,908,3295
20068215819,20068215815,-4,940,2717
20069429859,20069429877,18,1025,2459
20076733255,20076733250,-5,1222,3194
20080143477,20080143473,-4,963,3683
20086537235,20086537229,-6,874,3149
20098420839,20098420833,-6,996,3181
20099022027,20099022022,-5,876,2380
20099052914,20099052901,-13,83,1984
20101647428,20101647424,-4,1289,2172
20105510861,20105510857,-4,1381,4284
20107205571,20107205567,-4,573,2033
20107536788,20107536784,-4,1286,2690
20108610425,20108610443,18,633,3845
20110061101,20110061097,-4,1662,3568
20115566962,20115566958,-4,825,2613
20121881639,20121881634,-5,431,1172
20123794495,20123794490,-5,1201,3238
20126042670,20126042675,5,4989,2968
20140133528,20140133522,-6,1195,2970
20140667120,20140667130,10,194,1219
20147609665,20147609662,-3,475,1452
20149295581,20149295586,5,1856,1428
20164377266,20164377263,-3,1284,2558
20168243967,20168243962,-5,1120,3226
20171577822,20171577817,-5,1274,4362
20174265259,20174265270,11,289,1191
20176223152,20176223146,-6,967,3048
20176531343,20176531339,-4,1169,4334
20178614094,20178614092,-2,1309,1666
20179064821,20179064814,-7,1305,3318
20181573579,20181573575,-4,1069,2799
20186567694,20186567686,-8,832,2089
20187352789,20187352785,-4,870,3247
20191591941,20191591933,-8,1154,2856
20192224936,20192224929,-7,84,1148
20192694773,20192694768,-5,1177,3106
20196412382,20196412378,-4,1184,3454
20196573082,20196573077,-5,996,3029
20196683985,20196683973,-12,1046,2603
20198038338,20198038334,-4,789,1988
20200418655,20200418650,-5,1159,3295
20200851334,20200851331,-3,672,2396
20203028583,20203028578,-5,965,2605
20212102444,20212102439,-5,1412,3341
20213615376,20213615370,-6,1428,4020
20216859210,20216859205,-5,899,2879
20220695351,20220695345,-6,1082,2974
20224202702,20224202697,-5,952,3054
20228441065,20228441059,-6,1401,4082
20230914597,20230914591,-6,970,3200
20231447461,20231447463,2,2454,1940
20238990206,20238990200,-6,1179,3768
20244421551,20244421546,-5,1289,3234
20245742056,20245742049,-7,853,2805
20246055936,20246055933,-3,831,2232
20247069406,20247069402,-4,989,4074
20250505127,20250505122,-5,531,2078
20250703579,20250703562,-17,126,882
20252190425,20252190414,-11,345,1112
20253122737,20253122732,-5,897,3552
20254490828,20254490823,-5,1394,3251
20257589954,20257589951,-3,1213,2747
20258585493,20258585487,-6,1487,3358
20260467691,20260467687,-4,970,2860
20269663059,20269663053,-6,919,2906
20269985353,20269985369,16,343,2210
20271468434,20271468426,-8,974,4216
20272322856,20272322850,-6,1229,3168
20274753678,20274753677,-1,413,2513
20277233499,20277233495,-4,468,1705
20277892529,20277892523,-6,924,2696
20278158672,20278158667,-5,666,2563
20278207272,20278207287,15,169,888
20278807882,20278807870,-12,779,2751
20278866802,20278866814,12,376,1221
20281359777,20281359770,-7,1088,2615
20282478183,20282478179,-4,987,2893
20284857802,20284857794,-8,1052,3294
20285554158,20285554154,-4,1114,4132
20287841574,20287841570,-4,951,2855
20290448714,20290448708,-6,1032,2955
20294486397,20294486392,-5,1281,3889
20294916401,20294916397,-4,862,2924
20300092966,20300092971,5,1597,711
20300627739,20300627717,-22,555,1526
20301827843,20301827835,-8,942,3184
20304616425,20304616422,-3,1214,1679
20307039447,20307039440,-7,856,1967
20309000085,20309000081,-4,1311,2764
20310494222,20310494218,-4,1253,3380
20313101309,20313101304,-5,1150,2755
20318556508,20318556502,-6,1392,4308
20318689536,20318689554,18,856,3172
20320306711,20320306707,-4,1262,3129
20322657818,20322657817,-1,980,2210
20330734278,20330734274,-4,1017,2080
20333776910,20333776906,-4,1107,3564
20334667297,20334667294,-3,1284,3687
20344795123,20344795116,-7,1271,3199
20345406513,20345406509,-4,905,3088
20349332187,20349332181,-6,672,2286
20352344526,20352344521,-5,872,2537
20355810400,20355810394,-6,856,4021
20359912741,20359912737,-4,1116,2930
20367338491,20367338483,-8,655,1695
20368790666,20368790664,-2,611,2278
20369000688,20369000681,-7,12,1483
20369274027,20369274006,-21,1011,2688
20369478153,20369478148,-5,1541,4593
20369696760,20369696755,-5,1253,2988
20370706787,20370706782,-5,1189,3488
20371526261,20371526257,-4,996,2377
20374975482,20374975478,-4,1099,3515
20377392691,20377392689,-2,885,2586
20378686015,20378686011,-4,1253,3846
20384416094,20384416090,-4,1046,2092
20385572935,20385572932,-3,851,2587
20387842279,20387842277,-2,1314,2558
20399130627,20399130622,-5,780,2850
20401165815,20401165809,-6,969,2384
20401613444,20401613438,-6,1157,4208
20402768259,20402768253,-6,818,2260
20407261123,20407261118,-5,1075,3448
20407541955,20407541962,7,4178,1222
20409447487,20409447481,-6,1010,2483
20410353267,20410353261,-6,1502,3965
20411988650,20411988667,17,267,1105
20415644294,20415644289,-5,1042,3424
20417327975,20417327969,-6,1010,2782
20420696515,20420696511,-4,1186,2605
20421984598,20421984594,-4,1355,3322
20422266971,20422266977,6,2908,1471
20423082091,20423082086,-5,1059,3814
20428155687,20428155691,4,1228,795
20429119936,20429119942,6,358,666
20429287776,20429287774,-2,1239,1549
20429846957,20429846950,-7,887,2630
20444333841,20444333836,-5,925,2809
20446875983,20446875979,-4,1338,3689
20448723854,20448723850,-4,1574,3369
20451837515,20451837510,-5,1078,3646
20451864643,20451864638,-5,953,3012
20452489653,20452489647,-6,1042,4030
20454923071,20454923066,-5,947,2932
20455538898,20455538893,-5,837,2992
20458471385,20458471378,-7,1313,3081
20458691825,20458691837,12,120,1295
20460036672,20460036662,-10,929,3478
20460760066,20460760061,-5,1131,2023
20464992344,20464992339,-5,1161,3179
20465319925,20465319922,-3,1219,2608
20469166338,20469166343,5,1756,1753
20472510942,20472510933,-9,766,2052
20474587686,20474587686,0,1080,923
20474817436,20474817454,18,741,3191
20480988211,20480988204,-7,818,2895
20482606410,20482606406,-4,1065,2757
20483240706,20483240727,21,1134,3606
20485229995,20485229993,-2,1106,2332
20486351530,20486351509,-21,281,773
20495825274,20495825274,0,1012,2095
20496085988,20496086000,12,416,1607
20498467359,20498467355,-4,440,1732
20501536191,20501536186,-5,823,2241
20503602470,20503602462,-8,1229,3126
20505587698,20505587697,-1,1269,2305
20509278655,20509278650,-5,692,2316
20510756096,20510756092,-4,1410,3323
20511255674,20511255668,-6,1252,4016
20511819853,20511819847,-6,930,2665
20519296635,20519296630,-5,474,1905
20522146850,20522146846,-4,885,2744
20526649912,20526649907,-5,1320,4771
20527722238,20527722233,-5,1006,3003
20530457010,20530457007,-3,1234,3516
20533980242,20533980238,-4,1109,3827
20540465031,20540465026,-5,765,2892
20541021468,20541021487,19,119,980
20544133642,20544133635,-7,932,2368
20550744606,20550744603,-3,1109,2080
20551592139,20551592136,-3,603,2375
20553095376,20553095374,-2,45,1872
20556245094,20556245091,-3,853,2336
20556303346,20556303336,-10,54989,23872
20561486125,20561486122,-3,1315,2191
20562100884,20562100879,-5,898,3148
20565496711,20565496706,-5,1058,2962
20566344005,20566344000,-5,1113,3351
20571619530,20571619522,-8,783,4068
20572713238,20572713235,-3,1035,2143
20572931898,20572931912,14,812,1877
20573215018,20573215014,-4,1078,2665
20576828351,20576828346,-5,1162,3490
20577297502,20577297495,-7,1208,6792
20578355551,20578355545,-6,1287,5305
20578648971,20578648969,-2,894,2939
20579014973,20579014966,-7,1574,7150
20581977295,20581977301,6,1595,1276
20587395465,20587395461,-4,840,2602
20588883059,20588883056,-3,1142,3313
20600791257,20600791258,1,1794,1956
20606831456,20606831449,-7,838,2723
20609441721,20609441715,-6,1184,4174
20609834528,20609834527,-1,122,538
20611558091,20611558083,-8,940,4387
20611851394,20611851389,-5,1035,2626
20615564439,20615564436,-3,1007,3553
20616637214,20616637210,-4,1455,3198
20616922558,20616922556,-2,2333,5806
20621125418,20621125412,-6,1309,3847
20623877754,20623877757,3,6912,5415
20629254995,20629254988,-7,954,3123
20630868897,20630868893,-4,1443,2862
20631413770,20631413748,-22,107,1087
20636904210,20636904208,-2,648,1729
20638068018,20638068013,-5,882,3228
20638407955,20638407949,-6,651,1958
20649812171,20649812166,-5,1457,3026
20656540612,20656540607,-5,1086,4774
20662614845,20662614842,-3,999,2504
20663799865,20663799861,-4,1264,3681
20666369761,20666369755,-6,1080,3418
20666829147,20666829138,-9,896,2329
20668453575,20668453570,-5,1317,3974
20672516495,20672516497,2,3601,3214
20677556167,20677556162,-5,815,2010
20681880458,20681880454,-4,556,2575
20683610811,20683610806,-5,746,2209
20685003358,20685003353,-5,1361,4139
20685426294,20685426289,-5,1069,2722
20686311650,20686311645,-5,844,2922
20705587810,20705587806,-4,1157,2758
20709115507,20709115502,-5,1094,2949
20711554765,20711554760,-5,820,3204
20714511625,20714511620,-5,1393,2642
20714961559,20714961554,-5,936,3149
20718160753,20718160752,-1,7752,12360
20720518283,20720518277,-6,1282,2821
20726714280,20726714274,-6,1588,3528
20728592342,20728592337,-5,846,2827
20728981690,20728981704,14,424,959
20733100291,20733100291,0,732,1038
20734469596,20734469594,-2,19298,16308
20734806963,20734806960,-3,921,1361
20740986918,20740986910,-8,2452,7959
20741178070,20741178064,-6,1168,4087
20745873972,20745873966,-6,1126,3134
20746261788,20746261799,11,369,6857
20746370682,20746370676,-6,1292,3081
20746693887,20746693883,-4,755,3121
20749411987,20749411981,-6,572,3548
20750037352,20750037370,18,1069,2930
20752488787,20752488786,-1,1319,1617
20752553154,20752553159,5,2215,1243
20755272034,20755272033,-1,5146,17781
20758364006,20758364000,-6,1262,5109
20758477486,20758477490,4,860,997
20768491186,20768491181,-5,800,4111
20771515627,20771515622,-5,1276,2792
20783275912,20783275906,-6,1263,3064
20785307471,20785307466,-5,1085,2867
20788971731,20788971728,-3,911,3727
20791023536,20791023542,6,5323,2701
20794670618,20794670615,-3,1338,2479
20795073313,20795073333,20,961,2705
20800234717,20800234710,-7,1504,3348
20806066967,20806066964,-3,840,1784
20806564294,20806564290,-4,1259,2938
20814982411,20814982406,-5,900,2710
20817149709,20817149703,-6,826,2497
20817784838,20817784832,-6,1059,3657
20819289143,20819289139,-4,793,3527
20819990814,20819990809,-5,760,1436
20820166850,20820166871,21,660,1847
20826549102,20826549099,-3,1890,4391
20831002443,20831002451,8,6974,2951
20834224421,20834224417,-4,759,2103
20834344490,20834344469,-21,78,1086
20837208703,20837208698,-5,1227,3371
20843271777,20843271774,-3,847,3145
20843351286,20843351281,-5,1145,2331
20844444711,20844444706,-5,1397,3061
20851222040,20851222034,-6,810,4009
20851362911,20851362904,-7,743,3014
20851397202,20851397221,19,34,660
20852287522,20852287525,3,68,758
20852899870,20852899866,-4,676,2345
20859820214,20859820206,-8,652,2916
20860728059,20860728036,-23,893,3062
20861270050,20861270049,-1,41763,33120
20869629354,20869629360,6,3094,1394
20874782132,20874782125,-7,1133,3175
20874814122,20874814138,16,977,2418
20876187488,20876187494,6,184,827
20877012561,20877012581,20,113,814
20881490399,20881490414,15,279,898
20890357807,20890357805,-2,1255,2122
20898515129,20898515125,-4,1163,3650
20907129392,20907129387,-5,1422,3787
20908925199,20908925194,-5,820,2275
20911910706,20911910702,-4,1113,2596
20918055588,20918055582,-6,1228,2953
20920151843,20920151838,-5,1195,3217
20928993733,20928993729,-4,1190,2950
20929612810,20929612791,-19,1046,3031
20933638815,20933638822,7,5631,2152
20935741206,20935741201,-5,937,2489
20937529521,20937529517,-4,1167,3139
20946520070,20946520065,-5,908,3009
20952329033,20952329029,-4,637,1905
20952392081,20952392103,22,815,3036
20957550182,20957550177,-5,1085,3063
20960394110,20960394105,-5,1363,4273
20961419699,20961419714,15,557,1220
20961765987,20961765982,-5,931,3412
20964614770,20964614765,-5,1023,3060
20967291314,20967291315,1,1098,1394
20971370631,20971370626,-5,1592,3725
20971398238,20971398233,-5,872,3565
20971748322,20971748337,15,344,1309
20975793078,20975793074,-4,822,1696
20978384558,20978384566,8,4476,1118
20979980401,20979980398,-3,916,3202
20988813768,20988813762,-6,1264,3031
20989683913,20989683910,-3,679,2334
20994287038,20994287034,-4,1335,3004
20994520391,20994520386,-5,1198,2984
20999174186,20999174193,7,4798,1092
21000675477,21000675472,-5,1085,3028
21010919979,21010919974,-5,1106,2145
21012438990,21012438985,-5,738,3180
21015389658,21015389657,-1,1544,2435
21019558066,21019558062,-4,358,955
21023225233,21023225239,6,18,727
21024099817,21024099812,-5,665,2323
21029420929,21029420923,-6,1148,3135
21035732264,21035732259,-5,1200,3549
21037120557,21037120550,-7,722,2521
21038363636,21038363652,16,319,1797
21044509394,21044509390,-4,875,2672
21051751159,21051751154,-5,931,3484
21052194166,21052194158,-8,924,2974
21054327714,21054327710,-4,1477,2671
21054418551,21054418547,-4,1018,3356
21054561435,21054561430,-5,657,2909
21057097458,21057097453,-5,924,1866
21059282190,21059282195,5,2061,1180
21061506578,21061506586,8,2702,1376
21063393345,21063393341,-4,1182,3569
21063473627,21063473610,-17,1191,2451
21063756324,21063756337,13,267,1115
21071406641,21071406637,-4,1090,2831
21078943708,21078943701,-7,1200,4932
21079127363,21079127358,-5,870,2541
21082453417,21082453413,-4,838,2787
21082596144,21082596162,18,684,1846
21087598645,21087598641,-4,772,2755
21093548410,21093548414,4,8433,5176
21097275530,21097275526,-4,925,2812
21102621535,21102621530,-5,1219,3406
21102792679,21102792682,3,1285,1202
21115529457,21115529451,-6,1243,3283
21121142013,21121142010,-3,1676,2707
21126533514,21126533506,-8,1252,3265
21127801745,21127801741,-4,1458,3368
21132175786,21132175781,-5,1220,2768
21138963183,21138963178,-5,1607,3335
21146442477,21146442473,-4,855,2156
21148570046,21148570042,-4,1417,4047
21151854011,21151854005,-6,977,2982
21152692557,21152692550,-7,1144,2818
21156991543,21156991539,-4,960,3682
21157114777,21157114794,17,238,772
21157955151,21157955147,-4,1236,2841
21158450292,21158450305,13,323,1856
21166101561,21166101554,-7,1139,3711
21168240999,21168240993,-6,787,3103
21191080070,21191080062,-8,621,3066
21194689120,21194689114,-6,806,3293
21200568596,21200568583,-13,55102,12176
21207459761,21207459754,-7,1335,4875
21207706883,21207706878,-5,906,2666
21208832362,21208832358,-4,1293,3696
21208918614,21208918609,-5,975,3510
21209516569,21209516557,-12,243,1318
21214332310,21214332305,-5,1152,3820
21220486916,21220486910,-6,818,3269
21222720285,21222720280,-5,1223,4809
21227156522,21227156518,-4,1361,3584
21243117122,21243117118,-4,1115,2154
21249811512,21249811505,-7,1176,2022
21250440277,21250440271,-6,461,1149
21259237430,21259237425,-5,1108,3306
21264645879,21264645877,-2,1137,1682
21270258939,21270258931,-8,1020,3956
21270669951,21270669958,7,16598,16052
21275446217,21275446214,-3,923,2836
21275560340,21275560334,-6,874,3054
21276947632,21276947635,3,1896,1521
21287392566,21287392562,-4,1598,4207
21291724640,21291724642,2,1402,1724
21293879145,21293879140,-5,574,718
21298562807,21298562802,-5,1092,2558
21310584303,21310584298,-5,1023,2170
21316263643,21316263638,-5,1369,3673
21318478274,21318478267,-7,958,3895
21319424471,21319424473,2,2239,2765
21325465667,21325465662,-5,1138,2339
21325869465,21325869446,-19,1254,2579
21344581353,21344581349,-4,981,2588
21345154731,21345154726,-5,799,3028
21349216490,21349216486,-4,865,3072
21350295959,21350295939,-20,1080,1125
21350553459,21350553455,-4,965,1980
21353095486,21353095482,-4,1133,2858
21356092799,21356092794,-5,1084,3274
21366712457,21366712470,13,3023,985
21368828147,21368828158,11,3140,1316
21373115231,21373115226,-5,729,1397
21373561461,21373561458,-3,1234,3133
21374343326,21374343321,-5,1177,3315
21376528590,21376528586,-4,634,2577
21382565881,21382565877,-4,950,3063
21383406911,21383406906,-5,787,2567
21388247713,21388247707,-6,1295,4354
21391766295,21391766289,-6,799,2767
21393151047,21393151039,-8,1063,4343
21394720255,21394720250,-5,1196,3287
21397089283,21397089279,-4,1451,2706
21398459042,21398459037,-5,811,2561
21398510238,21398510233,-5,888,2726
21399449179,21399449173,-6,1224,3068
21418042729,21418042722,-7,1104,4291
21418814518,21418814513,-5,783,3494
21422775298,21422775292,-6,870,2788
21423783574,21423783579,5,2587,767
21430499811,21430499808,-3,1016,1714
21433404414,21433404412,-2,1227,2318
21436614621,21436614617,-4,1928,6266
21436658579,21436658581,2,2188,1679
21438871833,21438871829,-4,1201,3031
21442684603,21442684599,-4,902,2532
21444342535,21444342529,-6,1143,2546
21444868505,21444868500,-5,843,2413
21450734707,21450734699,-8,995,4199
21451406010,21451406006,-4,1282,1734
21457117142,21457117136,-6,1662,3414
21457490126,21457490122,-4,919,2618
21458064468,21458064487,19,806,2778
21459073570,21459073565,-5,1022,3800
21459714594,21459714589,-5,736,2599
21463525674,21463525668,-6,1178,2118
21468578527,21468578533,6,2729,1443
21469564546,21469564541,-5,989,2507
21473063787,21473063781,-6,853,4340
21476746754,21476746748,-6,1459,3636
21480378418,21480378413,-5,1408,4078
21482084941,21482084935,-6,870,2503
21482215091,21482215090,-1,71,969
21483308908,21483308912,4,1861,1304
21486449787,21486449782,-5,727,1444
21486604221,21486604222,1,1734,2488
21488806124,21488806130,6,4221,2141
21493098867,21493098862,-5,1002,3284
21508067478,21508067479,1,2138,2800
21511006170,21511006157,-13,265,1509
21517904939,21517904933,-6,1045,2767
21520529723,21520529719,-4,1532,3989
21522595675,21522595670,-5,1051,3399
21522888567,21522888563,-4,1249,3374
21524455791,21524455787,-4,1117,2900
21528589417,21528589413,-4,745,2927
21530851723,21530851720,-3,933,3406
21531312427,21531312422,-5,1013,3212
21531979958,21531979957,-1,556,2230
21532327257,21532327274,17,864,3757
21536762246,21536762241,-5,1277,2456
21539008030,21539008025,-5,825,3305
21541914833,21541914829,-4,1303,3367
21543197168,21543197164,-4,1269,4152
21546968967,21546968961,-6,813,3246
21547517378,21547517391,13,1925,34686
21551955349,21551955343,-6,1472,2442
21554563697,21554563702,5,17702,32361
21555890202,21555890201,-1,469,2295
21557416962,21557416978,16,522,1500
21564677517,21564677515,-2,983,2353
21566259302,21566259297,-5,887,2656
21567031118,21567031112,-6,863,3278
21567074576,21567074597,21,839,3593
21569726546,21569726541,-5,1339,3749
21572583383,21572583378,-5,935,2047
21573746959,21573746953,-6,1464,3975
21578400434,21578400431,-3,713,2641
21582798635,21582798630,-5,818,2966
21583554026,21583554021,-5,833,4036
21585206979,21585206974,-5,1346,2259
21585606870,21585606877,7,5725,2112
21587207234,21587207227,-7,2384,7392
21593454123,21593454119,-4,970,1399
21593945929,21593945925,-4,1553,3226
21594342482,21594342473,-9,310,1341
21596120873,21596120870,-3,1221,3494
21599238734,21599238729,-5,1057,4262
21599650401,21599650381,-20,58,1313
21602797543,21602797543,0,1359,1961
21606500429,21606500425,-4,1012,3077
21606898766,21606898762,-4,781,3588
21607799176,21607799170,-6,1024,2799
21609974922,21609974918,-4,743,3241
21612319022,21612319024,2,1309,1002
21617575057,21617575053,-4,1546,2524
21622781450,21622781448,-2,1072,3636
21624275298,21624275294,-4,949,3433
21624845302,21624845298,-4,918,2961
21629453849,21629453845,-4,1214,2697
21630024697,21630024694,-3,1245,3114
21630330541,21630330536,-5,1480,3815
21632326839,21632326838,-1,962,918
21633140846,21633140847,1,1792,1908
21633612561,21633612583,22,1327,4182
21634210958,21634210953,-5,2770,8832
21634423129,21634423123,-6,1342,3123
21636536739,21636536727,-12,1319,3278
21640709654,21640709648,-6,702,2345
21641727011,21641727026,15,518,1625
21642752107,21642752103,-4,1184,2565
21643073409,21643073410,1,1283,1112
21647186607,21647186602,-5,586,2689
21647616720,21647616715,-5,1011,1938
21656175863,21656175857,-6,956,1993
21656828106,21656828099,-7,165,827
21659842552,21659842545,-7,1224,3019
21662508135,21662508131,-4,955,2673
21662956326,21662956320,-6,2024,10123
21664146772,21664146769,-3,2510,6380
21669893790,21669893787,-3,1316,2127
21672726930,21672726928,-2,1210,3004
21676761198,21676761202,4,1794,1556
21690257385,21690257378,-7,1306,4462
21695107840,21695107836,-4,929,2613
21696288455,21696288450,-5,875,3549
21697275682,21697275675,-7,1065,2687
21705911162,21705911157,-5,869,2803
21710403256,21710403258,2,2950,2475
21714308665,21714308660,-5,1345,2933
21714495755,21714495750,-5,1238,3584
21714550114,21714550134,20,863,2905
21715288942,21715288937,-5,629,2709
21715798531,21715798527,-4,1008,2216
21717244773,21717244769,-4,1162,3882
21717881862,21717881858,-4,1018,3366
21718463737,21718463753,16,630,1659
21725074326,21725074322,-4,1117,3203
21727641590,21727641586,-4,760,3548
21730914322,21730914329,7,2556,1588
21734031321,21734031317,-4,1087,3704
21734261216,21734261200,-16,130,976
21734962302,21734962297,-5,931,2337
21736706770,21736706767,-3,1207,2169
21743765983,21743765982,-1,614,1089
21744169587,21744169577,-10,983,2635
21747577004,21747577000,-4,835,1772
21748904894,21748904890,-4,818,3216
21758559792,21758559786,-6,1010,2767
21759474696,21759474719,23,287,1384
21760733701,21760733695,-6,883,2579
21763818838,21763818833,-5,1570,3273
21765670079,21765670081,2,1538,1524
21766855808,21766855813,5,2143,1806
21767679702,21767679697,-5,1209,2807
21769346310,21769346302,-8,969,3819
21775243199,21775243195,-4,866,2645
21775345411,21775345423,12,159,1293
21779514707,21779514702,-5,1017,3656
21782020057,21782020052,-5,1182,3001
21783549515,21783549507,-8,841,3613
21783710148,21783710160,12,675,2682
21785872320,21785872315,-5,773,2712
21787533518,21787533506,-12,62,994
21789177639,21789177634,-5,1021,2931
21790453805,21790453800,-5,1287,3101
21791043035,21791043031,-4,1222,3358
21801323803,21801323798,-5,2463,7943
21805162378,21805162373,-5,1349,2172
21808610072,21808610066,-6,1997,6173
21814846119,21814846114,-5,936,3122
21823438903,21823438899,-4,1402,3553
21826657599,21826657594,-5,1147,2698
21828335579,21828335575,-4,1083,2753
21831273934,21831273929,-5,1070,3563
21834040921,21834040914,-7,1018,3169
21834216864,21834216855,-9,1023,2866
21834820536,21834820532,-4,942,3659
21835883857,21835883874,17,853,2281
21837056806,21837056801,-5,1048,3132
21840550623,21840550616,-7,1033,2377
21843838978,21843838976,-2,1506,3235
21845766587,21845766582,-5,1078,3931
21855675210,21855675206,-4,1158,2726
21856953195,21856953188,-7,940,2708
21861509359,21861509354,-5,474,1309
21864551362,21864551358,-4,611,3221
21883474218,21883474214,-4,571,2330
21887420330,21887420338,8,7531,35614
21890585839,21890585833,-6,880,2199
21891711550,21891711545,-5,1133,2654
21892292780,21892292796,16,354,1258
21897022251,21897022246,-5,991,2676
21897994006,21897993988,-18,1430,1246
21900122787,21900122794,7,4051,1241
21904376089,21904376085,-4,905,2586
21904783834,21904783830,-4,1028,2857
21912174244,21912174237,-7,1195,3369
21913080911,21913080906,-5,897,3358
21921581869,21921581864,-5,751,1809
21924994401,21924994406,5,1667,1382
21929052351,21929052348,-3,1087,3194
21935492878,21935492873,-5,1272,3331
21939191486,21939191481,-5,1014,3144
21940105741,21940105735,-6,956,3162
21942636421,21942636417,-4,1535,3699
21948633400,21948633397,-3,1049,3190
21949713957,21949713953,-4,629,1047
21950426347,21950426343,-4,327,843
21968566869,21968566872,3,18485,15276
21971166912,21971166902,-10,1017,2878
21974194742,21974194736,-6,1085,2837
21974453336,21974453359,23,979,2292
21981362175,21981362169,-6,805,2290
21984384599,21984384593,-6,755,2111
21988524975,21988524970,-5,996,2693
21989937419,21989937413,-6,1213,3009
21990511046,21990511042,-4,1110,2496
21993505695,21993505691,-4,1134,2720
21995323641,21995323637,-4,738,2727
22000226871,22000226869,-2,1123,2800
22000276375,22000276370,-5,1195,3566
22005478415,22005478410,-5,995,3109
22007943986,22007943982,-4,1088,3519
22010214531,22010214525,-6,781,2222
22012653913,22012653909,-4,1007,3574
22019338702,22019338697,-5,714,3213
22021440714,22021440705,-9,975,2055
22021657650,22021657666,16,767,2367
22025846352,22025846348,-4,938,1220
22027088319,22027088317,-2,16885,33454
22029104509,22029104514,5,5148,2411
22033256730,22033256724,-6,1487,3310
22035424167,22035424165,-2,998,2173
22038005602,22038005598,-4,727,2405
22046864476,22046864470,-6,704,1547
22047992442,22047992443,1,1208,2056
22051839191,22051839189,-2,898,1942
22053071463,22053071481,18,4212,1531
22055951769,22055951759,-10,1179,2364
22058820066,22058820061,-5,1291,3947
22059870053,22059870048,-5,1091,3243
22060044600,22060044595,-5,1060,2816
22060355726,22060355723,-3,1158,3623
22061337148,22061337149,1,1884,2074
22062497166,22062497161,-5,1264,2879
22062797619,22062797629,10,219,1181
22065005330,22065005327,-3,759,1804
22071956564,22071956559,-5,1074,3211
22076617883,22076617878,-5,642,2249
22079795609,22079795602,-7,1749,4407
22082227472,22082227487,15,93,964
22086809185,22086809181,-4,1066,3751
22091294670,22091294665,-5,1146,3468
22094250788,22094250785,-3,1776,3298
22097622030,22097622026,-4,904,2590
22098205154,22098205169,15,652,2074
22098349855,22098349850,-5,864,4057
22099656575,22099656576,1,4339,19435
22105706754,22105706749,-5,1260,2832
22105751176,22105751197,21,34,962
22110877926,22110877921,-5,969,2436
22111480201,22111480192,-9,129,918
22119405991,22119405987,-4,1965,3806
22121127289,22121127294,5,4847,3322
22121575489,22121575485,-4,971,3345
22125780816,22125780810,-6,762,4169
22125977881,22125977860,-21,43,735
22130105478,22130105473,-5,583,1760
22138047922,22138047923,1,1016,830
22141386713,22141386721,8,2797,1366
22143669049,22143669044,-5,993,2357
22152252361,22152252366,5,3771,1472
22153799003,22153798998,-5,811,2741
22154408532,22154408527,-5,1222,3838
22158003743,22158003741,-2,1782,2611
22160758578,22160758573,-5,1122,3023
22162079601,22162079595,-6,982,3572
22162844359,22162844355,-4,1014,3759
22165676878,22165676870,-8,999,3483
22166425635,22166425627,-8,733,3248
22169008733,22169008730,-3,1167,2907
22174324645,22174324644,-1,36324,19616
22181316193,22181316186,-7,959,3322
22181495644,22181495661,17,983,2680
22184306126,22184306120,-6,4738,13771
22189063467,22189063461,-6,1108,4309
22198500366,22198500362,-4,595,2106
22199570016,22199570037,21,1316,3187
22200332219,22200332214,-5,1185,3067
22201206992,22201207007,15,210,980
22201379668,22201379670,2,1215,1843
22201449242,22201449262,20,824,2645
22204781815,22204781811,-4,1402,3676
22206005706,22206005701,-5,1018,2351
22206239441,22206239457,16,233,727
22213477406,22213477410,4,1765,1376
22216150848,22216150851,3,2384,2190
22216630908,22216630911,3,49737,23461
22216715555,22216715570,15,498,1164
22216848698,22216848693,-5,987,2488
22217028243,22217028251,8,8418,21766
22222201371,22222201370,-1,11722,16201
22225267687,22225267681,-6,650,2204
22229196970,22229196975,5,927,1060
22229841710,22229841707,-3,1296,2913
22231918149,22231918144,-5,1355,3573
22234837006,22234837000,-6,1069,3039
22236999149,22236999145,-4,1071,3025
22241563123,22241563117,-6,1029,4042
22250832777,22250832781,4,1330,524
22253928394,22253928392,-2,1246,1765
22253967872,22253967866,-6,249,729
22258972874,22258972868,-6,1019,2816
22259765566,22259765560,-6,1119,3773
22263972485,22263972478,-7,937,3051
22271142958,22271142954,-4,1046,2923
22271431457,22271431470,13,315,1351
22275587467,22275587461,-6,820,3967
22276258190,22276258186,-4,1036,2169
22279264780,22279264776,-4,2299,6023
22280836759,22280836757,-2,1406,1802
22284603932,22284603936,4,3215,2288
22286108639,22286108634,-5,903,3954
22287609330,22287609341,11,161,949
22292715297,22292715292,-5,1127,3958
22302821902,22302821897,-5,1090,3044
22309513341,22309513356,15,813,1961
22311221618,22311221622,4,1035,1021
22313854421,22313854417,-4,1253,2364
22314225194,22314225206,12,247,1424
22317875235,22317875230,-5,993,2136
22321273453,22321273445,-8,1301,2835
22322288936,22322288934,-2,849,1371
22323415831,22323415839,8,17009,53054
22323511282,22323511280,-2,728,2238
22333401555,22333401549,-6,1296,4478
22333495779,22333495774,-5,1000,2271
22335188390,22335188386,-4,1807,5070
22341419346,22341419345,-1,928,2365
22346626686,22346626682,-4,1307,3094
22347179502,22347179493,-9,1072,7415
22355055457,22355055451,-6,997,3687
22358369734,22358369729,-5,799,1938
22365364778,22365364774,-4,1641,3899
22367850962,22367850958,-4,1131,2591
22369785549,22369785544,-5,1015,2451
22373763841,22373763834,-7,1372,2985
22378168509,22378168504,-5,911,4783
22379493666,22379493654,-12,907,3176
22379826092,22379826098,6,141,861
22380933826,22380933822,-4,935,1718
22387573177,22387573173,-4,1073,2508
22390341485,22390341482,-3,711,2195
22391121018,22391121011,-7,855,2411
22391467803,22391467796,-7,1292,2450
22392550150,22392550145,-5,1026,3721
22393467012,22393467009,-3,887,3496
22397702691,22397702686,-5,1262,3629
22409338553,22409338550,-3,1011,2093
22410888160,22410888181,21,45007,12706
22415692207,22415692201,-6,869,3738
22418198298,22418198296,-2,932,1682
22419554656,22419554667,11,157,1107
22420936157,22420936153,-4,1106,3066
22425177914,22425177909,-5,938,3765
22428458184,22428458185,1,4812,19708
22432774973,22432774981,8,4209,1377
22435117935,22435117932,-3,744,2566
22445450132,22445450126,-6,813,4323
22451120107,22451120094,-13,48823,12321
22461709635,22461709630,-5,1389,3858
22461916478,22461916474,-4,631,2836
22463444232,22463444228,-4,36022,59256
22469399269,22469399263,-6,1216,3028
22480331240,22480331234,-6,1027,2903
22481379310,22481379306,-4,1006,3544
22481517346,22481517342,-4,1588,3167
22483972107,22483972107,0,1254,1512
22489705091,22489705085,-6,1456,3428
22492746659,22492746653,-6,870,3729
22494099245,22494099246,1,2358,2166
22499588569,22499588563,-6,1243,3004
22507284086,22507284092,6,21242,49214
22507738441,22507738435,-6,880,3053
22510620766,22510620761,-5,799,2823
22514640497,22514640492,-5,1421,3107
22536033755,22536033758,3,1311,1030
22539839643,22539839637,-6,1200,5270
22545471056,22545471060,4,24289,43567
22545763093,22545763090,-3,979,2569
22547336068,22547336070,2,1620,1634
22549965871,22549965860,-11,976,3318
22550217842,22550217857,15,678,2352
22558182396,22558182390,-6,727,2666
22560476754,22560476749,-5,1054,3058
22560830395,22560830396,1,167,1578
22560894018,22560894033,15,649,1551
22562752394,22562752392,-2,1176,2237
22564389380,22564389374,-6,961,2236
22568718450,22568718443,-7,1386,5113
22568915035,22568915029,-6,1050,2806
22577413508,22577413502,-6,667,4083
22579207019,22579207014,-5,979,2520
22579428706,22579428702,-4,1198,3836
22583666687,22583666682,-5,852,2816
22588476550,22588476555,5,5009,1660
22588687982,22588687977,-5,1000,2851
22590624765,22590624760,-5,1114,4185
22592899101,22592899097,-4,813,2365
22598896830,22598896829,-1,771,1688
22609937382,22609937377,-5,883,3592
22610422300,22610422318,18,1112,2530
22612745362,22612745357,-5,1395,2766
22613211509,22613211504,-5,1356,3545
22613868988,22613868966,-22,1285,4438
22618864521,22618864515,-6,1007,3088
22623511070,22623511065,-5,1195,3227
22634270868,22634270863,-5,1415,3246
22637574343,22637574342,-1,884,2001
22643226214,22643226210,-4,1090,2880
22643867226,22643867246,20,351,1681
22646854450,22646854446,-4,1045,3208
22647382817,22647382813,-4,827,2366
22648128863,22648128860,-3,683,2105
22650415208,22650415203,-5,877,1882
22651687273,22651687267,-6,1148,3854
22652456242,22652456236,-6,1343,4021
22652571468,22652571487,19,1213,3017
22656651788,22656651789,1,1633,1555
22657867612,22657867598,-14,856,2169
22661113283,22661113278,-5,2016,7601
22671313263,22671313258,-5,1149,3663
22671798371,22671798361,-10,211,885
22673261755,22673261749,-6,2611,7847
22676397415,22676397414,-1,1611,1655
22678635695,22678635689,-6,855,3620
22689525092,22689525085,-7,1127,5346
22690141625,22690141622,-3,1003,1584
22692921011,22692921005,-6,1094,3295
22696001379,22696001377,-2,591,1460
22699943638,22699943634,-4,1156,3481
22703280562,22703280557,-5,841,1812
22703334728,22703334722,-6,123,1026
22703642194,22703642191,-3,76,698
22707315525,22707315521,-4,1252,3867
22708586517,22708586512,-5,1021,3500
22710317431,22710317434,3,2561,2253
22712212243,22712212239,-4,1237,2817
22713251171,22713251164,-7,843,4514
22714874254,22714874252,-2,1292,2554
22720543853,22720543855,2,2173,1296
22724674218,22724674214,-4,853,2842
22727897510,22727897515,5,5541,2153
22728860454,22728860446,-8,1448,2959
22729362171,22729362166,-5,126,1635
22729681972,22729681959,-13,156,753
22731219588,22731219582,-6,1191,3584
22733880661,22733880672,11,16994,33810
22737769790,22737769785,-5,808,3180
22738478577,22738478594,17,249,1170
22744114931,22744114926,-5,1096,3741
22744821169,22744821163,-6,813,3087
22746541950,22746541949,-1,822,1217
22753767917,22753767913,-4,1303,2206
22755305516,22755305510,-6,1332,4404
22755467251,22755467229,-22,252,1424
22757940763,22757940758,-5,1217,2626
22762718154,22762718150,-4,1812,5322
22763922827,22763922825,-2,792,829
22767275824,22767275821,-3,1016,3129
22767490505,22767490526,21,416,910
22767518530,22767518550,20,1471,2721
22769451279,22769451274,-5,874,3241
22769908245,22769908242,-3,1409,2348
22772668962,22772668956,-6,1035,4686
22775976499,22775976501,2,1237,1272
22781820314,22781820308,-6,1063,2901
22782842458,22782842452,-6,910,2452
22784833041,22784833037,-4,1330,5408
22787348098,22787348093,-5,1220,3682
22789575388,22789575406,18,583,2406
22796690641,22796690637,-4,944,1947
22798101579,22798101561,-18,1315,3767
22798336279,22798336276,-3,1165,2018
22800534719,22800534714,-5,1786,3899
22803484910,22803484905,-5,573,1327
22805607288,22805607282,-6,1199,3801
22805761316,22805761315,-1,1263,1497
22809146010,22809146005,-5,998,3948
22809621096,22809621091,-5,1148,2317
22815813982,22815813978,-4,785,2250
22817483459,22817483454,-5,1056,3498
22823780117,22823780120,3,1504,1908
22826998722,22826998715,-7,559,2843
22828571413,22828571418,5,3792,1437
22828936446,22828936442,-4,1709,3884
22830242386,22830242385,-1,1185,2430
22852469241,22852469235,-6,1246,4235
22852588197,22852588191,-6,1158,4863
22863055056,22863055046,-10,44095,13390
22864878303,22864878298,-5,1248,3871
22867811106,22867811102,-4,1067,2639
22871959584,22871959590,6,3036,1925
22873987506,22873987501,-5,1066,3499
22875603101,22875603097,-4,871,2925
22879680433,22879680426,-7,1304,4504
22884889852,22884889846,-6,1282,3407
22884946418,22884946439,21,868,3307
22898802777,22898802773,-4,1211,3206
22899913484,22899913478,-6,1136,3233
22913938010,22913938005,-5,753,2490
22914253442,22914253460,18,384,1488
22921796227,22921796242,15,553,2006
22923428254,22923428252,-2,825,2793
22923600017,22923600010,-7,96,1533
22923734780,22923734790,10,244,763
22924760303,22924760305,2,1299,1284
22926763319,22926763314,-5,1051,3448
22931248439,22931248439,0,2882,4857
22935599631,22935599627,-4,809,3202
22937484475,22937484472,-3,839,2503
22940029247,22940029243,-4,1177,3054
22947297379,22947297375,-4,1031,4216
22949372320,22949372314,-6,1314,3951
22949523689,22949523694,5,197,1116
22951214137,22951214134,-3,930,2995
22951281120,22951281143,23,280,1023
22952856383,22952856383,0,25250,20791
22953159323,22953159320,-3,900,2696
22953732602,22953732599,-3,1199,2648
22954677086,22954677095,9,10059,32802
22955874725,22955874719,-6,1190,3671
22956433709,22956433706,-3,709,1285
22960795702,22960795698,-4,695,2143
22968037154,22968037150,-4,895,3397
22970561664,22970561661,-3,1296,3223
22976245260,22976245255,-5,853,2810
22985347530,22985347521,-9,1326,4563
22987535810,22987535805,-5,1194,2485
22989536755,22989536750,-5,470,1482
22990658878,22990658873,-5,1063,2827
22996349459,22996349453,-6,869,2269
23003713937,23003713939,2,1415,1989
23004635539,23004635534,-5,895,2186
23013422435,23013422430,-5,891,3076
23017099603,23017099598,-5,931,2834
23018212664,23018212659,-5,1289,2864
23018896669,23018896664,-5,1043,3444
23028626406,23028626403,-3,815,2439
23035104176,23035104172,-4,1313,3066
23037851014,23037850997,-17,1741,938
23038448251,23038448246,-5,1326,3106
23038489654,23038489661,7,3068,1032
23047119958,23047119953,-5,1152,3314
23048264255,23048264249,-6,1007,3534
23050774604,23050774604,0,1475,1599
23055316190,23055316186,-4,463,1944
23055841099,23055841094,-5,1050,3261
23059447326,23059447321,-5,1004,2886
23064918182,23064918178,-4,1139,3378
23065410362,23065410358,-4,1088,2173
23075592214,23075592209,-5,1026,3363
23078978986,23078978993,7,5135,2724
23081857527,23081857523,-4,812,2875
23082460086,23082460089,3,2694,1851
23084545602,23084545598,-4,961,2983
23087203813,23087203807,-6,1192,3762
23095503398,23095503394,-4,1193,3265
23097779472,23097779466,-6,1142,3025
23097988585,23097988598,13,777,3053
23107716258,23107716254,-4,895,2640
23110189504,23110189500,-4,876,1684
23111492698,23111492693,-5,1110,2764
23115959221,23115959216,-5,937,3206
23117658618,23117658615,-3,888,2931
23118271744,23118271762,18,127,1532
23121936743,23121936736,-7,1238,2281
23124747549,23124747544,-5,999,3385
23124970193,23124970209,16,483,1536
23125329866,23125329861,-5,1073,3708
23125751715,23125751729,14,587,1974
23126973834,23126973827,-7,1102,3794
23129965670,23129965666,-4,1316,2083
23140195501,23140195494,-7,756,1617
23140560562,23140560583,21,55,890
23145579863,23145579857,-6,1055,6389
23147787406,23147787400,-6,572,2415
23157833377,23157833373,-4,1577,2625
23163918979,23163918972,-7,25236,14964
23166779894,23166779890,-4,954,2583
23166985146,23166985144,-2,1167,2869
23167482751,23167482746,-5,814,5720
23168914716,23168914711,-5,1042,2624
23179686287,23179686283,-4,1047,2316
23184539334,23184539333,-1,1199,1181
23187239091,23187239086,-5,1038,2091
23188994561,23188994567,6,2038,1001
23194412544,23194412546,2,1771,1917
23197727962,23197727959,-3,1297,2696
23199529244,23199529240,-4,1426,3425
23199974032,23199974048,16,17,828
23200761634,23200761630,-4,784,3176
23200801753,23200801749,-4,743,2878
23202625841,23202625842,1,33276,34707
23206422564,23206422558,-6,903,2609
23209167030,23209167025,-5,1260,2753
23210474943,23210474938,-5,892,2849
23215174874,23215174870,-4,866,1776
23217940357,23217940354,-3,3854,6759
23220335716,23220335710,-6,730,2742
23223265094,23223265089,-5,966,3522
23232954822,23232954818,-4,774,3052
23235604665,23235604660,-5,1133,3056
23240650994,23240650990,-4,1291,2622
23240848922,23240848942,20,217,770
23244403082,23244403081,-1,1638,2386
23252650291,23252650285,-6,916,3541
23254059304,23254059297,-7,1070,3107
23254256706,23254256724,18,1269,3015
23254986207,23254986202,-5,792,2992
23258747815,23258747810,-5,1092,3921
23259835294,23259835291,-3,32224,129532
23264585361,23264585357,-4,1188,2798
23268263370,23268263363,-7,1209,4324
23268482227,23268482246,19,864,4774
23269590954,23269590949,-5,1383,2911
23280330219,23280330213,-6,791,2610
23283164971,23283164967,-4,1352,2587
23283267234,23283267253,19,294,1003
23284816857,23284816850,-7,1443,2693
23290313224,23290313236,12,13008,47285
23293125111,23293125106,-5,838,3169
23295103897,23295103894,-3,1002,1990
23303080398,23303080394,-4,615,1483
23303472890,23303472869,-21,166,1401
23308046931,23308046930,-1,954,2291
23308623604,23308623599,-5,834,3321
23314308954,23314308938,-16,1147,3101
23315060931,23315060928,-3,1284,3176
23318223349,23318223343,-6,880,3469
23318995815,23318995813,-2,3899,51990
23319743974,23319743968,-6,1013,3570
23320602778,23320602773,-5,1629,2962
23326591863,23326591857,-6,1070,4509
23334914569,23334914563,-6,697,2191
23335543351,23335543348,-3,1884,3884
23339875338,23339875335,-3,980,3607
23343202882,23343202877,-5,1093,3371
23343912061,23343912056,-5,707,2037
23344730769,23344730785,16,191,971
23352325439,23352325434,-5,1015,2117
23354350607,23354350601,-6,724,4509
23355454627,23355454626,-1,1125,2601
23356756701,23356756696,-5,804,3569
23357521659,23357521655,-4,1044,3445
23358942572,23358942566,-6,915,1662
23359850041,23359850046,5,11749,4850
23366333858,23366333855,-3,1080,1986
23366660302,23366660297,-5,1030,2697
23367236038,23367236033,-5,1118,2929
23378459827,23378459825,-2,834,2312
23380801941,23380801936,-5,1342,3254
23381554133,23381554129,-4,1167,2274
23384490996,23384490993,-3,669,1501
23385456817,23385456810,-7,1365,4597
23396089293,23396089289,-4,965,2419
23398419646,23398419644,-2,1150,2156
23400118019,23400118014,-5,846,2589
23400601929,23400601910,-19,200,1741
23400789825,23400789846,21,783,2456
23406882117,23406882131,14,516,1154
23409935175,23409935169,-6,972,3104
23410011322,23410011341,19,543,3044
23410180819,23410180813,-6,882,3178
23410414412,23410414427,15,359,1172
23411219249,23411219243,-6,1147,4018
23412848042,23412848038,-4,1577,3155
23414367945,23414367940,-5,1018,3226
23415444847,23415444845,-2,2000,3510
23417593408,23417593419,11,347,1988
23417669617,23417669638,21,583,853
23425684118,23425684113,-5,1440,3891
23425988903,23425988904,1,3007,2749
23432522246,23432522240,-6,1192,3963
23434167761,23434167761,0,1320,1139
23437783020,23437783024,4,2374,1860
23438750861,23438750857,-4,1325,3458
23444169086,23444169080,-6,973,4829
23448941929,23448941925,-4,1661,3265
23451390837,23451390857,20,291,922
23453142770,23453142766,-4,1061,2718
23456004890,23456004887,-3,996,1714
23456799122,23456799120,-2,25,1208
23457414465,23457414460,-5,1051,2683
23458042342,23458042337,-5,975,3300
23458132312,23458132299,-13,1026,3257
23458687600,23458687590,-10,117,636
23460143317,23460143317,0,1906,2049
23462231291,23462231280,-11,1330,64
23468395102,23468395097,-5,901,2816
23468764613,23468764606,-7,1114,2709
23470762487,23470762482,-5,962,2719
23471836142,23471836137,-5,1024,2719
23474424597,23474424592,-5,750,2413
23476492841,23476492834,-7,1388,3953
23478076854,23478076850,-4,1251,3830
23479320389,23479320386,-3,1024,2651
23486028299,23486028299,0,1333,1945
23486617041,23486617028,-13,201,963
23489552655,23489552651,-4,552,1850
23490971816,23490971810,-6,1414,3704
23491067691,23491067687,-4,946,3190
23493012618,23493012615,-3,896,2270
23496303735,23496303730,-5,832,2207
23497749930,23497749913,-17,46923,13920
23500351109,23500351105,-4,719,2561
23500846345,23500846367,22,1185,3248
23503849998,23503849994,-4,1484,5967
23506080167,23506080162,-5,1055,2988
23510919317,23510919310,-7,1133,3106
23529432957,23529432958,1,1587,2133
23530236055,23530236050,-5,911,3326
23531153750,23531153769,19,1045,2505
23538960516,23538960511,-5,1314,4135
23540473794,23540473790,-4,907,2180
23543598109,23543598105,-4,834,3041
23548007075,23548007069,-6,694,2569
23548567033,23548567027,-6,739,3165
23548619473,23548619458,-15,413,2830
23557021970,23557021965,-5,917,3762
23560394178,23560394175,-3,1049,3626
23561525231,23561525227,-4,1136,4057
23564324974,23564324970,-4,895,2374
23566568160,23566568154,-6,3793,12143
23567755294,23567755291,-3,1686,4105
23568518835,23568518830,-5,1432,4311
23576267039,23576267033,-6,972,3450
23579220475,23579220475,0,1204,1616
23582024678,23582024674,-4,1078,2559
23582903578,23582903598,20,185,769
23585135359,23585135357,-2,1008,2766
23587913034,23587913030,-4,761,2567
23588854389,23588854384,-5,576,3293
23590853212,23590853206,-6,1076,2429
23593981194,23593981189,-5,1711,4038
23597696545,23597696541,-4,1268,2893
23603073363,23603073358,-5,725,3055
23603527106,23603527101,-5,895,3097
23605803573,23605803567,-6,754,2651
23607152521,23607152515,-6,1190,3420
23609514137,23609514138,1,874,1255
23609956932,23609956926,-6,1376,2984
23610384617,23610384612,-5,1082,3161
23612897134,23612897141,7,4833,1707
23613622973,23613622966,-7,1186,2897
23614328270,23614328270,0,11858,11153
23616101315,23616101310,-5,1274,2896
23618343429,23618343433,4,3269,1826
23620642775,23620642769,-6,2680,8659
23621270878,23621270876,-2,1095,2997
23622547853,23622547850,-3,758,2456
23622753264,23622753271,7,252,601
23624901961,23624901979,18,101,856
23625819746,23625819742,-4,906,2317
23625891388,23625891402,14,567,1335
23638723575,23638723573,-2,1737,3434
23641222361,23641222372,11,12627,50301
23642490752,23642490746,-6,2118,7023
23643999601,23643999597,-4,1519,3712
23647128909,23647128906,-3,1091,2624
23653472990,23653472986,-4,920,2387
23654181634,23654181640,6,136,914
23654711347,23654711358,11,523,1864
23655034225,23655034221,-4,1294,2512
23655254089,23655254082,-7,814,3910
23655584647,23655584642,-5,1220,2416
23659156043,23659156039,-4,1095,2280
23659376051,23659376059,8,86,621
23679583334,23679583341,7,1602,1054
23679894374,23679894371,-3,1084,2877
23681573614,23681573609,-5,1317,3310
23683411163,23683411158,-5,933,2792
23683799264,23683799245,-19,140,1462
23684502590,23684502585,-5,1253,2798
23685461997,23685461993,-4,696,1699
23687158915,23687158910,-5,1012,2646
23692886905,23692886898,-7,1240,4396
23693652843,23693652838,-5,1122,3387
23695346542,23695346538,-4,931,3121
23696109762,23696109773,11,290,1387
23696436202,23696436206,4,2667,1235
23696767733,23696767726,-7,865,4032
23698404167,23698404161,-6,991,2770
23700118387,23700118382,-5,1544,3314
23701729852,23701729846,-6,1089,3218
23712453594,23712453588,-6,1061,2860
23715358585,23715358581,-4,1316,3596
23715394386,23715394379,-7,2215,7765
23716281294,23716281277,-17,400,1767
23716507681,23716507698,17,581,1977
23721179939,23721179934,-5,456,2091
23722487104,23722487099,-5,974,3542
23723994303,23723994298,-5,990,3904
23724747579,23724747574,-5,393,3570
23726627723,23726627717,-6,792,2824
23726878740,23726878755,15,785,3014
23727996315,23727996310,-5,974,2392
23728260341,23728260336,-5,1325,3177
23729448083,23729448078,-5,612,1795
23734445376,23734445370,-6,1145,3272
23741656941,23741656935,-6,1244,2855
23744100496,23744100490,-6,379,1053
23745483091,23745483088,-3,1356,2672
23749819426,23749819421,-5,937,2636
23751492968,23751492949,-19,1209,3911
23752015172,23752015169,-3,1352,2767
23754659990,23754659983,-7,807,3298
23756419501,23756419498,-3,1304,2535
23756840549,23756840544,-5,890,1643
23759349103,23759349098,-5,1402,3695
23763472733,23763472750,17,15545,28152
23765143191,23765143186,-5,692,1898
23768032195,23768032190,-5,984,3078
23768215728,23768215729,1,19949,27014
23769530744,23769530744,0,1742,2646
23770892778,23770892772,-6,1331,4661
23778459661,23778459657,-4,31383,14330
23780310303,23780310298,-5,941,4116
23782107096,23782107085,-11,29976,17359
23788047995,23788047990,-5,933,3073
23788084897,23788084894,-3,1236,1867
23789819455,23789819450,-5,728,2486
23793775842,23793775837,-5,1156,4248
23795181077,23795181070,-7,1429,5050
23797712026,23797712022,-4,903,2669
23800085136,23800085130,-6,809,2642
23801176369,23801176363,-6,1023,4898
23803982894,23803982888,-6,1496,4658
23804639371,23804639369,-2,782,1159
23807940398,23807940394,-4,821,2980
23811836900,23811836895,-5,1328,2519
23813824299,23813824293,-6,1179,3228
23814947592,23814947587,-5,1396,2617
23821864063,23821864060,-3,928,3373
23823709283,23823709279,-4,1462,3728
23824119901,23824119897,-4,1330,2711
23824981170,23824981163,-7,906,4338
23826432240,23826432236,-4,811,2978
23827736057,23827736051,-6,1228,3185
23829273394,23829273393,-1,1267,1340
23834377577,23834377573,-4,585,2090
23837441517,23837441512,-5,789,2781
23837466603,23837466597,-6,719,3399
23843789033,23843789028,-5,1209,2354
23843945409,23843945414,5,1641,652
23846582942,23846582938,-4,1008,3031
23851974943,23851974935,-8,943,3809
23852968975,23852968970,-5,797,2617
23856133779,23856133791,12,458,1105
23859528030,23859528026,-4,1392,2786
23861525680,23861525674,-6,1253,3389
23863470050,23863470043,-7,429,1463
23864542178,23864542162,-16,114,577
23867465415,23867465411,-4,909,2687
23867661033,23867661050,17,833,3894
23869790671,23869790666,-5,715,2713
23871888820,23871888833,13,883,2471
23878550901,23878550899,-2,609,1510
23882168504,23882168498,-6,710,2810
23884563298,23884563294,-4,1088,2603
23885777242,23885777226,-16,860,2287
23887202526,23887202520,-6,924,2637
23893555838,23893555839,1,1784,1830
23910859973,23910859956,-17,20096,110278
23910902636,23910902631,-5,947,2949
23912991713,23912991734,21,932,3063
23913312590,23913312596,6,2608,1949
23916034338,23916034333,-5,1207,3176
23916136552,23916136575,23,768,3830
23921932670,23921932664,-6,750,3038
23922391058,23922391053,-5,1167,4255
23931767472,23931767467,-5,1064,2838
23936200043,23936200038,-5,532,2583
23938298730,23938298725,-5,1008,2413
23939137246,23939137241,-5,1298,3921
23941029246,23941029242,-4,1124,3073
23942981426,23942981419,-7,819,3392
23943776422,23943776415,-7,1562,7225
23946485024,23946485021,-3,1299,1892
23950925530,23950925524,-6,729,2017
23951641713,23951641698,-15,1080,3329
23952193305,23952193289,-16,1141,1712
23952881601,23952881609,8,67,771
23953533019,23953533014,-5,950,1780
23956706602,23956706597,-5,864,2631
23959815687,23959815684,-3,1143,3078
23963521932,23963521925,-7,805,2895
23964841860,23964841876,16,196,3278
23973828607,23973828602,-5,1211,2919
23975625433,23975625428,-5,954,3272
23987063858,23987063853,-5,29051,14014
23987859073,23987859078,5,3027,1700
23991800061,23991800063,2,2229,1703
23992234494,23992234486,-8,812,3704
23995809705,23995809698,-7,1238,5291
23997478333,23997478329,-4,1002,3769
24000669594,24000669596,2,3220,2840
24003467085,24003467085,0,2690,2468
24004230499,24004230499,0,19816,21735
24010528714,24010528709,-5,1048,3426
24011854474,24011854466,-8,1158,3895
24017683025,24017683023,-2,1881,3142
24020203573,24020203567,-6,1258,3063
24022145717,24022145714,-3,1257,3595
24022241546,24022241557,11,388,1056
24024998152,24024998146,-6,1397,4835
24036044338,24036044341,3,1246,1082
24042364270,24042364270,0,1296,1794
24042568625,24042568626,1,1042,1348
24053225535,24053225542,7,2881,768
24054166373,24054166379,6,3321,1671
24060028321,24060028317,-4,1079,3437
24060694303,24060694298,-5,1248,3278
24064053802,24064053797,-5,931,2587
24079306201,24079306197,-4,453,1370
24080670121,24080670114,-7,766,1950
24080931374,24080931371,-3,1060,3025
24084085540,24084085537,-3,804,2415
24084731931,24084731935,4,4533,3160
24092274210,24092274206,-4,944,2767
24095057326,24095057339,13,659,1415
24095762161,24095762158,-3,956,3329
24095973048,24095973070,22,116,890
24096166059,24096166054,-5,1025,2789
24096435518,24096435514,-4,737,2763
24100185179,24100185183,4,5211,19213
24100943605,24100943612,7,12962,32181
24102835664,24102835662,-2,711,1501
24103669956,24103669958,2,928,821
24107331431,24107331430,-1,1002,2874
24108456714,24108456709,-5,1270,3349
24111590533,24111590532,-1,964,1943
24116574489,24116574482,-7,997,2424
24116766995,24116766974,-21,326,1336
24117993686,24117993681,-5,1028,2730
24123149469,24123149463,-6,1130,2866
24127040771,24127040766,-5,951,2708
24129498397,24129498393,-4,575,2655
24129538449,24129538465,16,507,1273
24143541143,24143541138,-5,806,2069
24144433183,24144433186,3,1551,862
24146825002,24146824999,-3,1268,4278
24147293988,24147294005,17,604,3382
24149832378,24149832370,-8,776,3752
24150731971,24150731985,14,706,2628
24150865896,24150865892,-4,1236,2569
24152331273,24152331267,-6,1577,3745
24155748187,24155748181,-6,804,3546
24167945686,24167945682,-4,407,1955
24169758247,24169758251,4,1647,1059
24170254975,24170254971,-4,746,3096
24171323710,24171323704,-6,694,2699
24177709897,24177709892,-5,1022,2578
24188326355,24188326350,-5,1043,2999
24191976636,24191976630,-6,1244,3864
24201328612,24201328607,-5,1615,3167
24206621073,24206621076,3,1977,1480
24208429723,24208429718,-5,1163,3731
24211025933,24211025930,-3,1188,2049
24211537110,24211537105,-5,1068,2430
24214959207,24214959203,-4,664,3314
24215692343,24215692338,-5,1147,2693
24215743388,24215743398,10,126,881
24223927814,24223927810,-4,772,1948
24233918236,24233918243,7,4728,1318
24236048645,24236048638,-7,1219,3929
24238163001,24238162997,-4,1178,2665
24240454658,24240454674,16,1493,1450
24244251623,24244251617,-6,807,2483
24248326913,24248326906,-7,1262,4085
24253774658,24253774654,-4,889,2933
24253823788,24253823805,17,881,2338
24263079216,24263079211,-5,1082,3668
24264435930,24264435926,-4,1201,2752
24265304379,24265304374,-5,1143,2838
24265820596,24265820613,17,1041,3588
24267145438,24267145434,-4,999,3239
24269902398,24269902394,-4,991,2451
24276154595,24276154593,-2,1151,3487
24276858599,24276858594,-5,1368,3975
24280223613,24280223617,4,4965,28482
24288175038,24288175033,-5,1018,2331
24289078974,24289078970,-4,1417,2188
24290672868,24290672864,-4,1063,2831
24294532881,24294532880,-1,1478,2155
24301018623,24301018618,-5,1329,3146
24305725727,24305725726,-1,848,1850
24310349010,24310349007,-3,1035,1668
24314853347,24314853342,-5,858,1872
24315561451,24315561444,-7,640,3455
24319289589,24319289582,-7,1075,3911
24319474889,24319474907,18,509,1838
24320981504,24320981507,3,1769,1129
24328023746,24328023741,-5,1244,4290
24329163506,24329163512,6,6903,4661
24329520227,24329520234,7,307,1338
24336436069,24336436069,0,1427,1847
24349597138,24349597130,-8,916,2993
24349936141,24349936134,-7,784,2549
24350251426,24350251415,-11,123,1172
24355111102,24355111098,-4,1212,2711
24357016345,24357016342,-3,748,3618
24361880108,24361880101,-7,1332,3064
24362792818,24362792814,-4,926,3191
24364639132,24364639127,-5,1276,2292
24366195698,24366195694,-4,978,2726
24366231532,24366231546,14,755,3732
24366560183,24366560174,-9,560,1228
24367445911,24367445930,19,307,749
24373028723,24373028719,-4,943,2738
24374571983,24374571977,-6,1561,7059
24378279274,24378279270,-4,1069,3210
24379142783,24379142785,2,1157,1161
24382052754,24382052752,-2,895,3830
24384525746,24384525750,4,12038,6613
24385897379,24385897382,3,2967,2243
24386417982,24386417981,-1,941,2468
24386994978,24386994978,0,1175,2655
24387161810,24387161805,-5,1291,2365
24387224439,24387224437,-2,768,2292
24389908233,24389908228,-5,903,2390
24393677355,24393677350,-5,1035,3197
24394342726,24394342722,-4,983,2980
24398200398,24398200392,-6,715,2825
24399111586,24399111593,7,4485,1844
24407215549,24407215545,-4,1357,2678
24415941270,24415941263,-7,1120,2557
24422501752,24422501748,-4,1112,2546
24423226547,24423226542,-5,855,3540
24429784641,24429784636,-5,804,3509
24430980842,24430980835,-7,712,3705
24439471167,24439471167,0,1258,1448
24441943296,24441943295,-1,1544,2087
24444870180,24444870183,3,30,2467
24445347798,24445347799,1,1506,1430
24449948004,24449947998,-6,1068,1872
24458442103,24458442098,-5,1243,3844
24465054801,24465054797,-4,839,3004
24465291031,24465291025,-6,908,3011
24467422594,24467422589,-5,788,2952
24470298521,24470298516,-5,1541,4870
24473173513,24473173506,-7,853,3446
24473201044,24473201030,-14,51,1212
24482586668,24482586663,-5,710,2809
24486220690,24486220684,-6,912,3351
24488712350,24488712346,-4,1007,2658
24489931983,24489931979,-4,1053,3139
24494623109,24494623109,0,1310,1306
24494735641,24494735658,17,267,767
24507317291,24507317287,-4,548,1163
24509168341,24509168347,6,1634,992
24515472310,24515472308,-2,1429,2173
24517241379,24517241374,-5,920,2624
24518436794,24518436788,-6,1422,3995
24522573683,24522573678,-5,1129,2739
24523897870,24523897873,3,9363,7662
24527293867,24527293861,-6,1098,2503
24528295463,24528295457,-6,818,4253
24532557534,24532557520,-14,1633,421
24533110526,24533110521,-5,896,3354
24534845237,24534845246,9,33670,49176
24548742018,24548742011,-7,847,2326
24552103109,24552103105,-4,1141,3201
24555064979,24555064986,7,5810,2606
24562658272,24562658266,-6,1352,4072
24567640088,24567640082,-6,623,3694
24568124193,24568124176,-17,1184,2574
24568919659,24568919657,-2,1201,2526
24570247535,24570247530,-5,952,3251
24573351896,24573351902,6,3701,1560
24573994526,24573994524,-2,1474,2027
24576085128,24576085122,-6,836,3235
24580763262,24580763260,-2,789,1735
24581767654,24581767649,-5,1079,3381
24587956987,24587956985,-2,616,1578
24588307745,24588307761,16,710,2499
24588424085,24588424080,-5,1099,3835
24591764646,24591764642,-4,920,2766
24592414777,24592414769,-8,212,824
24592556931,24592556950,19,645,3136
24594084847,24594084845,-2,1161,2557
24597740909,24597740905,-4,595,1331
24598499662,24598499657,-5,1332,3745
24599100971,24599100966,-5,852,3962
24603984935,24603984932,-3,960,2618
24607234460,24607234466,6,3564,1271
24612482826,24612482821,-5,1682,2240
24614864591,24614864589,-2,21524,20916
24615218261,24615218257,-4,1252,3570
24634091274,24634091270,-4,1051,2901
24635837330,24635837323,-7,1072,3229
24642791891,24642791879,-12,2443,750
24651309136,24651309131,-5,1814,4227
24652559216,24652559213,-3,647,2307
24653512953,24653512946,-7,998,2381
24654560291,24654560287,-4,1791,4633
24655237711,24655237706,-5,939,3201
24655327266,24655327260,-6,1263,3393
24658024446,24658024443,-3,1049,2901
24662172183,24662172181,-2,931,1435
24664649719,24664649714,-5,949,3275
24666909341,24666909334,-7,1013,3115
24666982225,24666982244,19,866,2470
24668211667,24668211663,-4,1091,4630
24668640329,24668640344,15,1056,2703
24669164001,24669164016,15,979,3755
24672034402,24672034398,-4,976,2956
24674042033,24674042027,-6,1030,2708
24676328471,24676328465,-6,697,2042
24681728097,24681728098,1,8827,8527
24682550693,24682550689,-4,1149,3740
24682799019,24682799039,20,300,1933
24685288902,24685288898,-4,1202,3532
24686952275,24686952269,-6,1025,2904
24687125961,24687125979,18,319,1336
24687453603,24687453598,-5,894,2282
24688327710,24688327709,-1,1146,1324
24690464018,24690464019,1,1460,1764
24692308475,24692308470,-5,1012,2521
24698276496,24698276493,-3,1658,3110
24701054963,24701054958,-5,1200,3340
24707088375,24707088371,-4,1598,4364
24719015346,24719015339,-7,982,3783
24724216783,24724216779,-4,1090,2950
24724555922,24724555925,3,1065,1333
24731622804,24731622800,-4,1211,3665
24734688704,24734688698,-6,931,4213
24734760924,24734760929,5,23,1366
24744581341,24744581348,7,2426,1246
24745622314,24745622322,8,2398,916
24746309976,24746309979,3,2071,1454
24748553839,24748553835,-4,1112,2464
24750893766,24750893761,-5,975,3477
24752304809,24752304813,4,2453,1371
24753192780,24753192781,1,1325,2096
24753906822,24753906818,-4,831,2203
24757848809,24757848803,-6,1023,3996
24759232197,24759232196,-1,30760,52767
24759381282,24759381279,-3,314,1923
24760595753,24760595769,16,473,1212
24761323765,24761323762,-3,1157,2030
24763924674,24763924670,-4,1452,3086
24769120154,24769120147,-7,524,2987
24775250701,24775250697,-4,795,2596
24776283776,24776283771,-5,1092,2655
24777217471,24777217466,-5,1082,3826
24778604330,24778604323,-7,861,2855
24778939253,24778939251,-2,1384,2191
24780995817,24780995812,-5,1121,4460
24784984411,24784984407,-4,1063,3295
24790558231,24790558226,-5,47074,27244
24792003582,24792003579,-3,960,1914
24794290712,24794290705,-7,976,3827
24794741190,24794741187,-3,4149,10245
24796395587,24796395585,-2,1206,2431
24799475597,24799475593,-4,947,2385
24804944750,24804944746,-4,1140,2668
24814056061,24814056057,-4,852,2428
24816326880,24816326878,-2,1035,2394
24816555817,24816555815,-2,1156,3268
24820121193,24820121189,-4,706,2028
24820885330,24820885326,-4,1856,3733
24825781003,24825780998,-5,824,3329
24829300102,24829300097,-5,2003,3849
24837912913,24837912913,0,32241,19127
24844697893,24844697903,10,3270,1563
24847349042,24847349037,-5,1633,3820
24848184496,24848184491,-5,1455,3882
24854279907,24854279901,-6,1936,7482
24854449586,24854449581,-5,750,3621
24856761089,24856761085,-4,959,1812
24858339737,24858339732,-5,812,2557
24858368753,24858368761,8,62,859
24865668024,24865668019,-5,1043,4353
24867850267,24867850261,-6,1097,3229
24875534276,24875534270,-6,793,2685
24875949257,24875949275,18,189,780
24876981492,24876981509,17,1474,3576
24891283322,24891283318,-4,1056,2480
24891641870,24891641863,-7,1479,3669
24896177707,24896177702,-5,1226,3314
24896564289,24896564285,-4,1299,2669
24897208973,24897208971,-2,1944,2666
24904594323,24904594317,-6,1236,4094
24908361373,24908361368,-5,822,3068
24908422267,24908422268,1,2046,1357
24909106246,24909106251,5,1529,1217
24910695659,24910695655,-4,1163,2500
24913121367,24913121361,-6,1475,2893
24914520738,24914520733,-5,1187,2594
24919244386,24919244379,-7,31882,13870
24921268383,24921268379,-4,1579,3517
24921623640,24921623637,-3,5641,12533
24923312789,24923312786,-3,762,2107
24929282548,24929282543,-5,1159,2635
24931717678,24931717674,-4,1298,3203
24931837268,24931837267,-1,146,926
24933499633,24933499629,-4,734,2581
24934366824,24934366814,-10,60,656
24942331217,24942331213,-4,1049,2889
24951905770,24951905765,-5,1187,3026
24956392937,24956392930,-7,1139,4381
24956548048,24956548029,-19,1100,4094
24961013333,24961013328,-5,1168,2364
24971813891,24971813896,5,5119,2645
24990460902,24990460898,-4,1047,3400
24993638302,24993638299,-3,1128,1751
24993721360,24993721383,23,672,2456
24993801909,24993801919,10,7614,42423
24995125167,24995125162,-5,1062,4003
24997454103,24997454099,-4,613,2782
25000831637,25000831630,-7,930,2711
25005653219,25005653214,-5,1160,3132
25005834491,25005834504,13,770,2129
25008748692,25008748698,6,4116,1762
25011230788,25011230781,-7,1537,8267
25012314498,25012314493,-5,1903,5620
25018103906,25018103901,-5,961,3416
25018448144,25018448138,-6,1037,3767
25019219435,25019219418,-17,129,1149
25021010350,25021010343,-7,1424,3604
25022639105,25022639101,-4,1084,4304
25027271963,25027271954,-9,1191,4623
25029003750,25029003744,-6,4090,14827
25033054808,25033054803,-5,1499,4561
25034039863,25034039858,-5,759,2862
25035300579,25035300574,-5,708,2194
25035375675,25035375667,-8,877,2509
25035718993,25035719011,18,3,977
25040242718,25040242713,-5,940,2877
25040461955,25040461956,1,1103,1551
25041729322,25041729318,-4,757,3072
25044431038,25044431033,-5,1067,2454
25044787513,25044787507,-6,1216,2925
25045453204,25045453180,-24,341,1240
25050714602,25050714598,-4,861,3783
25051971199,25051971199,0,2842,2503
25059053010,25059053010,0,1711,1774
25065107091,25065107088,-3,762,3010
25072477606,25072477601,-5,763,2277
25081841674,25081841670,-4,1159,3029
25082798912,25082798902,-10,758,2745
25086177991,25086177986,-5,1227,2593
25088416746,25088416742,-4,758,2592
25091627117,25091627112,-5,1157,3186
25097628378,25097628373,-5,1707,4769
25097699534,25097699530,-4,954,2609
25102140296,25102140292,-4,1255,3100
25104810412,25104810430,18,610,1424
25107425125,25107425126,1,2161,1239
25112991909,25112991912,3,2916,1735
25124375386,25124375381,-5,1130,3088
25129509934,25129509930,-4,1134,2904
25144038388,25144038385,-3,1581,2443
25154623025,25154623021,-4,1308,3334
25158679954,25158679950,-4,1113,2420
25166094016,25166094034,18,220,895
25175829422,25175829417,-5,1035,3288
25177385650,25177385649,-1,1119,1600
25180875286,25180875285,-1,1316,1682
25182912019,25182912002,-17,259,1692
25183312707,25183312702,-5,1428,3003
25186179070,25186179063,-7,1199,3498
25186397025,25186397018,-7,1190,2453
25189321414,25189321397,-17,2700,929
25190918722,25190918718,-4,1104,2667
25191000275,25191000267,-8,1096,4070
25191052858,25191052840,-18,696,2356
25199357503,25199357499,-4,935,3181
25199673216,25199673230,14,224,717
25201932303,25201932302,-1,1370,2048
25206132750,25206132742,-8,1499,4266
25209862910,25209862910,0,1169,932
25213094789,25213094784,-5,922,4521
25223589842,25223589838,-4,947,2138
25224229899,25224229913,14,132,816
25228182842,25228182839,-3,1188,2626
25229443063,25229443057,-6,810,3109
25229686247,25229686240,-7,1062,2566
25240346629,25240346626,-3,20765,15823
25240929797,25240929793,-4,1000,3936
25241916029,25241916024,-5,1820,6941
25249694962,25249694958,-4,867,3160
25251010399,25251010395,-4,592,2400
25252171318,25252171312,-6,992,4176
25256710871,25256710865,-6,1019,3021
25263735663,25263735658,-5,909,3067
25264744028,25264744021,-7,1931,8711
25268838631,25268838624,-7,1073,3755
25269720456,25269720476,20,442,1368
25270838555,25270838554,-1,1261,2292
25273112534,25273112539,5,2168,906
25273790787,25273790788,1,839,976
25273956434,25273956428,-6,965,2652
25278493589,25278493583,-6,1116,3139
25281351130,25281351125,-5,747,2027
25281437985,25281437999,14,752,2978
25286926869,25286926863,-6,1037,2837
25290924993,25290924999,6,4098,892
25293345735,25293345729,-6,948,3137
25295940179,25295940173,-6,1014,2574
25300113363,25300113382,19,116,1181
25300486338,25300486353,15,454,1168
25303251566,25303251566,0,1469,1340
25312651327,25312651325,-2,844,2854
25314215046,25314215040,-6,1535,2611
25314725405,25314725418,13,591,2683
25315929695,25315929686,-9,730,3424
25318324774,25318324769,-5,717,2870
25320218275,25320218270,-5,1041,3490
25320448411,25320448396,-15,169,1346
25321491645,25321491640,-5,825,2078
25322083696,25322083677,-19,464,977
25322901088,25322901080,-8,1001,3416
25326291278,25326291273,-5,620,1746
25327748631,25327748626,-5,980,4250
25328296705,25328296699,-6,1013,2363
25328679674,25328679694,20,24,1310
25332718706,25332718701,-5,1339,2698
25333568459,25333568454,-5,575,2740
25334274191,25334274185,-6,1629,7477
25335987348,25335987345,-3,1932,2450
25340717904,25340717898,-6,1393,2634
25340771161,25340771181,20,896,2321
25343934268,25343934262,-6,1378,2695
25344632262,25344632257,-5,1027,3207
25349708804,25349708806,2,1919,1181
25355966711,25355966706,-5,735,3659
25356854047,25356854045,-2,1314,2291
25361546433,25361546427,-6,1198,4272
25370962175,25370962170,-5,1217,4129
25372760126,25372760121,-5,1125,2589
25372857767,25372857760,-7,891,2235
25382736208,25382736213,5,9550,26822
25384108389,25384108386,-3,804,3199
25385689639,25385689635,-4,1058,3319
25386072950,25386072945,-5,719,2939
25386099483,25386099480,-3,1199,3063
25387172365,25387172358,-7,1014,3737
25387936658,25387936654,-4,1044,2722
25395165995,25395165993,-2,1457,2526
25395608001,25395608008,7,7394,2154
25399484133,25399484137,4,2356,1522
25401082502,25401082503,1,1814,2611
25403185266,25403185262,-4,1275,2387
25404814494,25404814490,-4,1052,3176
25404844562,25404844580,18,1058,2438
25409516643,25409516639,-4,755,2320
25410392733,25410392728,-5,1255,2306
25411317337,25411317333,-4,860,2167
25414263159,25414263154,-5,1262,2711
25419121487,25419121483,-4,1033,2493
25420699618,25420699615,-3,1689,3288
25427973711,25427973707,-4,1648,2530
25436120350,25436120346,-4,746,2538
25437324803,25437324795,-8,869,2464
25448866762,25448866757,-5,1024,3447
25449186803,25449186795,-8,1049,2464
25455308498,25455308510,12,13122,51988
25459502947,25459502938,-9,1339,4373
25461587634,25461587629,-5,747,1477
25462385570,25462385566,-4,837,2454
25477103451,25477103458,7,2696,1559
25477185330,25477185326,-4,829,2716
25478046655,25478046650,-5,1013,3015
25480100406,25480100401,-5,657,3436
25481084589,25481084572,-17,1358,532
25481612321,25481612336,15,211,843
25482379282,25482379298,16,650,1813
25490545358,25490545365,7,4117,1967
25503509149,25503509142,-7,612,2243
25511628699,25511628693,-6,1238,3081
25512803377,25512803384,7,2959,1242
25514033660,25514033677,17,417,1157
25514961983,25514961978,-5,967,2530
25517550686,25517550685,-1,1147,2959
25521762141,25521762142,1,991,1808
25523490383,25523490379,-4,692,3196
25529552315,25529552309,-6,918,3624
25529753265,25529753245,-20,9,1007
25529875019,25529875021,2,102,622
25544062592,25544062587,-5,1086,3346
25545804268,25545804264,-4,1123,3230
25560218938,25560218933,-5,1060,2837
25562187398,25562187393,-5,857,3216
25564231934,25564231930,-4,985,2814
25564478144,25564478159,15,156,1243
25568482214,25568482209,-5,1273,4159
25570348068,25570348064,-4,856,3279
25572132832,25572132829,-3,762,3184
25572371841,25572371836,-5,1051,3378
25572809514,25572809510,-4,947,1981
25577747090,25577747083,-7,600,1387
25589508843,25589508838,-5,1017,2258
25590563158,25590563154,-4,1041,3198
25593753474,25593753471,-3,994,3639
25597640962,25597640955,-7,786,2736
25598563354,25598563375,21,728,1638
25603096899,25603096895,-4,1100,2736
25604473370,25604473375,5,1460,19327
25609867070,25609867069,-1,1224,2237
25610331009,25610331005,-4,176,1078
25614696679,25614696675,-4,966,2169
25616725813,25616725809,-4,1076,3721
25617322000,25617322006,6,3972,1745
25622411639,25622411634,-5,906,3728
25623777805,25623777804,-1,1645,2864
25624548170,25624548150,-20,62,1377
25629266703,25629266699,-4,886,3114
25631125506,25631125506,0,1170,1444
25633454651,25633454646,-5,1013,2992
25634398703,25634398701,-2,426,1584
25635580618,25635580614,-4,1770,5004
25638224589,25638224594,5,1557,1058
25643802751,25643802745,-6,1281,2531
25647339476,25647339470,-6,1137,2819
25648930129,25648930131,2,2041,1574
25656845707,25656845705,-2,984,1893
25658903402,25658903398,-4,909,3040
25659891024,25659891029,5,253,670
25668512268,25668512271,3,1139,1040
25668968557,25668968551,-6,752,2304
25670176827,25670176822,-5,1250,3172
25672388855,25672388850,-5,1100,2641
25676163117,25676163110,-7,847,2879
25678972160,25678972154,-6,1041,3863
25679623736,25679623757,21,981,2672
25680772373,25680772367,-6,790,2567
25689949771,25689949766,-5,1157,3375
25690961799,25690961794,-5,677,2902
25693097363,25693097360,-3,919,3109
25696828001,25696827995,-6,956,3059
25698250234,25698250239,5,1482,1120
25710533338,25710533341,3,1538,2072
25712022447,25712022441,-6,1110,2395
25715164630,25715164629,-1,2492,3209
25717432422,25717432418,-4,734,2164
25721371190,25721371186,-4,871,3428
25721918584,25721918578,-6,872,2872
25726477458,25726477454,-4,1378,4271
25727469545,25727469541,-4,155,1027
25734882715,25734882709,-6,1227,2585
25741286118,25741286112,-6,987,2676
25745526419,25745526415,-4,1012,3382
25745875450,25745875465,15,989,4185
25749776586,25749776590,4,1514,1160
25754390633,25754390629,-4,1096,3214
25762198666,25762198662,-4,1085,3548
25764141114,25764141107,-7,1257,3079
25768878492,25768878488,-4,1335,4174
25771882829,25771882827,-2,1172,1908
25775652354,25775652348,-6,1182,2393
25776254585,25776254605,20,417,2007
25778372342,25778372339,-3,1110,2195
25780473506,25780473502,-4,833,2746
25781180259,25781180255,-4,738,2782
25783761902,25783761903,1,2814,2910
25786173951,25786173948,-3,1119,3007
25787983446,25787983442,-4,870,3117
25793551967,25793551961,-6,841,2007
25793593748,25793593766,18,227,972
25799321078,25799321074,-4,650,2795
25799832239,25799832234,-5,889,4219
25801321200,25801321195,-5,1244,2783
25806739607,25806739600,-7,34473,6106
25807905479,25807905474,-5,880,2817
25810934499,25810934497,-2,1105,2726
25839301859,25839301855,-4,895,1850
25839449770,25839449789,19,615,901
25849477122,25849477118,-4,755,2530
25855692703,25855692699,-4,1444,3344
25856473530,25856473526,-4,1047,4039
25866277322,25866277317,-5,1223,2698
25871690077,25871690071,-6,1360,3311
25873712002,25873712000,-2,1179,2206
25874751861,25874751857,-4,1092,2944
25877669366,25877669362,-4,958,3194
25878155914,25878155909,-5,699,1788
25880197904,25880197897,-7,3844,11875
25883507242,25883507234,-8,705,3265
25894176038,25894176035,-3,867,3125
25909080964,25909080968,4,32588,18483
25912411038,25912411034,-4,862,3219
25913987707,25913987703,-4,1052,3647
25915923074,25915923069,-5,809,3075
25917275453,25917275447,-6,1000,3053
25917397924,25917397940,16,517,1939
25921105104,25921105102,-2,2327,4434
25923491571,25923491578,7,4368,1881
25930714711,25930714706,-5,719,2382
25931602498,25931602497,-1,845,2227
25948900203,25948900221,18,282,1955
25949345537,25949345532,-5,1125,3906
25955133195,25955133190,-5,816,2401
25956202170,25956202164,-6,892,3841
25956416560,25956416558,-2,101,914
25956996356,25956996372,16,458,2345
25958291726,25958291721,-5,1032,2732
25963809389,25963809393,4,2095,1825
25966163869,25966163862,-7,1224,3011
25967842767,25967842763,-4,851,2660
25970024458,25970024454,-4,971,4519
25970450201,25970450205,4,2935,1255
25974640525,25974640521,-4,1042,2657
25974759653,25974759661,8,3332,1779
25977683430,25977683435,5,4519,2661
25982398738,25982398733,-5,1394,2775
25984324458,25984324454,-4,837,2659
25985964020,25985964038,18,81,789
25988534800,25988534799,-1,1272,2113
26000732170,26000732159,-11,13192,26120
26012100516,26012100512,-4,1692,3535
26015136422,26015136415,-7,892,3054
26017806999,26017806991,-8,773,5295
26018367036,26018367031,-5,901,3020
26018721296,26018721291,-5,1433,3857
26019005962,26019005982,20,554,2422
26027528658,26027528653,-5,996,1997
26037809827,26037809821,-6,1345,3417
26042174835,26042174829,-6,1097,2979
26045967719,26045967715,-4,957,2741
26059369434,26059369438,4,1282,1090
26059425282,26059425280,-2,236,849
26063257684,26063257681,-3,1220,2877
26066800705,26066800701,-4,977,3228
26066862042,26066862037,-5,500,1514
26068599753,26068599750,-3,1112,1819
26068644428,26068644431,3,3907,4184
26070218326,26070218322,-4,1160,3238
26071653614,26071653605,-9,652,4061
26074916154,26074916150,-4,1605,3815
26081510754,26081510749,-5,1106,3126
26081860888,26081860910,22,340,1130
26093040911,26093040906,-5,1024,3158
26095708033,26095708028,-5,957,2349
26101715992,26101715989,-3,899,2444
26102370057,26102370058,1,1156,1379
26102795054,26102795052,-2,1591,3317
26105948002,26105947997,-5,731,2715
26113904001,26113904017,16,452,1384
26121587212,26121587211,-1,1164,3398
26124326374,26124326369,-5,835,4250
26126964005,26126964013,8,5623,2237
26130856023,26130856020,-3,973,2859
26133137521,26133137518,-3,943,3481
26134541366,26134541362,-4,833,2407
26141684301,26141684305,4,3231,2935
26141762666,26141762662,-4,777,2033
26146403883,26146403877,-6,558,2165
26149221915,26149221913,-2,759,1708
26149376688,26149376703,15,596,3036
26150320394,26150320390,-4,912,3337
26155577469,26155577465,-4,594,1101
26162662643,26162662637,-6,1183,2235
26164114692,26164114690,-2,2088,3313
26164144549,26164144554,5,1259,919
26170634519,26170634515,-4,950,2150
26173237782,26173237780,-2,928,2563
26178606648,26178606642,-6,1278,2475
26179886550,26179886544,-6,833,2163
26181318217,26181318205,-12,175,657
26183680046,26183680038,-8,1269,4621
26187339467,26187339465,-2,1046,2414
26192576762,26192576757,-5,911,2646
26196714346,26196714352,6,2664,1985
26200040795,26200040790,-5,996,3376
26203092410,26203092416,6,3352,1535
26206254546,26206254542,-4,1382,3795
26210746242,26210746241,-1,1299,2874
26212348053,26212348055,2,1827,1919
26214465509,26214465505,-4,775,3115
26214568357,26214568349,-8,738,2263
26215197800,26215197813,13,47,1131
26217177824,26217177818,-6,994,2882
26219077772,26219077766,-6,610,2371
26227307443,26227307441,-2,1090,3456
26232523203,26232523198,-5,780,3247
26239048778,26239048772,-6,700,2667
26240280818,26240280813,-5,994,1931
26240523163,26240523157,-6,937,2878
26246162390,26246162386,-4,1185,3930
26247056083,26247056080,-3,1149,2390
26247303565,26247303561,-4,769,2913
26247515890,26247515906,16,945,3082
26249693422,26249693418,-4,696,2140
26251552483,26251552498,15,716,2891
26258181113,26258181106,-7,1453,3729
26258580942,26258580939,-3,1204,3613
26260471231,26260471238,7,2861,837
26266412103,26266412097,-6,1064,3306
26266629292,26266629288,-4,1122,3481
26276214646,26276214642,-4,1492,3457
26278387967,26278387962,-5,1529,3635
26282067003,26282067000,-3,1021,2258
26288681029,26288681025,-4,1037,3524
26303036815,26303036810,-5,1185,3256
26304076469,26304076475,6,4260,1729
26304370421,26304370427,6,3422,1424
26305229651,26305229650,-1,1628,2436
26306506349,26306506342,-7,1276,5687
26310051105,26310051102,-3,1309,2273
26314303998,26314303998,0,2328,3003
26315138034,26315138030,-4,876,2922
26318757414,26318757413,-1,998,2185
26321746664,26321746657,-7,788,2702
26322070487,26322070480,-7,1021,4872
26324582861,26324582857,-4,1109,3108
26325330121,26325330116,-5,1496,3484
26335369544,26335369549,5,3462,1785
26335595818,26335595814,-4,1104,2879
26341370215,26341370209,-6,1087,3059
26352629714,26352629712,-2,863,2144
26353115449,26353115470,21,951,2860
26353402232,26353402229,-3,1098,1860
26358791073,26358791075,2,3955,2702
26360052194,26360052191,-3,1349,1753
26360336517,26360336523,6,2903,1447
26362758648,26362758642,-6,1335,4704
26364439299,26364439299,0,1279,1832
26373893751,26373893747,-4,752,1502
26380704446,26380704441,-5,1436,3443
26380960405,26380960401,-4,1255,2845
26384320523,26384320523,0,817,720
26393258811,26393258804,-7,650,2599
26394492241,26394492229,-12,1135,3821
26396302954,26396302948,-6,899,3181
26396672479,26396672474,-5,909,2847
26396937593,26396937586,-7,1133,2990
26398071177,26398071172,-5,1437,2756
26403577214,26403577209,-5,895,3202
26405774835,26405774830,-5,808,3161
26413818759,26413818755,-4,1165,2987
26419371457,26419371451,-6,1203,2713
26419659303,26419659298,-5,951,3348
26421698354,26421698351,-3,937,2663
26425346218,26425346213,-5,807,3640
26427181667,26427181662,-5,1017,5177
26430679930,26430679924,-6,1095,4158
26439174206,26439174201,-5,1216,2195
26440126178,26440126174,-4,909,3266
26440176748,26440176766,18,530,3311
26440490314,26440490309,-5,1369,3766
26444818954,26444818951,-3,1171,3471
26446220259,26446220254,-5,1090,2388
26451202162,26451202159,-3,1381,2019
26454978330,26454978327,-3,1117,3552
26459074966,26459074959,-7,1283,5975
26461487282,26461487276,-6,1251,2942
26470300628,26470300634,6,9072,36972
26472148334,26472148333,-1,943,1743
26476156914,26476156909,-5,781,1978
26479267913,26479267910,-3,684,3183
26488333021,26488333028,7,16759,22032
26489650471,26489650465,-6,1572,6904
26497512578,26497512599,21,569,3378
26498696817,26498696813,-4,1307,2711
26513164866,26513164863,-3,1074,3052
26516531098,26516531094,-4,1030,2172
26517185287,26517185281,-6,1167,2209
26518515698,26518515693,-5,855,4184
26519333011,26519333008,-3,1019,3000
26519951728,26519951721,-7,857,2611
26519983577,26519983590,13,113,1021
26521095513,26521095508,-5,1107,2518
26522390128,26522390123,-5,1162,2005
26524201706,26524201699,-7,768,2544
26528031482,26528031478,-4,865,1621
26528958145,26528958139,-6,207,1262
26532151415,26532151414,-1,197,1087
26532592072,26532592063,-9,1108,3316
26532688194,26532688210,16,1082,2665
26534013318,26534013313,-5,980,3557
26537124036,26537124030,-6,1247,3317
26537269546,26537269528,-18,1043,3517
26537884723,26537884714,-9,1044,2537
26541057231,26541057227,-4,919,2687
26542412942,26542412934,-8,771,3748
26544108646,26544108649,3,1342,983
26546308485,26546308481,-4,1224,5125
26549091353,26549091350,-3,1644,1765
26552644859,26552644854,-5,957,4379
26554049120,26554049138,18,264,641
26554778649,26554778645,-4,1124,3102
26555308258,26555308271,13,391,827
26557330465,26557330459,-6,1037,3763
26557825544,26557825538,-6,723,2833
26558202947,26558202957,10,41,1018
26558985937,26558985931,-6,923,3858
26559366026,26559366035,9,173,501
26560625529,26560625525,-4,1084,3534
26564055917,26564055913,-4,1268,3381
26570424683,26570424679,-4,1265,2691
26572084525,26572084515,-10,2242,38721
26579260725,26579260717,-8,1054,2749
26579366548,26579366557,9,13629,24151
26590359691,26590359687,-4,713,2239
26590445590,26590445585,-5,2560,6235
26590675579,26590675578,-1,1083,2514
26595827061,26595827058,-3,689,2562
26602166391,26602166386,-5,1164,3572
26602729305,26602729313,8,281,1431
26608448795,26608448791,-4,1328,3588
26616434537,26616434533,-4,1092,3564
26620141672,26620141673,1,1175,1462
26621271994,26621272001,7,6780,2579
26630813548,26630813545,-3,935,2717
26630937685,26630937681,-4,1034,2237
26630972940,26630972949,9,352,1134
26632673955,26632673956,1,841,1722
26636358707,26636358702,-5,1164,3080
26642677453,26642677447,-6,1080,2756
26645273861,26645273862,1,1749,1720
26645922369,26645922369,0,2490,2829
26653285229,26653285226,-3,940,2105
26653707590,26653707584,-6,1383,2958
26660931411,26660931407,-4,1024,1824
26666950382,26666950374,-8,79,1122
26667510633,26667510623,-10,1375,1975
26667610506,26667610501,-5,1150,2943
26669791886,26669791892,6,2525,1655
26670541584,26670541578,-6,997,2393
26689040062,26689040057,-5,1009,3599
26696002366,26696002361,-5,1384,4395
26700157462,26700157458,-4,980,2983
26700700411,26700700415,4,4354,3559
26705272193,26705272189,-4,995,2875
26707568789,26707568782,-7,1569,3088
26708981736,26708981717,-19,966,2298
26710992465,26710992460,-5,1152,2378
26718494366,26718494363,-3,1200,2249
26720464318,26720464314,-4,816,2327
26721505994,26721505990,-4,1153,3738
26721746659,26721746655,-4,676,2753
26722190904,26722190898,-6,1226,3351
26722829203,26722829204,1,2999,3693
26726687505,26726687513,8,279,1039
26728627679,26728627672,-7,912,2717
26729515218,26729515237,19,1106,2385
26730410507,26730410490,-17,222,1653
26731586900,26731586894,-6,958,2854
26736242543,26736242537,-6,1056,3003
26736499355,26736499350,-5,669,1532
26739106051,26739106047,-4,758,2809
26743209675,26743209671,-4,1069,2710
26748515739,26748515733,-6,940,2977
26748665283,26748665262,-21,1114,3172
26749714167,26749714161,-6,1094,3499
26749878059,26749878078,19,869,2502
26751436978,26751436973,-5,1523,3429
26753532490,26753532486,-4,780,2148
26754633589,26754633585,-4,1314,2174
26754862860,26754862873,13,284,471
26755364353,26755364372,19,1802,4468
26759378332,26759378335,3,1875,967
26760357386,26760357381,-5,1263,4498
26764523027,26764523022,-5,966,3268
26770440486,26770440486,0,1359,1864
26771565975,26771565981,6,2041,990
26772951080,26772951082,2,1514,1141
26784936218,26784936215,-3,1287,2845
26788464462,26788464456,-6,1007,2820
26788663010,26788662990,-20,206,1088
26791695867,26791695865,-2,1120,2874
26796658173,26796658171,-2,1456,2524
26796771354,26796771345,-9,1232,4082
26800442327,26800442322,-5,850,2435
26800813487,26800813481,-6,1257,3667
26802670641,26802670634,-7,280,1205
26802960291,26802960288,-3,696,1413
26805994655,26805994660,5,4865,2730
26808208621,26808208617,-4,1678,3619
26811721630,26811721635,5,3674,2467
26823362785,26823362781,-4,1061,2854
26826928192,26826928185,-7,603,3148
26827167449,26827167462,13,126,648
26831418139,26831418134,-5,1235,3385
26834533939,26834533933,-6,886,3300
26837402887,26837402882,-5,1054,2854
26851311476,26851311472,-4,1183,4652
26853896207,26853896203,-4,935,2749
26858612571,26858612566,-5,815,2981
26858664673,26858664659,-14,275,950
26858968360,26858968354,-6,1118,2894
26859773045,26859773041,-4,1105,2483
26865932109,26865932103,-6,1058,4564
26871078479,26871078461,-18,198,871
26871261525,26871261522,-3,2692,5222
26876026618,26876026613,-5,1081,2149
26877928314,26877928310,-4,1134,2435
26882586154,26882586148,-6,2552,7197
26887391076,26887391073,-3,1036,1875
26894149508,26894149509,1,3056,2515
26895253010,26895253006,-4,1130,2044
26896189275,26896189271,-4,154,1021
26897151966,26897151961,-5,1073,2243
26899314471,26899314467,-4,834,2886
26901557877,26901557878,1,1294,1118
26902215543,26902215536,-7,1097,3252
26904958094,26904958097,3,3114,2023
26914183176,26914183187,11,18349,19922
26917159267,26917159261,-6,1088,3092
26922108385,26922108379,-6,1341,4588
26922909231,26922909227,-4,908,2364
26926542069,26926542077,8,11213,2719
26934597882,26934597877,-5,1254,4476
26937923070,26937923070,0,3300,2592
26938958339,26938958334,-5,762,2484
26939938857,26939938873,16,577,2654
26941625226,26941625228,2,1477,1403
26943455426,26943455428,2,3083,3228
26944985291,26944985287,-4,884,2412
26945651639,26945651635,-4,1048,2807
26945904248,26945904242,-6,1195,3303
26946026769,26946026785,16,954,2041
26948257107,26948257107,0,1233,2325
26948664026,26948664033,7,150,1250
26949073606,26949073604,-2,819,1949
26949901161,26949901154,-7,1305,2844
26951255968,26951255961,-7,965,4096
26952444134,26952444130,-4,960,2629
26954724735,26954724730,-5,926,2231
26956462586,26956462588,2,3039,2386
26964720863,26964720858,-5,964,2985
26965214733,26965214730,-3,1652,5919
26969444218,26969444213,-5,1013,3791
26969645363,26969645368,5,316,949
26974062385,26974062385,0,1059,2104
26976702151,26976702147,-4,1416,3216
26978283601,26978283597,-4,1267,2621
26986056604,26986056606,2,1746,1507
26987083970,26987083966,-4,1296,2296
26988442764,26988442758,-6,1184,3512
26990650158,26990650153,-5,774,3483
27000909677,27000909679,2,3898,3741
27000979654,27000979649,-5,1088,2406
27018683741,27018683737,-4,1482,4537
27018907513,27018907507,-6,894,3715
27019094688,27019094690,2,2804,3172
27020525202,27020525200,-2,1329,2509
27027955454,27027955462,8,4183,1798
27028511574,27028511575,1,1237,1618
27035932131,27035932127,-4,1022,2535
27036692380,27036692400,20,2136,782
27046729434,27046729429,-5,923,2764
27047002530,27047002546,16,595,2729
27051981050,27051981045,-5,924,2016
27057518371,27057518365,-6,1385,3058
27060759286,27060759280,-6,1227,3317
27063196274,27063196269,-5,930,2212
27063271272,27063271290,18,365,837
27064105902,27064105899,-3,821,2379
27064524578,27064524586,8,214,909
27065156437,27065156432,-5,2236,7676
27065183351,27065183344,-7,1025,2389
27075163786,27075163783,-3,1266,1805
27075380471,27075380466,-5,889,3468
27075580075,27075580059,-16,1238,883
27077409075,27077409070,-5,1507,3436
27077906487,27077906485,-2,1225,1827
27091199782,27091199777,-5,561,2342
27091352166,27091352161,-5,1320,2770
27093565502,27093565507,5,2657,1695
27094075198,27094075218,20,628,1321
27103501152,27103501159,7,8630,2337
27106218470,27106218465,-5,864,2638
27107142299,27107142290,-9,1119,3406
27111643713,27111643713,0,983,1862
27111680506,27111680505,-1,192,653
27111872483,27111872482,-1,13138,24863
27114893510,27114893503,-7,852,3329
27115184383,27115184379,-4,1020,2753
27116887033,27116887029,-4,1423,3569
27118208032,27118208027,-5,1045,1761
27118302664,27118302686,22,500,1253
27119919129,27119919127,-2,704,1433
27127858136,27127858141,5,2846,1408
27132825330,27132825325,-5,864,3712
27134401589,27134401583,-6,1337,3321
27143798276,27143798270,-6,840,3072
27144722057,27144722070,13,1067,2713
27149837486,27149837484,-2,1270,3610
27150678914,27150678909,-5,974,2965
27150835225,27150835205,-20,34,1295
27150992088,27150992106,18,835,2519
27151115363,27151115358,-5,1020,2601
27151328895,27151328891,-4,962,3195
27152570467,27152570461,-6,642,3004
27157265095,27157265090,-5,596,2655
27160601787,27160601781,-6,915,3321
27162787540,27162787542,2,1758,1008
27167027567,27167027563,-4,1123,2638
27171898403,27171898398,-5,962,3425
27171993321,27171993302,-19,242,654
27176043530,27176043537,7,8581,2335
27180883699,27180883694,-5,716,2029
27185257678,27185257670,-8,976,3518
27191227683,27191227678,-5,1207,3586
27192527290,27192527286,-4,1092,2447
27194554203,27194554210,7,3682,1682
27196494378,27196494371,-7,1047,4180
27197283173,27197283167,-6,964,2881
27198792904,27198792901,-3,1424,2044
27204436206,27204436201,-5,1026,3779
27208829574,27208829570,-4,1438,3735
27209738235,27209738235,0,1362,2440
27211952959,27211952955,-4,1107,2773
27212785158,27212785163,5,1763,1134
27216098229,27216098230,1,19236,3966
27223009570,27223009565,-5,894,2905
27231155454,27231155450,-4,829,3192
27239594643,27239594639,-4,1197,2958
27244286615,27244286612,-3,1072,2266
27245559902,27245559896,-6,1308,3448
27245681938,27245681949,11,259,1766
27257808469,27257808465,-4,1098,2518
27262310715,27262310710,-5,1020,3137
27265275322,27265275318,-4,1403,4526
27269376575,27269376570,-5,1059,3639
27270639142,27270639153,11,261,1675
27273135637,27273135633,-4,1018,2913
27276345746,27276345741,-5,1246,2381
27281032242,27281032236,-6,909,3391
27281618250,27281618266,16,142,1120
27287846041,27287846036,-5,1309,2573
27288962377,27288962373,-4,808,1608
27290927525,27290927520,-5,1154,2600
27293717589,27293717587,-2,1087,2173
27296204573,27296204581,8,2411,898
27301005383,27301005378,-5,1032,4096
27301225998,27301225994,-4,898,2231
27304216002,27304215997,-5,1110,3137
27307704907,27307704902,-5,882,2638
27314435611,27314435611,0,1544,2099
27318476975,27318476970,-5,1129,2768
27318831161,27318831173,12,13275,50213
27322490914,27322490910,-4,857,2769
27323006700,27323006707,7,56,799
27323064476,27323064482,6,140,1088
27331740619,27331740613,-6,1117,3587
27331961729,27331961745,16,128,830
27339922758,27339922758,0,1074,1214
27342294931,27342294927,-4,1030,3443
27345210824,27345210818,-6,952,3311
27346471551,27346471547,-4,1031,2789
27346756641,27346756662,21,1107,2683
27352192317,27352192310,-7,1287,3020
27361485652,27361485653,1,3297,3310
27362593601,27362593602,1,974,998
27366927485,27366927483,-2,84,1015
27370414615,27370414615,0,133,3111
27373368601,27373368594,-7,1109,3222
27381477145,27381477141,-4,1070,4143
27389561460,27389561468,8,125,1194
27391661366,27391661359,-7,559,2107
27391808891,27391808883,-8,1138,2130
27398407415,27398407411,-4,1044,3811
27403543363,27403543367,4,1870,1580
27404631735,27404631718,-17,2253,1179
27407908275,27407908270,-5,1265,2918
27410586367,27410586363,-4,1169,3559
27411276358,27411276354,-4,844,2565
27417782066,27417782057,-9,623,6282
27420655187,27420655185,-2,707,1660
27421566107,27421566102,-5,918,3424
27437174890,27437174885,-5,903,3454
27437744913,27437744932,19,641,4430
27440772682,27440772678,-4,1375,1782
27446742027,27446742022,-5,863,2566
27447433521,27447433517,-4,984,2743
27453522354,27453522350,-4,764,2210
27456987882,27456987898,16,387,1743
27467978178,27467978176,-2,623,1401
27469220347,27469220334,-13,74,3291
27472109686,27472109682,-4,1274,4404
27474776019,27474776014,-5,826,3572
27478978110,27478978105,-5,1089,3492
27486407797,27486407792,-5,2073,4856
27487218636,27487218650,14,841,2151
27492691960,27492691978,18,977,3005
27498168327,27498168322,-5,711,2684
27503893035,27503893027,-8,1038,4661
27504827485,27504827480,-5,977,2885
27506231890,27506231889,-1,9,926
27507452618,27507452613,-5,876,3855
27508500270,27508500266,-4,1116,3185
27521007451,27521007449,-2,784,2256
27526544567,27526544563,-4,957,3253
27527785077,27527785074,-3,1009,2014
27543103454,27543103450,-4,1016,4000
27547767428,27547767429,1,911,1048
27552419982,27552419978,-4,1083,3416
27556905492,27556905487,-5,835,3349
27557545419,27557545415,-4,1083,2103
27561765799,27561765802,3,1222,1846
27564921646,27564921641,-5,761,3364
27567003335,27567003329,-6,546,2331
27568519863,27568519859,-4,1225,3036
27568564952,27568564970,18,871,2607
27572921539,27572921534,-5,1342,3148
27573248826,27573248827,1,128,973
27576958011,27576958005,-6,1157,4525
27578742085,27578742091,6,1757,1182
27584134182,27584134177,-5,1573,4197
27590218150,27590218151,1,898,889
27594743089,27594743094,5,3043,1559
27595450439,27595450445,6,3141,1890
27597193491,27597193486,-5,1025,3459
27598095914,27598095910,-4,1470,3751
27600025953,27600025949,-4,1360,3470
27604380502,27604380495,-7,1270,4586
27606202489,27606202485,-4,1001,3329
27606228529,27606228526,-3,262,1027
27609727335,27609727329,-6,1010,3458
27613816078,27613816075,-3,1365,3000
27615300351,27615300348,-3,931,2150
27615549828,27615549839,11,291,927
27618720230,27618720225,-5,964,2416
27621816838,27621816834,-4,980,3135
27622214958,27622214955,-3,1346,1481
27650274793,27650274789,-4,1432,4124
27653285871,27653285867,-4,1178,3056
27659787159,27659787154,-5,1116,3081
27661064735,27661064730,-5,976,3157
27666236390,27666236385,-5,1353,3560
27666791434,27666791423,-11,320,1059
27674218551,27674218546,-5,743,3462
27675147200,27675147193,-7,801,2351
27675324730,27675324723,-7,1018,3526
27681299319,27681299304,-15,740,2111
27687203415,27687203410,-5,1035,3052
27687481692,27687481701,9,357,833
27689890765,27689890772,7,3500,1729
27692505506,27692505501,-5,1315,2404
27694278997,27694278993,-4,791,3197
27704098241,27704098236,-5,1355,2423
27713603501,27713603495,-6,1158,4590
27715641604,27715641597,-7,884,2640
27716134251,27716134260,9,218,1279
27716722737,27716722731,-6,1164,2541
27716851688,27716851710,22,513,2486
27717729341,27717729336,-5,1083,3654
27717757969,27717757986,17,991,4609
27719317592,27719317587,-5,1266,3816
27724060667,27724060662,-5,650,3004
27727283243,27727283236,-7,798,2695
27727392727,27727392721,-6,953,2617
27728328655,27728328650,-5,960,3547
27732659476,27732659472,-4,1178,2690
27732949232,27732949227,-5,1286,3633
27735614813,27735614809,-4,982,2863
27740400008,27740400010,2,2567,2391
27741278274,27741278278,4,2381,1243
27742568325,27742568318,-7,680,1742
27743763994,27743763990,-4,1095,3289
27749643039,27749643042,3,2580,1584
27755690302,27755690302,0,1039,1579
27756311400,27756311394,-6,670,3191
27757170664,27757170663,-1,1330,1832
27757745489,27757745476,-13,1170,4238
27759866667,27759866663,-4,983,2806
27761363239,27761363234,-5,554,1632
27763172378,27763172361,-17,120,1442
27763937512,27763937509,-3,1050,1947
27764124931,27764124925,-6,217,853
27764223426,27764223422,-4,992,2925
27771762778,27771762773,-5,1060,2792
27773505738,27773505732,-6,1238,4003
27777790184,27777790180,-4,877,3056
27779838946,27779838941,-5,1697,4970
27780970163,27780970158,-5,1039,2524
27781470396,27781470414,18,496,2119
27781792826,27781792822,-4,1198,3360
27784322814,27784322808,-6,1357,3967
27789148931,27789148926,-5,883,3482
27797806398,27797806390,-8,1233,3783
27802930971,27802930966,-5,1544,5354
27804205023,27804205017,-6,751,3174
27804588518,27804588516,-2,868,1542
27810451590,27810451585,-5,617,1719
27811327570,27811327565,-5,956,4365
27811430014,27811430007,-7,704,3070
27811990194,27811990187,-7,741,1782
27812035865,27812035861,-4,1134,2780
27812757103,27812757097,-6,2323,6510
27813424894,27813424889,-5,718,2233
27819715655,27819715650,-5,968,4605
27821859031,27821859028,-3,1110,2965
27823116376,27823116384,8,12832,37925
27829808507,27829808502,-5,952,3287
27831378475,27831378470,-5,847,2425
27834387527,27834387522,-5,1065,4046
27837068130,27837068126,-4,965,1522
27837866318,27837866313,-5,541,1784
27838848343,27838848337,-6,779,2999
27844843139,27844843132,-7,1213,4528
27846309995,27846309989,-6,1164,3693
27855829441,27855829448,7,7394,2289
27859047219,27859047217,-2,894,1854
27860485370,27860485384,14,620,2277
27861871496,27861871490,-6,946,2826
27862715989,27862715992,3,1500,1314
27864632627,27864632623,-4,604,1590
27865718741,27865718734,-7,1041,2382
27866263497,27866263493,-4,488,2621
27866470410,27866470406,-4,1344,4287
27867599010,27867599004,-6,937,4338
27867836680,27867836698,18,684,1844
27868689090,27868689086,-4,2776,9886
27869055505,27869055500,-5,1051,2307
27873875728,27873875726,-2,804,931
27875371765,27875371763,-2,1019,2086
27877298772,27877298766,-6,1271,3662
27881001486,27881001486,0,11075,12900
27883538683,27883538679,-4,888,3307
27884731532,27884731534,2,2135,1816
27885402622,27885402617,-5,937,1883
27886070455,27886070458,3,3355,3064
27887947155,27887947150,-5,1040,2262
27889949415,27889949410,-5,1026,3141
27890172550,27890172547,-3,1088,1936
27907958510,27907958515,5,4787,2192
27909050757,27909050759,2,3135,2145
27915019671,27915019666,-5,948,3014
27916288424,27916288417,-7,1357,4084
27918205616,27918205606,-10,323,839
27923273414,27923273410,-4,1796,3501
27924579904,27924579897,-7,987,3510
27926829614,27926829621,7,3935,1336
27927286719,27927286714,-5,757,2609
27929779397,27929779392,-5,1172,1960
27931779663,27931779658,-5,829,2824
27932094081,27932094082,1,103,1101
27932691130,27932691149,19,1069,3481
27933761697,27933761699,2,1484,975
27934748175,27934748170,-5,1147,3633
27934809441,27934809457,16,841,2450
27938488002,27938487995,-7,748,2192
27939111727,27939111723,-4,1029,4050
27941989002,27941989006,4,2092,871
27943696558,27943696549,-9,1015,2427
27946477597,27946477617,20,527,1712
27947338048,27947338059,11,432,1238
27955926834,27955926827,-7,1209,3613
27956098844,27956098860,16,760,2714
27963930526,27963930523,-3,1193,2147
27964227939,27964227934,-5,799,4124
27964863686,27964863683,-3,759,1471
27966769447,27966769451,4,2204,1098
27973539482,27973539478,-4,870,1933
27975574275,27975574271,-4,1132,2350
27980578455,27980578450,-5,1134,2200
27980834951,27980834947,-4,456,1568
27983930905,27983930900,-5,964,2739
27986645726,27986645720,-6,1148,3344
27987419602,27987419597,-5,1479,3055
27987605385,27987605373,-12,1079,2322
27987748689,27987748702,13,179,950
27995425345,27995425339,-6,1012,2387
27997966460,27997966454,-6,1107,3595
28014629275,28014629270,-5,1237,4007
28016031613,28016031609,-4,877,2213
28019697152,28019697147,-5,1152,2878
28020575554,28020575550,-4,898,3624
28021508766,28021508763,-3,1089,3636
28023106533,28023106527,-6,584,2036
28026141746,28026141742,-4,1098,1815
28036553713,28036553708,-5,1268,3450
28037054904,28037054890,-14,984,3118
28038319465,28038319461,-4,1120,3193
28041974599,28041974593,-6,658,1788
28042056890,28042056872,-18,334,1235
28052158375,28052158372,-3,1091,2423
28054633607,28054633602,-5,1069,3959
28056152338,28056152335,-3,1160,2451
28060291427,28060291422,-5,814,2215
28063580654,28063580648,-6,1192,4251
28064330049,28064330070,21,749,2498
28069502105,28069502098,-7,817,2966
28069618960,28069618966,6,315,947
28070656552,28070656570,18,640,1923
28071267623,28071267621,-2,967,2218
28077075889,28077075885,-4,634,3238
28077893210,28077893206,-4,306,1218
28079017319,28079017314,-5,912,2892
28081086590,28081086586,-4,883,3947
28081236355,28081236349,-6,1145,2973
28082006003,28082005999,-4,948,2890
28082669915,28082669897,-18,895,2429
28084287781,28084287777,-4,1408,3669
28087588410,28087588405,-5,1543,5070
28088018658,28088018654,-4,984,2524
28089501624,28089501614,-10,1076,2925
28094084434,28094084428,-6,628,2924
28094668379,28094668374,-5,1221,3258
28098001558,28098001555,-3,894,2348
28099009634,28099009628,-6,882,3404
28099419192,28099419211,19,236,1210
28099969663,28099969657,-6,1040,1984
28105506701,28105506695,-6,903,3039
28106904725,28106904731,6,3191,1672
28109190458,28109190455,-3,1155,3194
28110319299,28110319294,-5,1208,3682
28116720476,28116720471,-5,652,2986
28117290231,28117290226,-5,1233,3268
28117550235,28117550230,-5,1211,2695
28120930134,28120930130,-4,1213,3628
28122941503,28122941498,-5,994,3248
28123766462,28123766458,-4,766,1633
28127010113,28127010119,6,7080,2722
28128365955,28128365950,-5,1200,2979
28128531465,28128531461,-4,833,2367
28132124740,28132124733,-7,1119,4727
28135151531,28135151525,-6,1152,3180
28136804896,28136804889,-7,1280,3933
28143953454,28143953450,-4,863,2989
28148983649,28148983643,-6,1045,3227
28149627353,28149627367,14,128,926
28153838153,28153838149,-4,872,2013
28157113635,28157113630,-5,1053,2803
28157524774,28157524769,-5,1544,3516
28157592188,28157592198,10,307,823
28158250900,28158250919,19,1072,1774
28163078978,28163078973,-5,721,2350
28166459986,28166459986,0,1200,1203
28167979314,28167979311,-3,1185,1972
28176023429,28176023424,-5,1160,2940
28176185112,28176185113,1,117,945
28177596550,28177596543,-7,1088,2333
28178031404,28178031423,19,292,1238
28181445081,28181445074,-7,1075,4152
28183847593,28183847599,6,5915,2628
28184504904,28184504900,-4,1167,2264
28186646059,28186646052,-7,602,2081
28186960819,28186960818,-1,353,1357
28188839815,28188839807,-8,1287,2933
28189826114,28189826112,-2,956,2431
28191341789,28191341784,-5,1223,4388
28191502234,28191502229,-5,951,1882
28195341829,28195341825,-4,624,1873
28196044522,28196044535,13,352,873
28196274847,28196274841,-6,1201,2864
28196399569,28196399548,-21,1177,3293
28198851463,28198851458,-5,1037,3036
28199486814,28199486809,-5,1332,2834
28200265394,28200265389,-5,1100,2046
28200636697,28200636683,-14,88,777
28200839906,28200839886,-20,138,971
28202188718,28202188718,0,1468,1858
28203881503,28203881499,-4,817,2960
28207848465,28207848462,-3,1380,3166
28209097260,28209097272,12,963,2577
28212786610,28212786604,-6,901,3698
28225097573,28225097568,-5,1108,2946
28228263079,28228263073,-6,1333,3872
28233373651,28233373645,-6,1711,4756
28234916822,28234916814,-8,717,2416
28235698473,28235698490,17,919,1633
28237461835,28237461831,-4,1277,2508
28237911267,28237911262,-5,859,1866
28238160509,28238160504,-5,1138,2437
28238582852,28238582856,4,1240,1187
28244190113,28244190114,1,1132,1796
28248433698,28248433693,-5,1181,2565
28249454035,28249454031,-4,1025,3058
28250544619,28250544607,-12,186,1002
28258137477,28258137479,2,1571,1280
28260081414,28260081413,-1,1193,1395
28262861946,28262861942,-4,1296,3389
28264466958,28264466954,-4,830,2026
28265397698,28265397717,19,757,2094
28268405998,28268405993,-5,859,3627
28268720324,28268720335,11,749,3051
28270573405,28270573401,-4,1157,2717
28271513218,28271513199,-19,1346,2903
28271927793,28271927787,-6,1145,3809
28274119238,28274119235,-3,587,1995
28274982250,28274982234,-16,33,891
28275076677,28275076660,-17,387,1996
28275754986,28275755005,19,950,2190
28277027385,28277027382,-3,1294,2476
28278326263,28278326271,8,3513,1414
28279474859,28279474852,-7,1090,3683
28279752376,28279752372,-4,34862,19207
28284211194,28284211187,-7,1194,3899
28284508385,28284508366,-19,796,2936
28287692239,28287692235,-4,354,1352
28289346086,28289346081,-5,1392,3266
28290004141,28290004138,-3,1262,3000
28297415200,28297415204,4,14719,11189
28299000314,28299000327,13,1022,216
28307155092,28307155085,-7,843,2415
28308883786,28308883778,-8,331,783
28317413273,28317413275,2,1960,1625
28319153353,28319153348,-5,984,2951
28321372081,28321372086,5,2055,835
28332240038,28332240038,0,2034,2392
28334737662,28334737658,-4,1084,3305
28335347525,28335347521,-4,1003,3233
28344766955,28344766950,-5,814,3184
28344913675,28344913668,-7,880,3120
28345095478,28345095474,-4,1095,2850
28347761198,28347761193,-5,912,2548
28350479211,28350479205,-6,1226,4126
28352003893,28352003889,-4,1149,1848
28356350198,28356350194,-4,768,2065
28356664587,28356664581,-6,1211,3115
28357728003,28357727994,-9,23,1634
28358041321,28358041318,-3,398,1837
28359243410,28359243426,16,846,2948
28359713447,28359713442,-5,1180,3776
28360575489,28360575483,-6,1191,4494
28360639066,28360639075,9,198,709
28361859705,28361859697,-8,735,4514
28363878495,28363878491,-4,2994,7752
28365910244,28365910238,-6,1023,2469
28381745387,28381745384,-3,1443,2856
28382912323,28382912329,6,5241,1761
28392217762,28392217759,-3,1320,4497
28396404533,28396404529,-4,849,2395
28399863049,28399863043,-6,1045,2682
28400528130,28400528126,-4,929,3092
28402414066,28402414061,-5,955,2992
28403146831,28403146827,-4,1192,3528
28407582627,28407582622,-5,691,2551
28407616298,28407616314,16,130,1172
28412276734,28412276729,-5,1285,3050
28414068106,28414068101,-5,1255,3508
28414250546,28414250541,-5,766,2848
28414364570,28414364573,3,3330,2099
28418731825,28418731822,-3,1737,2048
28419996842,28419996835,-7,582,2321
28422077330,28422077349,19,983,3092
28425320987,28425320982,-5,823,2217
28425777056,28425777051,-5,1115,2995
28431835002,28431835011,9,7873,35501
28431959646,28431959642,-4,990,3206
28433282989,28433282986,-3,1223,2397
28436423245,28436423246,1,952,1256
28445489724,28445489720,-4,22036,20296
28446804283,28446804278,-5,937,3224
28448815540,28448815534,-6,1176,2964
28459928629,28459928625,-4,1270,3260
28463382804,28463382806,2,1463,1490
28466097850,28466097846,-4,1188,3171
28472073811,28472073805,-6,1124,2614
28473560955,28473560951,-4,1056,2741
28474105009,28474105004,-5,894,3031
28477999807,28477999802,-5,888,3645
28480597395,28480597390,-5,986,3057
28484326194,28484326189,-5,949,2784
28484418666,28484418685,19,1395,3640
28492756902,28492756898,-4,726,2327
28494262605,28494262601,-4,1451,3000
28501255683,28501255677,-6,1295,3571
28503842267,28503842260,-7,1085,3170
28504765453,28504765458,5,1980,1085
28508024219,28508024215,-4,1020,3029
28511370646,28511370642,-4,1235,2834
28515172589,28515172585,-4,786,2610
28515961161,28515961157,-4,693,2219
28516599310,28516599305,-5,1245,3954
28529511025,28529511009,-16,149,805
28532893581,28532893577,-4,1217,4242
28533049505,28533049522,17,673,1634
28533459420,28533459396,-24,220,1076
28537110399,28537110393,-6,1157,3597
28538647505,28538647502,-3,1248,2461
28539083370,28539083386,16,132,910
28541175502,28541175523,21,910,2094
28544913633,28544913638,5,5663,2937
28545615998,28545615990,-8,845,1953
28547316510,28547316514,4,1986,1149
28550710166,28550710162,-4,530,2431
28551175976,28551175996,20,1064,2339
28555017817,28555017818,1,17506,21751
28563535082,28563535077,-5,1227,2868
28568051814,28568051810,-4,879,1926
28570930949,28570930945,-4,1359,3068
28578031966,28578031961,-5,983,3400
28579937906,28579937902,-4,1096,3113
28581162174,28581162169,-5,1079,2666
28581204530,28581204543,13,531,1475
28583790103,28583790095,-8,1134,3771
28595518658,28595518665,7,6656,2823
28596268370,28596268377,7,2871,1486
28599683770,28599683765,-5,1039,2664
28606549975,28606549970,-5,1219,4262
28606711397,28606711394,-3,988,2858
28607005909,28607005909,0,3816,3591
28609938751,28609938746,-5,1152,3957
28619617154,28619617146,-8,1029,2500
28622880327,28622880322,-5,1213,2240
28629300441,28629300435,-6,882,2811
28631489158,28631489155,-3,989,2966
28632121290,28632121303,13,271,911
28633067003,28633066998,-5,1078,3887
28635027931,28635027928,-3,1049,2953
28637529243,28637529239,-4,1023,3304
28638309621,28638309617,-4,1447,3818
28640498388,28640498391,3,15660,5274
28643531047,28643531043,-4,1079,2132
28643751297,28643751294,-3,1217,3512
28646112574,28646112569,-5,1012,2556
28647240845,28647240847,2,3211,2092
28648606833,28648606828,-5,1448,3836
28650901726,28650901721,-5,1295,4489
28658483060,28658483076,16,1095,3185
28659265757,28659265754,-3,4348,7078
28660033488,28660033470,-18,224,906
28660827129,28660827121,-8,19,860
28661865911,28661865906,-5,808,3212
28669148779,28669148776,-3,797,3414
28670170152,28670170147,-5,930,3596
28670462747,28670462741,-6,955,2916
28671272446,28671272439,-7,1181,3312
28678277029,28678277025,-4,1089,2730
28679054220,28679054207,-13,97,861
28688181813,28688181809,-4,1726,3587
28688596949,28688596946,-3,1979,4878
28691673543,28691673536,-7,629,1896
28692602863,28692602858,-5,1164,3292
28694757503,28694757503,0,963,1940
28695969798,28695969792,-6,1416,3629
28696200782,28696200778,-4,967,2619
28702931871,28702931866,-5,1189,2938
28706535693,28706535689,-4,1069,2937
28712113594,28712113582,-12,4441,14307
28713184478,28713184475,-3,734,2117
28714942547,28714942539,-8,1012,4136
28715730240,28715730240,0,1867,1953
28726523778,28726523772,-6,1399,2818
28731140038,28731140038,0,963,1742
28731549938,28731549933,-5,1011,1452
28733846482,28733846477,-5,865,3785
28739821017,28739821020,3,2124,1907
28743412043,28743412038,-5,663,1842
28744760086,28744760082,-4,1077,3715
28746740229,28746740222,-7,700,2229
28751413878,28751413874,-4,1369,3762
28751721067,28751721062,-5,818,3302
28752215114,28752215109,-5,1338,3139
28753447371,28753447365,-6,773,3279
28766181726,28766181723,-3,786,2260
28766739606,28766739600,-6,1321,2929
28770241038,28770241034,-4,999,2909
28773976536,28773976530,-6,1576,3462
28774179118,28774179113,-5,770,2877
28789052817,28789052813,-4,921,2864
28790910259,28790910257,-2,1241,1647
28791006376,28791006396,20,293,1072
28791448927,28791448923,-4,898,2990
28801202723,28801202718,-5,1114,3096
28804213724,28804213716,-8,1219,2994
28812016175,28812016170,-5,1044,2804
28813286586,28813286582,-4,529,2566
28814579059,28814579053,-6,811,2385
28823636199,28823636195,-4,649,2714
28826152670,28826152667,-3,1007,2070
28832070163,28832070160,-3,1105,2654
28832870806,28832870802,-4,923,2647
28834428815,28834428811,-4,1356,2982
28836096427,28836096422,-5,1140,3269
28837918566,28837918561,-5,972,3890
28841363989,28841363983,-6,1122,3583
28841991928,28841991932,4,13982,10126
28843397687,28843397680,-7,31261,14921
28844072179,28844072185,6,2829,1352
28845225986,28845225987,1,1454,2329
28850332759,28850332753,-6,1228,3052
28854664361,28854664357,-4,1279,3243
28857948810,28857948805,-5,1369,3323
28859575937,28859575924,-13,1291,4268
28860671707,28860671704,-3,1038,3473
28862608646,28862608643,-3,825,2152
28862883419,28862883415,-4,581,2719
28863078081,28863078094,13,345,956
28863160810,28863160808,-2,1220,2782
28866055562,28866055557,-5,898,3193
28866640369,28866640369,0,997,1015
28867006009,28867006029,20,143,1288
28869384992,28869384989,-3,870,2367
28871912547,28871912542,-5,812,3351
28874673636,28874673631,-5,999,3426
28879679455,28879679448,-7,1145,4318
28880652037,28880652031,-6,1552,4666
28882024954,28882024950,-4,628,1136
28887343434,28887343430,-4,599,3042
28888801661,28888801657,-4,860,3744
28889401782,28889401778,-4,1213,2588
28889489787,28889489803,16,159,700
28894400002,28894399997,-5,1029,2817
28896896056,28896896053,-3,1410,2445
28899418203,28899418201,-2,787,1689
28909254078,28909254079,1,3887,3836
28909941922,28909941916,-6,757,3212
28914787917,28914787911,-6,777,2303
28916654194,28916654190,-4,1073,4010
28919159101,28919159098,-3,8552,39909
28923990744,28923990738,-6,940,2261
28925240289,28925240290,1,1563,2121
28931221283,28931221283,0,1552,1310
28933660049,28933660044,-5,1271,4207
28934624161,28934624161,0,718,1756
28941852371,28941852363,-8,981,6684
28943417730,28943417726,-4,701,2201
28944803612,28944803622,10,164,867
28946355063,28946355057,-6,850,2666
28948059465,28948059454,-11,249,1473
28953779004,28953779006,2,25777,109981
28956170795,28956170790,-5,1423,3741
28957619603,28957619594,-9,19,702
28963312466,28963312465,-1,873,2009
28967484976,28967484970,-6,1209,3801
28967572700,28967572711,11,318,1905
28968193030,28968193026,-4,1005,2497
28969114594,28969114598,4,1905,1384
28971781346,28971781342,-4,1699,3983
28977865465,28977865461,-4,1216,2206
28979534031,28979534026,-5,1166,4092
28981207401,28981207396,-5,1340,3586
28985128267,28985128261,-6,1361,3662
28993731527,28993731529,2,185,1102
28994333691,28994333710,19,1260,3347
28994653807,28994653806,-1,1885,1623
28995500688,28995500695,7,2166,1166
28996271248,28996271245,-3,1105,3902
28997115081,28997115076,-5,1055,3498
29005738056,29005738050,-6,1398,3930
29005829954,29005829946,-8,857,1845
29007196792,29007196786,-6,761,2165
29010190773,29010190767,-6,970,4499
29015208787,29015208782,-5,1636,4353
29019313118,29019313114,-4,1366,4397
29019386759,29019386754,-5,427,1142
29024193927,29024193923,-4,1186,2484
29025718011,29025718006,-5,614,2599
29028083765,29028083762,-3,901,1281
29030210748,29030210760,12,15348,39952
29030340154,29030340150,-4,1039,3147
29032985807,29032985801,-6,754,3136
29036007091,29036007085,-6,1204,2630
29037345016,29037345034,18,329,1142
29038613707,29038613713,6,2051,1694
29039103294,29039103290,-4,969,2659
29042178465,29042178461,-4,1094,2409
29046098910,29046098906,-4,1271,2155
29047304978,29047304975,-3,1099,3124
29052145190,29052145186,-4,1174,2979
29052469064,29052469085,21,773,3933
29055073470,29055073466,-4,621,1756
29056724313,29056724306,-7,1248,4022
29058343963,29058343960,-3,1029,4460
29063987666,29063987662,-4,1169,3212
29075920861,29075920854,-7,1237,3634
29077995106,29077995124,18,1270,2930
29078112316,29078112329,13,813,2987
29092439915,29092439908,-7,1082,2997
29092950370,29092950366,-4,183,1185
29107875511,29107875503,-8,1100,3139
29109045340,29109045357,17,850,1601
29110932743,29110932737,-6,965,3082
29115415139,29115415133,-6,515,2441
29116107959,29116107954,-5,904,3563
29116191178,29116191173,-5,1311,4498
29118596778,29118596774,-4,675,2738
29120140151,29120140146,-5,894,3446
29120956164,29120956161,-3,722,2135
29121602731,29121602727,-4,850,2287
29121984065,29121984057,-8,1606,7186
29125574818,29125574814,-4,968,3455
29125639448,29125639438,-10,1244,3976
29126835145,29126835140,-5,17731,16019
29135626257,29135626260,3,2052,1838
29136316870,29136316869,-1,1447,1889
29137970637,29137970633,-4,940,3041
29143242304,29143242302,-2,2751,5042
29146023446,29146023447,1,1337,1871
29150954990,29150954991,1,2186,2120
29153288425,29153288441,16,734,2159
29153326300,29153326295,-5,922,3193
29160547907,29160547902,-5,929,3033
29160904254,29160904250,-4,1109,2258
29161203594,29161203597,3,2009,2037
29162091954,29162091949,-5,529,2311
29165323389,29165323386,-3,1120,2363
29166653815,29166653808,-7,93,1987
29167424570,29167424587,17,217,1098
29181593114,29181593107,-7,1001,5246
29186336778,29186336773,-5,1015,3650
29189219586,29189219582,-4,1047,3241
29199996122,29199996119,-3,1580,4052
29203218946,29203218942,-4,747,1887
29209664501,29209664497,-4,937,3263
29211490457,29211490450,-7,951,3745
29211608811,29211608806,-5,1109,2656
29212590698,29212590690,-8,1159,2649
29212866098,29212866086,-12,938,2700
29214517569,29214517565,-4,658,3086
29217682190,29217682186,-4,852,2260
29242370387,29242370381,-6,1008,3269
29242626759,29242626757,-2,995,1907
29249999928,29249999923,-5,1205,3773
29255799638,29255799636,-2,2218,3919
29260274915,29260274910,-5,911,1883
29268385058,29268385052,-6,949,4261
29269998700,29269998698,-2,1318,2862
29272925479,29272925473,-6,1153,3456
29276122999,29276122995,-4,743,2358
29276467516,29276467527,11,337,699
29279558114,29279558114,0,887,1323
29280195899,29280195894,-5,964,3064
29282458649,29282458646,-3,1441,2528
29283719528,29283719523,-5,1402,4161
29287157923,29287157918,-5,1020,3575
29291300167,29291300162,-5,1010,2753
29300967327,29300967324,-3,1095,2067
29301126851,29301126866,15,454,2458
29305271875,29305271871,-4,1376,2992
29305959908,29305959902,-6,1015,3917
29315284062,29315284055,-7,1468,3808
29319850126,29319850121,-5,794,2039
29320082519,29320082515,-4,760,1555
29320141675,29320141695,20,115,842
29323891104,29323891097,-7,1076,3128
29324093929,29324093946,17,365,1431
29326665599,29326665598,-1,1498,1702
29328622296,29328622292,-4,830,1772
29330966081,29330966077,-4,836,1632
29338008702,29338008697,-5,1072,2648
29339048954,29339048953,-1,928,1666
29351417602,29351417597,-5,1200,2327
29352744922,29352744938,16,1060,2643
29364454123,29364454120,-3,1069,3518
29364950658,29364950672,14,1019,3146
29367430487,29367430489,2,1138,1383
29369786691,29369786687,-4,771,2330
29374054490,29374054497,7,2450,1215
29377787975,29377787970,-5,1332,3568
29378795394,29378795389,-5,1213,3276
29384525375,29384525368,-7,861,4085
29388540955,29388540953,-2,575,1420
29388692898,29388692903,5,2917,1361
29394405494,29394405489,-5,1119,4473
29394744870,29394744864,-6,1205,3027
29397237695,29397237689,-6,1245,3319
29403248959,29403248954,-5,749,4017
29404246176,29404246175,-1,1320,2518
29409424199,29409424194,-5,1425,3179
29409702944,29409702938,-6,1070,3016
29413145709,29413145717,8,5506,1789
29430992738,29430992730,-8,880,2765
29443445975,29443445972,-3,1085,2770
29445380143,29445380138,-5,1051,3836
29449759727,29449759723,-4,638,2021
29450329266,29450329263,-3,26,840
29452644005,29452644000,-5,1292,3741
29460929728,29460929721,-7,890,3139
29464991999,29464991998,-1,618,842
29468357531,29468357530,-1,8776,12574
29474364480,29474364476,-4,751,1620
29483906598,29483906592,-6,1021,3397
29485706136,29485706155,19,899,1629
29489986649,29489986650,1,2135,2655
29496342964,29496342980,16,15477,26109
29499650060,29499650054,-6,851,2594
29500099602,29500099617,15,284,1647
29503564302,29503564298,-4,935,3155
29507845272,29507845266,-6,1225,3441
29510638038,29510638034,-4,1372,3199
29515677366,29515677359,-7,1522,5271
29517686306,29517686305,-1,1289,2006
29518890070,29518890065,-5,701,1435
29521160560,29521160558,-2,2660,3558
29522999271,29522999266,-5,908,2832
29526103621,29526103617,-4,1160,2223
29526254074,29526254058,-16,811,5367
29529799025,29529799036,11,296,908
29532122582,29532122575,-7,1201,3556
29532610726,29532610722,-4,5870,13851
29534371882,29534371877,-5,1475,3169
29538455161,29538455156,-5,1258,2948
29543688578,29543688595,17,13545,56368
29544234429,29544234421,-8,694,2814
29548368502,29548368502,0,996,1821
29552373133,29552373126,-7,1672,7597
29554832634,29554832638,4,1365,1084
29555814433,29555814428,-5,1523,4039
29561001037,29561001030,-7,1344,3352
29564798997,29564799000,3,1793,780
29567780286,29567780280,-6,974,2361
29578221148,29578221145,-3,966,2371
29584967801,29584967797,-4,1329,3519
29585218817,29585218827,10,87,926
29592336250,29592336242,-8,560,2454
29593261943,29593261940,-3,1344,3615
29597981250,29597981246,-4,809,1740
29598264475,29598264460,-15,1142,2740
29599714798,29599714791,-7,2316,5979
29612334105,29612334114,9,1267,1145
29613253670,29613253665,-5,1506,3269
29623636502,29623636498,-4,1361,3041
29623780914,29623780915,1,1136,1616
29624081083,29624081098,15,319,2293
29636190617,29636190613,-4,1329,2666
29639390925,29639390920,-5,912,2583
29663842902,29663842906,4,4493,2299
29664917537,29664917533,-4,664,2298
29665306742,29665306737,-5,923,2881
29675004427,29675004421,-6,1209,4973
29680011730,29680011730,0,2864,3865
29683175534,29683175530,-4,836,3021
29684864981,29684864984,3,5318,2059
29687654002,29687654006,4,2015,1085
29688791973,29688791971,-2,1101,1525
29689409678,29689409674,-4,943,1888
29689521686,29689521682,-4,978,2740
29691328779,29691328777,-2,802,2374
29696263942,29696263938,-4,824,3222
29698378714,29698378709,-5,1291,2880
29698793982,29698793977,-5,1208,4171
29698897064,29698897060,-4,811,2880
29702636723,29702636718,-5,960,2652
29702683496,29702683479,-17,1025,3251
29703001874,29703001869,-5,960,3365
29703469435,29703469430,-5,953,2980
29710026186,29710026190,4,1874,1281
29710308249,29710308256,7,11263,33175
29711573769,29711573765,-4,1131,3801
29721698500,29721698497,-3,840,2348
29729810289,29729810280,-9,1144,2902
29734326659,29734326654,-5,1076,1392
29742351402,29742351397,-5,1255,4510
29743403459,29743403453,-6,937,2885
29756747605,29756747602,-3,892,2789
29758639065,29758639061,-4,1090,3185
29762209042,29762209036,-6,786,2788
29764178211,29764178205,-6,1322,3577
29766905958,29766905953,-5,759,2408
29769705571,29769705565,-6,1030,1737
29777154452,29777154446,-6,1065,3057
29779611523,29779611518,-5,1010,3598
29780915764,29780915760,-4,877,2989
29781624363,29781624358,-5,136,899
29783474314,29783474315,1,1443,1935
29784163917,29784163912,-5,1437,4014
29784688906,29784688902,-4,1031,3790
29790351835,29790351833,-2,922,1541
29790502960,29790502970,10,548,2038
29792777498,29792777494,-4,623,1883
29794096213,29794096209,-4,1159,2127
29795162362,29795162377,15,933,2881
29802750965,29802750971,6,3721,1753
29804915435,29804915429,-6,737,2888
29805202326,29805202321,-5,830,3409
29810500193,29810500187,-6,1250,3422
29810568714,29810568692,-22,634,2372
29814947786,29814947787,1,997,1401
29815805768,29815805763,-5,1366,2974
29816605830,29816605825,-5,1008,2777
29828173321,29828173326,5,1858,1445
29831557606,29831557602,-4,955,2544
29831824199,29831824193,-6,717,2160
29833084343,29833084339,-4,1479,3504
29834976946,29834976943,-3,1103,4054
29839573010,29839573004,-6,857,2521
29840303570,29840303568,-2,818,1408
29841194386,29841194382,-4,1112,3445
29851960379,29851960374,-5,946,2479
29853183891,29853183883,-8,886,3332
29853228793,29853228791,-2,71,1543
29855080786,29855080780,-6,1388,3089
29860439117,29860439116,-1,1060,1594
29866864715,29866864709,-6,993,3598
29869861288,29869861282,-6,756,2385
29870668865,29870668867,2,173,903
29874413242,29874413235,-7,1112,2863
29874952987,29874952982,-5,1082,2904
29877996669,29877996675,6,115,692
29879980927,29879980922,-5,807,2888
29881134505,29881134511,6,5240,2856
29885768027,29885768032,5,988,583
29887412813,29887412809,-4,831,2354
29887621443,29887621430,-13,857,3145
29889378745,29889378766,21,649,2613
29889715339,29889715346,7,3607,2037
29895139211,29895139207,-4,1124,3626
29895457614,29895457607,-7,2281,8974
29897026877,29897026877,0,1815,1688
29897115841,29897115842,1,147,1216
29900133164,29900133157,-7,1061,2557
29902207815,29902207810,-5,702,2521
29909597890,29909597886,-4,1450,4478
29915183246,29915183238,-8,915,3355
29916983614,29916983610,-4,1019,3818
29917367776,29917367797,21,1507,4304
29921257448,29921257444,-4,1025,3681
29921761889,29921761885,-4,793,3169
29921949454,29921949451,-3,965,2351
29921998578,29921998589,11,300,842
29923538193,29923538191,-2,1129,2471
29928668267,29928668246,-21,200,646
29931530519,29931530515,-4,1352,3504
29933294487,29933294489,2,1175,972
29936712145,29936712142,-3,1085,3189
29943068967,29943068963,-4,1434,4166
29944936739,29944936734,-5,753,2418
29950372141,29950372138,-3,2315,3604
29950970026,29950970022,-4,1159,3162
29953221341,29953221345,4,1887,1113
29954747946,29954747946,0,1222,1818
29956630992,29956630986,-6,849,2657
29956872171,29956872161,-10,1111,1971
29960848334,29960848330,-4,588,2607
29962893564,29962893556,-8,842,4053
29970943667,29970943662,-5,545,2351
29971708722,29971708719,-3,881,2817
29973084490,29973084484,-6,1484,3092
29976058847,29976058842,-5,712,3912
29983388726,29983388723,-3,1133,3440
29984612425,29984612418,-7,1033,2725
29984795715,29984795729,14,985,3027
29986184957,29986184964,7,7155,41914
29986839073,29986839066,-7,731,3463
29994459259,29994459253,-6,1160,3856
29995647081,29995647088,7,3706,1528
30001732364,30001732358,-6,1386,2804
30002513006,30002513002,-4,2329,5812
30005319722,30005319727,5,3124,1780
30005515982,30005515978,-4,1370,3206
30007113330,30007113333,3,1667,1321
30018205355,30018205349,-6,909,1815
30021909571,30021909566,-5,750,1632
30023699199,30023699189,-10,29999,13837
30026463877,30026463871,-6,989,3434
30028519142,30028519146,4,2045,1498
30036176339,30036176333,-6,1556,4349
30036970626,30036970618,-8,1012,3984
30052987801,30052987793,-8,954,2599
30053394770,30053394788,18,538,2481
30056798157,30056798153,-4,907,2582
30063175570,30063175566,-4,756,2760
30063916829,30063916823,-6,786,3154
30066231314,30066231310,-4,978,3139
30066419113,30066419133,20,375,1233
30070970690,30070970686,-4,1247,4175
30072599575,30072599570,-5,1034,2744
30073656698,30073656699,1,83,766
30073904151,30073904145,-6,757,3349
30078794359,30078794350,-9,1398,4009
30096532699,30096532696,-3,1561,2663
30102999412,30102999409,-3,966,3535
30106057836,30106057836,0,10216,13423
30110560870,30110560866,-4,1163,2827
30111819078,30111819072,-6,1194,3043
30112533482,30112533462,-20,564,2015
30119627228,30119627223,-5,1053,3096
30120683536,30120683551,15,32,528
30125977195,30125977190,-5,709,2090
30133427023,30133427021,-2,786,2160
30137751964,30137751958,-6,949,3261
30139390526,30139390521,-5,1168,2754
30140058082,30140058079,-3,374,896
30144182409,30144182405,-4,730,1794
30149190923,30149190918,-5,643,3560
30156236034,30156236030,-4,1673,2110
30161092990,30161092983,-7,1490,4240
30164724585,30164724581,-4,1244,4962
30167147195,30167147190,-5,970,2723
30170851711,30170851706,-5,1101,2369
30183819255,30183819251,-4,630,3435
30185303531,30185303550,19,223,1528
30185698811,30185698814,3,13250,10889
30186115978,30186115973,-5,884,2905
30186174896,30186174913,17,716,2100
30191419663,30191419657,-6,1216,4285
30192655230,30192655226,-4,697,2866
30195156830,30195156824,-6,982,3161
30196194572,30196194573,1,1547,2029
30197100289,30197100285,-4,1416,4063
30199879756,30199879754,-2,956,2342
30203566723,30203566725,2,1634,2022
30209960391,30209960385,-6,881,1935
30210355090,30210355105,15,561,1250
30210514590,30210514586,-4,821,3030
30212239718,30212239714,-4,709,1735
30213222728,30213222751,23,357,1136
30214749299,30214749293,-6,1231,3709
30215301466,30215301450,-16,306,1103
30219079969,30219079965,-4,1502,3379
30224317371,30224317366,-5,1431,3125
30231483349,30231483344,-5,843,3761
30233666751,30233666749,-2,966,2200
30236856503,30236856498,-5,1146,2659
30238465005,30238465001,-4,976,2575
30239462260,30239462256,-4,866,3695
30239541722,30239541711,-11,1015,3205
30240313262,30240313259,-3,1386,3806
30240810667,30240810670,3,3286,2992
30243885319,30243885314,-5,1218,2751
30244698699,30244698717,18,1197,3091
30245676635,30245676630,-5,943,2877
30252901529,30252901523,-6,1030,2697
30260118193,30260118186,-7,1055,3817
30263157494,30263157489,-5,1175,3712
30266582304,30266582299,-5,1184,3516
30266785179,30266785199,20,345,1722
30272699138,30272699142,4,2368,1880
30277611271,30277611265,-6,770,2876
30281891174,30281891170,-4,799,2507
30282190943,30282190937,-6,933,2919
30283068093,30283068086,-7,936,2646
30283866859,30283866854,-5,1117,3718
30293293870,30293293866,-4,924,2436
30295391170,30295391170,0,1436,1825
30299383594,30299383589,-5,1109,2870
30299581347,30299581341,-6,677,3648
30305588230,30305588226,-4,1248,3352
30307042285,30307042285,0,2208,4165
30313376067,30313376064,-3,961,2830
30313841163,30313841166,3,20,562
30314756765,30314756758,-7,1285,3550
30315445974,30315445970,-4,1240,4202
30320497685,30320497701,16,435,2147
30330538803,30330538795,-8,710,2990
30336937809,30336937819,10,144,869
30340473394,30340473389,-5,977,3684
30343335633,30343335627,-6,1164,3211
30344719543,30344719546,3,2655,2020
30346335635,30346335628,-7,935,4068
30350153440,30350153434,-6,1153,2506
30350787117,30350787113,-4,1304,3593
30365196555,30365196550,-5,935,2677
30375336489,30375336485,-4,1560,3739
30378391811,30378391805,-6,896,3151
30383069766,30383069763,-3,1596,2781
30384371879,30384371875,-4,1068,2852
30384687997,30384687991,-6,970,3180
30386294847,30386294853,6,3974,1351
30388049967,30388049962,-5,1069,3397
30395205255,30395205250,-5,970,2941
30399567314,30399567310,-4,1034,3425
30411371023,30411371026,3,411,1309
30413131510,30413131505,-5,1205,2418
30414232651,30414232639,-12,319,786
30418542254,30418542250,-4,681,2691
30419860802,30419860797,-5,1464,3914
30423164467,30423164462,-5,815,3546
30425671373,30425671369,-4,1021,3047
30427705142,30427705137,-5,1454,2455
30434854603,30434854600,-3,849,3044
30444455897,30444455897,0,1746,2181
30447587489,30447587484,-5,999,4053
30456381789,30456381785,-4,1356,2371
30456932468,30456932463,-5,1599,3643
30458206447,30458206445,-2,1373,3027
30459841211,30459841217,6,4008,3247
30468597471,30468597466,-5,1196,2186
30476371021,30476371020,-1,32367,18753
30476592097,30476592090,-7,783,3453
30481185022,30481185016,-6,1260,4545
30482694131,30482694133,2,1974,1436
30488134028,30488134020,-8,774,2700
30489064194,30489064214,20,153,602
30492417588,30492417582,-6,872,3938
30493816331,30493816326,-5,1051,3728
30494114258,30494114252,-6,1228,3490
30498940485,30498940482,-3,923,1592
30500122273,30500122271,-2,1374,2256
30501603330,30501603325,-5,989,3220
30502439821,30502439814,-7,1337,2804
30508549489,30508549483,-6,1647,6130
30517375038,30517375034,-4,924,1225
30526520766,30526520762,-4,1036,3397
30535295860,30535295855,-5,1650,3121
30542424240,30542424239,-1,1734,3460
30543407514,30543407508,-6,1117,2012
30549928898,30549928902,4,4012,2563
30550181795,30550181790,-5,1349,4063
30553643971,30553643969,-2,703,2699
30561774603,30561774600,-3,1238,2518
30570851254,30570851249,-5,1735,5185
30571471513,30571471509,-4,1063,3073
30581215490,30581215487,-3,1803,4002
30591720742,30591720742,0,1290,2047
30596223488,30596223489,1,1686,1448
30602649946,30602649942,-4,1626,2074
30608662610,30608662603,-7,693,1579
30611172662,30611172658,-4,889,1090
30615212579,30615212573,-6,1211,3206
30617495249,30617495241,-8,1222,3421
30622714668,30622714662,-6,1031,3710
30623014865,30623014862,-3,959,3314
30627591996,30627591991,-5,923,2629
30633389226,30633389222,-4,1152,2856
30633430048,30633430066,18,52,828
30633958130,30633958125,-5,965,2558
30637065050,30637065046,-4,1208,2668
30641501114,30641501106,-8,995,4081
30645640777,30645640772,-5,987,3188
30647900163,30647900158,-5,811,2638
30650934502,30650934497,-5,759,2433
30654057450,30654057446,-4,787,3150
30655628007,30655628012,5,720,1516
30661936818,30661936813,-5,548,2800
30662255551,30662255539,-12,2664,13545
30670311671,30670311667,-4,729,1776
30670698871,30670698878,7,5044,1273
30674262030,30674262047,17,1238,1688
30679323694,30679323688,-6,810,3155
30683429746,30683429741,-5,764,3723
30687858619,30687858614,-5,1025,2591
30695509107,30695509100,-7,828,3283
30698513170,30698513165,-5,894,2802
30698742875,30698742858,-17,116,1138
30705248114,30705248110,-4,1434,3578
30705393757,30705393753,-4,626,1675
30709618855,30709618853,-2,1854,4554
30711788529,30711788525,-4,881,3394
30722060887,30722060883,-4,652,2081
30723681495,30723681489,-6,538,2039
30731174911,30731174913,2,2294,2675
30739021665,30739021659,-6,1098,3792
30739460054,30739460049,-5,874,2805
30741995174,30741995168,-6,1150,2799
30743236090,30743236099,9,98,1651
30751046545,30751046541,-4,1169,3671
30759067026,30759067022,-4,1485,3936
30764349748,30764349743,-5,1441,4576
30768408870,30768408866,-4,1029,3349
30770995083,30770995077,-6,854,2876
30771617573,30771617568,-5,569,1063
30771645293,30771645291,-2,700,1711
30771693842,30771693837,-5,1141,3705
30772410754,30772410750,-4,1141,3005
30772886410,30772886393,-17,1021,2655
30773777052,30773777047,-5,1133,3332
30776534036,30776534033,-3,1101,2617
30781963309,30781963307,-2,1453,1326
30782870337,30782870333,-4,820,2487
30793376106,30793376101,-5,846,3623
30799141648,30799141643,-5,1376,3695
30801344795,30801344790,-5,1014,2935
30802727409,30802727405,-4,285,1270
30803450524,30803450518,-6,1045,2812
30806689729,30806689723,-6,1235,3445
30807432143,30807432138,-5,822,2608
30810855606,30810855603,-3,701,1187
30814871802,30814871801,-1,1175,2100
30817921025,30817921019,-6,1141,3527
30824740579,30824740573,-6,1228,2477
30829446198,30829446191,-7,958,3897
30832004928,30832004922,-6,853,3283
30835989858,30835989853,-5,1281,3384
30839296144,30839296146,2,2000,1948
30843789849,30843789846,-3,1347,2677
30847037272,30847037264,-8,1098,3016
30847933819,30847933814,-5,842,2508
30849249434,30849249445,11,12671,40063
30854392698,30854392699,1,1409,1069
30861331730,30861331726,-4,771,3767
30863510794,30863510790,-4,594,2810
30867602921,30867602918,-3,834,1094
30870561646,30870561637,-9,41116,15576
30871129706,30871129702,-4,702,1971
30874560328,30874560324,-4,902,3082
30874736035,30874736034,-1,227,1476
30875661305,30875661305,0,445,1574
30876597118,30876597112,-6,1155,4107
30877871154,30877871149,-5,1400,5730
30878762987,30878762984,-3,1092,2840
30883567873,30883567869,-4,1511,1971
30884641800,30884641787,-13,963,1497
30894761129,30894761125,-4,917,2752
30895702512,30895702509,-3,912,2978
30897808794,30897808789,-5,928,2785
30898235771,30898235770,-1,1330,2022
30899829998,30899829994,-4,1131,2900
30904020130,30904020128,-2,503,1321
30906338084,30906338079,-5,1829,3388
30906811872,30906811868,-4,857,3637
30909979875,30909979870,-5,1037,3605
30910322714,30910322718,4,3,988
30915956126,30915956123,-3,788,2058
30927359588,30927359594,6,20806,27015
30927540193,30927540182,-11,687,1493
30927838344,30927838329,-15,227,942
30932661737,30932661733,-4,1520,3754
30932787956,30932787962,6,237,1042
30932892748,30932892742,-6,953,2432
30934048273,30934048265,-8,1085,2986
30934712522,30934712531,9,175,664
30935072416,30935072412,-4,1001,2503
30946013064,30946013060,-4,1316,2327
30946591297,30946591286,-11,181,2105
30956051458,30956051454,-4,893,2664
30956328922,30956328936,14,196,1136
30960568747,30960568742,-5,1075,2700
30967644975,30967644970,-5,1017,3502
30969967061,30969967057,-4,959,2766
30970546690,30970546695,5,2043,1129
30970856837,30970856833,-4,1274,2307
30971648661,30971648657,-4,1247,3131
30974289247,30974289242,-5,929,3589
30980549690,30980549687,-3,1422,4119
30982413779,30982413777,-2,830,1752
30990177488,30990177482,-6,1315,4881
30994939257,30994939253,-4,1036,2153
30995495456,30995495452,-4,1373,3194
30997165059,30997165053,-6,1202,3863
30998846539,30998846549,10,1374,801
30999138135,30999138130,-5,1092,2777
31002513393,31002513399,6,3348,2012
31006522814,31006522811,-3,677,1583
31017796790,31017796786,-4,1164,3197
31032274721,31032274723,2,1876,2633
31038220623,31038220618,-5,1340,2172
31042662746,31042662739,-7,839,2209
31045951529,31045951524,-5,763,2963
31051375975,31051375973,-2,1457,3385
31051637027,31051637027,0,836,1133
31058622194,31058622191,-3,1183,3566
31062010993,31062010994,1,1112,772
31063487165,31063487159,-6,945,2454
31067141259,31067141256,-3,805,2737
31069287031,31069287028,-3,1051,2492
31070251285,31070251281,-4,851,3124
31070675426,31070675420,-6,1057,4604
31074027702,31074027696,-6,1301,3973
31083912532,31083912533,1,1755,1549
31086110543,31086110539,-4,1318,2798
31086306740,31086306752,12,379,1522
31094722948,31094722942,-6,1491,6635
31095775311,31095775308,-3,1050,2846
31096075665,31096075656,-9,311,2133
31096607436,31096607443,7,275,1155
31097393555,31097393536,-19,1024,778
31097672505,31097672490,-15,1468,3999
31101552077,31101552072,-5,1148,2770
31104329409,31104329402,-7,780,4128
31112379987,31112379981,-6,1234,3348
31133896002,31133895997,-5,1226,2289
31136540640,31136540634,-6,1113,3059
31138541684,31138541681,-3,941,2625
31147254505,31147254500,-5,751,3797
31151898871,31151898868,-3,1014,3468
31154759888,31154759882,-6,1005,3050
31161404198,31161404192,-6,1113,3081
31166111654,31166111647,-7,991,2624
31168434343,31168434336,-7,1081,2926
31178065274,31178065268,-6,1161,3770
31179441378,31179441373,-5,591,1920
31190131887,31190131884,-3,1663,2048
31192565876,31192565874,-2,1259,2127
31199886142,31199886137,-5,944,3722
31207138543,31207138538,-5,871,2586
31207239275,31207239270,-5,1265,2769
31208212485,31208212481,-4,1411,3827
31209966827,31209966821,-6,821,2993
31212015666,31212015665,-1,814,1767
31214958274,31214958269,-5,1078,3100
31215214227,31215214221,-6,922,4166
31215748410,31215748405,-5,912,3887
31217111943,31217111942,-1,1153,1594
31220607271,31220607267,-4,2887,5416
31220835000,31220834997,-3,776,1741
31222623411,31222623409,-2,1191,2157
31223075217,31223075213,-4,1219,3675
31223612787,31223612782,-5,853,2160
31223734345,31223734358,13,767,3108
31224015147,31224015142,-5,1421,4117
31227851848,31227851843,-5,1432,3475
31228449163,31228449157,-6,1606,4475
31228644895,31228644901,6,2935,1045
31229215323,31229215318,-5,912,2540
31230428994,31230428989,-5,925,3042
31233873711,31233873728,17,762,2317
31239487494,31239487488,-6,1037,3925
31239919083,31239919101,18,556,3224
31242909275,31242909274,-1,1704,1070
31243654693,31243654686,-7,830,4833
31246867533,31246867528,-5,1597,3913
31248478521,31248478515,-6,881,2601
31249582707,31249582703,-4,1250,3796
31251337917,31251337913,-4,1226,2595
31255254253,31255254249,-4,757,3385
31255425296,31255425315,19,16,776
31256909983,31256909978,-5,1006,2393
31261642543,31261642538,-5,708,2257
31265101643,31265101639,-4,799,2279
31267482880,31267482887,7,59,924
31267999870,31267999865,-5,1151,3098
31271433302,31271433300,-2,979,3358
31275186037,31275186033,-4,997,3050
31276352353,31276352348,-5,815,2124
31276613305,31276613293,-12,731,2419
31276836626,31276836609,-17,1199,2228
31278090892,31278090907,15,279,1201
31283523065,31283523057,-8,321,2763
31295236949,31295236953,4,1629,1448
31295726498,31295726493,-5,1256,3334
31297568045,31297568040,-5,1109,3458
31299432381,31299432389,8,4572,1481
31300552642,31300552642,0,32781,34800
31300701683,31300701677,-6,721,2573
31310641640,31310641635,-5,728,2804
31310888912,31310888902,-10,985,2290
31317514470,31317514465,-5,1090,2656
31320411066,31320411062,-4,2375,4259
31321918277,31321918274,-3,1064,1579
31323887963,31323887957,-6,1121,2706
31325089426,31325089442,16,257,1094
31328471315,31328471310,-5,856,2775
31330804242,31330804238,-4,890,2510
31332876844,31332876841,-3,1451,2472
31333661966,31333661963,-3,1061,2104
31333723617,31333723632,15,114,965
31336763137,31336763132,-5,860,3286
31338831398,31338831393,-5,1380,4204
31340247987,31340247984,-3,1422,3349
31341183867,31341183861,-6,1767,5239
31341354287,31341354286,-1,1590,10195
31347234928,31347234925,-3,1231,2536
31349082442,31349082437,-5,857,1904
31361509850,31361509844,-6,1140,3385
31362531979,31362531973,-6,1115,4452
31363968226,31363968228,2,1682,2026
31367104890,31367104886,-4,979,2210
31368785465,31368785462,-3,1009,3186
31371178316,31371178319,3,1414,2247
31375886755,31375886753,-2,1313,2395
31378404720,31378404714,-6,776,3346
31378995675,31378995689,14,730,2762
31381474418,31381474411,-7,872,3334
31381687858,31381687857,-1,1610,2058
31382602298,31382602294,-4,1177,2301
31383208898,31383208897,-1,1047,2215
31385226099,31385226095,-4,1060,3440
31387222910,31387222905,-5,1452,2702
31389058212,31389058221,9,292,1170
31396226111,31396226106,-5,1483,3593
31396402459,31396402452,-7,1192,3003
31397416310,31397416303,-7,1252,3140
31400138757,31400138758,1,1353,1415
31406378173,31406378166,-7,1483,3932
31408868109,31408868104,-5,1286,3838
31410189566,31410189561,-5,1139,2410
31413339082,31413339077,-5,885,3580
31415658149,31415658143,-6,1385,3348
31420961257,31420961255,-2,999,2183
31421898819,31421898838,19,966,2630
31428036060,31428036065,5,1220,949
31429151237,31429151231,-6,1176,3353
31430864001,31430863998,-3,973,2914
31432599662,31432599657,-5,1217,3649
31434289446,31434289439,-7,1059,3483
31434440137,31434440146,9,143,950
31437809035,31437809031,-4,1122,2933
31437952971,31437952964,-7,1137,5099
31441407915,31441407916,1,1644,2188
31445000757,31445000752,-5,910,4089
31446617083,31446617080,-3,714,2297
31447283009,31447283019,10,246,937
31448000547,31448000541,-6,585,2286
31449988603,31449988606,3,2301,1827
31452442456,31452442470,14,333,1521
31455341631,31455341625,-6,1349,3203
31474275918,31474275910,-8,717,3361
31474636592,31474636586,-6,1024,3346
31476829186,31476829179,-7,1152,3549
31476938797,31476938792,-5,1153,3734
31478399239,31478399233,-6,1072,3431
31481177609,31481177604,-5,1014,2000
31483893802,31483893797,-5,685,1876
31493769137,31493769129,-8,1232,3678
31503516549,31503516546,-3,780,1817
31504661551,31504661546,-5,1140,3035
31506922492,31506922496,4,1507,1101
31512904835,31512904831,-4,1467,2581
31517724650,31517724646,-4,1104,2368
31519251470,31519251466,-4,1082,3008
31520548562,31520548569,7,3627,880
31524509494,31524509489,-5,484,1883
31527350833,31527350829,-4,802,2507
31530613662,31530613682,20,453,1105
31534188901,31534188894,-7,1379,4576
31537702341,31537702337,-4,1207,2566
31541151459,31541151457,-2,1165,2679
31544018067,31544018063,-4,619,2486
31544891694,31544891688,-6,877,2214
31551022602,31551022598,-4,923,2357
31560776623,31560776629,6,2557,1569
31572503643,31572503640,-3,854,2866
31575425494,31575425490,-4,1074,3263
31576326856,31576326873,17,524,1975
31579643910,31579643905,-5,789,3094
31583267409,31583267409,0,1003,781
31583456842,31583456843,1,614,1160
31585575029,31585575050,21,239,701
31588016814,31588016809,-5,1097,3534
31593880043,31593880042,-1,3050,5639
31595262039,31595262038,-1,1486,2172
31600653482,31600653477,-5,1273,3709
31600864798,31600864805,7,5466,2400
31602748874,31602748870,-4,1621,3584
31603737923,31603737917,-6,1010,3046
31607649893,31607649888,-5,1269,3004
31607982859,31607982855,-4,958,2684
31609348432,31609348451,19,181,1135
31610149235,31610149231,-4,583,919
31611189430,31611189426,-4,1049,2271
31618961606,31618961606,0,1643,2155
31621324811,31621324811,0,1009,1769
31622060155,31622060149,-6,1125,3051
31630373099,31630373094,-5,782,3135
31632696605,31632696602,-3,2550,4348
31636448797,31636448790,-7,1213,3287
31639819411,31639819406,-5,786,2983
31641319002,31641318996,-6,1026,4007
31643505934,31643505932,-2,808,1939
31643839002,31643838998,-4,659,2123
31644371283,31644371279,-4,856,2480
31649729915,31649729911,-4,702,2606
31651651658,31651651654,-4,323,2426
31654975809,31654975807,-2,1038,2005
31663649615,31663649610,-5,1442,3478
31664645304,31664645301,-3,1126,2267
31667741718,31667741712,-6,981,3067
31668347977,31668347968,-9,1048,3125
31669565526,31669565522,-4,995,2783
31670337672,31670337685,13,141,772
31674414939,31674414936,-3,775,2902
31674759659,31674759653,-6,830,2529
31675149603,31675149599,-4,1106,3204
31675934789,31675934772,-17,179,947
31679362690,31679362686,-4,715,2768
31683561837,31683561832,-5,1340,3047
31692519294,31692519300,6,2892,1186
31703649220,31703649213,-7,924,3077
31704906874,31704906868,-6,793,2887
31709289525,31709289518,-7,707,3744
31712765994,31712765988,-6,1110,3499
31729857503,31729857498,-5,1429,3253
31732988311,31732988307,-4,996,1989
31733330342,31733330339,-3,1601,2914
31735445318,31735445313,-5,849,2814
31743408559,31743408553,-6,770,2684
31748601383,31748601378,-5,655,3133
31755108696,31755108691,-5,1230,4098
31756693985,31756693980,-5,975,3899
31756795866,31756795886,20,1259,3299
31761390158,31761390139,-19,4711,1148
31761530875,31761530870,-5,1108,2999
31764009286,31764009289,3,3674,3306
31764581053,31764581049,-4,900,1862
31766265806,31766265813,7,2740,1364
31767333043,31767333038,-5,939,3229
31769117196,31769117190,-6,1391,3767
31779180842,31779180835,-7,823,3538
31780914663,31780914657,-6,795,3041
31784478005,31784478000,-5,1234,2399
31788743193,31788743190,-3,980,1967
31790681998,31790681993,-5,871,3578
31792956795,31792956789,-6,914,2520
31795646549,31795646549,0,1764,2690
31796342962,31796342966,4,1928,1966
31797200658,31797200653,-5,742,2792
31802015642,31802015637,-5,1184,2909
31804308645,31804308639,-6,1169,3230
31809828722,31809828720,-2,981,2429
31810384165,31810384161,-4,1145,4246
31811204972,31811204968,-4,901,3058
31815539135,31815539131,-4,931,2613
31818682549,31818682542,-7,1122,4183
31819213222,31819213220,-2,1067,3291
31828634844,31828634840,-4,1508,3297
31836480862,31836480879,17,3937,1285
31838748206,31838748198,-8,1209,4468
31839545892,31839545904,12,974,2839
31840284054,31840284047,-7,945,2145
31843507619,31843507614,-5,963,3417
31844727225,31844727209,-16,480,1400
31847127502,31847127501,-1,1403,2045
31847304926,31847304931,5,3639,1836
31849946899,31849946895,-4,1188,4151
31851741942,31851741937,-5,1275,3705
31856815707,31856815701,-6,539,1793
31865238899,31865238895,-4,1065,2753
31866931630,31866931625,-5,1128,3265
31867059631,31867059625,-6,587,3667
31869562608,31869562595,-13,286,984
31869970634,31869970646,12,28,1095
31872757040,31872757036,-4,734,2995
31872932821,31872932818,-3,1304,2954
31890021803,31890021798,-5,833,3737
31893109719,31893109716,-3,689,2660
31894279748,31894279742,-6,963,2739
31897538738,31897538734,-4,956,2343
31899061367,31899061361,-6,1295,5205
31900388074,31900388069,-5,502,2548
31901397797,31901397789,-8,1200,3663
31901760907,31901760902,-5,770,2776
31902565552,31902565566,14,221,963
31902722500,31902722519,19,552,2072
31903078286,31903078281,-5,938,2172
31907760770,31907760763,-7,1265,4300
31908782044,31908782060,16,1164,2916
31917138241,31917138247,6,5338,2747
31917626438,31917626433,-5,921,3231
31920162937,31920162933,-4,896,2983
31920452065,31920452065,0,72,875
31921291249,31921291266,17,56,803
31924641065,31924641063,-2,3357,4324
31929564473,31929564470,-3,953,3810
31930999666,31930999669,3,1648,1599
31936000409,31936000407,-2,898,3121
31936240098,31936240095,-3,974,2334
31937341291,31937341282,-9,77,885
31943941878,31943941873,-5,776,2607
31946402330,31946402325,-5,719,3876
31947626879,31947626873,-6,1048,2807
31947701440,31947701453,13,244,886
31957476790,31957476784,-6,1106,5243
31970828671,31970828666,-5,1097,2586
31973754756,31973754750,-6,1386,3031
31974685498,31974685494,-4,218,710
31977529158,31977529154,-4,687,3056
31978319747,31978319742,-5,1163,2345
31980607059,31980607055,-4,1182,3263
31981968738,31981968736,-2,979,2184
31984916239,31984916234,-5,1174,3071
31985047549,31985047542,-7,1065,3334
31985852462,31985852457,-5,875,1960
31985890362,31985890357,-5,881,3140
31987996189,31987996183,-6,1405,2407
31991889662,31991889658,-4,1017,2112
31996174177,31996174174,-3,1616,2272
31999901950,31999901942,-8,813,2962
31999981805,31999981801,-4,1504,3417
32004223051,32004223046,-5,971,2879
32008012077,32008012071,-6,703,2465
32020252949,32020252942,-7,817,3844
32023769390,32023769390,0,11873,14057
32024659527,32024659529,2,1816,2054
32026307187,32026307182,-5,1058,3755
32027839435,32027839430,-5,1128,2933
32030621023,32030621018,-5,1022,4073
32032825378,32032825375,-3,1539,2778
32034312773,32034312766,-7,1065,3240
32034352728,32034352743,15,312,1335
32044587467,32044587463,-4,784,3500
32045320411,32045320407,-4,1321,3957
32047846194,32047846189,-5,1231,9077
32050828006,32050828004,-2,773,2316
32051367202,32051367198,-4,972,3418
32052336623,32052336617,-6,859,2388
32053473859,32053473879,20,643,1518
32059897887,32059897883,-4,972,3027
32060879840,32060879835,-5,1040,2954
32062933518,32062933511,-7,1233,3114
32076709130,32076709125,-5,802,2741
32077361619,32077361633,14,716,2175
32079863641,32079863642,1,827,1956
32089538499,32089538494,-5,866,2803
32099477235,32099477234,-1,1260,1625
32105924511,32105924505,-6,839,1455
32106074249,32106074244,-5,1226,3400
32109386289,32109386290,1,9714,8666
32111777772,32111777758,-14,111,868
32112233735,32112233729,-6,1143,2032
32112689179,32112689196,17,517,2226
32123170430,32123170427,-3,1529,2448
32123699580,32123699586,6,35974,42822
32127566066,32127566063,-3,1511,2463
32129372237,32129372231,-6,739,1690
32130586993,32130587013,20,467,1180
32132008077,32132008070,-7,729,1699
32141633032,32141633029,-3,897,1582
32141857675,32141857656,-19,636,1658
32145445239,32145445241,2,2648,2535
32145750177,32145750173,-4,1514,2311
32156310911,32156310907,-4,1155,2288
32161589694,32161589693,-1,2859,3710
32162234978,32162234982,4,4161,2855
32163430999,32163430998,-1,2198,3785
32171131226,32171131218,-8,1029,2093
32176699632,32176699630,-2,1667,4175
32178599274,32178599269,-5,970,3335
32179496369,32179496366,-3,885,2643
32179968629,32179968623,-6,1553,3591
32183534126,32183534121,-5,796,3399
32187687742,32187687737,-5,1027,1913
32190098199,32190098193,-6,1181,2412
32193880217,32193880214,-3,773,1622
32197258374,32197258369,-5,869,2505
32203778361,32203778355,-6,1186,3213
32210186882,32210186874,-8,2085,8912
32220023098,32220023093,-5,2005,5375
32228699191,32228699197,6,5852,2061
32231684125,32231684121,-4,1084,2939
32232782513,32232782510,-3,964,2249
32254538808,32254538803,-5,1257,3801
32254870321,32254870318,-3,148,1392
32262825321,32262825322,1,1001,1258
32263325687,32263325682,-5,1180,3015
32263426842,32263426827,-15,1169,2712
32271115306,32271115304,-2,26373,64010
32272590555,32272590550,-5,840,3767
32274340586,32274340581,-5,947,2128
32277475038,32277475034,-4,1255,3195
32282224784,32282224781,-3,1125,2739
32282488617,32282488605,-12,818,2971
32283237732,32283237749,17,454,1993
32284177197,32284177190,-7,1795,10702
32285853231,32285853225,-6,957,2801
32291337928,32291337922,-6,1029,2761
32296518640,32296518634,-6,944,2591
32302960131,32302960126,-5,769,2908
32311867187,32311867181,-6,1112,3118
32313260949,32313260945,-4,1329,3501
32314727762,32314727754,-8,780,1828
32315708287,32315708283,-4,957,2115
32317957771,32317957765,-6,1135,2858
32322689023,32322689025,2,3049,4439
32324698066,32324698061,-5,1282,3590
32328500191,32328500189,-2,5201,9567
32329245127,32329245124,-3,1014,1462
32329576066,32329576062,-4,715,2954
32329756490,32329756485,-5,754,3293
32330188014,32330188009,-5,1150,2396
32335318014,32335318009,-5,881,4174
32336401352,32336401346,-6,1122,2685
32342098524,32342098518,-6,927,2558
32349664904,32349664902,-2,1659,3236
32349709194,32349709179,-15,1707,11495
32351587499,32351587493,-6,938,3673
32351678739,32351678733,-6,782,2295
32358165694,32358165689,-5,1089,3935
32358463987,32358463990,3,35,939
32361804145,32361804142,-3,1147,1909
32369886401,32369886397,-4,869,3449
32374952766,32374952761,-5,1256,3946
32380231434,32380231429,-5,1029,2310
32380824475,32380824475,0,626,794
32382133984,32382133967,-17,1316,4496
32395669041,32395669033,-8,1123,3406
32396518497,32396518492,-5,1121,2572
32396580347,32396580366,19,443,1146
32401029867,32401029871,4,3067,1620
32401967690,32401967685,-5,1208,2500
32405161438,32405161431,-7,1362,3613
32406601398,32406601392,-6,1077,3263
32411669987,32411669982,-5,1230,3204
32415821579,32415821575,-4,935,3428
32418603926,32418603921,-5,1065,3347
32420329600,32420329596,-4,1987,4882
32421111391,32421111388,-3,920,2027
32421157634,32421157651,17,740,1911
32425844271,32425844266,-5,1160,2552
32428217054,32428217048,-6,1029,3926
32436229673,32436229669,-4,1398,2829
32444624851,32444624845,-6,930,2306
32445203107,32445203101,-6,1131,3783
32445235290,32445235305,15,188,902
32449524639,32449524634,-5,1112,2066
32449593060,32449593077,17,429,1100
32452422729,32452422732,3,4707,2499
32454603733,32454603729,-4,1037,2598
32457839311,32457839307,-4,781,2937
32458206762,32458206757,-5,1560,4325
32460478659,32460478654,-5,935,2862
32461938208,32461938203,-5,842,2684
32466003993,32466003988,-5,1735,5058
32468670986,32468670982,-4,809,2202
32476287823,32476287819,-4,1084,3897
32479478800,32479478805,5,2235,1579
32482338737,32482338742,5,9032,22753
32484377153,32484377147,-6,1338,3879
32484406364,32484406375,11,1013,4424
32485452510,32485452506,-4,1246,2495
32496488722,32496488717,-5,930,2893
32498918714,32498918710,-4,2276,5510
32499852738,32499852731,-7,1138,3314
32504001983,32504001978,-5,1059,4239
32505866771,32505866770,-1,1408,1953
32506375271,32506375267,-4,1102,2993
32508529614,32508529609,-5,988,3026
32512424943,32512424938,-5,1186,3107
32512552786,32512552779,-7,130,798
32517223423,32517223419,-4,1063,2401
32518489438,32518489431,-7,966,3349
32520352690,32520352686,-4,1053,2921
32521447049,32521447042,-7,1259,3374
32524495902,32524495896,-6,1295,2611
32533160336,32533160334,-2,1019,2631
32533235242,32533235220,-22,298,1204
32540035205,32540035201,-4,1103,1940
32540840425,32540840410,-15,909,2663
32545779747,32545779742,-5,799,2751
32546120332,32546120345,13,489,5444
32549947243,32549947238,-5,1007,2793
32562140027,32562140021,-6,1092,3413
32563393767,32563393765,-2,971,2453
32563566206,32563566211,5,2453,1215
32566844170,32566844166,-4,940,3198
32567022662,32567022655,-7,1338,3151
32573658433,32573658428,-5,1015,3661
32574198505,32574198485,-20,257,1596
32578977937,32578977933,-4,1154,1798
32579189499,32579189519,20,378,1321
32581625328,32581625322,-6,833,2433
32582400554,32582400548,-6,769,1894
32585985381,32585985379,-2,2152,2931
32590925961,32590925956,-5,1165,2432
32592791020,32592791016,-4,810,2461
32597696251,32597696244,-7,1333,3605
32598837860,32598837866,6,354,1607
32601893070,32601893065,-5,1313,3320
32604626070,32604626064,-6,950,2614
32608643681,32608643677,-4,895,2842
32611978134,32611978142,8,6445,2432
32613363599,32613363594,-5,1071,2182
32615392334,32615392330,-4,1094,4019
32616266899,32616266896,-3,1145,2191
32617334042,32617334038,-4,888,3743
32619942727,32619942720,-7,887,4063
32621056383,32621056378,-5,1288,2980
32631253070,32631253071,1,22672,21823
32634654835,32634654830,-5,903,2387
32637327418,32637327413,-5,1157,2804
32637700827,32637700826,-1,1621,3134
32642204649,32642204643,-6,1152,2596
32644542354,32644542355,1,37024,16045
32649372541,32649372537,-4,880,1952
32654602861,32654602846,-15,33600,15370
32655768330,32655768343,13,15749,35491
32657041891,32657041886,-5,741,2542
32662866886,32662866881,-5,953,2733
32664259866,32664259861,-5,899,2395
32666969124,32666969118,-6,1313,5223
32669493242,32669493237,-5,885,2987
32671112352,32671112346,-6,1046,2002
32673733222,32673733218,-4,843,3215
32677387339,32677387334,-5,1116,2668
32680979407,32680979402,-5,1065,2534
32682667128,32682667121,-7,674,2545
32686360701,32686360696,-5,960,2290
32686591220,32686591235,15,601,2175
32688427849,32688427845,-4,1370,3259
32688958069,32688958062,-7,1127,4083
32692058822,32692058816,-6,1018,3185
32692272219,32692272216,-3,963,2523
32696682244,32696682239,-5,994,2926
32704489686,32704489682,-4,884,2734
32705937897,32705937891,-6,946,3196
32706128242,32706128258,16,376,1524
32707058518,32707058513,-5,1391,3498
32709197654,32709197653,-1,1824,3275
32719295733,32719295729,-4,636,984
32721808362,32721808358,-4,1039,3308
32722372098,32722372116,18,433,1679
32730471029,32730471025,-4,915,3662
32731641686,32731641682,-4,1129,2742
32733747486,32733747479,-7,987,1834
32734516491,32734516486,-5,944,2653
32738738536,32738738530,-6,1377,4449
32742783933,32742783934,1,3470,2179
32743908546,32743908549,3,2501,1848
32748508854,32748508849,-5,1010,2863
32750117478,32750117474,-4,712,1909
32751708965,32751708961,-4,1032,3486
32753452042,32753452037,-5,1240,3117
32754032822,32754032817,-5,1067,3506
32755294594,32755294587,-7,765,2360
32763835666,32763835662,-4,964,3662
32765901353,32765901347,-6,1197,5357
32778665243,32778665238,-5,541,1076
32782776871,32782776873,2,1630,2137
32784092895,32784092889,-6,757,2586
32784841745,32784841741,-4,816,2639
32792721742,32792721736,-6,1112,5390
32795165031,32795165025,-6,910,3402
32801235995,32801235987,-8,1068,4394
32808165117,32808165112,-5,1254,3943
32815301150,32815301146,-4,808,2976
32816991264,32816991261,-3,1232,3812
32821187510,32821187506,-4,1195,2725
32821367316,32821367311,-5,1104,2910
32827296779,32827296774,-5,1091,2905
32827497008,32827497010,2,181,1196
32833355582,32833355578,-4,956,1950
32844491890,32844491884,-6,1438,3335
32849158490,32849158485,-5,919,3136
32852083227,32852083223,-4,664,1705
32861940096,32861940089,-7,1013,5054
32867164312,32867164309,-3,618,1564
32875185651,32875185647,-4,1224,2005
32876155262,32876155257,-5,819,3450
32879686160,32879686153,-7,1068,3870
32879958200,32879958221,21,966,2294
32880910339,32880910338,-1,1311,2180
32883262913,32883262907,-6,1138,3632
32887478183,32887478177,-6,987,2519
32900301887,32900301883,-4,768,2151
32901993926,32901993924,-2,1154,2894
32902586650,32902586653,3,4011,3220
32907911666,32907911662,-4,1414,4020
32908094082,32908094078,-4,772,3010
32912155297,32912155291,-6,1241,3008
32914757145,32914757149,4,787,102
32915887309,32915887307,-2,951,2571
32916801251,32916801257,6,238,1057
32919308627,32919308622,-5,1305,4151
32919464267,32919464286,19,1520,2908
32920777295,32920777289,-6,829,2266
32920808321,32920808311,-10,165,1193
32926132379,32926132382,3,20769,29291
32926667475,32926667475,0,928,1722
32926967510,32926967505,-5,1146,3398
32934337186,32934337190,4,2126,1537
32935023137,32935023134,-3,930,2514
32936716323,32936716319,-4,1071,3223
32937526873,32937526868,-5,944,2494
32943341591,32943341585,-6,985,3347
32946016199,32946016193,-6,1154,4544
32946411166,32946411161,-5,775,2682
32947833019,32947833013,-6,1022,3089
32948268160,32948268159,-1,336,1177
32952569670,32952569678,8,3856,1418
32954505027,32954505022,-5,912,2812
32959908831,32959908827,-4,1158,2776
32960316526,32960316521,-5,571,1321
32961724466,32961724463,-3,974,2180
32962703378,32962703372,-6,861,3464
32970855305,32970855298,-7,665,1975
32971045987,32971045995,8,154,692
32976620483,32976620478,-5,1481,3197
32977811780,32977811782,2,1210,1839
32982055322,32982055318,-4,1138,3254
32982439058,32982439037,-21,392,1221
32990722699,32990722693,-6,557,2862
33003619946,33003619938,-8,820,3583
33007022767,33007022762,-5,2152,5539
33007810618,33007810621,3,1037,725
33010525249,33010525244,-5,917,3373
33029579362,33029579358,-4,927,3691
33029669831,33029669827,-4,644,1986
33030219121,33030219114,-7,1052,3006
33031914246,33031914243,-3,2400,4591
33036407443,33036407438,-5,1153,3783
33037731133,33037731142,9,1445,988
33041296683,33041296679,-4,973,3257
33041917078,33041917075,-3,1484,1931
33047637594,33047637589,-5,1184,2657
33050036450,33050036449,-1,810,1262
33057159790,33057159801,11,498,1808
33057798259,33057798255,-4,832,2687
33059316807,33059316801,-6,1109,3183
33063607038,33063607034,-4,1465,3861
33065277000,33065277022,22,723,2679
33073240310,33073240306,-4,821,2248
33073884085,33073884081,-4,986,2090
33079560103,33079560099,-4,1138,2724
33083129658,33083129673,15,617,1465
33091602837,33091602832,-5,1402,4155
33098937991,33098937986,-5,657,2547
33100154749,33100154743,-6,810,3762
33101075823,33101075817,-6,1042,3005
33111433736,33111433731,-5,1118,2788
33112106882,33112106877,-5,777,2689
33114182573,33114182566,-7,1173,3825
33116759505,33116759501,-4,1068,2244
33117104748,33117104760,12,311,1550
33117189034,33117189029,-5,1023,2629
33124613837,33124613833,-4,943,2491
33124836954,33124836960,6,7157,2783
33126829022,33126829018,-4,1048,1666
33128226854,33128226849,-5,895,3032
33133631162,33133631158,-4,468,1258
33142468457,33142468451,-6,1176,2913
33143129248,33143129242,-6,1018,2520
33146628343,33146628338,-5,1343,3378
33149198914,33149198910,-4,1083,2251
33151862586,33151862583,-3,1206,2363
33155599031,33155599026,-5,1051,2136
33157377259,33157377254,-5,1029,2689
33158386890,33158386889,-1,877,2007
33159035543,33159035538,-5,1945,3788
33160252139,33160252135,-4,859,3038
33160321569,33160321559,-10,1039,3319
33161048459,33161048475,16,2415,5948
33162113723,33162113717,-6,899,3164
33162191745,33162191737,-8,1138,2872
33171253381,33171253377,-4,3110,11831
33173184125,33173184121,-4,1439,3578
33183964523,33183964522,-1,952,835
33186422991,33186422978,-13,1042,2989
33191224210,33191224205,-5,1084,1869
33191819031,33191819027,-4,900,2618
33193891017,33193891012,-5,289,1021
33194663953,33194663956,3,4246,3965
33194846122,33194846118,-4,1305,4144
33197453222,33197453218,-4,1371,4280
33201630246,33201630242,-4,959,3275
33203315241,33203315242,1,1775,2293
33203983203,33203983197,-6,1367,3246
33207308455,33207308451,-4,1019,3258
33209342005,33209341999,-6,1086,2899
33229498027,33229498030,3,1034,880
33236527593,33236527602,9,13504,28216
33239058510,33239058509,-1,2953,5880
33247541882,33247541877,-5,1374,3497
33247821630,33247821623,-7,922,2340
33249452374,33249452370,-4,866,2399
33249793483,33249793478,-5,1040,3019
33250273642,33250273638,-4,1309,3866
33256072998,33256072993,-5,443,1287
33267550369,33267550372,3,3118,3571
33268752210,33268752205,-5,1292,3057
33274898422,33274898418,-4,1190,2973
33275130015,33275130009,-6,908,3101
33275702338,33275702335,-3,1039,3383
33279494343,33279494339,-4,327,1788
33284814955,33284814970,15,16853,26799
33285214737,33285214734,-3,1184,3189
33288395902,33288395897,-5,1215,3105
33288662733,33288662737,4,3452,1974
33292872456,33292872461,5,1584,916
33299338521,33299338517,-4,958,3854
33300250219,33300250212,-7,866,4034
33300370770,33300370762,-8,233,838
33300978095,33300978091,-4,906,2262
33308157564,33308157560,-4,1080,2444
33313220586,33313220582,-4,1248,2810
33320251866,33320251862,-4,889,2947
33320340755,33320340750,-5,1344,2537
33321945195,33321945188,-7,1656,5965
33328497710,33328497705,-5,874,2237
33336930613,33336930609,-4,974,3240
33336970955,33336970938,-17,271,1207
33342235584,33342235569,-15,866,3035
33344001567,33344001562,-5,1261,3989
33346102494,33346102491,-3,998,2746
33346844582,33346844582,0,896,1606
33354969415,33354969410,-5,1098,3359
33356080660,33356080654,-6,1291,3817
33356477043,33356477038,-5,1043,2636
33357824781,33357824775,-6,907,2586
33357924163,33357924181,18,762,1925
33358892059,33358892062,3,767,786
33359042654,33359042650,-4,946,2800
33359789374,33359789373,-1,1237,2090
33360903894,33360903897,3,613,1578
33366627739,33366627735,-4,330,1240
33371731050,33371731044,-6,1007,3755
33372011006,33372010999,-7,1395,4290
33374298013,33374298015,2,4237,2548
33377254829,33377254824,-5,1188,2898
33377427697,33377427676,-21,261,1037
33379173870,33379173866,-4,1029,3007
33385792564,33385792558,-6,1235,2479
33386544961,33386544963,2,1868,1169
33390108183,33390108181,-2,1385,2298
33390168249,33390168237,-12,1019,3192
33392675451,33392675447,-4,981,2275
33394961403,33394961407,4,1703,864
33399998679,33399998674,-5,1240,3575
33401102423,33401102422,-1,1330,2396
33411934339,33411934334,-5,714,1448
33417460570,33417460567,-3,911,3192
33427841386,33427841382,-4,971,2720
33432861677,33432861670,-7,636,2789
33433627714,33433627706,-8,781,3982
33435777630,33435777626,-4,1004,3289
33442714955,33442714955,0,883,1400
33445579701,33445579697,-4,1323,3845
33446580342,33446580347,5,4018,2272
33450500126,33450500122,-4,1044,2480
33455778082,33455778077,-5,1407,3637
33457237647,33457237643,-4,1049,2633
33458300155,33458300155,0,1635,1530
33460242566,33460242572,6,13047,34501
33461842554,33461842549,-5,984,3383
33463577302,33463577297,-5,1315,3283
33466947826,33466947822,-4,1362,3335
33468077332,33468077355,23,858,1945
33469028183,33469028178,-5,1574,3520
33473912463,33473912463,0,1342,1833
33477078069,33477078071,2,1415,1161
33484291362,33484291359,-3,1188,2845
33485144694,33485144693,-1,1051,2974
33485755882,33485755877,-5,1117,2900
33486347172,33486347158,-14,390,2557
33492221962,33492221959,-3,864,1984
33492505235,33492505243,8,23,816
33498093064,33498093057,-7,1068,3716
33508453407,33508453402,-5,1342,2714
33510372415,33510372411,-4,1241,3250
33513055322,33513055317,-5,999,3345
33516982198,33516982195,-3,1095,2702
33524548943,33524548938,-5,549,1834
33528075180,33528075190,10,15573,29516
33529440271,33529440265,-6,1020,2980
33530187711,33530187706,-5,829,3328
33531003659,33531003654,-5,981,3291
33532876326,33532876322,-4,1122,3251
33539687959,33539687957,-2,1375,3005
33559417726,33559417720,-6,1185,3064
33566237790,33566237786,-4,1423,3185
33575399402,33575399400,-2,963,1946
33575841374,33575841371,-3,900,2544
33579590095,33579590090,-5,707,2521
33587472698,33587472694,-4,649,3155
33592676835,33592676832,-3,925,2149
33593596468,33593596474,6,4793,1962
33597815171,33597815164,-7,1013,2981
33598241769,33598241789,20,506,1207
33598519138,33598519133,-5,1205,2712
33599475575,33599475570,-5,878,4085
33601560170,33601560166,-4,1147,2267
33603824753,33603824749,-4,1427,3824
33604114198,33604114192,-6,812,2829
33605078686,33605078681,-5,1445,6919
33611980182,33611980181,-1,9897,15631
33620880852,33620880847,-5,1173,2444
33624151010,33624151007,-3,902,1776
33626569400,33626569390,-10,848,1426
33630008437,33630008430,-7,1253,2614
33632333741,33632333737,-4,1218,2627
33634354141,33634354134,-7,1284,2842
33634813907,33634813926,19,420,1000
33636608905,33636608899,-6,833,3066
33648974262,33648974255,-7,1029,3667
33649463311,33649463306,-5,1255,2955
33649903536,33649903527,-9,1295,3326
33650148230,33650148226,-4,1311,3060
33652874105,33652874104,-1,1135,1350
33656022937,33656022932,-5,838,2902
33660642595,33660642590,-5,1139,2683
33668079172,33668079165,-7,1354,3753
33672047561,33672047557,-4,932,2311
33680131420,33680131414,-6,1052,3952
33685562981,33685562976,-5,1322,2811
33687968752,33687968746,-6,1008,3071
33693484516,33693484510,-6,993,3529
33694314919,33694314912,-7,1126,3092
33695613170,33695613170,0,2845,3965
33703995903,33703995913,10,15820,25288
33708901158,33708901153,-5,787,2079
33714437523,33714437519,-4,1382,4256
33720813448,33720813444,-4,1387,2685
33722402796,33722402793,-3,1058,2861
33725427158,33725427137,-21,4470,1412
33726793317,33726793321,4,2796,1834
33729018149,33729018143,-6,1629,4212
33731876050,33731876063,13,9133,40142
33732782322,33732782318,-4,1091,2377
33735444990,33735444985,-5,852,2950
33736558852,33736558854,2,1709,1764
33738070552,33738070545,-7,915,4189
33738373794,33738373814,20,969,3117
33739188318,33739188313,-5,1497,2307
33739755900,33739755894,-6,2391,7323
33741003178,33741003173,-5,1069,2505
33741272196,33741272214,18,756,2289
33742375668,33742375663,-5,879,2913
33742978602,33742978598,-4,907,3218
33743145185,33743145204,19,639,2029
33744014882,33744014876,-6,1350,3791
33745500577,33745500573,-4,744,3044
33745530268,33745530284,16,1247,4965
33753108838,33753108833,-5,531,2576
33753546330,33753546351,21,725,3325
33755149711,33755149714,3,1906,944
33757925686,33757925682,-4,1109,3432
33758324097,33758324093,-4,874,2346
33761255781,33761255778,-3,825,3252
33763656076,33763656082,6,2548,1350
33764951189,33764951187,-2,15416,17367
33775379428,33775379436,8,10545,45697
33777636095,33777636093,-2,1866,23
33781675170,33781675165,-5,802,2007
33785486470,33785486467,-3,747,3075
33792356822,33792356825,3,1530,1161
33792589362,33792589382,20,533,1378
33792693234,33792693230,-4,987,3340
33792781056,33792781050,-6,1300,3146
33810646985,33810646980,-5,949,2784
33810693984,33810693983,-1,836,1024
33814436894,33814436889,-5,1113,3586
33817828559,33817828553,-6,985,2888
33822470196,33822470190,-6,808,1841
33826250370,33826250365,-5,1156,3461
33832673486,33832673481,-5,1269,3291
33833226703,33833226705,2,1542,1599
33835841373,33835841370,-3,1011,2430
33837357221,33837357218,-3,1391,2683
33837872809,33837872794,-15,242,1052
33846627611,33846627606,-5,1781,2837
33847104642,33847104638,-4,971,1997
33847460223,33847460221,-2,873,2981
33848847746,33848847750,4,3213,1766
33850610702,33850610699,-3,649,2666
33851706562,33851706583,21,1142,3116
33858242175,33858242170,-5,992,2204
33860866477,33860866473,-4,2136,5260
33861393862,33861393858,-4,712,3090
33862201484,33862201499,15,264,932
33873203763,33873203759,-4,661,1659
33877648149,33877648153,4,2804,1375
33879230571,33879230570,-1,776,1672
33879513812,33879513807,-5,1022,3308
33879807304,33879807326,22,1010,3140
33888723197,33888723203,6,2909,745
33898243366,33898243361,-5,1111,2557
33900078123,33900078119,-4,1350,2871
33903480541,33903480536,-5,1223,3251
33906083593,33906083587,-6,1357,3057
33907857851,33907857847,-4,1015,2343
33908534389,33908534385,-4,4783,11012
33908891852,33908891850,-2,529,1421
33911340234,33911340237,3,1632,1488
33911489034,33911489028,-6,942,2338
33915370923,33915370918,-5,1255,3400
33918603037,33918603031,-6,1578,4267
33919446878,33919446872,-6,921,2778
33919636401,33919636413,12,194,1607
33926129293,33926129287,-6,882,2904
33927209706,33927209702,-4,1159,4303
33929184002,33929183997,-5,1641,3606
33933116370,33933116365,-5,1290,3356
33940497941,33940497937,-4,1062,3410
33945830883,33945830877,-6,930,2251
33946571260,33946571254,-6,1094,3447
33948087982,33948087978,-4,907,2405
33951115934,33951115932,-2,1184,3721
33951783902,33951783906,4,2183,2081
33953354875,33953354873,-2,1529,2288
33955895583,33955895579,-4,877,3110
33960565462,33960565457,-5,624,1689
33964669646,33964669642,-4,920,3841
33964753472,33964753490,18,245,923
33972001411,33972001407,-4,786,1838
33975683584,33975683579,-5,1145,2623
33978792362,33978792357,-5,1315,2656
33981165805,33981165800,-5,1137,2482
33982294899,33982294892,-7,878,2785
33982915629,33982915634,5,3149,3358
33984116066,33984116063,-3,969,2040
33985504034,33985504029,-5,960,3170
33987805221,33987805225,4,1719,2297
33989367654,33989367648,-6,1346,4188
33994503545,33994503543,-2,1745,1867
33999397065,33999397060,-5,1381,2969
33999592689,33999592689,0,295,886
33999926865,33999926859,-6,1072,2887
34004107194,34004107189,-5,1326,3496
34004529526,34004529522,-4,857,2561
34005451157,34005451151,-6,1519,3819
34010286863,34010286859,-4,1122,2611
34015260846,34015260841,-5,1120,2454
34016534263,34016534259,-4,1067,2692
34028097887,34028097885,-2,761,2087
34028653026,34028653042,16,332,1458
34033083356,34033083351,-5,862,3498
34034875236,34034875241,5,22208,24679
34036206314,34036206310,-4,1360,4002
34036843354,34036843348,-6,668,2036
34039157557,34039157554,-3,2293,6063
34052658231,34052658234,3,1229,915
34053763943,34053763939,-4,1574,3849
34054898140,34054898134,-6,1090,2688
34061154369,34061154366,-3,602,3118
34063231641,34063231634,-7,1091,2562
34063986358,34063986353,-5,1116,2366
34066081554,34066081550,-4,1425,3215
34066177241,34066177250,9,289,1170
34069922770,34069922762,-8,1027,2817
34076657322,34076657315,-7,1878,6445
34077954396,34077954390,-6,982,2644
34079350932,34079350941,9,833,3126
34086419260,34086419274,14,924,1969
34086816450,34086816468,18,1131,2735
34096759698,34096759703,5,2292,1316
34098540415,34098540410,-5,832,2587
34098768003,34098768022,19,837,2901
34099905290,34099905293,3,840,1448
34102288650,34102288645,-5,1402,3524
34105573635,34105573629,-6,1059,3575
34105998908,34105998930,22,709,2906
34109144090,34109144082,-8,1103,2965
34114255718,34114255713,-5,1402,4491
34117549694,34117549688,-6,1245,2913
34117980468,34117980478,10,106,740
34123497554,34123497549,-5,1052,3940
34128693635,34128693629,-6,526,1818
34130111579,34130111574,-5,1159,3022
34132617033,34132617036,3,14976,12673
34136114956,34136114959,3,6383,18574
34138970719,34138970714,-5,690,1892
34141099622,34141099615,-7,1225,2869
34153685126,34153685122,-4,1209,3505
34162451718,34162451724,6,3001,1730
34164735724,34164735723,-1,1514,2532
34165433979,34165433973,-6,971,3438
34171861106,34171861106,0,2223,2976
34172525352,34172525347,-5,783,1854
34173321102,34173321096,-6,1001,3601
34177788686,34177788682,-4,836,2178
34179497251,34179497245,-6,1449,4493
34180498538,34180498532,-6,758,2040
34183354825,34183354825,0,1458,1856
34185772894,34185772890,-4,1009,2900
34187776739,34187776736,-3,614,1944
34194295177,34194295173,-4,923,3372
34200971739,34200971735,-4,1097,2971
34201687065,34201687060,-5,958,2991
34201869010,34201869030,20,282,1236
34203614059,34203614055,-4,1160,3920
34206900180,34206900181,1,6369,7269
34208583802,34208583796,-6,1007,2464
34210005874,34210005887,13,279,1850
34213989233,34213989227,-6,1382,3847
34218372934,34218372932,-2,955,2118
34224787669,34224787663,-6,1591,5454
34226918628,34226918625,-3,1109,1814
34228075930,34228075926,-4,955,2834
34228391654,34228391650,-4,6441,16141
34233594978,34233594975,-3,737,3101
34234095642,34234095637,-5,19134,14221
34237547602,34237547604,2,1360,1643
34239556666,34239556662,-4,1240,4080
34241213430,34241213425,-5,1343,3840
34241560827,34241560826,-1,237,1504
34244449080,34244449078,-2,1142,3079
34250860430,34250860424,-6,986,3463
34254499315,34254499310,-5,881,1361
34260973934,34260973929,-5,1245,4151
34261956771,34261956768,-3,911,2667
34262414638,34262414633,-5,938,2426
34265003026,34265003022,-4,1253,3716
34265093874,34265093873,-1,822,1126
34267106715,34267106710,-5,1013,3139
34267154115,34267154117,2,251,927
34278506599,34278506592,-7,982,4815
34278535851,34278535850,-1,145,979
34285360680,34285360677,-3,1145,2634
34288453400,34288453395,-5,1316,3691
34292054515,34292054509,-6,1482,3047
34295193219,34295193215,-4,717,3313
34297079447,34297079451,4,2246,1065
34304791472,34304791468,-4,963,2826
34310411906,34310411901,-5,859,3053
34310900898,34310900896,-2,1269,1778
34315210374,34315210375,1,1669,1040
34317526555,34317526566,11,154,687
34318114830,34318114823,-7,840,2687
34319717902,34319717898,-4,973,3565
34320573681,34320573677,-4,918,2212
34324098725,34324098719,-6,1250,4329
34326708192,34326708187,-5,578,2271
34327373547,34327373532,-15,1017,4012
34327516228,34327516246,18,1611,3257
34331805149,34331805149,0,962,2246
34341000377,34341000376,-1,1708,3149
34342668862,34342668858,-4,1132,4294
34344476349,34344476342,-7,677,2025
34349106311,34349106306,-5,1535,4086
34351582410,34351582413,3,1083,890
34357988285,34357988281,-4,947,3155
34364318475,34364318470,-5,1205,2921
34374519504,34374519498,-6,397,1049
34375314781,34375314777,-4,902,3176
34381176610,34381176605,-5,855,2306
34381606640,34381606634,-6,1021,2202
34382449833,34382449826,-7,74,735
34382730697,34382730689,-8,938,2899
34383274595,34383274591,-4,826,2971
34384071478,34384071470,-8,1027,3377
34384464091,34384464106,15,1440,2706
34385575041,34385575037,-4,1076,3552
34387523081,34387523077,-4,1252,4388
34390108938,34390108945,7,2415,1249
34394430661,34394430659,-2,1063,1840
34394540507,34394540505,-2,833,1428
34395990451,34395990446,-5,1178,1983
34397283851,34397283846,-5,620,2516
34398976497,34398976493,-4,799,2511
34399117042,34399117044,2,20485,32928
34400520702,34400520698,-4,1402,4147
34403169750,34403169745,-5,1104,2495
34410466948,34410466947,-1,1506,2264
34420953724,34420953723,-1,1297,974
34423242934,34423242930,-4,2137,5538
34427726099,34427726097,-2,1488,3025
34432237660,34432237653,-7,505,1748
34432667187,34432667207,20,424,1803
34439853278,34439853271,-7,997,3020
34442716036,34442716047,11,248,943
34451254919,34451254918,-1,1967,3102
34458070406,34458070398,-8,812,3547
34466616381,34466616378,-3,1016,2673
34467584633,34467584636,3,7039,6101
34471191996,34471191990,-6,928,2889
34473199332,34473199346,14,1033,3111
34476175370,34476175366,-4,1663,2631
34480672627,34480672622,-5,1115,2900
34481968554,34481968532,-22,2384,1076
34484873862,34484873862,0,2761,3241
34498569749,34498569745,-4,784,2923
34500854578,34500854574,-4,1168,3080
34502140818,34502140809,-9,829,2103
34505577755,34505577749,-6,1170,2979
34513050588,34513050583,-5,1380,4147
34518796456,34518796470,14,443,1351
34523816618,34523816622,4,3428,2340
34534249179,34534249187,8,4146,1431
34546367362,34546367357,-5,1204,3573
34549589831,34549589830,-1,1304,2535
34550782844,34550782862,18,332,913
34551116689,34551116688,-1,1398,1880
34557394570,34557394565,-5,1370,1889
34557570283,34557570277,-6,753,2124
34562640195,34562640188,-7,851,3441
34565934862,34565934858,-4,1052,2587
34568698084,34568698088,4,2856,1514
34569263432,34569263427,-5,1399,3210
34570151943,34570151938,-5,1588,2736
34570413371,34570413366,-5,1007,2294
34574611515,34574611513,-2,992,2713
34574754514,34574754496,-18,58336,16025
34575650950,34575650949,-1,1231,1969
34576159890,34576159886,-4,1032,3642
34583151018,34583151011,-7,2738,10017
34585974994,34585974990,-4,1180,3249
34590574755,34590574753,-2,1208,2238
34593813249,34593813244,-5,1760,5383
34594868346,34594868342,-4,1066,3688
34606666962,34606666966,4,5469,2875
34612907355,34612907349,-6,1309,5212
34613017417,34613017413,-4,1083,2389
34614263371,34614263369,-2,977,3268
34614735563,34614735559,-4,1105,3345
34618241239,34618241235,-4,1430,2958
34619635524,34619635518,-6,769,3226
34621291338,34621291331,-7,1169,4212
34621412861,34621412865,4,1851,1203
34624060421,34624060417,-4,572,1457
34624727833,34624727852,19,806,1619
34627018439,34627018433,-6,1042,2642
34628193731,34628193725,-6,1041,3512
34632257326,34632257329,3,3021,2361
34632315223,34632315214,-9,395,1616
34632916634,34632916655,21,505,1885
34634247508,34634247502,-6,915,2790
34635761910,34635761906,-4,987,3263
34646868251,34646868257,6,2769,1616
34649225484,34649225475,-9,607,1909
34651822163,34651822157,-6,1187,2878
34651897695,34651897691,-4,815,2686
34658765869,34658765862,-7,1362,6810
34658922975,34658922971,-4,626,1621
34664152054,34664152048,-6,1083,3635
34667432202,34667432197,-5,1356,3378
34668211075,34668211070,-5,1361,2983
34672059744,34672059738,-6,1521,5182
34676162814,34676162810,-4,816,3194
34678528089,34678528082,-7,874,2917
34678993040,34678993060,20,415,1667
34679178733,34679178728,-5,1129,2825
34683139659,34683139654,-5,1435,2827
34688293125,34688293118,-7,941,5390
34688435551,34688435548,-3,1579,2421
34691657710,34691657705,-5,1205,3183
34693170422,34693170417,-5,1216,3488
34694041278,34694041279,1,1778,2215
34696756791,34696756786,-5,968,3939
34697043899,34697043897,-2,419,1515
34697183468,34697183462,-6,902,2425
34702302922,34702302918,-4,852,2704
34702521920,34702521938,18,897,3072
34704009450,34704009445,-5,1376,3007
34707318643,34707318649,6,2301,1656
34711206613,34711206613,0,1469,2114
34714141347,34714141341,-6,882,3910
34714624551,34714624546,-5,1405,3009
34715101559,34715101556,-3,1061,2492
34721071772,34721071766,-6,1187,2648
34724096321,34724096314,-7,1078,3263
34724938220,34724938213,-7,1528,5187
34725614153,34725614148,-5,882,2652
34727090019,34727090014,-5,1072,3037
34730680790,34730680790,0,773,1492
34733931081,34733931077,-4,1116,3632
34734299220,34734299224,4,327,1777
34734675423,34734675417,-6,1407,3332
34739684852,34739684849,-3,865,1875
34743488951,34743488946,-5,1136,2557
34751248978,34751248976,-2,910,2443
34752042299,34752042294,-5,1323,3232
34756838943,34756838938,-5,838,2283
34757803189,34757803211,22,1081,1665
34760481149,34760481145,-4,661,1946
34763014282,34763014278,-4,1352,2693
34769783597,34769783590,-7,896,2845
34770832957,34770832952,-5,835,2827
34770978323,34770978310,-13,1293,4514
34776261937,34776261934,-3,1353,3125
34785890690,34785890685,-5,1032,2513
34786064232,34786064239,7,361,646
34787797186,34787797182,-4,1202,3556
34787870281,34787870275,-6,1051,3446
34790269334,34790269328,-6,1064,2660
34790443835,34790443838,3,267,1123
34791176991,34791176986,-5,696,2275
34795005891,34795005887,-4,1957,3889
34802508974,34802508970,-4,608,2060
34803157413,34803157406,-7,1201,3284
34807302826,34807302822,-4,1047,3325
34811771754,34811771749,-5,1396,3851
34814972130,34814972125,-5,958,2881
34815685582,34815685577,-5,795,2773
34815761970,34815761954,-16,1017,2943
34820424303,34820424298,-5,1179,2888
34821305855,34821305851,-4,1154,2779
34829998169,34829998171,2,1650,1404
34831329741,34831329737,-4,1291,3946
34837392859,34837392854,-5,1278,3807
34838471844,34838471839,-5,1282,3315
34839113941,34839113938,-3,620,1698
34840243761,34840243756,-5,1203,3775
34841510506,34841510491,-15,782,2542
34842319476,34842319476,0,34220,20518
34844004969,34844004966,-3,874,2572
34845025953,34845025943,-10,160,1810
34845541498,34845541486,-12,1293,4596
34848689717,34848689713,-4,1483,3365
34849350122,34849350143,21,464,1993
34853251499,34853251514,15,976,3632
34857816077,34857816070,-7,1168,3198
34858097901,34858097901,0,1341,2365
34863032003,34863032001,-2,948,1873
34865071327,34865071322,-5,563,2335
34870603401,34870603398,-3,1138,2521
34874367701,34874367697,-4,1126,2503
34881615941,34881615937,-4,876,3053
34881707163,34881707149,-14,1064,3753
34881862129,34881862151,22,443,3288
34882564338,34882564337,-1,928,3402
34882836354,34882836349,-5,1199,2474
34890255501,34890255495,-6,965,4570
34894144355,34894144350,-5,1404,3649
34897061526,34897061521,-5,824,2243
34908419904,34908419918,14,911,2841
34910448687,34910448683,-4,1070,3068
34914231620,34914231619,-1,1774,2449
34915134021,34915134018,-3,1301,3103
34920699467,34920699462,-5,573,2248
34920912371,34920912383,12,966,2655
34932653617,34932653613,-4,1114,2231
34933113916,34933113926,10,216,949
34935063787,34935063781,-6,919,2749
34935163745,34935163764,19,1082,2927
34937334414,34937334407,-7,1075,3264
34938231089,34938231083,-6,1994,6675
34940130062,34940130058,-4,827,2170
34940652301,34940652297,-4,986,2866
34941102738,34941102733,-5,1105,3396
34943215518,34943215513,-5,983,3148
34943602935,34943602930,-5,1035,2688
34943913714,34943913709,-5,1024,2892
34949804652,34949804647,-5,1122,2598
34961201131,34961201135,4,2557,1652
34967382422,34967382421,-1,1660,3461
34974617390,34974617385,-5,762,2995
34975145041,34975145036,-5,1004,3444
34975754425,34975754420,-5,1158,2895
34975970592,34975970578,-14,1303,3744
34983355627,34983355622,-5,1075,3026
34986986999,34986986995,-4,637,930
34987860361,34987860357,-4,1082,3583
34990076314,34990076310,-4,1078,3052
34990624788,34990624794,6,271,1160
34990929570,34990929579,9,115,707
34992298907,34992298902,-5,1127,3077
34998891326,34998891327,1,899,825
35005491501,35005491497,-4,1131,3398
35005869809,35005869802,-7,116,932
35008167778,35008167773,-5,1161,2426
35011314879,35011314873,-6,840,3322
35013849018,35013849013,-5,2442,6063
35016241442,35016241438,-4,1479,3548
35017925689,35017925684,-5,931,2553
35019776362,35019776359,-3,1748,4769
35023122814,35023122810,-4,841,3105
35031600739,35031600733,-6,1084,2841
35036560169,35036560163,-6,1096,3258
35040268034,35040268027,-7,1179,3207
35047919102,35047919098,-4,1155,2723
35048003811,35048003801,-10,44127,3101
35050867562,35050867557,-5,980,3329
35051738677,35051738674,-3,986,2891
35056602434,35056602432,-2,668,2739
35056913814,35056913813,-1,1295,1900
35057706219,35057706230,11,314,948
35062700859,35062700854,-5,707,3426
35071170885,35071170878,-7,1156,3759
35071426985,35071427004,19,896,3180
35073926699,35073926689,-10,718,2568
35073984131,35073984115,-16,584,1393
35074704473,35074704475,2,891,1279
35077125104,35077125102,-2,1691,1915
35079501355,35079501350,-5,735,2165
35081699558,35081699557,-1,1564,2083
35081968710,35081968705,-5,901,3222
35091287830,35091287830,0,32449,33281
35105801678,35105801670,-8,1077,3099
35108573276,35108573271,-5,1206,3912
35109043601,35109043586,-15,239,1143
35110603195,35110603190,-5,1007,3072
35111019343,35111019338,-5,1314,3692
35111994046,35111994041,-5,854,2800
35113590394,35113590388,-6,1148,3744
35114737428,35114737434,6,169,1103
35116082446,35116082448,2,1561,2159
35123121553,35123121549,-4,1602,3707
35123494723,35123494717,-6,555,2256
35123594657,35123594674,17,264,1093
35125542914,35125542907,-7,790,3098
35128380191,35128380187,-4,914,3012
35130054830,35130054822,-8,857,3773
35135727339,35135727331,-8,914,2592
35136347321,35136347330,9,3461,1324
35140889428,35140889428,0,28322,17948
35143045992,35143045986,-6,1164,3140
35146173147,35146173147,0,1246,1679
35146562781,35146562777,-4,1000,2882
35147837822,35147837818,-4,812,2804
35149580247,35149580242,-5,737,2129
35149676793,35149676811,18,475,1281
35153473933,35153473931,-2,5820,8722
35154436124,35154436125,1,3698,3081
35155999243,35155999237,-6,1194,3615
35157643534,35157643530,-4,968,2477
35157889922,35157889917,-5,1113,3671
35159519221,35159519220,-1,1232,1580
35160776088,35160776081,-7,1284,3855
35163703591,35163703596,5,13620,21646
35164446666,35164446662,-4,979,2831
35166199694,35166199690,-4,1702,3862
35167118182,35167118178,-4,705,3083
35167630361,35167630340,-21,302,1338
35169858633,35169858629,-4,1101,2560
35172279035,35172279031,-4,641,1249
35173923010,35173923014,4,2074,1627
35175664147,35175664144,-3,1073,1963
35175780410,35175780414,4,1329,1643
35177674259,35177674255,-4,679,2420
35177899978,35177899963,-15,854,3360
35178853315,35178853308,-7,1111,4013
35179665653,35179665647,-6,1190,4228
35183462451,35183462447,-4,1092,2880
35187722220,35187722215,-5,951,2665
35188657730,35188657725,-5,847,2556
35189759074,35189759071,-3,717,2762
35191368767,35191368762,-5,873,3024
35191631485,35191631478,-7,1369,4126
35191939380,35191939398,18,803,2623
35211920347,35211920341,-6,404,1130
35214569581,35214569577,-4,1019,3348
35220248232,35220248228,-4,1124,3230
35221845505,35221845498,-7,1033,3339
35222113899,35222113889,-10,913,2862
35224093438,35224093434,-4,1035,3570
35231603762,35231603770,8,11323,22049
35240684215,35240684210,-5,1140,2763
35248949794,35248949789,-5,1212,4093
35251718801,35251718802,1,2685,4093
35251976630,35251976627,-3,687,1531
35253497062,35253497058,-4,1694,3689
35254815991,35254815985,-6,909,3552
35256943904,35256943908,4,2075,1308
35263439017,35263439014,-3,838,1444
35267991570,35267991566,-4,1244,4471
35269686452,35269686446,-6,1121,3330
35279652008,35279652003,-5,679,3000
35282426502,35282426497,-5,687,2968
35288411526,35288411522,-4,1472,3331
35292660560,35292660555,-5,1268,4169
35299151079,35299151084,5,11921,24788
35299973566,35299973560,-6,919,2703
35300915488,35300915511,23,284,732
35305110682,35305110682,0,3601,4965
35307036831,35307036831,0,974,1095
35309053899,35309053894,-5,1169,3060
35309362919,35309362915,-4,1295,4027
35312782497,35312782494,-3,1407,2431
35320247243,35320247238,-5,1243,3689
35321221346,35321221342,-4,996,2591
35324302205,35324302202,-3,1082,3650
35325785522,35325785521,-1,687,1280
35329406602,35329406597,-5,786,2478
35336525070,35336525065,-5,864,2779
35342674611,35342674609,-2,984,1746
35353115716,35353115725,9,13225,39108
35355340570,35355340567,-3,1295,3107
35364358041,35364358036,-5,1252,2895
35364883766,35364883761,-5,1218,3808
35366067290,35366067286,-4,1165,3141
35368409990,35368409986,-4,1013,1946
35369971652,35369971650,-2,1849,3045
35372637131,35372637126,-5,612,1743
35372708004,35372708019,15,252,1324
35374635863,35374635862,-1,1388,2317
35377846646,35377846641,-5,1004,2504
35379624078,35379624096,18,41,1078
35380250931,35380250950,19,808,3002
35391217910,35391217906,-4,1138,2278
35392135582,35392135585,3,2285,1484
35418648906,35418648902,-4,1261,4292
35420666859,35420666862,3,3680,3918
35421386122,35421386117,-5,817,3848
35425007976,35425007971,-5,1024,2884
35427671861,35427671860,-1,998,1789
35427742395,35427742378,-17,904,4141
35427820514,35427820534,20,141,801
35428514455,35428514451,-4,835,2516
35429757115,35429757110,-5,1100,2429
35431782934,35431782930,-4,774,2721
35432972201,35432972197,-4,1119,2992
35434721378,35434721374,-4,981,2878
35438391239,35438391234,-5,977,2936
35438796093,35438796086,-7,1156,2521
35440000881,35440000878,-3,1180,3763
35440694676,35440694670,-6,1016,3369
35441434123,35441434118,-5,1181,3179
35441641690,35441641688,-2,1499,2532
35442592084,35442592078,-6,1164,3341
35443687354,35443687349,-5,1053,3339
35444505237,35444505230,-7,1398,4504
35452084029,35452084023,-6,1109,4086
35456832892,35456832889,-3,1141,3330
35462561868,35462561866,-2,964,2524
35462871633,35462871625,-8,1051,4895
35483231143,35483231139,-4,1003,2396
35490663415,35490663412,-3,994,3150
35492942725,35492942722,-3,1157,1923
35494488885,35494488898,13,12285,47558
35495468946,35495468940,-6,800,3199
35496406103,35496406098,-5,1182,3512
35502073453,35502073455,2,3063,3400
35505008682,35505008679,-3,1456,3705
35506966618,35506966613,-5,1133,3546
35507234192,35507234187,-5,1246,3505
35507742119,35507742118,-1,844,1436
35511177309,35511177326,17,18347,49036
35516384035,35516384032,-3,891,2217
35516629030,35516629028,-2,1533,3039
35516774832,35516774838,6,92,1283
35517236418,35517236415,-3,738,3260
35518717487,35518717482,-5,996,1601
35519319664,35519319684,20,1038,2487
35524415281,35524415277,-4,941,3621
35528815959,35528815955,-4,1068,4059
35531668764,35531668759,-5,1041,3651
35532861175,35532861173,-2,931,2598
35533691665,35533691661,-4,1188,3849
35537605098,35537605095,-3,714,1383
35541171318,35541171312,-6,1274,2643
35541847903,35541847898,-5,1112,1928
35543656543,35543656546,3,1861,2051
35548689759,35548689767,8,8761,28162
35556152486,35556152481,-5,1100,3003
35557582630,35557582638,8,6587,1359
35558263647,35558263653,6,5153,2478
35564189529,35564189524,-5,807,2654
35570385314,35570385310,-4,866,1529
35576114326,35576114320,-6,898,3340
35577334223,35577334217,-6,791,2972
35580095527,35580095522,-5,1464,3777
35582754401,35582754397,-4,662,2425
35583824266,35583824261,-5,1257,3165
35591265374,35591265370,-4,1049,3652
35594656530,35594656523,-7,1040,2539
35595036516,35595036510,-6,1341,2890
35602844811,35602844807,-4,1305,2583
35604560023,35604560023,0,1379,2107
35605537042,35605537046,4,2814,2007
35606444682,35606444678,-4,515,2532
35610474473,35610474468,-5,811,2271
35611262873,35611262854,-19,29784,41913
35611858621,35611858617,-4,1106,3154
35618003871,35618003867,-4,1167,2695
35621190795,35621190791,-4,874,3469
35626068039,35626068034,-5,919,3046
35633056037,35633056031,-6,1102,2889
35633140923,35633140923,0,259,1097
35634262058,35634262053,-5,928,2261
35636938512,35636938530,18,384,1289
35643778535,35643778530,-5,911,2632
35646758703,35646758698,-5,1867,3605
35649069628,35649069623,-5,1360,4260
35652923445,35652923442,-3,592,2976
35653907608,35653907630,22,762,2165
35655837846,35655837841,-5,1061,3133
35656000105,35656000099,-6,377,909
35669854505,35669854495,-10,494,2823
35672024882,35672024881,-1,1099,1189
35675979265,35675979259,-6,1050,3454
35680321482,35680321478,-4,933,2359
35680696211,35680696206,-5,987,2653
35681206482,35681206478,-4,770,3199
35682342330,35682342326,-4,587,2568
35683292029,35683292025,-4,1092,2858
35688753638,35688753633,-5,614,1255
35699291570,35699291567,-3,882,2591
35699335195,35699335194,-1,891,2259
35700014062,35700014054,-8,1059,2783
35707580607,35707580602,-5,1322,4180
35707678570,35707678565,-5,1231,3325
35709755050,35709755045,-5,624,2508
35714429238,35714429233,-5,928,3254
35715434763,35715434748,-15,194,1421
35716344532,35716344515,-17,351,1267
35716480785,35716480786,1,2194,2013
35719190953,35719190950,-3,1260,2552
35725775639,35725775633,-6,967,3045
35734150685,35734150681,-4,610,1138
35737176435,35737176429,-6,1373,3055
35737969481,35737969478,-3,530,1697
35738582963,35738582961,-2,1061,1450
35738809352,35738809339,-13,194,1422
35739154262,35739154257,-5,962,4276
35741009502,35741009499,-3,954,2744
35743650297,35743650302,5,4341,2640
35746445251,35746445246,-5,912,3636
35747920047,35747920042,-5,1128,2996
35749198023,35749198020,-3,1360,2271
35755202500,35755202494,-6,1366,4247
35768645214,35768645209,-5,1334,2751
35771472422,35771472419,-3,1293,2144
35773007370,35773007366,-4,1443,2951
35776319399,35776319394,-5,1523,2733
35782625844,35782625842,-2,1262,2413
35788238575,35788238572,-3,1688,1724
35788658790,35788658786,-4,1251,4013
35789060568,35789060554,-14,870,2308
35789329396,35789329412,16,709,2703
35792168334,35792168330,-4,1240,3169
35792433170,35792433154,-16,246,715
35794139010,35794139006,-4,1365,4337
35794565562,35794565557,-5,1362,2348
35795934880,35795934902,22,750,2578
35798072362,35798072358,-4,1361,2901
35804203269,35804203263,-6,657,2598
35809668561,35809668557,-4,600,1674
35813929617,35813929613,-4,999,1734
35814171993,35814172010,17,564,2270
35817393628,35817393623,-5,1700,4398
35819577140,35819577140,0,4102,15354
35822696813,35822696810,-3,1206,2871
35824987532,35824987525,-7,970,4396
35826590095,35826590089,-6,1115,3432
35830605870,35830605866,-4,982,2480
35831837937,35831837935,-2,1218,2874
35835473303,35835473298,-5,1059,3569
35837190352,35837190347,-5,1867,5197
35838495286,35838495283,-3,2147,6456
35839283934,35839283929,-5,1140,4321
35842332513,35842332510,-3,802,2161
35849795890,35849795882,-8,34023,12623
35852640091,35852640085,-6,998,2854
35854983245,35854983240,-5,1374,3727
35855560997,35855561005,8,2793,1227
35860289047,35860289045,-2,1170,1620
35862902186,35862902181,-5,1075,2603
35871083375,35871083366,-9,650,3555
35874924053,35874924048,-5,1367,4147
35882228893,35882228886,-7,1171,4593
35884835221,35884835221,0,1759,1920
35888711722,35888711717,-5,1155,3099
35891014319,35891014315,-4,924,3298
35892497143,35892497138,-5,673,3187
35898811503,35898811503,0,1687,1731
35900773279,35900773274,-5,1040,3997
35900993428,35900993444,16,853,2890
35901323570,35901323565,-5,954,2443
35905153958,35905153953,-5,1574,4481
35907310135,35907310130,-5,634,2504
35907817464,35907817463,-1,279,1152
35909313953,35909313949,-4,1162,1927
35910301001,35910301023,22,432,1296
35920913583,35920913584,1,1870,1556
35921199196,35921199207,11,385,1113
35925168651,35925168650,-1,1660,3486
35926180695,35926180690,-5,829,2486
35927651975,35927651955,-20,1064,974
35932579673,35932579666,-7,1153,4628
35937404131,35937404127,-4,578,1013
35940797018,35940797014,-4,1229,3425
35945030534,35945030527,-7,1056,2477
35948730511,35948730505,-6,927,3569
35951461458,35951461462,4,1827,1556
35951889173,35951889167,-6,1176,2774
35952987480,35952987481,1,2557,3493
35961993821,35961993816,-5,641,3339
35966332975,35966332981,6,2278,1492
35967985505,35967985499,-6,943,2685
35968381048,35968381039,-9,170,1056
35968672027,35968672042,15,372,1497
35972944001,35972943997,-4,912,3018
35979566483,35979566477,-6,1117,4900
35979903958,35979903954,-4,1357,2742
35980132314,35980132294,-20,237,1333
35981097186,35981097198,12,616,2193
35981745462,35981745451,-11,12061,24798
35982676979,35982676998,19,302,361
35986633241,35986633241,0,1459,1538
35989607122,35989607120,-2,975,1877
35991261953,35991261948,-5,762,2690
36007691387,36007691386,-1,1290,2333
36008096790,36008096806,16,9451,52042
36009628671,36009628664,-7,835,2599
36013690143,36013690138,-5,807,3258
36022793447,36022793442,-5,988,1612
36022852121,36022852103,-18,219,1212
36023872127,36023872123,-4,1249,3198
36025534227,36025534224,-3,1062,2638
36029501778,36029501774,-4,1234,3381
36029611767,36029611761,-6,1106,3116
36037683668,36037683667,-1,1148,1307
36038146264,36038146263,-1,297,803
36038639705,36038639723,18,698,2019
36042260686,36042260682,-4,1244,2740
36046990333,36046990328,-5,1108,5325
36048384973,36048384969,-4,854,2358
36071942197,36071942192,-5,1575,4754
36072373729,36072373724,-5,1245,3034
36078155879,36078155877,-2,2639,4157
36082747539,36082747534,-5,1115,2154
36082970467,36082970461,-6,854,1972
36085934253,36085934249,-4,1839,3839
36086677746,36086677761,15,165,1217
36095387255,36095387250,-5,1116,2674
36096784121,36096784134,13,202,938
36097903542,36097903539,-3,1101,2848
36102607710,36102607704,-6,1317,3059
36102667440,36102667458,18,734,2869
36109423609,36109423610,1,1780,1384
36112936508,36112936503,-5,806,2647
36118035610,36118035606,-4,1192,2563
36120177449,36120177449,0,1809,1682
36121001238,36121001232,-6,973,4237
36126129715,36126129710,-5,728,2420
36126388962,36126388948,-14,22038,17159
36131731543,36131731538,-5,1011,2406
36132273305,36132273301,-4,752,2412
36140357045,36140357058,13,421,1926
36141253764,36141253758,-6,800,3422
36141404314,36141404309,-5,441,2213
36143351261,36143351257,-4,1046,2321
36143931999,36143931994,-5,1269,2928
36145247106,36145247110,4,1161,1200
36157057835,36157057830,-5,1687,4761
36158674835,36158674829,-6,1388,4463
36167669082,36167669078,-4,1161,2842
36169747775,36169747774,-1,1136,1430
36173967958,36173967962,4,1427,863
36174925802,36174925801,-1,97,1650
36181015155,36181015153,-2,1256,1711
36183061402,36183061397,-5,890,2547
36184951866,36184951861,-5,1143,3950
36188485426,36188485420,-6,1172,3341
36199038015,36199038022,7,4827,2202
36203091194,36203091196,2,1354,1510
36209154370,36209154366,-4,6609,12843
36209311231,36209311226,-5,1416,3185
36213276944,36213276938,-6,686,2087
36214214122,36214214139,17,667,3378
36214512655,36214512650,-5,974,4970
36217113554,36217113549,-5,1420,3629
36222274549,36222274546,-3,581,1547
36222362603,36222362589,-14,94,1059
36222455267,36222455270,3,178,822
36235966555,36235966549,-6,1369,4565
36237536402,36237536398,-4,1436,3371
36240176830,36240176826,-4,883,2708
36244296689,36244296686,-3,852,1820
36244769001,36244768996,-5,873,2179
36245721327,36245721334,7,3948,2459
36247198952,36247198946,-6,935,3155
36248065401,36248065411,10,16205,19072
36252544009,36252544003,-6,1383,1921
36257501271,36257501266,-5,555,1938
36261522666,36261522668,2,2825,2202
36262182166,36262182162,-4,1280,3241
36266203910,36266203906,-4,1221,3942
36269783973,36269783967,-6,1012,2991
36272690176,36272690173,-3,1352,2526
36272897233,36272897229,-4,864,3145
36274484529,36274484523,-6,802,2750
36277597123,36277597118,-5,1030,2183
36279695322,36279695317,-5,1207,2626
36281355778,36281355774,-4,1316,3182
36284047130,36284047125,-5,1154,4013
36286656359,36286656359,0,1485,1155
36288110677,36288110675,-2,1186,1474
36288643547,36288643537,-10,161,4579
36293724044,36293724038,-6,1006,4290
36294502598,36294502593,-5,638,2386
36295191354,36295191349,-5,1451,4084
36297367074,36297367070,-4,1289,2672
36298897664,36298897659,-5,996,2949
36302008997,36302008999,2,1589,1300
36307239929,36307239951,22,490,2439
36308254451,36308254460,9,207,1428
36314268535,36314268529,-6,753,3507
36316935014,36316935006,-8,1069,3229
36318715203,36318715201,-2,827,2152
36323108098,36323108093,-5,1111,3582
36324827489,36324827493,4,1872,1445
36327919575,36327919570,-5,1020,2952
36332414294,36332414289,-5,989,2957
36332771590,36332771586,-4,1316,3886
36341635964,36341635971,7,6071,2161
36344058910,36344058913,3,4719,20280
36346749318,36346749312,-6,950,2014
36353576465,36353576468,3,8479,23503
36355699242,36355699240,-2,1185,2744
36355782018,36355782022,4,67,1313
36358814483,36358814479,-4,691,2755
36367490954,36367490934,-20,890,2690
36370781747,36370781743,-4,934,2239
36376474819,36376474814,-5,1138,2668
36377301305,36377301326,21,436,1644
36378896230,36378896225,-5,1321,3832
36387089553,36387089549,-4,1475,3283
36390664489,36390664485,-4,1324,2391
36395454487,36395454482,-5,923,3339
36396262450,36396262451,1,3952,5783
36400192919,36400192913,-6,851,1515
36404306560,36404306565,5,1969,1585
36409353410,36409353408,-2,1140,1388
36410266703,36410266697,-6,1393,3480
36415444190,36415444185,-5,1193,3706
36418805269,36418805265,-4,4506,11099
36420328198,36420328195,-3,1406,3448
36422306455,36422306453,-2,711,2770
36423694783,36423694777,-6,795,2765
36426480802,36426480798,-4,979,2528
36431688800,36431688796,-4,1143,2205
36435185112,36435185134,22,507,2031
36436430486,36436430482,-4,987,2994
36451123485,36451123482,-3,835,2918
36452365028,36452365022,-6,632,2313
36453046522,36453046514,-8,1080,5098
36459075782,36459075779,-3,606,1817
36459139113,36459139100,-13,945,2665
36461819442,36461819437,-5,1205,4694
36461863051,36461863049,-2,625,1798
36467932086,36467932081,-5,900,2316
36470002480,36470002473,-7,951,3561
36480017835,36480017829,-6,1244,4278
36481156278,36481156278,0,1003,1917
36481557079,36481557073,-6,912,3067
36488873526,36488873521,-5,859,2715
36490981054,36490981049,-5,1444,3823
36495104463,36495104457,-6,782,3772
36498186863,36498186858,-5,1701,4319
36507322631,36507322626,-5,1405,3473
36509139703,36509139698,-5,1398,3308
36512698073,36512698066,-7,1341,3298
36515291964,36515291959,-5,1143,3003
36515318869,36515318865,-4,1196,2848
36515579633,36515579628,-5,1290,3205
36519679769,36519679766,-3,1038,3169
36523699913,36523699907,-6,1109,2833
36524359985,36524359979,-6,1719,3291
36528177242,36528177241,-1,10052,23272
36532233814,36532233829,15,315,1416
36534470808,36534470803,-5,1442,4054
36534776025,36534776026,1,1369,1208
36536289731,36536289717,-14,152,1230
36538030806,36538030801,-5,855,3304
36538982403,36538982399,-4,1064,2484
36544998322,36544998319,-3,1140,2695
36546396671,36546396675,4,760,743
36563173862,36563173857,-5,1116,2795
36563593027,36563593027,0,832,1026
36566248266,36566248261,-5,1072,4159
36569301325,36569301321,-4,1325,3193
36574311642,36574311638,-4,1678,3685
36582496569,36582496567,-2,982,1577
36588124073,36588124069,-4,761,1951
36594446746,36594446765,19,1021,3085
36597401701,36597401682,-19,446,1145
36606559083,36606559077,-6,1046,3652
36622603081,36622603074,-7,1075,4271
36623428673,36623428669,-4,894,2787
36623501178,36623501174,-4,238,1208
36624995502,36624995498,-4,1283,3413
36625069483,36625069490,7,5891,2706
36631719434,36631719430,-4,1174,3149
36637206475,36637206482,7,602,1066
36637630431,36637630425,-6,903,3408
36641401427,36641401422,-5,1326,3346
36642579990,36642579986,-4,952,2924
36647963050,36647963051,1,1701,2615
36649387183,36649387178,-5,807,2546
36650403556,36650403569,13,340,1511
36651981315,36651981309,-6,1274,3940
36657700928,36657700922,-6,1133,3178
36658526696,36658526714,18,63,808
36659902801,36659902784,-17,647,2073
36667009597,36667009591,-6,1456,4597
36672748518,36672748515,-3,914,2446
36673529042,36673529041,-1,1545,2342
36675777195,36675777190,-5,788,2405
36679772981,36679772978,-3,1297,3253
36684027252,36684027248,-4,1226,2906
36696282914,36696282915,1,1356,1213
36699899711,36699899706,-5,1450,3651
36703370229,36703370223,-6,1159,3067
36707227065,36707227058,-7,882,3615
36709285083,36709285078,-5,888,1960
36713276650,36713276645,-5,811,2599
36715802243,36715802237,-6,1288,3084
36716540558,36716540559,1,1148,1455
36723095605,36723095606,1,2401,2328
36723455127,36723455122,-5,773,2388
36728921873,36728921869,-4,1046,2831
36731354322,36731354317,-5,1715,6203
36738824360,36738824357,-3,983,3700
36746486277,36746486271,-6,1390,3171
36750988296,36750988291,-5,1535,2622
36755219599,36755219594,-5,780,3891
36757308427,36757308422,-5,911,3030
36758334686,36758334683,-3,494,1720
36758920455,36758920451,-4,476,896
36759872831,36759872823,-8,1114,5317
36769326849,36769326850,1,15381,16723
36772488726,36772488721,-5,964,3018
36781208218,36781208214,-4,1213,3146
36783499801,36783499795,-6,1102,3720
36792958538,36792958531,-7,819,2366
36793316066,36793316078,12,298,1279
36796991267,36796991263,-4,940,3410
36797599047,36797599043,-4,811,2708
36805240278,36805240273,-5,582,2170
36807159705,36807159701,-4,607,2038
36808543393,36808543390,-3,1013,3139
36808894681,36808894676,-5,863,2148
36814972629,36814972624,-5,1146,3135
36815279514,36815279530,16,431,1659
36815512670,36815512681,11,18105,34725
36819802662,36819802656,-6,957,3551
36822764967,36822764961,-6,1214,2125
36828654382,36828654378,-4,1030,2804
36830093829,36830093823,-6,1036,2295
36830357802,36830357822,20,638,2753
36834107979,36834107974,-5,871,3116
36840158470,36840158476,6,15216,20312
36849225034,36849225029,-5,1253,3695
36850355752,36850355754,2,2365,2603
36852563253,36852563248,-5,934,1889
36857553897,36857553892,-5,852,3972
36861032499,36861032496,-3,743,2638
36870502911,36870502906,-5,604,1465
36873787490,36873787486,-4,873,3207
36874655500,36874655478,-22,43,1550
36882545393,36882545387,-6,1119,2346
36884369731,36884369725,-6,1134,3619
36887150505,36887150505,0,1925,2276
36888515109,36888515109,0,1276,3187
36889690965,36889690957,-8,1064,2971
36892578903,36892578897,-6,1106,3103
36894632228,36894632221,-7,1046,2841
36894694419,36894694414,-5,616,3131
36894908907,36894908909,2,174,1198
36897262728,36897262722,-6,1113,4089
36898448094,36898448089,-5,931,2479
36899629488,36899629477,-11,716,2681
36900191309,36900191304,-5,935,2829
36900248308,36900248316,8,394,1243
36908639562,36908639556,-6,1037,4598
36913420764,36913420758,-6,1104,3669
36915714417,36915714420,3,1270,1229
36917226744,36917226740,-4,1139,3276
36917580674,36917580689,15,781,1959
36918269141,36918269136,-5,958,3071
36918702552,36918702575,23,1293,3517
36930590622,36930590618,-4,750,2277
36932683662,36932683661,-1,2038,2346
36934840617,36934840614,-3,1434,3442
36935710067,36935710059,-8,188,1057
36944172734,36944172730,-4,1039,2894
36947619784,36947619781,-3,773,1936
36948522138,36948522125,-13,218,1320
36953142165,36953142161,-4,1150,3840
36954555599,36954555593,-6,1184,2899
36956489466,36956489461,-5,1354,2805
36956849402,36956849397,-5,1044,3091
36956900256,36956900274,18,1132,3262
36961923438,36961923432,-6,973,2566
36965194506,36965194505,-1,1439,1521
36971177220,36971177226,6,1432,1203
36971999083,36971999085,2,1245,1956
36978931974,36978931970,-4,1301,2868
36987139402,36987139398,-4,1185,2768
36988329081,36988329082,1,771,1150
36992687771,36992687766,-5,815,2856
37001317695,37001317696,1,664,924
37004600489,37004600485,-4,963,3442
37006400131,37006400147,16,558,1790
37012635582,37012635578,-4,1177,3677
37012837786,37012837781,-5,1299,4028
37014575922,37014575915,-7,652,1972
37015552921,37015552927,6,1008,822
37017992752,37017992749,-3,1171,2710
37025710498,37025710494,-4,930,2826
37026214407,37026214400,-7,962,4604
37026359099,37026359111,12,610,3086
37026878792,37026878810,18,261,1689
37041754514,37041754521,7,1613,1285
37048035328,37048035323,-5,1095,2166
37048489097,37048489115,18,198,876
37056313358,37056313351,-7,856,3282
37059644037,37059644032,-5,825,3209
37059995515,37059995523,8,372,1283
37060254168,37060254154,-14,214,1115
37068381795,37068381799,4,1535,1216
37075358483,37075358492,9,11995,33625
37076294318,37076294313,-5,781,2637
37080570875,37080570870,-5,746,2594
37081919642,37081919637,-5,1296,2733
37087367774,37087367768,-6,1197,4121
37095203789,37095203785,-4,715,1413
37098916315,37098916311,-4,863,2679
37099258146,37099258164,18,1064,3297
37107533450,37107533446,-4,764,2944
37116805150,37116805145,-5,1410,3189
37119211697,37119211707,10,647,1748
37120205202,37120205197,-5,1302,3426
37140843426,37140843423,-3,1000,2623
37143824093,37143824090,-3,1253,4250
37144178803,37144178797,-6,820,3298
37158757431,37158757425,-6,1390,3630
37163245048,37163245042,-6,1404,3927
37166089768,37166089764,-4,1164,3500
37168292906,37168292899,-7,1078,4622
37169601971,37169601966,-5,1026,3057
37171949799,37171949795,-4,1114,2865
37172132362,37172132359,-3,264,678
37187457078,37187457073,-5,1225,2536
37192189953,37192189957,4,831,929
37193764643,37193764661,18,853,2710
37205118046,37205118040,-6,1277,3345
37207053305,37207053302,-3,559,2616
37220437532,37220437526,-6,1311,3295
37223325002,37223324998,-4,1321,4029
37228146717,37228146715,-2,1424,3138
37230135337,37230135334,-3,1075,2752
37230386041,37230386036,-5,1526,2777
37230676226,37230676222,-4,868,2751
37236033482,37236033477,-5,1106,2807
37240396730,37240396728,-2,1007,2482
37244421035,37244421030,-5,1450,2467
37246849289,37246849282,-7,768,2823
37247116706,37247116701,-5,699,2997
37247240686,37247240679,-7,892,3395
37250493270,37250493265,-5,985,3978
37253589695,37253589691,-4,1217,3391
37255060882,37255060876,-6,1116,3467
37261922003,37261921998,-5,1013,3283
37262000026,37262000036,10,231,2836
37262117371,37262117390,19,253,981
37264406430,37264406425,-5,956,2975
37275793736,37275793752,16,556,1730
37279937887,37279937881,-6,661,1738
37281263619,37281263634,15,890,3024
37285233596,37285233590,-6,1397,3647
37287122296,37287122301,5,2439,1481
37287820458,37287820454,-4,1152,3957
37293060392,37293060385,-7,1273,4237
37296928915,37296928911,-4,640,2272
37298520262,37298520257,-5,1281,3229
37299011338,37299011318,-20,755,4181
37300238002,37300237994,-8,1053,3012
37303679499,37303679494,-5,856,2747
37306673922,37306673922,0,1702,1624
37307557983,37307557978,-5,1107,2261
37307647474,37307647495,21,507,1452
37309402585,37309402581,-4,855,2747
37309925042,37309925037,-5,976,2815
37323843770,37323843762,-8,1350,3927
37324035267,37324035271,4,261,763
37324959597,37324959593,-4,695,2379
37326001946,37326001942,-4,1103,2368
37326930315,37326930309,-6,1117,3509
37332377068,37332377050,-18,653,2153
37332454322,37332454310,-12,807,3383
37333819147,37333819141,-6,1056,2883
37334742867,37334742863,-4,1125,2032
37350322537,37350322531,-6,1029,3253
37351277432,37351277427,-5,698,3021
37352741962,37352741961,-1,1090,1509
37358492027,37358492022,-5,1031,3326
37360793373,37360793371,-2,649,1281
37361600466,37361600464,-2,248,1226
37363473351,37363473347,-4,878,2636
37363762698,37363762693,-5,945,3184
37365108305,37365108295,-10,61,1168
37376577816,37376577808,-8,1511,25563
37382342559,37382342553,-6,921,3455
37384514957,37384514961,4,958,1353
37386840126,37386840122,-4,1050,3149
37389306614,37389306611,-3,1325,3459
37393422917,37393422913,-4,891,2222
37396320810,37396320806,-4,1120,2943
37398154610,37398154604,-6,707,2675
37401827712,37401827706,-6,689,1875
37403387345,37403387343,-2,918,2787
37408750674,37408750670,-4,1389,2982
37408800195,37408800189,-6,819,2580
37409604850,37409604856,6,5689,2728
37411029338,37411029334,-4,1988,7571
37412561090,37412561086,-4,1142,2981
37418389051,37418389049,-2,961,2468
37418885498,37418885492,-6,815,2130
37422442137,37422442137,0,1317,2199
37429243688,37429243682,-6,1818,4496
37435363454,37435363450,-4,720,2621
37436464397,37436464387,-10,193,875
37454460653,37454460671,18,567,1712
37455182734,37455182727,-7,906,2213
37458003083,37458003078,-5,1005,2009
37458521466,37458521466,0,1480,1864
37461044351,37461044331,-20,1352,919
37464982193,37464982186,-7,865,4173
37470593303,37470593306,3,1376,1367
37474024642,37474024637,-5,1217,2949
37478981815,37478981809,-6,1174,3140
37479028203,37479028221,18,1155,2805
37480981918,37480981914,-4,1126,2565
37486385833,37486385828,-5,1032,2734
37492777659,37492777658,-1,896,1697
37493308998,37493308993,-5,1517,3610
37502394627,37502394621,-6,1017,2121
37504128826,37504128821,-5,826,3558
37505479233,37505479215,-18,187,1138
37509487422,37509487421,-1,662,1453
37510183154,37510183149,-5,1283,4344
37515217126,37515217121,-5,1229,2922
37524052617,37524052613,-4,1529,3763
37528346970,37528346965,-5,1063,2165
37534377647,37534377642,-5,1017,3797
37538771681,37538771676,-5,880,2102
37545074988,37545074984,-4,1210,3302
37552171613,37552171609,-4,876,2410
37556694131,37556694125,-6,1100,5093
37559209105,37559209122,17,190,1054
37564458878,37564458873,-5,1073,3010
37567727031,37567727026,-5,868,3278
37568135169,37568135165,-4,975,3409
37569519562,37569519568,6,3568,1527
37570313416,37570313410,-6,1102,2961
37575560319,37575560316,-3,609,1439
37576721746,37576721725,-21,1440,4432
37578465082,37578465085,3,3273,3224
37579934158,37579934153,-5,1188,2817
37580050011,37580050005,-6,884,2224
37580583793,37580583814,21,950,3179
37589225926,37589225921,-5,1220,3349
37591071654,37591071650,-4,974,2793
37592767375,37592767369,-6,1072,2413
37594158866,37594158881,15,224,1280
37595524045,37595524042,-3,881,3106
37597080730,37597080735,5,35828,52200
37598296065,37598296062,-3,1055,4147
37599262399,37599262394,-5,915,2514
37600192564,37600192570,6,3162,1769
37601685427,37601685444,17,1351,1577
37603992486,37603992481,-5,650,2940
37605834939,37605834934,-5,839,2551
37609005931,37609005927,-4,909,2669
37615005309,37615005306,-3,797,2476
37615719812,37615719831,19,947,3258
37617961785,37617961779,-6,901,3193
37621836634,37621836633,-1,10280,16127
37621982963,37621982959,-4,967,3001
37624633522,37624633501,-21,1213,625
37626895566,37626895562,-4,864,1158
37628356934,37628356928,-6,3030,9943
37628942179,37628942175,-4,756,2478
37632991603,37632991598,-5,1390,2194
37635153753,37635153746,-7,776,2432
37635845233,37635845226,-7,924,2655
37646488494,37646488488,-6,1219,3013
37650462698,37650462702,4,12751,8008
37652100484,37652100479,-5,1548,3624
37655935964,37655935961,-3,889,3660
37655976353,37655976349,-4,452,1124
37660128346,37660128342,-4,682,3363
37662179318,37662179315,-3,1321,3179
37662407721,37662407718,-3,1359,1768
37663201066,37663201064,-2,1083,1879
37668588671,37668588665,-6,1130,2121
37671999842,37671999835,-7,1170,2989
37672075804,37672075823,19,223,825
37673231454,37673231447,-7,1188,3972
37674826459,37674826454,-5,794,3059
37674886002,37674886005,3,190,1213
37675759423,37675759417,-6,1018,3911
37679333537,37679333543,6,2674,1111
37687314605,37687314600,-5,1095,2710
37687575445,37687575442,-3,1651,3162
37689134361,37689134358,-3,814,3161
37689426930,37689426926,-4,720,2266
37691293625,37691293629,4,2647,1598
37695424027,37695424021,-6,873,3640
37695690895,37695690893,-2,1056,2641
37696037293,37696037289,-4,834,2900
37696372689,37696372709,20,1420,3562
37697769835,37697769830,-5,1026,2613
37699849326,37699849322,-4,1043,1766
37701069650,37701069647,-3,1585,3553
37707089426,37707089420,-6,1017,2353
37708686837,37708686842,5,6884,1632
37709426836,37709426846,10,252,1314
37709820121,37709820122,1,16382,7147
37710017778,37710017773,-5,1350,3917
37712785304,37712785324,20,5634,1667
37713023822,37713023816,-6,1365,2882
37713293504,37713293519,15,108,749
37713856362,37713856374,12,869,2677
37716108117,37716108113,-4,1118,2582
37716611862,37716611858,-4,1070,3148
37719105372,37719105369,-3,1806,2605
37724940378,37724940375,-3,884,1621
37728624618,37728624614,-4,1193,2192
37731967059,37731967055,-4,549,3482
37732067255,37732067257,2,3857,3569
37735521795,37735521790,-5,999,4487
37736989142,37736989138,-4,839,3598
37746028113,37746028112,-1,12816,18977
37749087185,37749087179,-6,885,3168
37749653761,37749653755,-6,1277,3920
37750408546,37750408540,-6,994,3140
37752739901,37752739895,-6,1179,3490
37765822117,37765822110,-7,946,2070
37767546315,37767546328,13,416,1400
37769398631,37769398626,-5,1143,4443
37769652618,37769652634,16,1031,2364
37772243795,37772243791,-4,604,1637
37776127115,37776127110,-5,976,2688
37779456344,37779456342,-2,1824,2751
37781290486,37781290480,-6,650,2010
37784404706,37784404702,-4,1168,3332
37788990026,37788990021,-5,1113,3451
37793368286,37793368281,-5,1209,4574
37796827478,37796827473,-5,1064,3157
37797420062,37797420057,-5,1151,3127
37820790190,37820790186,-4,788,1735
37828235440,37828235443,3,1757,1745
37834825371,37834825365,-6,1048,2699
37838861872,37838861866,-6,857,2681
37839737741,37839737737,-4,1137,3539
37844353579,37844353573,-6,952,2875
37849539129,37849539124,-5,1687,4010
37850735337,37850735333,-4,911,3072
37855321963,37855321961,-2,1282,2752
37866143953,37866143949,-4,834,3300
37866309979,37866309976,-3,810,1985
37866577367,37866577361,-6,854,3118
37867657720,37867657714,-6,84,1443
37869155378,37869155374,-4,1056,3616
37870681391,37870681385,-6,997,2726
37872334630,37872334623,-7,1183,3649
37875960901,37875960896,-5,1201,3184
37876511468,37876511462,-6,1112,2722
37887902682,37887902678,-4,631,1791
37888176021,37888176017,-4,988,2497
37891436351,37891436347,-4,1378,3833
37895529109,37895529103,-6,812,2928
37896009610,37896009630,20,1197,3495
37902325078,37902325074,-4,943,2303
37902510520,37902510537,17,742,1571
37904426990,37904426985,-5,924,3380
37904502370,37904502381,11,240,1074
37910370567,37910370561,-6,1046,2304
37925623602,37925623599,-3,724,2876
37926443851,37926443841,-10,146,1171
37926732209,37926732229,20,1025,2466
37933258871,37933258890,19,637,3113
37938924194,37938924189,-5,884,2895
37941490724,37941490730,6,252,1140
37942485888,37942485875,-13,512,1131
37943528390,37943528383,-7,642,2880
37944543754,37944543770,16,758,1651
37950918790,37950918786,-4,1276,3919
37952729017,37952729013,-4,857,2455
37953826232,37953826227,-5,1228,2223
37954660868,37954660861,-7,742,3274
37959544369,37959544369,0,2089,3219
37960116146,37960116142,-4,1147,3270
37964393533,37964393529,-4,1074,3963
37965556202,37965556196,-6,1078,3710
37974038347,37974038344,-3,1274,2514
37974503879,37974503887,8,2643,1314
37976697070,37976697065,-5,1059,4376
37981342107,37981342100,-7,1072,4111
37989595481,37989595478,-3,872,2194
37997934399,37997934399,0,2337,4566
37998971251,37998971249,-2,681,1940
37999217657,37999217677,20,1101,3943
38005264526,38005264522,-4,1129,3029
38007279399,38007279399,0,5607,7118
38012265699,38012265694,-5,1319,2620
38012771835,38012771843,8,141,941
38022467809,38022467813,4,10501,6655
38025951556,38025951549,-7,634,3400
38034492271,38034492266,-5,1024,3228
38041921362,38041921354,-8,937,2469
38042928087,38042928083,-4,1323,3035
38045398791,38045398786,-5,1144,2977
38065665747,38065665742,-5,892,3196
38066428658,38066428666,8,12550,17602
38069911129,38069911125,-4,944,3343
38070910032,38070910027,-5,209,1284
38074895673,38074895670,-3,1254,3638
38075935807,38075935802,-5,809,2340
38076941859,38076941870,11,211,757
38078827626,38078827622,-4,1301,3380
38078967809,38078967828,19,428,1765
38080935278,38080935276,-2,1209,2220
38086348051,38086348048,-3,1092,3260
38087911763,38087911758,-5,1252,3666
38088276165,38088276160,-5,980,3085
38090261763,38090261757,-6,702,2727
38100268489,38100268484,-5,934,2688
38103770670,38103770664,-6,674,3817
38104084742,38104084739,-3,1015,2935
38105380066,38105380073,7,2300,1348
38109304972,38109304966,-6,955,2272
38116952394,38116952390,-4,1396,3069
38117472573,38117472566,-7,790,2202
38117824962,38117824981,19,484,1217
38126387276,38126387279,3,3626,3115
38127519107,38127519102,-5,1014,2873
38128940451,38128940449,-2,521,2068
38129248440,38129248430,-10,592,1200
38133092078,38133092097,19,1361,3501
38138095158,38138095154,-4,1045,2388
38138785374,38138785370,-4,770,3829
38140599186,38140599182,-4,885,2354
38142482579,38142482578,-1,1182,2030
38143990274,38143990270,-4,1350,3219
38144197482,38144197478,-4,931,2102
38145278082,38145278088,6,4210,1441
38146294172,38146294166,-6,765,2132
38153036870,38153036866,-4,623,2855
38154549085,38154549104,19,1286,2518
38156465197,38156465191,-6,941,2841
38159758738,38159758735,-3,802,2056
38160964286,38160964281,-5,743,2939
38165565934,38165565930,-4,762,2531
38166392851,38166392846,-5,795,2667
38166557561,38166557545,-16,15,1046
38172430410,38172430406,-4,609,974
38174144547,38174144543,-4,682,2157
38176848938,38176848934,-4,1187,3565
38177057235,38177057214,-21,201,1148
38186050879,38186050871,-8,1114,3392
38189567625,38189567622,-3,1060,3651
38195790369,38195790365,-4,1134,3201
38208134685,38208134679,-6,1002,3841
38213881762,38213881758,-4,1297,3836
38214913329,38214913330,1,1231,2199
38221811754,38221811747,-7,1072,3328
38221969374,38221969369,-5,919,2644
38228421059,38228421053,-6,1095,3205
38231601982,38231601976,-6,1053,3627
38233775348,38233775341,-7,1103,3538
38235478919,38235478913,-6,1045,3694
38246597420,38246597416,-4,1048,2920
38250625229,38250625224,-5,842,2136
38257795483,38257795478,-5,918,3848
38258316403,38258316397,-6,85,2687
38262894501,38262894495,-6,1069,3769
38263359162,38263359176,14,581,1914
38265227986,38265227981,-5,1110,3547
38269484957,38269484953,-4,798,3244
38270439458,38270439453,-5,768,2740
38283491193,38283491189,-4,1693,2850
38305785635,38305785632,-3,777,1941
38306554204,38306554198,-6,1230,3182
38314318502,38314318496,-6,1478,3908
38314588187,38314588179,-8,183,958
38318487937,38318487933,-4,722,2512
38319448042,38319448036,-6,1063,3955
38320346554,38320346555,1,2628,1618
38320504965,38320504961,-4,1632,3081
38321511817,38321511813,-4,563,2820
38326060939,38326060935,-4,1055,2997
38326540912,38326540917,5,2362,1131
38330411151,38330411145,-6,841,2079
38333518678,38333518675,-3,1822,3407
38334754463,38334754458,-5,1265,3327
38342073699,38342073694,-5,1380,3514
38344115631,38344115625,-6,860,3155
38344339856,38344339876,20,732,2519
38344369376,38344369369,-7,1693,4652
38344430610,38344430608,-2,1324,1540
38346661538,38346661541,3,1649,1122
38348298238,38348298232,-6,1803,4647
38350105668,38350105665,-3,1217,2146
38352087554,38352087551,-3,1041,2922
38357821627,38357821622,-5,837,2639
38359090716,38359090713,-3,983,1770
38362274917,38362274913,-4,1279,2558
38368599791,38368599792,1,667,1549
38369473880,38369473874,-6,861,2469
38369541635,38369541612,-23,144,1739
38371634442,38371634437,-5,1299,2807
38373086722,38373086718,-4,995,1979
38373323963,38373323963,0,19776,22299
38382425434,38382425429,-5,1192,3257
38385907514,38385907509,-5,947,2467
38386378239,38386378234,-5,1009,2324
38391903553,38391903547,-6,863,2995
38392138010,38392138031,21,906,2954
38393330066,38393330060,-6,825,2243
38393676079,38393676074,-5,1325,3749
38394378379,38394378374,-5,938,3722
38404272330,38404272327,-3,954,2446
38405665099,38405665096,-3,834,2725
38408389890,38408389892,2,2455,2164
38408430510,38408430506,-4,1573,3080
38408686420,38408686424,4,201,2331
38416667547,38416667551,4,39923,39597
38418134918,38418134914,-4,1747,5895
38428333249,38428333244,-5,849,2478
38432243606,38432243598,-8,948,3979
38436151227,38436151222,-5,2135,6422
38436901304,38436901299,-5,1031,1779
38437005587,38437005602,15,926,2720
38438487835,38438487831,-4,986,2819
38439345891,38439345888,-3,895,3086
38443500942,38443500937,-5,755,2621
38446295732,38446295737,5,1813,1359
38452658362,38452658367,5,3564,2291
38459810687,38459810682,-5,972,3921
38462593799,38462593794,-5,766,3330
38463229354,38463229354,0,1593,2308
38469409495,38469409490,-5,989,3675
38474666562,38474666555,-7,1045,3328
38476763378,38476763375,-3,895,2816
38479129671,38479129667,-4,1025,2019
38479590617,38479590613,-4,720,2238
38482163011,38482163005,-6,1308,3166
38486013349,38486013347,-2,1856,2377
38487907499,38487907495,-4,802,2615
38488141621,38488141614,-7,1740,8043
38490875503,38490875498,-5,1564,4969
38493649091,38493649086,-5,1218,3574
38498347596,38498347598,2,2087,1610
38499932954,38499932937,-17,182,1068
38501640817,38501640811,-6,1647,3995
38513927946,38513927941,-5,1022,2755
38520320921,38520320916,-5,1100,2706
38521441646,38521441644,-2,1022,1813
38531685274,38531685270,-4,1182,2609
38532066228,38532066247,19,1148,3696
38532413841,38532413838,-3,789,2694
38532954728,38532954748,20,819,2247
38533249929,38533249934,5,1659,935
38536774622,38536774617,-5,1212,3580
38542143964,38542143959,-5,1072,3124
38542863747,38542863734,-13,83,1234
38546831108,38546831102,-6,1152,3100
38547564201,38547564194,-7,1100,4484
38550067797,38550067793,-4,586,1960
38551596795,38551596788,-7,890,1364
38552841835,38552841829,-6,704,2961
38554556649,38554556642,-7,630,1829
38557336386,38557336386,0,1080,1774
38558587075,38558587066,-9,166,957
38562359048,38562359049,1,1506,1441
38565300155,38565300161,6,4325,2540
38569511358,38569511354,-4,1071,2889
38579277961,38579277970,9,16615,21423
38580212866,38580212860,-6,1057,3307
38581881202,38581881208,6,3231,1655
38583434582,38583434577,-5,1076,2385
38585461359,38585461351,-8,898,5519
38590301641,38590301634,-7,958,4905
38592279967,38592279965,-2,659,1817
38594515180,38594515176,-4,1846,4614
38601296193,38601296196,3,3270,3071
38602220246,38602220242,-4,1026,2487
38602639835,38602639846,11,339,897
38604640510,38604640506,-4,1076,2672
38607883989,38607883985,-4,1143,2328
38610083903,38610083909,6,1479,891
38631168263,38631168262,-1,1339,2261
38635594670,38635594667,-3,910,1679
38648622118,38648622115,-3,1375,3173
38655501135,38655501130,-5,1454,3691
38655716511,38655716526,15,12288,44762
38657267928,38657267922,-6,1244,2371
38671017843,38671017838,-5,989,3035
38674364837,38674364830,-7,408,1643
38680874367,38680874375,8,3636,1194
38681036666,38681036662,-4,1001,2908
38685781007,38685780999,-8,1078,3061
38687872990,38687872985,-5,1190,3223
38691038511,38691038511,0,1370,2012
38691462854,38691462850,-4,1054,2950
38691579541,38691579534,-7,1222,2550
38693668963,38693668960,-3,850,1583
38695706950,38695706945,-5,1107,2804
38703095021,38703095015,-6,2086,6802
38703329979,38703329975,-4,795,2509
38709425461,38709425458,-3,697,2463
38719198963,38719198957,-6,1441,3962
38722695650,38722695647,-3,967,1625
38724814760,38724814755,-5,792,2716
38726208909,38726208903,-6,697,2382
38727523645,38727523641,-4,1175,3169
38730359308,38730359302,-6,1580,4021
38731926463,38731926463,0,1785,1829
38733650743,38733650739,-4,1054,2661
38752583777,38752583775,-2,1917,3022
38754230466,38754230474,8,87685,41384
38760120010,38760120004,-6,1079,2631
38763455151,38763455153,2,1155,955
38764127542,38764127537,-5,1822,7735
38764592636,38764592650,14,104,1006
38768562315,38768562309,-6,1824,4329
38771603118,38771603114,-4,968,3825
38775465695,38775465702,7,3406,1296
38778131926,38778131930,4,2638,1965
38779212236,38779212234,-2,1245,2128
38785064231,38785064233,2,1583,1404
38786251466,38786251462,-4,1166,2732
38786998379,38786998375,-4,571,1407
38788259749,38788259745,-4,1180,3326
38793208723,38793208717,-6,1168,3555
38795036011,38795036008,-3,924,3155
38800570694,38800570690,-4,1194,3090
38801152905,38801152923,18,30,1358
38801518850,38801518863,13,383,941
38816033324,38816033319,-5,1073,3105
38820062088,38820062086,-2,1016,3642
38821565531,38821565529,-2,1468,2689
38821651318,38821651315,-3,605,1074
38824894924,38824894919,-5,806,2429
38828624515,38828624510,-5,1065,2502
38835586022,38835586017,-5,1081,2502
38835725980,38835725986,6,26593,43351
38837364248,38837364244,-4,1334,2935
38838630547,38838630541,-6,1025,3455
38839498555,38839498550,-5,1477,3000
38843966523,38843966515,-8,1106,3182
38844252771,38844252753,-18,872,3235
38844734169,38844734174,5,2202,1583
38850674538,38850674534,-4,1397,2096
38859539638,38859539633,-5,1108,3766
38862675305,38862675294,-11,1352,6194
38863745075,38863745070,-5,649,2323
38866449158,38866449154,-4,822,2706
38866715723,38866715707,-16,1055,1476
38872047481,38872047474,-7,1239,3870
38877762578,38877762573,-5,749,2117
38878354087,38878354082,-5,828,2139
38889525516,38889525513,-3,1448,2855
38891869468,38891869467,-1,1307,2330
38896422410,38896422406,-4,949,2770
38898827170,38898827165,-5,1183,2797
38906594520,38906594517,-3,31347,13109
38909993194,38909993188,-6,714,3110
38912266694,38912266690,-4,1107,2916
38920437720,38920437717,-3,1189,3058
38920570041,38920570042,1,1478,2125
38921295921,38921295937,16,299,866
38926634028,38926634023,-5,931,3147
38930403140,38930403135,-5,1154,1811
38931582915,38931582913,-2,1357,2556
38933847709,38933847706,-3,947,3438
38942176609,38942176605,-4,539,1547
38946284516,38946284511,-5,1230,2347
38947996962,38947996957,-5,861,3533
38949171197,38949171192,-5,1310,4045
38953255590,38953255585,-5,1451,4556
38964220167,38964220162,-5,2395,4983
38966580419,38966580413,-6,1185,3185
38967669430,38967669425,-5,703,2478
38970731431,38970731426,-5,789,2804
38979398519,38979398537,18,345,1408
38982140581,38982140578,-3,1262,3421
38995799290,38995799285,-5,1148,2101
39013743341,39013743337,-4,619,2465
39014229731,39014229728,-3,1118,2924
39017186262,39017186258,-4,999,1712
39018110967,39018110964,-3,1140,3064
39019568019,39019568013,-6,1224,4591
39024697374,39024697370,-4,1153,2633
39029174604,39029174595,-9,994,2735
39029587570,39029587565,-5,771,2680
39035323107,39035323103,-4,1130,3368
39040595211,39040595206,-5,1017,3589
39040986525,39040986520,-5,967,3699
39044222359,39044222355,-4,1096,3187
39044365468,39044365487,19,447,1809
39049983187,39049983182,-5,1134,2631
39050661163,39050661181,18,845,3007
39052853967,39052853962,-5,1144,2768
39065254358,39065254354,-4,1044,2360
39072442582,39072442578,-4,1303,2684
39073041497,39073041510,13,274,1406
39073636650,39073636646,-4,1014,2782
39076090571,39076090566,-5,1232,2343
39077830819,39077830818,-1,997,1833
39082204055,39082204052,-3,1362,2798
39085681538,39085681535,-3,1022,2788
39089430964,39089430958,-6,901,2643
39089838703,39089838697,-6,1225,3475
39091535199,39091535194,-5,819,2479
39092474914,39092474913,-1,847,1741
39100282124,39100282132,8,13618,36150
39102582167,39102582161,-6,1077,2681
39104816827,39104816823,-4,1182,3195
39104941642,39104941637,-5,841,2530
39109210115,39109210131,16,439,1603
39123539266,39123539262,-4,1663,4025
39127191223,39127191218,-5,585,3079
39129543033,39129543029,-4,1183,2720
39135235542,39135235538,-4,1190,3256
39137198203,39137198197,-6,1174,4420
39139507529,39139507529,0,1216,2032
39144623728,39144623724,-4,954,2338
39144677082,39144677069,-13,165,1294
39154369916,39154369909,-7,37272,13178
39155266647,39155266654,7,2900,1133
39157180594,39157180587,-7,746,2307
39159188591,39159188588,-3,1307,3174
39163415565,39163415562,-3,1243,1754
39168431371,39168431366,-5,1417,3492
39169217083,39169217078,-5,1052,1996
39169561848,39169561850,2,3379,2805
39172453674,39172453669,-5,704,2597
39174826722,39174826715,-7,612,3702
39185576631,39185576629,-2,1250,2912
39187633346,39187633341,-5,1275,2803
39192284898,39192284894,-4,959,3182
39192658095,39192658093,-2,1103,2775
39195760747,39195760743,-4,915,2656
39195833585,39195833596,11,472,920
39197043411,39197043408,-3,1571,1985
39200314711,39200314711,0,2550,3136
39200446515,39200446509,-6,1073,3092
39207787486,39207787482,-4,2783,6087
39208617639,39208617634,-5,1338,3361
39208900138,39208900153,15,612,2137
39209102215,39209102213,-2,1413,1864
39210927374,39210927369,-5,1240,3278
39215560067,39215560045,-22,1104,1098
39221495425,39221495420,-5,1380,3606
39221796478,39221796473,-5,1090,3095
39224065637,39224065629,-8,1599,6781
39226122774,39226122770,-4,1092,3657
39231074158,39231074153,-5,1067,3056
39231911468,39231911483,15,702,3533
39235980693,39235980687,-6,1090,3055
39238006745,39238006761,16,611,2396
39244116182,39244116178,-4,1000,2615
39244187340,39244187326,-14,788,3263
39249740686,39249740682,-4,775,1754
39255739897,39255739890,-7,1292,2571
39257633550,39257633550,0,2961,3580
39259989306,39259989303,-3,956,2632
39266056406,39266056401,-5,1287,2791
39268605956,39268605953,-3,645,1771
39272009226,39272009222,-4,1700,3249
39274062593,39274062586,-7,1065,3630
39279199221,39279199215,-6,887,2938
39280998494,39280998490,-4,864,2977
39281996986,39281996980,-6,883,3865
39282376288,39282376284,-4,1328,2860
39283219002,39283219020,18,1060,4152
39285284650,39285284644,-6,696,2621
39287319786,39287319783,-3,842,3283
39294733102,39294733097,-5,1137,2733
39295501874,39295501867,-7,907,2586
39296119355,39296119352,-3,1067,2436
39299413503,39299413499,-4,1223,3100
39299529297,39299529279,-18,234,1028
39301308618,39301308613,-5,1408,4198
39301492960,39301492954,-6,23,1384
39312711229,39312711224,-5,1057,3623
39319141810,39319141805,-5,1497,4079
39325046646,39325046639,-7,857,2786
39326403731,39326403725,-6,1007,2965
39326603246,39326603242,-4,1363,3956
39333559334,39333559335,1,2185,1994
39342228593,39342228588,-5,1136,2937
39345141826,39345141818,-8,701,1345
39351145729,39351145725,-4,1093,3418
39352191478,39352191475,-3,964,1883
39352334728,39352334746,18,366,1284
39354252842,39354252836,-6,1313,5209
39357559218,39357559210,-8,1075,3843
39360227265,39360227262,-3,695,2233
39367543138,39367543133,-5,1130,2883
39369513546,39369513542,-4,801,2562
39369923488,39369923511,23,797,1963
39370571931,39370571926,-5,1388,3210
39370606183,39370606181,-2,936,2696
39374186118,39374186114,-4,1020,3303
39374941203,39374941201,-2,1187,2408
39375288910,39375288905,-5,1112,2324
39377182332,39377182327,-5,875,3434
39377814176,39377814167,-9,269,703
39378842875,39378842870,-5,1126,2001
39380300101,39380300097,-4,873,2587
39380490658,39380490653,-5,1078,3115
39399673837,39399673832,-5,1074,3082
39405338501,39405338494,-7,1053,2384
39409965250,39409965246,-4,1076,2789
39413374216,39413374211,-5,1129,3212
39414243811,39414243799,-12,119,812
39418382302,39418382297,-5,934,2751
39419358835,39419358829,-6,784,2931
39423840558,39423840553,-5,1337,4257
39426352744,39426352740,-4,18855,10782
39433216143,39433216149,6,3681,1820
39437636097,39437636091,-6,1312,3089
39439136566,39439136561,-5,748,2760
39441206900,39441206894,-6,1172,3006
39442606687,39442606682,-5,1520,3879
39445815547,39445815542,-5,1186,3258
39445890258,39445890245,-13,1009,2589
39450934687,39450934683,-4,1300,2900
39459081899,39459081894,-5,1818,2801
39463984896,39463984894,-2,1090,2240
39464816572,39464816566,-6,1481,5280
39468613050,39468613046,-4,737,3576
39469659615,39469659610,-5,674,2951
39474755913,39474755908,-5,1165,3465
39483547566,39483547562,-4,922,2742
39486883052,39486883047,-5,752,2808
39487269616,39487269632,16,459,4145
39492847503,39492847497,-6,1377,2873
39498340515,39498340511,-4,1148,2900
39513220416,39513220417,1,332,1238
39514609688,39514609685,-3,1012,2608
39515316801,39515316818,17,281,1964
39517065109,39517065109,0,1387,1995
39518255206,39518255201,-5,1337,3576
39519633491,39519633495,4,1600,1475
39524720618,39524720615,-3,1132,3227
39527932714,39527932709,-5,1125,3795
39529669318,39529669314,-4,1090,3167
39533507173,39533507171,-2,1314,2424
39533673227,39533673213,-14,120,778
39535820921,39535820916,-5,1030,2932
39542134599,39542134597,-2,1178,2019
39547540082,39547540081,-1,950,1256
39547995550,39547995550,0,2365,2533
39550440882,39550440877,-5,834,1333
39556960470,39556960465,-5,949,2055
39562018672,39562018666,-6,748,3618
39567456142,39567456139,-3,896,2765
39569996567,39569996560,-7,1194,3893
39571649111,39571649111,0,116,808
39575951330,39575951326,-4,1099,3062
39579788569,39579788571,2,1404,1700
39586047759,39586047753,-6,545,2890
39590085151,39590085146,-5,960,2661
39591067986,39591067980,-6,1014,2792
39593368071,39593368067,-4,950,2894
39597819133,39597819131,-2,1350,2614
39598572468,39598572474,6,208,1123
39604489251,39604489246,-5,1441,3742
39607401711,39607401706,-5,941,2745
39609103542,39609103546,4,1535,1074
39610099116,39610099120,4,2774,1471
39611744382,39611744376,-6,1030,3016
39626204570,39626204575,5,1465,1114
39630945468,39630945463,-5,837,2732
39635128936,39635128938,2,740,1465
39639695192,39639695187,-5,1084,4113
39640537473,39640537468,-5,1231,2166
39641903390,39641903387,-3,1183,3118
39647438148,39647438144,-4,659,2705
39649009978,39649009975,-3,1382,2391
39649971200,39649971195,-5,897,3525
39653480426,39653480422,-4,839,2190
39666573613,39666573606,-7,1101,4502
39670751471,39670751466,-5,703,1858
39673668542,39673668535,-7,1131,6412
39674914262,39674914257,-5,1745,6493
39676072253,39676072249,-4,1485,3201
39683417542,39683417543,1,1384,2030
39687069670,39687069665,-5,1086,3409
39690533526,39690533521,-5,1257,3949
39692193770,39692193769,-1,1029,1287
39700925649,39700925653,4,1737,1471
39702720841,39702720846,5,4370,2165
39705329219,39705329214,-5,1075,3185
39705717286,39705717285,-1,3158,4749
39708025071,39708025068,-3,906,2067
39708696320,39708696338,18,1134,2751
39714141096,39714141094,-2,781,2465
39717899344,39717899362,18,918,2231
39719373162,39719373158,-4,910,3365
39721018234,39721018230,-4,1230,3911
39721070251,39721070245,-6,950,2662
39724235241,39724235236,-5,1421,3553
39727416623,39727416620,-3,787,2402
39728844757,39728844758,1,1753,1580
39738260525,39738260524,-1,717,2025
39740721418,39740721414,-4,1225,1773
39741493522,39741493538,16,810,2277
39742205497,39742205513,16,272,1075
39744422475,39744422478,3,1809,1472
39748296273,39748296266,-7,960,2785
39751905896,39751905891,-5,907,3315
39752043585,39752043601,16,214,1062
39752837378,39752837379,1,1845,2399
39755309630,39755309633,3,2626,2111
39759399107,39759399102,-5,1621,3248
39766685935,39766685933,-2,1083,3447
39772208987,39772208982,-5,734,2781
39772708788,39772708802,14,251,984
39773398362,39773398359,-3,1431,3258
39774026861,39774026857,-4,840,2285
39774106578,39774106573,-5,1466,5474
39774486428,39774486414,-14,4,760
39777207115,39777207111,-4,1288,2319
39778994224,39778994238,14,377,1549
39782635336,39782635333,-3,1038,3643
39783509278,39783509273,-5,967,4804
39786651192,39786651187,-5,1065,3184
39786903463,39786903462,-1,1012,2262
39790528643,39790528638,-5,1007,2325
39790899706,39790899714,8,49,1087
39791263427,39791263430,3,2194,2017
39791534115,39791534113,-2,1140,2407
39796950349,39796950346,-3,1228,2418
39797838566,39797838561,-5,884,3244
39800951790,39800951785,-5,1183,2711
39803795465,39803795460,-5,1127,4229
39803988066,39803988078,12,359,556
39804027331,39804027325,-6,960,3435
39805207254,39805207249,-5,646,2582
39810166211,39810166207,-4,973,2862
39810251818,39810251799,-19,695,2516
39811168225,39811168221,-4,901,3954
39811405274,39811405295,21,463,1134
39812124491,39812124500,9,712,1628
39816974100,39816974094,-6,1110,2823
39819748580,39819748574,-6,1518,4602
39822220473,39822220469,-4,1113,3058
39823455614,39823455607,-7,1149,3244
39830190687,39830190681,-6,709,1673
39830560641,39830560643,2,9,906
39830901922,39830901941,19,771,2776
39832543217,39832543212,-5,796,2949
39833562627,39833562622,-5,986,2666
39834663351,39834663350,-1,826,1277
39835543274,39835543270,-4,748,3333
39844970610,39844970614,4,1334,712
39845568133,39845568139,6,5930,1921
39851147065,39851147060,-5,29597,13991
39851673213,39851673208,-5,1650,3535
39852448835,39852448827,-8,806,4124
39854546978,39854546974,-4,869,1986
39857506331,39857506326,-5,1719,4508
39857949693,39857949690,-3,1362,1956
39861612053,39861612049,-4,1569,3032
39863522378,39863522379,1,2639,2951
39864652822,39864652823,1,1286,1097
39865830881,39865830877,-4,1053,3324
39866492995,39866492990,-5,1106,4748
39866855228,39866855207,-21,626,2936
39873814854,39873814850,-4,989,3150
39874940099,39874940099,0,2191,2351
39875041838,39875041832,-6,1372,4935
39879382383,39879382378,-5,1181,4431
39881316119,39881316116,-3,786,3109
39883296408,39883296403,-5,1128,3505
39883886052,39883886046,-6,1351,3098
39885075843,39885075838,-5,1229,3082
39901931977,39901931973,-4,1175,2324
39902237956,39902237974,18,598,3063
39904027203,39904027197,-6,891,3991
39905685815,39905685811,-4,1407,3144
39908935242,39908935237,-5,1211,2796
39909847601,39909847620,19,201,843
39913136103,39913136097,-6,773,3305
39916328718,39916328713,-5,1429,3453
39916780803,39916780797,-6,1077,2471
39928024638,39928024633,-5,865,3688
39942553570,39942553566,-4,1031,3694
39944778227,39944778222,-5,1116,3002
39949561178,39949561174,-4,774,2555
39952761887,39952761882,-5,840,2691
39954270782,39954270778,-4,1331,2859
39956201126,39956201130,4,8464,4133
39959590706,39959590701,-5,1298,3650
39974236627,39974236623,-4,526,1946
39978943697,39978943693,-4,971,3134
39984802594,39984802589,-5,1084,2845
39985098638,39985098634,-4,1223,3680
39985483714,39985483713,-1,77,2510
39989543017,39989543011,-6,1223,2655
39990304143,39990304138,-5,1076,3165
39992065137,39992065159,22,1059,3386
39993016226,39993016226,0,1032,852
39995913926,39995913921,-5,1227,3293
39999769035,39999769030,-5,910,2460
40005800905,40005800900,-5,879,2246
40013201039,40013201035,-4,2188,5202
40014559562,40014559555,-7,868,2108
40018148110,40018148105,-5,947,3025
40018641189,40018641185,-4,990,2132
40021275259,40021275255,-4,1049,3473
40021564866,40021564885,19,851,1665
40024320414,40024320406,-8,532,3341
40025972314,40025972322,8,2696,1198
40032987644,40032987639,-5,788,3223
40038927749,40038927744,-5,1300,2826
40044709760,40044709755,-5,1077,2986
40049743764,40049743758,-6,899,2935
40051070772,40051070777,5,2637,1247
40055483379,40055483373,-6,1029,3038
40060579829,40060579823,-6,941,3704
40063697694,40063697690,-4,1029,2841
40066774146,40066774142,-4,1002,3070
40067327995,40067328015,20,118,1412
40071670529,40071670526,-3,1712,3659
40074155207,40074155203,-4,1045,2377
40076714101,40076714098,-3,1302,3963
40077698819,40077698815,-4,791,2596
40080282942,40080282943,1,1263,1684
40083079842,40083079838,-4,730,3001
40083186187,40083186203,16,111,590
40086514170,40086514165,-5,1170,2501
40090614812,40090614807,-5,1124,3420
40091860826,40091860822,-4,1166,3162
40092073924,40092073938,14,285,1147
40093828418,40093828414,-4,799,1121
40094167947,40094167928,-19,217,900
40097291711,40097291706,-5,833,4372
40103107082,40103107087,5,22897,25902
40108753206,40108753205,-1,1451,1800
40120365555,40120365549,-6,999,3249
40122261503,40122261498,-5,737,1502
40135824845,40135824863,18,354,1358
40142050526,40142050523,-3,976,2588
40146750519,40146750515,-4,787,3185
40146866986,40146866995,9,229,965
40149877600,40149877595,-5,1351,4567
40151120248,40151120269,21,207,952
40152857617,40152857610,-7,880,3499
40153490288,40153490282,-6,768,2239
40156455787,40156455781,-6,761,3552
40159225649,40159225638,-11,1410,3768
40159978367,40159978363,-4,1562,3230
40171920066,40171920062,-4,1060,3094
40176352681,40176352678,-3,1135,2545
40176902136,40176902133,-3,911,2362
40178514591,40178514586,-5,1170,3092
40190831639,40190831634,-5,1075,3162
40190918299,40190918313,14,669,1135
40192979731,40192979725,-6,2171,3996
40199707075,40199707073,-2,843,2324
40201048064,40201048059,-5,931,3105
40202716232,40202716229,-3,1117,3384
40205664619,40205664616,-3,1197,3007
40207058948,40207058944,-4,1116,2948
40209200211,40209200204,-7,896,2860
40209635019,40209635016,-3,1138,3434
40210473172,40210473174,2,3070,3068
40222066843,40222066829,-14,1292,3754
40236242229,40236242223,-6,997,3607
40248730749,40248730746,-3,986,2663
40269219066,40269219063,-3,1226,2144
40271991352,40271991359,7,3860,1263
40280380413,40280380409,-4,1165,3751
40281042337,40281042331,-6,1066,2680
40282780278,40282780274,-4,1466,3152
40295498058,40295498054,-4,820,2941
40301436741,40301436737,-4,708,1545
40320118709,40320118701,-8,919,3958
40329969619,40329969613,-6,1783,3923
40332481536,40332481533,-3,1136,2911
40341218222,40341218218,-4,980,3514
40343742840,40343742834,-6,1258,3266
40348361318,40348361314,-4,1154,3295
40359456346,40359456341,-5,21911,18966
40370544357,40370544353,-4,1283,3568
40370596122,40370596118,-4,436,1285
40376429539,40376429534,-5,1031,2482
40376628763,40376628743,-20,256,1057
40377010745,40377010742,-3,564,1709
40386046935,40386046930,-5,1043,2923
40386327227,40386327207,-20,726,3047
40389515275,40389515269,-6,1102,3279
40391050410,40391050404,-6,1160,3190
40391328212,40391328227,15,282,633
40393440054,40393440049,-5,901,3801
40394734573,40394734570,-3,1140,3168
40395313879,40395313876,-3,641,1866
40395546135,40395546131,-4,936,1952
40395628712,40395628699,-13,158,1565
40400378247,40400378242,-5,1141,2764
40402221994,40402221990,-4,733,2428
40404357729,40404357723,-6,844,1609
40406065771,40406065766,-5,814,2600
40414029928,40414029925,-3,918,2581
40414099025,40414099041,16,999,3970
40415774127,40415774127,0,224,1892
40418137095,40418137089,-6,1309,3412
40421021309,40421021302,-7,1030,4331
40421201905,40421201923,18,721,3035
40422857038,40422857043,5,1682,1575
40424016081,40424016083,2,2296,2267
40426474769,40426474764,-5,978,2498
40427884281,40427884276,-5,1005,3830
40429785414,40429785406,-8,1161,5129
40432683502,40432683497,-5,774,3605
40434076672,40434076675,3,330,772
40438095044,40438095040,-4,1021,3365
40438326282,40438326283,1,1763,1766
40449848663,40449848657,-6,757,2187
40450190342,40450190341,-1,759,1217
40452812182,40452812177,-5,955,2129
40455644553,40455644549,-4,537,2235
40465627335,40465627330,-5,739,1790
40465945208,40465945209,1,201,697
40470448199,40470448195,-4,936,3159
40470663867,40470663863,-4,1022,3160
40472706673,40472706668,-5,1105,2657
40474282825,40474282818,-7,1416,3364
40476371792,40476371788,-4,810,2335
40490173968,40490173962,-6,720,2784
40490407840,40490407854,14,332,850
40491021723,40491021741,18,1123,3247
40491452946,40491452930,-16,1106,2345
40492776774,40492776774,0,727,930
40493358298,40493358293,-5,1209,2345
40504627694,40504627689,-5,827,2943
40505322368,40505322363,-5,336,788
40506680958,40506680954,-4,1173,3365
40515116891,40515116885,-6,956,3849
40518324618,40518324615,-3,1249,3174
40518611062,40518611057,-5,763,2872
40519784802,40519784807,5,4635,2633
40523272950,40523272945,-5,1026,2354
40523749527,40523749521,-6,1105,3050
40528563557,40528563563,6,1793,1310
40529454057,40529454058,1,1486,1516
40532628369,40532628362,-7,1273,3418
40532883993,40532884010,17,988,2936
40536388718,40536388714,-4,897,2184
40536889646,40536889661,15,370,2414
40542818043,40542818049,6,3438,1657
40544365065,40544365059,-6,1353,4003
40553110218,40553110214,-4,1144,3235
40559508339,40559508333,-6,1228,2728
40564782062,40564782054,-8,36021,13738
40571450898,40571450882,-16,1178,744
40571847469,40571847470,1,3207,3357
40573913619,40573913613,-6,687,1715
40574278633,40574278649,16,849,3761
40586942548,40586942543,-5,1124,2183
40588892135,40588892130,-5,895,2634
40597699506,40597699502,-4,1110,2652
40598874971,40598874968,-3,800,2872
40602556514,40602556514,0,1820,2275
40603056639,40603056642,3,4472,2347
40615636439,40615636435,-4,889,2277
40616900189,40616900184,-5,1418,4734
40618982713,40618982708,-5,1097,2921
40622564974,40622564980,6,3686,2319
40626023404,40626023405,1,2805,2776
40629026022,40629026023,1,2204,1333
40631345279,40631345274,-5,1378,2341
40631446689,40631446685,-4,871,4361
40634784751,40634784746,-5,1390,3135
40635409298,40635409294,-4,1148,3938
40643741401,40643741409,8,3919,1491
40647555574,40647555569,-5,1178,3694
40647982187,40647982183,-4,1044,1827
40650210894,40650210888,-6,2532,7141
40650705354,40650705350,-4,1186,3343
40652666542,40652666538,-4,1068,2948
40655363699,40655363699,0,830,1214
40655632090,40655632105,15,749,2993
40658706079,40658706080,1,1832,1904
40659395429,40659395423,-6,904,2801
40661975135,40661975113,-22,1042,3138
40663162127,40663162121,-6,1108,4155
40664555824,40664555834,10,519,1799
40665040810,40665040802,-8,884,2783
40668057094,40668057089,-5,908,4024
40673137947,40673137944,-3,1060,3396
40673521375,40673521374,-1,1059,1583
40675511330,40675511336,6,4911,2325
40681505113,40681505104,-9,3290,782
40684965524,40684965514,-10,1163,3154
40686232408,40686232414,6,276,1080
40691158476,40691158471,-5,1138,3241
40698119475,40698119470,-5,983,1667
40701862014,40701862008,-6,1184,3610
40701892007,40701892003,-4,1170,3933
40702872326,40702872323,-3,1003,2721
40711844013,40711844010,-3,1223,2923
40713838055,40713838050,-5,993,2780
40713874985,40713874969,-16,884,2895
40714809809,40714809805,-4,1296,3414
40715274762,40715274758,-4,1141,3143
40717611915,40717611910,-5,986,2090
40719273651,40719273646,-5,1045,4251
40720888846,40720888843,-3,1484,4279
40726104253,40726104248,-5,1443,4389
40726579281,40726579293,12,436,1413
40731459039,40731459034,-5,853,4955
40731865185,40731865205,20,1090,3624
40733608318,40733608314,-4,662,1242
40735445826,40735445820,-6,1410,4759
40739245567,40739245562,-5,1127,2408
40745219119,40745219114,-5,921,3347
40746022643,40746022641,-2,858,2209
40757382266,40757382261,-5,1519,3199
40759090475,40759090478,3,1749,1014
40764591525,40764591518,-7,1057,2227
40788657838,40788657835,-3,863,2447
40793788546,40793788541,-5,935,3204
40794609681,40794609663,-18,430,851
40798633023,40798633020,-3,1203,2866
40800136062,40800136060,-2,814,2123
40801199491,40801199488,-3,1201,4192
40817673390,40817673385,-5,2214,9107
40820777255,40820777251,-4,1090,2718
40821404462,40821404455,-7,947,2420
40822094389,40822094399,10,56232,26616
40824774295,40824774289,-6,909,3365
40824955001,40824954996,-5,1343,2955
40825049955,40825049947,-8,823,2522
40829117083,40829117084,1,2771,3115
40830823403,40830823397,-6,1172,3150
40831396637,40831396633,-4,670,1399
40835092370,40835092370,0,1123,1493
40836694303,40836694297,-6,1467,6809
40839536135,40839536132,-3,1178,1924
40845001545,40845001539,-6,1219,3813
40846075484,40846075477,-7,1895,3516
40849157709,40849157704,-5,1423,3301
40851032803,40851032820,17,537,2017
40859663070,40859663066,-4,809,3056
40865940714,40865940712,-2,978,2435
40870727943,40870727937,-6,1090,3711
40876882906,40876882909,3,2079,1631
40882070605,40882070601,-4,848,1996
40883446401,40883446396,-5,194,1110
40885778797,40885778798,1,1452,1563
40893661777,40893661779,2,2433,1707
40894276806,40894276801,-5,1002,2553
40900331955,40900331949,-6,1014,3242
40900717284,40900717287,3,2735,1432
40900829223,40900829217,-6,1006,2787
40902722143,40902722138,-5,1095,3038
40903280144,40903280139,-5,1103,3513
40916147031,40916147025,-6,1081,2534
40918556670,40918556665,-5,1408,4425
40919331460,40919331476,16,802,2678
40923265802,40923265798,-4,1091,2726
40923639819,40923639811,-8,744,2693
40923851284,40923851298,14,737,2570
40924167883,40924167878,-5,1241,2536
40925525491,40925525486,-5,961,2146
40936106853,40936106846,-7,678,2466
40939562939,40939562934,-5,1051,2971
40944542966,40944542963,-3,1704,3551
40949031880,40949031873,-7,1108,3208
40953059522,40953059514,-8,1083,2622
40953931849,40953931841,-8,1061,3864
40956861987,40956861982,-5,1054,3351
40960632117,40960632113,-4,1269,3277
40961118825,40961118821,-4,1189,3314
40964339862,40964339856,-6,1129,3375
40969872533,40969872539,6,2260,1567
40973599199,40973599195,-4,1534,2553
40974501817,40974501814,-3,1182,2880
40975289955,40975289970,15,664,2356
40979751398,40979751393,-5,1151,3821
40982608215,40982608210,-5,976,2685
40983715692,40983715703,11,453,2350
40987685203,40987685197,-6,1122,3144
40990761678,40990761672,-6,1029,3587
40993360755,40993360750,-5,1472,3737
40993610667,40993610662,-5,636,2061
40993879873,40993879893,20,1081,3022
40994338099,40994338094,-5,740,2633
40995649569,40995649565,-4,1090,3428
40996398562,40996398565,3,2102,1064
40999484747,40999484742,-5,1242,4538
41000658981,41000658975,-6,549,2362
41003127390,41003127386,-4,1166,1632
41004593774,41004593769,-5,1307,4416
41010133680,41010133673,-7,239,713
41014552463,41014552462,-1,1361,1431
41016416614,41016416609,-5,1234,3698
41031879414,41031879410,-4,1229,2898
41032332859,41032332852,-7,942,2750
41033232919,41033232914,-5,1212,3777
41033475195,41033475190,-5,999,2637
41037224063,41037224057,-6,1497,3416
41043476977,41043476971,-6,1195,3789
41046861095,41046861089,-6,670,1734
41048452991,41048453000,9,2987,1800
41049652641,41049652630,-11,108,1007
41051923843,41051923839,-4,1391,3313
41056632698,41056632693,-5,1169,3134
41058926112,41058926106,-6,545,2933
41066604376,41066604372,-4,985,3056
41069105706,41069105702,-4,970,2692
41071320943,41071320938,-5,472,2588
41072410865,41072410859,-6,1184,3145
41074010334,41074010334,0,2278,3171
41078335770,41078335767,-3,32882,56000
41079149211,41079149208,-3,743,1699
41083420719,41083420716,-3,904,2290
41083666305,41083666326,21,8,360
41086131610,41086131605,-5,999,3141
41087282491,41087282487,-4,1109,4008
41087723927,41087723922,-5,644,1612
41089073323,41089073341,18,217,1170
41089880526,41089880522,-4,1217,2560
41091705579,41091705574,-5,1065,2870
41092470881,41092470878,-3,877,2443
41092719690,41092719709,19,940,2383
41096130795,41096130790,-5,960,3311
41104051257,41104051251,-6,810,2537
41104850250,41104850243,-7,1024,2515
41107368546,41107368539,-7,831,2827
41115198129,41115198126,-3,1102,2734
41115805690,41115805706,16,89,856
41117406470,41117406465,-5,1481,4822
41121617556,41121617550,-6,957,2618
41122976994,41122976989,-5,750,1994
41123861758,41123861770,12,183,736
41124439474,41124439470,-4,1144,2517
41127446810,41127446807,-3,1240,3810
41133662390,41133662384,-6,1060,2608
41133928472,41133928464,-8,827,2454
41138447398,41138447394,-4,1059,3223
41144786837,41144786833,-4,825,2766
41169792985,41169792978,-7,947,3877
41170654855,41170654850,-5,1220,3674
41175205228,41175205233,5,3615,1950
41176359235,41176359230,-5,831,2471
41183971391,41183971398,7,12595,5702
41185885283,41185885278,-5,980,2872
41190464985,41190464979,-6,1055,3018
41194373723,41194373718,-5,853,2974
41200313819,41200313815,-4,801,2954
41201757576,41201757559,-17,27332,25115
41203307403,41203307397,-6,1047,3498
41204304289,41204304270,-19,210,1194
41209057631,41209057627,-4,855,2327
41209313658,41209313654,-4,1046,3271
41211987815,41211987806,-9,981,6867
41221923913,41221923910,-3,885,2437
41222180451,41222180470,19,420,2531
41224079110,41224079106,-4,801,1564
41224824417,41224824413,-4,900,2590
41224936041,41224936035,-6,185,687
41225148441,41225148459,18,538,1798
41225780102,41225780098,-4,1011,2127
41226721065,41226721071,6,62,1417
41227335607,41227335602,-5,1335,3814
41232055571,41232055569,-2,807,1444
41233514670,41233514665,-5,837,2426
41237210135,41237210131,-4,905,3428
41243060539,41243060533,-6,1432,3067
41247474274,41247474267,-7,995,4689
41249028603,41249028588,-15,971,1850
41250763193,41250763198,5,4548,2244
41251147687,41251147694,7,1364,602
41252362269,41252362261,-8,1354,3472
41256657023,41256657020,-3,1038,2176
41259501007,41259501002,-5,1760,6136
41261802187,41261802182,-5,1180,3614
41262325285,41262325279,-6,1173,2911
41265344188,41265344183,-5,963,3173
41267266639,41267266635,-4,1097,3628
41267932755,41267932766,11,115,923
41269407171,41269407165,-6,870,2777
41270043240,41270043256,16,669,2098
41275349512,41275349509,-3,614,1364
41280391948,41280391947,-1,918,1940
41281731979,41281731975,-4,1232,3701
41282503045,41282503039,-6,1454,4179
41283736123,41283736116,-7,1128,2935
41284702625,41284702646,21,125,546
41285265744,41285265741,-3,1327,2812
41289718149,41289718145,-4,716,2522
41290240944,41290240939,-5,1562,3421
41295028550,41295028546,-4,902,2709
41295424617,41295424598,-19,253,1181
41296398224,41296398219,-5,1120,2723
41297499898,41297499887,-11,1023,3655
41298309614,41298309611,-3,1190,3218
41299283322,41299283329,7,4688,1722
41310225222,41310225217,-5,1096,3774
41310260427,41310260427,0,236,894
41311238198,41311238192,-6,735,2909
41312142171,41312142166,-5,905,3691
41318736461,41318736457,-4,936,3067
41323662083,41323662078,-5,631,2717
41323865387,41323865382,-5,840,1841
41328331606,41328331603,-3,712,2810
41328891116,41328891122,6,203,1395
41331110842,41331110839,-3,913,2704
41333991347,41333991342,-5,1092,2681
41334920412,41334920422,10,229,824
41340277006,41340277002,-4,1412,3890
41340507666,41340507662,-4,319,967
41348472048,41348472054,6,10669,27119
41357967011,41357967016,5,1810,1179
41358375839,41358375834,-5,848,3358
41359722729,41359722724,-5,1078,2956
41364339518,41364339513,-5,985,2665
41366690027,41366690022,-5,972,3340
41367024324,41367024333,9,36,783
41369724479,41369724475,-4,1129,3146
41370935187,41370935182,-5,906,6587
41371630365,41371630387,22,1085,3053
41372632287,41372632283,-4,1136,2692
41374034558,41374034553,-5,772,2858
41374596612,41374596629,17,640,2086
41376195690,41376195685,-5,1192,4427
41383419458,41383419459,1,1454,1278
41389401326,41389401321,-5,1439,4516
41392508113,41392508106,-7,949,3657
41396519531,41396519526,-5,847,3305
41398043644,41398043641,-3,18815,9302
41400385713,41400385709,-4,1127,4264
41404355369,41404355365,-4,1157,3767
41409536161,41409536159,-2,1185,1500
41413590247,41413590241,-6,1159,4383
41413653963,41413653967,4,193,1155
41417946986,41417946979,-7,1349,3976
41418735486,41418735483,-3,795,1699
41427699226,41427699222,-4,916,2371
41433574895,41433574889,-6,665,3055
41435085600,41435085594,-6,1126,3218
41437377114,41437377121,7,9322,39532
41443608246,41443608241,-5,750,1955
41448891365,41448891361,-4,1450,3803
41451977863,41451977854,-9,788,4192
41458229218,41458229215,-3,820,3306
41460430033,41460430034,1,1588,1108
41467564638,41467564631,-7,1149,2947
41475479100,41475479097,-3,945,2601
41480915537,41480915538,1,1698,1922
41486562969,41486562964,-5,1004,3593
41487825442,41487825438,-4,962,2427
41495040275,41495040269,-6,736,3212
41496837894,41496837889,-5,1054,2197
41503453780,41503453777,-3,915,1791
41503978404,41503978399,-5,1114,3810
41506193859,41506193853,-6,1004,2443
41528007358,41528007362,4,3208,1685
41528639427,41528639433,6,1991,1449
41529179569,41529179565,-4,891,2387
41534386359,41534386353,-6,1407,3802
41542926295,41542926290,-5,1376,3034
41546373443,41546373437,-6,850,2626
41550946243,41550946245,2,1198,1371
41554378708,41554378723,15,273,1067
41558392244,41558392240,-4,1864,4170
41558711335,41558711329,-6,919,3859
41572705258,41572705252,-6,1114,3703
41586844159,41586844154,-5,1071,3814
41591196739,41591196720,-19,4578,2412
41592835711,41592835723,12,11123,42190
41598528194,41598528190,-4,1130,3409
41599241752,41599241772,20,616,2943
41599862834,41599862829,-5,1039,3272
41601765194,41601765214,20,285,1108
41609868539,41609868534,-5,1194,1979
41621571962,41621571957,-5,2316,6685
41624240407,41624240402,-5,1041,4094
41626072802,41626072798,-4,993,2408
41631770413,41631770409,-4,755,2624
41636503734,41636503730,-4,1199,2778
41639437393,41639437387,-6,1102,2574
41640505552,41640505547,-5,859,2953
41651083723,41651083719,-4,742,2039
41653862549,41653862547,-2,1077,2004
41666345123,41666345125,2,2290,2593
41670329812,41670329818,6,1851,839
41676271266,41676271262,-4,834,3457
41679641882,41679641877,-5,688,2508
41683284750,41683284745,-5,818,2977
41683958074,41683958071,-3,1066,3522
41685051629,41685051625,-4,1219,3117
41685247634,41685247651,17,950,1988
41685742763,41685742758,-5,1320,2581
41689928173,41689928167,-6,1533,3871
41694807162,41694807158,-4,994,3015
41695078585,41695078578,-7,1078,3504
41699645997,41699645994,-3,905,2110
41699805616,41699805599,-17,677,1508
41708548778,41708548774,-4,1510,3816
41710757467,41710757461,-6,921,3280
41713005337,41713005332,-5,1151,3506
41716525149,41716525144,-5,720,4287
41716879126,41716879121,-5,1066,3621
41725761472,41725761468,-4,21770,18332
41727539442,41727539436,-6,989,2568
41734651962,41734651959,-3,1217,3546
41735326104,41735326098,-6,1214,3316
41735854674,41735854673,-1,853,2469
41736194106,41736194099,-7,82,1132
41738292389,41738292385,-4,1236,3002
41741383899,41741383894,-5,955,3881
41745035498,41745035495,-3,810,2768
41745158035,41745158029,-6,1243,2964
41746167511,41746167507,-4,1628,3656
41747260901,41747260897,-4,1386,2734
41762634778,41762634778,0,26170,37291
41766838711,41766838707,-4,1405,3195
41779278154,41779278151,-3,980,1716
41781594873,41781594866,-7,1080,3429
41787130742,41787130737,-5,938,2517
41789637794,41789637790,-4,1158,2419
41790274406,41790274399,-7,1064,3777
41791511330,41791511315,-15,42932,14126
41792353337,41792353339,2,1069,847
41794817105,41794817101,-4,709,2652
41796421777,41796421772,-5,775,3527
41799663574,41799663573,-1,1371,1770
41801241314,41801241315,1,749,980
41802411230,41802411234,4,2945,1716
41804707967,41804707963,-4,1399,2843
41808318083,41808318077,-6,1429,4255
41810588753,41810588749,-4,1224,3292
41811702145,41811702138,-7,1262,4340
41825158130,41825158126,-4,1302,3719
41825415699,41825415695,-4,727,1497
41829722739,41829722732,-7,853,2046
41830084622,41830084619,-3,846,2362
41839051102,41839051098,-4,1036,3188
41839173188,41839173197,9,778,2258
41843493931,41843493925,-6,956,3586
41844866967,41844866965,-2,769,3194
41846590391,41846590387,-4,1261,5022
41847898401,41847898397,-4,990,3420
41848169933,41848169926,-7,1353,3868
41855050149,41855050142,-7,1079,3715
41856472215,41856472225,10,12840,22988
41858276217,41858276217,0,6799,8949
41859427252,41859427248,-4,1633,3206
41860457593,41860457586,-7,1097,3113
41862947483,41862947478,-5,1226,3189
41863072524,41863072518,-6,1314,5325
41865368480,41865368474,-6,951,3513
41868931658,41868931654,-4,788,2608
41870791047,41870791042,-5,954,2125
41872124409,41872124428,19,224,789
41874180040,41874180037,-3,1367,2190
41877616125,41877616118,-7,1282,2647
41878142890,41878142888,-2,897,3932
41886130991,41886130990,-1,1193,2069
41887189581,41887189578,-3,971,3520
41890551415,41890551410,-5,777,2177
41891966902,41891966901,-1,2394,2906
41895190678,41895190673,-5,796,1653
41899796302,41899796297,-5,1097,3026
41907564772,41907564769,-3,836,1811
41907851127,41907851122,-5,1077,2753
41909450167,41909450162,-5,873,3866
41911168721,41911168732,11,15777,51007
41911490507,41911490505,-2,1435,2618
41913183990,41913183985,-5,927,3227
41915924458,41915924457,-1,1768,2319
41917019255,41917019250,-5,1533,4078
41925171675,41925171669,-6,1173,3201
41925281003,41925280999,-4,1109,2797
41925546496,41925546499,3,2125,1385
41926492278,41926492271,-7,1117,3499
41930502167,41930502164,-3,1034,2992
41934160460,41934160455,-5,904,3233
41937579421,41937579415,-6,1037,4232
41938444180,41938444185,5,1120,753
41943778517,41943778521,4,3387,3323
41943942699,41943942696,-3,837,2123
41945454362,41945454356,-6,1027,3006
41946194631,41946194623,-8,787,3305
41952546426,41952546422,-4,759,2922
41953223807,41953223805,-2,1753,3347
41957798910,41957798913,3,3093,2775
41959952437,41959952453,16,14911,52517
41970185150,41970185149,-1,1278,1968
41973097818,41973097811,-7,929,3675
41982429229,41982429224,-5,872,2098
41984006087,41984006082,-5,1028,3179
41987002323,41987002318,-5,634,2166
41987719351,41987719346,-5,1198,2407
41988333747,41988333741,-6,1146,3961
41990287200,41990287197,-3,1398,2331
41992297142,41992297138,-4,1026,2377
41993446149,41993446143,-6,855,2494
42000346379,42000346374,-5,1038,2291
42000802754,42000802749,-5,1078,2854
42005240658,42005240653,-5,1510,3917
42005898863,42005898861,-2,1237,1878
42009441933,42009441927,-6,1105,2142
42015256206,42015256206,0,1005,1414
42015453792,42015453789,-3,924,2451
42019325526,42019325521,-5,1087,3456
42019934284,42019934278,-6,994,3101
42020200625,42020200625,0,2018,3558
42020962295,42020962289,-6,826,2702
42024319892,42024319889,-3,739,2391
42026956883,42026956879,-4,1273,2888
42028566982,42028566989,7,3248,2393
42031849283,42031849277,-6,835,2771
42039560420,42039560414,-6,1201,2709
42042045464,42042045471,7,4317,1792
42045445639,42045445635,-4,901,2311
42048603087,42048603081,-6,1331,3780
42048726862,42048726858,-4,738,2863
42054248993,42054248988,-5,1108,2800
42054818703,42054818698,-5,1179,3195
42056967447,42056967444,-3,1056,3925
42060931897,42060931897,0,1297,2197
42070518711,42070518707,-4,712,2699
42078967820,42078967816,-4,1055,3640
42091552277,42091552273,-4,1079,3358
42091824218,42091824219,1,3558,2927
42092042976,42092042971,-5,682,2406
42099321371,42099321367,-4,981,2843
42100149716,42100149709,-7,686,2418
42103566706,42103566702,-4,1389,2675
42112139227,42112139222,-5,1479,4632
42113939720,42113939713,-7,916,1817
42114308768,42114308761,-7,39,966
42117644574,42117644569,-5,1171,3132
42117829671,42117829665,-6,1218,3100
42118001721,42118001721,0,72,1680
42119082034,42119082051,17,513,2203
42131698098,42131698093,-5,1075,2943
42134682879,42134682874,-5,486,1868
42137177461,42137177456,-5,843,3007
42142001400,42142001394,-6,1134,3038
42142049570,42142049575,5,356,1278
42150119810,42150119806,-4,937,2089
42152662081,42152662081,0,2143,3046
42154336526,42154336522,-4,1413,3053
42160105349,42160105347,-2,668,2479
42164605494,42164605499,5,2689,1806
42168467653,42168467649,-4,977,2805
42171647630,42171647635,5,3181,2389
42175453375,42175453371,-4,783,2392
42176526979,42176526974,-5,1365,2556
42185072058,42185072052,-6,1110,4987
42185839123,42185839140,17,337,942
42188809130,42188809126,-4,1117,2796
42189228433,42189228414,-19,1156,2942
42189807243,42189807241,-2,875,1840
42193247281,42193247269,-12,905,2744
42198334147,42198334141,-6,876,3710
42198604504,42198604493,-11,1247,3191
42200232087,42200232082,-5,843,3203
42200662955,42200662944,-11,1196,3270
42201089842,42201089824,-18,897,1680
42201468372,42201468389,17,682,2224
42206989299,42206989297,-2,1441,2917
42212632745,42212632749,4,3538,2909
42220237009,42220237003,-6,1069,3966
42220641720,42220641737,17,341,1932
42222201828,42222201833,5,8977,20421
42228970701,42228970694,-7,859,3153
42231671362,42231671358,-4,1263,2558
42234090426,42234090421,-5,1054,2794
42237468891,42237468888,-3,957,3211
42238179278,42238179274,-4,616,2472
42240342106,42240342098,-8,946,3737
42240498658,42240498643,-15,137,1135
42242899622,42242899616,-6,1168,3932
42249684043,42249684040,-3,1142,2286
42258510445,42258510441,-4,1252,3515
42262133761,42262133756,-5,649,2477
42263918641,42263918634,-7,1183,2668
42264761135,42264761130,-5,1227,3224
42265047549,42265047543,-6,1071,4528
42267589360,42267589358,-2,1210,2872
42275543747,42275543741,-6,1195,4729
42280387435,42280387429,-6,1178,2564
42280960822,42280960817,-5,990,2764
42281058075,42281058072,-3,901,2705
42282512278,42282512273,-5,812,3372
42283162794,42283162774,-20,530,1762
42283840142,42283840138,-4,1219,3087
42284572497,42284572478,-19,353,1188
42291405963,42291405960,-3,922,2214
42295951113,42295951109,-4,1146,3429
42298852148,42298852145,-3,1132,2304
42304569545,42304569540,-5,1136,3795
42304645892,42304645896,4,151,702
42305475914,42305475901,-13,98,784
42306315960,42306315975,15,13951,48088
42307295407,42307295402,-5,699,2929
42315550754,42315550749,-5,1004,3110
42322233321,42322233319,-2,1077,2231
42329940741,42329940744,3,2246,1901
42333029661,42333029655,-6,955,3800
42334669861,42334669858,-3,804,1993
42335089489,42335089484,-5,1300,2633
42342729845,42342729840,-5,1562,3819
42345226951,42345226945,-6,1248,3295
42348137806,42348137801,-5,1086,2309
42349779207,42349779201,-6,1027,3416
42349905946,42349905945,-1,54,769
42355613490,42355613496,6,5468,2297
42356079402,42356079397,-5,997,2328
42368581947,42368581940,-7,816,2295
42372897042,42372897042,0,3270,3923
42376023150,42376023163,13,12776,1622
42379982174,42379982171,-3,1373,3085
42383707668,42383707662,-6,1277,3267
42385949958,42385949953,-5,900,1910
42390872341,42390872335,-6,1431,4053
42391757214,42391757210,-4,944,3313
42392359733,42392359729,-4,956,2703
42393154286,42393154282,-4,886,2181
42405753371,42405753367,-4,924,2670
42416501263,42416501267,4,32,706
42417756298,42417756286,-12,273,1298
42419372397,42419372401,4,1390,26648
42422382353,42422382349,-4,947,3723
42423506642,42423506637,-5,742,2864
42424472239,42424472233,-6,1297,3200
42424503750,42424503746,-4,1462,2086
42427017239,42427017238,-1,641,1931
42429363641,42429363660,19,543,1876
42430301843,42430301837,-6,1085,3169
42438109557,42438109577,20,208,1201
42443671682,42443671678,-4,737,2220
42444275739,42444275758,19,241,1213
42448577399,42448577393,-6,1234,3236
42448680277,42448680282,5,2146,888
42452745047,42452745043,-4,1168,2717
42452829649,42452829647,-2,1681,2548
42452943145,42452943162,17,782,2479
42456624888,42456624885,-3,1206,2876
42458054862,42458054857,-5,1245,3470
42459226359,42459226355,-4,1176,3405
42459382905,42459382920,15,6,1221
42467684142,42467684137,-5,1064,3437
42469523777,42469523781,4,1743,1308
42472307250,42472307245,-5,1235,3203
42476308765,42476308763,-2,1045,1260
42476729735,42476729726,-9,837,2238
42477810744,42477810739,-5,884,2634
42480747598,42480747595,-3,770,2127
42484903314,42484903310,-4,843,2674
42485671530,42485671546,16,706,1772
42487393410,42487393405,-5,773,2584
42487501528,42487501550,22,1184,2647
42490924394,42490924389,-5,925,2567
42496229699,42496229694,-5,951,3514
42497073782,42497073768,-14,2798,973
42497911902,42497911898,-4,1409,3634
42498701520,42498701515,-5,1010,3135
42506047850,42506047844,-6,899,2544
42515019922,42515019918,-4,2616,5425
42516478782,42516478777,-5,957,3625
42517985228,42517985224,-4,1402,2220
42519594546,42519594542,-4,518,1723
42524444504,42524444499,-5,601,2279
42529430491,42529430486,-5,880,3750
42529644938,42529644932,-6,1347,3764
42529741757,42529741763,6,5753,2423
42535253693,42535253688,-5,802,3308
42538023338,42538023333,-5,1255,3193
42539691061,42539691058,-3,1258,2822
42542929309,42542929306,-3,1287,2936
42545711093,42545711089,-4,1291,1905
42549998273,42549998266,-7,899,3132
42553260929,42553260922,-7,1216,3444
42553547930,42553547925,-5,1231,2952
42553826467,42553826462,-5,1123,3216
42554289211,42554289229,18,567,3172
42554646753,42554646753,0,134,601
42556151938,42556151930,-8,1204,3523
42559002446,42559002439,-7,2543,6207
42562623126,42562623116,-10,997,384
42564690042,42564690038,-4,1463,2673
42568739445,42568739442,-3,928,1846
42569874391,42569874387,-4,942,2582
42582342462,42582342457,-5,767,2070
42583294646,42583294640,-6,1417,2898
42583580613,42583580612,-1,1342,1889
42584355928,42584355923,-5,81,1301
42584862199,42584862197,-2,999,3439
42585042127,42585042123,-4,1156,3211
42592706599,42592706593,-6,525,2568
42593301342,42593301338,-4,1049,2891
42593734609,42593734629,20,271,1111
42595082007,42595082009,2,1406,1593
42600244403,42600244397,-6,676,3528
42600530073,42600530062,-11,646,2366
42601801866,42601801860,-6,996,4102
42607783733,42607783725,-8,2256,8358
42609895782,42609895785,3,1769,1943
42610811937,42610811935,-2,1059,2100
42612069246,42612069244,-2,1001,1393
42612546289,42612546305,16,800,1976
42614667291,42614667289,-2,2561,4143
42614693699,42614693695,-4,1137,2453
42615159946,42615159942,-4,1185,2143
42620040306,42620040301,-5,702,1243
42640272541,42640272542,1,1705,2193
42641114721,42641114715,-6,1054,3615
42645741663,42645741666,3,2085,2394
42648638290,42648638286,-4,795,2040
42651505442,42651505436,-6,1046,2562
42652606241,42652606220,-21,1280,310
42654345854,42654345850,-4,1257,2531
42655005661,42655005657,-4,1291,2519
42656124585,42656124581,-4,1153,3586
42658179508,42658179502,-6,1181,3979
42658879143,42658879139,-4,1055,2604
42663289525,42663289522,-3,1232,3912
42664272197,42664272197,0,1448,2506
42666274584,42666274566,-18,201,1667
42666976670,42666976679,9,2390,669
42667229685,42667229690,5,1676,1429
42673465909,42673465910,1,1089,1960
42676196059,42676196054,-5,851,2428
42688008042,42688008035,-7,734,3393
42696482167,42696482165,-2,1492,2297
42696905019,42696905026,7,3823,1470
42699439904,42699439900,-4,1467,3979
42701944043,42701944051,8,215,1251
42703827047,42703827043,-4,771,2524
42704518349,42704518338,-11,27702,16026
42706915562,42706915566,4,2511,1443
42709134550,42709134549,-1,1381,2645
42710918270,42710918265,-5,1289,3820
42712011297,42712011293,-4,1283,4226
42714707604,42714707605,1,2387,2505
42716888102,42716888097,-5,787,3551
42721769423,42721769420,-3,1198,3086
42724262775,42724262770,-5,1211,3887
42726471994,42726471989,-5,894,2694
42728943969,42728943974,5,1814,929
42732541813,42732541818,5,3731,2180
42733954148,42733954143,-5,1312,4369
42734775250,42734775247,-3,1419,3720
42743965656,42743965653,-3,1185,3152
42744036770,42744036765,-5,137,1250
42744505082,42744505083,1,1478,1228
42752016071,42752016066,-5,793,3195
42752677818,42752677833,15,563,2189
42755444069,42755444070,1,1285,1193
42774640610,42774640605,-5,1283,2681
42778051390,42778051385,-5,952,1792
42779421662,42779421658,-4,1077,3305
42780218104,42780218099,-5,1264,2779
42781839975,42781839971,-4,1170,2184
42784102313,42784102310,-3,1403,2274
42785097400,42785097397,-3,1401,3302
42790434997,42790434993,-4,1405,3110
42795536554,42795536550,-4,842,2764
42805157870,42805157864,-6,1231,3818
42805717858,42805717854,-4,396,911
42812529347,42812529341,-6,1358,3707
42813857277,42813857274,-3,997,2172
42816073739,42816073740,1,2613,1626
42820075333,42820075333,0,2325,4670
42823699872,42823699866,-6,1061,2470
42826777372,42826777379,7,1250,684
42830931831,42830931826,-5,925,2424
42831921797,42831921778,-19,1725,1037
42832174942,42832174938,-4,378,1175
42838648377,42838648374,-3,995,3834
42841225679,42841225674,-5,1407,3973
42841462646,42841462642,-4,1149,3467
42841787530,42841787523,-7,1189,2495
42852113177,42852113172,-5,1351,2992
42852870006,42852870002,-4,949,2191
42858527291,42858527286,-5,1087,2678
42858629459,42858629442,-17,1103,4027
42859218351,42859218345,-6,871,2993
42860214385,42860214378,-7,979,3097
42863394307,42863394302,-5,742,1936
42866227927,42866227925,-2,817,1589
42872668919,42872668914,-5,1107,2842
42872830410,42872830425,15,997,3043
42873433358,42873433354,-4,1362,4109
42873752099,42873752103,4,282,1176
42875848145,42875848159,14,16591,35804
42883098361,42883098355,-6,808,3488
42884295286,42884295280,-6,22947,13724
42888179635,42888179631,-4,1128,2580
42888251614,42888251609,-5,1003,2897
42898241542,42898241539,-3,946,2487
42899421882,42899421902,20,1256,2798
42903431563,42903431557,-6,922,1628
42907885214,42907885210,-4,1075,2922
42911925815,42911925811,-4,1109,2591
42913049227,42913049223,-4,814,3224
42913626547,42913626563,16,146,772
42915612817,42915612813,-4,1492,3739
42917163611,42917163607,-4,1437,3298
42919738928,42919738914,-14,127,1062
42939115251,42939115245,-6,1779,3592
42942748443,42942748438,-5,1368,2042
42944509086,42944509085,-1,9258,15263
42951263922,42951263918,-4,1164,2785
42953573360,42953573358,-2,1344,1910
42954877438,42954877434,-4,1257,2695
42956914063,42956914058,-5,1308,3037
42957073152,42957073146,-6,1068,2218
42957387050,42957387066,16,1067,2875
42967742226,42967742224,-2,2227,4542
42971356589,42971356594,5,2753,1506
42971725399,42971725394,-5,1405,3621
42973620747,42973620753,6,300,1361
42977119706,42977119704,-2,1356,2494
42977363962,42977363961,-1,903,2035
42980597357,42980597354,-3,2825,4046
42981461005,42981460999,-6,747,2817
42985518489,42985518484,-5,1112,3551
42991507174,42991507173,-1,1209,2728
43004038004,43004038010,6,3810,1609
43009370317,43009370311,-6,1253,3823
43010107184,43010107168,-16,170,1023
43010478924,43010478934,10,482,2594
43011599657,43011599653,-4,747,2011
43014271652,43014271646,-6,1281,3886
43021600060,43021600054,-6,44179,9644
43028099779,43028099773,-6,687,1547
43028664379,43028664393,14,1061,3855
43030130295,43030130291,-4,735,1888
43030453690,43030453669,-21,875,1296
43032121739,43032121722,-17,1026,2407
43036984447,43036984442,-5,1037,3383
43037380693,43037380690,-3,1068,2319
43039430026,43039430026,0,1081,2437
43043670306,43043670301,-5,1088,3170
43044781042,43044781037,-5,1330,3176
43046354459,43046354454,-5,53,1394
43047716334,43047716330,-4,1118,4525
43048883386,43048883381,-5,369,743
43055614523,43055614518,-5,883,2482
43063298286,43063298283,-3,1515,2494
43063384323,43063384341,18,1229,3503
43067743646,43067743639,-7,718,2313
43070884003,43070883998,-5,1062,3053
43071287515,43071287511,-4,1065,2885
43072684687,43072684688,1,2443,2565
43085427937,43085427931,-6,859,2952
43087109032,43087109027,-5,1767,3901
43092746351,43092746346,-5,1092,3024
43096455094,43096455090,-4,916,1814
43119529890,43119529883,-7,1191,3180
43119977214,43119977214,0,1109,1909
43122755460,43122755455,-5,1042,3887
43123004892,43123004890,-2,1855,2149
43127975154,43127975150,-4,1143,3265
43129787939,43129787934,-5,980,2070
43131387313,43131387306,-7,735,2409
43137118299,43137118296,-3,789,1986
43140834695,43140834694,-1,514,1217
43154937443,43154937439,-4,967,2819
43155504593,43155504585,-8,1057,3225
43167118540,43167118535,-5,534,1653
43168716296,43168716290,-6,1473,4876
43174196697,43174196690,-7,1146,3675
43174366638,43174366634,-4,781,2661
43183901722,43183901716,-6,996,2682
43188029062,43188029055,-7,1102,2904
43188448504,43188448488,-16,106,857
43190715252,43190715246,-6,1092,5000
43190886920,43190886943,23,1400,7666
43191456058,43191456054,-4,998,2984
43197332315,43197332310,-5,1434,4209
43197723802,43197723801,-1,672,2290
43201033438,43201033434,-4,1214,3618
43202984077,43202984069,-8,778,2775
43203319916,43203319911,-5,1058,2967
43204172899,43204172890,-9,929,2523
43205022657,43205022650,-7,1168,4028
43223348411,43223348406,-5,1114,3950
43224886425,43224886432,7,2078,1149
43229510995,43229510990,-5,1275,3616
43233249060,43233249055,-5,1008,2550
43237080967,43237080963,-4,1349,3402
43237145103,43237145100,-3,1360,3364
43238637987,43238637982,-5,564,2893
43239384714,43239384710,-4,752,3080
43242310438,43242310434,-4,954,4992
43244452680,43244452682,2,1446,1365
43245259645,43245259641,-4,1070,2406
43250437926,43250437922,-4,996,3181
43255822602,43255822597,-5,1075,2992
43258680724,43258680718,-6,1018,3481
43261035928,43261035922,-6,574,1962
43266099777,43266099778,1,2601,2468
43270147074,43270147070,-4,1106,3511
43273981175,43273981171,-4,1043,2359
43274412472,43274412482,10,144,986
43275206427,43275206412,-15,450,1146
43279272726,43279272722,-4,1194,3358
43280278019,43280278014,-5,493,2664
43280718080,43280718075,-5,1431,3279
43282083051,43282083046,-5,1064,2481
43282282778,43282282773,-5,1051,3343
43283517379,43283517376,-3,960,2498
43286673735,43286673730,-5,1164,4394
43288773130,43288773135,5,127,667
43290529125,43290529121,-4,1018,3519
43291692570,43291692586,16,473,1250
43294892766,43294892771,5,3601,2074
43295924496,43295924491,-5,1533,3693
43300793105,43300793112,7,4050,3092
43307462722,43307462715,-7,906,4639
43307904566,43307904562,-4,1164,2393
43310077272,43310077266,-6,997,2438
43310395202,43310395197,-5,281,901
43315176493,43315176489,-4,905,2713
43321596994,43321596991,-3,1324,2411
43322165302,43322165305,3,2023,1330
43323074056,43323074053,-3,979,4613
43328968533,43328968527,-6,832,2674
43332955207,43332955202,-5,1176,3144
43333056986,43333057006,20,101,1104
43333919802,43333919792,-10,26227,18934
43335024666,43335024662,-4,899,3098
43336566327,43336566325,-2,700,1938
43336877673,43336877653,-20,167,907
43339870206,43339870208,2,3669,2708
43347659371,43347659367,-4,941,2797
43347734105,43347734098,-7,1188,3007
43350045809,43350045804,-5,1313,2958
43350083080,43350083095,15,115,1648
43357132066,43357132072,6,2842,1870
43359525390,43359525386,-4,1253,4205
43376653597,43376653593,-4,1153,2863
43384014124,43384014118,-6,1286,3366
43385725235,43385725230,-5,1316,3848
43403010150,43403010149,-1,1133,2916
43403903499,43403903514,15,79,1459
43405883862,43405883857,-5,1339,2569
43412364714,43412364695,-19,1412,1144
43418890482,43418890476,-6,1299,3348
43420262720,43420262725,5,2066,1959
43421505362,43421505360,-2,1468,2574
43424433515,43424433509,-6,895,3286
43425005216,43425005230,14,364,1048
43425287502,43425287510,8,11855,22712
43425729471,43425729471,0,1170,1975
43428280522,43428280532,10,2556,1452
43431463651,43431463646,-5,1372,3949
43435997779,43435997773,-6,814,2956
43436663049,43436663044,-5,834,2755
43440166916,43440166911,-5,823,2804
43442564851,43442564842,-9,1198,2918
43444285222,43444285218,-4,940,1418
43450550178,43450550182,4,3897,3234
43450890309,43450890302,-7,964,2698
43451637354,43451637357,3,307,763
43453197578,43453197573,-5,778,3206
43457956862,43457956859,-3,1046,3254
43458465826,43458465821,-5,834,4105
43458778230,43458778225,-5,983,2724
43468374554,43468374549,-5,1212,4516
43473883551,43473883557,6,5689,1771
43477466481,43477466474,-7,953,2198
43481708178,43481708173,-5,1139,4744
43481921130,43481921113,-17,1087,3466
43484297018,43484297012,-6,1359,4284
43487836152,43487836145,-7,1188,3391
43496427666,43496427661,-5,870,2765
43502594439,43502594434,-5,1198,3810
43520047150,43520047146,-4,1679,4327
43521612916,43521612910,-6,1250,3100
43525270550,43525270546,-4,1157,2322
43529729778,43529729774,-4,1086,1533
43530970501,43530970494,-7,1139,2586
43532693136,43532693147,11,631,33
43547994130,43547994148,18,923,3618
43549052319,43549052315,-4,1068,3120
43556160385,43556160387,2,1274,1273
43556304650,43556304667,17,433,1139
43559982148,43559982158,10,12987,20056
43560396846,43560396841,-5,2410,6631
43565243999,43565243994,-5,963,4315
43569213054,43569213047,-7,886,3753
43574136517,43574136514,-3,1045,2747
43575971243,43575971237,-6,436,985
43576385032,43576385026,-6,1490,4469
43577214883,43577214878,-5,321,1475
43579416472,43579416470,-2,1354,3871
43580107669,43580107662,-7,1462,3653
43581436737,43581436730,-7,652,2093
43582408090,43582408084,-6,1480,4001
43590543705,43590543702,-3,2222,4598
43593368987,43593368981,-6,859,3358
43593444566,43593444561,-5,1041,2775
43595624862,43595624856,-6,709,3078
43595689309,43595689304,-5,649,2920
43596418533,43596418530,-3,1317,2823
43596491371,43596491365,-6,825,2336
43597393170,43597393155,-15,768,2504
43599212105,43599212108,3,15334,12324
43599689601,43599689598,-3,792,2274
43599848362,43599848343,-19,138,1373
43602971586,43602971606,20,223,1154
43606260977,43606260995,18,197,1215
43608265311,43608265306,-5,27351,12757
43612315945,43612315941,-4,681,2464
43614451996,43614451990,-6,681,1863
43615457234,43615457255,21,804,3135
43626153679,43626153673,-6,47341,28349
43626831913,43626831909,-4,1354,3609
43627312487,43627312485,-2,1761,3110
43629404319,43629404313,-6,308,921
43636397919,43636397914,-5,1050,2950
43637718363,43637718358,-5,622,2294
43641219893,43641219886,-7,1111,2917
43644754562,43644754558,-4,1098,2822
43654231602,43654231595,-7,636,3075
43655497402,43655497398,-4,1102,2163
43657460051,43657460045,-6,1262,3208
43657525365,43657525369,4,21782,39534
43658249133,43658249129,-4,833,1863
43674837169,43674837164,-5,664,1599
43680770790,43680770786,-4,1128,2919
43685246722,43685246717,-5,834,3545
43694852565,43694852579,14,1084,1005
43695179509,43695179502,-7,23133,14604
43697578538,43697578538,0,868,1200
43710364940,43710364934,-6,1324,3369
43711604345,43711604340,-5,592,2935
43718138403,43718138398,-5,1507,4021
43734070185,43734070191,6,8871,18388
43736361302,43736361297,-5,1052,2554
43736883886,43736883880,-6,1213,2290
43738169226,43738169221,-5,884,2938
43738396289,43738396269,-20,870,3373
43741719951,43741719947,-4,976,2912
43743494420,43743494428,8,16207,34673
43745371087,43745371069,-18,197,1194
43748256685,43748256678,-7,1451,2738
43749733485,43749733491,6,2962,1454
43766701493,43766701486,-7,1002,2792
43774526058,43774526053,-5,987,2052
43776393663,43776393661,-2,1256,1895
43783101354,43783101349,-5,975,3208
43790362746,43790362742,-4,1127,2606
43790464779,43790464777,-2,575,1970
43792655154,43792655149,-5,952,3680
43792799995,43792799990,-5,1274,3282
43796550521,43796550526,5,1763,1443
43797158259,43797158255,-4,1057,4037
43797637442,43797637438,-4,811,2604
43798520043,43798520056,13,581,3244
43801784259,43801784256,-3,830,3249
43807347698,43807347695,-3,717,1963
43815332003,43815332004,1,1861,2328
43815917031,43815917026,-5,1148,4127
43825329033,43825329032,-1,1316,2016
43828870546,43828870542,-4,866,2916
43833913558,43833913557,-1,1925,2131
43835570647,43835570641,-6,795,4152
43836160158,43836160159,1,1233,1538
43839146662,43839146654,-8,1198,3139
43839734199,43839734195,-4,1314,3344
43843332390,43843332385,-5,687,2853
43844560735,43844560729,-6,994,3050
43854151142,43854151142,0,976,1874
43854448301,43854448294,-7,1328,3222
43869548427,43869548407,-20,645,887
43869688193,43869688186,-7,772,1793
43880212286,43880212282,-4,696,2710
43887750414,43887750410,-4,1430,3072
43887971859,43887971858,-1,1558,1181
43888938794,43888938813,19,836,4674
43889990706,43889990701,-5,2261,7912
43890330443,43890330439,-4,621,3615
43894779615,43894779608,-7,1159,2664
43897916565,43897916557,-8,1185,2925
43898286857,43898286849,-8,346,1528
43900596290,43900596286,-4,1197,3664
43906635243,43906635239,-4,433,1187
43906962099,43906962113,14,1145,3907
43908850734,43908850730,-4,1421,2880
43912225547,43912225541,-6,1617,4163
43912907122,43912907118,-4,864,2879
43913761162,43913761166,4,2075,1622
43916049021,43916049017,-4,857,3747
43921791910,43921791904,-6,585,3270
43928679892,43928679888,-4,987,1974
43928725390,43928725386,-4,1063,2987
43929607023,43929607022,-1,965,1617
43929910640,43929910621,-19,77,1144
43938311646,43938311641,-5,826,3287
43943071290,43943071286,-4,2505,5246
43944223701,43944223695,-6,1341,3817
43946460934,43946460940,6,2365,1777
43952238214,43952238210,-4,855,2785
43956411401,43956411395,-6,1242,3815
43957481539,43957481537,-2,53,540
43958462536,43958462558,22,297,1099
43959629571,43959629567,-4,1396,3838
43961599187,43961599187,0,1474,2345
43963296407,43963296402,-5,1036,3744
43973824412,43973824412,0,1354,1644
43974697018,43974697015,-3,475,1545
43975628147,43975628129,-18,160,946
43978640694,43978640690,-4,952,2697
43979310023,43979310017,-6,955,4871
43980014843,43980014838,-5,913,3795
43980179802,43980179794,-8,910,3819
43984230795,43984230790,-5,1585,3675
43985660106,43985660113,7,2343,1077
43990165070,43990165066,-4,958,2092
43990337704,43990337699,-5,768,3202
43990429603,43990429584,-19,208,1054
43990783653,43990783646,-7,1040,2873
43993097971,43993097967,-4,1136,4204
43998424754,43998424750,-4,856,2418
43999172906,43999172889,-17,193,1466
44001855881,44001855875,-6,885,3851
44003885060,44003885053,-7,1122,5075
44015615886,44015615881,-5,1108,2856
44017054558,44017054557,-1,1651,2549
44021798968,44021798964,-4,1123,3713
44021825982,44021825978,-4,775,2040
44022785608,44022785601,-7,881,3527
44024093534,44024093530,-4,895,2902
44027138338,44027138333,-5,658,1732
44029938505,44029938500,-5,974,2812
44030420213,44030420210,-3,840,2063
44031742465,44031742471,6,8724,2209
44032784714,44032784712,-2,2452,3561
44033725813,44033725809,-4,931,2704
44037474097,44037474092,-5,630,2947
44049761436,44049761429,-7,1225,4553
44050891666,44050891686,20,635,2321
44053844776,44053844771,-5,1197,3681
44056343507,44056343503,-4,407,1387
44063153802,44063153796,-6,1183,3078
44067449519,44067449513,-6,1202,3038
44068856199,44068856193,-6,947,6140
44072837297,44072837293,-4,1048,1926
44077242335,44077242330,-5,860,2975
44078165107,44078165094,-13,78,1072
44095640877,44095640870,-7,1350,2828
44102718887,44102718882,-5,1144,3650
44103925578,44103925573,-5,1437,3484
44105475093,44105475091,-2,908,1057
44114205906,44114205902,-4,967,3617
44114490376,44114490362,-14,964,3281
44122223790,44122223782,-8,1290,4692
44127576414,44127576410,-4,771,1967
44130427746,44130427747,1,1776,2007
44130565596,44130565590,-6,1091,3348
44138426951,44138426946,-5,1182,3295
44146621653,44146621650,-3,1039,3060
44148217788,44148217782,-6,707,2747
44151104120,44151104128,8,2405,848
44166453847,44166453840,-7,1026,3076
44166490827,44166490844,17,877,1167
44167763550,44167763546,-4,1380,2703
44170286675,44170286669,-6,25117,12886
44170808399,44170808394,-5,909,3401
44176054091,44176054086,-5,1021,2869
44183494167,44183494163,-4,981,2903
44188549143,44188549137,-6,814,2434
44188733761,44188733761,0,2574,4167
44189564185,44189564179,-6,1511,3748
44189731777,44189731774,-3,301,1168
44190552451,44190552446,-5,1127,3050
44190780570,44190780551,-19,157,1261
44194587173,44194587169,-4,1494,2653
44195267507,44195267504,-3,1448,2637
44199466099,44199466094,-5,853,2992
44200615118,44200615114,-4,792,3479
44204334445,44204334438,-7,1430,3893
44205089330,44205089326,-4,1490,3024
44206996882,44206996883,1,950,1083
44208122423,44208122418,-5,931,2708
44213634291,44213634287,-4,949,2532
44214339794,44214339788,-6,1513,3113
44221207618,44221207611,-7,1269,3721
44222697129,44222697123,-6,878,3243
44223917127,44223917123,-4,844,3422
44224267884,44224267903,19,1070,2401
44228273345,44228273346,1,1483,1252
44229420699,44229420694,-5,1065,2469
44234535453,44234535446,-7,985,3610
44238767656,44238767649,-7,1092,4110
44255393711,44255393707,-4,707,1717
44255530819,44255530796,-23,1411,2773
44259656923,44259656920,-3,1048,3153
44260513779,44260513790,11,595,2897
44263608834,44263608830,-4,913,2709
44265776622,44265776618,-4,774,4147
44266080053,44266080050,-3,813,2522
44266315511,44266315508,-3,798,2048
44270216539,44270216536,-3,1253,2836
44273528457,44273528453,-4,1027,2282
44288271123,44288271120,-3,495,1322
44288566698,44288566698,0,943,1991
44291485656,44291485652,-4,738,3135
44294167194,44294167190,-4,896,3373
44295751542,44295751535,-7,568,834
44301521934,44301521936,2,36980,32110
44305405383,44305405378,-5,1633,4103
44308496281,44308496277,-4,1306,2834
44309199835,44309199830,-5,846,3465
44311192474,44311192468,-6,1234,3398
44312805861,44312805856,-5,1153,2668
44336306369,44336306362,-7,1426,4719
44340289713,44340289715,2,1405,2007
44341438498,44341438493,-5,1045,3304
44341476183,44341476178,-5,1217,2797
44342289163,44342289157,-6,606,2999
44347761063,44347761058,-5,944,2873
44355005240,44355005233,-7,749,3235
44355577666,44355577682,16,220,798
44360349301,44360349296,-5,1278,3835
44364653922,44364653917,-5,1482,4419
44368382626,44368382620,-6,833,2972
44369226577,44369226573,-4,947,3599
44377434990,44377434988,-2,1099,1652
44377764962,44377764952,-10,832,2603
44378442640,44378442635,-5,1113,2662
44379696351,44379696351,0,50265,48010
44381822123,44381822118,-5,667,1707
44381873371,44381873366,-5,1667,3597
44388315325,44388315330,5,2153,1125
44388949706,44388949702,-4,1020,2980
44389439994,44389439989,-5,1107,2937
44395309696,44395309690,-6,898,2938
44401379296,44401379299,3,3597,2278
44402089727,44402089722,-5,1019,2785
44402570321,44402570309,-12,1308,2836
44402764969,44402764965,-4,920,2323
44405220442,44405220434,-8,1161,3725
44405316993,44405317007,14,48,403
44408116427,44408116422,-5,1108,2742
44411952773,44411952768,-5,1475,3502
44412027724,44412027743,19,246,682
44413579292,44413579287,-5,997,2218
44418049940,44418049936,-4,1174,3358
44418439499,44418439494,-5,969,3177
44419464354,44419464359,5,3099,1759
44419951675,44419951672,-3,1007,2735
44422078291,44422078295,4,10925,19613
44428871077,44428871086,9,10702,3155
44429303734,44429303734,0,1353,1933
44436021978,44436021974,-4,1149,3186
44436630154,44436630150,-4,862,4276
44438225968,44438225969,1,1890,2920
44440013269,44440013265,-4,1259,2611
44440145888,44440145886,-2,916,2081
44444521535,44444521533,-2,1210,3238
44445089607,44445089603,-4,968,2293
44446637443,44446637439,-4,918,2462
44447132892,44447132886,-6,908,3515
44450128002,44450127998,-4,815,1905
44462125056,44462125053,-3,780,2535
44468223271,44468223266,-5,826,3310
44469835978,44469835973,-5,902,2911
44470474790,44470474796,6,2240,1565
44471879382,44471879378,-4,642,3146
44472605481,44472605501,20,859,3386
44474759481,44474759477,-4,1013,2878
44490194233,44490194239,6,4249,1218
44493845662,44493845658,-4,1134,2227
44495948574,44495948572,-2,138,850
44502929966,44502929961,-5,779,3158
44505722607,44505722603,-4,1150,2375
44508226691,44508226686,-5,1245,4126
44511228349,44511228342,-7,886,3050
44511298462,44511298457,-5,778,2560
44512185234,44512185230,-4,1047,2828
44514483420,44514483413,-7,971,4663
44514658642,44514658623,-19,898,2684
44515037097,44515037115,18,434,1639
44515392755,44515392750,-5,1123,3282
44515811139,44515811135,-4,966,3422
44519049782,44519049778,-4,1105,2178
44522274548,44522274542,-6,1125,3685
44523209896,44523209880,-16,201,1362
44534832780,44534832778,-2,1460,2080
44540895517,44540895512,-5,1501,4024
44542194507,44542194502,-5,1188,3050
44542422762,44542422758,-4,842,3574
44544633380,44544633363,-17,77,872
44546956847,44546956842,-5,773,1650
44548510690,44548510686,-4,1192,2544
44550631782,44550631778,-4,1104,3110
44556760207,44556760202,-5,1114,3355
44560788812,44560788808,-4,1248,3178
44568157141,44568157145,4,1680,1836
44569858174,44569858169,-5,1082,2391
44574975532,44574975526,-6,1003,3521
44576838015,44576838010,-5,1234,3170
44578258139,44578258132,-7,1079,2827
44580262389,44580262384,-5,1398,3615
44581913965,44581913961,-4,867,3293
44582015081,44582015077,-4,966,2711
44583882551,44583882547,-4,915,2812
44585271721,44585271716,-5,742,2882
44587787057,44587787051,-6,1042,3205
44589380730,44589380738,8,5088,2241
44592469299,44592469294,-5,831,2934
44599953841,44599953837,-4,1249,2464
44607258475,44607258469,-6,859,1948
44611088773,44611088758,-15,279,927
44614387249,44614387246,-3,1142,3958
44616074494,44616074498,4,1987,1574
44625118200,44625118193,-7,2123,6651
44631576585,44631576578,-7,1249,4765
44633501753,44633501755,2,940,860
44639727274,44639727269,-5,1437,3940
44641971438,44641971434,-4,972,2654
44642499268,44642499282,14,827,2997
44651550467,44651550462,-5,1072,2810
44653631702,44653631707,5,7680,26545
44654342121,44654342117,-4,1270,3905
44657768453,44657768453,0,1804,2499
44660318308,44660318325,17,1404,3631
44663907388,44663907384,-4,1218,3620
44666138815,44666138811,-4,1016,3006
44671090129,44671090122,-7,1169,2821
44674487129,44674487122,-7,1790,7794
44678737417,44678737424,7,1353,838
44685924578,44685924577,-1,1344,2276
44686030970,44686030966,-4,809,3084
44687098466,44687098464,-2,126,1410
44688744929,44688744925,-4,1592,2983
44691390189,44691390185,-4,1246,3516
44691921405,44691921409,4,1069,1212
44692309751,44692309757,6,11890,24371
44692928417,44692928411,-6,991,3090
44696684881,44696684879,-2,1036,2393
44700161378,44700161374,-4,1068,2956
44701500315,44701500309,-6,1069,3075
44703194239,44703194237,-2,569,1842
44704357779,44704357775,-4,829,2715
44713110740,44713110738,-2,1715,2376
44715772811,44715772809,-2,1244,1343
44718235243,44718235238,-5,975,2767
44721828343,44721828338,-5,1076,2973
44722563027,44722563022,-5,1072,3271
44722596851,44722596844,-7,1003,3339
44730228935,44730228929,-6,972,4324
44730392201,44730392220,19,928,3170
44743025951,44743025945,-6,998,3794
44744560662,44744560665,3,2143,1282
44744650570,44744650567,-3,924,3006
44750438448,44750438455,7,196,926
44754073796,44754073792,-4,914,2472
44757892005,44757892001,-4,1036,2412
44759374874,44759374878,4,40644,3000
44760474733,44760474730,-3,1280,2380
44762482558,44762482556,-2,984,1844
44763009497,44763009492,-5,1059,2107
44773754485,44773754481,-4,1331,3034
44785799442,44785799438,-4,1108,4021
44786568096,44786568094,-2,1437,2153
44788568465,44788568469,4,3622,2223
44793049766,44793049762,-4,923,2831
44793920233,44793920238,5,2132,890
44797569770,44797569766,-4,1216,5077
44804135256,44804135251,-5,1038,2477
44808661595,44808661590,-5,697,2675
44811048715,44811048710,-5,1247,3709
44818715497,44818715492,-5,874,3112
44818857316,44818857315,-1,25,2546
44819522271,44819522274,3,1185,1107
44829315731,44829315728,-3,995,2286
44833410343,44833410338,-5,906,4005
44836255326,44836255321,-5,1020,2887
44843463466,44843463462,-4,646,2783
44846360888,44846360883,-5,1014,2379
44851250435,44851250430,-5,1109,2744
44860242190,44860242187,-3,1390,2411
44867532811,44867532805,-6,1011,2812
44869494330,44869494327,-3,736,2354
44871399114,44871399124,10,9022,48314
44871604009,44871604000,-9,1241,3431
44875991293,44875991291,-2,795,2457
44881314570,44881314566,-4,1090,3805
44887079350,44887079346,-4,1484,3644
44895716114,44895716109,-5,993,3646
44907466686,44907466688,2,16309,14469
44910291462,44910291458,-4,812,3077
44912500901,44912500895,-6,1131,2856
44914518086,44914518081,-5,1496,2897
44915675642,44915675637,-5,1260,3243
44916749019,44916749024,5,1414,952
44919276586,44919276589,3,1902,1597
44927362387,44927362382,-5,1123,2812
44927466953,44927466950,-3,1256,2893
44929083330,44929083351,21,799,3125
44930193563,44930193559,-4,978,2410
44931136544,44931136564,20,821,3437
44936581079,44936581074,-5,1034,3395
44936708762,44936708759,-3,900,2600
44942726623,44942726621,-2,1264,2532
44943615937,44943615930,-7,1513,4346
44944804734,44944804728,-6,1964,6268
44945531915,44945531921,6,2053,1302
44945634491,44945634487,-4,1500,3051
44946543154,44946543171,17,274,974
44947777909,44947777916,7,8956,36213
44950875798,44950875799,1,3467,412
44955993588,44955993594,6,125,845
44959324954,44959324949,-5,932,2764
44961726476,44961726473,-3,1547,3421
44962745633,44962745632,-1,2447,3561
44965962541,44965962546,5,1223,1107
44968101837,44968101834,-3,1137,3542
44968259763,44968259758,-5,927,3610
44969011180,44969011176,-4,1227,3844
44976200656,44976200650,-6,1515,3707
44976583003,44976583012,9,275,681
44979987351,44979987346,-5,761,2226
44982599782,44982599777,-5,822,2587
44985290706,44985290702,-4,1020,2431
44995591378,44995591375,-3,1063,2434
45005792953,45005792950,-3,1295,3081
45009666025,45009666022,-3,853,2380
45010915698,45010915702,4,4821,2817
45015768363,45015768356,-7,1030,1688
45018632363,45018632358,-5,955,3500
45018812002,45018812022,20,124,1383
45020922479,45020922467,-12,1042,97
45023742234,45023742231,-3,1005,2584
45024433299,45024433294,-5,1638,4846
45024600587,45024600587,0,1780,1581
45028203638,45028203637,-1,1892,2543
45030396297,45030396319,22,396,1018
45031271209,45031271225,16,110,815
45032733983,45032733978,-5,950,3567
45033458369,45033458391,22,212,1039
45034635708,45034635725,17,425,1888
45034691975,45034691973,-2,1254,2634
45035251830,45035251839,9,3088,1383
45035575098,45035575097,-1,1105,2385
45036847208,45036847205,-3,1188,2507
45043804155,45043804149,-6,1312,3825
45044775312,45044775331,19,1244,2784
45046179163,45046179160,-3,1420,3029
45047420420,45047420439,19,171,1064
45051181838,45051181840,2,812,1561
45051509042,45051509039,-3,1731,3654
45051986854,45051986855,1,897,1278
45056568561,45056568555,-6,984,2899
45063371159,45063371158,-1,865,1168
45064305478,45064305498,20,1092,3704
45066165845,45066165838,-7,624,2626
45067605230,45067605227,-3,995,3126
45071886459,45071886451,-8,921,59
45074384317,45074384325,8,11046,38358
45077856488,45077856486,-2,1877,2402
45081188908,45081188903,-5,833,2507
45081353091,45081353087,-4,171,599
45083744100,45083744100,0,909,1474
45086395058,45086395054,-4,1237,3576
45096964440,45096964437,-3,1150,1812
45100426054,45100426049,-5,1265,4325
45102986402,45102986397,-5,1055,5215
45104599459,45104599452,-7,1149,3942
45117825950,45117825949,-1,1394,3656
45119731250,45119731246,-4,654,2435
45122757523,45122757518,-5,941,2660
45122971621,45122971619,-2,2068,2733
45123499539,45123499535,-4,565,1489
45128073187,45128073184,-3,1165,2436
45129110730,45129110721,-9,818,5
45130349127,45130349122,-5,889,2901
45132715707,45132715693,-14,579,2183
45136309726,45136309734,8,3988,1162
45141642735,45141642729,-6,913,2225
45143665664,45143665658,-6,1012,3603
45145067522,45145067518,-4,1136,2924
45157961248,45157961242,-6,866,2280
45163288559,45163288552,-7,880,3459
45163833331,45163833346,15,544,2166
45164433099,45164433117,18,28450,31858
45170598278,45170598274,-4,905,2304
45172633209,45172633204,-5,1249,4253
45172664961,45172664954,-7,921,1787
45172717355,45172717345,-10,116,923
45184347471,45184347467,-4,516,2026
45187919401,45187919398,-3,658,1427
45188417138,45188417132,-6,63,915
45190876006,45190876003,-3,1187,2852
45199412517,45199412512,-5,1312,4030
45199998117,45199998112,-5,880,2783
45208363893,45208363887,-6,831,2595
45215524365,45215524361,-4,25807,14948
45219794143,45219794138,-5,1007,3099
45226319458,45226319463,5,13075,18641
45229820331,45229820327,-4,942,2876
45232395981,45232395974,-7,955,4495
45234798602,45234798596,-6,1032,3000
45242162122,45242162119,-3,2351,5961
45248725594,45248725590,-4,1135,2504
45260495860,45260495856,-4,1146,2299
45265455777,45265455773,-4,1020,2651
45265661672,45265661653,-19,142,1754
45267012931,45267012927,-4,671,2760
45267854875,45267854870,-5,979,3083
45282406041,45282406034,-7,1430,3365
45284751629,45284751624,-5,896,2824
45290850306,45290850304,-2,583,2556
45291724577,45291724571,-6,1096,2866
45296812066,45296812061,-5,719,2633
45296855649,45296855643,-6,774,2845
45298183463,45298183457,-6,1050,3213
45300026030,45300026023,-7,808,3027
45302356074,45302356070,-4,790,995
45310103123,45310103121,-2,955,2226
45311734879,45311734872,-7,1231,3232
45313140278,45313140276,-2,970,2123
45318175773,45318175768,-5,1180,5020
45319574033,45319574026,-7,1510,7004
45319683175,45319683169,-6,1242,3176
45331774423,45331774418,-5,591,1265
45332856239,45332856234,-5,1158,3459
45333114794,45333114789,-5,897,2784
45333311770,45333311763,-7,1114,4321
45333941802,45333941799,-3,1237,2809
45334755354,45334755350,-4,932,3357
45335342090,45335342095,5,2014,860
45336969992,45336969987,-5,1039,3232
45337273809,45337273829,20,980,3250
45339212554,45339212556,2,1576,1677
45340349350,45340349346,-4,1189,2852
45340988538,45340988530,-8,780,3574
45341310258,45341310240,-18,192,684
45345401379,45345401374,-5,1233,2871
45357792644,45357792638,-6,1716,3874
45362426041,45362426036,-5,1398,4844
45363470042,45363470038,-4,839,2664
45366492127,45366492126,-1,2162,3024
45369728625,45369728631,6,6748,2429
45370125477,45370125477,0,987,1739
45371247288,45371247281,-7,644,2268
45373800324,45373800318,-6,980,3302
45376716297,45376716291,-6,1222,4281
45377447743,45377447738,-5,949,3130
45380077570,45380077563,-7,959,3121
45381549442,45381549439,-3,948,2676
45382013654,45382013646,-8,1013,3581
45391066314,45391066309,-5,789,3038
45391693651,45391693632,-19,203,1362
45393664269,45393664265,-4,1029,3023
45394577755,45394577748,-7,1318,4103
45395069538,45395069526,-12,288,909
45403065884,45403065878,-6,945,2122
45404647149,45404647145,-4,1133,3293
45406010992,45406010981,-11,254,923
45411353295,45411353287,-8,1147,3368
45427925043,45427925035,-8,985,2556
45428230347,45428230352,5,150,811
45430606045,45430606062,17,1245,3113
45433776609,45433776605,-4,747,2566
45433947800,45433947814,14,481,2218
45438490673,45438490669,-4,754,3866
45451902508,45451902519,11,14040,29364
45454860609,45454860609,0,1219,2208
45461337054,45461337049,-5,716,3126
45462292015,45462292009,-6,1188,4559
45462744846,45462744844,-2,4917,8116
45467004589,45467004586,-3,1232,3327
45474176989,45474176984,-5,1456,3178
45476709520,45476709515,-5,1095,2573
45482932522,45482932518,-4,1171,3867
45483618860,45483618855,-5,844,2769
45484092610,45484092604,-6,1117,3473
45488385975,45488385970,-5,896,3466
45490668130,45490668126,-4,930,3011
45494560007,45494560003,-4,1094,3265
45498799817,45498799813,-4,1092,2824
45499781537,45499781535,-2,295,1002
45504357675,45504357670,-5,1024,2987
45504756528,45504756512,-16,304,1914
45505911771,45505911766,-5,619,4060
45511938483,45511938477,-6,1230,3165
45516828299,45516828294,-5,699,2866
45523087731,45523087725,-6,621,1345
45524198364,45524198363,-1,18360,7987
45530593398,45530593393,-5,1266,3987
45533436607,45533436602,-5,591,2411
45534612962,45534612983,21,215,1186
45536757097,45536757092,-5,912,2646
45543050439,45543050458,19,890,3015
45548739399,45548739394,-5,1311,3161
45549013778,45549013773,-5,1213,3206
45551938028,45551938023,-5,1362,2964
45552339493,45552339489,-4,1314,2672
45554323367,45554323369,2,1330,1279
45557494934,45557494926,-8,722,4410
45557856540,45557856523,-17,118,1122
45558313088,45558313085,-3,297,1009
45566382705,45566382707,2,1151,1291
45568893281,45568893277,-4,1098,3495
45569430971,45569430952,-19,1371,195
45571987840,45571987834,-6,1776,8175
45573266658,45573266653,-5,1034,3447
45574743467,45574743462,-5,911,4097
45577418628,45577418623,-5,1488,3732
45577497075,45577497070,-5,1111,2301
45583365932,45583365935,3,1002,1122
45594093530,45594093525,-5,1347,3006
45594135706,45594135701,-5,860,3095
45594844146,45594844151,5,3915,2002
45596560669,45596560663,-6,1113,3172
45602079080,45602079088,8,16098,17718
45613349577,45613349575,-2,1047,1614
45614074629,45614074626,-3,1060,2336
45616645727,45616645724,-3,1633,4065
45618172313,45618172317,4,11085,36011
45620101206,45620101203,-3,888,1745
45620782657,45620782654,-3,1035,2185
45621359968,45621359962,-6,2386,9263
45626274333,45626274329,-4,956,2324
45628167139,45628167136,-3,1162,2966
45628841991,45628841986,-5,1163,2420
45630792591,45630792586,-5,1038,4643
45632733249,45632733245,-4,640,1919
45634770066,45634770062,-4,765,3429
45635626983,45635626978,-5,1253,4633
45635948554,45635948554,0,168,1047
45637660464,45637660461,-3,1126,3077
45638691690,45638691709,19,637,1576
45639929679,45639929673,-6,865,2332
45649291530,45649291527,-3,1184,2443
45650021241,45650021236,-5,961,2729
45650102724,45650102733,9,283,1109
45652464649,45652464645,-4,1111,3703
45655931773,45655931767,-6,1138,2783
45657776209,45657776205,-4,1319,3903
45658284731,45658284726,-5,731,2365
45660482864,45660482859,-5,1186,2179
45661172412,45661172426,14,138,1114
45664665655,45664665652,-3,951,2628
45665242681,45665242674,-7,1170,3184
45680711991,45680711987,-4,1595,3014
45689952094,45689952112,18,8407,34227
45690938787,45690938790,3,936,1144
45698966944,45698966938,-6,998,3425
45700500052,45700500049,-3,1086,1604
45701065244,45701065238,-6,793,3534
45701870261,45701870254,-7,1241,3848
45706327143,45706327124,-19,2349,2875
45708839235,45708839234,-1,1276,1447
45709506717,45709506711,-6,488,1916
45709828388,45709828386,-2,1211,1676
45711768229,45711768224,-5,913,2877
45715422082,45715422077,-5,1129,2683
45716400779,45716400780,1,1314,1670
45716880144,45716880141,-3,1132,2668
45717583334,45717583335,1,1597,1397
45722294793,45722294789,-4,1796,4770
45726248574,45726248570,-4,989,3001
45728573651,45728573646,-5,910,2554
45731016450,45731016446,-4,1108,3486
45733934166,45733934163,-3,521,1727
45734830104,45734830119,15,287,1640
45739927937,45739927935,-2,2462,3849
45741918790,45741918786,-4,1246,3112
45742068617,45742068615,-2,20536,13799
45743575451,45743575446,-5,915,3437
45744110238,45744110228,-10,7694,15019
45744892647,45744892651,4,1083,1139
45747086170,45747086164,-6,953,2378
45747317028,45747317041,13,86,963
45748570731,45748570731,0,237,1507
45753954779,45753954784,5,3773,2326
45754584761,45754584758,-3,663,2811
45755492803,45755492818,15,297,1437
45757846997,45757846994,-3,970,2109
45758746925,45758746922,-3,1041,2708
45761118159,45761118154,-5,823,3178
45761524356,45761524363,7,95,1371
45761941793,45761941813,20,452,1872
45764740459,45764740455,-4,1267,2942
45764973715,45764973693,-22,1195,3363
45771472916,45771472933,17,1122,2472
45773836510,45773836506,-4,1083,2624
45777584787,45777584782,-5,1259,2609
45777617500,45777617509,9,376,1221
45789082489,45789082482,-7,1259,2968
45790039422,45790039419,-3,1213,2489
45790499937,45790499934,-3,1182,2309
45801975384,45801975374,-10,531,1273
45803142858,45803142854,-4,1022,2338
45809194962,45809194969,7,10791,28257
45809443559,45809443552,-7,1098,4378
45820735133,45820735148,15,11671,55260
45821959739,45821959732,-7,1155,2363
45824253819,45824253813,-6,719,2164
45825561073,45825561067,-6,1173,2998
45826083100,45826083102,2,3336,3241
45828338390,45828338385,-5,1148,2206
45829206508,45829206505,-3,1531,2538
45829875081,45829875076,-5,903,2384
45831410643,45831410641,-2,752,3816
45838201727,45838201723,-4,1006,2214
45838725137,45838725158,21,315,995
45840267429,45840267435,6,2273,899
45840890116,45840890112,-4,1218,3241
45841605960,45841605945,-15,199,1070
45847767170,45847767165,-5,1131,3696
45848859515,45848859510,-5,1072,2863
45851440374,45851440371,-3,951,3299
45853824354,45853824361,7,5642,1049
45855547065,45855547058,-7,1732,8123
45858260286,45858260281,-5,1163,2121
45860712789,45860712786,-3,1263,3145
45865105573,45865105569,-4,980,3142
45867360673,45867360668,-5,1439,3866
45867609587,45867609581,-6,743,2215
45871932856,45871932853,-3,911,2553
45872620146,45872620139,-7,1088,3301
45872955210,45872955230,20,825,3692
45873491017,45873491013,-4,1005,2291
45874479970,45874479966,-4,949,2736
45875423584,45875423569,-15,892,2599
45876406730,45876406725,-5,991,2507
45882029807,45882029801,-6,920,2448
45884532701,45884532697,-4,866,3137
45886286339,45886286335,-4,660,2583
45891644515,45891644510,-5,953,2821
45892215479,45892215474,-5,1542,3961
45897024896,45897024892,-4,1499,3392
45904070760,45904070753,-7,1276,2809
45905868302,45905868297,-5,953,2083
45906063632,45906063651,19,545,1679
45906930342,45906930337,-5,1116,2109
45914549770,45914549766,-4,1155,3947
45915171537,45915171533,-4,1254,3266
45918924097,45918924098,1,2079,2580
45920325529,45920325526,-3,1041,3162
45927160830,45927160823,-7,753,1867
45937316849,45937316845,-4,44029,16762
45940706610,45940706607,-3,1201,3136
45945862406,45945862401,-5,809,2210
45949279370,45949279361,-9,970,5019
45962386764,45962386770,6,215,718
45964729379,45964729373,-6,1284,3634
45964951619,45964951615,-4,772,1583
45966663407,45966663403,-4,1549,3327
45971150860,45971150871,11,17788,25158
45973303445,45973303441,-4,1217,3116
45976110990,45976110983,-7,1077,3350
45976877666,45976877660,-6,1243,3055
45977549015,45977549010,-5,1186,2952
45978461262,45978461257,-5,700,3605
45982591461,45982591456,-5,728,1707
45985555641,45985555660,19,1414,298
45995153111,45995153105,-6,1013,3600
46003580822,46003580817,-5,1091,2681
46006699135,46006699129,-6,1046,2999
46007834932,46007834928,-4,923,4369
46009206851,46009206846,-5,1089,4057
46013384179,46013384174,-5,879,3402
46020643345,46020643346,1,3326,2679
46025776589,46025776586,-3,1118,2923
46028870442,46028870438,-4,796,2921
46030986686,46030986681,-5,463,4850
46037588568,46037588562,-6,1073,3148
46039333110,46039333109,-1,1366,1805
46040219077,46040219072,-5,730,3504
46052021457,46052021455,-2,1011,2619
46052110616,46052110607,-9,1278,4725
46052741074,46052741065,-9,858,2737
46053500473,46053500469,-4,1008,3269
46062211722,46062211720,-2,763,2168
46066146087,46066146082,-5,1002,2298
46066733902,46066733910,8,3346,1667
46071007843,46071007840,-3,17912,5398
46078706344,46078706340,-4,1341,2682
46082989886,46082989882,-4,1076,3454
46091812494,46091812488,-6,1260,4111
46096819459,46096819458,-1,1562,2027
46102142413,46102142421,8,10858,2057
46103131287,46103131281,-6,950,3256
46104795451,46104795445,-6,1016,4055
46106808078,46106808077,-1,1112,2496
46116287945,46116287941,-4,1202,4423
46116367937,46116367946,9,97,666
46121235755,46121235739,-16,1302,679
46124676273,46124676267,-6,426,2495
46132836691,46132836687,-4,560,1505
46148801244,46148801237,-7,964,3081
46150691301,46150691306,5,2876,894
46151870854,46151870854,0,1101,1409
46152259430,46152259425,-5,1087,2223
46157973217,46157973213,-4,909,2497
46158858409,46158858425,16,423,1372
46160064102,46160064097,-5,1086,1654
46160728255,46160728250,-5,1370,3342
46160773498,46160773498,0,1198,1538
46168135022,46168135017,-5,2089,7617
46170259346,46170259341,-5,823,2700
46170369096,46170369114,18,540,1456
46175248930,46175248925,-5,817,1858
46178789463,46178789462,-1,789,1142
46179960238,46179960234,-4,1377,2257
46198063955,46198063950,-5,1637,4049
46200655694,46200655689,-5,1125,3956
46204438103,46204438096,-7,1152,2728
46206183831,46206183825,-6,1001,2767
46209081597,46209081589,-8,1398,3391
46212650866,46212650862,-4,1240,3194
46213893744,46213893738,-6,648,2269
46216980323,46216980317,-6,884,2186
46217569729,46217569736,7,5331,1502
46220008961,46220008957,-4,1038,2506
46221500555,46221500550,-5,899,3392
46222498654,46222498654,0,2655,3194
46222529381,46222529375,-6,1039,3196
46223882330,46223882327,-3,214,711
46233473459,46233473454,-5,1190,3074
46236589407,46236589402,-5,767,3072
46241412840,46241412835,-5,550,2761
46254164186,46254164183,-3,862,2939
46255117378,46255117374,-4,960,3278
46264971930,46264971929,-1,1323,2696
46265047479,46265047472,-7,1150,3267
46266034637,46266034644,7,10461,38771
46266726135,46266726130,-5,967,2962
46267851671,46267851666,-5,956,2837
46272430103,46272430098,-5,992,2722
46280239641,46280239641,0,1296,2232
46288786343,46288786338,-5,885,3006
46290517770,46290517765,-5,1090,3251
46290549282,46290549301,19,973,3642
46296703928,46296703924,-4,861,1704
46304221980,46304221973,-7,1187,3231
46308564062,46308564057,-5,1054,3443
46315249457,46315249452,-5,894,2834
46342070941,46342070941,0,1613,2795
46343714706,46343714702,-4,997,3972
46344015713,46344015711,-2,18768,13519
46348137278,46348137273,-5,1002,2827
46354465456,46354465451,-5,1147,3032
46356138668,46356138662,-6,1122,3316
46360068305,46360068299,-6,1542,3299
46360919989,46360919983,-6,1127,3007
46361746290,46361746284,-6,961,2541
46362019484,46362019500,16,265,1270
46362663874,46362663867,-7,282,984
46363567463,46363567457,-6,1617,3138
46363735003,46363734998,-5,1101,3314
46369734737,46369734734,-3,1251,3500
46371046038,46371046034,-4,1191,2888
46375510673,46375510679,6,1841,1116
46379546102,46379546099,-3,736,3253
46381456007,46381456002,-5,706,2842
46383366646,46383366640,-6,24978,9558
46384066950,46384066946,-4,1823,4451
46387797123,46387797130,7,2364,895
46388534703,46388534698,-5,905,1471
46395330474,46395330470,-4,1011,2249
46395772146,46395772142,-4,91,1235
46400918775,46400918770,-5,913,1888
46404298082,46404298079,-3,846,2669
46409753867,46409753860,-7,874,4081
46416142610,46416142609,-1,1275,1726
46422935507,46422935504,-3,642,1848
46425053099,46425053096,-3,32118,29765
46428041330,46428041325,-5,596,1490
46430866781,46430866784,3,53087,84769
46437063122,46437063117,-5,1255,3844
46437091708,46437091717,9,201,1348
46437297334,46437297329,-5,918,1996
46442314346,46442314342,-4,1574,3457
46445501621,46445501615,-6,918,3327
46450745057,46450745053,-4,1270,3914
46451479978,46451479975,-3,881,2470
46454030920,46454030915,-5,961,2496
46457180616,46457180610,-6,981,3203
46459633455,46459633449,-6,1139,3650
46461940089,46461940084,-5,1412,3457
46464117757,46464117750,-7,1189,2996
46471515453,46471515449,-4,730,2499
46482164035,46482164029,-6,860,2964
46484082406,46484082399,-7,933,3205
46485705563,46485705558,-5,746,2413
46493648655,46493648650,-5,954,1679
46495429955,46495429952,-3,1027,2270
46496242798,46496242795,-3,373,1860
46497334210,46497334205,-5,758,2159
46503529407,46503529410,3,1920,1457
46507368072,46507368074,2,27165,17452
46507974821,46507974817,-4,968,2576
46516142709,46516142705,-4,957,3185
46522729853,46522729847,-6,1178,2839
46522845891,46522845911,20,342,1734
46523506172,46523506168,-4,971,3614
46523807395,46523807389,-6,684,2674
46523946905,46523946923,18,465,994
46524638670,46524638673,3,1511,1545
46525318738,46525318734,-4,990,2882
46525603490,46525603486,-4,778,1953
46526068252,46526068241,-11,1044,2859
46526816798,46526816793,-5,1201,3176
46534546249,46534546247,-2,861,1462
46534953408,46534953393,-15,143,1770
46537498612,46537498606,-6,889,2656
46538130026,46538130041,15,153,1329
46541995499,46541995497,-2,750,2286
46552170662,46552170642,-20,2210,2764
46555401842,46555401837,-5,1198,2780
46556392815,46556392809,-6,492,2566
46562915433,46562915429,-4,805,2573
46564148513,46564148520,7,13430,27968
46564713543,46564713538,-5,1221,3420
46570275722,46570275718,-4,1011,2592
46572452161,46572452156,-5,1344,3823
46580062450,46580062443,-7,616,2067
46583140346,46583140347,1,2200,1721
46583991018,46583991013,-5,1049,2077
46584471871,46584471866,-5,642,1721
46585499980,46585499997,17,309,823
46588886891,46588886886,-5,1017,2874
46589711939,46589711935,-4,1117,2237
46592050576,46592050570,-6,665,1739
46594175418,46594175422,4,2569,1566
46598404814,46598404810,-4,845,2492
46598597266,46598597249,-17,1225,2093
46605522390,46605522384,-6,1183,4130
46606983436,46606983449,13,468,893
46607431544,46607431537,-7,824,3668
46611503522,46611503516,-6,1192,4351
46614379358,46614379364,6,3366,715
46616875350,46616875351,1,1374,1514
46618451336,46618451333,-3,1021,2787
46620105204,46620105198,-6,1117,2523
46620337210,46620337201,-9,876,3070
46623609139,46623609137,-2,1244,3006
46627868306,46627868310,4,3142,1871
46628214007,46628214003,-4,941,3478
46637669858,46637669857,-1,1096,3067
46639027311,46639027309,-2,681,2282
46639376106,46639376102,-4,808,2789
46639480482,46639480478,-4,119,1003
46642188748,46642188742,-6,1046,3083
46645574127,46645574122,-5,1030,2797
46649099967,46649099962,-5,1023,3753
46651762198,46651762194,-4,1397,3086
46652377288,46652377269,-19,177,902
46654192965,46654192963,-2,1811,3567
46659075267,46659075263,-4,874,2173
46659309483,46659309466,-17,1305,3418
46673982621,46673982623,2,1407,1419
46677719227,46677719222,-5,853,3258
46684054162,46684054156,-6,1308,3964
46697669970,46697669965,-5,1039,3078
46699991914,46699991914,0,2312,3210
46700924336,46700924330,-6,1104,3081
46702709352,46702709343,-9,2256,222
46703600117,46703600115,-2,1194,2725
46710320332,46710320334,2,31765,23104
46713835735,46713835731,-4,752,2651
46716101818,46716101813,-5,938,3758
46722785355,46722785352,-3,1232,2986
46725188866,46725188861,-5,995,4428
46729099428,46729099423,-5,1185,4124
46731703065,46731703061,-4,1030,2372
46732266324,46732266341,17,1135,2656
46732941628,46732941641,13,225,831
46738739062,46738739055,-7,1162,3362
46739545054,46739545056,2,2008,1296
46740745938,46740745933,-5,1108,2414
46743642511,46743642505,-6,1190,2911
46746000499,46746000494,-5,715,2336
46747337429,46747337425,-4,1038,3487
46748124271,46748124266,-5,1108,3209
46749021649,46749021666,17,337,1458
46750557802,46750557801,-1,1641,1509
46750712171,46750712174,3,4783,4038
46766739227,46766739218,-9,1013,3695
46773925475,46773925470,-5,1470,3293
46788811893,46788811892,-1,2363,3590
46795466610,46795466605,-5,902,3048
46796275624,46796275624,0,285,1417
46797523181,46797523175,-6,1335,4154
46798289569,46798289561,-8,1101,4266
46800107810,46800107806,-4,1099,2494
46803020971,46803020966,-5,569,3221
46806088374,46806088381,7,2442,1101
46807112254,46807112250,-4,1106,2781
46807965463,46807965458,-5,1015,2074
46812581455,46812581451,-4,962,4198
46819208642,46819208640,-2,1294,3513
46820214185,46820214181,-4,908,2447
46830286581,46830286575,-6,735,2511
46834038174,46834038186,12,10627,35452
46835622291,46835622286,-5,1302,3572
46835946017,46835946014,-3,1056,2167
46843499987,46843499984,-3,1240,2724
46843705690,46843705684,-6,1359,3265
46847896965,46847896961,-4,1116,3233
46847923433,46847923447,14,397,1208
46848266887,46848266883,-4,750,2945
46848539795,46848539790,-5,1322,4387
46848773036,46848773033,-3,1347,2192
46849000147,46849000142,-5,1046,3236
46851491475,46851491468,-7,1923,8960
46855231062,46855231057,-5,979,3910
46858017322,46858017327,5,7213,22737
46859891618,46859891614,-4,1254,3573
46862099482,46862099477,-5,1126,3285
46872343029,46872343025,-4,1269,2729
46879878691,46879878688,-3,688,2611
46881666399,46881666393,-6,1304,3486
46882861587,46882861582,-5,1199,2817
46882952976,46882952969,-7,2594,8555
46883766404,46883766402,-2,43262,14078
46890874930,46890874925,-5,1587,3530
46891145539,46891145538,-1,3111,3581
46892830546,46892830541,-5,802,2784
46893553938,46893553933,-5,1041,2900
46908354167,46908354163,-4,1048,2942
46911709323,46911709335,12,13612,45051
46923956823,46923956818,-5,1134,3230
46933229133,46933229123,-10,14669,25272
46943263022,46943263019,-3,1029,2666
46946845179,46946845175,-4,811,2204
46948667922,46948667917,-5,1357,3006
46949230747,46949230743,-4,1133,2583
46949485491,46949485486,-5,943,4063
46955369581,46955369576,-5,815,1586
46957332386,46957332382,-4,782,2075
46960849871,46960849867,-4,832,2375
46961864080,46961864075,-5,1617,2736
46963029725,46963029719,-6,1162,3122
46963463378,46963463398,20,411,938
46965224346,46965224342,-4,918,2934
46968939859,46968939862,3,2466,1642
46971506369,46971506373,4,3814,2644
46978546582,46978546589,7,3610,1392
46983007373,46983007365,-8,1001,2821
46985063112,46985063110,-2,2269,4417
46986394266,46986394267,1,867,943
46987153866,46987153850,-16,279,1437
47001677978,47001677974,-4,509,3332
47002650446,47002650438,-8,1318,6690
47010366870,47010366869,-1,1940,2899
47012275202,47012275198,-4,1139,2578
47014352359,47014352370,11,183,861
47017281002,47017280997,-5,1193,2505
47018369894,47018369889,-5,1270,3681
47020184922,47020184917,-5,876,2863
47021325609,47021325602,-7,700,2657
47022522697,47022522694,-3,604,1865
47024647380,47024647374,-6,1209,2289
47025625674,47025625670,-4,1407,4559
47030107335,47030107334,-1,1268,2717
47030301804,47030301818,14,358,1380
47030915436,47030915430,-6,789,2663
47031038145,47031038165,20,394,1638
47038384054,47038384050,-4,731,3507
47040188349,47040188345,-4,650,2487
47041033226,47041033221,-5,870,2627
47042814990,47042814986,-4,989,3491
47043217474,47043217470,-4,870,2521
47047383209,47047383207,-2,1340,3032
47050580302,47050580298,-4,1590,2692
47051090287,47051090282,-5,1211,3575
47055770661,47055770661,0,1050,1607
47057898687,47057898682,-5,195,1266
47059322015,47059322011,-4,1100,3872
47059695007,47059694999,-8,1020,4201
47063638900,47063638894,-6,1214,3790
47063997412,47063997407,-5,1592,3846
47065331124,47065331123,-1,3679,3265
47068010887,47068010885,-2,1405,2427
47068640980,47068640976,-4,521,2047
47070331717,47070331713,-4,1091,3282
47071835986,47071835982,-4,1147,2046
47076942846,47076942841,-5,919,2209
47079068234,47079068231,-3,1396,2987
47082011111,47082011114,3,2706,1697
47082669468,47082669462,-6,1078,2985
47092993018,47092993013,-5,1359,2862
47097851790,47097851786,-4,907,2927
47098638302,47098638299,-3,1333,2359
47099815868,47099815864,-4,1109,2668
47110649254,47110649250,-4,876,1806
47112796854,47112796853,-1,762,1235
47112841371,47112841379,8,187,1207
47114353523,47114353507,-16,125,1044
47119040294,47119040289,-5,1130,3589
47121717863,47121717858,-5,1004,3006
47123545770,47123545766,-4,1301,2643
47129623383,47129623378,-5,1462,3361
47132941458,47132941454,-4,1006,3924
47136824294,47136824290,-4,1369,3707
47139588875,47139588855,-20,351,1756
47140169219,47140169224,5,277,906
47143889725,47143889718,-7,1004,4396
47144224453,47144224471,18,167,1173
47144618371,47144618366,-5,1295,3923
47147664384,47147664379,-5,1019,2553
47148469993,47148469985,-8,1495,1704
47149049043,47149049056,13,48,1629
47156813938,47156813934,-4,360,1026
47160348267,47160348262,-5,981,2253
47167719100,47167719094,-6,931,1655
47171649926,47171649931,5,3718,2350
47172305568,47172305563,-5,1066,4168
47173607998,47173607994,-4,915,2812
47174352583,47174352577,-6,1154,2820
47179435200,47179435194,-6,1056,3683
47182824081,47182824076,-5,1278,3520
47188864515,47188864510,-5,1153,3660
47189056732,47189056749,17,491,5715
47194405686,47194405681,-5,1102,4461
47210681038,47210681031,-7,458,2252
47212609324,47212609323,-1,6424,10947
47213357415,47213357410,-5,1013,4542
47216238119,47216238114,-5,976,3572
47216294694,47216294689,-5,1317,3455
47222507067,47222507063,-4,1020,2519
47224728047,47224728044,-3,901,2700
47225602187,47225602182,-5,1224,3305
47229847151,47229847146,-5,721,2964
47235422082,47235422077,-5,990,3437
47237372585,47237372602,17,357,814
47240278087,47240278082,-5,1400,3799
47242097784,47242097779,-5,816,2745
47243626254,47243626249,-5,904,4077
47244874050,47244874045,-5,1377,5167
47245594278,47245594273,-5,1038,2949
47253237398,47253237394,-4,1020,2582
47263421055,47263421051,-4,1083,2801
47265632171,47265632168,-3,1262,3494
47267935483,47267935490,7,3772,1910
47272574405,47272574399,-6,594,1714
47276910446,47276910441,-5,910,3647
47277363298,47277363293,-5,226,1188
47278246461,47278246455,-6,1081,3195
47281030724,47281030718,-6,1430,4802
47288725944,47288725956,12,15685,34326
47293876283,47293876278,-5,889,1628
47296078691,47296078687,-4,800,2469
47299372021,47299372017,-4,1362,4462
47300250589,47300250593,4,2390,1609
47307352310,47307352307,-3,903,1955
47307879803,47307879798,-5,1149,2507
47311487951,47311487948,-3,1083,2917
47314957907,47314957902,-5,1537,2982
47317471500,47317471495,-5,964,3283
47318106235,47318106232,-3,1038,2636
47328205471,47328205467,-4,1022,2077
47330876116,47330876116,0,29268,21472
47331169945,47331169938,-7,1019,3357
47333464154,47333464150,-4,1134,2279
47335004068,47335004063,-5,991,2956
47337155431,47337155427,-4,901,2996
47342500051,47342500048,-3,773,2471
47347104323,47347104315,-8,932,4774
47349654623,47349654620,-3,811,2120
47352934818,47352934814,-4,850,3134
47357816719,47357816710,-9,1184,2835
47364222446,47364222443,-3,1257,3567
47365574546,47365574541,-5,1180,2239
47366403622,47366403627,5,4149,2609
47366658095,47366658084,-11,60473,30027
47367191472,47367191466,-6,896,2989
47371562397,47371562394,-3,890,2965
47371768741,47371768747,6,2200,589
47372741528,47372741522,-6,22137,15878
47380268637,47380268633,-4,536,1021
47383030323,47383030317,-6,705,1872
47383686468,47383686462,-6,1332,4770
47384295458,47384295452,-6,1266,3610
47384445859,47384445853,-6,794,3633
47386145810,47386145806,-4,1140,3244
47386513666,47386513658,-8,962,4388
47393257242,47393257237,-5,1179,2356
47394768967,47394768962,-5,923,3261
47400451057,47400451053,-4,769,2617
47401058521,47401058529,8,62,1295
47403089463,47403089457,-6,553,3375
47409092998,47409092990,-8,1388,4167
47411169545,47411169562,17,307,1292
47417969294,47417969290,-4,1235,3114
47419475826,47419475821,-5,943,4274
47423972197,47423972191,-6,1321,3350
47426122887,47426122882,-5,828,3646
47427087371,47427087372,1,34527,40236
47427368866,47427368861,-5,1008,2982
47431787287,47431787283,-4,1081,2249
47435374594,47435374591,-3,820,2944
47437323452,47437323448,-4,1137,3018
47437386707,47437386702,-5,1072,3552
47439370569,47439370564,-5,1099,2880
47448812422,47448812419,-3,1169,3076
47457250507,47457250504,-3,948,2978
47458102573,47458102574,1,4209,20393
47461701870,47461701862,-8,1086,5332
47463326316,47463326311,-5,1138,3147
47463389940,47463389955,15,436,1616
47468812410,47468812406,-4,912,2028
47471036663,47471036658,-5,1209,4557
47474902671,47474902666,-5,988,3020
47475794327,47475794321,-6,776,2522
47475923897,47475923905,8,271,1219
47475954076,47475954088,12,704,3140
47478324083,47478324078,-5,1122,2955
47480084834,47480084830,-4,1957,4424
47483866444,47483866438,-6,1134,2522
47484904337,47484904334,-3,1167,3200
47487632183,47487632178,-5,1071,2774
47492930774,47492930768,-6,959,3332
47493759962,47493759965,3,1344,1156
47496734772,47496734765,-7,1180,3606
47498518026,47498518032,6,5778,2235
47504246874,47504246875,1,6563,7881
47505191771,47505191766,-5,1344,2986
47507285850,47507285850,0,2472,4587
47509596990,47509596985,-5,1710,5806
47518183091,47518183095,4,4043,3064
47518955730,47518955726,-4,636,2221
47522837897,47522837893,-4,1065,2984
47529207239,47529207234,-5,1196,4227
47530401230,47530401225,-5,960,3920
47530610340,47530610341,1,1604,2159
47531173806,47531173809,3,1173,914
47531252003,47531251998,-5,805,2763
47531877993,47531878007,14,142,972
47535900300,47535900317,17,877,2777
47539018341,47539018341,0,2099,2790
47544844456,47544844453,-3,995,2662
47544926706,47544926694,-12,817,3827
47553052501,47553052494,-7,691,2945
47554777662,47554777654,-8,1066,4630
47555198418,47555198417,-1,1835,2541
47560405563,47560405558,-5,981,2548
47568742370,47568742377,7,3413,1304
47569198073,47569198067,-6,987,2772
47571150358,47571150356,-2,1236,3277
47575143826,47575143821,-5,517,1551
47576214819,47576214817,-2,783,2337
47576906876,47576906870,-6,620,2978
47577783520,47577783516,-4,840,2769
47580341242,47580341236,-6,993,2454
47582220498,47582220506,8,4781,1218
47582510814,47582510809,-5,1051,2987
47582578854,47582578849,-5,1016,3205
47586490474,47586490477,3,1411,1495
47587229947,47587229943,-4,806,2673
47590231635,47590231631,-4,1433,3148
47591632610,47591632606,-4,1114,2267
47593035515,47593035510,-5,1912,4189
47594394612,47594394609,-3,790,2287
47595054440,47595054461,21,599,2775
47596108065,47596108059,-6,937,3486
47597159273,47597159268,-5,760,3610
47597571064,47597571061,-3,1084,3205
47599404986,47599404978,-8,1664,5449
47602514632,47602514626,-6,1416,3175
47603072390,47603072385,-5,904,2353
47603372650,47603372671,21,811,1220
47606245670,47606245664,-6,1333,5309
47606777866,47606777860,-6,1066,2899
47606969456,47606969477,21,361,1147
47615695279,47615695277,-2,1552,3010
47620510337,47620510338,1,1403,2077
47623469260,47623469257,-3,31214,15113
47634090205,47634090201,-4,1007,3174
47634731625,47634731623,-2,792,2758
47636017782,47636017777,-5,1092,4031
47636074977,47636074973,-4,1361,3127
47637575174,47637575170,-4,1244,3484
47645461848,47645461844,-4,1402,4173
47649134870,47649134875,5,2034,1271
47651042569,47651042565,-4,640,2287
47658086957,47658086951,-6,676,2549
47660214118,47660214113,-5,1318,3279
47661928278,47661928274,-4,858,2164
47665636857,47665636851,-6,1202,5864
47668600711,47668600706,-5,1321,3847
47671473734,47671473728,-6,1130,3822
47673114110,47673114103,-7,1151,3633
47673491699,47673491678,-21,783,2268
47673662457,47673662471,14,322,973
47673995582,47673995578,-4,1602,3121
47674566883,47674566878,-5,790,3445
47678853207,47678853208,1,8260,8352
47686601190,47686601183,-7,1197,3645
47689060499,47689060496,-3,840,2901
47689391563,47689391557,-6,1574,2535
47689735483,47689735478,-5,919,3430
47690352500,47690352496,-4,1120,2678
47695203237,47695203233,-4,2223,5178
47695695829,47695695824,-5,1021,3181
47698475699,47698475706,7,5892,2251
47699599018,47699599012,-6,931,2904
47704132802,47704132797,-5,1434,3426
47706011934,47706011929,-5,846,2627
47709353191,47709353186,-5,1233,3266
47709737979,47709737993,14,280,1533
47712876232,47712876225,-7,978,5566
47717228302,47717228298,-4,715,3042
47720117746,47720117753,7,2022,1222
47720634243,47720634238,-5,871,3257
47722661678,47722661672,-6,808,2084
47723385554,47723385549,-5,961,3423
47724299474,47724299469,-5,1096,2965
47724850667,47724850662,-5,1123,3421
47727093704,47727093699,-5,1366,3173
47727731650,47727731643,-7,917,3248
47734981337,47734981337,0,1499,2893
47735800391,47735800388,-3,788,2847
47736958575,47736958571,-4,921,3399
47737606594,47737606602,8,355,1194
47738232194,47738232189,-5,964,2883
47746892934,47746892930,-4,1128,2992
47749385680,47749385677,-3,716,1963
47760327441,47760327435,-6,1099,3744
47761051307,47761051320,13,796,2432
47761084427,47761084419,-8,1373,3969
47762632687,47762632682,-5,1802,3206
47763301991,47763301986,-5,796,2232
47763700459,47763700437,-22,1243,3528
47764929636,47764929632,-4,1146,4053
47768336254,47768336250,-4,946,2896
47778228698,47778228693,-5,1065,2965
47779269349,47779269343,-6,789,1940
47779946092,47779946078,-14,1,714
47780866276,47780866289,13,544,1844
47789027660,47789027678,18,1075,2569
47789391202,47789391221,19,317,1241
47789579639,47789579641,2,2682,2666
47795646515,47795646510,-5,1131,2500
47797168539,47797168534,-5,434,1547
47797408179,47797408196,17,831,2586
47798953779,47798953776,-3,1097,3178
47799667994,47799667990,-4,1062,3304
47806807454,47806807458,4,1719,1340
47809181903,47809181901,-2,911,1986
47816466734,47816466732,-2,1230,2280
47836343493,47836343488,-5,966,3233
47836887027,47836887024,-3,454,1232
47848070802,47848070807,5,2095,880
47852545877,47852545873,-4,947,2708
47855234843,47855234839,-4,1041,3823
47858182023,47858182019,-4,988,2160
47858347969,47858347966,-3,1170,1689
47860328110,47860328106,-4,873,1881
47862639649,47862639643,-6,902,3358
47867372475,47867372471,-4,793,3348
47868747636,47868747655,19,193,1251
47873981171,47873981170,-1,1447,2920
47875105081,47875105077,-4,1026,3850
47876822558,47876822552,-6,1535,4645
47877783351,47877783351,0,2355,2580
47879426360,47879426357,-3,21738,83393
47882518833,47882518828,-5,1137,2678
47885492674,47885492669,-5,1351,3425
47886605794,47886605787,-7,699,2347
47892406305,47892406301,-4,967,2380
47897104562,47897104565,3,2934,2979
47899882254,47899882269,15,597,1869
47903726975,47903726970,-5,1515,2594
47906303290,47906303286,-4,812,2633
47906474610,47906474605,-5,1380,4132
47908069821,47908069816,-5,743,2787
47919131174,47919131169,-5,673,2273
47919197003,47919197019,16,837,2193
47921144798,47921144794,-4,1077,4153
47921307022,47921307018,-4,657,1995
47922443728,47922443716,-12,1038,2935
47922912865,47922912860,-5,1347,4321
47924803837,47924803833,-4,1299,3345
47925579237,47925579234,-3,1073,1978
47928493354,47928493350,-4,954,2927
47930605487,47930605485,-2,971,3120
47930865281,47930865298,17,451,1149
47931379042,47931379061,19,432,1263
47932652329,47932652333,4,2178,1482
47933422610,47933422602,-8,1509,3963
47943563919,47943563914,-5,764,3384
47953792835,47953792830,-5,1226,3950
47955889538,47955889531,-7,1093,2612
47957591278,47957591271,-7,786,2673
47962398783,47962398780,-3,6066,14854
47962925705,47962925701,-4,885,2269
47965907794,47965907790,-4,1041,2092
47968829603,47968829597,-6,1029,6652
47970018994,47970018993,-1,833,1773
47971914539,47971914535,-4,1282,2673
47972215455,47972215451,-4,571,2631
47974986275,47974986270,-5,854,3291
47975601102,47975601098,-4,899,3518
47978931798,47978931790,-8,817,3925
47986294717,47986294734,17,287,1194
47991224650,47991224648,-2,1063,2683
47994693727,47994693722,-5,944,2983
47994722003,47994721997,-6,1274,3102
47996048158,47996048150,-8,1100,4490
48001666765,48001666759,-6,1037,1970
48011045446,48011045442,-4,982,2516
48016909355,48016909350,-5,1303,3771
48020709491,48020709486,-5,1331,3208
48025699108,48025699102,-6,2726,6987
48030023051,48030023047,-4,1014,2744
48037631401,48037631401,0,1401,1550
48037844499,48037844481,-18,697,2663
48038968779,48038968771,-8,133,1301
48045998379,48045998374,-5,1101,3099
48063539870,48063539866,-4,1525,2989
48064450109,48064450105,-4,795,2410
48067667433,48067667429,-4,954,2852
48068105552,48068105575,23,469,1701
48068355196,48068355208,12,897,2881
48079062005,48079062010,5,2855,1377
48080392726,48080392722,-4,1054,2657
48083103341,48083103342,1,12205,12744
48085949179,48085949170,-9,995,4922
48086331481,48086331476,-5,1145,2811
48088724591,48088724586,-5,868,3765
48089515700,48089515719,19,175,984
48100076127,48100076122,-5,1316,3276
48113187489,48113187483,-6,991,3215
48114643723,48114643718,-5,2406,8645
48117308485,48117308481,-4,1593,4464
48120762679,48120762676,-3,1024,1942
48125599484,48125599478,-6,1068,3336
48131173656,48131173651,-5,935,2387
48133744722,48133744717,-5,1057,3082
48137698030,48137698024,-6,940,4481
48141738831,48141738827,-4,1505,3695
48146111188,48146111183,-5,862,1833
48146514075,48146514091,16,862,2216
48146582056,48146582050,-6,887,2564
48148037163,48148037171,8,2121,1360
48163285269,48163285262,-7,1263,3965
48165984993,48165984987,-6,847,3053
48167874162,48167874159,-3,1556,1703
48171184546,48171184550,4,3825,1272
48175697882,48175697878,-4,948,3263
48176879915,48176879910,-5,1071,2959
48177469832,48177469825,-7,1727,6604
48190555658,48190555654,-4,943,2548
48190913907,48190913884,-23,1348,3187
48191936885,48191936878,-7,1561,3121
48193319770,48193319763,-7,614,3259
48193646483,48193646474,-9,358,1373
48195964526,48195964523,-3,1005,2248
48196147386,48196147378,-8,844,3609
48196462482,48196462499,17,897,3514
48197716194,48197716189,-5,726,1554
48201523375,48201523370,-5,3486,6685
48203547131,48203547127,-4,1035,3111
48216205851,48216205847,-4,1027,2792
48217154110,48217154105,-5,1309,2975
48219675019,48219675012,-7,1201,4147
48227406638,48227406633,-5,899,2023
48228372794,48228372789,-5,807,2224
48230067408,48230067431,23,1122,3157
48232735137,48232735130,-7,1117,3502
48242389751,48242389746,-5,1203,4772
48243379150,48243379145,-5,1334,2822
48246362350,48246362346,-4,1201,3894
48248171913,48248171909,-4,900,2441
48248959475,48248959472,-3,709,1534
48260264131,48260264128,-3,1204,2724
48262971357,48262971353,-4,589,1238
48268775344,48268775340,-4,949,2979
48269990012,48269990006,-6,812,2253
48271109892,48271109892,0,1795,2488
48274685369,48274685364,-5,663,2744
48276118302,48276118297,-5,872,1739
48278409144,48278409150,6,2494,2463
48284251333,48284251329,-4,1346,3744
48288900022,48288900021,-1,1131,1176
48292955963,48292955958,-5,1254,3638
48294492191,48294492186,-5,1098,2528
48299896577,48299896574,-3,1210,1611
48301287591,48301287597,6,3327,1942
48301424390,48301424386,-4,1262,2939
48302163671,48302163671,0,1597,2088
48305057094,48305057101,7,4385,1329
48307953657,48307953658,1,1242,1917
48308426426,48308426421,-5,749,2801
48319790043,48319790038,-5,1101,3128
48322370011,48322370004,-7,742,3075
48324308762,48324308757,-5,1048,2609
48324452452,48324452466,14,1104,2463
48328023932,48328023937,5,2973,1165
48332506373,48332506368,-5,976,2859
48343951586,48343951589,3,1293,1918
48345003899,48345003894,-5,623,2306
48345563120,48345563114,-6,163,1183
48348922514,48348922508,-6,871,2815
48353168540,48353168537,-3,1163,1620
48354190391,48354190395,4,1421,939
48366760998,48366760993,-5,958,3713
48368506163,48368506160,-3,1175,3523
48370263217,48370263210,-7,1480,3245
48378339947,48378339942,-5,1080,2452
48385849620,48385849614,-6,1197,3744
48386792517,48386792512,-5,1455,2871
48386991642,48386991649,7,1660,881
48393311594,48393311591,-3,696,2348
48395952563,48395952562,-1,1415,3215
48396550426,48396550422,-4,1351,3576
48396595441,48396595438,-3,984,2111
48397518842,48397518854,12,147,1719
48397896164,48397896159,-5,1001,3195
48399274918,48399274917,-1,1155,1672
48403337995,48403337990,-5,1081,3044
48403717936,48403717949,13,222,806
48406092622,48406092618,-4,1196,3357
48410530028,48410530026,-2,994,2185
48410564755,48410564773,18,277,1479
48411614324,48411614338,14,148,621
48411978673,48411978667,-6,840,2184
48420800482,48420800477,-5,1581,3742
48422019322,48422019317,-5,916,3166
48435304467,48435304466,-1,836,1589
48438148567,48438148563,-4,869,2447
48439629019,48439629014,-5,1047,3219
48442136841,48442136837,-4,979,2291
48443636601,48443636595,-6,1372,2696
48443854976,48443854960,-16,103,1199
48446878823,48446878820,-3,903,2706
48447133771,48447133787,16,424,1601
48447767417,48447767421,4,1482,1145
48449757978,48449757975,-3,1134,4195
48452010512,48452010507,-5,587,3464
48454511926,48454511920,-6,1006,3245
48461434249,48461434245,-4,1212,2866
48462091048,48462091043,-5,1023,3064
48462353107,48462353107,0,779,1486
48462860203,48462860189,-14,68,1294
48464574186,48464574190,4,2533,1971
48464751073,48464751068,-5,1192,3191
48464867257,48464867241,-16,305,990
48470717558,48470717551,-7,1005,3816
48471071672,48471071666,-6,508,1260
48476335258,48476335254,-4,1340,3777
48481209430,48481209425,-5,771,2354
48486688627,48486688631,4,1548,1758
48487096190,48487096185,-5,1397,3879
48490007231,48490007226,-5,828,2181
48490293986,48490293967,-19,24051,26856
48504434542,48504434538,-4,977,3002
48510393513,48510393510,-3,1141,2910
48511732877,48511732873,-4,1292,2669
48511912870,48511912865,-5,1326,3478
48514194049,48514194042,-7,1034,2797
48516515394,48516515388,-6,1087,3718
48517148533,48517148532,-1,38663,24557
48522065531,48522065528,-3,1426,3555
48523978985,48523978982,-3,1207,3510
48525130228,48525130223,-5,654,2763
48525242283,48525242293,10,66,1689
48525917867,48525917878,11,92,1023
48533003281,48533003275,-6,1056,3245
48543980095,48543980089,-6,786,3570
48548764492,48548764486,-6,1191,2859
48548816314,48548816313,-1,723,1560
48552494307,48552494303,-4,1043,2794
48554197867,48554197861,-6,711,3837
48560133930,48560133925,-5,933,2967
48562414227,48562414225,-2,809,1989
48565720155,48565720142,-13,1218,3531
48566090989,48566090990,1,1476,1980
48568637666,48568637665,-1,23051,18371
48570160113,48570160109,-4,947,2728
48578877822,48578877818,-4,1021,2792
48583486439,48583486435,-4,1103,2612
48588934758,48588934758,0,1176,1484
48597005258,48597005254,-4,980,2381
48606331686,48606331683,-3,984,2569
48607181882,48607181879,-3,173,789
48607986074,48607986070,-4,895,2789
48610823463,48610823460,-3,1181,2771
48612655342,48612655337,-5,1242,2584
48613356210,48613356205,-5,1038,3104
48617742814,48617742809,-5,829,3523
48632518275,48632518283,8,28,876
48632957600,48632957593,-7,1335,3130
48636985279,48636985271,-8,535,2326
48637533319,48637533314,-5,910,3094
48645239113,48645239106,-7,1149,4504
48650854119,48650854116,-3,1139,3036
48651483675,48651483671,-4,777,1654
48661205816,48661205822,6,2410,1268
48662784177,48662784172,-5,1380,4276
48665751654,48665751649,-5,1079,2709
48667025546,48667025561,15,182,1047
48669751933,48669751933,0,1503,1789
48671300077,48671300077,0,7776,9270
48671572496,48671572483,-13,194,1119
48672089088,48672089106,18,234,1282
48676327635,48676327632,-3,1587,3709
48676832913,48676832907,-6,1349,2810
48677442413,48677442407,-6,1136,3783
48678038047,48678038041,-6,824,3032
48679113291,48679113286,-5,1281,3891
48683101826,48683101831,5,1038,716
48684568036,48684568033,-3,1145,2225
48685102541,48685102536,-5,806,3881
48688915333,48688915327,-6,739,2559
48697939593,48697939587,-6,841,3566
48698603888,48698603908,20,355,1282
48698857537,48698857559,22,347,1627
48700424657,48700424651,-6,1098,3617
48705709971,48705709966,-5,784,2013
48711211394,48711211398,4,1465,1729
48714298474,48714298469,-5,773,1835
48714909778,48714909798,20,345,979
48717040532,48717040526,-6,1456,3765
48717691463,48717691458,-5,921,2121
48721671178,48721671174,-4,1086,2750
48722238024,48722238018,-6,889,1923
48725541685,48725541679,-6,1450,3916
48725953339,48725953333,-6,1075,3208
48730224843,48730224838,-5,758,3599
48731176130,48731176126,-4,1168,2360
48731338874,48731338888,14,239,1084
48731877127,48731877122,-5,718,2095
48734331893,48734331887,-6,1377,3978
48734475783,48734475777,-6,1196,2988
48735041241,48735041259,18,1440,5067
48735967970,48735967966,-4,866,2864
48743123636,48743123630,-6,1150,3084
48744317051,48744317046,-5,1039,3929
48745695825,48745695818,-7,133,994
48749143934,48749143929,-5,1151,3212
48754534035,48754534043,8,7582,746
48755941170,48755941164,-6,758,1809
48756245345,48756245340,-5,1190,3214
48768346990,48768346995,5,3002,2159
48771554567,48771554562,-5,863,2114
48772473463,48772473458,-5,952,2920
48773483566,48773483562,-4,1065,3260
48773508832,48773508816,-16,193,1165
48773522392,48773522394,2,35,20
48777412083,48777412079,-4,1063,3215
48786703891,48786703886,-5,1197,4240
48788939489,48788939482,-7,9172,15928
48796389141,48796389136,-5,845,3235
48796752140,48796752138,-2,64,789
48800598340,48800598334,-6,1098,3429
48801295075,48801295069,-6,985,3886
48811702722,48811702718,-4,924,2273
48815807196,48815807191,-5,1682,3230
48817380953,48817380950,-3,1060,3935
48819217648,48819217642,-6,1706,4056
48821114303,48821114298,-5,1441,4514
48822619909,48822619906,-3,819,2879
48826028396,48826028389,-7,1065,3037
48826461905,48826461901,-4,1444,2114
48827320194,48827320190,-4,1479,3624
48830037202,48830037203,1,1376,948
48834504026,48834504021,-5,1335,3201
48836877697,48836877698,1,782,1238
48838790181,48838790175,-6,1601,4303
48840991695,48840991690,-5,1350,3410
48842143479,48842143470,-9,1211,3148
48842175006,48842175005,-1,1427,1881
48847201611,48847201606,-5,1113,3200
48849263246,48849263230,-16,108,1044
48849481618,48849481623,5,1651,696
48852783158,48852783157,-1,1393,1466
48859767811,48859767818,7,4340,1627
48862372483,48862372479,-4,955,3271
48872986666,48872986660,-6,1154,4162
48879147797,48879147794,-3,1370,2803
48880065193,48880065214,21,1093,3036
48881107317,48881107314,-3,1328,2353
48881253955,48881253951,-4,1092,2648
48881812458,48881812447,-11,149,1247
48884471306,48884471301,-5,736,2859
48884799696,48884799692,-4,726,2301
48885235368,48885235362,-6,28,898
48885350930,48885350947,17,851,1867
48891066960,48891066953,-7,1101,2347
48892240403,48892240399,-4,20475,47161
48895479550,48895479557,7,6406,3172
48901191870,48901191866,-4,938,2034
48903705219,48903705217,-2,1432,2496
48906914502,48906914497,-5,885,4568
48907668363,48907668378,15,1216,3561
48915070178,48915070174,-4,983,2570
48921815969,48921815980,11,14391,43925
48922707829,48922707822,-7,1109,2809
48923297001,48923297019,18,354,1744
48924134070,48924134065,-5,851,3074
48928906506,48928906499,-7,813,2754
48929359890,48929359911,21,52,1123
48930771976,48930771972,-4,1456,3498
48931380308,48931380326,18,833,2817
48943210623,48943210613,-10,941,3155
48944471327,48944471322,-5,1546,3979
48952422451,48952422446,-5,1136,3413
48953170167,48953170162,-5,943,2644
48956266884,48956266884,0,1165,1553
48958686070,48958686063,-7,731,3452
48965673870,48965673865,-5,848,1894
48966098835,48966098825,-10,7,978
48967876980,48967876975,-5,1264,3253
48969690059,48969690039,-20,1009,1907
48972739618,48972739614,-4,1025,2264
48972817114,48972817105,-9,166,976
48973903280,48973903274,-6,1115,4384
48974106683,48974106678,-5,1358,3456
48976434838,48976434845,7,3539,1288
48979403903,48979403897,-6,1180,3388
48981908439,48981908443,4,1707,1798
48985930947,48985930941,-6,611,2496
48987357482,48987357476,-6,1558,5192
48988241390,48988241385,-5,1241,3871
48990353917,48990353913,-4,969,3813
49008062354,49008062350,-4,2458,6870
49019041511,49019041506,-5,1193,3378
49027690894,49027690892,-2,22895,40402
49028294978,49028294973,-5,978,3281
49029236201,49029236197,-4,1812,4735
49034338075,49034338070,-5,680,2989
49035174640,49035174635,-5,1307,2774
49046144821,49046144818,-3,1465,3740
49048718087,49048718081,-6,944,2842
49048946690,49048946687,-3,694,3055
49049631289,49049631270,-19,289,1411
49055585847,49055585842,-5,860,2601
49055907753,49055907768,15,1182,5233
49060033854,49060033847,-7,567,2727
49061592234,49061592241,7,3670,714
49062372002,49062371998,-4,1015,2333
49062734329,49062734314,-15,125,1484
49064441235,49064441231,-4,1072,2029
49068554528,49068554522,-6,845,2295
49069440150,49069440145,-5,1451,3042
49073286986,49073286980,-6,690,3455
49080231257,49080231265,8,273,1514
49082163482,49082163480,-2,475,1959
49084653147,49084653143,-4,1091,2465
49084909106,49084909097,-9,972,3236
49085636481,49085636477,-4,1093,2921
49089522957,49089522953,-4,844,3019
49097570354,49097570349,-5,1052,3712
49101876947,49101876941,-6,990,3447
49102544123,49102544138,15,463,1012
49106592453,49106592448,-5,1192,2777
49110666333,49110666335,2,1809,1354
49116553034,49116553029,-5,637,2681
49119367159,49119367154,-5,1286,3546
49121855126,49121855119,-7,2539,7631
49140975703,49140975698,-5,793,2750
49141059193,49141059195,2,317,1188
49147176223,49147176218,-5,1314,2514
49147667449,49147667446,-3,1107,3227
49148231371,49148231364,-7,693,1902
49150690729,49150690718,-11,1492,2929
49151806115,49151806115,0,1429,2092
49152819479,49152819473,-6,1219,3997
49157814134,49157814130,-4,777,3318
49161189731,49161189725,-6,972,3216
49161975030,49161975024,-6,1321,4133
49169384891,49169384894,3,1048,1437
49169505795,49169505791,-4,1298,3581
49169602498,49169602494,-4,1038,4015
49169727848,49169727866,18,571,2538
49171570558,49171570553,-5,985,3821
49171872159,49171872163,4,2718,1729
49172268343,49172268338,-5,1023,2979
49182312106,49182312101,-5,1175,2916
49183200405,49183200400,-5,929,2920
49187149507,49187149503,-4,750,2847
49187589308,49187589290,-18,991,3249
49193041318,49193041313,-5,1225,1969
49198048220,49198048214,-6,926,2796
49200927219,49200927214,-5,1437,2978
49203333286,49203333281,-5,1244,2987
49205742635,49205742630,-5,1338,3243
49210577006,49210577001,-5,1546,3948
49221872333,49221872326,-7,908,4156
49225207578,49225207573,-5,1271,6123
49227259772,49227259766,-6,701,1633
49229411213,49229411208,-5,803,2411
49232225189,49232225186,-3,983,3094
49232828354,49232828346,-8,514,3712
49241130652,49241130646,-6,996,3576
49244975583,49244975580,-3,595,1556
49261786770,49261786763,-7,1153,3107
49262589519,49262589521,2,801,1480
49265316786,49265316782,-4,543,3063
49267912782,49267912776,-6,898,2510
49270205210,49270205204,-6,1031,3442
49272390578,49272390572,-6,1275,3021
49276952399,49276952395,-4,932,2349
49278605801,49278605797,-4,1057,2633
49281266170,49281266163,-7,1414,4145
49292059898,49292059895,-3,895,2583
49293878762,49293878743,-19,771,1645
49296105469,49296105465,-4,1055,3620
49296941699,49296941710,11,224,669
49299255022,49299255021,-1,1095,2150
49308382780,49308382774,-6,606,2512
49312944914,49312944910,-4,1408,2967
49313447070,49313447065,-5,1404,3329
49314272965,49314272958,-7,1278,3390
49323237979,49323237971,-8,1368,4354
49326681887,49326681883,-4,942,2033
49335788127,49335788121,-6,774,3182
49337141794,49337141797,3,286,1384
49341262916,49341262912,-4,1150,4172
49341695245,49341695240,-5,1092,2855
49344205034,49344205029,-5,736,1839
49353364035,49353364030,-5,881,2646
49356759622,49356759615,-7,755,3573
49359303491,49359303486,-5,1253,2972
49359408460,49359408461,1,1565,2468
49366093996,49366093990,-6,1448,4807
49366316655,49366316648,-7,879,2355
49366756210,49366756203,-7,135,707
49371610201,49371610196,-5,1703,3753
49374408292,49374408289,-3,983,1915
49375064764,49375064779,15,136,755
49375930089,49375930091,2,2748,2447
49379707427,49379707422,-5,1178,2978
49382297550,49382297545,-5,1066,2704
49388429479,49388429473,-6,1079,3079
49394476669,49394476662,-7,1056,3674
49403853921,49403853918,-3,915,2347
49404780546,49404780540,-6,1156,3950
49407333053,49407333049,-4,835,2638
49407440267,49407440261,-6,844,2833
49412758850,49412758845,-5,1301,3576
49415993195,49415993190,-5,1123,2341
49417134658,49417134671,13,253,698
49417623861,49417623854,-7,962,2717
49419301622,49419301617,-5,1028,2834
49420669495,49420669490,-5,1857,3881
49426125918,49426125914,-4,1266,4455
49432239921,49432239918,-3,931,2048
49433772418,49433772422,4,2318,1566
49442786970,49442786966,-4,1061,3693
49442871061,49442871057,-4,1345,3321
49444509470,49444509474,4,12681,10461
49445697842,49445697837,-5,1261,3950
49451147722,49451147717,-5,1106,3291
49455940850,49455940845,-5,1203,3302
49456022906,49456022901,-5,1253,3773
49456379110,49456379106,-4,864,2664
49457268275,49457268273,-2,1034,3098
49466174599,49466174595,-4,802,2631
49469239318,49469239314,-4,1123,3103
49471928479,49471928474,-5,743,2034
49472364722,49472364735,13,53,1125
49474236047,49474236042,-5,1072,2986
49489938813,49489938806,-7,1081,3190
49496823280,49496823276,-4,1431,2897
49497624538,49497624534,-4,1202,3463
49498327283,49498327298,15,891,2836
49500858090,49500858084,-6,1348,2282
49500977584,49500977606,22,467,1109
49506861400,49506861421,21,209,1641
49506967899,49506967917,18,753,1624
49507539391,49507539385,-6,1190,2962
49508622068,49508622061,-7,1020,2926
49508728313,49508728322,9,82,1032
49510160235,49510160238,3,1701,1328
49516653216,49516653215,-1,1593,1805
49521223011,49521223006,-5,1185,3521
49521852174,49521852170,-4,1123,2187
49522031906,49522031901,-5,97,739
49533042319,49533042321,2,2034,2120
49533322683,49533322678,-5,958,2180
49543082445,49543082439,-6,1165,3324
49543513216,49543513238,22,513,1556
49545272675,49545272671,-4,835,2321
49545585417,49545585410,-7,154,1029
49546638372,49546638378,6,3960,2315
49550331395,49550331391,-4,709,3061
49550848091,49550848111,20,933,2444
49550884802,49550884821,19,240,857
49551524698,49551524694,-4,818,3070
49551796885,49551796880,-5,1145,3856
49553345539,49553345534,-5,1061,2584
49553510394,49553510415,21,1164,3934
49561838579,49561838575,-4,660,2597
49569324682,49569324678,-4,1130,2879
49571621965,49571621961,-4,845,3087
49575831343,49575831338,-5,1005,3336
49579181564,49579181558,-6,1682,3427
49582921323,49582921325,2,1191,2169
49585381161,49585381154,-7,1382,3054
49585888417,49585888411,-6,1093,3785
49586093593,49586093607,14,439,1872
49586734306,49586734304,-2,1041,1868
49592388167,49592388174,7,3992,1607
49595470099,49595470094,-5,1053,2779
49597780854,49597780850,-4,1189,2913
49599471398,49599471393,-5,1039,3286
49599877704,49599877698,-6,1369,3984
49601112946,49601112939,-7,1393,4875
49601631126,49601631119,-7,1372,3373
49602027934,49602027929,-5,826,2882
49607702654,49607702649,-5,1256,3070
49612555941,49612555949,8,4801,2002
49613472010,49613472006,-4,787,3291
49616535486,49616535481,-5,545,2274
49616755490,49616755485,-5,22383,69279
49621049514,49621049510,-4,1502,3204
49634934051,49634934051,0,1482,1970
49637848665,49637848661,-4,592,2110
49649547059,49649547056,-3,1081,2763
49650571099,49650571096,-3,746,1761
49653282410,49653282406,-4,1145,2920
49657243471,49657243466,-5,719,1513
49660017975,49660017971,-4,1041,2671
49667234853,49667234849,-4,1015,1882
49667609593,49667609589,-4,1088,2765
49668315316,49668315335,19,397,1549
49673554730,49673554725,-5,852,2754
49678311095,49678311090,-5,1216,3275
49679276098,49679276118,20,902,3297
49681996963,49681996960,-3,1183,4102
49683764391,49683764386,-5,1570,3661
49685694577,49685694568,-9,37,1415
49687024173,49687024167,-6,1180,2520
49697413725,49697413721,-4,1123,2958
49698517490,49698517485,-5,647,1941
49702853305,49702853305,0,6866,11896
49706118493,49706118489,-4,2313,4482
49709103998,49709103991,-7,951,2192
49710534277,49710534272,-5,953,3473
49716016346,49716016341,-5,1159,2704
49719154931,49719154926,-5,881,2935
49719368331,49719368326,-5,1257,4858
49720031806,49720031802,-4,966,2051
49720614403,49720614419,16,553,1776
49723143390,49723143385,-5,1158,2888
49726573135,49726573131,-4,1220,2805
49729005331,49729005328,-3,662,1796
49730834763,49730834758,-5,1317,5191
49733308922,49733308926,4,1335,1640
49733889679,49733889674,-5,1313,3081
49735264027,49735264018,-9,1076,2757
49737056006,49737056005,-1,1006,1611
49741630763,49741630759,-4,1368,3269
49741966921,49741966916,-5,845,3665
49751711413,49751711408,-5,1171,2737
49753218579,49753218576,-3,925,1832
49754680202,49754680206,4,1202,719
49755091504,49755091508,4,2463,1840
49757956389,49757956384,-5,1519,3724
49762106962,49762106956,-6,906,3530
49762959848,49762959870,22,1347,3900
49769194470,49769194465,-5,915,2768
49778185752,49778185747,-5,949,3040
49779267055,49779267050,-5,1131,3568
49779633191,49779633191,0,3849,5958
49783372002,49783371997,-5,1400,2496
49784464625,49784464621,-4,1065,2557
49786279705,49786279706,1,2014,2547
49793317091,49793317095,4,2806,1704
49795723803,49795723801,-2,1996,3432
49797485354,49797485352,-2,702,2543
49798409272,49798409268,-4,858,3507
49805592710,49805592706,-4,1331,3701
49807777813,49807777809,-4,823,2752
49809749018,49809749000,-18,1797,791
49811187575,49811187572,-3,820,3224
49811895066,49811895083,17,598,3150
49813861306,49813861302,-4,867,2488
49822211935,49822211935,0,23548,32837
49823542747,49823542742,-5,993,3088
49824159962,49824159963,1,1230,1348
49824336481,49824336500,19,167,1340
49828055831,49828055826,-5,1270,3244
49831960393,49831960387,-6,1251,2949
49833093279,49833093277,-2,1005,1857
49842739249,49842739254,5,2521,1727
49845462105,49845462100,-5,1091,3680
49850441726,49850441726,0,1112,1201
49862509805,49862509805,0,1101,2395
49862673987,49862673969,-18,946,2505
49864570932,49864570926,-6,1009,3783
49865147481,49865147492,11,227,1301
49868228946,49868228941,-5,1038,3750
49869322419,49869322421,2,2808,2267
49871411811,49871411805,-6,867,2442
49874093727,49874093722,-5,1258,2562
49875633737,49875633731,-6,942,2678
49875968052,49875968045,-7,910,2381
49876192830,49876192824,-6,1846,4598
49879844701,49879844697,-4,753,2316
49880209139,49880209136,-3,844,2718
49887409804,49887409798,-6,1178,3502
49887828099,49887828080,-19,1043,3032
49888146554,49888146570,16,1019,2125
49890719201,49890719201,0,1157,2012
49891665617,49891665613,-4,1062,4121
49892139710,49892139707,-3,1100,2526
49893814854,49893814851,-3,1295,3452
49898454119,49898454113,-6,853,3135
49909737941,49909737943,2,1548,1318
49911755883,49911755878,-5,1784,5900
49914120782,49914120775,-7,1228,3501
49918708209,49918708204,-5,863,2755
49919851047,49919851043,-4,933,3393
49922547711,49922547705,-6,934,2496
49925369555,49925369550,-5,1000,2913
49932356692,49932356687,-5,1155,3021
49932876755,49932876751,-4,658,2454
49939993502,49939993501,-1,1583,2403
49944272315,49944272312,-3,721,1614
49945196630,49945196626,-4,891,3423
49945247627,49945247633,6,192,952
49964003818,49964003813,-5,676,4020
49968373021,49968373022,1,1124,2498
49976481198,49976481191,-7,1357,7745
49977365987,49977365982,-5,1355,2707
49977848888,49977848906,18,100,2031
49982424998,49982424997,-1,811,2162
49982466928,49982466923,-5,818,2466
49987660328,49987660321,-7,1044,2912
49993133654,49993133662,8,65,491
49993578685,49993578678,-7,1118,2703
50001307238,50001307234,-4,1076,3506
50002314227,50002314223,-4,700,2828
50002442775,50002442752,-23,1989,1355
50002669884,50002669878,-6,1144,3882
50002862385,50002862374,-11,72,634
50007132296,50007132290,-6,1028,3730
50007458722,50007458718,-4,992,2381
50008244915,50008244921,6,1980,766
50009587039,50009587034,-5,934,3404
50010302261,50010302255,-6,855,3790
50010464665,50010464659,-6,856,2563
50011629515,50011629510,-5,798,1177
50013516726,50013516726,0,1255,1478
50015810649,50015810645,-4,724,1691
50022496279,50022496275,-4,783,1886
50024299557,50024299551,-6,1254,3560
50026511001,50026510997,-4,1093,3587
50027253878,50027253873,-5,1373,3386
50029055301,50029055300,-1,1284,1819
50036616856,50036616853,-3,1290,4012
50046504889,50046504885,-4,1052,3173
50053551491,50053551486,-5,992,2667
50062687213,50062687209,-4,1150,3179
50063210033,50063210035,2,3311,3132
50069415915,50069415909,-6,1064,3560
50076229114,50076229110,-4,865,3043
50076375058,50076375078,20,799,2715
50077183698,50077183691,-7,498,2568
50077852699,50077852677,-22,149,1058
50081652039,50081652038,-1,1312,2451
50090102099,50090102093,-6,644,2423
50101292537,50101292530,-7,1376,5144
50101699745,50101699734,-11,263,1143
50105795126,50105795121,-5,1047,3293
50106119867,50106119862,-5,944,3227
50106419652,50106419670,18,908,3077
50114142291,50114142285,-6,876,4027
50114370218,50114370202,-16,145,985
50117314974,50117314975,1,1691,1708
50118599187,50118599181,-6,1207,2531
50121275566,50121275561,-5,838,2640
50121529604,50121529614,10,817,3042
50126355714,50126355710,-4,1209,2717
50129490738,50129490734,-4,976,3271
50132460206,50132460201,-5,1348,2815
50133878724,50133878739,15,693,2351
50135689998,50135690000,2,1545,1439
50138011927,50138011921,-6,454,300
50141253469,50141253462,-7,627,2131
50152031758,50152031762,4,1791,1836
50152709634,50152709628,-6,1066,3241
50155908806,50155908800,-6,1269,3296
50160715993,50160715986,-7,797,1731
50164357722,50164357718,-4,929,3198
50164878447,50164878450,3,2000,1827
50177358106,50177358101,-5,1384,3038
50179741846,50179741840,-6,992,2747
50184786241,50184786235,-6,1237,2473
50185955393,50185955389,-4,591,2572
50186373098,50186373094,-4,905,2383
50187186003,50187186023,20,995,2853
50187931064,50187931057,-7,836,2736
50191486579,50191486574,-5,1186,3346
50192352329,50192352350,21,326,971
50195414848,50195414844,-4,2348,5706
50196356218,50196356215,-3,2778,5455
50200010763,50200010758,-5,887,3633
50206268617,50206268614,-3,1127,2804
50215893715,50215893710,-5,1481,3639
50216287699,50216287694,-5,849,2035
50221341529,50221341525,-4,1562,3464
50221454976,50221454998,22,285,1676
50222866310,50222866305,-5,802,1988
50226445531,50226445526,-5,718,3098
50229271429,50229271425,-4,785,3263
50235703983,50235703986,3,1214,1264
50236727189,50236727186,-3,866,2259
50242271546,50242271550,4,8530,5122
50242297971,50242297989,18,1107,2717
50245996226,50245996223,-3,1383,2325
50246251906,50246251902,-4,761,2364
50247224144,50247224128,-16,146,1555
50253507778,50253507772,-6,5573,21381
50255988902,50255988895,-7,948,4866
50268591531,50268591526,-5,1441,5522
50269668079,50269668074,-5,1082,3575
50275765437,50275765432,-5,1594,3506
50281051546,50281051541,-5,1016,2936
50281320707,50281320707,0,229,949
50281967192,50281967213,21,780,2016
50292449925,50292449921,-4,876,2669
50296147072,50296147066,-6,833,2295
50301557446,50301557440,-6,1547,3587
50301626008,50301626015,7,76,1173
50309194635,50309194631,-4,755,2475
50310137040,50310137060,20,1044,2317
50313159372,50313159368,-4,683,3013
50314345519,50314345517,-2,1220,1991
50315094208,50315094204,-4,865,2452
50315736427,50315736421,-6,818,2868
50324638841,50324638834,-7,1061,2458
50325692866,50325692872,6,2364,1182
50326839071,50326839069,-2,1110,2148
50327313594,50327313590,-4,1279,2697
50328546386,50328546382,-4,1029,2713
50332672722,50332672718,-4,1039,2760
50332736685,50332736678,-7,1004,3386
50334202853,50334202855,2,1435,1232
50340329030,50340329021,-9,26711,18068
50341527359,50341527356,-3,1286,4040
50344976086,50344976082,-4,576,1958
50353877971,50353877966,-5,1235,2363
50354120655,50354120651,-4,768,2761
50356251921,50356251918,-3,1025,3066
50357574585,50357574578,-7,1071,4555
50362220419,50362220413,-6,1069,3440
50372819841,50372819837,-4,1212,3091
50379553715,50379553710,-5,1112,2511
50380378865,50380378859,-6,1402,4053
50381648195,50381648190,-5,1592,4157
50385119395,50385119390,-5,691,2097
50390392429,50390392425,-4,968,2289
50393568765,50393568759,-6,867,2457
50395266807,50395266805,-2,998,2331
50408222983,50408222977,-6,564,2296
50409283294,50409283290,-4,1180,3897
50410201927,50410201922,-5,1634,4291
50419393721,50419393718,-3,1178,2528
50420606868,50420606861,-7,1266,3427
50422493233,50422493226,-7,754,2614
50424258331,50424258332,1,1836,1684
50425881658,50425881652,-6,730,2462
50430269092,50430269086,-6,1021,2478
50432403145,50432403141,-4,1119,2947
50439035466,50439035473,7,3167,1477
50441318541,50441318543,2,1324,622
50443921899,50443921893,-6,844,3040
50446634046,50446634042,-4,1004,2357
50452530266,50452530260,-6,966,2476
50454664977,50454664983,6,3500,2138
50457349637,50457349631,-6,619,2513
50457584472,50457584473,1,335,785
50458336200,50458336195,-5,121,863
50458884556,50458884545,-11,757,2326
50460345506,50460345501,-5,123,1491
50462859258,50462859254,-4,1359,3615
50463773163,50463773160,-3,1318,2340
50464857479,50464857474,-5,923,2153
50464937852,50464937860,8,212,919
50466277102,50466277098,-4,717,2867
50470723699,50470723695,-4,839,2358
50471520952,50471520968,16,650,4023
50478606937,50478606934,-3,1614,3275
50480012896,50480012890,-6,2161,5942
50481408449,50481408445,-4,871,2723
50492099994,50492099990,-4,701,2293
50492220163,50492220151,-12,186,690
50494075038,50494075033,-5,1445,4272
50495940547,50495940542,-5,1061,2675
50497969494,50497969499,5,1356,979
50504715703,50504715699,-4,888,2791
50505101093,50505101098,5,2299,1171
50507974574,50507974568,-6,926,2916
50508076976,50508076961,-15,634,1886
50511570975,50511570971,-4,1067,3644
50515512241,50515512238,-3,1329,3587
50517557363,50517557361,-2,812,2439
50518544154,50518544147,-7,837,4528
50525707002,50525706998,-4,346,1143
50526355617,50526355614,-3,1194,3203
50527552629,50527552622,-7,2081,10413
50528371171,50528371167,-4,1059,3837
50528528012,50528528011,-1,166,616
50532384279,50532384274,-5,609,1922
50536307034,50536307031,-3,1374,3580
50537800367,50537800361,-6,696,3760
50538180163,50538180140,-23,162,1453
50540578927,50540578924,-3,759,3052
50545000584,50545000578,-6,772,2437
50545793299,50545793296,-3,1219,2601
50546656022,50546656014,-8,1042,2682
50546932280,50546932302,22,236,1271
50552110439,50552110434,-5,1127,2366
50562804734,50562804733,-1,1473,1425
50562952457,50562952451,-6,1164,2554
50564401554,50564401549,-5,1307,2471
50566800614,50566800608,-6,736,3061
50568045815,50568045812,-3,1372,1989
50582282738,50582282734,-4,960,2254
50586007844,50586007839,-5,906,3328
50592115948,50592115939,-9,786,3477
50596995593,50596995588,-5,866,2910
50598464127,50598464122,-5,726,3326
50604325634,50604325635,1,1575,2766
50607164287,50607164286,-1,765,1166
50613242995,50613242990,-5,1083,4212
50621220427,50621220423,-4,1025,3312
50621704482,50621704503,21,139,1262
50627988767,50627988765,-2,704,1602
50629584396,50629584389,-7,30720,15569
50629671934,50629671930,-4,811,3205
50630389600,50630389618,18,1182,3258
50631340169,50631340164,-5,1204,2990
50640690818,50640690813,-5,1213,3426
50640896942,50640896938,-4,1078,2394
50647966754,50647966749,-5,1179,2751
50649095593,50649095578,-15,907,4106
50650405686,50650405681,-5,653,2742
50651301254,50651301249,-5,996,2380
50655829698,50655829702,4,1423,1112
50657941862,50657941859,-3,962,1960
50662229459,50662229454,-5,502,1803
50662465786,50662465799,13,612,1548
50666161723,50666161717,-6,852,3722
50669410025,50669410029,4,4034,2783
50677366388,50677366382,-6,1359,2548
50678817347,50678817342,-5,1316,4697
50680568407,50680568405,-2,926,1560
50684915282,50684915278,-4,904,2551
50687090622,50687090617,-5,894,3102
50699749155,50699749149,-6,833,2273
50707638613,50707638608,-5,1076,4433
50714998411,50714998408,-3,888,2061
50716636422,50716636429,7,5974,2864
50719379252,50719379246,-6,895,2063
50722763234,50722763227,-7,1749,7273
50724092823,50724092818,-5,911,3827
50724624942,50724624938,-4,1059,2218
50725004789,50725004787,-2,609,1069
50726125071,50726125067,-4,1039,2615
50726327179,50726327174,-5,1279,3539
50726474417,50726474437,20,979,3430
50728627678,50728627675,-3,691,1389
50729179651,50729179666,15,1023,3464
50729276025,50729276034,9,175,804
50734164284,50734164277,-7,1355,3282
50735035539,50735035534,-5,1363,2472
50735295915,50735295909,-6,60,907
50743452440,50743452437,-3,1586,3538
50744414390,50744414388,-2,640,2027
50745705225,50745705219,-6,714,2263
50748504062,50748504057,-5,755,2657
50749011540,50749011537,-3,1662,3688
50750412173,50750412169,-4,989,2624
50750513042,50750513057,15,1072,2996
50750952877,50750952870,-7,1805,6950
50752468542,50752468537,-5,1044,2715
50771001787,50771001782,-5,1013,2977
50777017906,50777017906,0,1291,1934
50778721663,50778721657,-6,906,3356
50780158706,50780158702,-4,1007,2332
50788809371,50788809366,-5,980,3511
50792912039,50792912035,-4,1234,3782
50795152620,50795152614,-6,34998,13554
50797025741,50797025746,5,2090,977
50801913847,50801913845,-2,859,2686
50803341288,50803341284,-4,1330,2871
50804762241,50804762236,-5,1430,3026
50806064599,50806064615,16,1292,1614
50808576006,50808576002,-4,27644,24639
50814077420,50814077432,12,11264,49139
50816003395,50816003390,-5,846,2281
50820398650,50820398645,-5,1245,3753
50825128563,50825128562,-1,1175,2168
50825753929,50825753931,2,174,564
50830498644,50830498662,18,997,3869
50832147381,50832147377,-4,965,2770
50832997990,50832997985,-5,1020,2680
50835583160,50835583157,-3,1102,3013
50836557897,50836557893,-4,754,2380
50836649702,50836649693,-9,554,12117
50838481123,50838481118,-5,1282,3299
50842219602,50842219594,-8,847,2373
50843534370,50843534366,-4,958,3171
50843838965,50843838961,-4,1066,2725
50847013689,50847013687,-2,1244,1773
50848073662,50848073656,-6,962,3554
50851446742,50851446737,-5,1181,3709
50864458456,50864458451,-5,1343,3066
50868281025,50868281019,-6,1158,2301
50869479126,50869479119,-7,1053,4657
50870973956,50870973950,-6,1349,3579
50871883420,50871883417,-3,1374,3821
50873581697,50873581693,-4,1161,4259
50874312688,50874312700,12,749,2890
50876086213,50876086221,8,7595,896
50876386626,50876386626,0,18329,21449
50876543708,50876543714,6,61,1002
50877349160,50877349154,-6,1516,3430
50879119022,50879119018,-4,802,3741
50879886128,50879886118,-10,22,1038
50880201766,50880201763,-3,1462,3462
50880403100,50880403106,6,2032,1127
50881613753,50881613753,0,1477,1660
50886051882,50886051877,-5,560,3542
50887919495,50887919492,-3,1363,2209
50891075086,50891075081,-5,973,2331
50894766951,50894766958,7,2503,1350
50907839571,50907839574,3,1868,1495
50908088281,50908088286,5,3896,1512
50908743899,50908743902,3,919,1519
50911203685,50911203682,-3,1321,3798
50917150403,50917150399,-4,983,3132
50920811510,50920811505,-5,1081,3343
50923289419,50923289414,-5,834,3833
50923487587,50923487574,-13,1355,3046
50923856873,50923856881,8,271,1246
50936321692,50936321690,-2,1497,2942
50938277791,50938277789,-2,1237,2453
50939213988,50939213982,-6,1116,3292
50947600506,50947600502,-4,869,2702
50951640779,50951640775,-4,1036,2412
50957114274,50957114274,0,1155,1705
50961113425,50961113421,-4,26982,12331
50961817010,50961817004,-6,1191,3058
50963499697,50963499694,-3,1061,2678
50964861994,50964861989,-5,2513,5614
50967041768,50967041770,2,2447,2424
50968366977,50968366973,-4,1002,2162
50970522654,50970522649,-5,1570,3284
50978003187,50978003179,-8,1134,3081
50984391555,50984391550,-5,1270,3480
50984422010,50984422004,-6,393,1110
50999146289,50999146289,0,1581,1606
51001780142,51001780137,-5,936,3155
51003626130,51003626126,-4,713,2702
51006585736,51006585743,7,6229,1393
51008155994,51008155990,-4,1295,4074
51009552827,51009552822,-5,736,2378
51012276747,51012276742,-5,1383,2717
51032290250,51032290234,-16,943,2631
51035242776,51035242770,-6,1356,3907
51041918598,51041918605,7,1953,1324
51045253499,51045253493,-6,100,1160
51046126422,51046126417,-5,1391,3053
51046152073,51046152092,19,459,2373
51046759942,51046759942,0,2857,3701
51052951512,51052951508,-4,1227,2303
51053069762,51053069743,-19,1005,3359
51053229501,51053229494,-7,903,2964
51064242574,51064242568,-6,619,1786
51069167660,51069167657,-3,1464,3836
51070099063,51070099059,-4,1136,2692
51070872259,51070872257,-2,1129,2809
51071078636,51071078630,-6,742,1663
51080077925,51080077922,-3,882,1796
51081689890,51081689885,-5,1266,2946
51083041726,51083041722,-4,915,4591
51084755958,51084755953,-5,1148,3322
51087712059,51087712053,-6,856,3139
51091186119,51091186113,-6,894,3029
51092139177,51092139171,-6,1215,2927
51092394166,51092394161,-5,944,3850
51094129643,51094129634,-9,855,2051
51094685650,51094685665,15,278,987
51096412048,51096412044,-4,978,3271
51097205738,51097205738,0,1596,2428
51097549051,51097549049,-2,1022,2651
51104759811,51104759807,-4,666,2450
51107013633,51107013629,-4,1372,3260
51107253563,51107253574,11,57,990
51107499641,51107499642,1,136,1055
51109850737,51109850734,-3,778,2571
51114242550,51114242548,-2,889,2473
51114951257,51114951277,20,944,2639
51118631651,51118631646,-5,1341,3622
51120580871,51120580877,6,4153,2485
51123703259,51123703255,-4,629,1181
51126831583,51126831582,-1,915,1707
51130376279,51130376265,-14,1066,4220
51132640388,51132640391,3,3284,3026
51133136503,51133136498,-5,932,3354
51138605530,51138605530,0,1530,1634
51145864274,51145864267,-7,732,4541
51153113561,51153113557,-4,1037,2948
51157963843,51157963836,-7,1623,3891
51167204535,51167204530,-5,958,1678
51169832311,51169832306,-5,1016,3030
51171775683,51171775687,4,3145,1539
51174846955,51174846950,-5,1024,2549
51175389872,51175389865,-7,1049,4113
51178354258,51178354252,-6,983,3382
51181803312,51181803308,-4,1668,4260
51182088408,51182088431,23,1055,3592
51189234683,51189234678,-5,975,2708
51190940253,51190940246,-7,1114,2284
51192184777,51192184774,-3,234,872
51192610036,51192610017,-19,1072,3096
51193584914,51193584908,-6,473,3745
51203522234,51203522231,-3,1249,3273
51203673408,51203673414,6,17,767
51205415567,51205415561,-6,1274,3480
51215075278,51215075273,-5,1294,4819
51216944913,51216944910,-3,768,2049
51221042414,51221042410,-4,1145,2387
51225110237,51225110231,-6,1337,3900
51226580535,51226580529,-6,471,1132
51227698331,51227698314,-17,168,1422
51248321578,51248321582,4,1663,1657
51257871525,51257871521,-4,929,1841
51262622133,51262622134,1,11357,11482
51265719838,51265719834,-4,1562,2163
51268401153,51268401147,-6,894,2579
51268681209,51268681214,5,117,1232
51269859899,51269859900,1,143,938
51277478197,51277478192,-5,949,2660
51279143691,51279143685,-6,498,2661
51279766755,51279766773,18,741,2136
51280722921,51280722914,-7,972,2407
51281140967,51281140962,-5,1032,2542
51281378586,51281378573,-13,1087,3253
51286169984,51286169985,1,1824,1933
51287399190,51287399186,-4,619,2443
51287552332,51287552345,13,838,2390
51293447614,51293447610,-4,1120,3361
51293730934,51293730941,7,1857,1516
51299258227,51299258222,-5,1028,3810
51299467433,51299467425,-8,1290,3771
51305649928,51305649922,-6,913,3433
51305897981,51305897977,-4,1265,3734
51306925249,51306925235,-14,233,2096
51311154203,51311154198,-5,894,2772
51315724605,51315724600,-5,1211,3109
51315984450,51315984471,21,913,3076
51316902233,51316902234,1,1693,2021
51317967820,51317967814,-6,982,2875
51323921987,51323921983,-4,790,4019
51323948988,51323948996,8,269,1992
51327583235,51327583229,-6,1002,3311
51330539803,51330539799,-4,886,1833
51334572718,51334572714,-4,1272,3591
51338956926,51338956929,3,2664,1531
51342684057,51342684052,-5,941,2882
51344784697,51344784692,-5,750,2937
51345130035,51345130036,1,3280,3530
51346199555,51346199550,-5,702,3385
51347709777,51347709773,-4,971,2764
51347999578,51347999572,-6,728,2862
51352015362,51352015358,-4,928,2070
51358621289,51358621277,-12,606,2391
51359726248,51359726242,-6,701,1460
51361177120,51361177115,-5,1174,2820
51362931910,51362931906,-4,683,2358
51363953972,51363953966,-6,1317,3731
51374365714,51374365709,-5,1348,4079
51385273422,51385273424,2,2001,1820
51385880057,51385880051,-6,826,4146
51386272048,51386272059,11,121,1060
51391069161,51391069156,-5,1049,2520
51401428461,51401428457,-4,916,3136
51401534416,51401534429,13,139,1213
51410943710,51410943703,-7,854,4272
51419845937,51419845934,-3,947,2362
51422444610,51422444604,-6,1384,4914
51429340096,51429340090,-6,1378,3950
51434860403,51434860398,-5,538,1419
51435769499,51435769495,-4,656,3087
51435800436,51435800443,7,236,1024
51437292020,51437292031,11,430,995
51438267873,51438267877,4,1055,731
51439843177,51439843182,5,4809,2582
51452883125,51452883123,-2,1063,2998
51461649527,51461649524,-3,512,1541
51462318908,51462318902,-6,1137,3098
51463778102,51463778097,-5,979,4480
51463803513,51463803529,16,158,887
51464421337,51464421357,20,477,2370
51477140974,51477140975,1,1164,1518
51478676594,51478676596,2,14729,12187
51501955814,51501955809,-5,1138,2649
51502167464,51502167478,14,375,1978
51502205032,51502205053,21,324,846
51509474260,51509474253,-7,1906,7783
51513420619,51513420619,0,1219,1910
51524792088,51524792082,-6,873,3154
51525316850,51525316869,19,659,2949
51528313811,51528313805,-6,616,1543
51529185858,51529185854,-4,714,3453
51529935403,51529935418,15,315,1735
51537040718,51537040713,-5,763,2383
51545728983,51545728979,-4,1181,2725
51547272885,51547272888,3,4101,3662
51547548399,51547548392,-7,1276,3020
51550775374,51550775370,-4,877,3505
51551466971,51551466965,-6,940,3900
51551534625,51551534646,21,397,2349
51551828778,51551828771,-7,1695,7570
51552778350,51552778357,7,3051,1241
51558323081,51558323074,-7,11,855
51563817845,51563817841,-4,1195,2449
51567779906,51567779898,-8,860,2660
51568172377,51568172395,18,299,828
51573103213,51573103209,-4,1424,3016
51573500226,51573500219,-7,950,2646
51574159577,51574159592,15,338,959
51575128282,51575128277,-5,1049,4587
51577294061,51577294056,-5,721,2555
51577914082,51577914077,-5,1061,2990
51580596449,51580596443,-6,1026,2294
51583115001,51583114996,-5,40130,12937
51584391010,51584391004,-6,1184,4561
51584622937,51584622931,-6,834,2323
51591661571,51591661568,-3,23941,11851
51592627941,51592627931,-10,16882,27238
51594022263,51594022258,-5,1311,2477
51596321203,51596321198,-5,1243,2793
51596963827,51596963822,-5,749,2153
51597187528,51597187543,15,143,1373
51599900519,51599900513,-6,1039,3583
51600797627,51600797624,-3,1251,3109
51603197270,51603197266,-4,1154,3562
51606212167,51606212165,-2,1143,2522
51608131339,51608131337,-2,2039,3445
51609945386,51609945381,-5,952,3452
51633915142,51633915140,-2,709,1993
51634235849,51634235864,15,713,1939
51635312958,51635312949,-9,32271,14269
51637485495,51637485491,-4,1433,3505
51640137256,51640137253,-3,1178,2580
51640477792,51640477809,17,1023,2906
51642248889,51642248891,2,1213,2013
51642324800,51642324806,6,56,1161
51644343416,51644343417,1,1439,1717
51644385819,51644385818,-1,32954,33933
51644626667,51644626662,-5,1768,2805
51645727738,51645727733,-5,1737,3542
51646723030,51646723026,-4,1199,3058
51657424387,51657424384,-3,976,2723
51658779122,51658779118,-4,690,1231
51659822387,51659822385,-2,1269,1608
51660606205,51660606201,-4,1294,3351
51662343708,51662343703,-5,1246,4449
51665355574,51665355569,-5,1528,2628
51667690459,51667690453,-6,427,1228
51669469678,51669469686,8,2836,1398
51672270243,51672270239,-4,889,1902
51675476398,51675476393,-5,1058,3924
51677125586,51677125581,-5,1331,3822
51678005421,51678005414,-7,1142,3482
51678110899,51678110918,19,888,4159
51678293510,51678293506,-4,989,2666
51680912991,51680912987,-4,1107,2690
51680958948,51680958967,19,326,2738
51681932806,51681932808,2,10510,9908
51682821986,51682821980,-6,863,3423
51684483070,51684483065,-5,1467,3094
51685117090,51685117086,-4,1056,2011
51688122254,51688122251,-3,746,2790
51688256866,51688256870,4,1660,1576
51688616424,51688616420,-4,1132,3764
51692193564,51692193567,3,15835,434
51695806431,51695806426,-5,658,3840
51697749582,51697749576,-6,1091,2726
51700250782,51700250777,-5,816,2332
51703996372,51703996366,-6,804,3563
51704038002,51704038006,4,2274,1812
51722889547,51722889545,-2,934,2862
51723937026,51723937041,15,1108,3733
51724868303,51724868300,-3,1216,2315
51725822513,51725822535,22,871,3643
51727877499,51727877493,-6,1113,4120
51737417298,51737417293,-5,1503,3901
51738426730,51738426723,-7,1405,4421
51739606513,51739606510,-3,1224,2826
51740135117,51740135114,-3,1297,3322
51746260772,51746260768,-4,1205,3488
51748644003,51748643985,-18,134,1201
51757741658,51757741651,-7,1055,4225
51760701327,51760701322,-5,847,3243
51765502882,51765502877,-5,1339,3032
51776895294,51776895290,-4,1417,4663
51780729651,51780729647,-4,1234,3207
51781350901,51781350894,-7,992,3876
51784599206,51784599202,-4,1032,2359
51785478441,51785478428,-13,1588,3803
51787161266,51787161263,-3,993,3342
51793104466,51793104459,-7,907,2814
51793303112,51793303094,-18,1051,3563
51796349483,51796349478,-5,2053,7530
51799358490,51799358485,-5,1562,4302
51799947167,51799947162,-5,1377,3337
51804150226,51804150221,-5,973,2526
51807762929,51807762915,-14,191,967
51808286382,51808286377,-5,1045,2914
51813228351,51813228349,-2,1052,1980
51813422673,51813422665,-8,51,582
51815547769,51815547763,-6,1484,2968
51816296908,51816296905,-3,777,2814
51819537154,51819537150,-4,795,2620
51825930971,51825930965,-6,1263,3011
51827509528,51827509525,-3,1319,3166
51828090798,51828090794,-4,768,2760
51832248411,51832248406,-5,1063,2653
51832602819,51832602814,-5,1191,2835
51834275227,51834275224,-3,1161,3542
51834975052,51834975047,-5,821,2575
51835678574,51835678575,1,2028,2515
51836599447,51836599440,-7,808,2441
51838424781,51838424775,-6,1004,3489
51838855867,51838855866,-1,1023,2115
51846519514,51846519509,-5,1241,3589
51850493761,51850493765,4,2106,1664
51853698643,51853698639,-4,1623,4612
51855578351,51855578348,-3,1373,1890
51859513770,51859513765,-5,1056,3594
51863582366,51863582358,-8,694,2817
51863883972,51863883963,-9,316,571
51868167874,51868167873,-1,1525,2455
51873687267,51873687259,-8,829,2852
51879829652,51879829646,-6,1077,3181
51886004422,51886004418,-4,1201,3479
51886035212,51886035222,10,225,1444
51889572826,51889572822,-4,1364,4174
51890305344,51890305340,-4,1251,2510
51896753741,51896753750,9,11169,29044
51897948830,51897948825,-5,711,2962
51900830542,51900830538,-4,707,1625
51901101714,51901101731,17,29,816
51903212571,51903212566,-5,1372,3408
51908389682,51908389677,-5,1066,3546
51916859711,51916859718,7,2567,1182
51923354217,51923354210,-7,1292,3824
51923508019,51923508012,-7,924,2376
51923977771,51923977754,-17,1067,2805
51924521490,51924521510,20,78,959
51930053072,51930053070,-2,1093,2465
51932683883,51932683877,-6,1158,2711
51933032673,51933032689,16,608,1710
51936093023,51936093018,-5,1495,4175
51936562236,51936562234,-2,1253,2472
51942723116,51942723112,-4,1073,3747
51949493745,51949493739,-6,1567,4257
51951193751,51951193750,-1,1065,2181
51954282396,51954282395,-1,2192,2872
51958435498,51958435492,-6,1278,2373
51958631268,51958631286,18,202,1279
51960171332,51960171331,-1,1616,1806
51962281565,51962281561,-4,1151,3632
51962382818,51962382833,15,311,679
51962994102,51962994097,-5,1159,2309
51967589676,51967589671,-5,1197,3224
51968525939,51968525945,6,215,910
51973491919,51973491918,-1,1882,1848
51974911832,51974911826,-6,1300,3146
51975364118,51975364114,-4,794,2049
51975899166,51975899161,-5,1116,3789
51977982407,51977982402,-5,896,4117
51983216694,51983216689,-5,763,2333
51984105578,51984105595,17,941,1825
51988860369,51988860371,2,2131,1159
51989830954,51989830951,-3,805,1944
51990205138,51990205116,-22,1160,2523
51996875618,51996875613,-5,723,2498
51997439943,51997439938,-5,999,4415
51997915936,51997915929,-7,846,2892
51999269490,51999269492,2,2241,2790
51999715807,51999715805,-2,1277,2725
52001195574,52001195571,-3,1463,3407
52009480771,52009480767,-4,1020,3024
52010885931,52010885926,-5,906,3405
52014947739,52014947733,-6,774,2059
52015737513,52015737506,-7,1127,3073
52021807787,52021807783,-4,977,2220
52026000964,52026000960,-4,906,3096
52027005237,52027005231,-6,1118,3926
52030784045,52030784039,-6,1302,3557
52031109399,52031109391,-8,1109,3188
52035302451,52035302448,-3,916,2545
52044372800,52044372793,-7,928,2492
52046241888,52046241885,-3,1056,2691
52047962618,52047962609,-9,1421,2804
52048048369,52048048383,14,275,1102
52052208958,52052208959,1,2326,2059
52063999746,52063999743,-3,932,2031
52064995838,52064995833,-5,1410,3044
52065829089,52065829070,-19,320,1287
52067351571,52067351568,-3,946,2758
52067377706,52067377727,21,72,952
52067454259,52067454279,20,514,1702
52067553234,52067553225,-9,1081,239
52073914847,52073914843,-4,1066,3966
52077451838,52077451835,-3,975,2720
52084441535,52084441530,-5,1308,3515
52084895930,52084895927,-3,658,1460
52085511458,52085511472,14,319,1309
52093158360,52093158354,-6,1258,3116
52094416846,52094416850,4,1631,1400
52099581642,52099581638,-4,1024,2745
52101634970,52101634966,-4,1243,3299
52105758673,52105758667,-6,1391,2316
52106288491,52106288487,-4,1345,2183
52106891826,52106891832,6,1305,1906
52108699654,52108699652,-2,941,2069
52112766013,52112766015,2,1197,1260
52120701435,52120701430,-5,1070,2750
52121767047,52121767042,-5,961,1759
52121902568,52121902550,-18,1057,2921
52122571602,52122571596,-6,764,3311
52123825268,52123825268,0,11755,14095
52129619463,52129619459,-4,1163,3061
52130142442,52130142439,-3,1124,3923
52132939069,52132939066,-3,1036,1989
52133768828,52133768822,-6,1093,4413
52141124733,52141124726,-7,1335,3309
52142227358,52142227342,-16,555,1053
52145414837,52145414832,-5,1415,3933
52145858444,52145858444,0,1345,1919
52149535234,52149535240,6,3036,1623
52154180254,52154180250,-4,741,2428
52156901352,52156901347,-5,1008,3230
52158674521,52158674517,-4,1487,3796
52167839770,52167839767,-3,903,2895
52170458354,52170458351,-3,920,1993
52171701632,52171701627,-5,521,2260
52176723944,52176723951,7,2681,1236
52177582286,52177582281,-5,1061,2914
52178456634,52178456631,-3,1080,2403
52178492035,52178492053,18,787,2503
52181649278,52181649275,-3,1149,2850
52181966265,52181966261,-4,1217,2917
52189552162,52189552158,-4,1010,2271
52192319425,52192319422,-3,1572,2526
52195885962,52195885979,17,1778,1610
52196088404,52196088397,-7,873,2431
52196200315,52196200318,3,295,1162
52196390272,52196390255,-17,986,3296
52197837133,52197837130,-3,933,3714
52200162174,52200162170,-4,604,2483
52202201698,52202201693,-5,1106,3208
52203731770,52203731786,16,522,1687
52204158071,52204158066,-5,1170,3113
52206315906,52206315902,-4,1086,2422
52206952744,52206952741,-3,1331,2890
52212402916,52212402910,-6,1247,2468
52214404703,52214404699,-4,913,2536
52214886791,52214886795,4,1570,1501
52222085586,52222085580,-6,1266,3301
52222258072,52222258094,22,368,533
52223603465,52223603470,5,3292,1796
52227409413,52227409405,-8,993,4347
52232170278,52232170272,-6,1003,3428
52234674692,52234674686,-6,809,2906
52235286431,52235286427,-4,1480,4078
52236555577,52236555573,-4,988,1907
52241728666,52241728664,-2,2867,4107
52244035574,52244035569,-5,1510,3776
52250080891,52250080885,-6,872,4355
52251701545,52251701541,-4,944,2588
52251909267,52251909287,20,411,1342
52261717637,52261717630,-7,1237,4278
52262487843,52262487839,-4,965,3247
52263320942,52263320937,-5,698,1900
52265502562,52265502582,20,192,957
52267348810,52267348805,-5,800,2088
52267765954,52267765954,0,13,1175
52270454930,52270454925,-5,992,2371
52273596420,52273596415,-5,1650,2897
52273852299,52273852295,-4,1052,3040
52279630379,52279630374,-5,1448,7650
52289830064,52289830079,15,763,2322
52290771675,52290771669,-6,957,2945
52291375166,52291375169,3,1700,1560
52292295456,52292295452,-4,1320,2915
52292861044,52292861038,-6,854,3056
52293577370,52293577390,20,817,2751
52294069505,52294069500,-5,221,1391
52298586640,52298586634,-6,1348,2779
52299960810,52299960814,4,195,553
52303436159,52303436153,-6,1264,4552
52304488190,52304488185,-5,1248,2688
52308534917,52308534911,-6,932,2586
52308993265,52308993262,-3,1085,3604
52311092799,52311092796,-3,1129,2962
52313745961,52313745957,-4,841,2296
52316124433,52316124429,-4,1184,2691
52318427167,52318427160,-7,1027,3112
52324341311,52324341306,-5,1063,2772
52326462687,52326462683,-4,1090,2727
52328865553,52328865547,-6,1001,3537
52330893244,52330893237,-7,907,3393
52331447839,52331447834,-5,1354,4057
52332338652,52332338650,-2,1152,2272
52332437026,52332437035,9,361,499
52333167401,52333167407,6,2746,1461
52333350931,52333350926,-5,1013,3325
52334231305,52334231310,5,6416,2771
52337741666,52337741660,-6,974,3450
52347852051,52347852046,-5,1150,2016
52351061471,52351061466,-5,942,3966
52357964248,52357964242,-6,1058,2028
52358959487,52358959483,-4,1277,3461
52362255131,52362255126,-5,980,3875
52370168906,52370168909,3,2356,2597
52371245082,52371245076,-6,911,2978
52372104114,52372104134,20,494,2256
52372244511,52372244512,1,1759,1545
52372526755,52372526750,-5,971,2166
52377448653,52377448658,5,2316,1868
52385897628,52385897623,-5,1064,3573
52395371307,52395371304,-3,1201,3062
52395920062,52395920062,0,937,1039
52399027353,52399027349,-4,720,2472
52399414454,52399414457,3,2320,1196
52401849023,52401849023,0,1380,2508
52407718778,52407718774,-4,1306,2745
52411582998,52411582998,0,2318,4094
52412031981,52412031975,-6,734,2375
52412137368,52412137376,8,13263,24625
52414223244,52414223236,-8,1017,2688
52419556034,52419556030,-4,921,1822
52421562535,52421562530,-5,897,2912
52422137181,52422137177,-4,954,3129
52423509995,52423509990,-5,854,3355
52433880063,52433880058,-5,1293,3962
52439468089,52439468085,-4,878,2846
52441858051,52441858045,-6,1138,3341
52443728163,52443728157,-6,955,3221
52444799831,52444799826,-5,1656,4054
52446046677,52446046670,-7,1060,2673
52446934846,52446934842,-4,1067,3362
52452342553,52452342546,-7,953,2782
52455342334,52455342331,-3,778,1703
52457577809,52457577826,17,387,1053
52458897382,52458897377,-5,1021,2632
52459070286,52459070280,-6,1028,4508
52465423882,52465423888,6,6433,2733
52467558761,52467558755,-6,861,3028
52468638546,52468638545,-1,237,1038
52481892044,52481892040,-4,1363,3449
52482070097,52482070079,-18,112,893
52485487113,52485487108,-5,1354,3307
52491250834,52491250830,-4,823,2228
52493232162,52493232167,5,7994,19786
52507894339,52507894334,-5,662,1976
52509913729,52509913728,-1,1387,2036
52515076738,52515076732,-6,953,1793
52526954049,52526954046,-3,1151,3134
52527271833,52527271827,-6,1342,3230
52535216721,52535216730,9,2007,1030
52536277899,52536277894,-5,1178,3148
52547357388,52547357407,19,163,1091
52549348155,52549348150,-5,569,1871
52554298374,52554298370,-4,1264,2165
52554551263,52554551269,6,4106,2186
52557458846,52557458853,7,6614,1294
52569170257,52569170250,-7,970,2405
52569280011,52569280030,19,1243,1689
52573565261,52573565258,-3,1038,2245
52578622450,52578622446,-4,1126,2883
52580526954,52580526947,-7,866,3158
52581556517,52581556510,-7,1018,2641
52590082515,52590082509,-6,1353,4204
52592235957,52592235957,0,922,2467
52592425966,52592425962,-4,1079,3121
52594126801,52594126798,-3,1103,3129
52594157595,52594157613,18,610,3251
52605479714,52605479710,-4,937,1859
52608659367,52608659362,-5,1083,2661
52616984073,52616984067,-6,918,3913
52617635510,52617635505,-5,868,2668
52621572325,52621572329,4,2608,1367
52628643665,52628643661,-4,1305,3973
52637204459,52637204453,-6,925,5010
52638504078,52638504098,20,396,1237
52638856536,52638856522,-14,424,1080
52641091134,52641091129,-5,1033,2810
52643743118,52643743110,-8,950,2148
52654601137,52654601131,-6,988,4131
52657163398,52657163393,-5,890,3001
52660278876,52660278894,18,835,2251
52661011730,52661011725,-5,512,2455
52662190825,52662190809,-16,46,1321
52665259305,52665259314,9,409,1981
52671095260,52671095262,2,4146,15477
52683289699,52683289702,3,2201,995
52685403094,52685403090,-4,996,2001
52687254826,52687254822,-4,561,1982
52696295783,52696295779,-4,1067,2861
52697435463,52697435458,-5,745,2440
52697690844,52697690863,19,426,937
52700051103,52700051098,-5,972,2928
52702469835,52702469831,-4,977,3062
52705589239,52705589234,-5,990,3560
52709087614,52709087607,-7,1272,3250
52712136663,52712136659,-4,1001,3076
52714407800,52714407797,-3,1610,3669
52715984983,52715984978,-5,915,3021
52716313418,52716313434,16,251,1156
52719456329,52719456324,-5,1214,3427
52723493050,52723493046,-4,1801,3386
52724452325,52724452320,-5,1473,3694
52731461692,52731461687,-5,1306,4078
52734698239,52734698240,1,1105,3096
52737078338,52737078330,-8,1358,4369
52737730381,52737730376,-5,1202,3454
52737988160,52737988177,17,265,1619
52747613486,52747613479,-7,1453,4517
52751724446,52751724442,-4,1615,4311
52757283879,52757283878,-1,2321,3444
52757761382,52757761378,-4,1089,1309
52758934636,52758934632,-4,1124,2801
52764928893,52764928889,-4,1211,3341
52771598402,52771598398,-4,845,3076
52771850905,52771850926,21,778,2362
52776408243,52776408239,-4,1105,2857
52784122601,52784122607,6,828,213
52788886146,52788886141,-5,1509,2502
52800151254,52800151249,-5,1017,3466
52805074325,52805074320,-5,1402,3210
52805109690,52805109683,-7,910,2714
52809389139,52809389134,-5,1427,3516
52813119235,52813119239,4,2859,1625
52817305878,52817305885,7,5728,3011
52817464060,52817464055,-5,887,3425
52817550864,52817550859,-5,368,1054
52818082657,52818082671,14,56,1331
52818452502,52818452498,-4,529,2558
52818760106,52818760096,-10,951,3725
52827799482,52827799478,-4,1070,1873
52839370230,52839370226,-4,763,2040
52839543144,52839543161,17,227,1468
52850938706,52850938701,-5,747,3289
52851805515,52851805500,-15,1363,3533
52860395982,52860395978,-4,1006,2558
52860599907,52860599893,-14,1273,2782
52863089378,52863089374,-4,1099,3234
52868036475,52868036471,-4,855,3470
52870138849,52870138845,-4,990,2634
52872615299,52872615293,-6,1117,3158
52873942296,52873942291,-5,1385,2912
52874826791,52874826789,-2,844,1873
52876390546,52876390542,-4,1253,2588
52881557779,52881557774,-5,593,3171
52887218619,52887218614,-5,822,2994
52887668326,52887668322,-4,1002,3963
52889513633,52889513642,9,9982,41987
52894272265,52894272260,-5,1078,3041
52894640946,52894640943,-3,873,2875
52906169698,52906169694,-4,987,2541
52910709755,52910709749,-6,923,2914
52911196066,52911196082,16,561,3025
52920335473,52920335470,-3,1217,3415
52925168331,52925168327,-4,1259,2184
52926642622,52926642615,-7,858,2301
52932703309,52932703304,-5,1195,2620
52933384284,52933384280,-4,869,2525
52933727507,52933727503,-4,1050,2888
52933907823,52933907829,6,2084,1246
52934354271,52934354250,-21,1481,2491
52935543158,52935543156,-2,927,2166
52942310058,52942310053,-5,869,2435
52942411988,52942412005,17,231,4666
52943859185,52943859168,-17,314,1272
52947802870,52947802866,-4,982,2655
52950064841,52950064841,0,270,1215
52951044731,52951044726,-5,1121,3162
52951368770,52951368770,0,1002,1852
52951674350,52951674344,-6,953,3590
52951745315,52951745298,-17,140,924
52954664061,52954664062,1,14783,11455
52957010863,52957010857,-6,980,2995
52957321730,52957321722,-8,149,723
52962354982,52962354979,-3,702,2247
52968996858,52968996854,-4,799,2558
52970661959,52970661954,-5,1229,3725
52972877335,52972877330,-5,810,2767
52973924217,52973924209,-8,1645,5198
52981480995,52981480991,-4,1220,2771
52982015066,52982015047,-19,954,1869
52982065970,52982065959,-11,282,1559
52989914975,52989914971,-4,1215,3740
52995425318,52995425315,-3,1147,3178
53003273924,53003273932,8,5461,920
53008108975,53008108970,-5,863,2770
53009578596,53009578591,-5,1039,2192
53014522303,53014522298,-5,919,3027
53017403998,53017403977,-21,1822,1374
53017654386,53017654387,1,1093,1384
53020340422,53020340420,-2,888,2407
53021734015,53021734011,-4,1061,2526
53025935879,53025935873,-6,1118,3205
53030629933,53030629926,-7,959,3105
53032831316,53032831310,-6,1191,2426
53042127775,53042127770,-5,798,2847
53042793507,53042793511,4,180,432
53047674935,53047674930,-5,749,1959
53048384666,53048384667,1,1141,2610
53051942047,53051942045,-2,1266,3068
53053584740,53053584735,-5,1029,3911
53060115168,53060115164,-4,1423,2905
53060756923,53060756925,2,902,1048
53061784241,53061784235,-6,1070,3391
53061930620,53061930633,13,804,3340
53068672730,53068672725,-5,1364,3722
53070056396,53070056395,-1,22822,10703
53070236517,53070236522,5,1137,912
53073892634,53073892630,-4,841,2753
53080001631,53080001626,-5,741,2263
53086721930,53086721923,-7,1575,7782
53088271726,53088271730,4,1676,1228
53088791655,53088791652,-3,1368,2268
53091333623,53091333618,-5,1102,2603
53091875993,53091876012,19,1091,2432
53093052299,53093052294,-5,1153,4807
53094281862,53094281858,-4,1237,2792
53097509692,53097509687,-5,1051,3795
53100601084,53100601078,-6,1320,3283
53105313848,53105313845,-3,1187,3160
53108432731,53108432726,-5,897,2213
53111518481,53111518477,-4,2223,4116
53112208618,53112208613,-5,1148,3373
53118260359,53118260354,-5,1098,2937
53120124059,53120124062,3,1345,1164
53120838581,53120838579,-2,755,986
53125821130,53125821127,-3,586,2310
53135184464,53135184458,-6,680,2123
53148653467,53148653462,-5,949,2429
53152205522,53152205514,-8,1167,3952
53152734483,53152734474,-9,1019,2732
53157478646,53157478642,-4,899,3179
53165052161,53165052154,-7,958,4619
53166095999,53166095997,-2,2330,4868
53172311375,53172311369,-6,893,4147
53173573934,53173573950,16,973,2665
53178137153,53178137158,5,2567,1506
53178281753,53178281747,-6,1505,4517
53189277534,53189277530,-4,561,2525
53192831167,53192831173,6,5750,3370
53195737730,53195737741,11,17636,35486
53198256394,53198256386,-8,1037,4190
53199345589,53199345585,-4,1200,2344
53208902526,53208902523,-3,1290,2754
53212699698,53212699697,-1,1016,1416
53214504421,53214504417,-4,135,788
53217698516,53217698511,-5,934,2653
53224315222,53224315230,8,4099,1332
53225220778,53225220782,4,2777,2060
53226564782,53226564777,-5,1069,3256
53228713674,53228713669,-5,1087,2342
53230866573,53230866576,3,1903,2286
53233605013,53233605010,-3,1260,2912
53234699282,53234699279,-3,611,1613
53240770247,53240770243,-4,1474,2670
53250181098,53250181094,-4,1070,3385
53251281522,53251281537,15,1063,2423
53258686826,53258686823,-3,1255,2716
53258782420,53258782436,16,553,4916
53259885513,53259885507,-6,851,2416
53262640175,53262640169,-6,779,2450
53262990208,53262990225,17,1325,2796
53270862310,53270862305,-5,700,2009
53274132747,53274132734,-13,1010,2540
53274833773,53274833766,-7,890,3535
53277414094,53277414089,-5,1189,2886
53278033999,53278034005,6,3522,1740
53280970012,53280970009,-3,767,3310
53297883919,53297883917,-2,1008,1641
53298081362,53298081381,19,734,2008
53298130529,53298130525,-4,1202,3012
53299979789,53299979786,-3,403,1230
53302113910,53302113910,0,1827,2337
53303752157,53303752154,-3,1441,3553
53304062161,53304062155,-6,913,3267
53309928754,53309928750,-4,804,3970
53316129505,53316129508,3,2856,1696
53318837190,53318837186,-4,1090,3749
53328589037,53328589046,9,18699,22744
53331226017,53331226014,-3,1144,2662
53334952922,53334952916,-6,1196,4764
53335773439,53335773434,-5,1270,4033
53340604878,53340604874,-4,878,2406
53340760658,53340760649,-9,693,2937
53346078687,53346078682,-5,872,2434
53356275579,53356275577,-2,965,2796
53357137347,53357137367,20,841,3171
53358095179,53358095176,-3,1258,3390
53359436454,53359436457,3,51534,32446
53364844207,53364844210,3,1544,1343
53379336347,53379336342,-5,1255,3322
53382825298,53382825293,-5,781,2752
53392537566,53392537563,-3,1192,2786
53394531963,53394531958,-5,1200,3218
53395120851,53395120842,-9,67,821
53397735284,53397735278,-6,1566,3681
53405104166,53405104167,1,1684,1729
53406388318,53406388313,-5,964,2437
53407782309,53407782303,-6,1059,3450
53407932897,53407932893,-4,921,3371
53409166187,53409166165,-22,923,1786
53417728006,53417728002,-4,1320,3016
53418262022,53418262017,-5,1155,2616
53419191023,53419191021,-2,1037,1530
53420632261,53420632253,-8,1138,3770
53422118271,53422118266,-5,1314,3587
53423195662,53423195658,-4,465,2955
53423324227,53423324247,20,558,3390
53429562639,53429562635,-4,554,2488
53431784674,53431784675,1,1536,1314
53433222432,53433222426,-6,1146,4962
53445389794,53445389789,-5,963,3166
53451616481,53451616489,8,9638,38083
53451703300,53451703295,-5,1222,2859
53469100694,53469100694,0,13444,15827
53472536247,53472536242,-5,1129,3506
53485881570,53485881567,-3,930,3005
53488660327,53488660327,0,1964,3067
53494150010,53494150004,-6,1361,1995
53499160259,53499160255,-4,1167,3276
53501063373,53501063369,-4,1058,4007
53503730169,53503730190,21,701,1591
53505369799,53505369795,-4,1018,2557
53508389072,53508389066,-6,1474,4564
53512660818,53512660814,-4,1002,1745
53514567865,53514567862,-3,884,2900
53518264194,53518264190,-4,742,2965
53520035174,53520035171,-3,904,2294
53520318911,53520318907,-4,914,2859
53521833310,53521833306,-4,585,2455
53523702907,53523702903,-4,1258,4669
53529926692,53529926687,-5,731,2381
53531331670,53531331666,-4,1281,3164
53532466883,53532466876,-7,1054,2897
53532498794,53532498790,-4,835,2325
53533179906,53533179902,-4,1146,2646
53537274338,53537274343,5,1936,1215
53541677150,53541677144,-6,1016,2511
53541863123,53541863127,4,76,1073
53547418326,53547418320,-6,1048,3508
53550392395,53550392390,-5,897,3233
53550991652,53550991667,15,615,2972
53553009287,53553009282,-5,615,2784
53560894912,53560894906,-6,1114,3210
53567685334,53567685340,6,1939,1234
53570106487,53570106492,5,912,1550
53572088607,53572088601,-6,1224,5179
53582855591,53582855586,-5,870,3222
53588408766,53588408761,-5,1311,4255
53589823378,53589823372,-6,628,1722
53590447258,53590447275,17,574,2514
53591090771,53591090765,-6,1117,3046
53592345693,53592345687,-6,523,2271
53597705007,53597705001,-6,817,2520
53602735174,53602735174,0,1573,2525
53607008582,53607008578,-4,1307,2889
53608593766,53608593762,-4,715,2461
53611643065,53611643058,-7,1132,4794
53612436274,53612436269,-5,1162,3014
53613825819,53613825811,-8,1038,2816
53616540240,53616540235,-5,1604,2908
53618441890,53618441887,-3,42939,23460
53618934791,53618934788,-3,1057,3283
53625268467,53625268463,-4,898,2500
53626820270,53626820266,-4,893,2348
53629836078,53629836074,-4,1297,2865
53629895182,53629895178,-4,1226,2466
53630265911,53630265905,-6,904,2992
53630734217,53630734222,5,1303,1645
53632633994,53632633990,-4,1179,3280
53635091843,53635091837,-6,1227,4007
53636111290,53636111286,-4,874,2168
53636767281,53636767260,-21,368,901
53646479211,53646479208,-3,684,2474
53648719165,53648719162,-3,1017,1974
53649064211,53649064231,20,586,2900
53650435235,53650435241,6,2230,883
53652717503,53652717498,-5,1027,2713
53653650642,53653650638,-4,118,1206
53655962954,53655962948,-6,1297,3871
53657536406,53657536401,-5,1130,3301
53661162985,53661162980,-5,949,2541
53661641678,53661641676,-2,1305,2371
53665870208,53665870204,-4,1401,2455
53671540025,53671540021,-4,876,3033
53674214873,53674214868,-5,1177,2670
53674379634,53674379620,-14,1387,3565
53676141880,53676141877,-3,1091,3256
53678721269,53678721267,-2,1006,2281
53678934837,53678934833,-4,958,2572
53681876539,53681876532,-7,863,4245
53687816539,53687816545,6,4332,3138
53689864922,53689864919,-3,810,2442
53693829916,53693829934,18,16740,21384
53694297637,53694297630,-7,1124,4158
53694413205,53694413198,-7,1185,4298
53695365592,53695365580,-12,294,1097
53696602422,53696602416,-6,1048,3540
53699416738,53699416734,-4,1354,4171
53700478947,53700478941,-6,1039,3553
53701236450,53701236445,-5,1270,3213
53702084603,53702084594,-9,1075,3839
53703175303,53703175298,-5,954,2419
53716276836,53716276833,-3,1089,2403
53717115905,53717115899,-6,1062,3280
53717160044,53717160063,19,232,1253
53717673828,53717673805,-23,857,2228
53718320986,53718320987,1,189,1031
53722047652,53722047659,7,2322,976
53723635650,53723635645,-5,1138,3859
53726078896,53726078890,-6,1284,4018
53728844969,53728844961,-8,1010,4596
53732170994,53732170989,-5,1071,3785
53736759975,53736759967,-8,782,3425
53738001130,53738001132,2,42,579
53738976662,53738976657,-5,1439,3183
53744154716,53744154721,5,3441,2306
53758195083,53758195078,-5,815,2586
53763844407,53763844402,-5,1216,4170
53769229561,53769229561,0,1260,2034
53769797244,53769797245,1,1261,1295
53774655982,53774655982,0,1897,2290
53784316001,53784315994,-7,1050,7941
53785724357,53785724359,2,3213,2614
53789459457,53789459451,-6,1163,3244
53803846096,53803846091,-5,1130,4615
53803925180,53803925194,14,236,929
53808646737,53808646737,0,1243,2558
53813676123,53813676117,-6,891,2516
53817641876,53817641871,-5,1042,2592
53820579155,53820579152,-3,853,2376
53823079329,53823079323,-6,592,1971
53823315462,53823315456,-6,858,3521
53825094199,53825094210,11,12765,1460
53826727238,53826727231,-7,1120,3358
53832859186,53832859192,6,12386,54970
53843610443,53843610443,0,896,1060
53844221914,53844221933,19,311,1329
53847716002,53847715997,-5,1116,2772
53848301478,53848301474,-4,1078,2879
53848661263,53848661260,-3,1077,2591
53849249137,53849249154,17,717,1618
53855806885,53855806880,-5,826,2425
53863950787,53863950781,-6,1241,5079
53865028466,53865028461,-5,1129,2848
53866875247,53866875241,-6,828,2811
53868426262,53868426259,-3,1312,2535
53876993158,53876993154,-4,856,2479
53885231569,53885231562,-7,1307,3804
53885649099,53885649094,-5,1799,3485
53886601396,53886601395,-1,86,1085
53888381557,53888381550,-7,2611,6664
53891843841,53891843835,-6,817,3108
53894520042,53894520041,-1,1288,2203
53894949955,53894949953,-2,718,2666
53902043757,53902043754,-3,908,2880
53902566161,53902566146,-15,180,683
53903747560,53903747573,13,547,2222
53906543387,53906543382,-5,1837,7074
53907994894,53907994902,8,5497,34312
53910277847,53910277842,-5,26974,8984
53913235412,53913235406,-6,1019,3171
53922457457,53922457453,-4,1121,4816
53922658076,53922658070,-6,775,3178
53924271447,53924271443,-4,806,1737
53929684807,53929684805,-2,888,2888
53931439182,53931439177,-5,1005,3075
53933916819,53933916823,4,2418,1854
53935712966,53935712960,-6,1266,3454
53938703863,53938703855,-8,1199,4619
53951754739,53951754733,-6,1102,3571
53954045230,53954045227,-3,941,2874
53955633151,53955633146,-5,1009,2608
53962248933,53962248929,-4,1158,2663
53970129507,53970129502,-5,1185,2835
53972521084,53972521078,-6,978,5070
53976984098,53976984102,4,17079,10996
53977625118,53977625122,4,2229,2691
53977679367,53977679361,-6,1768,3250
53983236363,53983236357,-6,811,2410
53998753001,53998752996,-5,1023,3413
54001461199,54001461196,-3,1086,3350
54001895243,54001895237,-6,605,1755
54004919484,54004919481,-3,834,1492
54007565262,54007565265,3,1424,828
54011434351,54011434345,-6,995,3064
54013255101,54013255102,1,2136,1748
54013366878,54013366873,-5,1347,3764
54021545296,54021545291,-5,1312,3029
54022621832,54022621826,-6,822,3044
54026596040,54026596036,-4,1116,2822
54028457413,54028457408,-5,788,3404
54029215883,54029215875,-8,132,1289
54029781657,54029781653,-4,984,2582
54035222702,54035222696,-6,900,2350
54036606473,54036606473,0,1612,2942
54042287516,54042287510,-6,521,2529
54048349546,54048349538,-8,936,3672
54052927478,54052927474,-4,1360,3059
54056133002,54056132994,-8,1163,3318
54064389403,54064389397,-6,1342,2897
54066681115,54066681110,-5,556,1598
54074166024,54074166018,-6,940,2814
54078943569,54078943569,0,1412,2609
54081503369,54081503363,-6,1269,3009
54084601159,54084601153,-6,787,3170
54085591705,54085591718,13,494,6746
54090539733,54090539726,-7,1216,4553
54092999074,54092999081,7,6978,2188
54101072820,54101072814,-6,985,3110
54101952943,54101952937,-6,874,2545
54102822521,54102822515,-6,884,2333
54104446238,54104446241,3,13442,13229
54110063598,54110063593,-5,1445,4817
54112173066,54112173059,-7,978,4312
54117536488,54117536484,-4,750,2085
54118868950,54118868945,-5,1000,3043
54123911330,54123911327,-3,1309,3494
54129974547,54129974543,-4,1109,2623
54130673358,54130673354,-4,1086,1793
54131332027,54131332023,-4,624,2417
54147569680,54147569674,-6,690,2035
54147864463,54147864459,-4,598,2147
54150551708,54150551707,-1,882,2545
54152220833,54152220839,6,1836,1042
54152901674,54152901666,-8,966,2635
54161134094,54161134095,1,2189,1718
54161256550,54161256548,-2,1058,2700
54163403741,54163403737,-4,1700,5924
54180300899,54180300894,-5,1037,2846
54184134184,54184134178,-6,1105,4661
54184348006,54184348002,-4,1072,2701
54190932317,54190932313,-4,1146,3098
54191143205,54191143197,-8,888,3908
54207610739,54207610734,-5,1393,2192
54207669697,54207669705,8,4614,1399
54214779833,54214779827,-6,1285,3939
54215070258,54215070253,-5,211,1127
54218012224,54218012222,-2,1811,2410
54221361969,54221361964,-5,1331,3445
54235403531,54235403524,-7,1107,3573
54236536870,54236536884,14,12794,56100
54241158873,54241158868,-5,1247,2990
54241301822,54241301818,-4,919,2519
54242040051,54242040046,-5,1011,2381
54245870944,54245870939,-5,1022,2765
54252234578,54252234574,-4,1244,2085
54264626411,54264626407,-4,631,2688
54269001134,54269001131,-3,1149,3912
54269045265,54269045257,-8,698,2215
54269365979,54269365963,-16,123,829
54270628825,54270628828,3,3157,2568
54273941527,54273941527,0,1460,1336
54275732474,54275732469,-5,559,2454
54286512643,54286512637,-6,636,2023
54286711337,54286711330,-7,742,3015
54289226241,54289226237,-4,1164,2671
54292366828,54292366822,-6,1345,3425
54296996379,54296996374,-5,1109,2813
54297981846,54297981849,3,1816,1140
54299526003,54299526002,-1,1538,2113
54301236730,54301236725,-5,1040,3014
54305946118,54305946114,-4,1077,3012
54306432569,54306432572,3,4590,2528
54307412237,54307412246,9,4709,1239
54311210215,54311210210,-5,1031,3511
54315596958,54315596953,-5,1307,4300
54317461138,54317461135,-3,955,3116
54322362181,54322362175,-6,1048,2798
54323457085,54323457080,-5,1344,2630
54324467316,54324467330,14,6,557
54324597087,54324597081,-6,986,3480
54325134325,54325134325,0,1687,1450
54330362629,54330362626,-3,893,1701
54338861513,54338861517,4,1228,1539
54340299914,54340299917,3,1052,1104
54347010238,54347010234,-4,959,3189
54353328831,54353328821,-10,1072,3164
54355599334,54355599332,-2,1601,3855
54368856391,54368856385,-6,953,2439
54371578663,54371578670,7,10108,2863
54373106778,54373106774,-4,1176,2163
54376581128,54376581121,-7,750,2562
54376946341,54376946337,-4,978,3303
54377121610,54377121624,14,768,2466
54377501229,54377501225,-4,1553,4346
54380641574,54380641569,-5,1214,2709
54380766563,54380766561,-2,1240,3913
54381042015,54381042010,-5,890,2135
54382558873,54382558868,-5,1147,3705
54385440481,54385440498,17,905,3417
54388304930,54388304926,-4,1236,2239
54393868851,54393868846,-5,1140,3364
54394900139,54394900134,-5,1184,2631
54395147504,54395147498,-6,384,1119
54400239802,54400239800,-2,800,3181
54401006450,54401006445,-5,682,2918
54419569215,54419569210,-5,1410,4501
54425520714,54425520709,-5,1037,4323
54426273727,54426273730,3,1268,1238
54427232641,54427232636,-5,925,3474
54428276951,54428276946,-5,1266,2744
54431221267,54431221263,-4,935,1581
54431275434,54431275429,-5,65,803
54432569537,54432569554,17,1029,2530
54436827359,54436827354,-5,1116,2992
54438999559,54438999553,-6,717,3406
54439081850,54439081846,-4,383,1361
54441236214,54441236208,-6,1404,3850
54444561225,54444561217,-8,934,2732
54445080163,54445080159,-4,1069,3499
54455995715,54455995709,-6,914,3744
54458098331,54458098326,-5,894,2763
54463378758,54463378753,-5,1180,2380
54465604266,54465604261,-5,889,2860
54473639650,54473639642,-8,728,2084
54474445821,54474445813,-8,945,2686
54482753019,54482753026,7,3357,1096
54487426847,54487426841,-6,1802,3728
54493078504,54493078497,-7,20,2281
54493833777,54493833778,1,14644,15754
54496759337,54496759334,-3,1202,3126
54500378488,54500378484,-4,952,2401
54503875090,54503875085,-5,1067,2175
54505277585,54505277581,-4,1328,3730
54507822118,54507822116,-2,1776,2798
54511581327,54511581330,3,2080,1187
54513357267,54513357262,-5,1202,4007
54515125630,54515125624,-6,1276,5145
54517825515,54517825511,-4,714,1949
54517862112,54517862131,19,480,2207
54518592931,54518592925,-6,824,2534
54529754375,54529754381,6,2853,1139
54530093479,54530093474,-5,850,3065
54531517071,54531517068,-3,847,2346
54531945971,54531945986,15,726,2798
54532883850,54532883843,-7,1134,2559
54533420670,54533420669,-1,1866,2362
54541776895,54541776894,-1,1377,2514
54543234919,54543234913,-6,822,3274
54543583516,54543583533,17,328,1338
54544359790,54544359785,-5,654,3135
54544674594,54544674576,-18,606,1493
54550271404,54550271399,-5,1321,3145
54550460154,54550460149,-5,1003,3227
54554648183,54554648175,-8,1239,3307
54557418684,54557418678,-6,1055,3103
54558807658,54558807652,-6,725,2604
54559253846,54559253841,-5,1295,2688
54565838500,54565838518,18,60,941
54568839103,54568839098,-5,775,2689
54569876866,54569876860,-6,905,4045
54569950237,54569950236,-1,1360,1955
54571447226,54571447221,-5,829,2229
54573101234,54573101230,-4,1315,3869
54579024787,54579024805,18,424,1417
54582456534,54582456528,-6,602,3021
54583868969,54583868971,2,1156,1190
54584849705,54584849698,-7,1127,4466
54589821814,54589821810,-4,1041,2248
54590991789,54590991781,-8,873,5716
54594301326,54594301320,-6,1278,4549
54598547080,54598547081,1,1876,2252
54602974367,54602974361,-6,1189,4511
54603595557,54603595553,-4,957,2647
54605439629,54605439623,-6,1055,3845
54618097594,54618097589,-5,1052,2650
54620216889,54620216885,-4,1485,3670
54630398808,54630398804,-4,872,1766
54637469646,54637469641,-5,1329,3247
54639158555,54639158546,-9,1027,3160
54639296433,54639296452,19,560,2526
54640529367,54640529363,-4,960,3693
54641677971,54641677966,-5,1150,3965
54642636204,54642636210,6,2624,1195
54643294614,54643294608,-6,1022,3422
54649816252,54649816262,10,223,1117
54651665184,54651665186,2,2196,2703
54652659838,54652659843,5,1825,1594
54660302390,54660302386,-4,1267,3147
54671589125,54671589121,-4,981,3081
54674750238,54674750232,-6,1402,3850
54675971642,54675971639,-3,857,2467
54677078415,54677078410,-5,1063,3444
54680214931,54680214927,-4,705,2237
54685137081,54685137087,6,14807,6418
54692357342,54692357338,-4,522,1327
54698937334,54698937329,-5,1307,2624
54702435059,54702435062,3,2038,1484
54712295510,54712295514,4,2015,1419
54721156538,54721156534,-4,1212,2090
54721637117,54721637111,-6,946,2915
54723278567,54723278563,-4,1059,2232
54723815799,54723815793,-6,372,945
54724517490,54724517501,11,13313,27301
54733002710,54733002707,-3,826,3405
54733965699,54733965694,-5,1087,2736
54738808669,54738808662,-7,1320,3952
54740264084,54740264077,-7,863,5125
54740526232,54740526227,-5,155,776
54742325315,54742325310,-5,1389,3319
54745460404,54745460398,-6,903,3474
54748262983,54748262978,-5,1300,3344
54749309978,54749309995,17,1162,2214
54750115290,54750115286,-4,1216,3185
54751660531,54751660525,-6,878,2195
54753799087,54753799081,-6,1151,2975
54758422306,54758422301,-5,859,3630
54759904719,54759904698,-21,1910,1153
54766835662,54766835660,-2,998,2179
54769110869,54769110874,5,1548,1111
54773133656,54773133649,-7,1206,2531
54774049820,54774049816,-4,931,2554
54786169130,54786169124,-6,1473,4899
54786233667,54786233660,-7,908,3725
54786322444,54786322449,5,2229,1525
54787189381,54787189377,-4,1102,2595
54798101890,54798101886,-4,1117,3268
54811402443,54811402441,-2,1367,2235
54813372023,54813372018,-5,871,3450
54815149756,54815149752,-4,955,4056
54816965442,54816965437,-5,938,2610
54817069963,54817069957,-6,752,3039
54817635810,54817635788,-22,893,1917
54818814070,54818814068,-2,894,2646
54826968058,54826968054,-4,1203,2904
54827966627,54827966644,17,354,1821
54836783831,54836783826,-5,1006,2699
54836872842,54836872847,5,226,2728
54839524154,54839524149,-5,1075,3167
54840491138,54840491126,-12,26,872
54845161758,54845161753,-5,1092,5922
54845759826,54845759822,-4,1496,4152
54851611046,54851611042,-4,1104,2739
54856825049,54856825045,-4,971,3609
54857839123,54857839142,19,419,1169
54859026944,54859026938,-6,805,2888
54869436254,54869436256,2,7904,7470
54876644403,54876644397,-6,1337,3800
54878696687,54878696682,-5,1315,3772
54879340682,54879340679,-3,862,1540
54883440338,54883440339,1,2137,1531
54887226189,54887226185,-4,1140,3307
54889445607,54889445607,0,1504,2018
54889891114,54889891116,2,10606,21104
54891885782,54891885777,-5,1045,2820
54892327015,54892327010,-5,1178,4429
54892640085,54892640082,-3,992,2192
54893875790,54893875787,-3,815,2411
54898784255,54898784250,-5,936,2738
54899501403,54899501399,-4,1300,4220
54904468994,54904468988,-6,843,2380
54905076637,54905076631,-6,1343,3976
54909241843,54909241838,-5,1397,4391
54910264523,54910264525,2,2380,4192
54917051815,54917051810,-5,1200,3223
54917119802,54917119784,-18,176,1301
54920722965,54920722966,1,1995,2555
54921777654,54921777649,-5,944,3150
54925220067,54925220080,13,863,3267
54930330597,54930330593,-4,1011,2614
54939051458,54939051455,-3,1051,2347
54939798519,54939798514,-5,922,3319
54939911684,54939911681,-3,954,2738
54944915546,54944915542,-4,976,3033
54946818362,54946818357,-5,1313,2632
54946959613,54946959614,1,2911,3282
54947365799,54947365794,-5,1529,3616
54951480929,54951480928,-1,1133,1659
54951854523,54951854519,-4,741,2180
54953151776,54953151778,2,2331,1746
54954309204,54954309199,-5,1072,4218
54955084838,54955084834,-4,1299,3963
54955654935,54955654930,-5,1214,3517
54956655303,54956655299,-4,967,2650
54965399741,54965399736,-5,1056,3172
54966494826,54966494823,-3,1189,3047
54967808986,54967808966,-20,654,2339
54968651433,54968651427,-6,1054,3405
54970864414,54970864409,-5,1091,2593
54976619426,54976619421,-5,1017,2241
54980183078,54980183073,-5,1099,2531
54982967445,54982967439,-6,801,3395
54984945705,54984945700,-5,1010,3776
54985628639,54985628634,-5,1210,3715
54996377574,54996377570,-4,1225,3753
54996637852,54996637867,15,1036,2014
55001129795,55001129790,-5,975,2888
55003068159,55003068152,-7,723,3633
55003585899,55003585897,-2,1198,1806
55003616068,55003616080,12,335,1104
55004468131,55004468146,15,473,1918
55010489663,55010489659,-4,1041,2521
55011211065,55011211067,2,4107,3253
55011382177,55011382165,-12,24181,15220
55013321761,55013321755,-6,733,3770
55015646327,55015646321,-6,1126,2999
55020199268,55020199262,-6,1411,3658
55021044899,55021044894,-5,1018,3072
55022953674,55022953676,2,1843,1465
55023532760,55023532757,-3,1150,1939
55030361187,55030361182,-5,908,2422
55035954880,55035954873,-7,2615,7278
55039877350,55039877345,-5,982,4722
55043588418,55043588412,-6,887,2876
55048157843,55048157840,-3,720,2144
55050034554,55050034553,-1,1126,2211
55056757967,55056757963,-4,1339,2883
55057264037,55057264033,-4,709,2441
55063806322,55063806318,-4,991,2841
55076620810,55076620805,-5,984,3315
55077802110,55077802104,-6,1622,3913
55078608300,55078608303,3,1847,1147
55080798538,55080798533,-5,1035,3483
55091361621,55091361617,-4,1296,4281
55092765747,55092765743,-4,865,2774
55092909837,55092909832,-5,1057,2341
55102760015,55102760010,-5,618,2585
55110429844,55110429839,-5,1184,3777
55111900254,55111900249,-5,871,4594
55121805342,55121805338,-4,4181,11386
55122244863,55122244859,-4,1211,3212
55126260202,55126260195,-7,997,2545
55127550380,55127550374,-6,1262,3389
55134031191,55134031187,-4,828,4119
55141596241,55141596234,-7,550,978
55146046856,55146046854,-2,1740,1720
55148481245,55148481244,-1,1400,2329
55172188117,55172188111,-6,972,3288
55176657631,55176657625,-6,632,3340
55177468497,55177468491,-6,1213,2808
55177898350,55177898345,-5,1089,3462
55181534698,55181534695,-3,1058,2633
55183689747,55183689740,-7,1031,4425
55189583503,55189583499,-4,647,1880
55189924465,55189924469,4,1797,1499
55199153675,55199153671,-4,1047,2457
55205461605,55205461602,-3,757,2644
55207698232,55207698227,-5,1141,4052
55218410960,55218410955,-5,1080,2957
55221852447,55221852442,-5,1032,2922
55224222562,55224222556,-6,1274,2959
55224376121,55224376117,-4,2149,4244
55226224983,55226224977,-6,1045,4470
55227024600,55227024594,-6,1580,8628
55229538755,55229538750,-5,1323,3134
55240859239,55240859234,-5,1081,3230
55248761686,55248761682,-4,1069,2756
55250758169,55250758169,0,947,1342
55256151180,55256151174,-6,1909,3882
55259398322,55259398322,0,1671,2155
55268571073,55268571068,-5,938,3378
55275080658,55275080661,3,2903,2423
55277249838,55277249834,-4,1066,2475
55281228641,55281228636,-5,1193,3187
55283046831,55283046826,-5,1044,4174
55289739326,55289739333,7,1807,671
55296351374,55296351370,-4,792,2484
55301357382,55301357378,-4,853,3017
55307364162,55307364158,-4,636,3388
55308834666,55308834686,20,568,2474
55308937503,55308937498,-5,1161,3677
55311189094,55311189094,0,1595,1381
55314470058,55314470050,-8,47,639
55316259082,55316259074,-8,901,5178
55317895076,55317895069,-7,769,2004
55318552521,55318552517,-4,1192,2306
55322254307,55322254303,-4,623,1745
55328481980,55328481975,-5,1461,4042
55330927079,55330927075,-4,852,2251
55333387576,55333387570,-6,1090,4099
55340686309,55340686305,-4,1180,2608
55348146343,55348146339,-4,1049,1163
55350183240,55350183236,-4,1091,4762
55354086927,55354086923,-4,783,2463
55362465667,55362465663,-4,1011,2158
55366181092,55366181088,-4,1046,3563
55368406322,55368406318,-4,699,1592
55371003081,55371003081,0,982,1625
55376111297,55376111302,5,1885,1219
55380069198,55380069193,-5,819,2808
55380371282,55380371298,16,248,1830
55383381958,55383381950,-8,1389,4230
55384591138,55384591131,-7,671,2537
55389256793,55389256787,-6,901,2394
55391378934,55391378933,-1,666,1883
55393623730,55393623730,0,1795,2653
55393707062,55393707054,-8,826,3280
55394086570,55394086590,20,1295,2607
55394590362,55394590370,8,2599,1390
55394668450,55394668447,-3,1469,3282
55394738323,55394738317,-6,894,2846
55395861066,55395861061,-5,1227,2843
55406048197,55406048194,-3,1175,2046
55408057735,55408057731,-4,1276,3209
55413040267,55413040263,-4,528,2867
55419897919,55419897915,-4,1015,2365
55430075007,55430075001,-6,701,1817
55430389187,55430389200,13,174,872
55430895335,55430895332,-3,32478,23224
55430944419,55430944414,-5,865,2074
55431808887,55431808882,-5,900,2798
55442278634,55442278629,-5,979,2336
55442583085,55442583083,-2,1446,3715
55446677521,55446677517,-4,1016,2670
55447662074,55447662070,-4,735,2637
55448110026,55448110019,-7,928,3101
55452104086,55452104079,-7,1463,4246
55454801197,55454801190,-7,822,4282
55463842154,55463842154,0,997,1668
55464724902,55464724898,-4,590,2124
55474885679,55474885674,-5,1321,3408
55475347034,55475347028,-6,684,2117
55479637876,55479637878,2,3824,17031
55482056866,55482056862,-4,1295,4411
55482593915,55482593926,11,203,1215
55487904871,55487904866,-5,948,3264
55488167353,55488167373,20,579,2217
55488742059,55488742053,-6,1073,4257
55488912097,55488912095,-2,234,1019
55493741132,55493741133,1,18320,50636
55494039516,55494039511,-5,810,1906
55497095653,55497095649,-4,724,3340
55501144588,55501144595,7,2332,2349
55502294647,55502294644,-3,1953,3869
55503430318,55503430312,-6,971,2538
55515832497,55515832493,-4,793,3020
55521203361,55521203365,4,1422,1506
55522118083,55522118081,-2,1074,2322
55530351366,55530351362,-4,922,1587
55530774598,55530774594,-4,576,1192
55531032537,55531032546,9,13338,23655
55535852935,55535852932,-3,876,2204
55541328340,55541328336,-4,893,2961
55541360392,55541360386,-6,1140,3686
55546551824,55546551818,-6,1090,3808
55547080879,55547080876,-3,870,3189
55549550622,55549550617,-5,851,4207
55549711591,55549711586,-5,1102,2914
55550401518,55550401512,-6,1301,3312
55550668179,55550668174,-5,1124,3102
55558542973,55558542968,-5,616,3493
55562813235,55562813231,-4,1304,3121
55565978483,55565978482,-1,1109,1072
55569838443,55569838437,-6,1013,2126
55570590555,55570590558,3,1428,2347
55573706716,55573706710,-6,861,1192
55573899739,55573899734,-5,1028,3179
55574152119,55574152114,-5,1006,3797
55577105611,55577105606,-5,876,1963
55577495090,55577495085,-5,645,2761
55583683462,55583683456,-6,982,3042
55591434682,55591434678,-4,1060,2577
55593541313,55593541308,-5,726,3188
55610602310,55610602307,-3,1085,3676
55613563053,55613563055,2,2227,2578
55615481896,55615481891,-5,614,1161
55622242525,55622242534,9,12816,28918
55624793563,55624793571,8,6806,2349
55629382872,55629382867,-5,1031,3034
55634628368,55634628373,5,2161,1058
55642544235,55642544232,-3,996,2339
55643349684,55643349678,-6,1373,3980
55645531602,55645531595,-7,923,4023
55648365223,55648365218,-5,642,2792
55648605432,55648605414,-18,98,1097
55650473346,55650473341,-5,891,3588
55662519353,55662519348,-5,1292,2622
55665637859,55665637854,-5,983,2540
55669066374,55669066369,-5,1156,3418
55671770708,55671770701,-7,773,2184
55675014819,55675014814,-5,788,2861
55676345835,55676345850,15,129,756
55676642270,55676642266,-4,1105,2025
55677132704,55677132721,17,1024,3044
55678484846,55678484840,-6,1199,3072
55680566120,55680566117,-3,1355,2441
55681488020,55681488015,-5,1398,3128
55687894033,55687894018,-15,222,1191
55689014206,55689014202,-4,978,2689
55689327185,55689327199,14,1237,3118
55689403873,55689403892,19,1043,3391
55690777911,55690777909,-2,1030,2360
55695433450,55695433446,-4,818,2701
55696857915,55696857909,-6,1043,3326
55701246211,55701246207,-4,1261,3621
55706136714,55706136709,-5,753,2704
55706976833,55706976855,22,1029,2442
55708351042,55708351047,5,3108,1548
55711221396,55711221398,2,25414,39190
55715591629,55715591626,-3,1041,2660
55716077885,55716077882,-3,835,2633
55716343139,55716343133,-6,712,2638
55725083222,55725083215,-7,803,3560
55727740142,55727740161,19,1258,1932
55729032611,55729032607,-4,916,2215
55729453496,55729453513,17,982,2857
55729642522,55729642517,-5,1274,2830
55734604902,55734604893,-9,1096,2836
55735150011,55735150014,3,288,1055
55736327619,55736327596,-23,1032,3563
55740210200,55740210197,-3,1883,4833
55743912497,55743912492,-5,1404,4057
55750594190,55750594184,-6,894,2741
55759420499,55759420493,-6,836,1599
55760794721,55760794717,-4,874,2260
55762012694,55762012690,-4,693,1751
55762771606,55762771602,-4,1516,2716
55767143654,55767143650,-4,812,2812
55769837166,55769837160,-6,1286,3397
55771952345,55771952339,-6,1118,3408
55774773006,55774773001,-5,1650,3421
55776091570,55776091564,-6,1054,3269
55782802334,55782802341,7,5689,2137
55783112417,55783112410,-7,1350,4033
55784054216,55784054209,-7,968,4560
55784726882,55784726879,-3,1703,4285
55787785238,55787785231,-7,1681,4489
55789765013,55789765007,-6,955,3214
55790957121,55790957118,-3,863,2032
55792781326,55792781320,-6,954,2733
55794721010,55794721005,-5,610,1800
55796273142,55796273137,-5,1019,3423
55797848066,55797848066,0,2471,3836
55801215686,55801215680,-6,689,3005
55801669135,55801669130,-5,684,2598
55804472466,55804472462,-4,1020,3049
55807827093,55807827087,-6,943,2476
55808348022,55808348018,-4,954,4429
55809723385,55809723403,18,886,2796
55811420311,55811420306,-5,1065,2431
55811787848,55811787844,-4,1364,2784
55812432241,55812432237,-4,978,2563
55812732324,55812732329,5,2623,1524
55818614511,55818614505,-6,1083,3707
55824575709,55824575713,4,1585,1346
55829428335,55829428317,-18,304,1145
55835277717,55835277714,-3,553,1688
55842095167,55842095162,-5,821,2400
55847794013,55847794010,-3,2583,7310
55851094607,55851094605,-2,745,2172
55855966722,55855966718,-4,1188,3305
55858891962,55858891967,5,2484,1053
55859423162,55859423156,-6,990,2818
55861198342,55861198339,-3,419,879
55867859963,55867859959,-4,867,2714
55868023570,55868023567,-3,1141,3003
55873842031,55873842026,-5,932,2640
55874242465,55874242458,-7,30,1146
55875253754,55875253758,4,259,910
55879158960,55879158954,-6,1068,2849
55879351427,55879351425,-2,980,2374
55880573337,55880573333,-4,1098,3665
55881870496,55881870496,0,1405,2494
55886922577,55886922573,-4,836,2074
55889793666,55889793660,-6,945,3648
55890051404,55890051419,15,144,1071
55892468899,55892468895,-4,904,2812
55896367412,55896367409,-3,1064,2386
55897247774,55897247781,7,1592,709
55897890070,55897890065,-5,877,2625
55897939339,55897939345,6,271,1260
55904561550,55904561546,-4,1025,2171
55910507909,55910507906,-3,780,3179
55910542201,55910542221,20,725,1532
55921978897,55921978894,-3,1023,1974
55932615326,55932615321,-5,986,3921
55935962930,55935962928,-2,956,1926
55942882478,55942882473,-5,1235,3955
55945246465,55945246460,-5,811,1948
55948104124,55948104118,-6,1082,3534
55956150014,55956150009,-5,1122,2769
55963889178,55963889174,-4,765,3459
55964726620,55964726614,-6,2141,6632
55970020085,55970020080,-5,1197,3660
55975014473,55975014474,1,3477,3491
55978031531,55978031526,-5,874,3200
55979186309,55979186314,5,5455,2789
55982310062,55982310057,-5,882,3420
55984846367,55984846362,-5,700,2084
55985722392,55985722386,-6,2406,7204
55987028743,55987028738,-5,895,3218
55993732879,55993732892,13,757,185
55995062099,55995062094,-5,942,3602
55997234095,55997234089,-6,884,2823
56003941629,56003941626,-3,1232,2663
56004695277,56004695273,-4,1018,3513
56005206050,56005206046,-4,1041,2646
56006807598,56006807594,-4,934,3353
56007230862,56007230869,7,3536,1158
56007427121,56007427115,-6,1111,4204
56016564820,56016564819,-1,725,2077
56016608617,56016608636,19,634,2147
56023254654,56023254648,-6,1154,4046
56028094034,56028094029,-5,1521,3759
56031145957,56031145952,-5,1252,4742
56039257415,56039257408,-7,570,2520
56044227113,56044227108,-5,1084,2146
56055618024,56055618018,-6,971,3430
56056098866,56056098866,0,173,734
56066080753,56066080749,-4,920,3097
56068457348,56068457342,-6,1204,3855
56069080028,56069080041,13,1587,3854
56070965199,56070965195,-4,1268,3761
56072572009,56072572005,-4,950,3009
56076673473,56076673480,7,6043,2893
56077860726,56077860722,-4,920,3471
56080211069,56080211065,-4,1019,3346
56080394828,56080394824,-4,786,3664
56081132542,56081132538,-4,853,2844
56087075533,56087075529,-4,537,1808
56089649227,56089649222,-5,1040,2458
56090000863,56090000858,-5,1249,3734
56090705448,56090705447,-1,1528,1881
56093057149,56093057144,-5,1362,2629
56097043088,56097043094,6,5408,1730
56099279245,56099279241,-4,908,1852
56099695664,56099695660,-4,751,2799
56102812921,56102812902,-19,20412,43219
56103060302,56103060298,-4,1135,2530
56108958347,56108958343,-4,1227,2903
56109220595,56109220589,-6,1252,2361
56110558569,56110558575,6,2025,1151
56112329454,56112329454,0,1543,2266
56114093678,56114093674,-4,924,3112
56114447411,56114447425,14,450,1487
56119488742,56119488737,-5,1165,4190
56130551903,56130551898,-5,597,2951
56131572861,56131572857,-4,1354,2971
56131777123,56131777120,-3,929,2977
56133102562,56133102558,-4,1190,3300
56146036661,56146036657,-4,1077,3386
56148619679,56148619671,-8,1266,3125
56151535391,56151535387,-4,929,3781
56152902067,56152902061,-6,1193,2548
56156700422,56156700415,-7,4948,22153
56158154775,56158154771,-4,796,2437
56173710953,56173710947,-6,1907,8559
56175073783,56175073778,-5,791,3284
56179074865,56179074860,-5,824,3105
56183765103,56183765098,-5,1135,2059
56184065076,56184065089,13,251,1564
56184366165,56184366158,-7,1352,5296
56189301597,56189301603,6,2654,1322
56197119511,56197119506,-5,930,3580
56204927034,56204927029,-5,770,4201
56206085573,56206085569,-4,1095,2204
56211236225,56211236219,-6,1020,2913
56218654614,56218654608,-6,1295,2413
56219866973,56219866967,-6,1053,2830
56222323698,56222323695,-3,2161,4141
56232320841,56232320836,-5,966,3371
56241387433,56241387427,-6,1249,4645
56242874993,56242874988,-5,1175,3036
56246480949,56246480942,-7,971,3999
56248080749,56248080744,-5,57106,30778
56252247464,56252247457,-7,896,4695
56255327374,56255327369,-5,1257,3766
56255916833,56255916815,-18,112,1205
56259750037,56259750031,-6,1039,3503
56259851982,56259851978,-4,23960,12096
56264137502,56264137498,-4,827,2324
56266827761,56266827757,-4,1094,2732
56268152586,56268152581,-5,764,2872
56275789213,56275789209,-4,992,3361
56275992226,56275992237,11,222,1038
56281988150,56281988146,-4,718,1865
56284232286,56284232280,-6,973,3322
56285089267,56285089262,-5,884,1939
56296508873,56296508866,-7,951,3701
56301901632,56301901626,-6,1055,2991
56305874347,56305874342,-5,1148,3166
56310833251,56310833246,-5,1289,3509
56316683797,56316683790,-7,1161,4172
56316941000,56316941021,21,247,1498
56320322179,56320322156,-23,59,1352
56322124419,56322124413,-6,1516,3421
56323378442,56323378436,-6,967,2900
56325154905,56325154906,1,1054,2255
56325596336,56325596343,7,25,679
56327248820,56327248814,-6,1347,3506
56328009815,56328009810,-5,1333,3999
56328543520,56328543504,-16,4507,635
56330895063,56330895058,-5,707,2904
56331521730,56331521727,-3,1551,4498
56332680859,56332680840,-19,236,1275
56333400566,56333400565,-1,2351,4333
56333834398,56333834393,-5,659,2407
56336329641,56336329635,-6,777,1581
56357470026,56357470022,-4,1121,2520
56357781761,56357781777,16,119,800
56361942718,56361942713,-5,526,2382
56365098810,56365098804,-6,1263,4196
56370122710,56370122726,16,609,1707
56371344610,56371344605,-5,873,3083
56372194205,56372194210,5,3722,1536
56376232501,56376232498,-3,1272,2989
56376932264,56376932277,13,206,1499
56381271779,56381271777,-2,1066,2204
56388153392,56388153386,-6,1052,3213
56388629463,56388629458,-5,850,2425
56389303958,56389303977,19,56,775
56394032259,56394032256,-3,859,2053
56397152348,56397152342,-6,1282,2829
56399631380,56399631375,-5,1091,4389
56401114994,56401114998,4,2122,1695
56402397420,56402397419,-1,805,1288
56406636913,56406636909,-4,1043,2250
56409948035,56409948033,-2,1100,2572
56420770218,56420770213,-5,1332,2679
56420804510,56420804515,5,2733,1569
56423772541,56423772534,-7,1517,8050
56427666916,56427666914,-2,1117,1776
56429449102,56429449107,5,5014,2387
56436434597,56436434597,0,3128,3682
56436500131,56436500125,-6,881,2497
56437755976,56437755999,23,482,1242
56442091582,56442091578,-4,1415,2687
56443902494,56443902489,-5,527,3055
56443965682,56443965702,20,609,2134
56444784511,56444784506,-5,1306,2388
56446028299,56446028294,-5,1514,3790
56447501522,56447501516,-6,1047,2123
56450635014,56450635009,-5,1319,3107
56454959297,56454959293,-4,909,1462
56457500235,56457500231,-4,937,2535
56459524058,56459524055,-3,573,1793
56463353087,56463353081,-6,1013,3500
56465873291,56465873282,-9,1059,6219
56468209734,56468209730,-4,1024,3707
56468698275,56468698281,6,6965,2973
56471032236,56471032230,-6,992,3688
56472033669,56472033667,-2,1212,2497
56479439707,56479439702,-5,773,2279
56480068817,56480068810,-7,1361,3378
56482801431,56482801432,1,2154,2009
56484443469,56484443464,-5,663,2327
56486450460,56486450455,-5,946,3097
56489712284,56489712279,-5,1155,4802
56490426756,56490426759,3,1805,1372
56492938003,56492938011,8,2892,1391
56493363398,56493363393,-5,1097,3645
56498505790,56498505785,-5,842,2173
56498626503,56498626482,-21,1916,833
56502885710,56502885704,-6,1228,2795
56507496335,56507496330,-5,748,2545
56508721127,56508721127,0,3235,3553
56516033404,56516033398,-6,984,2851
56516244677,56516244674,-3,1177,2969
56517138595,56517138590,-5,988,2779
56518407054,56518407047,-7,973,3722
56520531723,56520531724,1,1413,1881
56520674165,56520674161,-4,1200,3071
56521100126,56521100122,-4,989,2167
56523443738,56523443734,-4,1066,2553
56526078058,56526078054,-4,1495,2920
56526897965,56526897961,-4,790,3002
56528460222,56528460216,-6,1252,3504
56531114483,56531114478,-5,1457,3750
56532781111,56532781118,7,3585,1594
56535245673,56535245669,-4,33685,20027
56538082001,56538081997,-4,1276,3194
56539479362,56539479358,-4,1280,2142
56545408878,56545408885,7,7563,3362
56547140135,56547140130,-5,1023,4046
56547996867,56547996861,-6,828,2482
56549845634,56549845629,-5,702,3082
56558102116,56558102110,-6,723,2452
56560004842,56560004842,0,2983,3590
56567873456,56567873453,-3,1859,3325
56569312381,56569312382,1,1243,1325
56571098096,56571098089,-7,1430,3435
56574824041,56574824038,-3,1169,2041
56576823589,56576823582,-7,1364,3132
56582164418,56582164416,-2,1371,2403
56585483373,56585483368,-5,906,2989
56588290171,56588290170,-1,2015,2679
56589810121,56589810120,-1,2908,4751
56595795665,56595795666,1,3238,3135
56596354722,56596354719,-3,721,1648
56596528146,56596528150,4,2828,1739
56597041068,56597041061,-7,1511,4486
56601452830,56601452826,-4,698,1853
56604112913,56604112917,4,11119,23603
56605652747,56605652755,8,5605,1706
56618845424,56618845420,-4,1383,2055
56619892559,56619892555,-4,952,3436
56621485182,56621485177,-5,1091,2301
56621583554,56621583543,-11,855,2148
56622586586,56622586607,21,849,2556
56622836456,56622836449,-7,1272,2562
56623156697,56623156690,-7,841,3899
56627411627,56627411623,-4,1277,2819
56631587299,56631587297,-2,909,3344
56632254038,56632254033,-5,1191,3580
56632652559,56632652554,-5,940,3071
56634841389,56634841385,-4,794,3545
56641615331,56641615326,-5,1003,2012
56643762947,56643762941,-6,1521,3052
56648267862,56648267856,-6,1331,3726
56649673619,56649673622,3,1627,1010
56659844433,56659844429,-4,780,2596
56661113919,56661113913,-6,819,2094
56664676707,56664676710,3,2433,2099
56666042645,56666042638,-7,1589,3675
56668849571,56668849567,-4,850,2696
56675286511,56675286504,-7,973,3415
56680304603,56680304597,-6,1173,3390
56681151106,56681151102,-4,900,2267
56683366856,56683366870,14,103,962
56692861606,56692861606,0,1683,2374
56697095898,56697095894,-4,1400,3273
56697287659,56697287653,-6,1170,3558
56700613085,56700613079,-6,868,2327
56710692058,56710692054,-4,1264,3775
56711893031,56711893026,-5,938,3584
56714649352,56714649363,11,306,1182
56719078773,56719078769,-4,998,3181
56720851947,56720851942,-5,706,1904
56723964789,56723964788,-1,1440,2361
56724473813,56724473807,-6,1597,5982
56726376198,56726376194,-4,1070,1790
56732224151,56732224145,-6,961,2697
56732315562,56732315549,-13,276,793
56732967785,56732967775,-10,304,713
56740571111,56740571105,-6,1306,3165
56742056531,56742056525,-6,845,2416
56749390363,56749390360,-3,636,872
56749986154,56749986150,-4,1302,3999
56752088950,56752088946,-4,876,2280
56752483621,56752483617,-4,715,3082
56753039530,56753039510,-20,341,684
56754428386,56754428401,15,326,1025
56756753618,56756753613,-5,1348,3160
56757166010,56757165993,-17,267,1513
56760274626,56760274622,-4,1034,2275
56767343149,56767343141,-8,842,1813
56772490154,56772490149,-5,1216,3452
56773826375,56773826370,-5,871,3246
56778442150,56778442146,-4,1322,3615
56789319855,56789319850,-5,903,2889
56790969026,56790969021,-5,1696,3486
56800210285,56800210286,1,813,1224
56805600764,56805600759,-5,1636,4327
56809036492,56809036487,-5,831,2223
56811676649,56811676648,-1,5752,8192
56813864347,56813864346,-1,1494,1848
56814669563,56814669566,3,2982,2769
56815515102,56815515099,-3,1888,3777
56815707735,56815707730,-5,903,3592
56815855305,56815855324,19,255,1037
56819118723,56819118722,-1,1526,1939
56819197275,56819197270,-5,1102,3115
56820693743,56820693737,-6,1267,3712
56843044189,56843044198,9,948,1747
56843321171,56843321166,-5,893,2949
56844675660,56844675658,-2,1300,2106
56847802146,56847802141,-5,729,3185
56849277498,56849277494,-4,1358,2539
56854887838,56854887833,-5,1100,2741
56858265723,56858265733,10,1593,1041
56859256732,56859256715,-17,3061,1522
56860522997,56860522993,-4,841,3272
56866253542,56866253537,-5,893,3144
56873214858,56873214853,-5,1183,3303
56889468521,56889468517,-4,729,2371
56891218291,56891218305,14,730,3281
56892038586,56892038584,-2,758,2795
56892569108,56892569114,6,101,878
56893108990,56893108986,-4,1334,4202
56893665233,56893665213,-20,1272,3859
56895064522,56895064520,-2,1116,3221
56907685633,56907685634,1,1693,1995
56910551682,56910551677,-5,1095,3836
56912071961,56912071977,16,350,1844
56912263763,56912263743,-20,224,812
56927328690,56927328694,4,1467,1436
56930084994,56930084994,0,1728,2199
56930249773,56930249777,4,2602,1898
56935259118,56935259114,-4,789,2085
56938997975,56938997972,-3,937,3043
56940736887,56940736881,-6,1280,3347
56942085410,56942085406,-4,925,2057
56945714035,56945714033,-2,1022,2581
56945788074,56945788057,-17,826,2564
56947749620,56947749616,-4,1074,2220
56955128808,56955128823,15,1124,3369
56959919093,56959919089,-4,1120,2715
56961874231,56961874225,-6,767,2871
56963216622,56963216616,-6,1054,2931
56967525545,56967525538,-7,864,1945
56971133070,56971133078,8,4208,1226
56986522466,56986522461,-5,1172,3228
56992753099,56992753093,-6,690,2917
56992823252,56992823267,15,148,842
56993439009,56993439018,9,90,849
56997791958,56997791954,-4,1089,3493
56998697709,56998697706,-3,1208,2027
57000368406,57000368402,-4,658,2111
57001514458,57001514454,-4,870,2611
57003200062,57003200058,-4,950,3112
57003447088,57003447082,-6,851,3583
57012444690,57012444687,-3,1207,3128
57018393695,57018393690,-5,500,3691
57021238266,57021238282,16,13139,53384
57021318735,57021318734,-1,771,1776
57023956575,57023956578,3,1285,1219
57029980801,57029980796,-5,1055,3545
57030741333,57030741340,7,9815,33748
57044024948,57044024945,-3,792,1695
57046587533,57046587529,-4,949,2635
57055232320,57055232314,-6,1111,2525
57074469854,57074469862,8,2489,1536
57076255159,57076255155,-4,913,2870
57082015059,57082015055,-4,959,2324
57082288399,57082288394,-5,946,3232
57082922838,57082922843,5,19924,43135
57083533014,57083533013,-1,2631,3537
57088888038,57088888039,1,1417,1049
57090807970,57090807965,-5,823,2981
57091466216,57091466215,-1,104,1100
57091842704,57091842725,21,823,2813
57097284682,57097284678,-4,973,2115
57098965457,57098965450,-7,1020,2639
57099973387,57099973398,11,507,1645
57101718285,57101718278,-7,1173,3692
57107196825,57107196818,-7,848,2313
57109742561,57109742562,1,16804,15036
57111398937,57111398933,-4,995,2860
57114304655,57114304650,-5,1092,2165
57116896278,57116896277,-1,1056,2486
57118863961,57118863965,4,1891,1004
57119454734,57119454740,6,2611,1694
57120383775,57120383770,-5,950,2728
57125366713,57125366708,-5,1375,4140
57130425562,57130425558,-4,921,2488
57135602217,57135602214,-3,1195,2977
57144670076,57144670070,-6,1111,4258
57146804438,57146804426,-12,2431,1309
57150667451,57150667446,-5,959,2828
57162743739,57162743734,-5,1514,3855
57167200485,57167200478,-7,582,2883
57170000737,57170000733,-4,1425,3446
57180473943,57180473938,-5,1045,3061
57184904831,57184904826,-5,980,2828
57186378382,57186378378,-4,1199,2432
57187209266,57187209263,-3,1150,2039
57188002421,57188002414,-7,1195,3427
57188066666,57188066687,21,140,981
57201028145,57201028141,-4,435,1814
57202588316,57202588312,-4,1346,2423
57203398211,57203398208,-3,1188,2779
57206994833,57206994828,-5,1085,2280
57208131803,57208131797,-6,986,2927
57208297966,57208297961,-5,1266,3352
57210692061,57210692061,0,586,1299
57213405916,57213405907,-9,893,3325
57217259309,57217259305,-4,1144,2329
57217369537,57217369541,4,77,823
57219524283,57219524278,-5,817,2664
57219724831,57219724826,-5,723,2895
57220787242,57220787238,-4,758,2531
57227349163,57227349158,-5,879,2263
57238006265,57238006259,-6,930,4041
57242866831,57242866825,-6,751,3412
57252006743,57252006740,-3,1210,2359
57252454936,57252454930,-6,100,915
57253365155,57253365151,-4,728,1874
57261060847,57261060841,-6,804,2240
57264683992,57264684009,17,1042,2060
57270168814,57270168810,-4,769,2525
57274149242,57274149239,-3,1214,2761
57277165210,57277165208,-2,1190,1914
57283674394,57283674390,-4,1013,2050
57284089768,57284089762,-6,784,3199
57290213190,57290213184,-6,1247,4189
57290240091,57290240102,11,347,2509
57293007976,57293007969,-7,841,2566
57293412786,57293412767,-19,1304,2888
57299557318,57299557322,4,1027,922
57301799821,57301799820,-1,1520,2109
57302371497,57302371491,-6,980,2476
57311053703,57311053699,-4,617,2930
57311565067,57311565058,-9,839,3304
57313543562,57313543557,-5,809,3262
57314615622,57314615617,-5,920,4609
57317740262,57317740257,-5,1438,1928
57318456964,57318456959,-5,1253,3408
57323751661,57323751655,-6,742,2866
57324032818,57324032834,16,109,657
57325575486,57325575486,0,1679,2208
57326931019,57326931012,-7,784,2892
57328589863,57328589858,-5,1170,3509
57332728368,57332728363,-5,986,2748
57332837544,57332837545,1,141,422
57334150058,57334150054,-4,813,3465
57338514013,57338514008,-5,1210,3135
57340532719,57340532713,-6,2355,7310
57343918489,57343918485,-4,991,2277
57347074619,57347074617,-2,946,1477
57355636910,57355636906,-4,901,3239
57365300867,57365300861,-6,1154,3136
57366770721,57366770719,-2,2256,3116
57367063848,57367063843,-5,930,3111
57367527785,57367527780,-5,1343,7092
57371797610,57371797606,-4,644,3852
57379756137,57379756132,-5,1187,2367
57380236451,57380236446,-5,1095,2936
57382074057,57382074052,-5,1097,3536
57389857326,57389857322,-4,1142,3137
57392631079,57392631074,-5,1153,2007
57393241564,57393241575,11,414,1090
57393288778,57393288773,-5,816,3389
57396983209,57396983214,5,5039,2313
57397656720,57397656714,-6,1123,3504
57398132664,57398132650,-14,540,1456
57407384324,57407384319,-5,1453,3750
57407566687,57407566686,-1,30249,51306
57414147281,57414147277,-4,1155,3310
57415999135,57415999130,-5,1484,4784
57421873134,57421873129,-5,1032,3036
57422508058,57422508054,-4,1428,4243
57426298634,57426298629,-5,939,2856
57426448514,57426448494,-20,198,1193
57426836086,57426836081,-5,1637,2717
57429035421,57429035414,-7,869,2566
57439101025,57439101020,-5,1096,2716
57441752886,57441752882,-4,1154,2952
57442516162,57442516158,-4,939,2061
57443161005,57443161001,-4,1067,3413
57447763881,57447763874,-7,1030,3099
57450611715,57450611710,-5,925,3321
57451201858,57451201858,0,783,883
57458996371,57458996368,-3,902,2564
57459865878,57459865874,-4,850,2532
57467996005,57467996002,-3,1321,2789
57469737158,57469737153,-5,959,2959
57471004235,57471004231,-4,2298,4637
57472880926,57472880920,-6,848,2931
57479791938,57479791933,-5,956,3418
57480623098,57480623093,-5,985,3505
57483872315,57483872310,-5,1005,2510
57490256442,57490256438,-4,1101,3221
57494113424,57494113434,10,11053,34591
57497545839,57497545836,-3,915,3299
57497581586,57497581592,6,2166,1460
57511906277,57511906273,-4,568,1730
57513335739,57513335734,-5,934,3344
57515384342,57515384338,-4,1300,2922
57520172166,57520172161,-5,747,3564
57520223354,57520223370,16,543,1747
57520793838,57520793833,-5,1293,2763
57525115335,57525115329,-6,1899,7121
57530840499,57530840494,-5,902,2273
57537247082,57537247078,-4,860,2599
57538929241,57538929248,7,11290,45626
57540853351,57540853349,-2,2189,4937
57541593078,57541593073,-5,815,3199
57542184682,57542184675,-7,889,4417
57543044333,57543044327,-6,838,3290
57549469721,57549469718,-3,1060,1847
57549562054,57549562051,-3,1416,2046
57552545096,57552545094,-2,1407,2923
57552980576,57552980557,-19,166,1541
57553348139,57553348127,-12,1085,2821
57555582096,57555582090,-6,1019,3190
57561843527,57561843522,-5,827,2745
57563891970,57563891966,-4,1021,3307
57566768054,57566768049,-5,1105,3651
57571855733,57571855735,2,1588,1366
57575110542,57575110543,1,1426,2009
57575322085,57575322078,-7,1254,2433
57579130372,57579130380,8,10739,1944
57580799715,57580799710,-5,516,1821
57581909113,57581909128,15,693,2463
57585558896,57585558891,-5,1130,2414
57587573018,57587573012,-6,1277,2823
57591365029,57591365025,-4,1131,3045
57592401115,57592401110,-5,1169,3394
57600657795,57600657790,-5,1046,3455
57601049945,57601049930,-15,1289,469
57602374077,57602374074,-3,1291,2314
57602546562,57602546580,18,452,1009
57607463547,57607463542,-5,1287,3333
57607706115,57607706111,-4,134,1225
57612351918,57612351913,-5,1117,2926
57613180851,57613180844,-7,1173,3318
57614872131,57614872127,-4,1065,2369
57619341203,57619341201,-2,1402,2309
57619681203,57619681197,-6,1187,2656
57621756342,57621756335,-7,844,3375
57623766442,57623766445,3,54947,50230
57627464207,57627464191,-16,2839,1355
57627882061,57627882067,6,4242,1353
57629463070,57629463063,-7,1133,3240
57634568214,57634568209,-5,1150,3233
57636967911,57636967907,-4,1222,1729
57638030564,57638030561,-3,1145,3326
57643326166,57643326170,4,2669,2722
57646918569,57646918566,-3,1369,2758
57649077829,57649077826,-3,2468,3902
57652645479,57652645475,-4,778,3052
57653288451,57653288444,-7,768,3316
57654102976,57654102972,-4,1081,1603
57657248265,57657248259,-6,930,2369
57657622738,57657622754,16,787,1245
57660594145,57660594141,-4,2037,6755
57664358082,57664358081,-1,968,2578
57664408987,57664408997,10,149,980
57666451981,57666451974,-7,745,4395
57666904772,57666904768,-4,4679,12358
57671241158,57671241152,-6,1032,2611
57674539933,57674539929,-4,1209,3066
57675122455,57675122448,-7,1185,3560
57680656182,57680656175,-7,1272,4139
57682723214,57682723210,-4,469,1425
57683982562,57683982560,-2,183,830
57685445354,57685445351,-3,920,1474
57691983479,57691983472,-7,900,2685
57699593374,57699593369,-5,701,3628
57700639315,57700639293,-22,111,2559
57706985199,57706985194,-5,676,2833
57710570470,57710570465,-5,1338,3029
57711438881,57711438874,-7,1437,4186
57719131666,57719131671,5,8890,4644
57719252793,57719252813,20,467,1643
57722604158,57722604154,-4,1195,2546
57723030370,57723030391,21,990,2772
57723903209,57723903206,-3,939,2928
57725764728,57725764724,-4,933,3240
57729222374,57729222381,7,3133,1888
57730290502,57730290507,5,5529,2689
57739811814,57739811809,-5,772,2409
57739859382,57739859381,-1,1140,1508
57739976616,57739976604,-12,147,1306
57744909687,57744909683,-4,887,3226
57746374221,57746374214,-7,1171,2662
57752830562,57752830557,-5,925,2774
57754656406,57754656412,6,10406,29675
57756266094,57756266091,-3,1146,3001
57759005896,57759005889,-7,657,1880
57762190058,57762190053,-5,880,2976
57763211048,57763211043,-5,1106,3221
57764388371,57764388362,-9,972,3526
57770523531,57770523527,-4,646,1906
57773699184,57773699182,-2,1600,1473
57779033479,57779033474,-5,1104,2940
57781839699,57781839707,8,3737,1399
57783380302,57783380297,-5,808,4494
57786177018,57786177015,-3,880,2400
57790559617,57790559614,-3,978,1467
57794434291,57794434311,20,600,2636
57812041619,57812041620,1,1508,2137
57817718968,57817718964,-4,766,4221
57817766416,57817766434,18,847,2846
57818708553,57818708549,-4,278,9959
57819148220,57819148213,-7,888,5119
57819508820,57819508826,6,201,1127
57821805763,57821805758,-5,596,1673
57822663259,57822663277,18,176,1015
57823103825,57823103821,-4,1279,3250
57825225256,57825225247,-9,167,507
57825646563,57825646559,-4,921,3912
57826294411,57826294405,-6,1742,7271
57831406958,57831406940,-18,4503,1508
57831856162,57831856157,-5,642,2001
57837372526,57837372521,-5,936,2965
57842405576,57842405574,-2,24073,15324
57843535590,57843535586,-4,905,3160
57846119332,57846119327,-5,1466,3034
57846174984,57846174991,7,308,1308
57849343659,57849343653,-6,1026,2523
57850400197,57850400191,-6,1237,3271
57854571679,57854571675,-4,1793,3396
57855777818,57855777821,3,1226,1218
57860750106,57860750099,-7,1582,4331
57866078590,57866078592,2,5818,23277
57867013449,57867013445,-4,993,3626
57872623866,57872623862,-4,1187,2353
57874541074,57874541070,-4,1198,3451
57877277745,57877277738,-7,813,2695
57877988096,57877988097,1,982,1797
57879226035,57879226029,-6,917,2516
57882719201,57882719196,-5,749,1835
57884618978,57884618970,-8,1499,3573
57887177623,57887177618,-5,943,2356
57891603038,57891603034,-4,934,3114
57895981441,57895981436,-5,1288,2996
57900397798,57900397793,-5,887,3203
57904134709,57904134702,-7,954,3382
57905039387,57905039402,15,2185,9981
57905624124,57905624127,3,2826,1868
57908564902,57908564899,-3,2231,5087
57913682925,57913682923,-2,2093,2924
57915780778,57915780774,-4,1535,3561
57916703849,57916703846,-3,1296,2151
57919624986,57919624981,-5,1015,2930
57920963603,57920963599,-4,920,2902
57924665731,57924665728,-3,998,3747
57925361833,57925361832,-1,1591,1576
57928269197,57928269191,-6,1445,4149
57928466246,57928466244,-2,485,1885
57928547867,57928547883,16,223,630
57930715106,57930715113,7,928,190
57934672010,57934672006,-4,839,2080
57936116850,57936116848,-2,941,1384
57936857706,57936857702,-4,1237,5090
57939194982,57939194977,-5,1372,4073
57939353499,57939353507,8,205,842
57944018491,57944018486,-5,575,1832
57947903534,57947903530,-4,969,3736
57948621167,57948621161,-6,1509,4534
57950009124,57950009119,-5,851,3375
57950450027,57950450022,-5,218,1169
57950989544,57950989565,21,1004,2964
57951177172,57951177190,18,592,1412
57954985905,57954985902,-3,671,1581
57963581087,57963581086,-1,1048,1411
57964524644,57964524663,19,366,1231
57967616682,57967616682,0,1260,1462
57967871930,57967871931,1,1234,1436
57970307091,57970307087,-4,1108,3138
57978706117,57978706112,-5,1262,2809
57979044296,57979044313,17,509,1568
57980051559,57980051557,-2,724,2830
57982688556,57982688553,-3,595,1352
57992484570,57992484574,4,4747,2488
57994932917,57994932912,-5,1815,6742
57997639448,57997639441,-7,944,4119
58003172301,58003172307,6,1792,757
58007570042,58007570037,-5,916,3502
58020941126,58020941121,-5,1151,3465
58022885639,58022885633,-6,785,2624
58024861814,58024861809,-5,787,1445
58025858307,58025858302,-5,1246,2885
58026315226,58026315227,1,1394,1950
58026520102,58026520101,-1,1641,2191
58026665028,58026665023,-5,1204,3130
58030258895,58030258891,-4,1098,2579
58031426759,58031426774,15,788,2447
58032232819,58032232815,-4,940,1304
58033260340,58033260336,-4,1160,2794
58034661171,58034661166,-5,738,2156
58036539902,58036539895,-7,1105,3597
58049711542,58049711539,-3,1132,1983
58067628041,58067628037,-4,604,1273
58069990835,58069990829,-6,1144,6959
58071602457,58071602453,-4,1142,2467
58075258743,58075258745,2,2778,4434
58075747267,58075747262,-5,625,2146
58084502293,58084502288,-5,933,3379
58092877475,58092877471,-4,839,2732
58093081899,58093081893,-6,940,3255
58097294191,58097294188,-3,1251,2265
58099626231,58099626226,-5,737,2337
58105604986,58105604980,-6,783,1574
58107782561,58107782557,-4,836,2227
58108962427,58108962410,-17,1074,3363
58111381763,58111381757,-6,767,2825
58114847566,58114847544,-22,861,3544
58117936806,58117936802,-4,1020,2818
58118038874,58118038866,-8,1265,2450
58118267906,58118267903,-3,47,914
58120791976,58120791970,-6,1421,3812
58121142037,58121142037,0,1405,1784
58122865883,58122865880,-3,1098,1992
58125331000,58125331011,11,397,1212
58125674012,58125674007,-5,850,3062
58127000035,58127000052,17,359,1649
58129071527,58129071523,-4,607,2001
58129677196,58129677190,-6,1314,3263
58132120073,58132120068,-5,1356,3081
58132405457,58132405446,-11,987,2616
58134170147,58134170144,-3,1292,3546
58135852214,58135852217,3,1384,1949
58135885078,58135885075,-3,1079,2747
58136603371,58136603348,-23,462,1388
58136987753,58136987737,-16,1095,2546
58137295891,58137295907,16,150,835
58139983602,58139983598,-4,1486,2836
58141103657,58141103673,16,1028,826
58148505150,58148505146,-4,566,2400
58153484776,58153484772,-4,824,3215
58157890105,58157890101,-4,1443,3857
58160569258,58160569259,1,1714,1896
58165028433,58165028434,1,1740,1849
58165799064,58165799058,-6,1227,3820
58167974562,58167974557,-5,1206,3922
58180026368,58180026363,-5,1195,2464
58185423190,58185423185,-5,780,1393
58187368871,58187368865,-6,1065,4225
58187553771,58187553764,-7,873,4009
58189439230,58189439225,-5,931,2968
58194802169,58194802168,-1,1327,2571
58197845211,58197845206,-5,1094,3030
58203396951,58203396951,0,1214,1269
58205432110,58205432106,-4,961,3016
58206304211,58206304207,-4,1015,3134
58213690628,58213690622,-6,1177,2521
58219205966,58219205964,-2,1095,1882
58220375763,58220375759,-4,859,2241
58221665545,58221665566,21,440,1899
58224838782,58224838777,-5,785,3242
58226398108,58226398104,-4,1325,4365
58232483182,58232483177,-5,928,2748
58234790367,58234790360,-7,976,3451
58235512642,58235512649,7,204,943
58239512498,58239512494,-4,1179,3330
58241982922,58241982917,-5,1072,2544
58243426635,58243426629,-6,626,3271
58247785504,58247785499,-5,1011,2893
58254293654,58254293650,-4,1137,3748
58258537423,58258537418,-5,714,2418
58262553032,58262553027,-5,817,3257
58264693590,58264693591,1,2434,2001
58267259464,58267259458,-6,399,1511
58274019412,58274019414,2,1625,1601
58274270622,58274270619,-3,1331,2671
58277726434,58277726429,-5,1291,3554
58279360276,58279360259,-17,19228,93196
58283147677,58283147672,-5,966,4205
58287838418,58287838413,-5,1081,3128
58288565434,58288565429,-5,1310,3297
58290198644,58290198638,-6,916,3414
58293296529,58293296536,7,3487,1384
58295254725,58295254732,7,17067,21943
58296614593,58296614593,0,1668,1721
58297663420,58297663414,-6,1248,4012
58301731771,58301731773,2,3415,3360
58302843061,58302843058,-3,1110,2537
58303620831,58303620825,-6,1173,3820
58305129487,58305129482,-5,862,1846
58306115042,58306115038,-4,771,3994
58306174827,58306174825,-2,157,1209
58308093194,58308093191,-3,817,1774
58309408034,58309408013,-21,1186,3738
58309648460,58309648456,-4,1431,4160
58315678104,58315678098,-6,493,2833
58316310243,58316310260,17,325,1885
58318429713,58318429709,-4,1224,2838
58320444143,58320444140,-3,704,1624
58320623100,58320623095,-5,1051,2690
58321118891,58321118887,-4,1408,3518
58324897990,58324897987,-3,845,2326
58330957841,58330957837,-4,1240,2801
58332212020,58332212013,-7,918,3364
58332790970,58332790989,19,830,1813
58340097971,58340097969,-2,3785,8474
58350806111,58350806111,0,971,1251
58352064664,58352064657,-7,1044,2466
58353150483,58353150477,-6,996,2703
58358372863,58358372870,7,6920,3139
58363620475,58363620470,-5,923,2760
58363890510,58363890514,4,1998,1438
58364344613,58364344608,-5,776,2410
58368530081,58368530086,5,2592,1723
58371540693,58371540689,-4,765,2733
58371598217,58371598231,14,362,1562
58372060480,58372060481,1,2633,2664
58377032474,58377032470,-4,760,2500
58382133575,58382133570,-5,1081,4021
58388756754,58388756761,7,3516,1420
58389032177,58389032171,-6,1073,3249
58390993440,58390993438,-2,1196,1699
58392271796,58392271788,-8,966,1938
58394242587,58394242583,-4,1002,2809
58399732650,58399732646,-4,1351,2550
58401144643,58401144622,-21,946,1824
58401456472,58401456486,14,343,1273
58408843999,58408843996,-3,1760,2070
58412770039,58412770034,-5,978,4175
58412801641,58412801659,18,1104,3466
58420570420,58420570412,-8,1140,2751
58421058253,58421058258,5,19798,45613
58423470910,58423470906,-4,1479,3154
58433879815,58433879810,-5,815,2970
58434739953,58434739946,-7,1139,3415
58439611641,58439611636,-5,852,3162
58444222606,58444222601,-5,1190,3416
58445915125,58445915125,0,977,2154
58446055257,58446055274,17,208,870
58448430631,58448430633,2,2388,2193
58449546656,58449546655,-1,1550,3434
58454483929,58454483926,-3,932,2512
58454848062,58454848058,-4,1010,3593
58460876121,58460876122,1,1394,2482
58461273038,58461273033,-5,956,2780
58465296026,58465296022,-4,844,1992
58465727906,58465727911,5,2848,1358
58469107157,58469107150,-7,2405,6627
58470661479,58470661473,-6,751,2112
58471289770,58471289791,21,1068,2625
58471753745,58471753741,-4,1178,2967
58477325130,58477325125,-5,929,3683
58481476585,58481476581,-4,930,3187
58482976038,58482976034,-4,876,3133
58483428751,58483428746,-5,983,3208
58484429830,58484429828,-2,937,2258
58485406223,58485406218,-5,1257,3120
58489262362,58489262363,1,1635,2016
58489654837,58489654832,-5,24483,56933
58490283462,58490283461,-1,715,2165
58490382840,58490382827,-13,1232,4013
58490987857,58490987875,18,1119,3375
58493394130,58493394122,-8,1578,4194
58499796921,58499796915,-6,1233,3127
58504737803,58504737798,-5,1316,3683
58523687094,58523687090,-4,1664,3546
58525040619,58525040615,-4,1028,3193
58531923646,58531923641,-5,1074,3560
58532963651,58532963645,-6,674,2413
58537825719,58537825714,-5,891,3759
58543558203,58543558193,-10,41656,9222
58548260726,58548260723,-3,1190,2661
58553083894,58553083888,-6,1146,3502
58556586163,58556586159,-4,1237,3469
58556861358,58556861356,-2,1467,3641
58560119543,58560119539,-4,1062,2512
58563585818,58563585812,-6,1221,2526
58563756291,58563756299,8,167,1883
58573960111,58573960106,-5,1087,3912
58578851413,58578851409,-4,997,2555
58579563531,58579563525,-6,1121,3380
58580783859,58580783866,7,1624,773
58581889821,58581889814,-7,711,2335
58589111338,58589111334,-4,520,1729
58591703238,58591703235,-3,704,1490
58599266962,58599266960,-2,1385,3035
58603226289,58603226283,-6,805,2327
58604269987,58604269972,-15,1083,2453
58606056768,58606056773,5,2116,1381
58607697224,58607697220,-4,2778,5865
58608434573,58608434569,-4,994,2895
58613615681,58613615676,-5,1112,2289
58628549802,58628549821,19,398,5200
58632194367,58632194362,-5,926,3052
58634905347,58634905349,2,1398,1626
58634977887,58634977881,-6,748,2746
58641317499,58641317495,-4,1398,3513
58644332086,58644332081,-5,1363,3825
58646278685,58646278681,-4,872,2645
58646309043,58646309040,-3,277,933
58652926491,58652926486,-5,927,3169
58656659882,58656659886,4,5966,18907
58661792623,58661792618,-5,831,2489
58661860994,58661861010,16,785,2751
58662226907,58662226901,-6,1022,2821
58668889595,58668889594,-1,1155,1740
58675306726,58675306720,-6,1181,3019
58676839914,58676839908,-6,937,2894
58676865876,58676865870,-6,1269,3557
58680631238,58680631234,-4,1059,2931
58684948921,58684948926,5,4408,2319
58685453254,58685453250,-4,1046,3314
58685655754,58685655754,0,1603,2404
58685699726,58685699719,-7,1080,5782
58695940477,58695940471,-6,1129,2510
58697191378,58697191382,4,203,1043
58698333764,58698333758,-6,990,3112
58704290159,58704290153,-6,1012,3712
58704791105,58704791125,20,694,1272
58706166663,58706166660,-3,825,2674
58709972538,58709972534,-4,780,2037
58711680697,58711680703,6,4372,2261
58717417560,58717417560,0,1229,1439
58724500414,58724500410,-4,1037,3006
58727411459,58727411455,-4,1011,2976
58727886008,58727886029,21,575,1563
58728916018,58728916013,-5,1001,3119
58735293405,58735293399,-6,775,2571
58739994782,58739994777,-5,590,1691
58741498861,58741498858,-3,974,2653
58746705381,58746705377,-4,348,1175
58747201197,58747201192,-5,879,2121
58747359714,58747359730,16,390,994
58752744088,58752744084,-4,1340,3920
58753257178,58753257181,3,1674,1563
58757196093,58757196089,-4,1031,2778
58760575209,58760575205,-4,1260,3674
58764504263,58764504258,-5,998,2990
58770115659,58770115665,6,3596,1985
58774527859,58774527853,-6,1282,3103
58774915842,58774915836,-6,1046,4179
58776249690,58776249708,18,373,1086
58776749743,58776749738,-5,852,3821
58784072723,58784072718,-5,1376,4646
58785014179,58785014179,0,1095,1359
58785592075,58785592065,-10,259,773
58790187121,58790187117,-4,1402,3802
58791113443,58791113438,-5,922,1764
58791149275,58791149295,20,225,903
58793728357,58793728348,-9,1027,4284
58794100617,58794100609,-8,590,1816
58795398688,58795398685,-3,5291,11792
58796318161,58796318157,-4,1330,4226
58801932748,58801932751,3,1211,1017
58804399705,58804399700,-5,1429,3367
58807084865,58807084861,-4,1026,2448
58814876405,58814876399,-6,928,3682
58815111202,58815111196,-6,758,1979
58818642299,58818642294,-5,1211,3154
58820049510,58820049505,-5,1355,4168
58820390496,58820390491,-5,1179,2778
58820538711,58820538708,-3,765,1389
58822882890,58822882881,-9,1110,3015
58824127602,58824127617,15,204,830
58825333483,58825333477,-6,544,2409
58833806358,58833806363,5,2591,1756
58833895349,58833895342,-7,954,2651
58833987854,58833987850,-4,1213,2795
58836596218,58836596213,-5,891,3352
58841112390,58841112386,-4,1021,3561
58849981179,58849981172,-7,1667,3969
58850236158,58850236153,-5,1247,3881
58856941240,58856941237,-3,1229,2569
58860850572,58860850570,-2,811,1384
58864462993,58864462987,-6,1254,2675
58864686323,58864686318,-5,1509,4022
58886256914,58886256910,-4,1398,3295
58889853064,58889853058,-6,1325,3300
58892922613,58892922609,-4,1496,3250
58893441032,58893441018,-14,202,1006
58897754970,58897754966,-4,504,1223
58907394577,58907394594,17,299,1021
58912383538,58912383534,-4,880,2655
58915011843,58915011841,-2,892,2710
58915553305,58915553300,-5,725,2002
58916548470,58916548467,-3,684,2681
58917268969,58917268964,-5,978,3791
58917500075,58917500069,-6,691,2664
58940091088,58940091083,-5,1071,3644
58940529592,58940529610,18,1097,3341
58941737087,58941737085,-2,21933,6718
58943319040,58943319035,-5,619,1835
58945679423,58945679419,-4,1195,3808
58947033998,58947033993,-5,1360,3615
58948969143,58948969137,-6,430,2023
58956078625,58956078617,-8,296,597
58958031546,58958031538,-8,1625,3979
58960947001,58960946998,-3,864,2423
58964188395,58964188392,-3,591,2796
58964956705,58964956722,17,812,3958
58965769312,58965769293,-19,921,2056
58968685730,58968685727,-3,882,2409
58977400228,58977400221,-7,1280,2726
58978409087,58978409082,-5,1083,2690
58978997876,58978997889,13,613,1119
58983977883,58983977877,-6,891,4306
58984012817,58984012813,-4,1023,2931
58985204779,58985204774,-5,1057,3325
58986478302,58986478298,-4,837,3379
58989232665,58989232666,1,2487,2606
58991008422,58991008429,7,4075,1342
58995332139,58995332133,-6,1018,3509
58995963891,58995963910,19,824,2605
58997830502,58997830498,-4,1095,3011
58998562649,58998562651,2,1811,1818
58999505707,58999505704,-3,2537,3929
59002943886,59002943893,7,3796,1978
59003529064,59003529060,-4,5141,12567
59007043201,59007043194,-7,809,3318
59009801663,59009801660,-3,735,3299
59011832283,59011832278,-5,878,2952
59012237659,59012237662,3,1752,2219
59012447374,59012447395,21,2534,979
59014667058,59014667054,-4,1026,2185
59017113478,59017113482,4,1872,1425
59019534155,59019534152,-3,967,3003
59021004102,59021004099,-3,1985,3580
59033166814,59033166809,-5,1148,3048
59033213463,59033213458,-5,953,2476
59035425592,59035425587,-5,856,2908
59035644021,59035644015,-6,828,4318
59038053977,59038053970,-7,979,3216
59040658051,59040658044,-7,1143,4062
59042361443,59042361438,-5,1415,4262
59043556296,59043556290,-6,1263,3117
59051347584,59051347579,-5,977,3022
59058207071,59058207065,-6,1265,3722
59059985914,59059985922,8,1675,650
59061648782,59061648784,2,1392,1376
59063373956,59063373967,11,154,1016
59074425607,59074425622,15,27841,11890
59075696846,59075696840,-6,1276,3992
59078651715,59078651710,-5,824,2950
59079000937,59079000957,20,131,968
59080201048,59080201066,18,749,1985
59081825700,59081825695,-5,746,3316
59087345577,59087345571,-6,1244,2988
59087618073,59087618070,-3,1280,1759
59087972623,59087972616,-7,612,2066
59088235722,59088235716,-6,1041,3478
59088596564,59088596583,19,734,2574
59089267823,59089267817,-6,1043,4227
59091303735,59091303733,-2,1187,1724
59096279057,59096279050,-7,1556,3702
59096553562,59096553564,2,2393,2680
59100173820,59100173804,-16,39352,18061
59105703078,59105703073,-5,1386,3164
59115564691,59115564686,-5,911,2506
59116789589,59116789593,4,2444,1619
59121132138,59121132138,0,1876,1860
59123926331,59123926326,-5,1316,4018
59124952599,59124952603,4,1280,1504
59126294202,59126294201,-1,1572,1952
59126876661,59126876661,0,1693,1510
59129146301,59129146306,5,6943,22272
59133882879,59133882874,-5,690,3846
59146354087,59146354094,7,13669,25691
59149488387,59149488394,7,3238,911
59149620349,59149620345,-4,888,1842
59149929102,59149929102,0,2795,3388
59150786735,59150786730,-5,1121,3294
59160658558,59160658567,9,343,1163
59162878213,59162878218,5,1204,1246
59170373954,59170373950,-4,1284,3485
59179852198,59179852201,3,1362,1200
59181909909,59181909904,-5,833,2364
59183132443,59183132457,14,133,1044
59185915425,59185915419,-6,886,2649
59186257688,59186257699,11,5,983
59187064957,59187064951,-6,1039,3025
59188800582,59188800577,-5,992,2737
59189769779,59189769773,-6,974,1869
59193581410,59193581408,-2,1846,2752
59193752017,59193752013,-4,971,2480
59194071797,59194071793,-4,1158,4945
59194354614,59194354610,-4,1003,3089
59195121098,59195121113,15,41,497
59205477129,59205477126,-3,982,2884
59205593457,59205593478,21,253,3574
59206366057,59206366054,-3,154,623
59212158233,59212158237,4,1363,1217
59213599822,59213599818,-4,46640,21554
59215761946,59215761942,-4,1314,4113
59218658211,59218658207,-4,1411,3504
59219028028,59219028021,-7,1396,2563
59220834541,59220834534,-7,1099,4813
59229346470,59229346466,-4,1370,2432
59229400411,59229400406,-5,947,2730
59234909178,59234909172,-6,584,4008
59247455189,59247455193,4,842,2961
59249376621,59249376617,-4,1443,3602
59250611211,59250611208,-3,708,2217
59252152974,59252152969,-5,1439,3161
59254093642,59254093637,-5,1118,2799
59259281983,59259281979,-4,24014,12588
59259548511,59259548507,-4,1019,2928
59260315219,59260315214,-5,986,3556
59261465202,59261465198,-4,816,2191
59272470682,59272470678,-4,903,2813
59276193398,59276193397,-1,1048,2671
59277082630,59277082622,-8,1274,3363
59282396694,59282396678,-16,2937,485
59283913538,59283913533,-5,742,3144
59285326723,59285326728,5,4767,3087
59285469585,59285469582,-3,1010,2695
59286866034,59286866029,-5,812,3547
59286921594,59286921576,-18,119,784
59293981743,59293981740,-3,958,3232
59294354958,59294354953,-5,1285,2450
59299978870,59299978863,-7,1392,3200
59302787831,59302787827,-4,1233,2986
59304237261,59304237266,5,3514,1688
59305377736,59305377730,-6,1181,3214
59306526421,59306526423,2,1467,1793
59307800346,59307800342,-4,750,3239
59324218951,59324218946,-5,1036,3115
59326528565,59326528558,-7,792,3892
59326990647,59326990641,-6,791,4248
59329222411,59329222398,-13,298,1233
59330325487,59330325483,-4,1173,3705
59333806226,59333806222,-4,822,1774
59335138238,59335138232,-6,1206,2796
59335206369,59335206354,-15,260,1157
59340624018,59340624014,-4,1250,3317
59344977621,59344977614,-7,1155,2984
59346213515,59346213510,-5,1426,3553
59347654386,59347654381,-5,1235,2674
59352261075,59352261072,-3,1495,2502
59353248162,59353248157,-5,657,2184
59353792857,59353792853,-4,996,2466
59354733599,59354733596,-3,1267,2605
59357719086,59357719080,-6,338,1670
59367068729,59367068724,-5,1368,3776
59369368506,59369368502,-4,1540,4999
59369906427,59369906421,-6,1150,3229
59371625647,59371625642,-5,941,2786
59391590367,59391590362,-5,1224,3804
59394284335,59394284339,4,1870,1577
59394676994,59394676990,-4,981,3341
59395115931,59395115918,-13,123,700
59400177793,59400177800,7,7773,2181
59401429184,59401429178,-6,1068,3119
59402250297,59402250277,-20,806,2247
59402911331,59402911345,14,660,2363
59406888314,59406888309,-5,1037,4099
59415720351,59415720346,-5,1029,2706
59416096689,59416096685,-4,860,2957
59420522202,59420522200,-2,946,1992
59425629843,59425629839,-4,1213,2824
59427963686,59427963666,-20,5,1035
59435921194,59435921189,-5,1275,4288
59436473602,59436473600,-2,1031,1729
59440462987,59440462983,-4,1028,2674
59442367558,59442367556,-2,975,2235
59443077643,59443077659,16,1145,4254
59444433002,59444432999,-3,1204,2661
59445704563,59445704557,-6,1350,3510
59446273406,59446273399,-7,994,2781
59449483650,59449483647,-3,1388,3171
59454689458,59454689454,-4,1335,4004
59460019899,59460019894,-5,1008,2467
59460420962,59460420967,5,52,782
59460922393,59460922377,-16,917,2699
59461267248,59461267250,2,95,1237
59466332773,59466332773,0,1126,1682
59466920409,59466920394,-15,1181,2713
59467379967,59467379961,-6,1022,2808
59467602561,59467602555,-6,1615,3610
59488504770,59488504764,-6,1546,4166
59498963790,59498963795,5,1414,1433
59501646107,59501646091,-16,2622,1620
59502261245,59502261265,20,310,1145
59506360195,59506360191,-4,1124,4030
59511275346,59511275342,-4,886,3143
59518655872,59518655868,-4,1080,2281
59518814632,59518814613,-19,1097,2381
59523937681,59523937678,-3,1182,1991
59525932131,59525932126,-5,1366,3209
59527119805,59527119799,-6,1310,3288
59527310243,59527310234,-9,1313,3534
59529189464,59529189455,-9,265,11607
59530099966,59530099962,-4,1638,5143
59530858774,59530858766,-8,584,4420
59531207912,59531207906,-6,843,2429
59532177154,59532177142,-12,2408,6357
59534695357,59534695353,-4,1080,3630
59534915076,59534915070,-6,1012,3069
59538694182,59538694178,-4,908,2681
59540402706,59540402698,-8,867,4354
59542742345,59542742340,-5,792,4140
59545804599,59545804592,-7,813,3678
59551874802,59551874806,4,2323,1648
59552207202,59552207197,-5,1280,2767
59560966727,59560966721,-6,1039,3321
59561085141,59561085136,-5,1326,3892
59561959858,59561959853,-5,891,4949
59563142924,59563142920,-4,1011,3505
59566318678,59566318673,-5,1085,4443
59572010034,59572010030,-4,1306,3150
59572155161,59572155178,17,746,1450
59572702067,59572702062,-5,947,3673
59577049777,59577049770,-7,1166,3190
59578512871,59578512866,-5,999,3089
59580291127,59580291122,-5,1012,3212
59580692138,59580692126,-12,251,1026
59583996000,59583996005,5,2504,1460
59588002138,59588002134,-4,1478,2935
59594032018,59594032001,-17,208,706
59594603187,59594603193,6,2861,1546
59594912890,59594912885,-5,1024,3568
59597760990,59597760986,-4,1281,4036
59614032790,59614032785,-5,998,3564
59615373690,59615373710,20,164,1220
59616805745,59616805739,-6,1191,3150
59617716486,59617716483,-3,541,1296
59617913523,59617913518,-5,1080,3540
59618642014,59618642008,-6,1169,3884
59623584231,59623584226,-5,856,2828
59623667913,59623667929,16,1077,2867
59632870502,59632870498,-4,936,3253
59633410661,59633410656,-5,1049,2349
59636077827,59636077822,-5,1061,3617
59641308242,59641308239,-3,587,1401
59654918147,59654918144,-3,625,2374
59655394900,59655394894,-6,1086,2718
59660418670,59660418666,-4,887,2458
59660500531,59660500519,-12,203,1139
59666408077,59666408071,-6,1294,3805
59669356299,59669356293,-6,677,3546
59675487462,59675487463,1,1500,2032
59676229971,59676229966,-5,1312,3060
59677716707,59677716701,-6,1188,4520
59679087884,59679087878,-6,997,3409
59679963524,59679963519,-5,893,3102
59683393015,59683393011,-4,892,3178
59687964596,59687964590,-6,1222,3713
59688002876,59688002895,19,889,1815
59690016738,59690016734,-4,1123,3684
59694390604,59694390600,-4,932,2529
59698312650,59698312646,-4,1298,4010
59701235945,59701235941,-4,810,2261
59702022995,59702022989,-6,947,3142
59703377599,59703377594,-5,1052,1545
59707231262,59707231258,-4,685,1938
59712876601,59712876597,-4,1051,2037
59715700413,59715700410,-3,278,955
59725793706,59725793699,-7,1000,3484
59729295767,59729295762,-5,1390,4102
59730819569,59730819563,-6,1219,3411
59738263335,59738263330,-5,1265,2935
59738954298,59738954305,7,1286,851
59743311296,59743311289,-7,1115,5181
59746760814,59746760810,-4,1211,3770
59752068523,59752068517,-6,1128,4899
59752713618,59752713634,16,807,2796
59754172038,59754172042,4,1828,1246
59754651081,59754651075,-6,1324,3429
59773122105,59773122106,1,2107,1738
59779135806,59779135803,-3,1485,2875
59782480038,59782480033,-5,847,3014
59783353416,59783353434,18,637,2604
59783690579,59783690574,-5,659,3621
59785380797,59785380792,-5,1466,3779
59790116746,59790116742,-4,972,2685
59791425938,59791425931,-7,923,2676
59791661352,59791661373,21,89,1687
59791777410,59791777409,-1,197,1031
59794855971,59794855966,-5,681,3579
59797401872,59797401864,-8,1236,5835
59803082123,59803082119,-4,810,2589
59804522243,59804522240,-3,807,2004
59804753578,59804753591,13,195,1268
59806237098,59806237104,6,4729,2273
59807020538,59807020534,-4,845,1683
59809735974,59809735967,-7,955,3080
59811874517,59811874513,-4,706,3065
59817085130,59817085124,-6,1152,4143
59817280371,59817280366,-5,1129,3070
59817688910,59817688903,-7,932,3848
59826651257,59826651278,21,939,3731
59834896791,59834896788,-3,751,2365
59839518896,59839518897,1,8846,7895
59839845478,59839845474,-4,1004,2756
59844970850,59844970843,-7,1172,2567
59849111303,59849111304,1,1396,1492
59859845529,59859845525,-4,634,2456
59863372383,59863372387,4,225,1259
59863674990,59863674995,5,2657,1461
59868137882,59868137875,-7,941,2225
59870232810,59870232806,-4,1038,2110
59871779502,59871779497,-5,1583,3387
59873157938,59873157934,-4,1439,2588
59873383992,59873383978,-14,99,1348
59874665739,59874665746,7,198,831
59881301727,59881301722,-5,719,2209
59881538820,59881538821,1,61,878
59882177530,59882177531,1,98,560
59888171374,59888171369,-5,1026,2967
59894229893,59894229888,-5,935,2700
59895568747,59895568742,-5,906,2221
59900714365,59900714361,-4,1230,2388
59902131108,59902131121,13,1159,2664
59911563550,59911563542,-8,719,2128
59915113287,59915113281,-6,650,2645
59917764521,59917764517,-4,1631,4228
59927044940,59927044934,-6,1195,3744
59930956385,59930956389,4,1522,1054
59935688286,59935688282,-4,613,2894
59939719291,59939719295,4,1979,30966
59947963634,59947963630,-4,1417,2820
59951394139,59951394135,-4,1068,3221
59958381742,59958381739,-3,682,2247
59959128365,59959128361,-4,1263,2699
59964470326,59964470321,-5,1032,2921
59964632202,59964632214,12,601,1984
59975030535,59975030529,-6,19176,18589
59980159413,59980159418,5,2056,1395
59983947699,59983947694,-5,910,2989
59984033162,59984033169,7,270,732
59993523375,59993523369,-6,1289,3632
59995854150,59995854145,-5,927,3899
60001182723,60001182716,-7,1022,3612
60005070977,60005070971,-6,941,4303
60006832315,60006832310,-5,793,2334
60007580753,60007580767,14,283,887
60010303265,60010303259,-6,1016,2406
60010947569,60010947563,-6,930,2986
60011229705,60011229701,-4,1227,3593
60017662511,60017662505,-6,940,2360
60018819750,60018819746,-4,816,1641
60021395541,60021395535,-6,1061,2770
60021502314,60021502329,15,57,1645
60025696504,60025696510,6,8186,3567
60029987982,60029987986,4,1725,1389
60030286867,60030286862,-5,1146,3096
60033952742,60033952740,-2,1134,2771
60036837206,60036837201,-5,895,3075
60044540131,60044540126,-5,818,2446
60044904371,60044904365,-6,1049,3187
60048817042,60048817037,-5,1010,2773
60050286929,60050286927,-2,1334,2311
60050544210,60050544204,-6,1037,5656
60060119526,60060119522,-4,1241,2943
60060269640,60060269653,13,203,1213
60062028129,60062028123,-6,800,1462
60062071424,60062071405,-19,219,1046
60065522323,60065522320,-3,614,1623
60067911052,60067911047,-5,1114,2934
60076519954,60076519949,-5,1294,3815
60077949963,60077949958,-5,1050,3259
60082174789,60082174782,-7,920,3231
60082386778,60082386765,-13,1141,3465
60085880281,60085880277,-4,35334,12926
60101465902,60101465897,-5,933,3229
60101758262,60101758255,-7,968,3523
60103724960,60103724956,-4,847,1577
60105082087,60105082087,0,1482,1928
60108456007,60108456002,-5,981,1961
60118109515,60118109509,-6,1043,4093
60118341907,60118341922,15,851,2998
60119915990,60119915984,-6,687,2066
60126182835,60126182829,-6,975,2413
60126396845,60126396842,-3,1314,2290
60128643615,60128643611,-4,1488,4503
60131350443,60131350440,-3,816,2455
60133723931,60133723929,-2,843,1409
60136781113,60136781107,-6,1603,2960
60146522222,60146522221,-1,1455,2595
60152295602,60152295605,3,2395,1854
60155098684,60155098679,-5,1267,3211
60160311147,60160311141,-6,1040,2412
60162373226,60162373223,-3,763,1600
60164327666,60164327646,-20,264,1048
60167135658,60167135653,-5,856,2501
60169588299,60169588294,-5,1190,1943
60170559331,60170559326,-5,1394,3773
60171129502,60171129500,-2,971,1538
60172154731,60172154728,-3,826,2144
60178356910,60178356906,-4,1065,2849
60178931444,60178931440,-4,1265,2089
60189706290,60189706286,-4,1405,3543
60194066026,60194066023,-3,408,1933
60195408138,60195408133,-5,1104,3630
60204702325,60204702321,-4,1064,2973
60206238395,60206238389,-6,738,1794
60212278204,60212278198,-6,1453,3226
60218428919,60218428913,-6,1260,3331
60227276629,60227276624,-5,1145,2895
60228816493,60228816494,1,1086,1091
60231825478,60231825473,-5,877,2876
60233519227,60233519218,-9,1112,3263
60234280957,60234280955,-2,903,2727
60239736401,60239736397,-4,892,3026
60240268072,60240268090,18,169,1008
60247340590,60247340583,-7,748,3193
60247968682,60247968683,1,1104,1780
60248101665,60248101646,-19,428,936
60252037114,60252037109,-5,963,3077
60255847621,60255847627,6,4623,1025
60257284209,60257284204,-5,870,3486
60261797601,60261797595,-6,1156,2139
60268408515,60268408511,-4,1039,3249
60268635883,60268635877,-6,1020,3496
60274947657,60274947653,-4,1184,3244
60280684082,60280684078,-4,734,3308
60282577054,60282577049,-5,758,3294
60292395169,60292395165,-4,1173,3956
60294164330,60294164321,-9,1580,3504
60297406748,60297406745,-3,1595,3414
60298862209,60298862206,-3,1541,3375
60300886826,60300886824,-2,904,2052
60305502354,60305502349,-5,1277,3723
60305794662,60305794654,-8,844,3025
60306669912,60306669926,14,114,1306
60310889545,60310889540,-5,1179,3754
60311027191,60311027186,-5,1074,2723
60315725582,60315725578,-4,1093,2955
60316107443,60316107437,-6,1612,5797
60316611122,60316611114,-8,830,4959
60320299724,60320299719,-5,888,2941
60321168356,60321168346,-10,60,993
60323422126,60323422123,-3,1033,2661
60324219642,60324219639,-3,753,1384
60328863247,60328863247,0,675,1092
60336920831,60336920826,-5,999,3042
60337406994,60337406989,-5,1222,3445
60337959643,60337959659,16,397,1620
60338546013,60338546007,-6,1136,4310
60341212616,60341212611,-5,673,2192
60349874649,60349874655,6,2750,884
60350355658,60350355653,-5,1047,2472
60350842448,60350842429,-19,383,1267
60352353594,60352353588,-6,969,3094
60353416989,60353416986,-3,9776,43609
60354095933,60354095943,10,2297,870
60356778350,60356778345,-5,1081,2210
60364450746,60364450741,-5,1012,2669
60365286593,60365286612,19,468,864
60367079256,60367079267,11,1277,1030
60368225746,60368225730,-16,225,1460
60370443899,60370443894,-5,1357,4511
60375819267,60375819260,-7,898,2937
60378376491,60378376487,-4,321,1102
60378979585,60378979607,22,788,2579
60379256342,60379256338,-4,538,2616
60379356730,60379356723,-7,904,2172
60380410490,60380410483,-7,1071,3298
60389175372,60389175366,-6,902,1937
60396856019,60396856013,-6,1089,2860
60398038468,60398038464,-4,838,2310
60403502753,60403502748,-5,1261,2950
60407653223,60407653217,-6,1753,5903
60409409982,60409409979,-3,1236,3165
60421206415,60421206412,-3,819,2719
60422372547,60422372529,-18,277,1984
60427634087,60427634082,-5,909,2446
60428741671,60428741679,8,55182,35440
60437624053,60437624049,-4,905,2837
60438761710,60438761703,-7,683,2590
60440769224,60440769228,4,11455,28646
60444860251,60444860247,-4,1080,2932
60445335912,60445335906,-6,933,3385
60445595953,60445595946,-7,284,1052
60448017954,60448017952,-2,1276,1740
60453265282,60453265278,-4,804,2830
60458334175,60458334170,-5,1025,2930
60462066575,60462066572,-3,1090,2999
60463057595,60463057592,-3,1137,2139
60463406203,60463406198,-5,1120,2616
60464659638,60464659634,-4,707,3022
60464697093,60464697097,4,1474,848
60466901956,60466901950,-6,1187,2986
60467008474,60467008468,-6,1533,3288
60469972162,60469972157,-5,985,4135
60470918216,60470918204,-12,26,972
60471270514,60471270523,9,340,893
60475298906,60475298901,-5,1282,3382
60477968296,60477968293,-3,1394,2545
60478316145,60478316141,-4,1062,3017
60483563437,60483563433,-4,1178,3382
60484652587,60484652588,1,1193,1656
60485280138,60485280131,-7,950,2824
60502878730,60502878725,-5,1028,2819
60509180396,60509180390,-6,1621,4712
60510714226,60510714229,3,2670,2400
60512895153,60512895148,-5,922,2400
60520087977,60520087975,-2,2700,4485
60521199135,60521199130,-5,1100,2708
60523392423,60523392419,-4,1353,2963
60526045766,60526045763,-3,1190,2913
60532117023,60532117019,-4,1116,3050
60535457756,60535457762,6,1822,1227
60537193982,60537193978,-4,725,2926
60538330170,60538330173,3,1910,1227
60538821067,60538821062,-5,776,2803
60539584414,60539584410,-4,902,2391
60548006096,60548006092,-4,1237,4957
60548212186,60548212201,15,5,731
60549489003,60549488998,-5,911,3742
60553650667,60553650662,-5,964,3090
60559958548,60559958549,1,1585,1920
60563940905,60563940899,-6,859,2324
60567277909,60567277905,-4,1227,4316
60570126687,60570126681,-6,722,2844
60573068146,60573068140,-6,1547,5835
60579557779,60579557775,-4,940,2149
60579675593,60579675580,-13,1041,1869
60581647250,60581647263,13,13612,36943
60592582805,60592582800,-5,1023,2586
60593673248,60593673242,-6,1104,2609
60600451393,60600451387,-6,766,2279
60601457176,60601457173,-3,1171,3341
60602171011,60602170998,-13,231,848
60602890576,60602890599,23,372,951
60612889337,60612889332,-5,936,2534
60614754554,60614754554,0,1494,1989
60616816106,60616816102,-4,915,2726
60617194000,60617193994,-6,788,2503
60617760921,60617760917,-4,1301,2990
60617818018,60617818030,12,851,2488
60619077684,60619077687,3,2786,1848
60622342739,60622342737,-2,1028,3090
60626153892,60626153887,-5,963,3350
60629810448,60629810441,-7,815,2459
60637552251,60637552250,-1,1205,2435
60641709145,60641709140,-5,996,2764
60649275193,60649275189,-4,914,2439
60654273175,60654273170,-5,804,2275
60654440978,60654440973,-5,929,3811
60663672418,60663672414,-4,738,2985
60667616850,60667616846,-4,1385,3968
60672600222,60672600217,-5,2395,7451
60677761729,60677761726,-3,1052,2915
60678136367,60678136362,-5,1069,2896
60678360738,60678360758,20,457,1451
60680451719,60680451717,-2,1209,2412
60680535641,60680535649,8,315,1098
60684633851,60684633855,4,12273,8458
60688667185,60688667181,-4,971,2625
60692520781,60692520780,-1,1205,1798
60698943089,60698943077,-12,6038,18727
60701233073,60701233069,-4,1077,2638
60709663273,60709663269,-4,904,3446
60711863238,60711863242,4,1768,1301
60716765118,60716765119,1,1402,1618
60717339650,60717339644,-6,1239,2506
60717847282,60717847274,-8,844,3694
60724290798,60724290792,-6,1439,7072
60726201914,60726201909,-5,770,3410
60734117495,60734117491,-4,967,2922
60748904313,60748904309,-4,773,2162
60751102672,60751102669,-3,687,1416
60753269938,60753269934,-4,987,2178
60756918803,60756918799,-4,815,2564
60759668675,60759668668,-7,608,2720
60761204893,60761204888,-5,1457,3512
60761862719,60761862715,-4,1053,2798
60762773262,60762773258,-4,940,2573
60771154909,60771154905,-4,1060,2327
60771524560,60771524556,-4,1133,2610
60772657702,60772657694,-8,827,2288
60778749434,60778749429,-5,919,2283
60782774935,60782774932,-3,563,1516
60783454847,60783454844,-3,1312,3496
60786719427,60786719422,-5,1020,3368
60789739369,60789739369,0,1660,3045
60790509190,60790509184,-6,1017,2392
60790816995,60790816989,-6,952,1926
60791442810,60791442806,-4,864,1821
60801132107,60801132102,-5,1819,5914
60812880411,60812880405,-6,1540,4851
60816846615,60816846610,-5,1363,2784
60822274807,60822274801,-6,1269,2383
60834409021,60834409017,-4,1189,2810
60835920868,60835920862,-6,903,2731
60836265435,60836265451,16,597,1309
60839932434,60839932429,-5,820,3400
60843311601,60843311595,-6,1035,3672
60848235449,60848235444,-5,1268,2761
60850625720,60850625714,-6,930,3256
60856968082,60856968074,-8,940,3715
60858842169,60858842165,-4,1413,3460
60859037074,60859037067,-7,890,2657
60859835576,60859835557,-19,145,1198
60864287065,60864287070,5,16529,21222
60865065123,60865065118,-5,724,2742
60871534846,60871534841,-5,1049,2519
60873918511,60873918509,-2,1637,2543
60882781513,60882781509,-4,811,2319
60889912647,60889912642,-5,1048,3514
60894509598,60894509592,-6,1006,3425
60898796520,60898796517,-3,799,2518
60906498978,60906498974,-4,1153,2377
60911375027,60911375022,-5,965,2402
60912542000,60912541994,-6,1360,1967
60914869923,60914869917,-6,928,2031
60916562664,60916562663,-1,795,1806
60917262821,60917262816,-5,1058,3098
60918585625,60918585641,16,339,1131
60923226419,60923226415,-4,884,2939
60929450133,60929450130,-3,1714,4105
60930539442,60930539438,-4,1250,3183
60938921890,60938921886,-4,1235,2360
60942131281,60942131302,21,196,1206
60944004422,60944004418,-4,936,3324
60948795554,60948795547,-7,1017,4684
60950172101,60950172103,2,1338,1071
60951119286,60951119279,-7,951,3504
60951248952,60951248947,-5,36,742
60953116729,60953116729,0,1233,2118
60962338429,60962338424,-5,1363,3286
60963487672,60963487668,-4,1050,2824
60964779890,60964779884,-6,1178,3379
60972539699,60972539694,-5,645,2193
60973190320,60973190314,-6,1041,2925
60973618605,60973618613,8,1431,655
60974132693,60974132687,-6,1366,3742
60978440898,60978440904,6,4082,1945
60991841938,60991841933,-5,1261,3128
60993465563,60993465557,-6,967,4346
60993495827,60993495839,12,396,1491
60994653357,60994653364,7,2559,1289
60995244070,60995244090,20,988,2012
61002075192,61002075193,1,2182,2680
61004301146,61004301143,-3,1254,2218
61014295247,61014295241,-6,833,3442
61016324393,61016324389,-4,1066,2963
61018130777,61018130774,-3,881,2755
61018404306,61018404319,13,269,1042
61019890454,61019890449,-5,1018,3332
61021758876,61021758893,17,557,1373
61026607386,61026607383,-3,1025,3818
61028066893,61028066889,-4,1527,2890
61043060167,61043060162,-5,1072,3231
61043966074,61043966078,4,1267,803
61064481531,61064481526,-5,1715,3356
61064588606,61064588602,-4,1322,3817
61079538344,61079538338,-6,1011,3713
61080956194,61080956187,-7,858,3199
61081197518,61081197517,-1,1311,2357
61085744820,61085744825,5,2905,1630
61085896871,61085896867,-4,866,2697
61087420893,61087420894,1,1561,1658
61087658756,61087658758,2,1138,1111
61091349806,61091349803,-3,874,2535
61095654713,61095654709,-4,1169,3425
61099750254,61099750250,-4,1429,2824
61100957055,61100957049,-6,1347,3156
61101545654,61101545651,-3,1597,2906
61105022687,61105022682,-5,1059,2531
61105094946,61105094966,20,92,771
61112309905,61112309907,2,1400,1076
61123525515,61123525510,-5,954,3445
61123572386,61123572369,-17,774,2700
61125957982,61125957977,-5,1278,4101
61127566673,61127566695,22,273,1322
61129070936,61129070932,-4,1666,3042
61129247171,61129247185,14,679,2044
61129798623,61129798621,-2,1212,2652
61130491667,61130491669,2,1684,1696
61134945082,61134945081,-1,1045,1638
61135005394,61135005375,-19,47,1263
61139207008,61139207004,-4,941,2233
61141170378,61141170363,-15,1639,4482
61144898111,61144898108,-3,1281,3948
61145809654,61145809650,-4,1087,2941
61151551775,61151551770,-5,1089,2432
61155361851,61155361845,-6,1025,2756
61156373866,61156373861,-5,807,2169
61160470809,61160470804,-5,986,3176
61161095861,61161095862,1,1347,1222
61167545758,61167545754,-4,780,2593
61175785857,61175785853,-4,949,3816
61178575855,61178575849,-6,1065,2732
61192247687,61192247686,-1,1225,2439
61193372359,61193372354,-5,984,3117
61193976207,61193976202,-5,903,2551
61197156909,61197156928,19,766,2751
61201641414,61201641408,-6,823,1078
61205108999,61205109001,2,1658,3031
61206341750,61206341746,-4,1083,3261
61211883328,61211883323,-5,888,2667
61212853983,61212853979,-4,878,2255
61217532323,61217532317,-6,823,2845
61217593882,61217593870,-12,1029,2716
61218049618,61218049607,-11,116,655
61218492317,61218492312,-5,1160,3494
61223334159,61223334153,-6,1122,3039
61226443817,61226443813,-4,1104,2990
61238518318,61238518314,-4,1153,2613
61238863170,61238863190,20,416,1454
61240758454,61240758449,-5,1220,3628
61245854342,61245854335,-7,759,3012
61251859487,61251859483,-4,840,1669
61255246793,61255246794,1,1580,1496
61255418248,61255418241,-7,1077,4276
61260329233,61260329230,-3,1124,3333
61267066115,61267066110,-5,910,2778
61267814718,61267814713,-5,1049,2635
61269029458,61269029454,-4,1173,2680
61272267323,61272267318,-5,493,1571
61273745216,61273745235,19,160,936
61274593296,61274593287,-9,924,2484
61274960246,61274960239,-7,956,3342
61275277543,61275277540,-3,811,2101
61278743950,61278743945,-5,913,3222
61282788142,61282788137,-5,1048,2619
61285407387,61285407381,-6,847,2677
61295289962,61295289959,-3,899,2439
61297799542,61297799536,-6,1204,2996
61297962904,61297962907,3,164,1054
61305343471,61305343486,15,510,1634
61305965680,61305965697,17,635,1521
61306183587,61306183581,-6,1325,3267
61310575037,61310575034,-3,1265,1841
61310922528,61310922541,13,150,903
61314721262,61314721264,2,4298,2934
61319100576,61319100597,21,612,1842
61321121951,61321121947,-4,1943,4575
61321473671,61321473665,-6,1314,3886
61321722450,61321722446,-4,1054,3997
61324110258,61324110266,8,2492,734
61327589006,61327588999,-7,1608,6221
61334349502,61334349498,-4,1030,2358
61334401929,61334401926,-3,974,2395
61337993410,61337993405,-5,1081,2949
61342446305,61342446302,-3,1285,5066
61346206779,61346206774,-5,961,2181
61346380752,61346380741,-11,211,732
61349956390,61349956385,-5,651,1604
61350312475,61350312478,3,322,1063
61357109917,61357109913,-4,1374,2769
61359286235,61359286230,-5,1014,2788
61360998447,61360998443,-4,890,3589
61361332279,61361332278,-1,26431,15742
61363183031,61363183026,-5,1171,3823
61363756057,61363756050,-7,758,3434
61367089150,61367089144,-6,682,3247
61369155867,61369155861,-6,2037,9790
61378934703,61378934698,-5,958,2456
61385075822,61385075817,-5,997,3304
61389712538,61389712534,-4,1264,3327
61389836544,61389836560,16,839,3501
61394474116,61394474110,-6,933,2748
61394955676,61394955689,13,248,1115
61397586329,61397586324,-5,1380,4124
61398898170,61398898174,4,4149,3025
61399997399,61399997394,-5,1088,3098
61402325065,61402325071,6,14086,5594
61405912914,61405912911,-3,599,1522
61406822259,61406822260,1,9350,12121
61408171394,61408171389,-5,926,2475
61408371482,61408371470,-12,216,693
61412156572,61412156577,5,4265,2997
61412301334,61412301329,-5,515,2231
61412479672,61412479668,-4,1553,3958
61412845939,61412845933,-6,1263,3252
61420561566,61420561562,-4,1135,4051
61423205667,61423205682,15,1321,1577
61424342115,61424342110,-5,1090,3771
61428090939,61428090937,-2,1177,2088
61432080570,61432080565,-5,1086,3409
61436798222,61436798218,-4,1133,3190
61446599367,61446599370,3,2081,1674
61446935415,61446935410,-5,601,2305
61448959699,61448959694,-5,800,3036
61455088306,61455088302,-4,1069,3447
61458068951,61458068946,-5,1548,3131
61458319182,61458319179,-3,594,1473
61463826613,61463826606,-7,1229,3414
61468432191,61468432186,-5,871,3108
61469271539,61469271521,-18,21,930
61473307808,61473307804,-4,931,1683
61474390501,61474390497,-4,980,2323
61479464551,61479464550,-1,1385,2151
61485880551,61485880544,-7,801,3522
61488116981,61488116977,-4,702,2583
61490715240,61490715235,-5,1095,3377
61492118595,61492118595,0,219,867
61492897961,61492897956,-5,1000,2287
61499693665,61499693661,-4,851,2495
61501360210,61501360203,-7,2579,5700
61501935439,61501935437,-2,974,2508
61503212874,61503212870,-4,865,3356
61504013446,61504013441,-5,1101,3577
61506960458,61506960453,-5,1610,3609
61507022307,61507022286,-21,364,936
61509558054,61509558048,-6,1038,5089
61514833441,61514833443,2,1449,1608
61515546034,61515546029,-5,1672,4323
61516185005,61516184997,-8,799,2723
61523341990,61523341986,-4,1161,2635
61523420248,61523420233,-15,1003,2781
61524007458,61524007468,10,511,1172
61527216087,61527216083,-4,794,2260
61527370983,61527370983,0,24204,20447
61529435343,61529435343,0,30951,16208
61529950466,61529950464,-2,1633,2120
61537926990,61537926985,-5,977,3250
61538121840,61538121834,-6,1567,4044
61540217981,61540217977,-4,1211,2836
61540945406,61540945403,-3,1162,2449
61551461582,61551461578,-4,1103,2398
61553123098,61553123094,-4,1235,2071
61554631389,61554631405,16,319,1570
61558984569,61558984563,-6,860,3638
61562380342,61562380337,-5,824,3850
61574723281,61574723276,-5,1125,2783
61575591338,61575591357,19,1183,3270
61578478933,61578478931,-2,1267,2354
61578513898,61578513919,21,300,1140
61578877567,61578877573,6,1685,1161
61581574327,61581574323,-4,1090,4423
61582198747,61582198743,-4,966,2514
61583556995,61583556990,-5,1767,4196
61584931955,61584931949,-6,570,2576
61585364572,61585364568,-4,1078,2200
61585453057,61585453079,22,831,3383
61592226421,61592226418,-3,1360,3638
61593213855,61593213849,-6,853,3043
61598759658,61598759654,-4,724,2706
61600631118,61600631116,-2,1948,2098
61601715563,61601715565,2,181,839
61602973673,61602973665,-8,1018,4012
61607212792,61607212789,-3,938,2680
61609084159,61609084154,-5,1055,2490
61611973238,61611973234,-4,997,3011
61612160556,61612160566,10,737,3331
61612710845,61612710839,-6,755,1731
61615274769,61615274762,-7,1167,3256
61615676121,61615676110,-11,127,978
61617219431,61617219438,7,4466,2141
61622901119,61622901112,-7,1139,4636
61624384169,61624384165,-4,1595,3655
61636671496,61636671498,2,43376,24251
61659953195,61659953189,-6,1476,3297
61663966126,61663966122,-4,1093,3127
61664256162,61664256180,18,709,3063
61665072865,61665072859,-6,888,3179
61672020062,61672020057,-5,970,2366
61678381793,61678381789,-4,1201,3531
61681003801,61681003796,-5,1028,3144
61682094832,61682094828,-4,1386,2904
61682509917,61682509911,-6,1239,3122
61684262363,61684262369,6,2292,1218
61689386434,61689386429,-5,1353,3054
61690789890,61690789883,-7,1435,3241
61696175593,61696175588,-5,1116,2679
61699238022,61699238016,-6,844,3218
61705043241,61705043243,2,1527,2006
61706615017,61706615015,-2,1592,2988
61726342703,61726342697,-6,1125,4029
61730827779,61730827775,-4,902,2421
61733793202,61733793202,0,2788,2886
61735539586,61735539588,2,1367,1707
61736847370,61736847364,-6,872,2971
61737246045,61737246040,-5,1281,2964
61742108568,61742108563,-5,1222,3146
61743551529,61743551522,-7,928,3752
61747026904,61747026898,-6,855,1466
61748037395,61748037389,-6,984,3866
61748262826,61748262846,20,1031,2778
61753774981,61753774978,-3,1128,2423
61754371371,61754371368,-3,1087,3267
61755167391,61755167386,-5,1071,2909
61756124930,61756124926,-4,1131,2317
61771170526,61771170523,-3,799,2511
61776127359,61776127356,-3,1245,2434
61776370773,61776370774,1,3024,4298
61776568525,61776568522,-3,1840,4308
61776817667,61776817684,17,1364,3637
61780724889,61780724886,-3,1160,3873
61785558365,61785558364,-1,1620,2016
61788994490,61788994494,4,2056,1538
61790105166,61790105164,-2,699,1624
61791006482,61791006494,12,393,1476
61791632309,61791632304,-5,1515,3168
61796768330,61796768326,-4,603,1871
61798464050,61798464046,-4,1067,2973
61803485516,61803485511,-5,922,2115
61804883885,61804883881,-4,720,3197
61805646274,61805646270,-4,1341,3625
61816239021,61816239015,-6,1405,3647
61816338257,61816338252,-5,1143,3068
61816615978,61816615972,-6,771,3150
61817892121,61817892117,-4,861,2193
61818937816,61818937811,-5,1126,1790
61825288710,61825288707,-3,554,2125
61826228853,61826228847,-6,854,4566
61831138923,61831138938,15,205,1082
61833482376,61833482372,-4,1966,6298
61846250311,61846250305,-6,967,3051
61846918886,61846918881,-5,1317,3412
61847605242,61847605237,-5,769,2576
61857549479,61857549474,-5,906,3634
61858298258,61858298255,-3,645,1527
61861224955,61861224950,-5,957,2673
61861282866,61861282873,7,213,1166
61863854386,61863854382,-4,1052,3600
61865174679,61865174673,-6,1576,3650
61866175591,61866175593,2,1132,1517
61871455018,61871455013,-5,932,2626
61873050199,61873050196,-3,1072,3058
61873545746,61873545742,-4,1020,2730
61874361817,61874361834,17,1052,2430
61876959782,61876959778,-4,1229,3664
61877361437,61877361433,-4,752,2417
61881588370,61881588375,5,1974,1272
61882664537,61882664533,-4,1036,2630
61886995848,61886995855,7,26286,23580
61887585640,61887585646,6,4479,2134
61887823418,61887823413,-5,1037,2947
61890967025,61890967019,-6,1376,2772
61899411420,61899411422,2,1725,1550
61900363706,61900363701,-5,1128,3723
61900958461,61900958463,2,2048,1484
61902203709,61902203706,-3,1495,3551
61903422899,61903422894,-5,862,2471
61905836092,61905836099,7,319,1361
61908691082,61908691080,-2,1284,2949
61908939312,61908939308,-4,1011,3523
61909661097,61909661092,-5,1243,4917
61912293699,61912293706,7,4943,2009
61922991264,61922991258,-6,551,2694
61923132603,61923132606,3,208,1236
61927426191,61927426186,-5,944,3251
61929013897,61929013892,-5,1056,2915
61932235363,61932235363,0,656,1491
61936902493,61936902487,-6,1051,4315
61942869592,61942869577,-15,11,1074
61944031911,61944031907,-4,816,3160
61945080010,61945079993,-17,111,939
61948890793,61948890793,0,797,1820
61953866926,61953866926,0,1403,1567
61956383764,61956383755,-9,223,1093
61959059063,61959059058,-5,1311,3636
61962224453,61962224448,-5,1202,3327
61962430586,61962430576,-10,255,1099
61964636947,61964636944,-3,801,2036
61965198402,61965198380,-22,918,3266
61965419705,61965419702,-3,110,981
61966389210,61966389190,-20,233,1326
61968444398,61968444393,-5,762,2458
61969858063,61969858058,-5,505,1766
61970618127,61970618121,-6,1108,2497
61974554051,61974554034,-17,499,1159
61977475425,61977475421,-4,1269,2952
61982674586,61982674580,-6,1407,2765
61984919650,61984919644,-6,1107,2764
61985117288,61985117305,17,1298,4393
61987468543,61987468542,-1,1325,1603
61990059528,61990059525,-3,1319,2120
61992804861,61992804857,-4,649,2803
61995499636,61995499630,-6,981,2352
61997168858,61997168853,-5,1369,4344
61997398368,61997398366,-2,363,804
62012303407,62012303402,-5,1150,3912
62012537692,62012537686,-6,797,2232
62012871791,62012871786,-5,1194,3591
62013045139,62013045159,20,443,1445
62013263113,62013263112,-1,738,1956
62013341400,62013341396,-4,1096,3419
62015339978,62015339974,-4,1061,2387
62019068378,62019068374,-4,1117,2673
62025393531,62025393525,-6,928,3043
62029878986,62029878982,-4,660,1746
62030070114,62030070109,-5,1135,3699
62034108865,62034108858,-7,992,3364
62039801550,62039801545,-5,1456,3405
62048490667,62048490662,-5,1415,4287
62049643601,62049643596,-5,1185,3851
62051859546,62051859545,-1,1201,2902
62056862650,62056862646,-4,1167,2504
62057711927,62057711922,-5,944,2842
62065462625,62065462628,3,1929,1050
62066287358,62066287354,-4,968,1970
62074402446,62074402443,-3,1252,2457
62078135951,62078135947,-4,1180,2618
62078792751,62078792745,-6,813,2955
62081503020,62081503014,-6,1193,3231
62083419326,62083419326,0,667,2071
62088298667,62088298661,-6,840,3026
62096302465,62096302466,1,3141,4100
62097971051,62097971046,-5,1065,2905
62098131503,62098131499,-4,1405,2905
62099081304,62099081300,-4,1104,2212
62099426067,62099426053,-14,835,2602
62107878913,62107878907,-6,1061,3294
62108467274,62108467290,16,438,1157
62110268493,62110268499,6,2278,1084
62112110106,62112110101,-5,964,3268
62125552359,62125552354,-5,1214,2910
62125710777,62125710787,10,226,598
62129362692,62129362686,-6,1624,4427
62130905197,62130905190,-7,1180,4082
62131242133,62131242138,5,2732,1645
62136676238,62136676230,-8,563,2305
62138948983,62138948977,-6,1065,4078
62140124621,62140124616,-5,1228,2715
62140901186,62140901201,15,435,1276
62143008830,62143008825,-5,1381,3530
62149168591,62149168583,-8,1151,2903
62149313339,62149313334,-5,1264,4741
62152770143,62152770137,-6,1595,5614
62154209427,62154209422,-5,1048,2870
62154809294,62154809291,-3,1468,2383
62157558308,62157558314,6,4306,1759
62159852823,62159852818,-5,1248,2839
62160913305,62160913323,18,696,1483
62163235054,62163235050,-4,903,3046
62163708156,62163708149,-7,1203,3047
62165719260,62165719257,-3,1442,2980
62171964391,62171964386,-5,1068,2774
62172279670,62172279666,-4,710,2288
62180698654,62180698650,-4,831,1825
62183117876,62183117869,-7,1155,2973
62187627878,62187627873,-5,1100,2556
62187735512,62187735513,1,137,1221
62188158896,62188158916,20,708,1972
62188580774,62188580770,-4,971,4159
62194770795,62194770790,-5,731,2668
62196037563,62196037556,-7,618,2334
62198484191,62198484186,-5,1572,4320
62203119509,62203119502,-7,892,3124
62210424553,62210424536,-17,1067,324
62210905634,62210905642,8,119,804
62211341491,62211341487,-4,922,2607
62213782735,62213782732,-3,1127,3135
62215637317,62215637311,-6,1215,4011
62219036641,62219036645,4,3136,1544
62219823936,62219823930,-6,1017,2649
62220236363,62220236378,15,1089,2947
62220309937,62220309950,13,170,908
62221131824,62221131825,1,189,1015
62221931309,62221931305,-4,1063,3492
62222656131,62222656115,-16,1148,3736
62223263224,62223263221,-3,1082,2735
62225965801,62225965798,-3,1224,2683
62226146979,62226146974,-5,844,2975
62230896047,62230896060,13,27213,14105
62231234199,62231234194,-5,863,2556
62233914771,62233914765,-6,1207,4099
62242205317,62242205310,-7,1191,2767
62254577158,62254577156,-2,639,2057
62261678883,62261678878,-5,865,2883
62262037721,62262037718,-3,2110,2823
62263762810,62263762811,1,31568,17349
62274439580,62274439585,5,3865,2098
62279772563,62279772559,-4,886,2886
62284396630,62284396626,-4,1030,2378
62288571776,62288571770,-6,940,2415
62298116986,62298116982,-4,1137,2098
62302025657,62302025650,-7,1056,3572
62308439906,62308439901,-5,666,1960
62309980182,62309980183,1,1898,2190
62310953054,62310953051,-3,1405,1963
62314539446,62314539441,-5,1205,2748
62315446562,62315446558,-4,1046,3007
62315593849,62315593851,2,27,649
62316426874,62316426873,-1,952,1882
62316796786,62316796787,1,189,803
62318372206,62318372201,-5,767,2604
62323658427,62323658422,-5,638,1904
62323963731,62323963747,16,1325,3297
62325138793,62325138793,0,1627,2147
62325190910,62325190906,-4,815,4184
62326004670,62326004666,-4,846,2241
62330944350,62330944345,-5,1179,3208
62331895078,62331895079,1,2121,2321
62334543719,62334543715,-4,1075,2837
62335173314,62335173309,-5,823,3050
62341895971,62341895967,-4,1004,3206
62350253071,62350253068,-3,1062,3956
62352681426,62352681423,-3,876,3003
62363155114,62363155118,4,3870,2139
62364893125,62364893133,8,3445,1032
62367115163,62367115158,-5,914,2208
62367796652,62367796646,-6,841,2680
62376425835,62376425831,-4,1509,3441
62376733427,62376733424,-3,1156,3090
62377122333,62377122329,-4,789,3017
62378006035,62378006029,-6,599,3249
62385059182,62385059177,-5,662,2159
62387839273,62387839267,-6,1135,3595
62391871446,62391871444,-2,1363,2695
62396609763,62396609756,-7,1206,3030
62397750178,62397750173,-5,1335,4368
62405882529,62405882524,-5,1294,1918
62406486641,62406486635,-6,1772,5591
62406650683,62406650669,-14,1076,3747
62407461127,62407461122,-5,844,2266
62408056187,62408056182,-5,1204,2602
62410498096,62410498093,-3,897,2858
62411167337,62411167343,6,154,1022
62411913572,62411913590,18,484,2131
62412444635,62412444630,-5,1122,3459
62415157417,62415157413,-4,1077,2877
62418251542,62418251538,-4,1331,2902
62419759082,62419759078,-4,969,3942
62428772147,62428772141,-6,920,2443
62429340673,62429340669,-4,914,2809
62429929276,62429929283,7,112,324
62434423021,62434423016,-5,811,1939
62443059355,62443059350,-5,1231,2857
62452532210,62452532205,-5,919,3610
62470811043,62470811038,-5,49726,19224
62471677276,62471677270,-6,1289,3634
62472346352,62472346368,16,948,1619
62483653098,62483653092,-6,960,3494
62485362194,62485362193,-1,1384,2613
62485965474,62485965472,-2,973,2282
62488883334,62488883329,-5,789,2114
62495183510,62495183505,-5,1016,3463
62514165682,62514165677,-5,2178,4407
62514614112,62514614106,-6,1351,3541
62520244908,62520244921,13,223,1370
62522886201,62522886199,-2,1257,2264
62526963590,62526963586,-4,1485,2638
62527385839,62527385833,-6,1091,4555
62527537539,62527537555,16,378,1049
62529731161,62529731157,-4,1370,3577
62530288002,62530287997,-5,931,2360
62533075869,62533075864,-5,1089,2577
62534252150,62534252142,-8,1303,4814
62534433953,62534433949,-4,914,2458
62537336274,62537336270,-4,910,2377
62538124861,62538124856,-5,854,3310
62542236870,62542236866,-4,1715,4596
62550060481,62550060476,-5,1236,2626
62560795509,62560795503,-6,861,2190
62561709917,62561709901,-16,1162,804
62572504028,62572504022,-6,1394,3230
62574985790,62574985787,-3,897,2699
62575211265,62575211282,17,209,952
62577108119,62577108116,-3,1014,2452
62579713218,62579713213,-5,796,3158
62583047356,62583047357,1,30050,36259
62591993772,62591993768,-4,1309,2701
62593710328,62593710322,-6,1241,2861
62594673916,62594673912,-4,1538,3250
62596095160,62596095156,-4,785,2179
62598148632,62598148634,2,22069,25300
62602128323,62602128318,-5,879,2721
62611570272,62611570266,-6,1026,3112
62611968939,62611968954,15,929,3887
62612321395,62612321373,-22,1495,4048
62615254360,62615254378,18,860,2123
62616546072,62616546069,-3,1150,2058
62616587778,62616587775,-3,974,2269
62621174862,62621174858,-4,624,2248
62621386143,62621386137,-6,760,2247
62621803533,62621803528,-5,1384,3287
62622274434,62622274434,0,1617,1386
62624317983,62624317978,-5,832,3990
62626751629,62626751622,-7,1004,3999
62626878322,62626878341,19,331,1027
62627730038,62627730038,0,1191,1566
62628371158,62628371163,5,3018,1514
62629970701,62629970697,-4,705,4185
62631279303,62631279307,4,946,696
62632860294,62632860291,-3,521,2902
62634043988,62634043981,-7,923,5068
62635130166,62635130162,-4,1571,3507
62638605166,62638605161,-5,1087,2124
62641011087,62641011082,-5,1065,3619
62642518796,62642518791,-5,1463,4504
62643765813,62643765809,-4,939,2803
62644487084,62644487089,5,2149,1001
62646375030,62646375025,-5,1798,3852
62646845167,62646845161,-6,972,3433
62650297916,62650297909,-7,1197,3265
62653754016,62653754020,4,3631,1779
62658714441,62658714438,-3,1206,2298
62663761082,62663761076,-6,989,3277
62667645383,62667645377,-6,1043,2991
62671410742,62671410736,-6,1588,3624
62673769003,62673768998,-5,1187,3028
62675457506,62675457502,-4,1334,3161
62679362642,62679362637,-5,1106,3973
62680663451,62680663446,-5,1313,3815
62688770828,62688770822,-6,865,3418
62691014971,62691014967,-4,1392,3045
62692717561,62692717565,4,1339,1420
62695623022,62695623018,-4,1308,3232
62696495306,62696495301,-5,1113,2827
62696620802,62696620785,-17,104,797
62715587354,62715587349,-5,867,2632
62720089970,62720089965,-5,794,2366
62723213147,62723213145,-2,915,1855
62726922897,62726922894,-3,779,2552
62727490354,62727490354,0,3167,2684
62732948292,62732948298,6,3649,1102
62733382497,62733382494,-3,1159,3112
62735634837,62735634831,-6,1197,3021
62736773928,62736773924,-4,1072,3847
62737207130,62737207126,-4,756,1918
62739194922,62739194916,-6,878,2406
62739259506,62739259499,-7,182,1047
62761229735,62761229749,14,766,2387
62764893709,62764893705,-4,1309,2620
62767022310,62767022306,-4,1013,2145
62769245988,62769245988,0,1931,1841
62770802422,62770802417,-5,799,3215
62772600981,62772600976,-5,1302,3564
62775413858,62775413855,-3,1242,2554
62775919451,62775919447,-4,1035,3228
62776260320,62776260319,-1,216,1216
62776872871,62776872866,-5,1187,3181
62778655755,62778655753,-2,632,1764
62778948148,62778948166,18,213,1780
62779432505,62779432498,-7,1147,3027
62791020358,62791020363,5,1093,856
62791870254,62791870250,-4,1594,2622
62797971606,62797971607,1,47685,53000
62800559578,62800559573,-5,1168,3303
62803795990,62803795986,-4,1082,3187
62805762025,62805762022,-3,798,1876
62806251223,62806251215,-8,872,2949
62808676034,62808676028,-6,1197,4114
62809008218,62809008199,-19,1013,3643
62814364697,62814364698,1,735,1332
62816836674,62816836656,-18,1272,2347
62821691247,62821691252,5,3208,2031
62822961714,62822961709,-5,733,3146
62830637833,62830637826,-7,1389,4526
62830915874,62830915890,16,1029,3112
62834698651,62834698646,-5,1353,3918
62835549421,62835549415,-6,1187,3016
62837182427,62837182433,6,2673,1475
62840206321,62840206318,-3,1202,2975
62843571290,62843571278,-12,23087,14935
62846838043,62846838037,-6,1015,3380
62849349311,62849349306,-5,1414,3822
62851460308,62851460304,-4,1929,6751
62855600111,62855600105,-6,1320,3733
62858725048,62858725042,-6,1239,3308
62862742570,62862742566,-4,1079,2731
62862929178,62862929182,4,1764,1516
62864525731,62864525724,-7,739,3198
62865534666,62865534681,15,134,915
62867595484,62867595478,-6,956,3204
62874127402,62874127398,-4,909,2308
62875460007,62875460002,-5,511,2782
62885099268,62885099262,-6,912,3342
62889807062,62889807058,-4,851,3432
62897630315,62897630310,-5,926,2845
62902693965,62902693959,-6,980,3029
62905723486,62905723483,-3,766,1839
62910482681,62910482677,-4,1131,2970
62915154465,62915154458,-7,1281,2848
62917099735,62917099734,-1,945,2407
62925142575,62925142571,-4,1036,2047
62926049775,62926049769,-6,921,3010
62938103715,62938103710,-5,696,2988
62938224272,62938224266,-6,1472,3528
62940422218,62940422214,-4,1083,2837
62944839425,62944839420,-5,1144,4383
62945887550,62945887554,4,850,953
62949384491,62949384486,-5,715,2042
62951737569,62951737562,-7,689,2774
62956209587,62956209582,-5,664,2280
62956429448,62956429467,19,907,2905
62957165515,62957165510,-5,1305,4109
62957989091,62957989090,-1,1031,2419
62967344704,62967344699,-5,997,2373
62976510393,62976510394,1,225,1562
62977201809,62977201829,20,1023,4087
62980395901,62980395897,-4,1050,3698
62980847074,62980847094,20,423,540
62985594640,62985594636,-4,1032,2713
62987570649,62987570643,-6,794,3028
63007708857,63007708851,-6,1461,3833
63008670806,63008670802,-4,1171,3122
63009043710,63009043705,-5,1579,4300
63015616239,63015616231,-8,650,2864
63022344711,63022344707,-4,991,2914
63022608155,63022608172,17,878,2312
63024847231,63024847235,4,1925,1628
63030460222,63030460226,4,1862,1384
63033342846,63033342842,-4,1542,3644
63046108050,63046108046,-4,1030,3124
63047415283,63047415276,-7,865,3159
63047499082,63047499078,-4,1126,2934
63062850002,63062850001,-1,1095,3501
63066178890,63066178888,-2,683,2312
63066343869,63066343865,-4,1305,2786
63068847790,63068847798,8,3795,1116
63070892260,63070892255,-5,1054,3230
63073624750,63073624747,-3,1729,2784
63080002909,63080002902,-7,1081,3915
63081809812,63081809805,-7,1468,4188
63097711574,63097711587,13,206,1307
63098856744,63098856762,18,781,2520
63101049657,63101049649,-8,1096,2673
63101636553,63101636559,6,3803,750
63105371083,63105371078,-5,775,3020
63110318982,63110318982,0,1009,1229
63111915245,63111915241,-4,991,3829
63114462391,63114462386,-5,1160,2971
63119892981,63119892977,-4,927,2570
63120048668,63120048682,14,934,3166
63121117222,63121117228,6,4525,2427
63128339354,63128339351,-3,764,3189
63128633616,63128633596,-20,758,3136
63128895669,63128895666,-3,955,2327
63131333777,63131333772,-5,1240,3021
63133232510,63133232507,-3,1088,2918
63135689929,63135689934,5,2803,1292
63136328346,63136328341,-5,1281,3258
63136639598,63136639593,-5,859,3677
63140272346,63140272341,-5,1271,3992
63156608689,63156608684,-5,1311,2617
63156683023,63156683017,-6,1115,4698
63158952370,63158952365,-5,1040,3295
63159192016,63159192012,-4,1038,4445
63161840403,63161840397,-6,656,2132
63162870025,63162870045,20,460,6015
63168183298,63168183296,-2,9129,16311
63168337788,63168337775,-13,97,1090
63169862369,63169862364,-5,987,3190
63170262618,63170262607,-11,1342,3097
63171352210,63171352203,-7,514,1073
63172394467,63172394461,-6,698,2796
63175362775,63175362770,-5,1023,2492
63177682514,63177682510,-4,546,2407
63177865080,63177865066,-14,1322,3593
63180663723,63180663719,-4,1323,2589
63186607399,63186607394,-5,927,3075
63187971473,63187971469,-4,757,1213
63188610208,63188610213,5,2806,1644
63195009239,63195009233,-6,1011,3415
63195892567,63195892582,15,28359,11492
63196358678,63196358673,-5,1033,2859
63196709500,63196709497,-3,1153,2096
63197635403,63197635398,-5,1036,2624
63199379842,63199379842,0,854,1471
63201455658,63201455653,-5,1171,3053
63201579715,63201579698,-17,1119,2705
63207650453,63207650447,-6,873,3826
63207887933,63207887930,-3,1294,3493
63209211459,63209211441,-18,280,1436
63217168284,63217168278,-6,1085,2759
63227946072,63227946076,4,2398,1281
63230320384,63230320378,-6,1012,2752
63231489334,63231489329,-5,923,2667
63234399270,63234399266,-4,997,2649
63234899146,63234899150,4,38656,2378
63235626654,63235626640,-14,994,439
63237092658,63237092655,-3,1259,2343
63239393017,63239393013,-4,677,2992
63240792145,63240792160,15,129,1016
63241621793,63241621775,-18,1957,1829
63243226456,63243226462,6,2902,2057
63244163084,63244163078,-6,956,2325
63265900452,63265900450,-2,1104,2521
63266540455,63266540449,-6,1380,5527
63267564366,63267564358,-8,1018,2661
63272602787,63272602781,-6,2014,5645
63275564707,63275564705,-2,1212,2396
63280390564,63280390559,-5,1181,2954
63282171196,63282171189,-7,1400,4669
63282214190,63282214185,-5,1288,2905
63282368135,63282368129,-6,1017,2695
63283803935,63283803931,-4,1472,2009
63284589975,63284589970,-5,1109,3053
63288848185,63288848186,1,1176,1477
63291187890,63291187891,1,1201,1202
63293033602,63293033604,2,4029,3516
63295052815,63295052813,-2,1307,2179
63295495450,63295495445,-5,1300,2188
63295610100,63295610094,-6,870,2937
63296175081,63296175075,-6,979,3589
63299461374,63299461369,-5,1266,4153
63302481423,63302481420,-3,951,2713
63304303061,63304303056,-5,1279,3706
63305667799,63305667806,7,3251,1063
63305932499,63305932494,-5,955,2051
63307166495,63307166486,-9,810,2522
63313438273,63313438266,-7,1076,3942
63317654978,63317654974,-4,527,2725
63320138394,63320138389,-5,491,2978
63325035749,63325035744,-5,910,3431
63326136107,63326136104,-3,1296,3676
63329180843,63329180838,-5,634,1625
63330639166,63330639167,1,65271,65537
63332477260,63332477253,-7,1154,5242
63334320789,63334320793,4,987,858
63335171626,63335171621,-5,1439,3363
63336464469,63336464465,-4,1098,2019
63337971743,63337971738,-5,1404,3670
63342755174,63342755170,-4,1149,3189
63352970834,63352970826,-8,996,2984
63353159404,63353159417,13,888,1921
63354021022,63354021018,-4,902,2903
63355555955,63355555950,-5,907,3484
63357591098,63357591095,-3,1130,1879
63357869570,63357869587,17,539,1458
63360413359,63360413350,-9,827,3263
63361567879,63361567875,-4,622,3228
63363440031,63363440026,-5,1241,2735
63364928037,63364928033,-4,683,2453
63365329580,63365329583,3,257,979
63366239594,63366239589,-5,1050,2463
63382514834,63382514834,0,999,1314
63382573610,63382573621,11,196,1563
63384149149,63384149145,-4,624,2506
63385606510,63385606503,-7,1003,3165
63386094918,63386094904,-14,866,2220
63387594726,63387594722,-4,778,3137
63388519483,63388519479,-4,1241,3146
63391125325,63391125320,-5,1323,4342
63394856059,63394856053,-6,824,3044
63395663917,63395663912,-5,1384,4571
63396486643,63396486635,-8,1206,4178
63396902746,63396902742,-4,1054,3085
63397486372,63397486374,2,1383,1462
63398308554,63398308556,2,1727,1312
63402874422,63402874417,-5,1545,3609
63408164520,63408164518,-2,1402,3013
63416492306,63416492299,-7,952,3350
63420876387,63420876383,-4,987,3417
63421028234,63421028213,-21,247,1148
63422358065,63422358061,-4,1595,3374
63430086086,63430086091,5,2243,1278
63437997187,63437997181,-6,830,2691
63440439670,63440439665,-5,1400,3073
63444721119,63444721114,-5,649,1966
63445960938,63445960932,-6,763,2257
63446461995,63446461993,-2,1093,2895
63447643038,63447643033,-5,824,1857
63447978911,63447978909,-2,972,3164
63454251566,63454251561,-5,1108,3011
63465780986,63465780982,-4,1480,3468
63468558107,63468558101,-6,776,2462
63476124726,63476124721,-5,1100,2478
63476532554,63476532551,-3,100,913
63480235554,63480235548,-6,1094,3108
63483832734,63483832729,-5,892,3234
63486279549,63486279543,-6,1107,3209
63488735211,63488735205,-6,827,2799
63491695115,63491695112,-3,1024,3141
63494143582,63494143588,6,2167,1343
63498060811,63498060806,-5,1617,2898
63498160556,63498160560,4,1833,1543
63499760301,63499760295,-6,860,2442
63500895917,63500895922,5,4238,2079
63505450693,63505450689,-4,20656,10219
63507701926,63507701926,0,1221,2190
63519630379,63519630374,-5,944,2665
63523120624,63523120621,-3,570,1869
63525375169,63525375165,-4,888,2429
63527974445,63527974452,7,2764,1653
63528929461,63528929457,-4,1074,2253
63530083998,63530083994,-4,1198,3052
63530338724,63530338722,-2,1322,1987
63537048081,63537048077,-4,1280,3114
63547134819,63547134813,-6,774,2425
63550878348,63550878351,3,1833,1492
63551047089,63551047086,-3,198,1997
63552514580,63552514586,6,23266,39123
63556963375,63556963380,5,152,1244
63566965974,63566965969,-5,1209,3146
63571818068,63571818061,-7,1836,9653
63571985323,63571985321,-2,317,1224
63576522049,63576522048,-1,882,1737
63579667535,63579667533,-2,1271,2038
63582973539,63582973535,-4,676,1567
63588175146,63588175142,-4,960,3353
63588333760,63588333742,-18,912,3057
63602029637,63602029631,-6,813,2910
63608935076,63608935070,-6,1276,2542
63610038443,63610038438,-5,1241,2884
63623231694,63623231692,-2,75972,40428
63625180398,63625180407,9,303,884
63625698886,63625698879,-7,962,3280
63633981179,63633981186,7,3893,1727
63635116894,63635116892,-2,950,1758
63639428926,63639428919,-7,1464,2414
63643196812,63643196819,7,25543,20875
63646303529,63646303525,-4,984,2387
63647402456,63647402450,-6,1428,4679
63648739967,63648739962,-5,1308,4488
63648935465,63648935461,-4,1352,2612
63652216250,63652216245,-5,1133,2865
63652575124,63652575131,7,250,1064
63655796434,63655796429,-5,1211,2582
63656632250,63656632246,-4,962,3481
63657110566,63657110562,-4,845,2980
63662193154,63662193149,-5,1310,4470
63663862656,63663862651,-5,1165,3207
63665142989,63665142984,-5,1037,1900
63673553593,63673553588,-5,754,3702
63675134133,63675134129,-4,785,2512
63677625919,63677625914,-5,925,4016
63679333011,63679333006,-5,787,2883
63679886649,63679886663,14,2238,1085
63680434994,63680434988,-6,1319,2954
63680767131,63680767146,15,1468,2720
63682050877,63682050873,-4,912,3276
63682774353,63682774336,-17,960,2248
63682948472,63682948457,-15,193,888
63684810163,63684810179,16,710,1957
63699164918,63699164913,-5,1129,5876
63701025166,63701025161,-5,906,2444
63708958062,63708958059,-3,1296,3134
63710512094,63710512090,-4,1207,3019
63711297094,63711297097,3,5656,4707
63714907598,63714907595,-3,1638,1827
63722369813,63722369807,-6,1111,3537
63722449177,63722449194,17,1298,4360
63723949361,63723949359,-2,1214,2553
63726676292,63726676290,-2,1227,1859
63728067259,63728067253,-6,1171,3038
63729447594,63729447588,-6,711,1597
63730419840,63730419836,-4,1000,2813
63734194250,63734194250,0,2237,2665
63740395018,63740395015,-3,842,3380
63741247715,63741247728,13,932,3149
63751829491,63751829485,-6,634,2589
63759342382,63759342376,-6,1387,5010
63761240827,63761240825,-2,1265,2225
63761894915,63761894906,-9,763,4645
63762075662,63762075658,-4,732,2198
63762968118,63762968113,-5,911,3226
63767137415,63767137408,-7,865,3206
63767410060,63767410054,-6,940,3226
63769382029,63769382023,-6,1823,7269
63771734521,63771734514,-7,1323,3794
63781197023,63781197019,-4,1266,2409
63781483173,63781483166,-7,1088,3091
63787659565,63787659557,-8,2253,7526
63789588083,63789588077,-6,856,2711
63795942418,63795942413,-5,1152,5154
63802796631,63802796626,-5,755,2813
63818775104,63818775099,-5,1063,2875
63818842991,63818842987,-4,1001,2589
63820125714,63820125710,-4,1146,3081
63821953016,63821953013,-3,1192,3289
63827743055,63827743051,-4,1092,2684
63830411812,63830411806,-6,956,3567
63835408418,63835408415,-3,1249,1968
63836355597,63836355593,-4,1085,2497
63837534452,63837534447,-5,919,2731
63837882809,63837882826,17,342,2561
63842324515,63842324511,-4,1524,3953
63844215095,63844215089,-6,830,1595
63846955491,63846955486,-5,1353,2597
63849573750,63849573746,-4,916,3366
63852247873,63852247874,1,1866,1691
63852919898,63852919894,-4,1013,4372
63853016403,63853016398,-5,1006,2696
63853107960,63853107946,-14,998,2458
63861059958,63861059957,-1,621,2541
63863898539,63863898534,-5,1066,2892
63866346739,63866346733,-6,725,3488
63873238458,63873238453,-5,1060,2839
63873999713,63873999733,20,828,2146
63878956030,63878956025,-5,1463,3508
63880767487,63880767482,-5,837,2325
63884348915,63884348911,-4,839,3021
63887981412,63887981409,-3,701,1437
63894002122,63894002117,-5,944,3486
63894301967,63894301962,-5,1040,3412
63894533587,63894533606,19,1089,2703
63894718234,63894718229,-5,941,3025
63895097264,63895097251,-13,32,924
63895498043,63895498037,-6,839,2884
63895771186,63895771207,21,224,843
63897697931,63897697926,-5,910,2987
63902137491,63902137486,-5,1050,2192
63903610283,63903610281,-2,1176,2342
63906153830,63906153824,-6,953,2859
63918495793,63918495787,-6,1136,3199
63918759966,63918759961,-5,990,3615
63922368067,63922368063,-4,932,2073
63932744830,63932744823,-7,878,3780
63932967571,63932967588,17,1263,4018
63936495392,63936495385,-7,1253,3866
63937624487,63937624489,2,1322,1257
63939124752,63939124746,-6,745,1679
63939257739,63939257743,4,317,1464
63941779646,63941779639,-7,270,1587
63943930224,63943930219,-5,1268,3192
63951850734,63951850729,-5,961,2632
63952739289,63952739286,-3,699,3257
63954179845,63954179837,-8,925,3683
63955152108,63955152103,-5,1079,3607
63955902320,63955902343,23,287,1505
63962109422,63962109418,-4,1041,3691
63962967632,63962967625,-7,550,2641
63963600876,63963600881,5,205,646
63967158980,63967158973,-7,835,2817
63967229467,63967229455,-12,671,1538
63969793573,63969793570,-3,1461,2749
63971606742,63971606741,-1,1080,2513
63976634367,63976634361,-6,630,1828
63978018771,63978018766,-5,938,3621
63985989705,63985989702,-3,540,1638
63993728049,63993728049,0,15971,19362
63997397708,63997397709,1,17308,6897
63999152532,63999152537,5,3337,1659
64002689797,64002689791,-6,985,3990
64013509158,64013509154,-4,1328,4732
64013806995,64013806991,-4,731,2886
64014207447,64014207440,-7,1441,3915
64018233310,64018233305,-5,987,2812
64019209649,64019209666,17,520,1445
64021183670,64021183666,-4,1234,3865
64021433833,64021433829,-4,1034,2573
64025748659,64025748655,-4,510,1865
64035352055,64035352049,-6,1523,4333
64036249589,64036249589,0,1873,1478
64037839360,64037839354,-6,1304,3889
64039315827,64039315827,0,1392,2294
64040886054,64040886049,-5,953,3258
64047388769,64047388763,-6,1199,3176
64048960338,64048960336,-2,1195,2638
64050431755,64050431753,-2,921,1920
64057777466,64057777461,-5,1347,3657
64058612625,64058612627,2,2047,1999
64060736462,64060736455,-7,1389,3788
64061187459,64061187473,14,839,2548
64075932930,64075932925,-5,1151,2834
64084079025,64084079017,-8,1133,3315
64084761331,64084761326,-5,855,2891
64086641038,64086641034,-4,1367,2707
64086897235,64086897235,0,1170,2322
64088068674,64088068669,-5,1023,3473
64091249114,64091249109,-5,1786,4809
64092160431,64092160427,-4,1050,2358
64092635274,64092635269,-5,1115,3052
64094472930,64094472909,-21,1052,2755
64096478443,64096478458,15,479,1139
64097309724,64097309733,9,128,974
64099575927,64099575929,2,1373,824
64103893483,64103893486,3,1092,1576
64104709310,64104709306,-4,966,2386
64110079936,64110079929,-7,872,3567
64110333882,64110333866,-16,1045,3741
64113182343,64113182338,-5,1115,3135
64115409624,64115409618,-6,988,2698
64115608947,64115608961,14,400,1486
64118575378,64118575372,-6,1033,3052
64119722142,64119722138,-4,919,3264
64121171806,64121171802,-4,971,2305
64122992046,64122992041,-5,1232,3023
64130080059,64130080063,4,3010,2595
64132240097,64132240090,-7,1108,3453
64134459525,64134459522,-3,1170,1748
64136549296,64136549290,-6,997,4165
64140989635,64140989631,-4,1407,3784
64141625128,64141625113,-15,48,1102
64144643710,64144643704,-6,680,1963
64146562283,64146562303,20,290,1523
64148782387,64148782394,7,2774,1348
64148926798,64148926791,-7,911,2512
64149241890,64149241905,15,352,1149
64150089851,64150089835,-16,139,1143
64152755112,64152755130,18,994,2308
64154639899,64154639895,-4,949,2639
64157835430,64157835435,5,3577,1379
64165245204,64165245200,-4,978,3110
64166938167,64166938165,-2,775,2833
64181135622,64181135617,-5,976,3574
64182450127,64182450120,-7,1954,8963
64185911490,64185911484,-6,1017,2421
64186095352,64186095337,-15,268,1223
64186639939,64186639954,15,490,1270
64188165961,64188165956,-5,796,1716
64192323015,64192323010,-5,870,3100
64196902222,64196902216,-6,880,3221
64197974732,64197974727,-5,1386,4576
64202707149,64202707144,-5,1490,3853
64208248550,64208248546,-4,1395,3631
64210790595,64210790593,-2,607,3086
64212639359,64212639356,-3,750,1711
64220827991,64220827987,-4,754,1237
64221112823,64221112819,-4,846,2143
64221697058,64221697052,-6,1023,2407
64223871197,64223871193,-4,1345,3701
64224910629,64224910621,-8,1879,7313
64225822249,64225822244,-5,1028,3625
64231386805,64231386801,-4,933,2137
64231595241,64231595236,-5,287,1359
64233054816,64233054810,-6,1106,3385
64239309564,64239309560,-4,1155,3120
64244224347,64244224342,-5,654,2739
64248818949,64248818944,-5,1171,3511
64249279454,64249279450,-4,1080,1752
64250252584,64250252577,-7,46478,9580
64255339689,64255339685,-4,1199,3108
64264224328,64264224324,-4,1223,2423
64269622326,64269622324,-2,1368,1436
64270476029,64270476025,-4,18411,14352
64270739376,64270739370,-6,1131,3700
64274862710,64274862708,-2,708,1738
64277329898,64277329890,-8,1105,3893
64278897613,64278897606,-7,912,2807
64279669570,64279669586,16,637,2473
64280232329,64280232326,-3,774,3320
64282005609,64282005602,-7,1332,3663
64286624463,64286624458,-5,1060,2651
64287300189,64287300183,-6,1137,3488
64288314122,64288314118,-4,914,3062
64288593335,64288593327,-8,1132,3298
64293585053,64293585054,1,1164,990
64293893641,64293893651,10,19154,20841
64295601537,64295601531,-6,1024,4020
64298906900,64298906895,-5,1076,2278
64299001770,64299001767,-3,13,686
64299809202,64299809219,17,919,3051
64304719854,64304719851,-3,920,2713
64307441315,64307441316,1,949,1381
64308312702,64308312697,-5,1042,2655
64309431414,64309431409,-5,548,2099
64321108090,64321108085,-5,860,2761
64323940653,64323940649,-4,1021,3255
64327404633,64327404627,-6,908,2675
64327622005,64327622001,-4,763,1882
64329212622,64329212614,-8,1206,4432
64330148574,64330148569,-5,1394,3355
64331668950,64331668946,-4,1112,3457
64335202122,64335202120,-2,831,1924
64336472015,64336472009,-6,1198,2929
64344032277,64344032271,-6,696,2613
64345771378,64345771374,-4,891,2981
64346259239,64346259234,-5,1182,3117
64347377754,64347377750,-4,1616,4112
64352844546,64352844539,-7,792,1324
64353006485,64353006489,4,2250,973
64353679319,64353679314,-5,1049,3395
64357129743,64357129738,-5,1354,3536
64357534691,64357534685,-6,1017,3052
64371727297,64371727291,-6,1191,2513
64372035264,64372035259,-5,1029,3603
64381744229,64381744223,-6,1193,4100
64384066714,64384066709,-5,877,2297
64384668892,64384668887,-5,1173,2964
64385437156,64385437153,-3,1295,3081
64386817206,64386817211,5,4030,2991
64387831479,64387831473,-6,1622,5673
64391462935,64391462937,2,22193,33830
64393267203,64393267197,-6,942,2823
64393316235,64393316214,-21,203,916
64395692781,64395692786,5,2201,1126
64401372143,64401372141,-2,1078,2113
64401475408,64401475426,18,402,1344
64402150402,64402150396,-6,1349,4104
64404422631,64404422628,-3,961,2747
64407135512,64407135509,-3,1090,2381
64408758124,64408758120,-4,413,2367
64414168091,64414168083,-8,1063,1974
64417913452,64417913440,-12,1458,589
64421189881,64421189882,1,9410,9212
64421492703,64421492702,-1,1307,2603
64421682234,64421682226,-8,992,9258
64424567066,64424567062,-4,1147,1843
64427354182,64427354179,-3,1041,2324
64432543567,64432543562,-5,667,1911
64442494200,64442494196,-4,1043,3103
64444659141,64444659124,-17,1949,769
64448025155,64448025153,-2,1064,2636
64448803738,64448803727,-11,1033,2518
64450612983,64450612977,-6,856,2572
64454879489,64454879484,-5,1017,3362
64468770937,64468770933,-4,862,2792
64469200767,64469200763,-4,786,1643
64473716966,64473716961,-5,727,3834
64476348392,64476348385,-7,979,2873
64488518322,64488518326,4,2421,1242
64492494346,64492494346,0,1413,2182
64493674121,64493674114,-7,904,2626
64495308182,64495308179,-3,1011,1154
64506481739,64506481747,8,4867,1929
64509971669,64509971664,-5,1048,2993
64510992171,64510992159,-12,95,848
64522778386,64522778378,-8,715,1767
64527941565,64527941561,-4,861,2174
64528269717,64528269713,-4,986,2292
64531184462,64531184458,-4,1129,3734
64531951014,64531951010,-4,1181,4216
64544337028,64544337023,-5,1216,3581
64547979267,64547979260,-7,2551,9141
64567792352,64567792346,-6,1488,3234
64567997096,64567997115,19,335,595
64569912679,64569912675,-4,996,2738
64571954080,64571954077,-3,1190,3367
64572309929,64572309950,21,202,823
64575522772,64575522765,-7,850,2577
64577891532,64577891535,3,2814,2274
64578073061,64578073065,4,1680,1110
64578253702,64578253697,-5,1085,3719
64580752189,64580752185,-4,1127,2808
64581065180,64581065174,-6,645,2744
64581961770,64581961765,-5,787,3551
64582604850,64582604861,11,504,1218
64585380304,64585380301,-3,1029,2687
64593135169,64593135170,1,2723,2992
64595408536,64595408530,-6,1716,5186
64604107578,64604107575,-3,1068,2270
64613930798,64613930794,-4,49660,22224
64614248383,64614248381,-2,1102,2093
64618878935,64618878930,-5,986,2606
64620626594,64620626589,-5,1178,1957
64625951022,64625951017,-5,568,2189
64626420334,64626420328,-6,794,3371
64634136727,64634136723,-4,1278,3519
64648029782,64648029776,-6,796,3409
64652101214,64652101215,1,968,1362
64652657218,64652657233,15,329,1202
64655313136,64655313133,-3,828,2332
64658203158,64658203153,-5,1395,3071
64658639834,64658639849,15,538,5587
64659761115,64659761115,0,942,967
64660272678,64660272673,-5,1180,3213
64663824221,64663824217,-4,1401,3461
64666229605,64666229604,-1,2738,3529
64671577345,64671577345,0,1599,1127
64675929421,64675929417,-4,897,2755
64679405351,64679405346,-5,930,3028
64681884936,64681884931,-5,1002,3215
64683579833,64683579829,-4,953,3675
64683726929,64683726933,4,162,753
64684244606,64684244602,-4,801,1723
64685230179,64685230173,-6,901,3078
64686663818,64686663814,-4,1171,4267
64688157786,64688157783,-3,894,2723
64695317254,64695317249,-5,1365,3661
64696281067,64696281066,-1,18071,30886
64697946211,64697946205,-6,1157,5974
64699627535,64699627530,-5,1021,2727
64703638398,64703638392,-6,1373,2878
64716732075,64716732070,-5,754,2353
64727362697,64727362693,-4,1137,2794
64728314848,64728314871,23,256,870
64731729707,64731729721,14,424,2932
64732625452,64732625449,-3,1427,4185
64746638601,64746638594,-7,1100,2587
64747544527,64747544524,-3,804,2070
64750974759,64750974755,-4,684,2014
64758410455,64758410450,-5,486,1427
64758906795,64758906809,14,252,886
64765114207,64765114203,-4,1066,2832
64771069125,64771069117,-8,985,8993
64771406215,64771406222,7,8632,1896
64774795168,64774795170,2,24547,19977
64775160017,64775160014,-3,1193,3225
64780936411,64780936409,-2,1771,2763
64784955697,64784955691,-6,1416,4597
64787887513,64787887509,-4,1376,2933
64792328340,64792328336,-4,1778,4565
64793114523,64793114518,-5,1066,3858
64794062347,64794062344,-3,1744,3069
64803593589,64803593585,-4,806,2767
64805026312,64805026317,5,230,712
64809044522,64809044514,-8,930,6055
64809222733,64809222729,-4,923,2585
64809786274,64809786271,-3,178,1049
64812440738,64812440743,5,7704,50720
64815537395,64815537392,-3,917,2886
64820310026,64820310021,-5,891,2742
64824920126,64824920123,-3,1042,3424
64827811726,64827811720,-6,1064,2910
64829488651,64829488649,-2,1015,2562
64833394161,64833394154,-7,946,2780
64839245510,64839245504,-6,732,2654
64839329866,64839329882,16,709,3184
64842532743,64842532738,-5,1313,2762
64842934779,64842934774,-5,1227,3560
64854151610,64854151604,-6,1392,4250
64854797025,64854797022,-3,751,1684
64859407305,64859407303,-2,1085,1633
64859765193,64859765188,-5,966,2248
64860710883,64860710879,-4,849,1932
64865777885,64865777878,-7,1116,3730
64867339119,64867339110,-9,1099,3268
64868985510,64868985505,-5,1153,3625
64870522371,64870522366,-5,1259,3760
64879034673,64879034670,-3,961,3099
64885240970,64885240965,-5,699,2834
64893290983,64893290978,-5,47,968
64895201167,64895201162,-5,1003,3644
64895295122,64895295139,17,1157,3978
64895570972,64895570987,15,710,1936
64896692867,64896692864,-3,538,1597
64901521814,64901521810,-4,839,2693
64903551941,64903551936,-5,995,2201
64908010870,64908010868,-2,976,2203
64911743715,64911743709,-6,1449,3495
64912603923,64912603918,-5,1089,3767
64913843362,64913843366,4,2539,2045
64916798289,64916798291,2,21605,26005
64919569015,64919569010,-5,927,2917
64931226182,64931226186,4,1579,1041
64935755919,64935755917,-2,1156,2248
64948856428,64948856422,-6,1316,6465
64953813925,64953813927,2,10894,50463
64954976386,64954976381,-5,1198,3966
64955021111,64955021106,-5,1069,2730
64957954847,64957954842,-5,2292,6641
64960547540,64960547546,6,1915,1096
64966958638,64966958634,-4,957,2773
64969811558,64969811555,-3,840,2734
64969936186,64969936189,3,290,869
64972100427,64972100421,-6,1248,5784
64972455313,64972455309,-4,947,2856
64975186633,64975186635,2,960,1646
64975560290,64975560307,17,356,1215
64976934835,64976934830,-5,1276,4107
64980162294,64980162289,-5,1215,3626
64980291971,64980291967,-4,1085,3278
64982173533,64982173529,-4,8936,40626
64986205885,64986205881,-4,1028,1979
64987160838,64987160834,-4,813,2007
64988420811,64988420817,6,159,1218
64989748006,64989748001,-5,792,2726
64996878038,64996878036,-2,1448,4410
65004286894,65004286891,-3,730,3010
65009675694,65009675698,4,3030,1818
65011984577,65011984574,-3,660,1539
65012453631,65012453626,-5,1015,3553
65013261948,65013261944,-4,1205,2457
65018584838,65018584833,-5,1061,2793
65019037414,65019037407,-7,985,2806
65019339883,65019339866,-17,701,2132
65020854507,65020854501,-6,1302,4935
65025945956,65025945950,-6,2112,5390
65032710401,65032710395,-6,1045,2459
65033778816,65033778802,-14,181,1120
65038760380,65038760399,19,915,1380
65039049385,65039049378,-7,996,3255
65039467395,65039467378,-17,1591,3217
65040264889,65040264906,17,81,624
65040979002,65040979018,16,368,1145
65044421883,65044421878,-5,1118,2821
65046766408,65046766421,13,17767,7416
65052988054,65052988054,0,1576,1940
65053081235,65053081230,-5,902,2664
65055771913,65055771909,-4,1277,3216
65063159978,65063159971,-7,709,3124
65063759934,65063759927,-7,1385,3322
65064080739,65064080735,-4,1321,2628
65076946159,65076946155,-4,1062,2251
65077990025,65077990020,-5,1112,2699
65079858779,65079858782,3,1196,1287
65084177223,65084177219,-4,1051,3285
65085498739,65085498734,-5,994,2764
65087736782,65087736774,-8,872,4419
65090652415,65090652413,-2,1147,3004
65092848360,65092848354,-6,1097,2630
65093508451,65093508446,-5,406,1086
65094586912,65094586895,-17,211,870
65096744262,65096744258,-4,1062,3654
65097736131,65097736130,-1,1042,1961
65104373447,65104373443,-4,784,3081
65104633378,65104633386,8,3757,1235
65106109950,65106109950,0,1261,1914
65107800152,65107800158,6,7186,2550
65108070657,65108070654,-3,878,1176
65108434194,65108434188,-6,1218,3925
65112612404,65112612398,-6,1174,3962
65114758777,65114758771,-6,647,1997
65119844820,65119844802,-18,2366,2181
65120854414,65120854416,2,1932,1700
65121687903,65121687897,-6,553,2446
65124531929,65124531924,-5,1369,3518
65127409505,65127409500,-5,1539,3183
65133240528,65133240522,-6,960,3324
65133806282,65133806266,-16,1032,2733
65138704119,65138704122,3,960,885
65140842168,65140842161,-7,1031,3527
65141173803,65141173798,-5,1267,3732
65142397293,65142397289,-4,1180,2389
65143572425,65143572426,1,1365,1290
65143933001,65143933023,22,536,1878
65146317115,65146317113,-2,1293,2097
65152740754,65152740751,-3,627,2962
65154295208,65154295203,-5,1058,2811
65154774369,65154774350,-19,151,679
65161247543,65161247538,-5,1107,3364
65162328594,65162328596,2,2665,2264
65167334924,65167334940,16,282,1212
65173264478,65173264474,-4,815,2781
65186386382,65186386378,-4,1138,4012
65187366828,65187366822,-6,1442,3555
65197021346,65197021341,-5,1364,3533
65201828293,65201828287,-6,1908,6172
65203736754,65203736750,-4,3672,7972
65216569323,65216569319,-4,1254,3217
65221601654,65221601646,-8,1190,3619
65223639898,65223639896,-2,647,1628
65226073061,65226073057,-4,18843,13376
65226377884,65226377899,15,368,1113
65228223272,65228223269,-3,1303,1728
65229099927,65229099922,-5,1096,3079
65234713839,65234713841,2,1224,1357
65249083428,65249083423,-5,1004,2558
65254355391,65254355386,-5,1040,3322
65257609904,65257609905,1,2024,2692
65265060434,65265060429,-5,762,1922
65270966011,65270966009,-2,1068,2621
65277973448,65277973442,-6,1012,2822
65281034147,65281034141,-6,1400,3210
65284870292,65284870286,-6,996,2885
65286382848,65286382846,-2,1222,2353
65288545343,65288545338,-5,971,4420
65288686286,65288686282,-4,839,1423
65293155076,65293155070,-6,20978,16980
65317022883,65317022878,-5,899,3227
65318279115,65318279123,8,185,728
65320227880,65320227886,6,3626,1785
65323743034,65323743027,-7,920,2408
65325380250,65325380241,-9,933,3596
65327336685,65327336680,-5,1128,2488
65337242633,65337242632,-1,1416,1365
65337499792,65337499783,-9,163,1158
65338568732,65338568747,15,747,3558
65342078688,65342078682,-6,716,2489
65342271003,65342270995,-8,945,2365
65345728818,65345728814,-4,1041,3625
65346850314,65346850302,-12,1003,1879
65352463326,65352463323,-3,1160,2518
65353362391,65353362385,-6,1425,3992
65354764381,65354764385,4,3250,2364
65357759567,65357759563,-4,1107,2525
65360425262,65360425258,-4,727,3509
65361988654,65361988652,-2,1029,1433
65362280538,65362280519,-19,1469,4440
65363054081,65363054098,17,1273,3163
65368644181,65368644182,1,1511,1164
65368829017,65368829013,-4,1218,2839
65368958209,65368958204,-5,1002,3080
65369216857,65369216874,17,232,1826
65373772846,65373772852,6,4056,2062
65375308019,65375308019,0,934,2095
65377096010,65377096014,4,2698,1919
65377496868,65377496864,-4,941,2711
65392087670,65392087666,-4,817,3003
65392557850,65392557866,16,387,1285
65395198543,65395198538,-5,834,2124
65404351628,65404351626,-2,1430,2197
65410296671,65410296665,-6,1100,4061
65415086747,65415086743,-4,695,2046
65415595764,65415595773,9,108,1248
65420239472,65420239467,-5,1376,4459
65428454786,65428454780,-6,1592,3914
65433331386,65433331382,-4,1194,1331
65433818606,65433818603,-3,1032,2568
65435958286,65435958283,-3,1050,2345
65437003021,65437003014,-7,950,2800
65440493355,65440493350,-5,958,3801
65440549829,65440549825,-4,1861,6676
65442982257,65442982254,-3,842,2837
65443260779,65443260758,-21,981,3304
65443589899,65443589894,-5,913,3064
65443659809,65443659813,4,162,919
65448128907,65448128903,-4,986,2593
65451535477,65451535471,-6,1218,2519
65452489682,65452489677,-5,787,2941
65456272653,65456272635,-18,1894,657
65465188586,65465188581,-5,527,1422
65466415414,65466415410,-4,1059,2849
65468087009,65468087007,-2,1333,1589
65471061226,65471061218,-8,522,3015
65473364375,65473364370,-5,1132,3369
65473560616,65473560618,2,191,1053
65475833679,65475833674,-5,689,2970
65477604923,65477604918,-5,973,3786
65477851665,65477851659,-6,147,1680
65479661801,65479661795,-6,897,3117
65487817501,65487817495,-6,1148,2698
65488269521,65488269514,-7,905,2982
65488830378,65488830374,-4,150,861
65489682932,65489682942,10,262,972
65493553921,65493553926,5,1256,1366
65493912397,65493912394,-3,924,2393
65496722086,65496722083,-3,1129,2595
65503307877,65503307872,-5,905,3545
65505063946,65505063942,-4,772,2269
65507052946,65507052943,-3,1124,1917
65507799122,65507799117,-5,1379,3252
65508681026,65508681008,-18,1059,384
65510803449,65510803444,-5,1158,2871
65514817260,65514817256,-4,1201,2761
65518929893,65518929890,-3,1440,3722
65519572138,65519572134,-4,934,2192
65521488734,65521488741,7,8892,21642
65525252115,65525252110,-5,892,2823
65525421244,65525421238,-6,1174,3326
65528246355,65528246348,-7,1202,3048
65531593402,65531593395,-7,1071,4312
65535787675,65535787679,4,1782,1304
65537104135,65537104129,-6,674,2632
65539153811,65539153807,-4,862,2134
65539502411,65539502414,3,116,1069
65543278471,65543278464,-7,1167,4045
65545438214,65545438219,5,6787,28116
65549588073,65549588068,-5,1140,1970
65549683952,65549683934,-18,1023,3446
65551679086,65551679082,-4,1384,3037
65554449582,65554449587,5,2648,1324
65555928347,65555928342,-5,1054,3371
65556278528,65556278524,-4,549,1573
65557416146,65557416140,-6,1133,3055
65557666470,65557666465,-5,1164,3657
65559658771,65559658766,-5,618,1806
65561121045,65561121040,-5,1104,2615
65563071166,65563071162,-4,744,3001
65577580135,65577580129,-6,1210,2987
65582096293,65582096299,6,3232,1324
65590914870,65590914865,-5,650,2867
65591405884,65591405899,15,493,1979
65594313642,65594313636,-6,1166,3235
65594690619,65594690615,-4,820,3897
65601078620,65601078624,4,11899,17915
65604094859,65604094856,-3,1071,3142
65606552529,65606552524,-5,897,2032
65613058447,65613058442,-5,801,2584
65615725501,65615725497,-4,1124,3409
65616675431,65616675427,-4,757,2570
65618297025,65618297029,4,3249,2503
65620757907,65620757902,-5,806,3415
65621164388,65621164394,6,2288,1172
65624191074,65624191068,-6,1117,2878
65624544810,65624544830,20,401,1575
65625754638,65625754633,-5,1212,2623
65629279133,65629279127,-6,1161,2635
65630183903,65630183898,-5,1324,3789
65633375262,65633375254,-8,1058,2400
65636600690,65636600686,-4,1127,4066
65638633907,65638633900,-7,965,2208
65638911586,65638911581,-5,669,3330
65639188858,65639188839,-19,139,1353
65639403212,65639403214,2,3767,3216
65639629349,65639629344,-5,758,2726
65640309282,65640309279,-3,1006,1880
65641464716,65641464735,19,763,2762
65641698641,65641698634,-7,946,2386
65642687411,65642687407,-4,955,2562
65647938325,65647938320,-5,780,2438
65648188074,65648188070,-4,1032,2347
65652896838,65652896833,-5,1130,2889
65653223448,65653223467,19,1204,4020
65657218181,65657218178,-3,768,1536
65661437947,65661437943,-4,1320,2764
65661730191,65661730187,-4,770,3038
65662109553,65662109571,18,688,1840
65665414776,65665414770,-6,1002,3330
65668393147,65668393140,-7,1095,2903
65669027248,65669027261,13,372,1741
65675765647,65675765642,-5,826,3824
65682642387,65682642382,-5,1056,3437
65683808450,65683808445,-5,1371,3470
65684011224,65684011219,-5,733,2681
65689803214,65689803214,0,1550,2131
65697588531,65697588527,-4,2292,6297
65700627203,65700627197,-6,1099,2163
65704759867,65704759862,-5,1022,2684
65704829683,65704829673,-10,1093,3304
65707634946,65707634940,-6,1271,2694
65709734535,65709734529,-6,1132,4106
65717065043,65717065039,-4,1145,3549
65730097475,65730097469,-6,858,2476
65737848594,65737848590,-4,573,1609
65740765610,65740765603,-7,1970,5553
65741598962,65741598958,-4,1119,2889
65746533885,65746533882,-3,1054,3185
65747002481,65747002475,-6,13,950
65751813833,65751813828,-5,1299,2952
65752596067,65752596079,12,848,2035
65753048040,65753048037,-3,1075,2301
65754470678,65754470673,-5,1055,3461
65755281276,65755281273,-3,780,2347
65763443426,65763443433,7,2015,791
65764109250,65764109244,-6,914,2619
65766935107,65766935105,-2,1221,2420
65769673061,65769673054,-7,1331,2229
65771424427,65771424421,-6,1438,3144
65779003255,65779003252,-3,876,2344
65782719050,65782719045,-5,1012,3793
65784306058,65784306054,-4,1589,2543
65795418057,65795418051,-6,1237,2547
65796221363,65796221362,-1,1212,2115
65797594911,65797594905,-6,1034,3875
65802467663,65802467658,-5,1045,3382
65804938395,65804938387,-8,1097,4461
65805449761,65805449782,21,1162,3806
65805725762,65805725756,-6,612,2813
65805938137,65805938140,3,103,985
65810182877,65810182870,-7,793,3772
65813299255,65813299251,-4,1214,3269
65813428155,65813428163,8,2979,1203
65820124218,65820124223,5,1273,782
65821466730,65821466726,-4,806,2917
65823547986,65823548003,17,267,865
65823657086,65823657089,3,2057,1314
65826539660,65826539654,-6,1040,2857
65829825481,65829825476,-5,1088,3729
65831182739,65831182735,-4,1215,3136
65835078263,65835078260,-3,1007,1998
65838631884,65838631885,1,1335,1991
65838756258,65838756253,-5,1032,2789
65843882445,65843882445,0,1747,1943
65844591842,65844591837,-5,1076,2403
65846175457,65846175470,13,552,223
65846396460,65846396478,18,33,713
65850165258,65850165264,6,5795,2082
65864675256,65864675253,-3,911,3427
65867468101,65867468093,-8,1330,3296
65867586738,65867586735,-3,1158,2872
65870022570,65870022589,19,658,5
65874602789,65874602782,-7,1200,2815
65877313883,65877313877,-6,763,3000
65880446508,65880446502,-6,1304,2922
65880674290,65880674292,2,373,649
65881042083,65881042078,-5,786,3286
65886605086,65886605079,-7,1506,4394
65887387911,65887387906,-5,988,2747
65888751820,65888751801,-19,419,3264
65889105710,65889105715,5,2353,1199
65893776210,65893776205,-5,814,2586
65895148727,65895148722,-5,1080,2967
65899602928,65899602922,-6,1199,4708
65899903962,65899903981,19,834,3470
65900256334,65900256339,5,2410,1096
65902818108,65902818101,-7,913,2714
65908003834,65908003829,-5,1061,3546
65908104176,65908104171,-5,433,792
65910375650,65910375646,-4,2190,2901
65910531911,65910531913,2,1218,739
65910581590,65910581584,-6,1110,2980
65911560185,65911560183,-2,1282,2749
65913440541,65913440533,-8,1341,3309
65914650226,65914650222,-4,900,2319
65920342499,65920342494,-5,1148,3738
65922505424,65922505430,6,162,742
65928275423,65928275418,-5,1058,2852
65933009230,65933009223,-7,1196,2827
65944107754,65944107750,-4,578,2271
65944796672,65944796654,-18,1051,5626
65949726213,65949726207,-6,1582,4020
65950477258,65950477255,-3,1822,5096
65951406225,65951406214,-11,902,3235
65952912082,65952912087,5,4431,2015
65952963498,65952963502,4,3024,2346
65960719558,65960719566,8,1208,1206
65962741244,65962741238,-6,1315,3314
65966545506,65966545501,-5,883,3568
65968754790,65968754785,-5,1199,3499
65970687251,65970687247,-4,1220,3171
65973032507,65973032509,2,19344,31296
65974988686,65974988691,5,2153,1351
65975718442,65975718444,2,2230,1909
65981512927,65981512922,-5,1180,2977
65987838391,65987838394,3,1856,2153
65989255835,65989255830,-5,676,2740
65990658452,65990658447,-5,1477,3644
66000261359,66000261354,-5,1207,3752
66000691986,66000691982,-4,685,2395
66005352506,66005352513,7,7993,3100
66005699804,66005699791,-13,2599,12487
66010282283,66010282287,4,4384,2413
66010898351,66010898346,-5,1128,2943
66013122083,66013122077,-6,703,2196
66015589425,66015589418,-7,829,3517
66016550362,66016550355,-7,827,2253
66017945573,66017945567,-6,957,3752
66018205034,66018205054,20,622,2181
66022057739,66022057735,-4,870,3516
66024068851,66024068845,-6,1015,2506
66025133356,66025133350,-6,1022,3550
66027511557,66027511552,-5,1132,4995
66029873054,66029873049,-5,538,2031
66034631694,66034631690,-4,1022,2512
66040253972,66040253987,15,173,950
66041338978,66041338973,-5,760,3138
66041770810,66041770788,-22,137,897
66043028241,66043028259,18,972,1652
66044596741,66044596738,-3,1049,2136
66049350975,66049350970,-5,1188,3233
66050018183,66050018177,-6,1327,4306
66052225214,66052225208,-6,1115,3406
66061709022,66061709018,-4,941,2490
66061826319,66061826313,-6,1018,3007
66069135242,66069135239,-3,1092,2834
66069546862,66069546858,-4,1010,3052
66070415269,66070415266,-3,545,2571
66071536842,66071536837,-5,1562,3817
66077578411,66077578406,-5,1248,2883
66081368124,66081368119,-5,791,1934
66087732518,66087732513,-5,1161,3035
66088266633,66088266623,-10,73,890
66091365264,66091365258,-6,1221,3121
66096239982,66096239976,-6,990,2975
66096404201,66096404195,-6,981,3212
66096467056,66096467046,-10,659,4016
66096590920,66096590900,-20,279,1396
66100413449,66100413445,-4,652,1768
66103761700,66103761697,-3,1189,3183
66104368810,66104368806,-4,1211,2512
66110299124,66110299119,-5,1400,3551
66115581258,66115581254,-4,1257,4208
66115852002,66115851981,-21,807,3393
66117198740,66117198737,-3,753,3351
66120212082,66120212077,-5,696,2055
66121571659,66121571651,-8,1124,3974
66126382925,66126382921,-4,907,2528
66152925987,66152925982,-5,1199,3234
66153483289,66153483275,-14,127,1100
66164531572,66164531569,-3,1092,2014
66165178537,66165178546,9,442,1741
66166162834,66166162829,-5,1395,3421
66167639363,66167639361,-2,972,2236
66171508978,66171508974,-4,874,2456
66171828824,66171828844,20,1059,3197
66171948777,66171948779,2,2375,1645
66179770831,66179770825,-6,907,3370
66189109990,66189109984,-6,1149,4245
66190431247,66190431241,-6,1006,2236
66190610930,66190610914,-16,116,897
66207607191,66207607184,-7,1072,2578
66207779394,66207779390,-4,1460,3618
66210494198,66210494194,-4,832,2852
66211224105,66211224094,-11,104,512
66211742833,66211742827,-6,1068,3498
66215279682,66215279678,-4,936,2287
66217147966,66217147961,-5,1019,3545
66218449558,66218449561,3,8016,6952
66238009112,66238009107,-5,1381,3497
66241686175,66241686171,-4,653,2941
66242326800,66242326805,5,290,1235
66244360245,66244360238,-7,1811,8853
66246532482,66246532478,-4,1500,4417
66253357998,66253357992,-6,1127,2787
66254481906,66254481912,6,75959,30928
66258819006,66258819001,-5,885,2756
66260277395,66260277391,-4,801,2250
66263906283,66263906288,5,2682,1168
66267646155,66267646150,-5,1318,3222
66272171352,66272171347,-5,971,3448
66273539166,66273539162,-4,1179,3522
66284740997,66284740997,0,1240,798
66288455429,66288455429,0,996,2280
66289353018,66289353013,-5,855,3001
66302836868,66302836875,7,3724,1995
66304284458,66304284452,-6,964,3410
66306673311,66306673305,-6,910,2592
66318911030,66318911024,-6,1299,3484
66322743700,66322743698,-2,735,1398
66323987509,66323987503,-6,1032,3511
66326334575,66326334570,-5,1092,2671
66332293541,66332293549,8,16502,22161
66334850749,66334850745,-4,338,860
66342387322,66342387318,-4,1233,3160
66344266903,66344266900,-3,701,4107
66344931057,66344931053,-4,1394,5455
66346402910,66346402910,0,1496,2155
66351483714,66351483714,0,2911,3731
66353883050,66353883050,0,1350,1368
66355758410,66355758404,-6,1066,3446
66356072667,66356072663,-4,1538,4163
66357472546,66357472541,-5,1271,3036
66358247482,66358247493,11,17538,21718
66358392444,66358392447,3,681,1004
66359916118,66359916114,-4,1233,3205
66360115067,66360115074,7,89460,36433
66363818555,66363818550,-5,1512,4366
66366779524,66366779519,-5,1185,2880
66372757330,66372757323,-7,1182,2630
66374618842,66374618823,-19,778,2344
66374665763,66374665767,4,114,888
66375644934,66375644931,-3,819,2405
66376077481,66376077500,19,545,2094
66385259557,66385259552,-5,830,3074
66387195805,66387195800,-5,1012,3954
66387296580,66387296582,2,371,1404
66388126229,66388126224,-5,1950,3564
66392438645,66392438646,1,1530,1208
66405382534,66405382528,-6,909,1967
66414123781,66414123775,-6,1134,4845
66414518698,66414518694,-4,939,2248
66414822176,66414822187,11,189,1089
66415093379,66415093377,-2,1620,2584
66419161660,66419161654,-6,1558,3219
66421024321,66421024326,5,1435,1183
66421528867,66421528861,-6,1133,3102
66427814285,66427814282,-3,1080,3256
66428766225,66428766221,-4,1102,3999
66429920898,66429920894,-4,1820,3456
66430082886,66430082887,1,1842,1701
66431436501,66431436497,-4,928,4052
66431784323,66431784318,-5,855,2002
66436793523,66436793517,-6,1400,3416
66439833325,66439833321,-4,911,2902
66441433971,66441433969,-2,960,1717
66444223461,66444223451,-10,593,75
66452982738,66452982733,-5,1100,2517
66456779419,66456779434,15,230,1061
66460173955,66460173953,-2,1364,2605
66461071519,66461071515,-4,1353,4629
66461777357,66461777351,-6,1544,4389
66462160992,66462160988,-4,964,2359
66467398056,66467398050,-6,856,2705
66473630977,66473630971,-6,1314,3090
66474097756,66474097771,15,315,1526
66474513218,66474513213,-5,851,2935
66478178852,66478178845,-7,775,2947
66478266781,66478266786,5,4032,1670
66481847189,66481847185,-4,16496,16052
66485262531,66485262526,-5,913,2879
66485429169,66485429174,5,3166,1252
66488082215,66488082210,-5,836,2258
66489652837,66489652832,-5,1101,3304
66496838731,66496838727,-4,744,1657
66502703734,66502703729,-5,1142,4136
66507565863,66507565858,-5,1380,2243
66508636970,66508636969,-1,900,2069
66530999518,66530999514,-4,965,1247
66531650593,66531650611,18,1127,1706
66531855401,66531855417,16,843,2380
66532563844,66532563841,-3,1180,3495
66532703112,66532703134,22,178,940
66544210395,66544210389,-6,1134,2590
66548205653,66548205646,-7,1209,4826
66552231984,66552231981,-3,1196,2779
66552388547,66552388539,-8,1758,8228
66554349779,66554349776,-3,1202,4177
66557353009,66557353003,-6,991,3025
66559713891,66559713886,-5,887,2923
66561251461,66561251458,-3,1080,2591
66563308072,66563308069,-3,1032,2578
66567649589,66567649599,10,23,836
66570799379,66570799385,6,4445,1163
66576207754,66576207750,-4,912,2741
66576706622,66576706626,4,1529,1212
66578002642,66578002637,-5,1223,2694
66578260617,66578260638,21,1214,3088
66580825843,66580825836,-7,1044,3276
66583251950,66583251941,-9,583,2047
66585387150,66585387144,-6,1782,3940
66586645246,66586645241,-5,1161,3638
66587349547,66587349542,-5,981,3701
66592003239,66592003232,-7,913,2793
66594171138,66594171133,-5,812,2929
66595244798,66595244791,-7,1244,3774
66603920215,66603920211,-4,966,4198
66612366298,66612366293,-5,1117,2604
66614792916,66614792913,-3,1232,2535
66614982777,66614982772,-5,14,1092
66615379616,66615379631,15,771,1717
66620977312,66620977306,-6,1388,3443
66624246946,66624246947,1,956,1687
66627447181,66627447176,-5,563,2022
66633969161,66633969156,-5,954,1979
66634217521,66634217518,-3,659,2882
66634507425,66634507421,-4,1238,3409
66635851991,66635851986,-5,1141,2653
66642733086,66642733082,-4,1185,4239
66642791041,66642791056,15,392,1516
66643668070,66643668064,-6,961,3608
66647014823,66647014817,-6,999,2448
66650035611,66650035613,2,1846,2166
66652069770,66652069775,5,2767,1573
66656639360,66656639356,-4,1147,4147
66658140718,66658140711,-7,1468,2593
66658362441,66658362435,-6,1998,7120
66662044896,66662044897,1,2785,1860
66663267331,66663267326,-5,855,2994
66664368281,66664368297,16,646,1872
66665464034,66665464030,-4,1141,2301
66668594010,66668594016,6,1962,977
66673888379,66673888375,-4,1038,2633
66685100961,66685100966,5,2592,1130
66689678987,66689678991,4,2136,1735
66695838707,66695838702,-5,1017,3610
66698029581,66698029578,-3,981,2078
66701895233,66701895227,-6,1295,3639
66704269986,66704269987,1,1178,1363
66712458610,66712458606,-4,914,3401
66718449366,66718449367,1,1077,1327
66718583622,66718583618,-4,975,2255
66722357339,66722357335,-4,868,3021
66729692771,66729692769,-2,915,1635
66742169955,66742169950,-5,647,2778
66743936523,66743936515,-8,953,1471
66749345237,66749345233,-4,907,2125
66760079330,66760079324,-6,969,3157
66760827569,66760827569,0,1339,1229
66766193698,66766193694,-4,1268,3536
66766320071,66766320066,-5,756,2785
66777171332,66777171326,-6,1019,3677
66784275993,66784275988,-5,954,2749
66786016583,66786016577,-6,1302,4412
66787092474,66787092475,1,1562,1896
66788807596,66788807593,-3,1279,2419
66790860208,66790860204,-4,1154,2598
66790936316,66790936333,17,153,1026
66794303142,66794303136,-6,560,2574
66803572973,66803572968,-5,1590,3458
66803800431,66803800438,7,4655,1437
66804282274,66804282268,-6,1240,3789
66804996344,66804996341,-3,103,1609
66805067316,66805067335,19,131,1054
66809012383,66809012379,-4,1150,2410
66809906306,66809906301,-5,235,933
66816027919,66816027915,-4,1173,3060
66818279613,66818279615,2,395,1741
66820671466,66820671461,-5,823,3054
66821544281,66821544282,1,5079,19931
66825168269,66825168274,5,2206,1474
66829535879,66829535882,3,3525,3216
66831670107,66831670102,-5,798,1933
66836747062,66836747054,-8,1086,4588
66841067411,66841067417,6,4125,1221
66843056938,66843056933,-5,1174,2701
66846050151,66846050145,-6,1823,4830
66846887506,66846887502,-4,997,2703
66847425417,66847425414,-3,1020,3030
66857223450,66857223446,-4,1076,2260
66858280768,66858280761,-7,1006,2976
66866301948,66866301942,-6,1564,3875
66866336580,66866336590,10,473,1344
66869081179,66869081176,-3,968,2602
66877937722,66877937718,-4,904,2903
66883847491,66883847485,-6,1263,3139
66886567215,66886567213,-2,1180,2034
66889135715,66889135710,-5,1221,4041
66889582281,66889582287,6,11088,4977
66891511190,66891511185,-5,1023,3164
66894936895,66894936890,-5,1159,4060
66895743402,66895743397,-5,1083,3166
66899052118,66899052114,-4,2177,6088
66900862239,66900862234,-5,1119,3035
66901679072,66901679083,11,198,944
66903486383,66903486379,-4,1334,2685
66905537042,66905537038,-4,1234,4531
66914705495,66914705499,4,2180,1119
66923513576,66923513570,-6,1309,3074
66925245449,66925245446,-3,1257,2707
66928285120,66928285116,-4,1506,4047
66936519465,66936519462,-3,846,3628
66937929142,66937929137,-5,907,3173
66939166614,66939166607,-7,645,255
66942770134,66942770128,-6,852,3287
66944124825,66944124818,-7,1760,4029
66945315890,66945315885,-5,712,1933
66948224181,66948224185,4,12352,8343
66950559457,66950559454,-3,1165,2669
66952417028,66952417022,-6,673,2207
66956097677,66956097672,-5,932,2753
66958298434,66958298430,-4,849,4060
66959541354,66959541349,-5,1119,4478
66959838910,66959838913,3,2351,700
66960662014,66960662010,-4,925,1452
66964626122,66964626118,-4,1480,4267
66964942788,66964942785,-3,640,1641
66965906830,66965906825,-5,1260,3173
66970415784,66970415789,5,21518,25417
66972193471,66972193473,2,2027,1076
66974964979,66974964973,-6,1210,3414
66977733846,66977733841,-5,898,2793
66978862803,66978862798,-5,645,3326
66979309900,66979309911,11,278,1061
66982012625,66982012631,6,6053,2487
66985772394,66985772390,-4,703,2236
66990647986,66990647982,-4,797,2581
66991448786,66991448799,13,193,951
66993914729,66993914723,-6,777,2639
66994299666,66994299681,15,655,2469
66998890470,66998890464,-6,2053,9799
67000421587,67000421592,5,4299,2725
67001611887,67001611881,-6,619,3041
67013997632,67013997654,22,1078,1969
67015081925,67015081929,4,4084,2693
67018348062,67018348058,-4,1210,3112
67019203653,67019203647,-6,1319,5008
67020857957,67020857950,-7,1215,3175
67024812938,67024812940,2,2270,1689
67028899975,67028899970,-5,1159,3816
67030367994,67030367989,-5,663,1950
67045413862,67045413858,-4,577,1077
67052078731,67052078725,-6,716,2738
67052250851,67052250848,-3,600,1801
67054468284,67054468282,-2,1108,1866
67055769510,67055769505,-5,1171,2370
67056235193,67056235199,6,3902,1385
67056719243,67056719249,6,2996,1954
67060103541,67060103538,-3,1199,2760
67063459818,67063459814,-4,1279,2958
67069931629,67069931624,-5,1248,3974
67072613933,67072613927,-6,904,3310
67072904146,67072904141,-5,639,2356
67075858053,67075858059,6,11194,27870
67077098397,67077098393,-4,1027,2917
67079634872,67079634865,-7,1185,4185
67079724129,67079724149,20,538,822
67081462126,67081462126,0,1261,2491
67082977419,67082977414,-5,1244,2400
67085438895,67085438890,-5,792,1844
67088893017,67088893014,-3,1510,3541
67089964034,67089964033,-1,1705,1210
67090131689,67090131686,-3,1230,2706
67090501793,67090501810,17,592,1608
67093787559,67093787554,-5,857,3131
67094385564,67094385577,13,670,2509
67094657015,67094657011,-4,1201,2157
67094735561,67094735581,20,485,1300
67096026978,67096026992,14,1248,535
67100952098,67100952093,-5,803,3293
67101050380,67101050397,17,544,1821
67101877930,67101877926,-4,866,1883
67103370060,67103370061,1,192,827
67104954830,67104954826,-4,1270,3034
67115200706,67115200701,-5,754,1442
67118072427,67118072429,2,1902,1922
67118366239,67118366235,-4,1051,2735
67121581027,67121581022,-5,1286,3041
67124659535,67124659528,-7,1129,4662
67128523625,67128523625,0,1875,2566
67131405708,67131405703,-5,945,2548
67132148243,67132148230,-13,262,892
67133251813,67133251810,-3,1035,3245
67135123039,67135123043,4,1172,2212
67135418681,67135418686,5,5255,2020
67147024473,67147024475,2,2240,1583
67147318876,67147318870,-6,789,2243
67148051425,67148051430,5,51115,18380
67148077891,67148077885,-6,1295,4107
67153991483,67153991478,-5,933,3043
67159341103,67159341098,-5,924,2716
67160026048,67160026045,-3,1263,3715
67165835337,67165835333,-4,1112,3496
67171923265,67171923270,5,2380,1438
67174735643,67174735638,-5,977,3580
67176102812,67176102807,-5,1018,1681
67180499530,67180499524,-6,1248,3595
67180719170,67180719165,-5,797,3046
67181318043,67181318030,-13,210,1016
67181896082,67181896074,-8,182,1037
67190857168,67190857164,-4,1395,3203
67193043483,67193043476,-7,803,3287
67214375975,67214375971,-4,1223,2786
67214596317,67214596310,-7,880,3428
67215596815,67215596811,-4,1033,4075
67215805230,67215805226,-4,744,1219
67222859597,67222859594,-3,1090,2379
67223302080,67223302060,-20,1328,3086
67225008070,67225008077,7,3951,1254
67229419235,67229419230,-5,959,3357
67231139889,67231139882,-7,1325,3325
67243044266,67243044265,-1,1043,1830
67244217142,67244217141,-1,1168,2406
67245287729,67245287725,-4,1059,2429
67245601048,67245601058,10,303,1152
67256330058,67256330058,0,1598,2181
67256502738,67256502741,3,53,898
67266568118,67266568114,-4,1198,2520
67270970313,67270970307,-6,844,3653
67271924663,67271924662,-1,807,1714
67279566647,67279566642,-5,1033,2256
67283402710,67283402706,-4,1075,2578
67286374242,67286374238,-4,1265,2233
67298432094,67298432098,4,2446,2009
67300566913,67300566909,-4,969,2898
67312459235,67312459229,-6,1683,5903
67312599177,67312599173,-4,1524,2785
67317163266,67317163268,2,1174,1557
67317751010,67317751005,-5,1230,3389
67319381303,67319381299,-4,851,2202
67319970618,67319970633,15,1288,2918
67322570340,67322570336,-4,751,3182
67323328402,67323328397,-5,1185,4426
67323445065,67323445046,-19,163,1177
67323932754,67323932750,-4,1188,2999
67326083440,67326083436,-4,1758,3372
67328358019,67328358013,-6,988,3869
67331673662,67331673656,-6,994,3178
67332470803,67332470797,-6,1157,2301
67333490056,67333490038,-18,1011,3667
67333694032,67333694055,23,196,914
67335936907,67335936901,-6,984,2971
67335962804,67335962820,16,873,2162
67336355049,67336355071,22,593,1835
67342721327,67342721321,-6,1162,3898
67345898486,67345898482,-4,988,2690
67349151384,67349151378,-6,938,3802
67352543626,67352543631,5,1671,1200
67353618238,67353618241,3,4639,33839
67357942782,67357942777,-5,781,2967
67360214717,67360214712,-5,1843,5932
67363886524,67363886521,-3,1526,2927
67373123990,67373123986,-4,702,3001
67373962647,67373962641,-6,585,2505
67374624972,67374624991,19,1009,3480
67377266022,67377266019,-3,929,3707
67378499106,67378499101,-5,1324,3408
67380742658,67380742639,-19,1772,1173
67385898898,67385898893,-5,1241,3583
67386400561,67386400557,-4,1032,3275
67386443214,67386443206,-8,1170,2865
67386763921,67386763911,-10,994,2634
67399549789,67399549784,-5,400,2061
67399671489,67399671477,-12,1335,2293
67401063238,67401063234,-4,842,3984
67402762604,67402762597,-7,1118,1786
67410411058,67410411054,-4,1734,4545
67410810448,67410810457,9,231,1282
67412558219,67412558214,-5,1362,3211
67413834849,67413834865,16,563,2045
67416989175,67416989172,-3,34853,17920
67419289057,67419289051,-6,1130,4118
67423308258,67423308254,-4,828,2776
67424704284,67424704292,8,3083,1187
67429130106,67429130101,-5,1009,3656
67429277728,67429277745,17,114,1207
67430468131,67430468129,-2,723,1936
67435420154,67435420146,-8,1137,4872
67435699586,67435699571,-15,622,1276
67437040074,67437040069,-5,449,2451
67438651645,67438651638,-7,1325,3686
67440479479,67440479474,-5,1019,3094
67445046034,67445046030,-4,1414,2580
67448294374,67448294372,-2,924,2799
67455321858,67455321854,-4,1363,2995
67476904065,67476904069,4,1901,2287
67479694983,67479694978,-5,973,3100
67482426544,67482426545,1,713,1078
67485145814,67485145809,-5,1537,3683
67488010535,67488010530,-5,1009,3213
67493149055,67493149051,-4,1057,3215
67493460614,67493460608,-6,1020,3477
67495265466,67495265462,-4,888,2907
67497828589,67497828585,-4,825,2127
67499925921,67499925925,4,1342,867
67500281729,67500281724,-5,915,2549
67500560202,67500560197,-5,271,1354
67503790070,67503790065,-5,1040,2612
67505666690,67505666684,-6,1244,4100
67517697708,67517697702,-6,1265,3481
67520203606,67520203600,-6,1005,3792
67521915616,67521915612,-4,778,3074
67522766731,67522766743,12,303,1330
67523758131,67523758130,-1,2061,2332
67528720019,67528720014,-5,773,2743
67529057340,67529057345,5,215,1842
67529433928,67529433918,-10,1010,2665
67529549874,67529549895,21,246,1101
67542994303,67542994299,-4,1389,3266
67544947243,67544947238,-5,1100,3140
67545447390,67545447386,-4,868,2326
67550725891,67550725892,1,2064,1729
67554966756,67554966762,6,1998,1338
67556886217,67556886211,-6,1432,4239
67562694430,67562694425,-5,452,1516
67569818483,67569818477,-6,858,2410
67570377049,67570377062,13,293,1572
67571527081,67571527084,3,3551,2534
67573837068,67573837062,-6,1083,3125
67577663649,67577663643,-6,1085,3738
67581731958,67581731953,-5,950,2898
67582172858,67582172853,-5,635,2402
67582260580,67582260594,14,1046,3124
67583704213,67583704206,-7,1265,3080
67585249824,67585249818,-6,752,2118
67585823793,67585823790,-3,1091,2973
67586191401,67586191405,4,253,968
67589249695,67589249689,-6,1206,4202
67590264291,67590264286,-5,1014,3472
67590821457,67590821453,-4,777,2327
67591151954,67591151950,-4,1323,3051
67597936940,67597936937,-3,1202,2642
67598542913,67598542931,18,996,2912
67614095911,67614095908,-3,1551,3528
67615329911,67615329906,-5,547,2061
67615450649,67615450637,-12,262,1248
67616582154,67616582166,12,427,1471
67619485313,67619485307,-6,1219,3898
67620453887,67620453891,4,2122,824
67621221924,67621221929,5,1682,1429
67632785634,67632785629,-5,1094,2753
67633058202,67633058186,-16,354,1557
67633816866,67633816886,20,629,2085
67634187874,67634187873,-1,1069,2723
67638476513,67638476508,-5,804,6558
67639576694,67639576688,-6,616,2992
67640034635,67640034642,7,32,1389
67644185743,67644185737,-6,1254,2974
67648815039,67648815034,-5,1264,2968
67658318183,67658318186,3,24352,41305
67662398919,67662398915,-4,1105,2815
67665891837,67665891832,-5,1118,2935
67670470500,67670470493,-7,1617,4680
67670538922,67670538906,-16,290,890
67671259798,67671259794,-4,940,2924
67671547217,67671547214,-3,1029,2974
67671618809,67671618830,21,302,1361
67672727385,67672727379,-6,1014,2542
67675463533,67675463534,1,13714,13473
67677458170,67677458169,-1,969,1857
67677707886,67677707882,-4,1055,3167
67680580271,67680580271,0,954,1183
67684700334,67684700329,-5,1202,2816
67687806378,67687806373,-5,882,2779
67688077169,67688077158,-11,196,2164
67691627577,67691627573,-4,879,2714
67691691777,67691691794,17,132,1189
67696918578,67696918574,-4,849,2904
67698059738,67698059734,-4,965,2588
67698156001,67698156022,21,572,1828
67702413184,67702413181,-3,1177,3492
67706284319,67706284317,-2,769,1630
67717040519,67717040513,-6,779,1621
67719297297,67719297293,-4,1085,2701
67724957605,67724957605,0,1914,1667
67727716309,67727716309,0,1708,18546
67727865361,67727865357,-4,731,2413
67735564781,67735564774,-7,870,2594
67736027044,67736027061,17,1013,2640
67742643407,67742643413,6,2840,1394
67743017917,67743017911,-6,1418,3151
67743048787,67743048782,-5,1374,3528
67743659310,67743659306,-4,1158,3496
67743993168,67743993179,11,344,1430
67751112445,67751112450,5,2422,1324
67752071654,67752071649,-5,1157,3134
67752304809,67752304829,20,1032,3684
67757926872,67757926866,-6,1147,3955
67759178593,67759178588,-5,1326,3121
67767099634,67767099639,5,1357,853
67767379025,67767379023,-2,1799,2136
67775236741,67775236737,-4,1052,3299
67779353838,67779353832,-6,916,3027
67782679522,67782679516,-6,1199,2475
67790289878,67790289886,8,2825,1279
67791712302,67791712300,-2,2837,10634
67796781534,67796781539,5,6461,25907
67798897263,67798897257,-6,1307,4212
67799385884,67799385887,3,34103,28969
67800437968,67800437982,14,107,869
67801887767,67801887766,-1,731,2223
67803622700,67803622697,-3,1032,2624
67804485878,67804485873,-5,1080,3327
67808763054,67808763050,-4,856,1286
67814446555,67814446552,-3,950,1997
67814975886,67814975882,-4,950,2701
67816713889,67816713884,-5,1328,3142
67817604026,67817604043,17,251,1167
67818741774,67818741757,-17,239,932
67821012359,67821012353,-6,694,2789
67823494382,67823494374,-8,1196,3172
67826395448,67826395443,-5,1384,3192
67827204761,67827204755,-6,1686,4264
67831896927,67831896923,-4,878,2453
67835620873,67835620873,0,23082,7593
67838234345,67838234341,-4,1016,2698
67842909531,67842909526,-5,856,3034
67848234482,67848234478,-4,1104,2304
67850483899,67850483893,-6,1154,3774
67850735887,67850735881,-6,1243,3852
67860492705,67860492700,-5,1648,4077
67863839823,67863839815,-8,756,2536
67884664862,67884664855,-7,708,2602
67885702006,67885701985,-21,1080,2147
67886293050,67886293056,6,1805,1622
67887424050,67887424050,0,2329,2739
67887767186,67887767185,-1,2667,4289
67890657510,67890657505,-5,1006,3118
67891552871,67891552867,-4,1116,3092
67892567842,67892567837,-5,1130,2512
67893400317,67893400310,-7,2108,8910
67894040115,67894040109,-6,808,3482
67904322553,67904322546,-7,794,1342
67907114915,67907114909,-6,1061,4327
67909955181,67909955180,-1,2714,3808
67912734390,67912734389,-1,1483,2639
67912762098,67912762095,-3,919,3209
67915961107,67915961101,-6,1182,4114
67917900803,67917900797,-6,1088,3330
67924681183,67924681181,-2,1449,2502
67928069754,67928069749,-5,803,3901
67928354850,67928354829,-21,867,3556
67929706288,67929706283,-5,1207,2871
67930270710,67930270707,-3,1219,3139
67931123184,67931123190,6,29944,39403
67932821721,67932821718,-3,532,2792
67936013792,67936013794,2,25412,33670
67944699333,67944699326,-7,1309,2354
67947335405,67947335410,5,3097,1714
67949409795,67949409791,-4,993,2198
67952170986,67952170991,5,8689,4241
67957090973,67957090978,5,1661,1020
67959244478,67959244472,-6,1079,2666
67959366466,67959366474,8,267,1540
67960122067,67960122063,-4,1232,3664
67966521123,67966521118,-5,969,1871
67973366286,67973366282,-4,750,2682
67977787183,67977787177,-6,1148,4077
67977961681,67977961680,-1,2020,2245
67978388472,67978388465,-7,808,2654
67978686819,67978686832,13,617,2977
67982268380,67982268375,-5,1457,3671
67982899902,67982899898,-4,1071,2910
67987992004,67987991999,-5,1462,3702
67988712251,67988712242,-9,34232,13736
67989624822,67989624818,-4,1251,3816
67995650937,67995650931,-6,861,3223
67996877590,67996877586,-4,1173,3486
67997532275,67997532272,-3,1316,2864
68010248617,68010248610,-7,1186,3905
68010673029,68010673026,-3,936,2432
68011004587,68011004603,16,827,2037
68012216099,68012216095,-4,769,2614
68019729880,68019729880,0,1865,1928
68031889628,68031889622,-6,1249,2442
68049265921,68049265915,-6,590,3012
68052157017,68052157039,22,1215,117
68053750162,68053750161,-1,1428,2154
68056051639,68056051634,-5,962,2677
68058009952,68058009953,1,27652,35994
68061115798,68061115791,-7,1038,1713
68061954437,68061954438,1,1754,1547
68062247738,68062247731,-7,29,1321
68063165503,68063165496,-7,819,3196
68064824045,68064824039,-6,934,2961
68083962440,68083962434,-6,954,3709
68096202158,68096202154,-4,1430,3546
68098882905,68098882901,-4,785,3458
68099287232,68099287230,-2,179,482
68100352335,68100352330,-5,859,2131
68108319891,68108319886,-5,1288,2291
68110273133,68110273129,-4,999,2996
68116231033,68116231027,-6,1218,3131
68121186632,68121186627,-5,1034,3624
68122802425,68122802421,-4,1349,2710
68123123953,68123123942,-11,1186,3737
68123353226,68123353222,-4,1242,2895
68126650866,68126650861,-5,1104,3134
68130167217,68130167212,-5,1156,3523
68130835007,68130835004,-3,1064,2646
68134344402,68134344406,4,4035,2689
68144666605,68144666627,22,417,2582
68144823405,68144823400,-5,1297,3556
68155261867,68155261871,4,12947,8661
68157028098,68157028093,-5,1066,4168
68158086522,68158086538,16,377,1362
68162670466,68162670460,-6,822,2526
68164066222,68164066222,0,4870,5870
68164692167,68164692162,-5,1087,3776
68166568559,68166568553,-6,524,1936
68172122101,68172122094,-7,661,2300
68179507231,68179507225,-6,815,2252
68180335302,68180335288,-14,5407,1043
68192963482,68192963478,-4,1688,5029
68196544082,68196544078,-4,789,2871
68210645102,68210645096,-6,569,2113
68214472690,68214472685,-5,1329,3827
68214579659,68214579662,3,239,880
68217507469,68217507464,-5,1305,15073
68225439346,68225439351,5,5268,2189
68227118930,68227118925,-5,1129,4549
68228316771,68228316769,-2,1163,1946
68228663761,68228663756,-5,137,1561
68234591778,68234591774,-4,1134,2273
68241692988,68241692990,2,2259,1935
68243611627,68243611621,-6,1316,3524
68251176567,68251176562,-5,710,2800
68254610988,68254610983,-5,2173,7029
68260500185,68260500182,-3,830,2776
68260789250,68260789248,-2,1012,1560
68261320220,68261320218,-2,20296,17691
68269864522,68269864519,-3,1071,2101
68279795862,68279795857,-5,666,2447
68281176295,68281176290,-5,995,2796
68284330064,68284330057,-7,1006,3510
68285096958,68285096953,-5,1271,4164
68287412043,68287412037,-6,755,2507
68289496450,68289496445,-5,976,2204
68289866798,68289866793,-5,858,3187
68290202242,68290202228,-14,179,875
68290571295,68290571289,-6,1398,3366
68292831901,68292831896,-5,1350,3173
68293611606,68293611602,-4,1151,2960
68293725240,68293725257,17,1193,3020
68296373006,68296373000,-6,625,2438
68298309994,68298309998,4,3684,1760
68299963705,68299963699,-6,1085,4491
68303078062,68303078062,0,1098,15967
68309662446,68309662441,-5,747,3258
68314957789,68314957794,5,1436,941
68323199374,68323199370,-4,910,3234
68340434483,68340434479,-4,692,1605
68344641713,68344641705,-8,1530,6440
68346926329,68346926322,-7,1357,2611
68350256871,68350256866,-5,993,3009
68352533401,68352533399,-2,1240,2364
68352582388,68352582406,18,558,1831
68358014019,68358014014,-5,1302,2662
68358836467,68358836462,-5,709,3070
68368558481,68368558475,-6,910,3301
68376190333,68376190329,-4,947,3818
68376789539,68376789559,20,182,1082
68377137446,68377137443,-3,655,2543
68382768799,68382768794,-5,1225,4978
68403455559,68403455553,-6,737,1954
68411649649,68411649646,-3,817,2642
68413925186,68413925182,-4,1069,2749
68440091163,68440091159,-4,1115,3105
68440709187,68440709179,-8,961,2539
68440740026,68440740026,0,61,921
68445185523,68445185518,-5,1130,3469
68448938699,68448938694,-5,966,1957
68455453266,68455453263,-3,971,2460
68456358618,68456358639,21,979,3954
68457821099,68457821098,-1,2168,3113
68458566113,68458566110,-3,389,2190
68463600494,68463600493,-1,24757,27812
68468761237,68468761231,-6,595,2673
68472190141,68472190136,-5,1218,3314
68473265121,68473265142,21,292,925
68476222175,68476222170,-5,1086,3217
68485854171,68485854165,-6,1579,4424
68491960331,68491960328,-3,868,2911
68492327098,68492327105,7,4221,2382
68495712156,68495712151,-5,1194,3292
68499842644,68499842638,-6,1079,3265
68499888074,68499888095,21,707,3536
68501547643,68501547638,-5,818,2142
68507061534,68507061533,-1,993,1785
68511258194,68511258194,0,1257,1554
68516909516,68516909511,-5,1157,2523
68518600940,68518600946,6,29715,39233
68522646034,68522646030,-4,928,2065
68523979566,68523979563,-3,1134,3502
68526121021,68526121021,0,1045,2324
68528556535,68528556531,-4,853,1931
68532551615,68532551613,-2,719,1953
68533345789,68533345785,-4,1240,2871
68533731873,68533731891,18,259,725
68534503935,68534503931,-4,1680,4012
68536321870,68536321866,-4,1152,3165
68537515399,68537515394,-5,831,2240
68537559672,68537559693,21,258,949
68537944874,68537944867,-7,925,2967
68540376566,68540376571,5,979,569
68541238697,68541238714,17,1297,3030
68544271302,68544271297,-5,659,3372
68544930514,68544930510,-4,906,3238
68546191376,68546191370,-6,1858,5645
68551586370,68551586364,-6,1186,3141
68552358771,68552358765,-6,867,3524
68554275857,68554275850,-7,1061,3718
68554527788,68554527806,18,1567,5705
68554744218,68554744216,-2,1188,2687
68558768363,68558768362,-1,1009,1364
68565182418,68565182413,-5,754,2951
68573945181,68573945177,-4,900,2400
68574087859,68574087877,18,1054,2109
68577694123,68577694117,-6,900,3475
68579349496,68579349489,-7,810,2646
68599129830,68599129826,-4,933,2710
68610236307,68610236302,-5,1092,3630
68611811726,68611811721,-5,920,3432
68612762281,68612762278,-3,1484,4184
68620071261,68620071265,4,2892,2074
68622863597,68622863593,-4,992,1697
68630355050,68630355045,-5,1144,3106
68630845252,68630845263,11,103,1431
68639317359,68639317354,-5,787,3314
68639958945,68639958962,17,902,2665
68641483410,68641483407,-3,847,2514
68647830610,68647830605,-5,628,1910
68647867452,68647867465,13,279,1579
68653451674,68653451670,-4,760,4140
68654783654,68654783658,4,1904,1155
68655564140,68655564135,-5,400,1011
68656809696,68656809696,0,1381,2618
68658188002,68658187996,-6,1238,5040
68660886801,68660886795,-6,820,2496
68665911769,68665911762,-7,1101,3280
68666115888,68666115910,22,483,1775
68667488528,68667488529,1,2339,1981
68667554050,68667554044,-6,1865,5962
68672637723,68672637743,20,28141,19129
68672669819,68672669814,-5,780,2143
68687527683,68687527676,-7,1122,3923
68691355995,68691355990,-5,1129,2577
68704223108,68704223102,-6,162,1255
68707362311,68707362307,-4,932,2356
68708638562,68708638555,-7,570,1693
68711198375,68711198369,-6,837,2344
68712476619,68712476612,-7,1009,2856
68712519627,68712519622,-5,1085,2635
68718791137,68718791143,6,10538,19649
68719586486,68719586485,-1,1425,2017
68719965757,68719965762,5,2886,1309
68720921915,68720921919,4,4254,2166
68724716153,68724716149,-4,856,2310
68729784531,68729784527,-4,1948,3739
68730351006,68730350999,-7,1364,4919
68733589195,68733589191,-4,1346,4206
68734049638,68734049633,-5,1087,2571
68734732170,68734732186,16,455,2141
68745613442,68745613437,-5,1289,3458
68747275236,68747275234,-2,1513,2830
68748721065,68748721061,-4,916,2636
68749400522,68749400525,3,43458,37404
68749677053,68749677047,-6,1068,2826
68750518946,68750518965,19,1282,3376
68752147219,68752147213,-6,1401,4218
68756429275,68756429272,-3,1171,2566
68761686119,68761686113,-6,813,2726
68762861722,68762861717,-5,714,1502
68766560583,68766560578,-5,923,2513
68795287902,68795287899,-3,904,3674
68802740566,68802740574,8,2350,716
68803307783,68803307780,-3,20657,7297
68808604402,68808604397,-5,1254,2923
68810292400,68810292397,-3,1493,2641
68811033311,68811033306,-5,1063,2517
68814633038,68814633034,-4,823,3007
68818049343,68818049339,-4,981,2967
68818341635,68818341645,10,274,837
68819974250,68819974259,9,3154,769
68821980543,68821980538,-5,1347,3919
68822834792,68822834786,-6,988,3898
68824341243,68824341234,-9,936,2684
68825039553,68825039548,-5,1026,3054
68825433513,68825433534,21,324,1542
68829783397,68829783392,-5,902,3337
68834027877,68834027873,-4,677,2345
68838839483,68838839478,-5,901,2928
68847090257,68847090252,-5,1540,4201
68847613676,68847613693,17,967,2625
68848378478,68848378473,-5,917,2924
68853233623,68853233618,-5,1157,2834
68856478686,68856478681,-5,772,2536
68857400953,68857400958,5,1992,1290
68858527478,68858527474,-4,876,2609
68866057372,68866057369,-3,933,2352
68871146982,68871146977,-5,1337,4943
68872701611,68872701607,-4,855,2649
68876715398,68876715395,-3,1017,2291
68878107387,68878107382,-5,922,3369
68886957031,68886957025,-6,1107,4246
68891805296,68891805290,-6,734,2362
68893769979,68893769974,-5,860,3139
68904852256,68904852250,-6,1339,4003
68905048026,68905048039,13,366,1781
68906977422,68906977418,-4,828,2282
68907175923,68907175942,19,111,812
68909747590,68909747590,0,1513,2222
68910245200,68910245194,-6,1697,4362
68913467497,68913467492,-5,1135,3541
68919177329,68919177325,-4,869,2538
68927029046,68927029044,-2,1302,2264
68927615938,68927615933,-5,853,3063
68927955778,68927955774,-4,984,3114
68930030434,68930030429,-5,741,2162
68936460759,68936460755,-4,1176,2607
68953568614,68953568609,-5,1264,3660
68960345822,68960345817,-5,796,2726
68963829163,68963829161,-2,1049,2344
68964158752,68964158770,18,869,3215
68966061626,68966061622,-4,924,3209
68966796777,68966796774,-3,957,3222
68968802835,68968802832,-3,1195,2306
68969702186,68969702183,-3,904,2691
68978353106,68978353101,-5,1177,2435
68983934085,68983934087,2,1401,1477
68986818640,68986818649,9,539,2186
68989814094,68989814089,-5,1015,2751
68990547552,68990547570,18,334,707
68991612122,68991612117,-5,1076,2141
68995604601,68995604597,-4,756,2450
68998433279,68998433277,-2,1934,2634
69003374580,69003374575,-5,869,2639
69007965857,69007965852,-5,1298,3279
69009995995,69009995991,-4,1393,3802
69010496321,69010496317,-4,1541,4464
69013345540,69013345534,-6,1275,4287
69013448614,69013448608,-6,1114,2853
69013585926,69013585921,-5,850,2513
69014497210,69014497205,-5,722,1455
69016298009,69016298017,8,16460,20830
69016425453,69016425454,1,41591,42435
69016862660,69016862659,-1,5056,7056
69017501074,69017501075,1,2805,2704
69018692182,69018692175,-7,1232,3102
69034026449,69034026466,17,15102,49164
69035267246,69035267244,-2,886,2178
69035799586,69035799581,-5,1113,3137
69035952759,69035952763,4,2671,1805
69036941661,69036941641,-20,3120,1409
69043115051,69043115049,-2,920,2014
69044193118,69044193113,-5,839,1298
69047066231,69047066225,-6,1093,2053
69047263578,69047263578,0,120,1625
69047646976,69047646990,14,88,844
69048854410,69048854417,7,1386,1162
69056507519,69056507522,3,1096,781
69060730186,69060730182,-4,1030,2111
69061898340,69061898356,16,750,2728
69063435966,69063435961,-5,1095,3491
69064858239,69064858237,-2,960,2026
69065682474,69065682469,-5,935,2783
69065791842,69065791862,20,148,1021
69066535826,69066535821,-5,939,2525
69072763418,69072763414,-4,1115,3137
69076239803,69076239798,-5,1026,3209
69083349819,69083349815,-4,1117,2759
69087110603,69087110601,-2,675,1855
69087454642,69087454661,19,178,1014
69089975257,69089975254,-3,1149,2813
69098916615,69098916614,-1,816,2137
69100184552,69100184570,18,773,3082
69104173500,69104173508,8,5768,866
69107128687,69107128683,-4,1255,2547
69111664901,69111664896,-5,764,2382
69117269454,69117269448,-6,874,2150
69119014645,69119014628,-17,5133,1011
69124499710,69124499705,-5,1123,3560
69124990409,69124990405,-4,1097,3314
69125124355,69125124333,-22,245,1120
69132276928,69132276922,-6,1218,3757
69132386827,69132386827,0,34592,50328
69134191662,69134191656,-6,1061,2746
69135906043,69135906037,-6,1332,5312
69141434890,69141434890,0,1423,2861
69144059830,69144059833,3,1745,1034
69144769301,69144769301,0,1351,1709
69160532846,69160532841,-5,1294,2775
69161991626,69161991635,9,4244,1122
69165406113,69165406114,1,1427,844
69171842206,69171842203,-3,706,1445
69172143474,69172143493,19,600,2117
69174445874,69174445869,-5,1698,3984
69177306484,69177306482,-2,824,2564
69183757072,69183757078,6,2601,1263
69185456476,69185456469,-7,1028,3287
69189618575,69189618570,-5,900,3733
69196902621,69196902642,21,208,562
69207222294,69207222299,5,2216,1383
69215560960,69215560954,-6,1463,3266
69216564858,69216564843,-15,787,2203
69223890856,69223890851,-5,1276,2905
69223943489,69223943508,19,96,875
69224771778,69224771772,-6,772,2871
69228362380,69228362376,-4,765,2456
69228983472,69228983467,-5,220,903
69236782066,69236782061,-5,1202,3439
69239721950,69239721946,-4,1216,2276
69241346365,69241346360,-5,1284,3780
69247972288,69247972288,0,16787,20960
69269578035,69269578036,1,30067,37644
69270009971,69270009966,-5,882,3268
69271414698,69271414690,-8,803,5165
69273729907,69273729902,-5,695,1743
69280902228,69280902227,-1,1823,1663
69283933183,69283933178,-5,923,3343
69284297895,69284297897,2,1911,1962
69285954286,69285954280,-6,959,3543
69289681838,69289681833,-5,957,3491
69290287586,69290287594,8,4463,1283
69291326139,69291326134,-5,1079,5121
69300370122,69300370118,-4,1009,4196
69302956223,69302956221,-2,769,2042
69305680585,69305680581,-4,788,2980
69309930510,69309930502,-8,1288,5450
69313703210,69313703205,-5,1382,2958
69319157783,69319157778,-5,951,2854
69319202970,69319202968,-2,411,1356
69320708730,69320708738,8,274,572
69322495838,69322495837,-1,1284,1105
69322621491,69322621487,-4,870,3041
69322853932,69322853926,-6,1290,4824
69323887358,69323887352,-6,1216,2986
69330319775,69330319771,-4,1215,3283
69331073279,69331073269,-10,162,1400
69341657293,69341657292,-1,1128,2053
69342240180,69342240194,14,898,3658
69345773645,69345773641,-4,1284,2300
69347485370,69347485367,-3,850,2637
69351080148,69351080154,6,3406,1181
69360461690,69360461686,-4,1382,3696
69364017322,69364017318,-4,697,1656
69366938481,69366938475,-6,1154,3520
69374744745,69374744740,-5,889,2655
69375602915,69375602910,-5,1299,3292
69376431502,69376431512,10,20809,58415
69378674437,69378674441,4,1467,944
69391702916,69391702904,-12,58,815
69393368379,69393368375,-4,1085,2976
69396529712,69396529710,-2,1277,1684
69397084510,69397084505,-5,943,2975
69398516642,69398516637,-5,990,4050
69399807906,69399807902,-4,758,1836
69407733664,69407733670,6,1944,1135
69411894519,69411894515,-4,967,3384
69412697702,69412697695,-7,1067,4314
69420871658,69420871653,-5,611,1748
69421607712,69421607735,23,309,1050
69423152535,69423152530,-5,1421,2327
69424824175,69424824169,-6,1168,3211
69425970596,69425970593,-3,1651,3704
69427325121,69427325127,6,6925,2994
69428742551,69428742546,-5,976,2423
69430956062,69430956055,-7,1317,2586
69437846073,69437846083,10,221,1010
69445841298,69445841298,0,1138,1820
69446124280,69446124293,13,95,697
69451558839,69451558834,-5,666,3084
69453143699,69453143694,-5,630,2489
69465146263,69465146258,-5,990,3900
69465786181,69465786171,-10,2242,11647
69469785710,69469785704,-6,1122,3319
69479175047,69479175042,-5,915,2508
69482152534,69482152530,-4,736,2541
69484820187,69484820183,-4,1483,3269
69485250416,69485250412,-4,1612,5551
69485627486,69485627479,-7,815,3420
69485687506,69485687523,17,710,2204
69494375347,69494375344,-3,818,2510
69496545834,69496545830,-4,1188,2426
69501824342,69501824337,-5,891,3474
69503177699,69503177691,-8,1151,3579
69509466460,69509466453,-7,995,3095
69509649891,69509649870,-21,178,733
69516266721,69516266714,-7,969,3590
69518920823,69518920816,-7,637,3008
69523936970,69523936969,-1,201,1340
69530211810,69530211804,-6,1008,2633
69531845238,69531845234,-4,1200,2600
69532315128,69532315129,1,221,759
69538283138,69538283132,-6,723,4056
69540775341,69540775337,-4,794,2755
69548036874,69548036874,0,1545,1765
69549137927,69549137923,-4,799,2706
69549309980,69549309989,9,357,1212
69555090514,69555090509,-5,1185,2086
69555700056,69555700063,7,1015,589
69559523477,69559523473,-4,1299,2610
69561839331,69561839326,-5,902,2885
69574260638,69574260633,-5,631,3130
69575165691,69575165685,-6,1202,3039
69576895394,69576895388,-6,1068,3647
69580349405,69580349399,-6,1312,3820
69582066003,69582066006,3,1522,1621
69583395055,69583395051,-4,993,3380
69588210698,69588210693,-5,1434,3162
69591082950,69591082946,-4,1172,3428
69602024066,69602024065,-1,1856,2614
69603127647,69603127645,-2,1435,1749
69606463173,69606463168,-5,978,2858
69608232999,69608232998,-1,2961,4377
69611974902,69611974897,-5,1224,3177
69612975469,69612975463,-6,816,3826
69613950545,69613950538,-7,1122,4567
69616690969,69616690965,-4,1112,2834
69620356097,69620356101,4,2495,1700
69624569058,69624569055,-3,1438,2644
69624642476,69624642494,18,696,1860
69625871829,69625871822,-7,1190,3302
69626940343,69626940338,-5,984,2120
69630671990,69630671987,-3,1158,2039
69642743420,69642743415,-5,1083,2764
69642770848,69642770869,21,63,896
69647406787,69647406782,-5,1079,3744
69647818417,69647818412,-5,1314,3790
69650779367,69650779362,-5,1060,3573
69651064554,69651064546,-8,305,1184
69657717657,69657717650,-7,1051,3118
69658114836,69658114855,19,700,2093
69661704697,69661704704,7,3858,1335
69668718550,69668718545,-5,1316,2943
69670948089,69670948085,-4,1765,3131
69684011090,69684011090,0,2682,3058
69711221257,69711221252,-5,1380,3660
69713590518,69713590521,3,1478,1439
69717101952,69717101947,-5,1184,2691
69720074379,69720074375,-4,687,2269
69720491387,69720491381,-6,1230,4563
69720898155,69720898157,2,1227,1698
69721767475,69721767471,-4,781,2115
69733129181,69733129175,-6,1403,4065
69744236068,69744236064,-4,1102,2959
69748088749,69748088743,-6,940,2707
69774592170,69774592165,-5,1162,2770
69774842609,69774842601,-8,11,925
69776371790,69776371785,-5,443,2190
69776438434,69776438451,17,1241,3193
69777280554,69777280549,-5,856,2977
69778309985,69778309984,-1,1301,1521
69781937658,69781937652,-6,1687,8565
69785899893,69785899888,-5,1619,2864
69786869047,69786869043,-4,1423,4476
69793739067,69793739062,-5,543,2058
69793962147,69793962142,-5,143,976
69795146666,69795146647,-19,183,986
69798612895,69798612891,-4,1219,3005
69799585989,69799585985,-4,989,3154
69802350678,69802350673,-5,868,3309
69805237186,69805237180,-6,1388,3765
69809037675,69809037670,-5,939,2249
69809604659,69809604662,3,1606,1300
69819764166,69819764161,-5,1442,3187
69822455747,69822455743,-4,672,2387
69836218486,69836218481,-5,1200,2784
69839354856,69839354853,-3,741,2459
69846729462,69846729460,-2,765,1998
69852641253,69852641267,14,11413,48170
69857505169,69857505165,-4,1288,3791
69864685554,69864685553,-1,1008,2724
69868283655,69868283650,-5,474,1233
69872694451,69872694447,-4,1166,2875
69873824354,69873824350,-4,996,2819
69874617257,69874617255,-2,840,2320
69875171250,69875171229,-21,180,1298
69884715709,69884715705,-4,989,3016
69889110782,69889110778,-4,826,2739
69893440854,69893440849,-5,1097,2669
69898244074,69898244072,-2,727,2192
69898328432,69898328449,17,349,1133
69900910078,69900910076,-2,1181,2531
69904227724,69904227717,-7,1257,4013
69906609266,69906609262,-4,959,4333
69910417067,69910417074,7,3214,1251
69915614289,69915614285,-4,809,2492
69925401009,69925401004,-5,894,2758
69931040116,69931040114,-2,1181,2779
69931466822,69931466825,3,1619,1156
69933001548,69933001541,-7,1557,3892
69940738594,69940738589,-5,633,2705
69946282086,69946282082,-4,1110,2291
69951127353,69951127346,-7,1133,2728
69959349189,69959349190,1,1746,1587
69959558292,69959558287,-5,1132,4197
69959600411,69959600402,-9,177,952
69961236041,69961236034,-7,1453,5175
69968978729,69968978724,-5,989,3000
69970196307,69970196303,-4,1067,3467
69972012399,69972012393,-6,1058,2829
69981414845,69981414841,-4,1159,2815
69983379011,69983379006,-5,880,2006
69993223805,69993223801,-4,956,3371
69993519761,69993519764,3,21428,30951
69995449345,69995449350,5,2494,861
70000009278,70000009274,-4,1238,3045
70000459009,70000459002,-7,261,1029
70012280649,70012280642,-7,1121,2526
70016832446,70016832440,-6,961,3365
70024074477,70024074475,-2,1976,2854
70025071326,70025071322,-4,622,1859
70028422235,70028422230,-5,1180,2922
70028966951,70028966944,-7,955,3300
70031011881,70031011877,-4,1025,2745
70033218081,70033218078,-3,148,860
70040187437,70040187432,-5,1175,2796
70045348838,70045348835,-3,1017,2622
70045507613,70045507618,5,2909,1096
70047865344,70047865338,-6,1541,3379
70048671496,70048671492,-4,861,3242
70050309741,70050309737,-4,825,2779
70053019490,70053019498,8,3397,1598
70055507857,70055507854,-3,713,2685
70056660097,70056660096,-1,1003,1680
70063365290,70063365286,-4,1171,2770
70065751630,70065751626,-4,1121,2386
70066010130,70066010123,-7,97,1209
70069473802,70069473797,-5,960,1822
70070657796,70070657810,14,1028,4311
70072540507,70072540502,-5,886,3576
70076764323,70076764318,-5,1041,2725
70078480958,70078480954,-4,1045,2117
70079023491,70079023487,-4,1086,2171
70083761806,70083761799,-7,1814,8572
70084463105,70084463125,20,690,1475
70095857303,70095857298,-5,1237,3944
70101931430,70101931426,-4,243,1159
70105254155,70105254153,-2,640,1924
70107448820,70107448824,4,1436,1102
70108882410,70108882406,-4,741,2779
70110132976,70110132990,14,288,1188
70115010088,70115010085,-3,1051,2862
70115178641,70115178623,-18,1311,3010
70121006443,70121006439,-4,1606,3361
70123028105,70123028092,-13,2016,860
70124516151,70124516146,-5,909,3425
70124972395,70124972390,-5,1119,3266
70126998786,70126998793,7,3281,1060
70128999314,70128999322,8,704,1964
70132882691,70132882686,-5,671,1135
70134048039,70134048048,9,9064,39058
70137979762,70137979757,-5,1115,3265
70139112635,70139112650,15,206,1156
70139169217,70139169211,-6,203,1745
70141145062,70141145055,-7,914,2831
70145832378,70145832373,-5,1229,3025
70145991522,70145991541,19,516,951
70148021970,70148021966,-4,722,1980
70148487643,70148487658,15,244,834
70149880172,70149880165,-7,1155,2745
70153214016,70153214013,-3,1123,2931
70163775881,70163775874,-7,1079,2539
70164293353,70164293350,-3,912,2850
70164591028,70164591039,11,247,1676
70169852845,70169852837,-8,833,2982
70170477249,70170477266,17,805,2897
70171559551,70171559546,-5,988,3100
70171960611,70171960605,-6,1636,4045
70172863461,70172863457,-4,703,2633
70173477103,70173477098,-5,994,2763
70174303315,70174303310,-5,730,1912
70175636243,70175636238,-5,1095,2887
70175803116,70175803112,-4,967,2703
70186659781,70186659777,-4,734,1579
70188862519,70188862513,-6,588,2806
70190123798,70190123793,-5,818,2528
70191339383,70191339378,-5,1172,3760
70193600574,70193600578,4,1642,1066
70194690364,70194690368,4,3205,2313
70195082831,70195082825,-6,1579,4019
70205552653,70205552651,-2,1038,1747
70206818213,70206818208,-5,935,2104
70208610331,70208610326,-5,908,3604
70209477777,70209477775,-2,1097,1257
70212062214,70212062209,-5,1113,3228
70214459590,70214459586,-4,513,1504
70214804299,70214804314,15,548,2176
70225403499,70225403493,-6,967,3377
70225478417,70225478412,-5,1034,3906
70225939423,70225939417,-6,1048,3040
70228472893,70228472890,-3,906,3577
70230431550,70230431547,-3,849,2432
70241114445,70241114441,-4,1329,2794
70241845921,70241845917,-4,1007,2225
70249330183,70249330177,-6,942,2712
70249747914,70249747909,-5,854,2846
70255784287,70255784280,-7,1001,2694
70262745962,70262745954,-8,707,3164
70264246514,70264246534,20,477,2027
70265844909,70265844904,-5,869,2845
70270067986,70270067981,-5,1175,3265
70270247822,70270247824,2,1872,2100
70273786037,70273786030,-7,460,1108
70294427459,70294427453,-6,944,2618
70298604842,70298604835,-7,1097,2456
70301830044,70301830041,-3,941,2917
70303451068,70303451061,-7,1180,2769
70304632516,70304632530,14,418,2170
70305179940,70305179934,-6,1502,6138
70307431260,70307431254,-6,934,3251
70308726055,70308726050,-5,703,2420
70312181497,70312181494,-3,1503,2193
70320204159,70320204152,-7,938,4700
70322072984,70322072978,-6,1093,3230
70327490184,70327490180,-4,1024,2541
70328020418,70328020433,15,1132,4521
70335572027,70335572036,9,12540,19753
70337661434,70337661429,-5,1159,2969
70340647712,70340647712,0,1494,1994
70344562752,70344562747,-5,1034,3510
70348510140,70348510135,-5,904,2200
70348979569,70348979566,-3,796,3043
70357427449,70357427446,-3,1348,2989
70360066594,70360066590,-4,970,2736
70362995661,70362995652,-9,528,4534
70364092387,70364092381,-6,506,2112
70365480086,70365480090,4,2385,1437
70374973426,70374973422,-4,920,2078
70380931075,70380931090,15,974,3363
70382207579,70382207576,-3,695,2147
70385759262,70385759258,-4,1246,4148
70392336546,70392336542,-4,1131,3390
70393096313,70393096317,4,260,1432
70394059279,70394059275,-4,870,3518
70395797948,70395797942,-6,489,2120
70395980420,70395980435,15,739,2899
70400860834,70400860835,1,2583,2275
70401671242,70401671236,-6,2508,6635
70401896598,70401896595,-3,606,1784
70406760391,70406760388,-3,1015,2240
70410337493,70410337489,-4,1362,2482
70412961807,70412961804,-3,723,1968
70415120518,70415120513,-5,658,1956
70416168616,70416168612,-4,1345,3695
70419046325,70419046322,-3,1122,2461
70423089587,70423089582,-5,1341,4588
70426593861,70426593858,-3,772,3167
70429433459,70429433454,-5,1485,3854
70441421417,70441421412,-5,1077,2946
70441558244,70441558262,18,365,1542
70442181752,70442181747,-5,1178,2806
70449749027,70449749021,-6,1049,4333
70450365746,70450365743,-3,836,3778
70455335083,70455335078,-5,620,1853
70460497587,70460497583,-4,1330,3240
70462350457,70462350453,-4,1676,4601
70463691778,70463691772,-6,1192,3627
70464704667,70464704662,-5,576,2811
70467495741,70467495737,-4,1343,3627
70469546200,70469546193,-7,1449,4166
70474005059,70474005053,-6,763,2483
70477829555,70477829550,-5,1325,4556
70479351674,70479351670,-4,946,1054
70480572775,70480572770,-5,845,2248
70480624972,70480624986,14,775,3970
70482420818,70482420814,-4,1344,2342
70488354107,70488354101,-6,1290,4117
70490109167,70490109158,-9,1097,2285
70491304225,70491304221,-4,971,3104
70491575788,70491575801,13,782,2341
70498460443,70498460438,-5,1156,4037
70499346929,70499346924,-5,1078,2245
70499584988,70499584996,8,274,1654
70500988729,70500988723,-6,634,3114
70501273730,70501273750,20,150,1028
70502964213,70502964211,-2,1227,1958
70505496225,70505496219,-6,1320,2150
70507358379,70507358379,0,1202,1624
70508228017,70508228011,-6,1567,4158
70509161550,70509161550,0,1524,1813
70512693306,70512693302,-4,990,3374
70513364462,70513364457,-5,758,2885
70513965695,70513965696,1,7019,24138
70514886059,70514886054,-5,966,2421
70516155246,70516155250,4,1912,1487
70519665551,70519665546,-5,634,2074
70526510339,70526510334,-5,1087,2463
70528227064,70528227057,-7,767,2931
70533428913,70533428909,-4,1371,3653
70539940365,70539940360,-5,901,3295
70541168354,70541168350,-4,1386,2171
70543729254,70543729249,-5,1236,3779
70549354472,70549354466,-6,1416,4259
70550368456,70550368456,0,1099,1593
70552713376,70552713375,-1,1807,1798
70555417346,70555417343,-3,1708,3002
70556140968,70556140965,-3,970,2266
70556727769,70556727763,-6,1099,3549
70560778320,70560778314,-6,1289,2287
70561210682,70561210663,-19,791,1296
70566059598,70566059593,-5,1118,3003
70572890464,70572890460,-4,1249,3282
70580458474,70580458473,-1,890,1923
70580733824,70580733826,2,166,1412
70581713817,70581713803,-14,154,1178
70581853428,70581853438,10,203,1243
70587754358,70587754354,-4,942,1727
70589838483,70589838477,-6,1049,2977
70592534223,70592534217,-6,471,1095
70594333629,70594333630,1,2037,2228
70597128562,70597128557,-5,787,3685
70601255407,70601255402,-5,896,4143
70602757749,70602757756,7,3907,1111
70603181107,70603181102,-5,1040,3059
70607268455,70607268450,-5,720,2038
70607572362,70607572374,12,348,889
70608907242,70608907240,-2,1106,1649
70609776534,70609776529,-5,1091,3651
70617394982,70617394978,-4,181,1178
70619972986,70619972980,-6,1044,3411
70620465255,70620465254,-1,953,2032
70622147039,70622147031,-8,962,3876
70626864852,70626864846,-6,1380,3097
70627138146,70627138141,-5,1040,2329
70630214504,70630214499,-5,1151,3296
70633480066,70633480060,-6,870,2555
70634599717,70634599711,-6,1146,2277
70636003750,70636003746,-4,1095,3206
70636738119,70636738112,-7,31618,14222
70645912914,70645912921,7,3969,1817
70646906621,70646906618,-3,949,1802
70647306792,70647306786,-6,1319,3546
70650994987,70650994986,-1,3784,5009
70658597070,70658597064,-6,1168,4366
70664990712,70664990705,-7,806,3342
70665185562,70665185559,-3,1016,1725
70668857178,70668857174,-4,998,3326
70670762242,70670762238,-4,1458,3886
70674014629,70674014623,-6,938,3288
70674748319,70674748314,-5,1152,2833
70675341141,70675341134,-7,1075,2666
70676851901,70676851898,-3,1079,4145
70678348681,70678348676,-5,864,2761
70686828107,70686828103,-4,898,2539
70686874880,70686874902,22,1058,3514
70691411711,70691411706,-5,1184,3107
70691928425,70691928419,-6,959,3790
70692126163,70692126178,15,254,789
70693130747,70693130766,19,955,3273
70693586768,70693586767,-1,2296,3008
70698754561,70698754553,-8,1339,3767
70699613307,70699613321,14,1583,3716
70702892349,70702892342,-7,881,3073
70711426747,70711426742,-5,775,1732
70713161372,70713161366,-6,1016,3089
70715826620,70715826615,-5,679,2419
70716583317,70716583323,6,1567,983
70718327029,70718327025,-4,1189,3032
70719338218,70719338202,-16,224,1454
70721263442,70721263438,-4,1255,2924
70725377839,70725377833,-6,1061,2640
70729812725,70729812720,-5,504,2411
70732470641,70732470659,18,307,1392
70738168727,70738168721,-6,452,1615
70748405631,70748405625,-6,862,3709
70748770884,70748770898,14,617,3380
70752471998,70752471994,-4,1412,2905
70756471186,70756471181,-5,1051,2689
70756805337,70756805350,13,408,842
70759151391,70759151391,0,1280,1486
70760768174,70760768169,-5,992,3278
70761829448,70761829444,-4,1200,3689
70773981078,70773981074,-4,973,1701
70780239511,70780239505,-6,966,2150
70801611393,70801611398,5,4162,2100
70801688456,70801688453,-3,1203,2500
70809482951,70809482955,4,1648,1054
70816772150,70816772145,-5,1521,3378
70817024120,70817024109,-11,1254,4224
70822153123,70822153117,-6,857,2781
70826205206,70826205204,-2,1077,1850
70826400417,70826400413,-4,914,2216
70826769718,70826769715,-3,954,2738
70826877210,70826877190,-20,366,1547
70831333645,70831333634,-11,2475,730
70834707423,70834707420,-3,1021,3150
70838564852,70838564854,2,35634,32698
70841330023,70841330018,-5,1207,3408
70843701883,70843701879,-4,1195,3319
70846370094,70846370090,-4,842,2564
70846906307,70846906303,-4,2875,5603
70847863638,70847863634,-4,1271,3173
70852950754,70852950757,3,1968,1420
70855061780,70855061786,6,4643,3567
70858607634,70858607630,-4,604,1891
70865357823,70865357819,-4,1274,3775
70865585925,70865585921,-4,22714,16767
70873609141,70873609135,-6,1280,4797
70880398458,70880398462,4,2997,2448
70883706766,70883706761,-5,990,2379
70883733473,70883733486,13,414,1926
70886128819,70886128815,-4,1318,2533
70895557546,70895557542,-4,918,3000
70896404474,70896404470,-4,1174,3393
70901158199,70901158197,-2,867,2351
70907818555,70907818561,6,1116,846
70914204253,70914204249,-4,1465,2921
70916297392,70916297386,-6,961,2809
70917088511,70917088508,-3,801,2668
70917632321,70917632335,14,554,2850
70917683362,70917683355,-7,842,3138
70917788329,70917788325,-4,1286,3218
70919286989,70919286986,-3,780,1925
70920740934,70920740927,-7,1228,3289
70921725468,70921725462,-6,681,4417
70922889486,70922889482,-4,829,2216
70923445106,70923445127,21,197,729
70923989225,70923989220,-5,1071,1750
70927262754,70927262750,-4,1144,1845
70927639913,70927639934,21,380,1711
70928491290,70928491286,-4,1198,4065
70930301359,70930301354,-5,1270,4476
70935058540,70935058534,-6,1072,2910
70936154502,70936154499,-3,808,2646
70937922506,70937922501,-5,863,2895
70938022849,70938022832,-17,87,561
70941286089,70941286085,-4,1187,4377
70943937091,70943937087,-4,876,2041
70944626103,70944626104,1,1249,1902
70948869658,70948869653,-5,956,2174
70949014737,70949014752,15,295,885
70951752038,70951752033,-5,1086,2587
70952324517,70952324522,5,3790,2416
70953651907,70953651901,-6,1139,2834
70954464828,70954464822,-6,905,2698
70957749910,70957749909,-1,962,2619
70959212522,70959212526,4,2074,1554
70964353206,70964353205,-1,18208,12109
70975219715,70975219709,-6,1314,3440
70984488066,70984488061,-5,747,4532
70985278504,70985278525,21,141,2409
70986174366,70986174363,-3,898,2163
70987359699,70987359718,19,1004,3529
70997769257,70997769250,-7,1246,3246
70998064192,70998064208,16,972,3535
71001204938,71001204934,-4,1112,2531
71002410159,71002410154,-5,917,3860
71006686700,71006686695,-5,1090,3214
71008181234,71008181240,6,4749,1836
71012992049,71012992043,-6,1470,4405
71015567418,71015567434,16,785,2602
71018239286,71018239282,-4,1095,3634
71022675027,71022675020,-7,29455,13183
71031219160,71031219161,1,1409,2014
71033805095,71033805090,-5,455,2079
71039763529,71039763525,-4,1507,2942
71039887079,71039887072,-7,940,1790
71040770923,71040770917,-6,549,2040
71045424450,71045424445,-5,856,2048
71047875371,71047875365,-6,1021,3101
71048905038,71048905034,-4,1202,3429
71052036406,71052036402,-4,1406,4339
71057901970,71057901966,-4,832,2145
71058389386,71058389406,20,1185,3492
71059612019,71059612013,-6,1144,3460
71060754472,71060754467,-5,1129,3132
71060814400,71060814422,22,308,656
71075269904,71075269898,-6,1357,3257
71078577045,71078577041,-4,791,1184
71082804593,71082804587,-6,1120,3060
71090055280,71090055301,21,2912,1254
71091180886,71091180880,-6,908,2413
71091332118,71091332113,-5,1057,3216
71093189356,71093189368,12,284,1336
71094380693,71094380679,-14,138,1105
71101590236,71101590231,-5,1014,3054
71106787065,71106787061,-4,1098,3390
71111523706,71111523702,-4,1001,2727
71137802823,71137802819,-4,1024,3389
71139232070,71139232066,-4,1127,3152
71142680235,71142680239,4,2778,2551
71144206870,71144206865,-5,938,3254
71144936826,71144936845,19,317,861
71145618707,71145618702,-5,680,2514
71150008197,71150008194,-3,1305,3303
71153105445,71153105442,-3,1006,1946
71154361118,71154361113,-5,957,2385
71154620627,71154620626,-1,296,1316
71165509938,71165509934,-4,1140,2516
71168040454,71168040446,-8,783,2837
71170382602,71170382597,-5,1203,2615
71175262671,71175262666,-5,548,1759
71175841830,71175841837,7,11936,20153
71192979377,71192979370,-7,935,2514
71196045302,71196045297,-5,2252,6115
71199168857,71199168852,-5,932,2580
71202686915,71202686909,-6,468,1540
71204049823,71204049817,-6,827,4015
71204400249,71204400244,-5,803,2312
71205237697,71205237694,-3,707,1620
71207818401,71207818397,-4,1331,3147
71208211531,71208211526,-5,1188,3947
71212252327,71212252322,-5,894,3162
71212279180,71212279191,11,831,2539
71215999243,71215999237,-6,704,2793
71217932658,71217932642,-16,1148,3462
71218779604,71218779601,-3,1449,3002
71222013864,71222013859,-5,1266,4014
71227646795,71227646789,-6,1039,2236
71230037519,71230037517,-2,886,2444
71230872322,71230872318,-4,1573,3240
71232671682,71232671682,0,1529,2601
71233339099,71233339094,-5,595,1605
71234015636,71234015628,-8,224,749
71238020754,71238020749,-5,1432,2752
71243337250,71243337250,0,1172,1769
71244247847,71244247844,-3,532,2662
71245977639,71245977633,-6,1068,4383
71253850340,71253850334,-6,1663,5758
71254882918,71254882914,-4,1102,2943
71255420282,71255420280,-2,890,1845
71258609364,71258609357,-7,1128,2721
71258641593,71258641610,17,240,1998
71259943594,71259943590,-4,840,3710
71261993895,71261993892,-3,977,1809
71268191192,71268191194,2,1695,1510
71271280791,71271280786,-5,817,2997
71272537722,71272537716,-6,891,2723
71274019317,71274019317,0,1995,2170
71276699058,71276699062,4,915,558
71277558771,71277558762,-9,879,3096
71285849253,71285849259,6,2324,1434
71287626863,71287626857,-6,1160,3961
71294236114,71294236110,-4,944,2162
71294887745,71294887740,-5,939,2599
71298345580,71298345574,-6,890,3177
71298985636,71298985654,18,362,1282
71310274268,71310274269,1,2891,2936
71310758278,71310758272,-6,1646,3264
71318677563,71318677558,-5,988,2946
71319298855,71319298850,-5,1016,3505
71320652902,71320652906,4,1893,1095
71321225705,71321225698,-7,1570,3592
71325143098,71325143091,-7,956,2817
71326714310,71326714306,-4,1205,3327
71326955528,71326955529,1,268,875
71327783577,71327783569,-8,1462,3641
71329869519,71329869514,-5,1024,2606
71330979067,71330979066,-1,880,1716
71331430619,71331430614,-5,961,3637
71332678934,71332678930,-4,887,4046
71333631603,71333631597,-6,769,3226
71334054540,71334054534,-6,1370,3860
71342870886,71342870881,-5,1357,3890
71345483678,71345483673,-5,1159,4049
71351241383,71351241378,-5,1118,3261
71355821423,71355821418,-5,1107,2947
71355871372,71355871377,5,1616,1273
71359513316,71359513310,-6,1178,2861
71359568539,71359568534,-5,967,2554
71361641119,71361641114,-5,928,2397
71362254192,71362254186,-6,1223,2474
71364372899,71364372894,-5,1155,2782
71364432777,71364432763,-14,99,695
71368403558,71368403555,-3,1296,3479
71370090597,71370090592,-5,953,2286
71379928284,71379928290,6,4266,2317
71381830819,71381830814,-5,1502,3629
71385333169,71385333164,-5,703,2910
71395247727,71395247722,-5,1152,3350
71417091639,71417091634,-5,682,2727
71421156992,71421156986,-6,1332,5444
71421374076,71421374094,18,1092,4132
71424086960,71424086953,-7,1810,4789
71431074141,71431074136,-5,1359,4791
71432097461,71432097457,-4,897,2359
71434736065,71434736069,4,1699,1203
71435091729,71435091712,-17,280,1229
71438784564,71438784550,-14,2214,40173
71438891839,71438891836,-3,669,1674
71448847304,71448847298,-6,1211,3142
71449741521,71449741540,19,638,2663
71455307297,71455307294,-3,1024,2450
71463087329,71463087324,-5,1750,3645
71463139182,71463139177,-5,1283,3227
71463347521,71463347502,-19,1479,2324
71468537178,71468537175,-3,754,1326
71477852947,71477852940,-7,757,3398
71478778553,71478778559,6,56,742
71480047831,71480047826,-5,1028,4009
71480164314,71480164308,-6,944,2341
71483209963,71483209959,-4,1208,2512
71483993170,71483993174,4,2064,1679
71487006077,71487006069,-8,576,2133
71487535922,71487535935,13,206,918
71493879979,71493879998,19,854,2609
71494058134,71494058130,-4,1529,3970
71494694075,71494694070,-5,987,3114
71495830018,71495830013,-5,1682,4063
71497583659,71497583656,-3,1004,2616
71500793242,71500793238,-4,1094,3431
71505126804,71505126798,-6,841,2950
71505381025,71505381019,-6,945,3384
71511491778,71511491774,-4,864,1848
71514698174,71514698168,-6,1501,4137
71515956965,71515956958,-7,951,3627
71516940993,71516940990,-3,780,1745
71521773627,71521773622,-5,776,2687
71548186484,71548186481,-3,931,2601
71548549147,71548549162,15,837,3351
71554175082,71554175077,-5,1060,3918
71554365630,71554365625,-5,1233,2796
71554524102,71554524106,4,1457,1227
71555460625,71555460619,-6,1651,4064
71564005935,71564005932,-3,1616,2721
71567125919,71567125920,1,1090,1598
71570132338,71570132333,-5,1575,3894
71571309410,71571309405,-5,1192,3685
71575027938,71575027933,-5,1094,3809
71578114190,71578114185,-5,1126,3226
71578762016,71578762022,6,182,1386
71579049755,71579049767,12,523,1034
71581672206,71581672208,2,1960,1934
71586242294,71586242289,-5,998,1946
71597389992,71597389986,-6,1468,4082
71598869075,71598869072,-3,1733,3475
71599872223,71599872226,3,1672,1137
71602086609,71602086604,-5,845,3911
71609732935,71609732930,-5,784,4197
71610444939,71610444933,-6,938,3211
71626426943,71626426937,-6,1040,2033
71633789861,71633789867,6,1250,579
71634084716,71634084710,-6,910,3067
71634196291,71634196310,19,622,2869
71635158642,71635158636,-6,1069,3449
71638617060,71638617065,5,1874,1469
71640668382,71640668378,-4,1089,3129
71650115783,71650115777,-6,1244,4090
71655826539,71655826534,-5,1059,2827
71657110915,71657110909,-6,1231,4050
71659589430,71659589425,-5,1134,3017
71661872392,71661872387,-5,1020,3185
71662195554,71662195560,6,3646,2506
71663679536,71663679531,-5,1204,3127
71663789647,71663789643,-4,1111,2888
71666211221,71666211214,-7,1137,2951
71671730095,71671730091,-4,942,2567
71675710515,71675710509,-6,3569,12666
71678241259,71678241254,-5,839,2580
71678272494,71678272490,-4,725,3219
71683780982,71683780979,-3,843,2087
71684817750,71684817745,-5,1319,3563
71686881494,71686881489,-5,1134,2804
71687790008,71687790003,-5,1367,3567
71692537817,71692537810,-7,542,2867
71692897574,71692897570,-4,1245,3987
71694421839,71694421837,-2,1856,3760
71701633255,71701633250,-5,877,3026
71705795237,71705795234,-3,818,2117
71706169493,71706169489,-4,1176,2154
71707055067,71707055063,-4,1019,3893
71708823347,71708823346,-1,910,1750
71709436356,71709436373,17,720,3093
71711033001,71711032998,-3,934,1918
71716957526,71716957519,-7,112,625
71722349655,71722349650,-5,1103,3202
71724266191,71724266188,-3,566,1641
71726313569,71726313574,5,2359,1470
71731379716,71731379714,-2,2862,5036
71736052630,71736052624,-6,776,3533
71743507438,71743507433,-5,963,4177
71750831169,71750831162,-7,1348,3604
71751103209,71751103208,-1,224,1583
71752033593,71752033588,-5,1203,3125
71755666115,71755666108,-7,952,2793
71763105038,71763105034,-4,585,3226
71763380147,71763380131,-16,724,2036
71763672585,71763672602,17,943,2703
71765851287,71765851281,-6,903,2444
71770534545,71770534541,-4,679,2470
71771877784,71771877806,22,942,2257
71780856696,71780856698,2,2014,1306
71782385179,71782385173,-6,1473,5423
71787303166,71787303158,-8,950,2739
71787612085,71787612090,5,2195,1471
71788077135,71788077136,1,2011,1430
71788716645,71788716645,0,3057,3717
71789833646,71789833641,-5,1177,3029
71792512713,71792512709,-4,882,2088
71792731633,71792731627,-6,1125,3213
71802750849,71802750847,-2,1068,1316
71804642614,71804642610,-4,598,1711
71805428104,71805428127,23,549,2783
71816012438,71816012438,0,13716,16517
71826818558,71826818553,-5,1252,3400
71831951836,71831951831,-5,994,3686
71832900139,71832900133,-6,1210,3299
71834850026,71834850014,-12,1151,2725
71835394367,71835394372,5,2746,1256
71840250911,71840250906,-5,641,2427
71842079574,71842079570,-4,751,2507
71843691540,71843691533,-7,1047,3979
71855114362,71855114358,-4,2468,8269
71865191474,71865191469,-5,996,2445
71865496805,71865496802,-3,1212,2105
71873601109,71873601102,-7,944,1554
71876113914,71876113902,-12,854,2909
71878832117,71878832113,-4,1071,2357
71880643767,71880643763,-4,532,2714
71889303289,71889303295,6,1950,887
71891855477,71891855470,-7,904,2639
71892202095,71892202092,-3,1025,2516
71893346469,71893346471,2,2369,2156
71893441759,71893441754,-5,892,3159
71899589762,71899589758,-4,896,4488
71900707994,71900707995,1,998,1131
71900844628,71900844645,17,834,1988
71910669719,71910669715,-4,1019,3089
71914226410,71914226418,8,4680,1575
71930229710,71930229704,-6,1680,5798
71932995923,71932995917,-6,1005,3180
71933874202,71933874200,-2,873,2418
71936030646,71936030641,-5,811,2074
71937851059,71937851053,-6,708,2432
71942566423,71942566417,-6,903,2363
71953826000,71953825996,-4,1790,4782
71954213910,71954213905,-5,869,2530
71969427485,71969427491,6,3226,1222
71971743993,71971743986,-7,1641,3936
71972446862,71972446859,-3,1411,2239
71977841045,71977841042,-3,1240,2265
71979595305,71979595299,-6,1231,4011
71983480994,71983481008,14,16043,49294
71986708779,71986708762,-17,682,3933
71992053462,71992053457,-5,1148,4057
71992821731,71992821734,3,1613,1268
72001594998,72001594994,-4,1052,3205
72002010814,72002010810,-4,1365,3889
72003301831,72003301827,-4,1136,4395
72004433350,72004433346,-4,873,3222
72006568377,72006568374,-3,1789,2664
72007952476,72007952480,4,1788,1337
72014187209,72014187203,-6,1085,2677
72022517416,72022517410,-6,774,1886
72022737139,72022737131,-8,970,1792
72022928009,72022928001,-8,793,2241
72026620842,72026620843,1,829,1879
72026730408,72026730402,-6,1245,4054
72039967613,72039967634,21,204,820
72045021397,72045021397,0,21228,21225
72052005126,72052005120,-6,556,3349
72052517112,72052517106,-6,365,1308
72060532099,72060532094,-5,1062,2058
72061855859,72061855853,-6,608,3150
72064851520,72064851513,-7,2813,11904
72066657009,72066657009,0,2462,2816
72068365318,72068365313,-5,1317,3365
72070582494,72070582490,-4,1385,3604
72073974439,72073974434,-5,914,1945
72074064459,72074064475,16,775,3231
72076934447,72076934444,-3,918,2486
72078555685,72078555691,6,1673,825
72080851094,72080851108,14,321,1633
72090725534,72090725531,-3,1034,3255
72094719445,72094719442,-3,1250,3757
72101852275,72101852274,-1,1416,1634
72105130719,72105130720,1,262,874
72105451763,72105451758,-5,770,3298
72108953554,72108953550,-4,1002,2756
72109631434,72109631417,-17,919,1673
72117922613,72117922610,-3,1039,2162
72118292764,72118292783,19,236,956
72122915939,72122915934,-5,1611,6002
72125242464,72125242459,-5,1018,4014
72126716531,72126716525,-6,785,2722
72126817256,72126817255,-1,333,2361
72127582693,72127582686,-7,1239,3405
72130830774,72130830769,-5,823,2411
72131308017,72131308014,-3,1275,2435
72132263507,72132263502,-5,739,1693
72134606760,72134606743,-17,10085,50550
72134940723,72134940742,19,156,1101
72137944341,72137944336,-5,1043,3082
72142454630,72142454638,8,5064,2053
72146722899,72146722901,2,1361,2217
72147727487,72147727482,-5,1775,3428
72152222439,72152222437,-2,1216,3750
72161684111,72161684088,-23,862,2278
72165908749,72165908745,-4,830,2092
72165954135,72165954131,-4,1133,2858
72166192184,72166192169,-15,898,3068
72167618310,72167618306,-4,1140,2497
72168903618,72168903615,-3,885,1858
72171178414,72171178409,-5,831,2615
72172570463,72172570459,-4,659,900
72176963530,72176963526,-4,1099,3217
72178036228,72178036224,-4,1481,3414
72178477893,72178477895,2,4920,5599
72179329726,72179329729,3,2177,2108
72185706038,72185706038,0,8011,11058
72191492511,72191492515,4,1487,1268
72192900559,72192900554,-5,1062,3654
72193467202,72193467198,-4,1405,4137
72199273396,72199273393,-3,702,1920
72203245431,72203245427,-4,1283,3010
72203984692,72203984686,-6,1053,2911
72204140233,72204140235,2,184,1291
72208689396,72208689409,13,793,2998
72215436579,72215436574,-5,788,2706
72220067019,72220067014,-5,975,3113
72229187671,72229187666,-5,733,2424
72245591301,72245591294,-7,1686,5469
72246431381,72246431378,-3,700,3109
72248069771,72248069766,-5,1417,3608
72251253098,72251253093,-5,1097,3195
72253174897,72253174895,-2,158,709
72253445022,72253445017,-5,1461,3167
72253948259,72253948254,-5,904,4260
72255606038,72255606033,-5,1032,3286
72259020363,72259020361,-2,1014,3442
72262753604,72262753609,5,2812,1478
72272351131,72272351127,-4,601,2148
72272386628,72272386643,15,1240,3506
72273498517,72273498511,-6,1120,3643
72280345938,72280345934,-4,1087,2784
72285386061,72285386057,-4,1228,2408
72285780786,72285780789,3,92,997
72287425574,72287425578,4,2212,1282
72293114005,72293113996,-9,936,3800
72296124982,72296124976,-6,1228,3328
72307206046,72307206042,-4,619,1314
72307347715,72307347730,15,366,1635
72308945135,72308945130,-5,972,2659
72311001310,72311001307,-3,990,2929
72313738583,72313738578,-5,1577,3272
72314005335,72314005331,-4,1100,2646
72315779171,72315779167,-4,941,3346
72320442333,72320442330,-3,1054,2216
72321774765,72321774768,3,1731,289
72325413559,72325413570,11,61,962
72326611395,72326611389,-6,716,2394
72333693385,72333693380,-5,1312,3836
72334958526,72334958522,-4,971,2715
72342061863,72342061858,-5,1087,2214
72349211083,72349211083,0,1370,1916
72351740729,72351740722,-7,493,1543
72354024971,72354024965,-6,1021,4664
72357475460,72357475452,-8,1193,3840
72363173061,72363173061,0,1137,1514
72368767509,72368767505,-4,1001,2354
72369343654,72369343658,4,2918,1499
72372309514,72372309510,-4,1162,3432
72372861238,72372861234,-4,900,2873
72374138444,72374138458,14,857,1724
72374322801,72374322790,-11,1047,2034
72374564216,72374564235,19,656,1378
72375937539,72375937534,-5,1100,2628
72376229163,72376229166,3,288,1936
72382688504,72382688499,-5,1512,3762
72386679241,72386679233,-8,888,2180
72388387619,72388387612,-7,1474,3085
72391578046,72391578041,-5,836,2825
72395451099,72395451091,-8,750,2284
72404148988,72404148985,-3,808,2206
72404315568,72404315575,7,382,1630
72405389273,72405389267,-6,942,2328
72406146782,72406146787,5,631,1117
72407314062,72407314072,10,14625,36052
72410660234,72410660229,-5,1335,4104
72412873255,72412873249,-6,904,1735
72413418172,72413418188,16,1283,3650
72416470287,72416470282,-5,891,2486
72419668551,72419668546,-5,845,2611
72420938107,72420938100,-7,744,3425
72423758319,72423758315,-4,939,2453
72425734835,72425734829,-6,1057,2431
72426018732,72426018738,6,294,1149
72426807053,72426807047,-6,1242,3035
72433693670,72433693665,-5,1301,4304
72435136083,72435136079,-4,811,2237
72439915459,72439915454,-5,822,2932
72440353918,72440353915,-3,1984,2529
72445988678,72445988673,-5,1261,3127
72447324742,72447324738,-4,1022,2216
72448045799,72448045790,-9,721,2503
72448359068,72448359077,9,237,1159
72448564299,72448564319,20,9,753
72449012010,72449012023,13,282,1658
72455815281,72455815275,-6,1257,3550
72473845195,72473845201,6,3482,1371
72478616043,72478616062,19,525,2209
72481439107,72481439103,-4,1081,2888
72482322977,72482322971,-6,818,2772
72483503962,72483503955,-7,722,3769
72484125488,72484125511,23,661,2700
72487533455,72487533450,-5,988,3618
72495450067,72495450064,-3,1208,2411
72497288482,72497288481,-1,1486,2266
72499307992,72499307986,-6,1023,2496
72500396857,72500396852,-5,1400,4224
72501061305,72501061299,-6,1110,3113
72509200322,72509200318,-4,868,2957
72510502185,72510502179,-6,608,2689
72516338147,72516338142,-5,512,2036
72521092174,72521092168,-6,915,1645
72523163150,72523163144,-6,1079,2760
72524394042,72524394038,-4,1086,3030
72526432469,72526432473,4,2749,1595
72529439456,72529439449,-7,1192,4091
72532635039,72532635019,-20,32022,27859
72539480407,72539480403,-4,614,2595
72540185123,72540185120,-3,1046,3141
72545451714,72545451711,-3,1111,2498
72548432446,72548432443,-3,1438,2699
72548578428,72548578423,-5,1051,3233
72559205771,72559205763,-8,1098,2999
72559489496,72559489502,6,1673,3104
72562690721,72562690715,-6,1097,2495
72563783078,72563783070,-8,826,5461
72566968621,72566968626,5,3358,1626
72567444907,72567444902,-5,775,3258
72568065786,72568065781,-5,1324,3055
72568116499,72568116485,-14,329,985
72568460682,72568460698,16,842,3133
72569472873,72569472871,-2,659,1389
72571042429,72571042425,-4,1023,3414
72571168400,72571168398,-2,181,1317
72573538525,72573538528,3,812,1828
72577833033,72577833028,-5,1094,3808
72583146718,72583146712,-6,718,2676
72583865495,72583865492,-3,767,2662
72584570836,72584570832,-4,1449,2991
72592318365,72592318359,-6,1418,3522
72593378950,72593378955,5,2813,1640
72597861188,72597861182,-6,797,2484
72606503041,72606503037,-4,1240,4502
72606726132,72606726126,-6,1033,3274
72610278226,72610278226,0,1471,1432
72610862955,72610862951,-4,1167,3092
72613777662,72613777657,-5,1014,2399
72615493546,72615493541,-5,1261,4019
72616022966,72616022961,-5,1050,3829
72620088073,72620088070,-3,756,1892
72623524983,72623524977,-6,854,2727
72628773594,72628773589,-5,1039,3289
72631413579,72631413574,-5,851,1301
72632626999,72632626995,-4,879,2598
72639741387,72639741382,-5,778,3087
72652107511,72652107506,-5,1062,3935
72660120719,72660120721,2,2079,1541
72661679266,72661679261,-5,1139,3021
72667263017,72667263013,-4,918,2787
72673884349,72673884346,-3,834,2251
72674424125,72674424123,-2,1462,2617
72674512354,72674512350,-4,892,3227
72679265191,72679265186,-5,995,3405
72679476219,72679476213,-6,998,4759
72680646841,72680646836,-5,1182,4126
72686630217,72686630211,-6,1016,2541
72692317289,72692317282,-7,1358,3418
72693897956,72693897974,18,385,1281
72707872310,72707872304,-6,961,3227
72708974842,72708974858,16,106,489
72712894072,72712894066,-6,966,3423
72716436590,72716436586,-4,1539,3269
72721195478,72721195477,-1,984,1991
72722319839,72722319836,-3,1177,3662
72724605502,72724605497,-5,805,2910
72726522226,72726522223,-3,762,2702
72731741946,72731741939,-7,1271,3090
72732347202,72732347215,13,302,1444
72741389607,72741389601,-6,1271,3160
72741840502,72741840498,-4,465,2142
72742409322,72742409318,-4,245,583
72744105790,72744105769,-21,717,234
72744744207,72744744202,-5,710,2853
72745458115,72745458110,-5,660,2337
72745725579,72745725574,-5,993,3669
72749662486,72749662481,-5,1225,2414
72756341089,72756341085,-4,824,4003
72758666300,72758666294,-6,1261,3714
72761437768,72761437762,-6,769,3560
72761831118,72761831113,-5,1073,3573
72763577198,72763577195,-3,1195,1685
72765658430,72765658426,-4,413,1961
72777977362,72777977358,-4,1171,3700
72779648447,72779648442,-5,807,5061
72780744182,72780744178,-4,665,2339
72781113226,72781113211,-15,168,1412
72782391416,72782391412,-4,976,4424
72786777642,72786777645,3,16635,38846
72790519752,72790519745,-7,971,4727
72791555379,72791555386,7,149,866
72792473534,72792473535,1,1357,1673
72797330170,72797330168,-2,1110,2927
72800173118,72800173114,-4,851,1593
72805849431,72805849426,-5,1278,3660
72806499906,72806499901,-5,968,3861
72810166691,72810166686,-5,1272,4138
72812577722,72812577711,-11,101,992
72822370490,72822370485,-5,1062,4021
72822897891,72822897882,-9,80,872
72823198845,72823198841,-4,1150,2073
72825995508,72825995503,-5,1056,2617
72826373593,72826373589,-4,1249,3151
72826762452,72826762445,-7,1573,4398
72827161115,72827161103,-12,1002,2779
72830330895,72830330890,-5,663,2504
72840305540,72840305525,-15,904,2709
72851304233,72851304230,-3,1106,2370
72853880593,72853880591,-2,607,1942
72855669868,72855669886,18,706,3172
72855712639,72855712637,-2,1877,3488
72860799678,72860799674,-4,1015,3235
72861063844,72861063857,13,44,1122
72864616535,72864616529,-6,936,2424
72865475224,72865475247,23,498,1548
72875172350,72875172345,-5,1012,2997
72878275706,72878275701,-5,866,3413
72885200897,72885200892,-5,973,2796
72895005477,72895005473,-4,16707,13979
72899420453,72899420447,-6,927,3951
72899521081,72899521074,-7,314,818
72900480410,72900480425,15,540,1685
72905462042,72905462038,-4,1125,2950
72910116827,72910116825,-2,1355,2369
72910823161,72910823162,1,1703,1576
72914678334,72914678334,0,1756,2115
72914879906,72914879902,-4,943,2721
72916366047,72916366043,-4,356,751
72921111214,72921111209,-5,1020,3706
72924761216,72924761212,-4,1447,3676
72925976651,72925976669,18,1,1095
72929789760,72929789754,-6,988,2407
72933081974,72933081967,-7,1133,2957
72938441760,72938441753,-7,687,3230
72941321612,72941321606,-6,1200,4182
72943300616,72943300611,-5,1263,3526
72947098646,72947098641,-5,648,3251
72947456844,72947456863,19,777,2962
72961463310,72961463306,-4,800,3423
72965990335,72965990329,-6,739,3705
72970911319,72970911313,-6,783,3161
72972125611,72972125607,-4,1054,3630
72972822068,72972822082,14,1046,3183
72976087618,72976087613,-5,1046,4201
72976195417,72976195410,-7,1023,4550
72976609717,72976609711,-6,1091,2855
72981292892,72981292886,-6,1167,2956
72985442894,72985442889,-5,943,2542
72989897797,72989897792,-5,1031,3175
72989975195,72989975199,4,287,1175
72998925926,72998925925,-1,1163,2096
72999074069,72999074064,-5,1151,3697
72999221416,72999221410,-6,1148,3534
73003931895,73003931893,-2,778,2172
73008706443,73008706438,-5,1090,3613
73009691056,73009691049,-7,2080,9497
73025402810,73025402806,-4,1677,4136
73029013779,73029013774,-5,643,3433
73029319515,73029319519,4,107,1072
73029822096,73029822115,19,1093,2304
73032978377,73032978373,-4,936,2070
73033307059,73033307072,13,781,2946
73035048411,73035048406,-5,840,3593
73036576750,73036576749,-1,986,2083
73037751186,73037751179,-7,105,589
73038703096,73038703082,-14,1117,3828
73039882338,73039882353,15,631,2170
73042285393,73042285386,-7,994,2931
73043003497,73043003482,-15,348,949
73053749875,73053749870,-5,322,1055
73054146474,73054146494,20,232,1539
73054369429,73054369424,-5,902,3900
73060186356,73060186362,6,1502,787
73060450110,73060450115,5,2750,1902
73062259553,73062259558,5,3082,1378
73066035570,73066035572,2,1755,1367
73070957559,73070957554,-5,1458,4059
73074716718,73074716733,15,8678,49952
73076272876,73076272883,7,24410,24489
73076867130,73076867126,-4,1141,2498
73080572103,73080572099,-4,761,2110
73083311258,73083311254,-4,729,2888
73087421893,73087421887,-6,1204,3139
73087840637,73087840633,-4,1019,3129
73088154916,73088154910,-6,1195,2980
73090855963,73090855962,-1,1746,3068
73098393232,73098393229,-3,1158,2522
73102127090,73102127086,-4,923,3613
73102861066,73102861065,-1,1367,1332
73106301411,73106301406,-5,906,2443
73108736355,73108736352,-3,780,1794
73111315863,73111315879,16,2434,9381
73115438140,73115438133,-7,1093,3670
73122765671,73122765666,-5,1389,3357
73127805686,73127805683,-3,1366,2715
73130189491,73130189487,-4,936,2712
73132009673,73132009668,-5,1338,3044
73135021442,73135021439,-3,1236,2524
73144028300,73144028294,-6,1118,4217
73147816413,73147816400,-13,711,3347
73148429345,73148429364,19,880,2450
73154349121,73154349117,-4,1061,3651
73155373203,73155373201,-2,1990,4117
73157316239,73157316233,-6,1022,3338
73158361888,73158361905,17,759,2920
73159919479,73159919474,-5,967,3434
73166077714,73166077711,-3,648,2143
73166543915,73166543934,19,1051,3702
73166661550,73166661545,-5,1272,2980
73168336136,73168336129,-7,1103,3704
73173016009,73173016005,-4,988,3399
73174049430,73174049425,-5,1169,3883
73174963565,73174963559,-6,1030,2728
73183182045,73183182039,-6,890,2849
73184332883,73184332880,-3,951,2858
73189796103,73189796097,-6,997,2975
73194665560,73194665561,1,1861,1819
73195818978,73195818997,19,589,3007
73198572082,73198572078,-4,1088,2922
73199135672,73199135691,19,394,1797
73203701353,73203701349,-4,1066,2999
73211504219,73211504198,-21,1261,1042
73211597097,73211597091,-6,807,3395
73217103859,73217103854,-5,656,2665
73217736346,73217736342,-4,754,2622
73219133085,73219133082,-3,41834,5618
73222823118,73222823113,-5,967,2362
73225774398,73225774394,-4,1327,3330
73227080014,73227080009,-5,1047,4216
73231034529,73231034524,-5,675,1806
73231335995,73231336006,11,286,1119
73235766875,73235766870,-5,899,2967
73236842166,73236842162,-4,1511,3525
73244731401,73244731396,-5,1342,3984
73245750086,73245750093,7,12930,37287
73247329252,73247329251,-1,2888,4478
73249071514,73249071510,-4,812,2509
73251575390,73251575396,6,8389,2539
73254001894,73254001891,-3,1028,2117
73254978413,73254978407,-6,871,2402
73255781790,73255781784,-6,1165,3161
73256729379,73256729375,-4,933,2362
73258024802,73258024797,-5,1007,2736
73261058133,73261058137,4,1261,1355
73263694510,73263694507,-3,845,1766
73264604490,73264604485,-5,1252,3542
73265375847,73265375842,-5,842,2585
73274786318,73274786312,-6,419,1053
73277299515,73277299511,-4,1118,2176
73279019607,73279019602,-5,1041,3134
73284712834,73284712825,-9,1425,3398
73287721997,73287721993,-4,1269,3430
73288309011,73288309017,6,40,1135
73293618531,73293618528,-3,1152,2546
73296978703,73296978707,4,2191,1503
73298436484,73298436477,-7,781,4492
73302636430,73302636423,-7,1192,2834
73303309530,73303309526,-4,701,2695
73305134893,73305134893,0,2428,2943
73310510789,73310510783,-6,1047,3671
73311672117,73311672114,-3,1524,2482
73312457282,73312457277,-5,939,3682
73313836519,73313836513,-6,1212,3500
73319931548,73319931542,-6,1128,4086
73320443732,73320443746,14,420,1039
73324892259,73324892256,-3,811,2886
73325451474,73325451472,-2,559,2020
73325963460,73325963454,-6,954,2487
73326336443,73326336434,-9,923,3285
73327715017,73327715012,-5,1146,3863
73336943689,73336943691,2,1019,1219
73337586692,73337586686,-6,2347,8153
73338815859,73338815854,-5,1172,3558
73340813834,73340813829,-5,816,3065
73347295589,73347295584,-5,1043,4345
73353608083,73353608081,-2,889,2007
73353691960,73353691955,-5,91,1157
73359304722,73359304719,-3,707,1447
73364237554,73364237554,0,1115,2159
73365101388,73365101366,-22,249,2316
73368764092,73368764085,-7,1171,3546
73369965900,73369965903,3,1028,748
73371089536,73371089531,-5,1163,3371
73372085273,73372085282,9,189,954
73374574577,73374574572,-5,862,3053
73374785182,73374785177,-5,1058,2648
73382704966,73382704973,7,5555,2282
73382766958,73382766964,6,14131,5007
73382834818,73382834825,7,2361,1309
73383348798,73383348795,-3,1220,2847
73384904553,73384904549,-4,1617,4614
73388794559,73388794553,-6,999,3805
73389216784,73389216768,-16,1058,2831
73389565627,73389565634,7,263,1405
73391227722,73391227715,-7,1348,3358
73395859179,73395859173,-6,748,4088
73399195353,73399195354,1,32170,32843
73399224733,73399224730,-3,954,3023
73403183322,73403183320,-2,1043,2274
73403275139,73403275147,8,8256,27735
73406117063,73406117058,-5,1010,2201
73408347419,73408347414,-5,1003,2512
73414159326,73414159322,-4,897,1408
73415729142,73415729138,-4,937,2978
73417232691,73417232686,-5,1059,2633
73423259651,73423259646,-5,529,3241
73427460535,73427460537,2,686,815
73427938400,73427938389,-11,403,1612
73435528302,73435528298,-4,1109,2620
73437014714,73437014710,-4,617,3152
73439130400,73439130395,-5,968,2696
73443961597,73443961604,7,2729,845
73448998433,73448998415,-18,2515,1234
73457001509,73457001505,-4,556,2072
73459053996,73459054001,5,2234,1219
73461094758,73461094753,-5,992,2470
73469609314,73469609308,-6,991,3263
73472929920,73472929917,-3,867,3224
73473797503,73473797498,-5,785,1826
73473866845,73473866839,-6,901,2221
73475461507,73475461502,-5,1042,3630
73475779679,73475779673,-6,1189,3794
73480959433,73480959430,-3,1008,2727
73487616219,73487616213,-6,2214,7153
73492230513,73492230509,-4,674,1861
73493481370,73493481365,-5,711,1388
73496142205,73496142201,-4,1039,3129
73503824999,73503825007,8,5892,26852
73507092782,73507092776,-6,1143,3874
73512085931,73512085927,-4,1084,3443
73516451031,73516451024,-7,829,4060
73520137597,73520137594,-3,969,2831
73525753966,73525753962,-4,1040,1621
73531508050,73531508057,7,5098,2590
73532394963,73532394961,-2,1010,2630
73536445258,73536445253,-5,1010,2351
73538046042,73538046036,-6,1129,3710
73538690607,73538690602,-5,948,3608
73549251627,73549251621,-6,1089,3102
73549952067,73549952086,19,235,1283
73550939754,73550939767,13,707,2780
73555635152,73555635147,-5,988,3011
73556291724,73556291739,15,40,1178
73556714713,73556714716,3,35770,26649
73563608590,73563608583,-7,1232,3870
73567637559,73567637554,-5,837,3521
73570362759,73570362755,-4,937,2706
73572034993,73572034999,6,4977,777
73575034610,73575034598,-12,13142,41396
73584552003,73584551998,-5,1570,3400
73586038119,73586038117,-2,1288,3099
73595231022,73595231016,-6,1237,3390
73598085406,73598085401,-5,1224,4659
73598252478,73598252473,-5,1383,4219
73600670794,73600670794,0,1469,1987
73601317695,73601317698,3,3534,2351
73607196684,73607196699,15,886,3353
73607406378,73607406374,-4,1242,3414
73613393834,73613393829,-5,1191,2789
73616008203,73616008195,-8,1154,6978
73616197389,73616197385,-4,1114,4650
73619847037,73619847033,-4,1123,2864
73626045542,73626045538,-4,506,1991
73628982971,73628982966,-5,894,2322
73629304054,73629304053,-1,18961,57947
73638235222,73638235218,-4,772,3183
73638571247,73638571243,-4,620,2364
73643592917,73643592922,5,3502,1485
73645105245,73645105239,-6,1142,3985
73647494811,73647494805,-6,930,3029
73648273598,73648273593,-5,1018,3208
73655882174,73655882171,-3,1611,2617
73662465135,73662465130,-5,1053,4422
73697822345,73697822341,-4,921,2404
73700470714,73700470709,-5,1114,3258
73707394606,73707394585,-21,1113,1740
73709669354,73709669347,-7,1008,3388
73712362727,73712362722,-5,817,2387
73713051657,73713051651,-6,1182,3755
73717495063,73717495058,-5,764,2859
73718079628,73718079644,16,839,2533
73720283478,73720283472,-6,1402,3301
73731580577,73731580571,-6,1058,2125
73734658602,73734658598,-4,695,2113
73734708353,73734708370,17,1155,4285
73744295757,73744295776,19,919,3470
73745291579,73745291572,-7,1039,2841
73746203930,73746203935,5,2202,1708
73753222904,73753222903,-1,944,1809
73760543403,73760543399,-4,898,2485
73761993839,73761993835,-4,1050,3237
73773414904,73773414901,-3,1126,2436
73775660184,73775660178,-6,1456,3513
73782150526,73782150521,-5,1214,3115
73785739567,73785739562,-5,1369,3156
73786723506,73786723503,-3,1193,2449
73790337591,73790337586,-5,1094,2945
73795257668,73795257667,-1,1166,2854
73795812473,73795812455,-18,131,988
73797679103,73797679110,7,3281,1193
73800894126,73800894122,-4,893,2673
73809982363,73809982361,-2,734,2079
73811110069,73811110062,-7,1128,3400
73811343129,73811343143,14,145,1002
73815519194,73815519190,-4,1156,3168
73816680874,73816680869,-5,826,2642
73819272878,73819272873,-5,1008,2835
73820038001,73820037996,-5,1054,2591
73825513557,73825513551,-6,1368,2865
73827963186,73827963191,5,4774,1981
73828383426,73828383422,-4,1285,3062
73831129707,73831129702,-5,1594,3716
73834296354,73834296348,-6,887,3407
73835128422,73835128417,-5,973,3407
73835747702,73835747697,-5,738,2655
73836435362,73836435364,2,715,1953
73836604610,73836604604,-6,1048,3244
73840184790,73840184786,-4,771,1901
73845666827,73845666824,-3,1056,3633
73847700266,73847700261,-5,1118,3896
73848389594,73848389590,-4,850,2369
73850893745,73850893741,-4,1099,2799
73861625981,73861625977,-4,888,2114
73863534933,73863534929,-4,1226,4103
73870244610,73870244605,-5,941,2293
73877797279,73877797274,-5,794,2972
73881845248,73881845244,-4,1333,3765
73883549122,73883549119,-3,1652,2654
73884122854,73884122857,3,2870,1913
73884401263,73884401266,3,1233,1482
73886766914,73886766911,-3,729,2897
73887711637,73887711637,0,1436,1501
73887779818,73887779810,-8,1042,4128
73909374959,73909374953,-6,1376,4145
73910303280,73910303277,-3,1272,2381
73917568490,73917568485,-5,1213,3549
73919541567,73919541561,-6,1425,8493
73921439837,73921439831,-6,1653,5571
73921704410,73921704403,-7,1292,5222
73927254911,73927254927,16,507,1152
73927577824,73927577818,-6,952,3597
73929190375,73929190370,-5,1351,2741
73929895404,73929895398,-6,831,2859
73931396005,73931395999,-6,812,2726
73931849213,73931849210,-3,2331,3773
73932809661,73932809655,-6,595,1842
73932860226,73932860206,-20,1030,3233
73938279426,73938279437,11,9006,49160
73950045808,73950045822,14,989,2610
73953238302,73953238300,-2,910,3007
73959179392,73959179386,-6,1352,3560
73961939219,73961939214,-5,968,3457
73966633346,73966633342,-4,1349,4561
73966660412,73966660404,-8,1166,3452
73971451669,73971451667,-2,1258,1889
73972207730,73972207725,-5,1185,3221
73972695339,73972695325,-14,384,818
73977995210,73977995205,-5,821,2578
73978034560,73978034555,-5,946,2888
73981411821,73981411816,-5,1585,3235
73987903201,73987903196,-5,1162,3441
73987970619,73987970631,12,374,1297
73988861177,73988861171,-6,1133,2888
73989291000,73989290996,-4,1197,3503
73991819821,73991819817,-4,1031,2866
73993575113,73993575109,-4,873,2013
74002923499,74002923494,-5,912,3106
74007064045,74007064040,-5,896,2007
74009761802,74009761796,-6,991,3748
74014302933,74014302927,-6,1049,3141
74014564757,74014564751,-6,785,1709
74015256793,74015256813,20,464,2307
74020925527,74020925522,-5,421,1575
74021699231,74021699225,-6,885,4288
74024098629,74024098622,-7,2362,6135
74026307699,74026307694,-5,997,4925
74029425561,74029425557,-4,691,4348
74036926198,74036926194,-4,1616,2709
74038369170,74038369164,-6,954,3206
74038930026,74038930023,-3,1148,3784
74047032747,74047032741,-6,516,2375
74049929504,74049929499,-5,1104,2929
74051128867,74051128860,-7,892,2631
74051210152,74051210145,-7,797,2845
74051553571,74051553566,-5,1013,1667
74053634050,74053634042,-8,1169,5579
74056225710,74056225717,7,10389,2260
74059406698,74059406694,-4,1122,2282
74061799605,74061799600,-5,607,1189
74066070790,74066070785,-5,999,3737
74066168968,74066168963,-5,922,1933
74067758333,74067758332,-1,4401,6059
74067980384,74067980382,-2,1468,1634
74070944114,74070944118,4,1530,1709
74071497241,74071497262,21,1129,4008
74073412966,74073412961,-5,1146,3643
74077210493,74077210489,-4,946,2476
74077279202,74077279197,-5,544,2163
74078140538,74078140542,4,29294,21092
74084816842,74084816834,-8,925,4797
74085547953,74085547974,21,682,3510
74092722539,74092722533,-6,1095,2923
74093629659,74093629653,-6,786,3112
74096176715,74096176710,-5,1022,2607
74100030097,74100030091,-6,1185,2137
74105647225,74105647221,-4,1387,3581
74105874523,74105874518,-5,1241,2648
74107667190,74107667185,-5,1205,4353
74110262915,74110262910,-5,794,2529
74113332640,74113332634,-6,659,2977
74113884512,74113884508,-4,1141,3390
74115358009,74115358002,-7,973,4900
74119441842,74119441838,-4,680,2760
74120979018,74120979014,-4,1234,4673
74129867419,74129867414,-5,931,2609
74130755009,74130754990,-19,843,3536
74130834140,74130834158,18,558,1132
74134266614,74134266616,2,1235,1389
74136768374,74136768369,-5,1137,2093
74140137935,74140137937,2,925,824
74144263925,74144263921,-4,846,2695
74145426574,74145426570,-4,1425,2966
74150341198,74150341194,-4,1326,3833
74151844795,74151844789,-6,1094,2328
74168016350,74168016342,-8,722,3516
74169034689,74169034683,-6,212,1520
74170447642,74170447647,5,10432,4154
74178970155,74178970149,-6,1065,3449
74181953729,74181953724,-5,1251,2784
74185495819,74185495825,6,2033,1218
74186752581,74186752576,-5,535,2294
74190057182,74190057189,7,5125,2295
74204104979,74204104972,-7,953,3311
74204510408,74204510431,23,1044,3026
74211187954,74211187949,-5,1529,3965
74213652148,74213652161,13,1539,638
74228847033,74228847019,-14,856,516
74229451042,74229451062,20,696,2514
74230254473,74230254469,-4,1033,2899
74230806018,74230806006,-12,934,2728
74231718463,74231718458,-5,610,2529
74232720530,74232720510,-20,641,1908
74237303767,74237303762,-5,977,2476
74238333721,74238333717,-4,1221,3284
74243962917,74243962913,-4,1169,3472
74246564645,74246564641,-4,1354,2865
74248948989,74248948997,8,2882,1382
74249336375,74249336368,-7,1198,3468
74249394610,74249394600,-10,8515,16703
74250406059,74250406057,-2,381,1988
74258649343,74258649333,-10,671,3471
74258685746,74258685764,18,365,870
74259376685,74259376681,-4,1277,2995
74264715282,74264715276,-6,1143,4335
74264895162,74264895179,17,861,1536
74267192426,74267192424,-2,952,2805
74269468131,74269468127,-4,1065,2855
74273803650,74273803652,2,1840,1516
74274194378,74274194372,-6,663,2251
74278557946,74278557942,-4,1287,3349
74281269477,74281269472,-5,821,2978
74295469609,74295469602,-7,1177,3852
74298744725,74298744719,-6,721,2602
74310446046,74310446041,-5,1343,3621
74313693614,74313693608,-6,967,3392
74320739813,74320739809,-4,1003,2594
74323571825,74323571819,-6,960,3223
74325646471,74325646466,-5,1352,3112
74326289981,74326289978,-3,1170,3203
74326339694,74326339692,-2,2348,4056
74327545842,74327545838,-4,1036,2961
74329214323,74329214317,-6,1214,3109
74331928692,74331928686,-6,756,3335
74334529135,74334529137,2,5803,6830
74334952551,74334952547,-4,1471,2686
74340165115,74340165110,-5,1208,2537
74340458185,74340458180,-5,576,2060
74342079506,74342079501,-5,1089,2546
74344958490,74344958485,-5,1482,4267
74354179505,74354179499,-6,1201,3228
74359533181,74359533178,-3,977,1796
74359798882,74359798898,16,658,2180
74368631178,74368631173,-5,837,3017
74369165060,74369165079,19,1423,1449
74370342857,74370342851,-6,983,1955
74371599474,74371599468,-6,737,3610
74374071378,74374071377,-1,866,2094
74376752560,74376752556,-4,1324,4219
74377198123,74377198122,-1,263,1021
74377354722,74377354700,-22,242,992
74381806717,74381806710,-7,974,3761
74382778500,74382778514,14,179,770
74389615104,74389615114,10,386,1372
74394061694,74394061690,-4,642,1701
74396927032,74396927031,-1,1131,2477
74399772507,74399772502,-5,765,2421
74399909714,74399909735,21,437,1261
74412653783,74412653782,-1,1322,1537
74412861080,74412861083,3,1556,775
74414098410,74414098406,-4,1684,3603
74416168342,74416168345,3,3181,1408
74417069951,74417069946,-5,857,2817
74424443678,74424443683,5,1966,1338
74426707766,74426707770,4,1300,20045
74431918303,74431918299,-4,1113,2546
74434842544,74434842548,4,2023,1651
74434963826,74434963821,-5,707,2377
74435059561,74435059570,9,478,1643
74436954254,74436954250,-4,610,1862
74437298586,74437298581,-5,909,2573
74437379252,74437379254,2,128,819
74439720098,74439720095,-3,846,2930
74446827174,74446827170,-4,1405,3455
74447072068,74447072065,-3,1658,3081
74449472499,74449472493,-6,1277,2677
74455607155,74455607153,-2,781,1960
74460500198,74460500194,-4,1105,1914
74463248266,74463248263,-3,733,1283
74465926142,74465926122,-20,1401,637
74466088280,74466088274,-6,917,3498
74467901927,74467901922,-5,663,1867
74469719687,74469719681,-6,688,3027
74473318547,74473318538,-9,1175,3070
74485813184,74485813179,-5,756,1902
74487314841,74487314835,-6,1061,3060
74495055282,74495055278,-4,1222,3564
74498245150,74498245146,-4,978,2806
74505816033,74505816038,5,2398,1040
74512909199,74512909192,-7,455,2553
74522417143,74522417134,-9,1159,2312
74524284619,74524284616,-3,879,3507
74534006284,74534006279,-5,452,1875
74534116370,74534116375,5,300,1067
74536262295,74536262298,3,1760,1085
74538665358,74538665354,-4,679,3510
74549918959,74549918955,-4,998,3197
74554495050,74554495046,-4,692,1401
74554781177,74554781157,-20,233,1442
74561758784,74561758791,7,2746,1380
74568487568,74568487574,6,3679,1619
74575302838,74575302833,-5,984,2717
74575509863,74575509858,-5,1072,2461
74576997562,74576997558,-4,1303,3667
74577256547,74577256563,16,402,1445
74579312945,74579312939,-6,791,3086
74581957306,74581957302,-4,906,2526
74589419822,74589419819,-3,890,2444
74604346222,74604346217,-5,1022,3325
74606827762,74606827757,-5,697,1444
74612050834,74612050834,0,1375,1612
74612942755,74612942752,-3,1093,2521
74613016459,74613016462,3,52,662
74618764223,74618764217,-6,885,1787
74619779963,74619779957,-6,837,3695
74619861590,74619861585,-5,1122,3192
74624305131,74624305125,-6,852,3527
74627667338,74627667342,4,2172,1802
74630500094,74630500101,7,6220,2475
74632822447,74632822443,-4,1238,2673
74633596533,74633596528,-5,1605,2701
74633787646,74633787640,-6,840,2089
74638105622,74638105625,3,828,1178
74642177313,74642177307,-6,793,3001
74642397033,74642397021,-12,687,2540
74646089534,74646089528,-6,1053,3128
74646581973,74646581973,0,1310,1860
74649465605,74649465601,-4,1104,2708
74652370995,74652370990,-5,1061,2738
74653524709,74653524705,-4,1498,3069
74655667046,74655667042,-4,998,2773
74656666331,74656666331,0,1432,2028
74658615977,74658615982,5,2132,1112
74661871274,74661871268,-6,1407,3986
74662456066,74662456063,-3,1167,2645
74662560648,74662560645,-3,872,2791
74672030166,74672030163,-3,1070,3193
74675934139,74675934134,-5,1281,2587
74681657615,74681657609,-6,1089,3226
74688589478,74688589481,3,1784,1188
74689233223,74689233218,-5,1711,4150
74695157867,74695157865,-2,1048,3535
74695677477,74695677482,5,2133,993
74696845350,74696845346,-4,1730,3544
74698930290,74698930285,-5,1174,6539
74700803465,74700803459,-6,823,3671
74700869252,74700869271,19,263,1248
74705836266,74705836261,-5,1181,2937
74709783815,74709783811,-4,653,1482
74719709717,74719709710,-7,876,3942
74723160366,74723160361,-5,938,1555
74727642633,74727642628,-5,1089,4003
74734360517,74734360512,-5,1588,2651
74734542142,74734542139,-3,1391,2485
74737648158,74737648161,3,831,1183
74738321508,74738321505,-3,1346,3168
74752728794,74752728789,-5,874,2608
74753194704,74753194726,22,640,1508
74759340171,74759340166,-5,996,4659
74760545587,74760545582,-5,983,3246
74762931839,74762931833,-6,1234,4938
74774555371,74774555364,-7,1716,6476
74776198190,74776198185,-5,1135,3020
74780680410,74780680405,-5,1050,1863
74783719535,74783719538,3,1735,1216
74787581522,74787581517,-5,875,3032
74791026401,74791026396,-5,795,2926
74793120038,74793120033,-5,1251,3835
74793910854,74793910850,-4,773,2201
74793989134,74793989129,-5,1327,3419
74794091382,74794091377,-5,1507,3885
74794294866,74794294862,-4,1007,3160
74800654905,74800654902,-3,718,1627
74802259486,74802259485,-1,1408,1711
74804781783,74804781778,-5,737,2746
74806206485,74806206480,-5,1103,3537
74818796347,74818796339,-8,157,1119
74820413069,74820413048,-21,1658,1988
74821817024,74821817018,-6,759,3207
74831211455,74831211447,-8,369,2265
74831712832,74831712813,-19,287,1394
74834320135,74834320130,-5,980,3598
74836861247,74836861249,2,39881,54583
74838985802,74838985798,-4,1104,1920
74840747344,74840747337,-7,1456,4357
74841486380,74841486396,16,390,1281
74852086599,74852086595,-4,779,3293
74855369705,74855369701,-4,895,3502
74860859158,74860859154,-4,1134,2864
74867637722,74867637718,-4,1422,4467
74868194015,74868194009,-6,1051,3552
74868370147,74868370151,4,224,1067
74872174043,74872174040,-3,678,1679
74875253164,74875253174,10,11672,21840
74878751436,74878751433,-3,1347,2618
74879364131,74879364150,19,1047,3786
74881216026,74881216021,-5,804,2698
74892718067,74892718063,-4,1099,2508
74901515834,74901515830,-4,31017,14278
74902755150,74902755146,-4,1238,2747
74911103181,74911103173,-8,1930,5984
74911216196,74911216198,2,1826,2377
74912507613,74912507609,-4,695,2954
74914618649,74914618644,-5,833,1814
74926101718,74926101712,-6,1087,3309
74931761433,74931761438,5,2401,1303
74935038960,74935038964,4,9479,29628
74938051115,74938051111,-4,1184,2642
74944096290,74944096286,-4,781,1922
74949437087,74949437082,-5,949,3360
74953989025,74953989022,-3,1001,3450
74963720045,74963720041,-4,1189,2928
74963784270,74963784265,-5,1095,2627
74964813925,74964813925,0,1422,1726
74965198765,74965198759,-6,744,3575
74965732210,74965732204,-6,1213,2920
74966318942,74966318940,-2,988,1971
74970991497,74970991493,-4,1043,1732
74977218957,74977218955,-2,1247,1757
74980507866,74980507861,-5,917,2554
74988483470,74988483466,-4,869,3071
74990844538,74990844537,-1,1156,1756
74990884807,74990884802,-5,1106,2658
74992678783,74992678781,-2,1232,2294
74992779427,74992779422,-5,987,2531
74995748095,74995748090,-5,1305,3911
74998641303,74998641297,-6,806,2750
75002490975,75002490969,-6,734,2226
75004002667,75004002669,2,2207,1788
75007759846,75007759854,8,3782,1767
75017470522,75017470517,-5,1307,5027
75018423306,75018423299,-7,1252,4546
75018963277,75018963271,-6,1415,2163
75020114421,75020114416,-5,953,2449
75020244088,75020244110,22,496,2100
75024351642,75024351638,-4,1528,4372
75037397966,75037397962,-4,862,2679
75041565617,75041565611,-6,707,2249
75042215974,75042215970,-4,1400,2138
75042576953,75042576947,-6,949,2745
75044756742,75044756755,13,335,1531
75046763650,75046763644,-6,973,2880
75048539962,75048539954,-8,1343,6631
75050893752,75050893751,-1,2277,3868
75061442116,75061442123,7,216,921
75067756273,75067756267,-6,1085,3581
75070079049,75070079043,-6,1063,3554
75072299126,75072299121,-5,1351,2929
75073392587,75073392583,-4,1199,2761
75074019986,75074019992,6,1792,1792
75075775057,75075775053,-4,952,3107
75088411824,75088411836,12,1970,1845
75096108902,75096108908,6,25488,54935
75096409215,75096409209,-6,1067,3742
75101298270,75101298266,-4,960,1946
75101419394,75101419402,8,198,1341
75101477195,75101477211,16,474,972
75102099785,75102099781,-4,940,3124
75102367869,75102367863,-6,1238,3172
75111971303,75111971300,-3,1015,3148
75113864669,75113864667,-2,1286,2885
75117482759,75117482754,-5,1135,3267
75120379167,75120379161,-6,1010,3584
75121795247,75121795242,-5,743,2539
75127106006,75127106001,-5,1171,3066
75130451289,75130451285,-4,889,2558
75132983506,75132983498,-8,900,3350
75135814286,75135814285,-1,822,1407
75136719902,75136719897,-5,1030,2710
75142196707,75142196703,-4,1003,2614
75143175784,75143175779,-5,992,1921
75144259378,75144259372,-6,1178,5011
75146275463,75146275457,-6,798,2425
75146594777,75146594789,12,68,1236
75148580055,75148580050,-5,954,2825
75149004875,75149004894,19,1005,3099
75153532125,75153532120,-5,1557,3535
75154489183,75154489178,-5,1273,2122
75155815015,75155815009,-6,1061,2709
75161740050,75161740045,-5,1510,4197
75165782455,75165782450,-5,967,2941
75168615334,75168615329,-5,992,3408
75169026873,75169026869,-4,767,1950
75169718483,75169718498,15,591,2261
75177681463,75177681459,-4,677,2008
75180064262,75180064257,-5,849,2548
75180286856,75180286839,-17,79,765
75183298520,75183298515,-5,875,2630
75183424929,75183424922,-7,292,1100
75185687245,75185687238,-7,1424,6998
75186678367,75186678362,-5,1361,3954
75189456477,75189456473,-4,966,3153
75190876158,75190876154,-4,649,1847
75194871588,75194871581,-7,1414,4417
75197064717,75197064714,-3,1588,2897
75197257758,75197257754,-4,991,2441
75199519283,75199519277,-6,911,2469
75200328055,75200328053,-2,1079,2832
75204795718,75204795713,-5,1118,2895
75206672578,75206672573,-5,605,4053
75207047003,75207047003,0,114,1066
75210809501,75210809497,-4,1388,2730
75214226759,75214226753,-6,990,2056
75220581097,75220581091,-6,1186,3007
75220918564,75220918581,17,837,2086
75223303415,75223303409,-6,1065,3284
75232052906,75232052901,-5,449,1725
75232139137,75232139118,-19,1235,3820
75235607125,75235607122,-3,766,1904
75235811912,75235811906,-6,1568,4054
75239244569,75239244563,-6,2196,6969
75244802254,75244802252,-2,1337,2501
75249920748,75249920742,-6,927,3782
75250561348,75250561344,-4,1363,3249
75260556810,75260556804,-6,1045,2194
75261881658,75261881653,-5,960,3508
75264077137,75264077129,-8,1406,4208
75270712957,75270712953,-4,1077,2986
75286398522,75286398517,-5,1170,2016
75286668166,75286668161,-5,745,3091
75291426852,75291426847,-5,1347,2887
75297593618,75297593613,-5,992,2758
75298535473,75298535469,-4,1313,3598
75301090479,75301090473,-6,1061,4819
75301598474,75301598471,-3,1394,3060
75302568577,75302568573,-4,756,2505
75303429466,75303429461,-5,1085,2767
75307896334,75307896330,-4,1301,4317
75309431255,75309431255,0,1013,1381
75312412731,75312412725,-6,1350,4244
75314821615,75314821608,-7,970,2845
75315106417,75315106399,-18,1023,2415
75321074401,75321074395,-6,1073,2817
75338219978,75338219972,-6,777,3098
75342742842,75342742837,-5,1045,2962
75344654513,75344654511,-2,1574,3248
75346702331,75346702327,-4,1023,2707
75349747969,75349747963,-6,498,1067
75351256523,75351256519,-4,924,2728
75353500106,75353500103,-3,779,2524
75354264491,75354264486,-5,963,4211
75357425778,75357425774,-4,907,3310
75360270355,75360270350,-5,1346,3717
75360484877,75360484879,2,1379,1451
75362089215,75362089213,-2,1216,3791
75365804749,75365804744,-5,793,3642
75368794194,75368794214,20,718,2797
75369896825,75369896819,-6,935,1941
75370898250,75370898245,-5,1272,2647
75371156369,75371156350,-19,861,2516
75371565352,75371565338,-14,120,1309
75374795870,75374795867,-3,1262,3267
75377695982,75377695980,-2,1450,2669
75383959977,75383959974,-3,1096,3299
75386178422,75386178417,-5,1018,2887
75388688982,75388688979,-3,2216,4794
75388790106,75388790111,5,2005,1520
75389662935,75389662929,-6,1155,2421
75394623803,75394623802,-1,1162,1722
75411352930,75411352923,-7,912,2780
75414396791,75414396801,10,215,1263
75414713399,75414713405,6,3441,1542
75425193568,75425193561,-7,920,2257
75430500635,75430500630,-5,912,3356
75430569538,75430569547,9,62,1154
75432302300,75432302296,-4,1190,4598
75435018867,75435018864,-3,711,1837
75444044277,75444044270,-7,1093,2713
75446628003,75446627997,-6,1281,3733
75446838074,75446838054,-20,60,1032
75447138114,75447138110,-4,850,2869
75454343234,75454343229,-5,1022,3120
75454419474,75454419469,-5,965,2540
75456213592,75456213586,-6,906,2468
75459961357,75459961350,-7,1059,2725
75459987682,75459987698,16,336,2630
75460060305,75460060300,-5,657,2293
75462180797,75462180795,-2,1517,1615
75468426255,75468426249,-6,947,2853
75481253310,75481253307,-3,1307,2170
75483493497,75483493490,-7,1284,4130
75487799653,75487799649,-4,1614,3789
75488894842,75488894825,-17,1260,3607
75489063584,75489063599,15,394,1661
75491528077,75491528071,-6,471,1805
75492792658,75492792653,-5,1080,2985
75503848274,75503848267,-7,915,3518
75509052007,75509052004,-3,861,2765
75521193983,75521193978,-5,1048,3008
75527500362,75527500357,-5,976,4142
75532003886,75532003881,-5,1058,2822
75540831007,75540831002,-5,873,2421
75546384570,75546384571,1,1664,2014
75546506326,75546506321,-5,667,2849
75546557190,75546557183,-7,696,3096
75551839857,75551839852,-5,427,2693
75552673018,75552673014,-4,966,3451
75552913259,75552913256,-3,464,1879
75558362775,75558362769,-6,995,2293
75559737046,75559737042,-4,1046,3687
75560882348,75560882358,10,619,1068
75562306450,75562306446,-4,987,2821
75564819586,75564819581,-5,1002,2504
75594047353,75594047350,-3,763,2403
75594938015,75594938009,-6,1104,2519
75603630175,75603630169,-6,1007,3959
75608887501,75608887494,-7,1038,2587
75609955849,75609955852,3,2425,1698
75610398391,75610398387,-4,1205,2570
75625471535,75625471528,-7,958,3304
75627920120,75627920115,-5,1168,3488
75630363191,75630363187,-4,638,2375
75630659515,75630659519,4,167,1304
75632820367,75632820362,-5,1135,2748
75636362231,75636362229,-2,1114,2320
75637455633,75637455628,-5,801,2402
75639451467,75639451462,-5,1048,2224
75648982794,75648982789,-5,1073,3228
75650700568,75650700565,-3,963,2868
75653586403,75653586397,-6,923,2817
75655257899,75655257898,-1,1421,2800
75655899974,75655899970,-4,983,2715
75656945797,75656945793,-4,902,2351
75658711246,75658711243,-3,973,2545
75661740710,75661740715,5,9269,7081
75661811635,75661811638,3,141,1791
75663698480,75663698474,-6,1027,2773
75666353930,75666353932,2,1145,1317
75668055369,75668055365,-4,1577,5978
75677359100,75677359097,-3,1089,3316
75678499082,75678499079,-3,757,2484
75681030093,75681030105,12,11603,46113
75686452788,75686452800,12,432,1443
75699904740,75699904734,-6,820,2922
75706545146,75706545139,-7,880,3479
75716404867,75716404862,-5,1571,3372
75725069328,75725069323,-5,1057,2593
75729685164,75729685160,-4,518,1686
75731269094,75731269091,-3,1324,2153
75738480770,75738480764,-6,1099,3441
75738658537,75738658535,-2,608,1824
75740637375,75740637377,2,1583,2484
75741158920,75741158917,-3,209,1189
75741499747,75741499742,-5,1440,3199
75741606357,75741606353,-4,1186,2961
75742965183,75742965180,-3,1119,3175
75743789117,75743789116,-1,791,2168
75752526743,75752526742,-1,1084,2632
75754220093,75754220089,-4,1095,2404
75756609583,75756609597,14,15369,30284
75759910577,75759910571,-6,1004,2809
75760226742,75760226738,-4,1046,2283
75763556674,75763556671,-3,1199,2149
75767983691,75767983686,-5,1020,2504
75774002008,75774002003,-5,854,2675
75782453187,75782453181,-6,1066,3241
75782609976,75782609992,16,347,979
75789101346,75789101341,-5,919,2691
75792266712,75792266714,2,1957,1623
75795289492,75795289486,-6,1367,3285
75799695047,75799695051,4,1360,1356
75802472243,75802472238,-5,1122,2260
75804514136,75804514131,-5,810,3432
75805235189,75805235188,-1,1233,1767
75807287021,75807287021,0,4803,15395
75819215735,75819215736,1,1415,1859
75823596107,75823596102,-5,1068,2895
75825165529,75825165524,-5,679,2226
75827494970,75827494966,-4,1157,2439
75828964989,75828964982,-7,643,2016
75831547425,75831547421,-4,1760,4015
75836121281,75836121277,-4,1521,4442
75836455243,75836455252,9,141,3564
75837608427,75837608442,15,664,2049
75841805742,75841805736,-6,959,3544
75845108101,75845108107,6,1955,1267
75849771766,75849771762,-4,1200,3308
75854952874,75854952871,-3,847,2686
75856941713,75856941709,-4,966,2996
75862319565,75862319567,2,19734,19189
75865071335,75865071331,-4,800,3028
75865371883,75865371863,-20,1453,4116
75868208742,75868208738,-4,1040,3349
75869617622,75869617619,-3,1179,3149
75871964289,75871964287,-2,669,889
75872973247,75872973246,-1,35673,40529
75876668216,75876668212,-4,1583,3101
75877366929,75877366924,-5,1043,2628
75878224944,75878224938,-6,1110,2279
75878252331,75878252345,14,789,2941
75879563120,75879563123,3,1073,900
75889406769,75889406762,-7,1264,3639
75890230530,75890230531,1,2187,60729
75894048577,75894048574,-3,1110,3533
75898070067,75898070061,-6,931,2171
75901047914,75901047909,-5,825,3313
75909222881,75909222875,-6,1361,3666
75910757019,75910757016,-3,913,3744
75917491593,75917491587,-6,546,2628
75923644082,75923644098,16,1790,1690
75929897490,75929897485,-5,1026,2942
75930977780,75930977777,-3,1011,3160
75935347839,75935347833,-6,679,2638
75935447507,75935447496,-11,154,1051
75938930306,75938930301,-5,621,3651
75941336138,75941336134,-4,1122,2083
75944161701,75944161693,-8,711,3198
75948332882,75948332886,4,2683,1823
75949801057,75949801050,-7,853,1920
75950576667,75950576659,-8,1090,7622
75956775353,75956775333,-20,1129,908
75967166413,75967166410,-3,899,2640
75970317028,75970317047,19,232,1063
75970786198,75970786203,5,1583,784
75974964680,75974964674,-6,975,3294
75977706126,75977706118,-8,633,3007
75981852705,75981852711,6,2301,1420
75982450940,75982450920,-20,5308,2272
75988299086,75988299081,-5,1215,2245
75990353878,75990353873,-5,736,1404
75994882379,75994882375,-4,791,3295
75996781798,75996781791,-7,947,4192
75997360265,75997360282,17,500,1440
75998096879,75998096874,-5,1377,3868
75999107051,75999107046,-5,1324,3969
76008872682,76008872678,-4,977,2786
76010403643,76010403640,-3,881,2263
76012792385,76012792379,-6,960,2183
76013147800,76013147792,-8,1272,4313
76013664352,76013664374,22,931,2045
76017204349,76017204346,-3,882,1684
76017674991,76017674985,-6,853,3111
76021441759,76021441752,-7,826,2364
76023772826,76023772820,-6,863,2845
76033761122,76033761122,0,1311,1237
76035769221,76035769215,-6,1101,3782
76036770050,76036770045,-5,980,2752
76038042739,76038042734,-5,754,3127
76041606170,76041606172,2,2815,3261
76052190117,76052190113,-4,1482,3737
76052825452,76052825447,-5,1212,3968
76055854486,76055854491,5,3532,1636
76056863484,76056863479,-5,865,2591
76057327955,76057327971,16,359,1050
76064796386,76064796382,-4,679,2492
76065318430,76065318429,-1,819,1571
76071012385,76071012379,-6,1473,3216
76075108238,76075108233,-5,1220,4005
76076222583,76076222582,-1,758,885
76089762494,76089762486,-8,621,2572
76092489423,76092489418,-5,656,1881
76092910168,76092910162,-6,933,3405
76094350528,76094350510,-18,182,1178
76095131780,76095131793,13,523,2520
76102625041,76102625034,-7,1369,4008
76104734914,76104734910,-4,819,3176
76105589422,76105589418,-4,906,3250
76105871683,76105871700,17,766,1958
76107363863,76107363858,-5,824,2325
76113464778,76113464773,-5,792,2249
76113658376,76113658383,7,40,749
76114175745,76114175738,-7,119,690
76119883563,76119883559,-4,1269,3427
76120691578,76120691573,-5,957,2186
76122204460,76122204463,3,21749,32574
76123276619,76123276615,-4,1014,2439
76123772133,76123772129,-4,1301,2852
76127110856,76127110851,-5,1607,3978
76130270931,76130270926,-5,1096,3207
76132346659,76132346657,-2,1146,3243
76132699577,76132699570,-7,1030,4370
76135526451,76135526446,-5,1249,2330
76138530232,76138530233,1,29688,81835
76138701867,76138701862,-5,1081,2928
76141695873,76141695868,-5,1003,2383
76142060890,76142060909,19,184,1168
76143827987,76143827983,-4,718,1882
76149372794,76149372789,-5,1300,3727
76149958213,76149958209,-4,1268,3067
76159069051,76159069046,-5,793,2187
76168278983,76168278974,-9,1219,4885
76168315627,76168315615,-12,354,1235
76168790754,76168790749,-5,744,3020
76169012794,76169012799,5,2128,1196
76171315055,76171315051,-4,826,1926
76172896243,76172896237,-6,821,4015
76175909410,76175909407,-3,915,2267
76177060135,76177060129,-6,936,3274
76180444549,76180444555,6,2244,1081
76180861018,76180861014,-4,1120,2673
76185657889,76185657881,-8,845,2874
76185905161,76185905162,1,117,971
76196499654,76196499650,-4,1116,2735
76197219573,76197219578,5,2267,1008
76202564367,76202564363,-4,918,3490
76210224270,76210224265,-5,704,2572
76212613030,76212613025,-5,660,2445
76213169586,76213169581,-5,1136,3340
76223279904,76223279902,-2,842,1438
76225473187,76225473184,-3,936,2583
76237510438,76237510434,-4,790,3326
76240272827,76240272822,-5,959,1612
76247956981,76247956978,-3,607,2826
76249153931,76249153929,-2,1273,2952
76266054251,76266054245,-6,1311,3937
76266548327,76266548321,-6,477,1052
76275814514,76275814510,-4,676,3296
76276192636,76276192641,5,153,1057
76288998428,76288998423,-5,941,1916
76290278130,76290278131,1,309,1266
76297401165,76297401161,-4,869,2350
76298628210,76298628226,16,572,1182
76299648555,76299648549,-6,914,2919
76302264203,76302264197,-6,1163,3961
76303228443,76303228438,-5,1154,2472
76304554948,76304554965,17,820,2695
76304617608,76304617604,-4,1052,2449
76311638614,76311638610,-4,1184,3303
76318170733,76318170726,-7,1466,4304
76319867881,76319867878,-3,631,2724
76322441302,76322441297,-5,1287,2718
76324883579,76324883574,-5,896,3363
76335742755,76335742749,-6,972,2751
76336375181,76336375200,19,175,672
76338278145,76338278141,-4,1004,3835
76339879585,76339879580,-5,753,2917
76340796868,76340796859,-9,770,3833
76340869707,76340869715,8,321,551
76341340219,76341340214,-5,1071,3711
76352474701,76352474696,-5,1228,3476
76357394814,76357394809,-5,931,2824
76359220216,76359220214,-2,855,2275
76360832651,76360832646,-5,1362,3410
76365456350,76365456349,-1,1425,3111
76371434366,76371434372,6,2378,1289
76379274843,76379274838,-5,1175,3281
76383621403,76383621398,-5,954,2730
76392118452,76392118448,-4,887,3000
76396833630,76396833625,-5,924,3470
76396995904,76396995899,-5,29429,11535
76399026559,76399026554,-5,786,2639
76410901362,76410901356,-6,817,2933
76411725787,76411725806,19,642,4052
76412125435,76412125430,-5,963,2680
76412467991,76412467985,-6,964,2488
76417044006,76417044004,-2,1017,2015
76421207463,76421207458,-5,950,3385
76421676479,76421676474,-5,1023,2917
76422031197,76422031192,-5,496,1432
76427649393,76427649386,-7,790,3373
76427784223,76427784218,-5,1257,2781
76428358620,76428358630,10,132,951
76429730617,76429730610,-7,1366,3102
76430129574,76430129570,-4,1214,3435
76433106615,76433106610,-5,1057,3882
76442000745,76442000747,2,1305,885
76443674419,76443674413,-6,994,3392
76443712936,76443712923,-13,595,1745
76443903712,76443903735,23,918,3290
76444003852,76444003858,6,1480,1322
76444219832,76444219819,-13,1325,3429
76455156166,76455156159,-7,820,4011
76455469266,76455469262,-4,1072,3572
76457493694,76457493695,1,1150,1760
76457659504,76457659510,6,167,1057
76458945346,76458945341,-5,960,2360
76460132207,76460132201,-6,1182,3680
76461071989,76461071985,-4,872,2400
76471778902,76471778898,-4,1615,3384
76490080604,76490080601,-3,1310,2793
76491468497,76491468490,-7,1263,4108
76499324766,76499324761,-5,1240,3963
76501014275,76501014271,-4,912,2634
76501999162,76501999176,14,419,2517
76505465743,76505465738,-5,891,3027
76506291891,76506291869,-22,167,909
76507780095,76507780091,-4,547,1994
76510844461,76510844458,-3,853,2781
76512558737,76512558733,-4,1443,4022
76513240682,76513240679,-3,1164,1903
76514926378,76514926374,-4,1161,3200
76517591577,76517591572,-5,1181,2967
76538465429,76538465423,-6,565,1309
76546098813,76546098809,-4,932,2104
76548252346,76548252341,-5,784,2991
76551904311,76551904310,-1,7632,13088
76556114614,76556114609,-5,848,2763
76558859251,76558859248,-3,1106,3328
76559052235,76559052214,-21,838,2484
76563856146,76563856143,-3,918,3112
76570765166,76570765163,-3,1219,2131
76574484927,76574484921,-6,648,2236
76574511728,76574511742,14,702,1624
76577469726,76577469723,-3,711,1593
76582306999,76582306994,-5,1057,3430
76582923866,76582923861,-5,1101,3739
76586669095,76586669087,-8,1080,2754
76588251667,76588251660,-7,882,2887
76588495339,76588495359,20,717,2666
76589244845,76589244840,-5,1277,3923
76594713603,76594713597,-6,1037,2918
76596210869,76596210865,-4,1060,2693
76622871962,76622871958,-4,887,3063
76625814977,76625814971,-6,1091,3756
76632302102,76632302099,-3,864,2551
76636232866,76636232866,0,613,1461
76642671495,76642671490,-5,1039,3170
76645293766,76645293760,-6,1250,4086
76649462291,76649462285,-6,774,3036
76651402901,76651402894,-7,898,2857
76653076260,76653076257,-3,911,2684
76653162763,76653162758,-5,689,1391
76653459911,76653459909,-2,1632,3153
76656335379,76656335374,-5,985,2979
76660956353,76660956347,-6,1109,3743
76664421914,76664421914,0,1733,1372
76664917438,76664917433,-5,899,2587
76666035438,76666035434,-4,1478,2465
76667235734,76667235734,0,2800,3321
76667593289,76667593285,-4,728,1752
76673438813,76673438814,1,1576,1176
76678911475,76678911470,-5,1207,3164
76680782678,76680782673,-5,842,3096
76685353823,76685353817,-6,1348,3265
76687735315,76687735311,-4,879,2050
76690908892,76690908887,-5,1179,3206
76691682797,76691682790,-7,750,2596
76691980562,76691980548,-14,838,2518
76692236280,76692236297,17,672,3023
76692474687,76692474682,-5,739,1615
76692687876,76692687873,-3,952,3027
76693389791,76693389786,-5,877,2167
76703361511,76703361506,-5,926,4003
76704872157,76704872153,-4,832,1871
76705301780,76705301794,14,1315,3340
76708308499,76708308496,-3,1592,3079
76711815672,76711815669,-3,1094,1920
76712556787,76712556782,-5,1587,3469
76716889818,76716889814,-4,1039,3120
76721348698,76721348692,-6,920,3076
76721419953,76721419965,12,556,1691
76727089322,76727089317,-5,920,2740
76733642841,76733642854,13,574,2465
76742143346,76742143342,-4,1115,2971
76742956402,76742956406,4,1946,1450
76755750609,76755750602,-7,1968,7020
76758867012,76758867009,-3,1194,2948
76763926061,76763926057,-4,1256,1842
76769030158,76769030156,-2,1789,3747
76774112396,76774112402,6,3598,1293
76776648556,76776648562,6,211,1007
76777268550,76777268546,-4,1125,3076
76778061215,76778061210,-5,1201,3108
76783103841,76783103838,-3,1095,2312
76784521615,76784521618,3,1572,1599
76785559696,76785559691,-5,1638,4337
76791282181,76791282178,-3,1161,2131
76796068872,76796068870,-2,1137,2572
76800349866,76800349866,0,896,1500
76802514965,76802514967,2,2305,1720
76802880334,76802880329,-5,1330,3841
76804228315,76804228310,-5,687,2047
76809907453,76809907448,-5,1306,2793
76809932994,76809932993,-1,834,2317
76818523642,76818523644,2,32,1272
76825301533,76825301527,-6,23313,14268
76831704497,76831704492,-5,1005,2561
76834105850,76834105846,-4,1008,3736
76835606002,76835605999,-3,1101,2978
76838296891,76838296886,-5,1780,2830
76840451102,76840451097,-5,1123,2408
76840662611,76840662605,-6,252,6693
76842679760,76842679754,-6,32491,15176
76843424881,76843424876,-5,361,1883
76854889457,76854889450,-7,1412,4034
76855841678,76855841674,-4,884,2329
76856355238,76856355241,3,39043,34055
76861473479,76861473477,-2,1204,2764
76865875557,76865875553,-4,1175,3318
76867121892,76867121886,-6,921,2873
76868818849,76868818846,-3,831,2916
76871354808,76871354813,5,34,1010
76874980860,76874980855,-5,802,2656
76881008910,76881008907,-3,1319,3553
76897352587,76897352581,-6,1347,3999
76897920405,76897920401,-4,1061,2293
76897978535,76897978530,-5,870,2500
76901230855,76901230849,-6,1027,2889
76901713878,76901713873,-5,1030,2723
76904153553,76904153547,-6,1060,3060
76906241432,76906241419,-13,219,1138
76908254193,76908254189,-4,1417,2545
76911292747,76911292754,7,6544,2527
76915692606,76915692603,-3,1012,2474
76916828783,76916828781,-2,1024,2236
76922144482,76922144476,-6,1265,2423
76929496306,76929496304,-2,997,1966
76933070702,76933070699,-3,1449,3503
76937097915,76937097908,-7,1503,4571
76937363428,76937363444,16,700,2329
76942354956,76942354937,-19,806,3225
76955441467,76955441474,7,1062,839
76962932081,76962932074,-7,659,3564
76964596982,76964596974,-8,1261,4008
76965445110,76965445105,-5,1585,4233
76966997518,76966997514,-4,1514,2387
76974705013,76974705006,-7,838,2807
76974990537,76974990549,12,256,1197
76976333399,76976333396,-3,1129,2313
76977723445,76977723438,-7,976,2650
76977797865,76977797881,16,65,800
76983239535,76983239529,-6,583,2600
76983688931,76983688922,-9,315,1203
76989713350,76989713344,-6,898,4225
76996387850,76996387847,-3,747,3628
76996552180,76996552178,-2,1691,2335
76997471787,76997471782,-5,869,2604
76997831198,76997831194,-4,1436,3042
76998466761,76998466758,-3,885,2016
76999532967,76999532964,-3,1214,2651
77000099542,77000099539,-3,856,2034
77001267419,77001267411,-8,883,3887
77003884003,77003884002,-1,2638,3600
77006590606,77006590612,6,2907,1288
77008514706,77008514702,-4,697,2709
77008540123,77008540119,-4,188,760
77008553682,77008553683,1,6,92
77015981851,77015981846,-5,745,3089
77016120833,77016120846,13,358,1325
77016427594,77016427595,1,1187,1562
77023346593,77023346588,-5,1126,3191
77026311028,77026311029,1,3036,2873
77028301944,77028301962,18,541,1752
77031792643,77031792638,-5,1244,3172
77033312346,77033312342,-4,1059,3002
77038205862,77038205857,-5,974,2656
77047039372,77047039370,-2,2233,3252
77048978032,77048978027,-5,929,2941
77050737647,77050737642,-5,980,2817
77053379734,77053379729,-5,1106,3417
77057860023,77057860029,6,6768,2778
77061574214,77061574209,-5,1676,2776
77074951246,77074951241,-5,1548,3502
77075916497,77075916493,-4,1037,3041
77077674877,77077674872,-5,884,2617
77083267070,77083267065,-5,634,3325
77089388479,77089388477,-2,784,1453
77093092355,77093092354,-1,561,1048
77094967026,77094967021,-5,1286,3504
77101228653,77101228650,-3,899,2779
77104327889,77104327886,-3,897,3163
77108519192,77108519184,-8,1340,3530
77112944743,77112944738,-5,799,2930
77115553610,77115553605,-5,836,2764
77118886736,77118886746,10,10156,38026
77120270126,77120270122,-4,864,3966
77126019978,77126019973,-5,749,4020
77127685356,77127685351,-5,1141,3617
77128212707,77128212693,-14,946,2611
77129848393,77129848394,1,1608,3748
77131618079,77131618079,0,1035,1525
77132104113,77132104111,-2,981,2069
77134026033,77134026028,-5,1197,3111
77141729523,77141729518,-5,1538,2933
77146411542,77146411539,-3,812,2817
77149352146,77149352142,-4,1055,3161
77150979873,77150979867,-6,952,3891
77164554723,77164554717,-6,1211,5202
77170415570,77170415574,4,12101,6366
77171794417,77171794414,-3,1583,3583
77172189522,77172189518,-4,839,3570
77174766713,77174766712,-1,1622,2129
77176177559,77176177554,-5,735,2713
77176219724,77176219739,15,641,3524
77176450211,77176450207,-4,977,2440
77182852626,77182852642,16,453,1293
77197097126,77197097121,-5,1135,3157
77197407706,77197407719,13,296,1214
77199488338,77199488334,-4,972,2642
77204829730,77204829725,-5,2319,6552
77204962839,77204962833,-6,1221,3353
77205861021,77205861017,-4,1414,4208
77211998262,77211998261,-1,740,2776
77213344526,77213344523,-3,938,2498
77215743699,77215743693,-6,966,3112
77218293143,77218293138,-5,1030,3665
77218741396,77218741393,-3,591,2105
77219135018,77219135039,21,310,2100
77222150195,77222150190,-5,1103,3012
77233696479,77233696472,-7,897,3103
77239671679,77239671674,-5,459,2297
77239792570,77239792567,-3,1033,2733
77243432190,77243432185,-5,1011,3122
77246117174,77246117170,-4,1233,2799
77248755422,77248755421,-1,1294,1915
77253103123,77253103119,-4,1417,3066
77263785277,77263785269,-8,821,2485
77264836691,77264836675,-16,268,646
77265525062,77265525057,-5,1575,3890
77266243104,77266243099,-5,819,3267
77279640514,77279640509,-5,967,2672
77281706071,77281706066,-5,870,3640
77281905015,77281905009,-6,937,3167
77285938546,77285938544,-2,1021,2116
77295109213,77295109210,-3,1371,2685
77302542281,77302542277,-4,1319,4024
77302949043,77302949038,-5,885,2352
77304977690,77304977686,-4,1520,3539
77306682446,77306682441,-5,1160,2901
77309345797,77309345793,-4,1199,2195
77310704009,77310704005,-4,883,3061
77312696228,77312696223,-5,1038,3971
77324627302,77324627299,-3,1012,2916
77325006619,77325006632,13,543,1531
77330177881,77330177889,8,5346,1819
77331511374,77331511367,-7,1922,6498
77332372967,77332372961,-6,3058,11001
77338622245,77338622256,11,18465,24750
77339092773,77339092770,-3,820,2997
77353619413,77353619418,5,5796,2432
77362606794,77362606792,-2,1091,2643
77366232731,77366232727,-4,883,2368
77370859706,77370859701,-5,732,1743
77375301601,77375301594,-7,1008,1607
77377449489,77377449496,7,4335,1641
77383429389,77383429382,-7,878,3379
77393596219,77393596214,-5,1006,2543
77393845313,77393845310,-3,343,4545
77402175423,77402175417,-6,1160,2758
77409706134,77409706129,-5,772,2416
77411676087,77411676082,-5,1548,4528
77419693406,77419693410,4,4181,3678
77431194427,77431194422,-5,1199,4515
77432017461,77432017457,-4,1310,3385
77436336064,77436336065,1,1900,1039
77436718338,77436718333,-5,1051,3614
77436855930,77436855946,16,978,2578
77437407153,77437407175,22,757,2835
77438001577,77438001599,22,409,1252
77440942802,77440942797,-5,748,3631
77448276033,77448276027,-6,1027,2754
77449399082,77449399077,-5,764,2798
77459548057,77459548053,-4,870,3488
77461456346,77461456341,-5,1129,3122
77462407779,77462407798,19,203,739
77467220534,77467220528,-6,1198,4062
77468292402,77468292398,-4,860,3897
77469380502,77469380496,-6,1232,4556
77469823082,77469823097,15,528,2726
77470239167,77470239163,-4,625,1690
77471758120,77471758114,-6,1022,3937
77495271335,77495271330,-5,1029,2974
77497324019,77497324014,-5,847,2959
77497472363,77497472379,16,523,2335
77500146370,77500146366,-4,1083,2357
77500385740,77500385736,-4,1215,2580
77523395461,77523395455,-6,1308,3020
77526242798,77526242797,-1,757,1002
77527788749,77527788743,-6,756,3046
77530911494,77530911489,-5,1234,3856
77534806074,77534806070,-4,1147,3524
77544235619,77544235615,-4,892,2926
77547151479,77547151474,-5,1150,2827
77547663210,77547663206,-4,1333,3693
77551787885,77551787890,5,1728,728
77559046302,77559046293,-9,77,1181
77563983217,77563983213,-4,1079,2639
77570500819,77570500814,-5,1209,3567
77578050686,77578050681,-5,1166,3330
77579614963,77579614958,-5,964,2987
77586203950,77586203946,-4,1018,2978
77590400583,77590400578,-5,926,2777
77593009649,77593009645,-4,1002,2930
77593365548,77593365561,13,587,1507
77595476563,77595476557,-6,1276,4236
77598897747,77598897745,-2,2264,5577
77599083168,77599083166,-2,914,1964
77600442178,77600442185,7,4223,2056
77601729751,77601729746,-5,990,3047
77608769322,77608769318,-4,919,2566
77610343840,77610343836,-4,1411,4235
77611146634,77611146642,8,5106,1330
77612155926,77612155922,-4,1199,2977
77615574807,77615574806,-1,1379,1575
77617854059,77617854054,-5,812,2865
77623919589,77623919581,-8,873,6498
77624731770,77624731787,17,1066,3065
77627098234,77627098227,-7,1244,3396
77637269058,77637269053,-5,945,3521
77642400987,77642400985,-2,1331,4511
77642853787,77642853782,-5,1135,2875
77653014742,77653014755,13,302,919
77658062207,77658062201,-6,1111,2954
77659666582,77659666580,-2,1528,2467
77662695175,77662695173,-2,1648,1957
77665175467,77665175465,-2,911,1971
77668526454,77668526448,-6,1219,3021
77669701681,77669701676,-5,1186,2859
77670864703,77670864702,-1,1324,1469
77671447647,77671447649,2,1644,2263
77672174347,77672174349,2,2178,1079
77672776088,77672776093,5,2626,1171
77677484753,77677484747,-6,1204,3154
77683422219,77683422215,-4,745,2805
77683591776,77683591796,20,546,2198
77687790410,77687790404,-6,885,3399
77691953866,77691953862,-4,1158,3352
77693179181,77693179178,-3,1408,3209
77697238401,77697238399,-2,1321,3014
77698037655,77698037651,-4,865,2490
77702878009,77702878004,-5,871,3349
77702921587,77702921583,-4,993,4346
77704932989,77704932984,-5,1109,2637
77707351257,77707351254,-3,723,2856
77715505212,77715505208,-4,1031,2971
77715981571,77715981568,-3,1788,3056
77716485766,77716485761,-5,961,2363
77717395293,77717395287,-6,2501,5540
77718118099,77718118096,-3,878,2724
77719388787,77719388783,-4,1385,2675
77719891993,77719892008,15,767,2216
77721405928,77721405934,6,9234,25701
77731330387,77731330385,-2,1196,2176
77738191026,77738191022,-4,847,1788
77743536742,77743536737,-5,1316,4755
77750035406,77750035399,-7,804,2051
77750664663,77750664658,-5,927,3079
77752916633,77752916629,-4,1054,3473
77767531121,77767531117,-4,1003,2912
77769324466,77769324459,-7,1010,2977
77769888334,77769888329,-5,1405,2364
77770320954,77770320947,-7,1902,9994
77778343634,77778343628,-6,1004,2972
77780243958,77780243952,-6,891,3388
77782546804,77782546801,-3,834,2942
77786714194,77786714189,-5,964,3684
77788520699,77788520694,-5,1163,3319
77793512181,77793512177,-4,1215,3132
77793801486,77793801481,-5,1191,2927
77794735672,77794735667,-5,1341,3387
77796963075,77796963073,-2,1427,2379
77801966034,77801966030,-4,1098,3738
77803916005,77803916011,6,4340,1315
77804726724,77804726719,-5,1123,2231
77811519499,77811519494,-5,966,2773
77811615040,77811615060,20,757,1513
77812143152,77812143151,-1,1616,2249
77816174942,77816174941,-1,3486,5836
77818517331,77818517325,-6,1041,4058
77824989806,77824989802,-4,860,2440
77835267510,77835267507,-3,968,2698
77839956178,77839956173,-5,1403,3497
77840040154,77840040167,13,263,1028
77840674758,77840674753,-5,887,2114
77845326274,77845326282,8,3442,1465
77847776902,77847776901,-1,916,2030
77848091370,77848091390,20,785,3718
77848117943,77848117938,-5,717,3428
77850031127,77850031122,-5,1231,3551
77850174617,77850174638,21,424,1430
77853997032,77853997013,-19,893,2409
77856055806,77856055803,-3,755,2782
77859184230,77859184226,-4,1051,3107
77859253826,77859253821,-5,773,2648
77863448717,77863448711,-6,1166,3107
77869870238,77869870239,1,1854,1949
77872309650,77872309646,-4,825,2896
77877412050,77877412045,-5,1077,2495
77878046918,77878046914,-4,1059,2655
77879169763,77879169762,-1,1568,2190
77880807157,77880807150,-7,916,2768
77880841451,77880841455,4,77,1456
77883438455,77883438451,-4,952,3518
77885007541,77885007537,-4,782,2065
77887734010,77887733996,-14,3075,1374
77888479369,77888479369,0,1631,2315
77892859351,77892859346,-5,1019,2484
77894175599,77894175604,5,2371,1401
77895120718,77895120714,-4,589,2489
77896980056,77896980050,-6,1092,3036
77899468247,77899468243,-4,663,2736
77901493401,77901493399,-2,1042,1407
77907653424,77907653422,-2,1139,2386
77908948060,77908948056,-4,1213,3031
77909652962,77909652977,15,557,2097
77910219799,77910219794,-5,1451,4383
77912190578,77912190573,-5,1119,2541
77912298919,77912298914,-5,728,3775
77912909641,77912909638,-3,906,3402
77920728809,77920728805,-4,1001,3046
77921333417,77921333412,-5,653,1876
77929644089,77929644083,-6,1041,3274
77929780531,77929780533,2,247,1026
77940131793,77940131789,-4,1007,2410
77948382143,77948382137,-6,566,2431
77948480917,77948480913,-4,802,2095
77949171363,77949171358,-5,1073,3359
77951203606,77951203602,-4,1718,4144
77953850144,77953850139,-5,905,2744
77954111241,77954111261,20,507,1847
77955293270,77955293265,-5,1037,3971
77968323910,77968323903,-7,1318,3497
77971443849,77971443845,-4,1027,3171
77972581879,77972581873,-6,1023,3626
77979559483,77979559478,-5,1122,3668
77984994959,77984994953,-6,1091,3663
77989569165,77989569160,-5,1288,3400
77989830442,77989830438,-4,1197,2728
77991488399,77991488397,-2,1223,2370
77993356987,77993356982,-5,1153,3933
77994522865,77994522861,-4,1058,2206
77995419383,77995419379,-4,1202,4071
77996365487,77996365482,-5,810,1070
78000515478,78000515474,-4,1024,3284
78003143233,78003143228,-5,1150,3734
78009331265,78009331265,0,36097,53709
78014940623,78014940618,-5,1246,3394
78016002643,78016002638,-5,842,4196
78017489225,78017489206,-19,97,1057
78027676231,78027676226,-5,990,2739
78029430058,78029430060,2,1856,1993
78036645494,78036645489,-5,717,3329
78041659866,78041659861,-5,969,3515
78045713753,78045713775,22,618,2243
78048019683,78048019676,-7,576,1612
78055519158,78055519154,-4,1420,4551
78057060843,78057060837,-6,1068,4694
78059023099,78059023094,-5,762,3970
78068586319,78068586315,-4,746,2999
78071551381,78071551377,-4,1155,1897
78073625410,78073625403,-7,1210,3642
78075885011,78075885017,6,1345,1151
78077398618,78077398614,-4,950,3845
78083398540,78083398534,-6,1340,3632
78089642190,78089642182,-8,1099,2910
78090143521,78090143537,16,34,1251
78095760102,78095760097,-5,436,2660
78096527422,78096527418,-4,1173,3795
78103082574,78103082570,-4,985,2690
78111051543,78111051539,-4,1369,4076
78118290815,78118290810,-5,578,2161
78118416355,78118416369,14,863,2473
78125499518,78125499514,-4,1007,2651
78130914518,78130914513,-5,954,2335
78131306169,78131306164,-5,1167,2827
78132547536,78132547530,-6,1207,3661
78137032026,78137032020,-6,860,3108
78145962918,78145962914,-4,931,2614
78146590214,78146590210,-4,1764,5432
78146952732,78146952726,-6,1049,3657
78147400406,78147400400,-6,861,2119
78158778877,78158778872,-5,984,2417
78159296147,78159296133,-14,1063,1420
78160699532,78160699526,-6,1357,2278
78163475779,78163475758,-21,1434,3237
78169238863,78169238856,-7,862,3524
78169898454,78169898450,-4,842,1947
78170597743,78170597738,-5,779,2494
78172312049,78172312042,-7,1247,4044
78175005463,78175005458,-5,1175,1995
78193765917,78193765911,-6,993,3821
78198187289,78198187285,-4,1105,2561
78198374811,78198374806,-5,1229,3567
78202147980,78202147976,-4,776,1774
78203342381,78203342375,-6,1232,3726
78209047979,78209047976,-3,1334,2694
78215866363,78215866357,-6,975,3270
78217497129,78217497124,-5,2235,5925
78220881046,78220881054,8,5642,2485
78231496363,78231496359,-4,922,2024
78233864822,78233864817,-5,809,3105
78242540367,78242540363,-4,766,2849
78242914939,78242914934,-5,1034,2853
78245399491,78245399486,-5,1190,4680
78251453739,78251453734,-5,1089,2367
78253188280,78253188288,8,13178,42785
78263837978,78263837973,-5,727,1972
78265085981,78265085977,-4,982,3103
78269495229,78269495223,-6,454,1381
78274759283,78274759277,-6,1464,4493
78275606779,78275606774,-5,1806,3914
78277462050,78277462051,1,1327,1294
78277884811,78277884814,3,92,1021
78281374606,78281374601,-5,1200,3246
78288879538,78288879535,-3,876,1972
78294429706,78294429698,-8,731,2431
78294853908,78294853921,13,572,2549
78296586707,78296586702,-5,1009,1984
78296777943,78296777937,-6,919,2735
78297465443,78297465438,-5,1496,4823
78297645430,78297645425,-5,1106,2523
78307481385,78307481379,-6,1273,4011
78307768232,78307768229,-3,26021,16619
78309737806,78309737800,-6,1177,3145
78313663601,78313663597,-4,980,2945
78314184329,78314184313,-16,944,2491
78316080689,78316080691,2,2541,1897
78317243630,78317243626,-4,1098,3512
78317816774,78317816775,1,39043,18913
78319151503,78319151497,-6,994,3787
78321882026,78321882029,3,13819,12208
78322400790,78322400785,-5,859,3222
78325077093,78325077095,2,2635,1830
78325219330,78325219324,-6,1026,2819
78325304043,78325304038,-5,1010,3473
78325638960,78325638973,13,228,815
78335558924,78335558920,-4,670,2397
78340382086,78340382090,4,3514,2888
78345097453,78345097458,5,3262,2033
78346008085,78346008094,9,2289,1081
78352197592,78352197589,-3,916,2708
78353881171,78353881186,15,585,2532
78355394181,78355394185,4,3705,2845
78355738171,78355738167,-4,1194,3479
78358426286,78358426283,-3,1030,2356
78358716327,78358716323,-4,1219,3062
78359325136,78359325130,-6,690,2797
78363646094,78363646094,0,1194,2070
78364679303,78364679306,3,2941,2144
78365669958,78365669951,-7,915,3491
78374238483,78374238478,-5,857,2950
78374643638,78374643642,4,1705,980
78375479274,78375479270,-4,1257,4506
78375904490,78375904486,-4,807,2787
78379801703,78379801698,-5,1319,3919
78384480525,78384480520,-5,897,2537
78384869054,78384869049,-5,1419,2717
78385974369,78385974364,-5,1410,3694
78387355593,78387355589,-4,1314,3204
78396203893,78396203889,-4,1320,3768
78401651297,78401651290,-7,960,3073
78414479989,78414479983,-6,1177,3492
78416412233,78416412228,-5,845,4145
78416464962,78416464979,17,139,1372
78420797209,78420797205,-4,1462,2993
78424930387,78424930381,-6,829,2512
78425724827,78425724822,-5,1013,3326
78426189504,78426189498,-6,930,2865
78430627293,78430627289,-4,856,3352
78433822683,78433822678,-5,948,3146
78434222738,78434222747,9,233,751
78434737071,78434737065,-6,866,2328
78440119206,78440119202,-4,2428,4747
78471049713,78471049709,-4,1384,3480
78474969648,78474969642,-6,1265,3520
78475738921,78475738915,-6,1478,4171
78477789630,78477789625,-5,790,3045
78478699655,78478699651,-4,1308,3363
78484046413,78484046409,-4,964,2849
78486248684,78486248681,-3,2709,44447
78489930160,78489930153,-7,1098,2971
78491607406,78491607413,7,3069,1128
78492343421,78492343415,-6,1269,2867
78495611942,78495611937,-5,882,2428
78497431849,78497431843,-6,966,3077
78502464526,78502464521,-5,928,2752
78504625157,78504625157,0,2794,3677
78505204939,78505204934,-5,1255,3435
78508048456,78508048450,-6,1376,3350
78508391551,78508391546,-5,1271,3028
78510329078,78510329073,-5,1027,2459
78512820318,78512820310,-8,1895,8551
78513931859,78513931854,-5,806,2141
78517820478,78517820474,-4,1310,4000
78518357361,78518357357,-4,1123,1670
78520103747,78520103743,-4,1412,2504
78527070771,78527070766,-5,994,3016
78531742130,78531742126,-4,952,2579
78533866494,78533866496,2,1817,1447
78535082276,78535082270,-6,1720,7706
78542287755,78542287750,-5,882,1693
78543068387,78543068383,-4,748,2126
78546732842,78546732822,-20,3254,1726
78547787817,78547787812,-5,873,2346
78548911616,78548911623,7,130,1398
78550287763,78550287756,-7,847,5731
78551415557,78551415553,-4,971,2847
78555005112,78555005106,-6,1312,2684
78555560886,78555560882,-4,1216,3244
78566876959,78566876956,-3,1141,3677
78567073510,78567073514,4,8019,5399
78567301659,78567301654,-5,1030,2803
78568459442,78568459438,-4,1064,2811
78568909426,78568909424,-2,1452,2697
78571140794,78571140797,3,1612,1303
78572277857,78572277850,-7,753,4266
78573654123,78573654119,-4,822,3171
78574110625,78574110646,21,587,2790
78582978921,78582978919,-2,1541,1794
78586688336,78586688332,-4,999,2901
78587571333,78587571338,5,2357,1299
78587697238,78587697234,-4,1413,3256
78587941865,78587941860,-5,931,2536
78588262802,78588262798,-4,471,2479
78589808645,78589808641,-4,896,2751
78589966684,78589966689,5,5670,2954
78591640794,78591640789,-5,1231,3285
78595863186,78595863186,0,953,2319
78598708883,78598708878,-5,869,2809
78603014043,78603014035,-8,760,3260
78606138529,78606138524,-5,1063,2410
78612954323,78612954326,3,1433,943
78617320774,78617320774,0,3537,3108
78627099434,78627099423,-11,270,1241
78629980333,78629980328,-5,905,3027
78630492573,78630492569,-4,1090,4147
78635055635,78635055630,-5,996,3235
78636428826,78636428819,-7,975,3870
78642065726,78642065723,-3,1197,2584
78644227437,78644227418,-19,942,3282
78646111409,78646111428,19,3192,1561
78650785078,78650785074,-4,738,2335
78653546678,78653546685,7,4064,1293
78654724496,78654724494,-2,2138,2133
78655315583,78655315575,-8,1120,2947
78655549851,78655549845,-6,1003,3147
78656559242,78656559238,-4,806,3250
78663199378,78663199373,-5,929,2925
78663676502,78663676496,-6,2337,2834
78666929046,78666929041,-5,896,1976
78671199997,78671200004,7,3268,1386
78679002138,78679002133,-5,1276,2983
78682973130,78682973125,-5,769,2616
78685073073,78685073067,-6,1211,2916
78685122538,78685122555,17,2174,5972
78689055447,78689055441,-6,989,3310
78691254170,78691254167,-3,1063,3831
78700234899,78700234894,-5,854,2847
78701505434,78701505414,-20,1247,4163
78704722897,78704722878,-19,604,2097
78709448229,78709448225,-4,814,2605
78711147343,78711147335,-8,967,2888
78715373107,78715373102,-5,1093,2426
78716208627,78716208638,11,523,1709
78717468061,78717468055,-6,1009,4031
78720430979,78720430971,-8,1220,8564
78720676417,78720676410,-7,1205,3952
78720949608,78720949625,17,243,1028
78722414954,78722414950,-4,910,2780
78730149299,78730149293,-6,763,3222
78733606859,78733606855,-4,1600,3687
78737203927,78737203921,-6,2481,7300
78739643411,78739643427,16,1173,5237
78748411561,78748411556,-5,860,2981
78754850810,78754850804,-6,1122,3389
78761640957,78761640951,-6,1019,2952
78770359758,78770359752,-6,909,2715
78774655731,78774655727,-4,1062,2581
78774934540,78774934549,9,217,1075
78778468877,78778468872,-5,1104,2943
78780311191,78780311187,-4,1151,3156
78784082591,78784082589,-2,2623,4452
78784892490,78784892486,-4,1377,4480
78786110297,78786110295,-2,1396,3622
78790460011,78790460008,-3,626,1670
78796187146,78796187145,-1,1397,2014
78796624362,78796624357,-5,1007,3475
78797697689,78797697694,5,1872,1138
78798171631,78798171626,-5,1287,3021
78799291652,78799291646,-6,1507,3922
78807106263,78807106258,-5,946,2181
78808542010,78808542030,20,1248,4241
78815036807,78815036802,-5,771,2179
78816840494,78816840489,-5,482,1965
78826249319,78826249314,-5,1297,2606
78827481775,78827481770,-5,1226,3827
78829705987,78829705982,-5,1137,2915
78830193688,78830193668,-20,686,3086
78835605887,78835605881,-6,1359,3358
78839043032,78839043033,1,1576,2297
78851793844,78851793841,-3,1399,4009
78853553899,78853553903,4,385,1585
78854253732,78854253737,5,2480,1583
78858789469,78858789464,-5,973,2988
78869272330,78869272325,-5,1393,3152
78876065760,78876065755,-5,1012,3776
78876388180,78876388178,-2,1516,2316
78877561179,78877561179,0,316,1402
78878745231,78878745226,-5,610,1567
78878919153,78878919171,18,457,2416
78879595585,78879595580,-5,856,3937
78886273007,78886273002,-5,860,2383
78893933405,78893933399,-6,1123,2896
78898015787,78898015782,-5,1065,3323
78900165434,78900165430,-4,1104,4166
78900640553,78900640550,-3,1156,3031
78902048542,78902048535,-7,1173,4194
78902901948,78902901970,22,298,1491
78903561765,78903561761,-4,1103,2677
78904980703,78904980698,-5,1133,3205
78905038082,78905038096,14,280,1275
78905409162,78905409159,-3,1715,2533
78906429276,78906429270,-6,1069,2147
78906818146,78906818167,21,804,2186
78907056847,78907056843,-4,1447,2844
78911829621,78911829615,-6,1218,2475
78919630411,78919630407,-4,1165,3814
78922231285,78922231280,-5,1038,3263
78923475590,78923475595,5,2949,1087
78926902943,78926902939,-4,1257,2387
78938395355,78938395350,-5,924,2121
78939189009,78939189002,-7,1439,3980
78940677838,78940677834,-4,1111,3356
78944793226,78944793233,7,4111,1788
78945746664,78945746661,-3,1405,3289
78951288962,78951288959,-3,847,1736
78951466492,78951466508,16,122,839
78956595315,78956595310,-5,636,2152
78965222223,78965222217,-6,1031,2401
78971396151,78971396146,-5,659,2150
78971858266,78971858251,-15,241,928
78972002672,78972002664,-8,248,1430
78972726640,78972726634,-6,1237,4072
78973264625,78973264630,5,15114,31200
78976688510,78976688505,-5,1049,3625
78976743908,78976743904,-4,1079,2254
78978263729,78978263722,-7,865,2870
78981991727,78981991722,-5,1059,3016
78982070369,78982070352,-17,865,1938
78985921539,78985921534,-5,1256,3260
78992389831,78992389829,-2,1219,2514
78994412334,78994412330,-4,1037,2821
78995460242,78995460239,-3,299,879
78998357534,78998357529,-5,1861,6886
79011079393,79011079391,-2,571,2757
79011196824,79011196804,-20,69,671
79015060066,79015060087,21,1981,1240
79015682971,79015682967,-4,1102,2337
79016573769,79016573765,-4,864,2163
79021814683,79021814681,-2,1324,1974
79024764372,79024764383,11,231,1083
79025294219,79025294215,-4,941,3252
79030557817,79030557810,-7,966,2553
79030588766,79030588762,-4,908,2073
79035179795,79035179787,-8,35688,13920
79035382796,79035382792,-4,761,3825
79037716718,79037716712,-6,975,3376
79040605381,79040605375,-6,852,3553
79041693740,79041693740,0,1363,1681
79042367731,79042367729,-2,18744,23503
79045148269,79045148261,-8,1694,12298
79054208496,79054208491,-5,910,2663
79068408026,79068408028,2,1627,1463
79080335470,79080335465,-5,837,3417
79083787626,79083787621,-5,920,3442
79085484012,79085484004,-8,825,3484
79095942695,79095942691,-4,1403,3685
79096758723,79096758718,-5,928,3832
79097143981,79097143977,-4,1260,3014
79104618437,79104618440,3,2350,1870
79106635646,79106635642,-4,774,2316
79109308203,79109308199,-4,871,2039
79112931886,79112931887,1,13438,14163
79114617101,79114617097,-4,762,2499
79115871503,79115871498,-5,1280,2909
79117388659,79117388651,-8,1165,4277
79124868426,79124868436,10,2143,1213
79124961931,79124961926,-5,1099,2908
79125387971,79125387966,-5,1061,3353
79130755997,79130755993,-4,955,2981
79134500263,79134500241,-22,825,2973
79136678825,79136678821,-4,1145,1851
79141953081,79141953078,-3,830,3124
79146595638,79146595633,-5,1210,2961
79148896119,79148896119,0,1427,2243
79151186030,79151186025,-5,771,3165
79160404893,79160404889,-4,1707,3390
79161764155,79161764149,-6,1023,3476
79184750747,79184750744,-3,1169,3113
79190672498,79190672495,-3,857,2784
79191221437,79191221432,-5,1124,3028
79191612075,79191612070,-5,831,2815
79192504029,79192504022,-7,738,4031
79193100550,79193100546,-4,937,2685
79203031581,79203031576,-5,1003,2598
79203529553,79203529559,6,136,866
79204892869,79204892864,-5,1029,4377
79205144278,79205144274,-4,1421,4072
79205961879,79205961875,-4,1480,2311
79206025630,79206025626,-4,992,2518
79206435616,79206435621,5,168,1492
79208336910,79208336906,-4,992,3542
79208632509,79208632508,-1,1240,2293
79208672139,79208672134,-5,857,3567
79213072466,79213072461,-5,1135,3536
79213654203,79213654199,-4,851,3355
79214542642,79214542637,-5,1115,2150
79215104798,79215104794,-4,829,2601
79218416035,79218416030,-5,1191,3851
79223540311,79223540307,-4,1151,2835
79223604222,79223604218,-4,1197,2700
79224319637,79224319632,-5,1237,3047
79224599297,79224599291,-6,645,2567
79228237677,79228237672,-5,1091,2734
79245307158,79245307150,-8,1567,5123
79245711532,79245711518,-14,130,1418
79248853822,79248853817,-5,960,2798
79251724514,79251724508,-6,914,3272
79259436675,79259436671,-4,1057,2753
79260104457,79260104457,0,1159,1868
79260229703,79260229698,-5,906,3161
79261240795,79261240780,-15,977,3198
79265680551,79265680546,-5,1086,3093
79271702823,79271702818,-5,1163,3326
79278022386,79278022381,-5,785,3033
79279331101,79279331094,-7,1051,3646
79279564690,79279564707,17,555,2480
79287716092,79287716086,-6,1476,4010
79287801554,79287801540,-14,202,1468
79296268774,79296268769,-5,1374,3413
79303892826,79303892822,-4,2320,4673
79304979061,79304979055,-6,1021,1870
79305584685,79305584682,-3,1355,2319
79313392299,79313392296,-3,1201,2267
79314302627,79314302622,-5,978,2742
79314717610,79314717625,15,328,1009
79315236280,79315236278,-2,1126,1851
79318136550,79318136554,4,2028,1530
79318189813,79318189807,-6,1144,4654
79331011196,79331011214,18,759,3023
79332258605,79332258623,18,1221,1760
79337287972,79337287968,-4,1338,3255
79343679775,79343679771,-4,1102,2463
79347731534,79347731528,-6,948,2757
79348153836,79348153836,0,2016,2076
79352519028,79352519022,-6,845,2990
79353003922,79353003914,-8,818,2701
79353134652,79353134668,16,244,1812
79354636898,79354636893,-5,1144,3689
79358522435,79358522450,15,943,1823
79362918347,79362918345,-2,908,2518
79364343709,79364343703,-6,1024,2537
79369377216,79369377216,0,28879,20609
79371190786,79371190782,-4,779,1980
79373281897,79373281893,-4,1177,4614
79375900095,79375900089,-6,864,2851
79376226958,79376226954,-4,1022,3304
79376564336,79376564333,-3,794,2440
79376658593,79376658588,-5,1073,2911
79381008855,79381008849,-6,1103,2525
79381372761,79381372760,-1,179,1808
79382509953,79382509970,17,864,1686
79389949268,79389949262,-6,1113,1917
79399282803,79399282809,6,10990,32283
79407294438,79407294434,-4,1064,2857
79409017842,79409017838,-4,1594,4120
79417444090,79417444084,-6,1301,3550
79417993809,79417993812,3,215,1076
79420028530,79420028526,-4,635,2550
79422599383,79422599378,-5,1309,3303
79422984574,79422984569,-5,931,2370
79423140952,79423140947,-5,892,2403
79423196180,79423196182,2,77,1012
79423396218,79423396214,-4,1420,3069
79424227151,79424227145,-6,1121,3606
79425398851,79425398844,-7,1065,3401
79425587081,79425587078,-3,709,1951
79431074631,79431074638,7,2887,1372
79431514032,79431514026,-6,987,2657
79436370191,79436370186,-5,1401,4085
79441380334,79441380326,-8,857,3930
79443348136,79443348130,-6,963,3224
79444341754,79444341750,-4,786,3059
79445149173,79445149174,1,1717,1226
79447737047,79447737041,-6,1107,4658
79448888147,79448888149,2,1249,1497
79449461810,79449461805,-5,873,2842
79449686327,79449686330,3,1029,1122
79454837957,79454837952,-5,966,2827
79458249093,79458249089,-4,944,2379
79458922254,79458922247,-7,892,4500
79460549201,79460549197,-4,939,2337
79465639996,79465639994,-2,1617,1926
79469810322,79469810317,-5,990,2490
79470107857,79470107853,-4,1618,4058
79475651998,79475651994,-4,1434,5605
79476218818,79476218816,-2,5455,8744
79480588895,79480588890,-5,1196,4309
79488449579,79488449574,-5,1286,4331
79488476638,79488476633,-5,1272,3425
79490549558,79490549552,-6,439,1442
79491001163,79491001166,3,228,1169
79495265057,79495265053,-4,1377,3841
79497974593,79497974599,6,2536,1755
79498189867,79498189863,-4,1186,2725
79504802168,79504802162,-6,1209,4094
79507567126,79507567119,-7,908,3920
79507852986,79507852987,1,387,1152
79508373298,79508373292,-6,1150,2569
79508848569,79508848589,20,438,1382
79510504629,79510504624,-5,793,2583
79511173865,79511173861,-4,600,1459
79521412999,79521412993,-6,1226,3103
79530452457,79530452453,-4,1423,4474
79532802299,79532802314,15,77,801
79534266727,79534266723,-4,528,1967
79535878057,79535878079,22,937,1936
79535952834,79535952851,17,1349,2917
79536226032,79536226026,-6,1434,4282
79538985251,79538985245,-6,810,1463
79544112110,79544112106,-4,942,2427
79544720034,79544720029,-5,890,2434
79548855078,79548855073,-5,1092,3155
79556417354,79556417347,-7,732,2761
79557364489,79557364484,-5,1110,2818
79557585341,79557585346,5,2992,2050
79558363382,79558363378,-4,1159,2688
79558428553,79558428547,-6,619,1853
79558726986,79558726986,0,1063,1760
79561552376,79561552372,-4,958,2544
79564088814,79564088810,-4,1244,2376
79570289221,79570289221,0,3854,4998
79571557155,79571557151,-4,1238,3237
79574732007,79574732005,-2,1226,2012
79583637119,79583637113,-6,1023,3962
79591881438,79591881435,-3,1036,2709
79592782391,79592782385,-6,720,3111
79593154426,79593154419,-7,712,2979
79593318901,79593318897,-4,1202,2544
79597123190,79597123185,-5,1194,3887
79597333344,79597333339,-5,1083,3173
79599748067,79599748064,-3,604,1719
79604567385,79604567382,-3,925,3068
79606311816,79606311822,6,3553,1149
79608613723,79608613715,-8,1221,3572
79609615397,79609615391,-6,1041,2979
79610578215,79610578211,-4,1081,2740
79618011205,79618011201,-4,979,2195
79625674857,79625674865,8,2422,979
79627720867,79627720863,-4,1255,2361
79628587734,79628587728,-6,1198,3502
79629675542,79629675537,-5,625,2764
79643599817,79643599809,-8,216,952
79648801003,79648800998,-5,1271,2151
79655832929,79655832923,-6,867,3536
79658289804,79658289799,-5,1823,3739
79661254470,79661254465,-5,1178,3112
79665967614,79665967610,-4,976,3198
79668943340,79668943336,-4,1609,6239
79671358438,79671358434,-4,647,1534
79675468318,79675468315,-3,961,2656
79675672561,79675672558,-3,949,1888
79677187186,79677187166,-20,1476,2097
79677752386,79677752394,8,11873,22519
79679069006,79679069002,-4,990,3377
79679108868,79679108879,11,679,1852
79680610829,79680610825,-4,911,1768
79680643972,79680643982,10,330,657
79685218214,79685218210,-4,993,2711
79687280710,79687280710,0,1145,2016
79688398136,79688398131,-5,956,3069
79689143888,79689143905,17,107,820
79690149391,79690149390,-1,1249,2300
79695541119,79695541116,-3,1315,2467
79696400243,79696400233,-10,5484,22344
79696475620,79696475622,2,2179,1147
79699583131,79699583126,-5,973,2441
79699763396,79699763411,15,286,955
79702612518,79702612511,-7,1376,5057
79706147926,79706147922,-4,1078,2966
79710374365,79710374351,-14,8826,26735
79710478026,79710478021,-5,872,3035
79713288068,79713288085,17,629,1538
79717408658,79717408651,-7,1492,3780
79718396294,79718396289,-5,658,2942
79718717331,79718717335,4,1574,775
79725283431,79725283424,-7,1016,3204
79731527265,79731527261,-4,1420,3974
79736965358,79736965355,-3,1444,3348
79737485998,79737485994,-4,1012,3964
79738596354,79738596355,1,1250,1925
79744384359,79744384353,-6,1182,4237
79744675286,79744675282,-4,800,2394
79745135612,79745135607,-5,1459,2304
79745578083,79745578082,-1,841,1748
79759148181,79759148177,-4,834,2880
79759581166,79759581173,7,5982,2511
79762407681,79762407675,-6,901,3398
79763310682,79763310666,-16,271,1217
79763695577,79763695574,-3,1146,2000
79764790127,79764790135,8,4891,1221
79771803854,79771803852,-2,780,2011
79777376926,79777376921,-5,775,2389
79777881524,79777881528,4,186,758
79779641743,79779641737,-6,836,2885
79781004950,79781004945,-5,847,5087
79783505226,79783505221,-5,1179,2557
79784675326,79784675321,-5,753,2987
79784795443,79784795430,-13,1118,2308
79785899855,79785899849,-6,1050,3258
79789451426,79789451445,19,1478,867
79790847169,79790847163,-6,1505,4036
79802360515,79802360510,-5,787,2239
79804345254,79804345250,-4,1060,2086
79808886333,79808886326,-7,822,2670
79809261324,79809261324,0,4937,18260
79809642342,79809642335,-7,999,2460
79810034199,79810034210,11,573,185
79811380550,79811380545,-5,643,3172
79811928249,79811928237,-12,627,2407
79813056073,79813056068,-5,883,2294
79813250164,79813250183,19,404,1497
79816053160,79816053154,-6,876,3212
79817135122,79817135118,-4,1238,3310
79818115241,79818115236,-5,1091,2830
79822258830,79822258836,6,4636,3190
79825872571,79825872567,-4,816,902
79837500338,79837500337,-1,1246,1992
79837899269,79837899266,-3,725,3216
79840043408,79840043401,-7,1448,5402
79848567747,79848567743,-4,962,2849
79851452388,79851452407,19,385,1757
79855782742,79855782738,-4,978,2796
79864842779,79864842786,7,9448,2344
79866437525,79866437517,-8,801,4456
79870149282,79870149277,-5,655,1785
79873289200,79873289197,-3,836,1696
79873825860,79873825867,7,268,815
79886431329,79886431326,-3,863,1718
79886869018,79886869001,-17,72,1387
79889539693,79889539690,-3,1010,2718
79890690093,79890690086,-7,796,3530
79899677519,79899677514,-5,763,1498
79902859617,79902859611,-6,1105,2849
79903610325,79903610319,-6,1551,6064
79907051651,79907051646,-5,1146,2714
79908265898,79908265894,-4,1184,2714
79914978986,79914978981,-5,1019,3240
79915728669,79915728663,-6,841,2549
79917797010,79917797007,-3,803,2359
79919685623,79919685619,-4,299,838
79924412657,79924412653,-4,1332,2818
79929935094,79929935091,-3,986,2161
79931261182,79931261179,-3,1268,2550
79938612331,79938612323,-8,950,3696
79938752898,79938752893,-5,771,3478
79941126478,79941126474,-4,1069,2973
79944135656,79944135652,-4,1089,3164
79944693087,79944693083,-4,1042,2969
79956659977,79956659975,-2,1257,2132
79969546993,79969546986,-7,1002,2596
79972218685,79972218681,-4,1011,3162
79976594931,79976594925,-6,1026,3926
79976702567,79976702566,-1,1353,2679
79976855418,79976855439,21,606,3025
79978170765,79978170758,-7,1008,3673
79984180835,79984180828,-7,1130,4229
79984259366,79984259361,-5,908,2990
79988852325,79988852323,-2,1109,2875
79989824283,79989824277,-6,1193,3703
79995074972,79995074970,-2,1211,1516
80007722902,80007722909,7,3527,1065
80007982810,80007982804,-6,1243,2508
80024450085,80024450079,-6,857,3321
80024998891,80024998903,12,338,812
80026734149,80026734145,-4,715,2243
80026759944,80026759959,15,1151,2836
80029654517,80029654513,-4,849,3006
80033437395,80033437391,-4,1180,2168
80034354723,80034354718,-5,1179,2696
80035082168,80035082163,-5,1716,3004
80040845824,80040845820,-4,894,2663
80043904173,80043904169,-4,1511,3573
80044123646,80044123642,-4,1023,2765
80052978913,80052978921,8,4643,1280
80053261513,80053261509,-4,803,3137
80056619054,80056619050,-4,828,3835
80066491097,80066491091,-6,1091,3920
80067350432,80067350430,-2,1409,2084
80068005193,80068005195,2,1307,1203
80076171190,80076171196,6,3166,1525
80084733129,80084733125,-4,995,4393
80087939622,80087939623,1,1474,2174
80088110838,80088110842,4,3905,2993
80094692990,80094692970,-20,8770,1049
80096086107,80096086102,-5,973,2313
80097509929,80097509930,1,367,1489
80103721625,80103721621,-4,611,2031
80104119907,80104119915,8,191,1413
80106035670,80106035667,-3,797,2479
80106388256,80106388250,-6,1069,2834
80106537130,80106537145,15,726,2546
80107862586,80107862595,9,1924,732
80108634039,80108634032,-7,752,4087
80109579802,80109579795,-7,1140,1845
80118099058,80118099045,-13,21323,15380
80118263286,80118263284,-2,715,2271
80133305330,80133305326,-4,832,2937
80139076156,80139076149,-7,926,2043
80139410629,80139410623,-6,1809,4032
80141954286,80141954281,-5,807,2897
80143532866,80143532860,-6,809,2617
80144403250,80144403243,-7,956,3037
80151839234,80151839236,2,3233,2994
80153799450,80153799443,-7,1013,5171
80155944990,80155944985,-5,1609,4561
80159364890,80159364884,-6,1071,2703
80162822986,80162822981,-5,1295,4198
80163915168,80163915161,-7,1254,3036
80164300585,80164300583,-2,1644,2053
80177423986,80177423981,-5,846,2646
80177826649,80177826649,0,1094,1296
80179168349,80179168344,-5,899,3880
80179367048,80179367055,7,298,3188
80193950189,80193950185,-4,900,3199
80194844944,80194844938,-6,1440,2883
80196084670,80196084665,-5,866,3126
80196470323,80196470342,19,990,2728
80197588954,80197588949,-5,868,1498
80198381325,80198381322,-3,1055,3336
80198427188,80198427194,6,87,476
80204128574,80204128569,-5,864,1990
80204296500,80204296510,10,113,921
80208705639,80208705634,-5,1047,3256
80213370099,80213370093,-6,1188,3868
80215410843,80215410837,-6,772,2536
80226185886,80226185883,-3,871,2619
80226498722,80226498738,16,778,2648
80230200669,80230200664,-5,1168,2859
80230461879,80230461874,-5,736,2824
80240743891,80240743887,-4,1341,3628
80242484963,80242484962,-1,1263,2317
80245556597,80245556592,-5,755,2585
80252211182,80252211177,-5,1198,3307
80253432067,80253432063,-4,1506,3570
80257154763,80257154760,-3,687,1627
80258671004,80258670998,-6,1328,3026
80263952807,80263952806,-1,922,3017
80265106751,80265106746,-5,915,4665
80269455190,80269455185,-5,980,3019
80272148067,80272148063,-4,1242,3745
80272623642,80272623647,5,2107,1535
80281517666,80281517661,-5,1100,2973
80288572418,80288572413,-5,702,2562
80290058449,80290058446,-3,1096,3651
80292364343,80292364337,-6,1199,3343
80293526354,80293526349,-5,775,2811
80294619850,80294619850,0,9145,12197
80296438197,80296438193,-4,1187,4102
80297623242,80297623223,-19,246,873
80298150736,80298150730,-6,1670,2479
80301495521,80301495517,-4,1745,4560
80306709741,80306709737,-4,1055,3312
80310672541,80310672538,-3,804,2668
80311343073,80311343091,18,285,1293
80314481050,80314481053,3,2247,35885
80314677491,80314677486,-5,975,3026
80316635890,80316635887,-3,906,1638
80316879896,80316879885,-11,1004,3035
80320285119,80320285118,-1,1400,1826
80321652746,80321652741,-5,802,2989
80321731250,80321731270,20,819,1894
80324268773,80324268771,-2,1060,1948
80330732068,80330732078,10,137,1353
80334529310,80334529310,0,2912,5272
80337691906,80337691900,-6,1332,2870
80338319602,80338319598,-4,1323,2648
80347140082,80347140076,-6,1078,3583
80347930569,80347930565,-4,901,2815
80354248851,80354248866,15,1107,3960
80355791291,80355791285,-6,1069,2371
80360247588,80360247582,-6,1262,2941
80362439745,80362439741,-4,993,3216
80368257066,80368257062,-4,1072,2180
80370214882,80370214877,-5,1294,3534
80376338694,80376338687,-7,770,3342
80378313922,80378313917,-5,1207,2988
80378953590,80378953590,0,2490,3181
80381510477,80381510474,-3,1368,3590
80384645307,80384645303,-4,1000,2849
80394885643,80394885636,-7,1076,3500
80395284932,80395284950,18,309,1307
80397584031,80397584026,-5,918,2506
80398825501,80398825507,6,3878,1412
80406014195,80406014189,-6,1242,3271
80408029898,80408029891,-7,555,3174
80408483522,80408483523,1,146,935
80421597115,80421597110,-5,983,3669
80424214053,80424214047,-6,1102,3178
80424824799,80424824793,-6,842,2923
80427290618,80427290617,-1,2013,4657
80428399420,80428399415,-5,1462,4290
80429563703,80429563697,-6,997,3424
80433547266,80433547260,-6,1277,3190
80433855256,80433855262,6,59,1242
80433915568,80433915550,-18,1078,2768
80434993220,80434993215,-5,1043,2060
80439975675,80439975671,-4,893,2295
80443350659,80443350655,-4,1063,2402
80451675563,80451675559,-4,785,2132
80451968434,80451968422,-12,145,676
80453526901,80453526896,-5,1130,2931
80458076303,80458076306,3,649,586
80460620731,80460620724,-7,33570,16542
80465654779,80465654781,2,1454,1145
80466729784,80466729778,-6,1388,3840
80470039845,80470039851,6,1605,716
80471098745,80471098740,-5,1096,2609
80471207971,80471207973,2,353,1247
80478199394,80478199390,-4,767,2863
80479673115,80479673107,-8,87,745
80481954791,80481954785,-6,1139,3323
80483019814,80483019810,-4,1034,3162
80483474202,80483474181,-21,166,604
80483814423,80483814422,-1,1686,1931
80484223794,80484223790,-4,704,3352
80492110431,80492110426,-5,789,2446
80494482571,80494482567,-4,969,2683
80496683564,80496683559,-5,1281,3475
80500423761,80500423760,-1,8433,12403
80505241790,80505241785,-5,949,2942
80506672977,80506672973,-4,2251,6266
80511512068,80511512062,-6,1110,4840
80511877378,80511877374,-4,914,1792
80512388266,80512388287,21,284,980
80520528431,80520528424,-7,1256,3106
80522480867,80522480885,18,2112,1115
80524370285,80524370281,-4,734,2431
80528726760,80528726757,-3,1226,2775
80530734153,80530734149,-4,882,2404
80533378404,80533378397,-7,1092,4076
80534397266,80534397261,-5,725,3619
80535331656,80535331674,18,827,3152
80539838251,80539838245,-6,841,3118
80541176718,80541176713,-5,719,3182
80541669183,80541669178,-5,1093,3500
80542508475,80542508471,-4,1040,3106
80543620542,80543620538,-4,769,1767
80550867775,80550867768,-7,550,2792
80560739527,80560739524,-3,760,2295
80560766717,80560766710,-7,928,4153
80561658539,80561658534,-5,838,3128
80561933939,80561933917,-22,1081,2720
80562192394,80562192405,11,237,1385
80565053626,80565053630,4,2074,919
80569843886,80569843882,-4,949,2359
80574007967,80574007963,-4,1051,3192
80574506622,80574506617,-5,1205,3454
80575147252,80575147266,14,112,858
80579892583,80579892577,-6,1317,3151
80581370719,80581370714,-5,1837,3836
80582263325,80582263318,-7,837,2186
80589343803,80589343805,2,3297,3578
80591382889,80591382887,-2,1126,1409
80595306167,80595306162,-5,1136,3497
80597310379,80597310374,-5,799,2259
80603575299,80603575294,-5,1354,3884
80605929670,80605929667,-3,1208,2699
80606388725,80606388725,0,33543,19761
80609200215,80609200211,-4,1713,4927
80612728178,80612728171,-7,782,2511
80613959882,80613959878,-4,872,2209
80615664002,80615664021,19,361,1382
80616382478,80616382473,-5,1024,2301
80624132006,80624132001,-5,382,1301
80627334426,80627334419,-7,1089,2645
80627416866,80627416880,14,314,1072
80627468145,80627468140,-5,662,2327
80630344687,80630344681,-6,1002,4037
80630733699,80630733716,17,988,2623
80631474341,80631474337,-4,1593,3141
80633517472,80633517469,-3,811,3246
80637613896,80637613881,-15,1455,399
80638299386,80638299382,-4,1404,3691
80641527482,80641527477,-5,824,2723
80650831995,80650831990,-5,1002,3825
80655173749,80655173749,0,1361,2504
80655804030,80655804026,-4,1274,2437
80658058372,80658058366,-6,1103,3665
80658235083,80658235098,15,727,2561
80661737772,80661737768,-4,24918,13730
80676685218,80676685214,-4,794,1998
80677450531,80677450526,-5,684,2454
80678423041,80678423058,17,152,1004
80681310866,80681310862,-4,663,2632
80683174470,80683174467,-3,1229,3444
80684203415,80684203409,-6,843,1452
80684584217,80684584234,17,52,1110
80689266393,80689266389,-4,879,3606
80689354789,80689354783,-6,827,2560
80689634650,80689634630,-20,1033,4010
80689939043,80689939057,14,915,3941
80692505942,80692505936,-6,1130,2919
80693213126,80693213121,-5,994,2929
80695208247,80695208245,-2,1491,1608
80697133964,80697133959,-5,542,1944
80702657822,80702657815,-7,961,3946
80704259263,80704259268,5,2421,1668
80704668604,80704668606,2,1590,1914
80705807023,80705807018,-5,1313,2805
80714920910,80714920906,-4,1104,2472
80716521347,80716521343,-4,1436,4449
80719019134,80719019131,-3,1213,2479
80724734143,80724734139,-4,1130,2719
80735061063,80735061057,-6,768,2440
80735838826,80735838830,4,1225,1230
80740699080,80740699073,-7,979,4250
80748873658,80748873664,6,3135,1938
80753962195,80753962190,-5,606,2013
80754181482,80754181502,20,1160,3760
80755983295,80755983289,-6,2092,7186
80759921591,80759921595,4,1626,1034
80762865868,80762865862,-6,893,1704
80768975693,80768975698,5,4969,1972
80774184323,80774184317,-6,757,2987
80774343092,80774343094,2,1560,2126
80775744218,80775744212,-6,860,3548
80781086872,80781086877,5,2578,3203
80786015260,80786015254,-6,525,961
80787182129,80787182126,-3,868,2758
80787440776,80787440789,13,214,803
80788048927,80788048920,-7,1171,4607
80788308519,80788308525,6,2377,1206
80788739204,80788739201,-3,759,2420
80789407039,80789407031,-8,1538,5361
80793673846,80793673842,-4,1169,3022
80801618368,80801618370,2,12836,9804
80803390153,80803390147,-6,1530,3685
80809003607,80809003602,-5,1194,3346
80809040615,80809040611,-4,643,2526
80811873898,80811873893,-5,918,2098
80812350656,80812350639,-17,1,742
80817269864,80817269857,-7,914,3741
80825372898,80825372899,1,1822,1381
80835009354,80835009349,-5,1441,3942
80836320389,80836320386,-3,2209,4493
80838827502,80838827496,-6,898,2716
80839616651,80839616647,-4,960,2967
80840789591,80840789586,-5,1037,2508
80845899161,80845899155,-6,1423,3586
80846629827,80846629823,-4,1686,2910
80848145782,80848145776,-6,983,2960
80848666454,80848666450,-4,1091,2036
80848984918,80848984914,-4,1002,3131
80855178110,80855178105,-5,1054,2477
80858586578,80858586576,-2,793,2069
80862525727,80862525723,-4,1314,3107
80865943298,80865943299,1,1639,1134
80873688491,80873688485,-6,1035,2229
80873729072,80873729082,10,153,688
80874937746,80874937730,-16,269,773
80877162897,80877162893,-4,1134,3679
80877312059,80877312057,-2,193,1086
80877952739,80877952734,-5,42,888
80881516470,80881516464,-6,2222,9565
80884352523,80884352518,-5,620,2077
80887860654,80887860648,-6,729,3963
80894378618,80894378619,1,2326,3119
80894824847,80894824842,-5,1091,2350
80898596578,80898596579,1,2979,3328
80902816538,80902816534,-4,1270,3318
80906625133,80906625131,-2,1428,3037
80908872949,80908872946,-3,1148,3576
80916407122,80916407118,-4,723,3308
80918786492,80918786486,-6,1673,4164
80924479001,80924478994,-7,961,4546
80925011587,80925011600,13,745,3017
80931488399,80931488394,-5,1153,1866
80934761979,80934761979,0,26156,19529
80937553540,80937553533,-7,1069,5448
80939595189,80939595185,-4,1650,3615
80945531106,80945531112,6,8197,28482
80945834929,80945834925,-4,506,2098
80963596240,80963596261,21,178,963
80965089971,80965089950,-21,179,920
80966298703,80966298707,4,2197,1406
80968886195,80968886190,-5,774,3225
80971816577,80971816571,-6,1196,1779
80975833207,80975833202,-5,864,2579
80987324850,80987324845,-5,944,4258
80988074530,80988074526,-4,926,3758
81005222917,81005222914,-3,1106,2516
81006971788,81006971782,-6,1161,2408
81007023553,81007023568,15,1148,3690
81007569573,81007569567,-6,1334,2571
81011271866,81011271860,-6,1146,5412
81012445895,81012445891,-4,1222,3073
81014003850,81014003845,-5,871,3642
81015710898,81015710891,-7,1136,2772
81021272519,81021272520,1,14443,18026
81021678766,81021678762,-4,1205,2730
81025606417,81025606410,-7,803,2577
81028635338,81028635333,-5,1454,4665
81030962611,81030962605,-6,795,3923
81033154890,81033154886,-4,1208,3304
81042708303,81042708297,-6,1056,2571
81045303913,81045303910,-3,1002,2337
81045650268,81045650258,-10,904,2571
81051011431,81051011428,-3,551,1720
81051116186,81051116178,-8,112,874
81053159131,81053159129,-2,1350,2469
81056460114,81056460118,4,6968,25218
81073919886,81073919886,0,1167,1326
81074355736,81074355738,2,2085,1722
81081547727,81081547721,-6,1154,2404
81088972175,81088972170,-5,987,3007
81089765501,81089765501,0,1971,2652
81090297922,81090297918,-4,1224,4348
81090807949,81090807953,4,2109,1050
81091629099,81091629095,-4,1268,2562
81104081457,81104081444,-13,34275,14176
81111665257,81111665254,-3,792,2560
81113518851,81113518849,-2,711,3378
81120463369,81120463367,-2,972,1936
81120782834,81120782827,-7,392,1156
81124481807,81124481808,1,1591,1722
81130313134,81130313129,-5,835,3720
81131177211,81131177206,-5,1030,3733
81142146408,81142146403,-5,1931,4193
81142650606,81142650602,-4,1439,3607
81146894263,81146894259,-4,1224,2850
81154540022,81154540018,-4,961,2354
81155772652,81155772647,-5,1192,3490
81157164627,81157164624,-3,851,2134
81157935603,81157935598,-5,1697,4191
81160136948,81160136942,-6,1250,3211
81163287739,81163287736,-3,958,2764
81165997501,81165997496,-5,1452,3766
81167083277,81167083279,2,1083,1437
81168895010,81168895006,-4,1127,2883
81172075654,81172075650,-4,842,1905
81172336642,81172336649,7,3052,1114
81172683736,81172683731,-5,1097,3587
81172817633,81172817655,22,1181,2946
81176257593,81176257589,-4,1346,4287
81177364324,81177364321,-3,2101,3991
81177823465,81177823459,-6,842,2085
81177958819,81177958814,-5,1225,3321
81179036087,81179036082,-5,867,3239
81179655555,81179655550,-5,1176,3893
81179754182,81179754183,1,1009,1427
81180728410,81180728406,-4,1158,3329
81182762506,81182762501,-5,792,3172
81183571520,81183571538,18,548,1966
81184636526,81184636519,-7,1324,4499
81187082018,81187082011,-7,1012,3246
81190958912,81190958907,-5,1076,2801
81191450919,81191450914,-5,1022,2816
81203621774,81203621769,-5,1375,3576
81205718586,81205718593,7,3507,1320
81208183469,81208183465,-4,1084,3389
81209610484,81209610498,14,1310,3973
81210101659,81210101653,-6,1224,2133
81212845587,81212845581,-6,956,2050
81213235530,81213235526,-4,706,2439
81213724094,81213724094,0,936,2049
81217906746,81217906743,-3,1103,3378
81220753599,81220753593,-6,1054,3112
81221601666,81221601661,-5,886,3331
81222420246,81222420241,-5,1092,4721
81223993787,81223993781,-6,1230,3158
81226399503,81226399497,-6,1499,3529
81228840515,81228840500,-15,7639,2892
81232375721,81232375716,-5,849,2346
81234195839,81234195834,-5,1108,3154
81236615646,81236615643,-3,2461,5584
81238025263,81238025258,-5,41471,26766
81245163050,81245163046,-4,1183,2876
81245234355,81245234369,14,1205,4169
81247223278,81247223274,-4,1169,3301
81248961553,81248961547,-6,968,3236
81251535762,81251535757,-5,1311,2992
81260487038,81260487032,-6,882,2563
81260756962,81260756981,19,1423,3310
81261812114,81261812108,-6,1217,3613
81268000552,81268000552,0,1451,2113
81273185139,81273185134,-5,763,1918
81276312154,81276312149,-5,1163,2770
81283837590,81283837582,-8,1458,3656
81298591141,81298591137,-4,893,3395
81299473045,81299473038,-7,989,2543
81300724478,81300724491,13,17965,2110
81301698921,81301698918,-3,940,1148
81305090127,81305090122,-5,1222,2619
81306341019,81306341015,-4,796,1516
81312009978,81312009973,-5,1185,2825
81313664518,81313664512,-6,1393,4416
81320376303,81320376296,-7,874,3478
81322703678,81322703676,-2,1047,3015
81323180010,81323180006,-4,754,3133
81330457178,81330457174,-4,1007,3453
81331723739,81331723741,2,1662,2494
81332854950,81332854946,-4,821,1997
81341441985,81341441986,1,1782,1805
81341484387,81341484382,-5,1000,2294
81343060870,81343060867,-3,845,2984
81346732462,81346732459,-3,1192,2769
81349067245,81349067243,-2,764,3051
81351072930,81351072924,-6,1095,3117
81352383489,81352383485,-4,1047,2138
81356616191,81356616199,8,2854,1092
81362453763,81362453761,-2,1156,2149
81364629271,81364629263,-8,1398,2880
81372270829,81372270825,-4,995,2759
81374233385,81374233381,-4,1127,3726
81374886932,81374886939,7,198,633
81375929422,81375929415,-7,1159,2547
81378460795,81378460789,-6,736,2927
81388760458,81388760452,-6,927,3558
81393004509,81393004503,-6,1109,3536
81393116244,81393116238,-6,1112,4192
81396232127,81396232123,-4,1069,2729
81402670225,81402670220,-5,1008,2610
81404820271,81404820264,-7,1208,3091
81409183506,81409183499,-7,1496,4116
81410559663,81410559665,2,715,1076
81411526529,81411526525,-4,1278,3817
81414538412,81414538408,-4,1031,2946
81415260692,81415260682,-10,94,663
81416055221,81416055214,-7,1099,4282
81422530257,81422530255,-2,1372,1952
81423516780,81423516797,17,747,2065
81423720548,81423720567,19,582,2897
81424407686,81424407682,-4,1052,3609
81428850811,81428850806,-5,899,2902
81436697940,81436697935,-5,1254,3275
81442176249,81442176243,-6,703,2351
81443135587,81443135594,7,169,1245
81443515011,81443515026,15,377,1021
81446977303,81446977298,-5,1038,2515
81447526635,81447526650,15,162,1071
81448953314,81448953309,-5,1119,4149
81452396375,81452396370,-5,1099,2823
81456280154,81456280150,-4,468,2081
81456339794,81456339786,-8,1229,3784
81460613510,81460613492,-18,1202,2807
81461185066,81461185062,-4,1104,3137
81461945060,81461945057,-3,727,1909
81462155324,81462155342,18,1212,3085
81470910547,81470910540,-7,776,2148
81476796051,81476796053,2,819,1335
81481582874,81481582879,5,1094,976
81489219646,81489219640,-6,920,3388
81490557748,81490557749,1,25047,26308
81499342850,81499342842,-8,779,2973
81503963150,81503963144,-6,1288,4106
81506165861,81506165854,-7,930,3706
81506224021,81506224021,0,21268,23683
81508117438,81508117435,-3,1216,2692
81508789610,81508789605,-5,848,1605
81516938603,81516938597,-6,1142,6323
81517448483,81517448501,18,621,2254
81517525131,81517525125,-6,957,3808
81518751528,81518751527,-1,1130,1764
81520775535,81520775531,-4,1011,2872
81524877577,81524877571,-6,950,2547
81527568595,81527568590,-5,1068,3249
81528876358,81528876355,-3,597,1021
81533830277,81533830279,2,3221,2470
81535609995,81535609987,-8,1208,3801
81537706881,81537706877,-4,944,2070
81539129306,81539129302,-4,1607,3055
81541322931,81541322934,3,2386,1047
81544137979,81544137970,-9,1047,3288
81544325107,81544325103,-4,1015,2629
81547396883,81547396878,-5,1000,3941
81549897963,81549897958,-5,1210,4048
81550265618,81550265609,-9,987,2425
81550497097,81550497093,-4,111,1525
81552895744,81552895738,-6,1060,6090
81554598634,81554598630,-4,1306,2619
81556761082,81556761078,-4,1363,3595
81558812966,81558812961,-5,1251,2551
81559162568,81559162563,-5,1104,2405
81560385625,81560385630,5,5099,2341
81560657998,81560657993,-5,909,2272
81561703986,81561703980,-6,1111,2286
81562480977,81562480981,4,4481,2317
81565240872,81565240866,-6,902,2181
81583132270,81583132266,-4,1240,3718
81586254051,81586254045,-6,1581,4895
81587282976,81587282971,-5,922,2896
81587852682,81587852677,-5,1165,2705
81590516400,81590516397,-3,1018,2143
81590820745,81590820725,-20,1038,2836
81591864686,81591864682,-4,887,2953
81593834675,81593834668,-7,165,1337
81596926172,81596926187,15,373,971
81599849274,81599849269,-5,889,3180
81616894930,81616894933,3,2570,1751
81627428010,81627428005,-5,1148,3691
81628762530,81628762533,3,83,1359
81630062634,81630062631,-3,1088,2936
81631104547,81631104534,-13,189,1007
81637472710,81637472708,-2,1318,2080
81639425918,81639425896,-22,737,2439
81645007777,81645007773,-4,1009,2796
81645494522,81645494542,20,304,1277
81655013774,81655013769,-5,1212,2677
81661866898,81661866894,-4,941,2535
81665447122,81665447117,-5,1241,3019
81671063362,81671063361,-1,820,2195
81675935107,81675935102,-5,894,2668
81677416849,81677416845,-4,357,3044
81678450044,81678450038,-6,1231,3213
81680849918,81680849914,-4,1139,3019
81681250772,81681250768,-4,1314,3026
81681529868,81681529882,14,437,1029
81685591911,81685591908,-3,805,3237
81692826625,81692826645,20,481,1498
81696716200,81696716198,-2,1464,2690
81701419521,81701419518,-3,843,2353
81703972742,81703972738,-4,1883,3435
81709045292,81709045287,-5,1044,2420
81710534775,81710534768,-7,676,2459
81714828407,81714828402,-5,938,3432
81716234508,81716234501,-7,1859,5840
81717751131,81717751126,-5,1230,3446
81718623039,81718623034,-5,1110,3063
81721542272,81721542267,-5,780,3200
81722299855,81722299850,-5,536,2259
81724890243,81724890240,-3,1334,2772
81726875939,81726875938,-1,958,3031
81726969131,81726969109,-22,248,921
81729778494,81729778490,-4,1133,2659
81730397212,81730397207,-5,1052,3149
81731195410,81731195405,-5,1144,3815
81733303727,81733303722,-5,1104,2833
81733976852,81733976863,11,648,2030
81735938380,81735938382,2,4532,3677
81744665142,81744665137,-5,681,2167
81744784734,81744784733,-1,1415,2187
81746733547,81746733543,-4,1010,2656
81747957967,81747957964,-3,928,3000
81751334352,81751334349,-3,691,2426
81757683769,81757683765,-4,993,1764
81758192691,81758192670,-21,644,2878
81758368440,81758368458,18,878,3055
81758477806,81758477802,-4,1074,2251
81759053249,81759053238,-11,954,3325
81760613647,81760613637,-10,224,921
81763888778,81763888785,7,12806,5693
81768349519,81768349513,-6,1063,3757
81770131510,81770131506,-4,1216,3874
81774086597,81774086602,5,2878,1712
81777091385,81777091389,4,2059,1488
81788770050,81788770044,-6,967,2979
81789220555,81789220533,-22,73,1035
81791197241,81791197234,-7,1079,4114
81791850835,81791850851,16,341,1648
81795413621,81795413613,-8,846,2774
81795540810,81795540802,-8,1508,4214
81797525573,81797525565,-8,1264,4158
81802214919,81802214913,-6,794,3849
81804423021,81804423015,-6,2153,6950
81804812819,81804812812,-7,1006,4661
81805206152,81805206147,-5,234,836
81815461321,81815461326,5,837,656
81815848994,81815848990,-4,1580,3451
81816195511,81816195508,-3,1103,2794
81822193084,81822193101,17,256,1473
81823336703,81823336697,-6,1158,2722
81823464855,81823464850,-5,959,3428
81825868055,81825868051,-4,1379,3283
81828492026,81828492021,-5,1543,3340
81829340143,81829340138,-5,1077,2981
81830179459,81830179459,0,2805,3851
81834965069,81834965062,-7,1112,3252
81837582385,81837582382,-3,1349,3822
81839372015,81839372011,-4,1289,3582
81840200667,81840200662,-5,466,1948
81840399907,81840399902,-5,1114,2678
81843156482,81843156477,-5,1106,2945
81843874917,81843874910,-7,1149,4223
81844769330,81844769326,-4,829,2502
81845879796,81845879791,-5,993,2311
81848289290,81848289286,-4,872,2342
81849557044,81849557038,-6,1515,4196
81856666736,81856666743,7,2120,1818
81858524185,81858524181,-4,1261,4559
81860037528,81860037525,-3,827,2597
81865712758,81865712765,7,8952,3038
81869976479,81869976474,-5,703,2351
81870660597,81870660592,-5,939,3069
81874242643,81874242638,-5,1075,1772
81875768102,81875768095,-7,1413,3370
81879785543,81879785541,-2,1778,3629
81885802658,81885802655,-3,480,1644
81888119346,81888119345,-1,720,2197
81888666430,81888666425,-5,903,2288
81891569002,81891568997,-5,1044,3249
81903811895,81903811890,-5,1146,2648
81904261729,81904261725,-4,864,2591
81907884485,81907884483,-2,1262,1778
81908350969,81908350989,20,229,765
81908652787,81908652800,13,156,1153
81913977033,81913977039,6,2934,1351
81923380539,81923380535,-4,870,2688
81924411602,81924411622,20,521,1596
81931110128,81931110124,-4,870,2849
81931297827,81931297821,-6,909,1792
81934190503,81934190497,-6,1244,3694
81942915467,81942915461,-6,1022,2925
81943353323,81943353325,2,1650,2101
81948274185,81948274186,1,2408,1604
81966959559,81966959554,-5,860,2105
81966985314,81966985309,-5,1429,3326
81967993720,81967993736,16,168,770
81975352824,81975352830,6,3442,1154
81978070486,81978070478,-8,896,1964
81986870598,81986870593,-5,759,1881
81988006754,81988006750,-4,1146,2230
81988183356,81988183352,-4,1082,2209
81988330786,81988330767,-19,1230,2706
81989593397,81989593391,-6,1025,3294
81989885433,81989885435,2,1416,1342
81991393864,81991393859,-5,516,1455
81993100083,81993100090,7,1900,1119
81995842543,81995842537,-6,987,3175
81996731858,81996731866,8,226,1048
81997480547,81997480542,-5,1121,3642
81997923745,81997923740,-5,672,1450
81998572661,81998572657,-4,32873,13453
81999429411,81999429409,-2,1077,2653
81999834015,81999834010,-5,889,2789
82001361552,82001361548,-4,1207,3759
82004055975,82004055970,-5,1075,1722
82009841231,82009841226,-5,901,2380
82009968209,82009968206,-3,167,1436
82010917307,82010917302,-5,1012,3671
82011493856,82011493861,5,28,761
82012724364,82012724377,13,487,1668
82013338514,82013338510,-4,848,3605
82014172924,82014172901,-23,864,2602
82014581088,82014581070,-18,1094,1700
82021520985,82021520985,0,976,1860
82024517814,82024517809,-5,712,2966
82026966036,82026966030,-6,1371,3631
82027574554,82027574542,-12,1077,2995
82029639143,82029639143,0,899,1355
82030570007,82030570001,-6,1238,5289
82031239691,82031239688,-3,1235,2685
82033297949,82033297946,-3,1214,3315
82035809534,82035809534,0,1176,1535
82041041880,82041041879,-1,1286,2117
82041295075,82041295070,-5,924,3312
82043271835,82043271830,-5,1304,3850
82043707483,82043707480,-3,789,2432
82049708401,82049708395,-6,1847,3871
82050398244,82050398247,3,26024,115468
82053916671,82053916666,-5,1221,4280
82055621372,82055621366,-6,813,3731
82056038950,82056038945,-5,1156,2138
82056428300,82056428319,19,679,3044
82057945311,82057945317,6,2910,1811
82063402066,82063402062,-4,1067,2693
82072662039,82072662033,-6,982,1776
82086111641,82086111635,-6,923,3041
82090361343,82090361340,-3,1298,2702
82098154486,82098154479,-7,714,2959
82101404715,82101404710,-5,755,1243
82104467253,82104467246,-7,1279,4174
82106846654,82106846658,4,2140,1102
82107197842,82107197838,-4,1064,2366
82111228464,82111228458,-6,794,2298
82112151643,82112151637,-6,820,2880
82112266859,82112266854,-5,999,2249
82112991000,82112990994,-6,888,1445
82113495843,82113495860,17,381,1274
82114505228,82114505222,-6,941,2223
82115383917,82115383914,-3,1708,2671
82122187378,82122187373,-5,1353,3986
82125312806,82125312810,4,1417,936
82125847647,82125847642,-5,974,3140
82125961951,82125961945,-6,668,3847
82128234612,82128234606,-6,1410,3517
82129168136,82129168159,23,264,1430
82129572210,82129572214,4,4128,5692
82137039697,82137039694,-3,1598,3081
82137164621,82137164617,-4,1103,3950
82139957766,82139957762,-4,932,4088
82142594537,82142594517,-20,209,856
82143171401,82143171398,-3,1514,3627
82146284783,82146284777,-6,935,3402
82150601888,82150601883,-5,497,1242
82151788995,82151788990,-5,1151,2755
82152134389,82152134386,-3,1835,4743
82158401695,82158401690,-5,947,3850
82159395457,82159395437,-20,245,1018
82168195571,82168195569,-2,692,2734
82173748842,82173748838,-4,1495,3693
82174150431,82174150427,-4,942,2894
82178934517,82178934514,-3,973,2970
82179419418,82179419411,-7,1087,2966
82179725104,82179725104,0,404,1860
82184599938,82184599933,-5,1270,3672
82186572365,82186572358,-7,1302,4536
82186630866,82186630863,-3,1073,2746
82194019465,82194019462,-3,1370,2417
82200018704,82200018709,5,4176,1353
82200453778,82200453772,-6,1089,2617
82200952953,82200952975,22,596,1627
82203322953,82203322947,-6,1183,4148
82210027097,82210027091,-6,908,2558
82210686595,82210686588,-7,975,2834
82211941147,82211941134,-13,84,940
82219455365,82219455362,-3,652,2732
82222393847,82222393841,-6,940,2471
82232984398,82232984398,0,1579,2024
82237889503,82237889495,-8,673,2195
82245764283,82245764286,3,1492,1575
82246358448,82246358454,6,170,1352
82246744874,82246744891,17,113,1427
82251339150,82251339142,-8,1157,4848
82255734851,82255734849,-2,675,1550
82258238107,82258238107,0,1580,1855
82265833894,82265833888,-6,694,2880
82268782947,82268782946,-1,1497,2414
82271490188,82271490189,1,23922,31681
82272573019,82272573014,-5,867,3115
82278264131,82278264126,-5,1084,3162
82284657191,82284657185,-6,854,3324
82285415263,82285415266,3,1203,912
82286498762,82286498758,-4,874,3015
82286622579,82286622562,-17,83,1039
82287852667,82287852663,-4,1388,3163
82291014825,82291014821,-4,1181,3835
82293737322,82293737342,20,2326,1411
82293926477,82293926471,-6,1089,2663
82296695629,82296695623,-6,1336,3907
82297704019,82297704013,-6,986,2984
82301213990,82301213987,-3,849,2444
82301997217,82301997222,5,5436,2439
82302336169,82302336166,-3,160,815
82310516583,82310516580,-3,933,2991
82316279918,82316279918,0,2475,5406
82319308613,82319308614,1,1661,1510
82322935783,82322935779,-4,1068,2478
82327296230,82327296225,-5,1386,2751
82336586938,82336586946,8,4062,1489
82345421787,82345421782,-5,1430,2698
82347680433,82347680429,-4,1051,2415
82348881374,82348881369,-5,1410,3655
82349174433,82349174451,18,213,951
82353440159,82353440162,3,2352,1548
82362342358,82362342361,3,5305,3485
82372294766,82372294759,-7,955,3404
82372572384,82372572383,-1,1172,1648
82372785288,82372785298,10,307,12610
82376537169,82376537171,2,2236,1937
82381089310,82381089315,5,14337,6682
82382745178,82382745174,-4,746,2194
82384984189,82384984195,6,1177,547
82390402066,82390402070,4,1786,1437
82391378868,82391378865,-3,1294,2788
82392453752,82392453735,-17,157,994
82392895983,82392895979,-4,1054,1762
82393272225,82393272246,21,749,2759
82393902027,82393902022,-5,1034,2718
82394371783,82394371777,-6,763,2414
82397860343,82397860340,-3,732,2885
82397928379,82397928394,15,383,1619
82402378873,82402378867,-6,1179,4261
82403304885,82403304879,-6,1087,4030
82403402780,82403402795,15,355,1741
82406317158,82406317154,-4,671,1465
82413407457,82413407452,-5,1224,3697
82414575114,82414575109,-5,1048,3387
82415900028,82415900030,2,1894,1668
82415986819,82415986811,-8,764,3126
82416115379,82416115374,-5,968,2555
82428324081,82428324077,-4,981,2903
82430448188,82430448182,-6,1042,3843
82430959554,82430959569,15,1034,3415
82435104913,82435104910,-3,1082,3117
82436447460,82436447454,-6,1372,4188
82436966312,82436966299,-13,371,1252
82442985620,82442985630,10,23614,54898
82444467405,82444467401,-4,1056,2712
82455772454,82455772449,-5,1257,3292
82456040600,82456040591,-9,250,985
82457921265,82457921259,-6,1400,3136
82461245670,82461245666,-4,909,1937
82470256990,82470256985,-5,1140,2958
82471422882,82471422877,-5,281,2167
82471735141,82471735146,5,64209,32804
82472463230,82472463224,-6,889,2948
82476140821,82476140817,-4,1029,3364
82476715155,82476715149,-6,983,4347
82482626229,82482626234,5,4170,2626
82482812354,82482812349,-5,1315,2882
82487598301,82487598296,-5,1077,4155
82491477657,82491477650,-7,1208,3272
82493061771,82493061765,-6,988,2980
82504685078,82504685073,-5,1098,4959
82504830846,82504830841,-5,1311,3474
82507912983,82507912974,-9,817,2523
82517729534,82517729530,-4,1280,4082
82519921434,82519921429,-5,710,2989
82521719681,82521719676,-5,1288,3397
82523993841,82523993845,4,13047,8801
82524044890,82524044893,3,1715,2185
82526882135,82526882130,-5,1124,3392
82539931503,82539931498,-5,1192,3731
82546280547,82546280544,-3,1186,2576
82547659299,82547659298,-1,1409,1710
82552147047,82552147043,-4,1193,2823
82554588075,82554588069,-6,1041,2964
82554691585,82554691580,-5,384,1520
82559548013,82559548008,-5,789,2753
82560308642,82560308655,13,486,1919
82566399873,82566399870,-3,1060,2298
82568670945,82568670941,-4,1066,2150
82570106103,82570106099,-4,1271,3692
82573279404,82573279399,-5,1289,3200
82574252073,82574252074,1,601,694
82575669310,82575669304,-6,906,3182
82575825763,82575825754,-9,134,939
82576154252,82576154264,12,457,2051
82576693901,82576693897,-4,1189,2899
82580690086,82580690082,-4,1283,3635
82586917932,82586917938,6,3138,1599
82588165497,82588165500,3,2367,1478
82599854978,82599854973,-5,865,2064
82615639520,82615639515,-5,1066,3246
82615837066,82615837071,5,169,1347
82619040951,82619040946,-5,928,2500
82629947332,82629947327,-5,2491,4376
82633077110,82633077106,-4,1282,3437
82634624800,82634624794,-6,1075,2651
82635434573,82635434569,-4,1103,3702
82635547409,82635547407,-2,1680,3192
82637817323,82637817317,-6,1046,2717
82644643104,82644643098,-6,1622,4002
82647135791,82647135786,-5,995,2720
82650711506,82650711501,-5,813,3777
82650881305,82650881326,21,597,2691
82659838227,82659838221,-6,629,1802
82663026367,82663026365,-2,970,1482
82667490113,82667490111,-2,1305,2318
82668033085,82668033081,-4,901,2386
82668935076,82668935093,17,692,2369
82670866030,82670866026,-4,799,3340
82672453074,82672453070,-4,888,3443
82673203771,82673203761,-10,1164,4020
82673420273,82673420265,-8,69,737
82674295313,82674295329,16,242,3011
82675041945,82675041940,-5,918,2675
82676973641,82676973637,-4,1256,3542
82677549774,82677549770,-4,875,2135
82685410965,82685410960,-5,1014,1431
82688098571,82688098566,-5,1017,1371
82700055833,82700055826,-7,1542,2777
82705386718,82705386714,-4,938,1790
82716958153,82716958148,-5,1448,3696
82717670078,82717670078,0,1784,2144
82720732817,82720732813,-4,1284,2764
82722060066,82722060063,-3,1064,2287
82722280338,82722280336,-2,936,1923
82722309976,82722309965,-11,1264,3599
82722377117,82722377112,-5,1027,2233
82727621809,82727621812,3,12631,26764
82729266559,82729266554,-5,986,3410
82731216491,82731216486,-5,1308,3481
82735802046,82735802042,-4,838,2911
82736481324,82736481321,-3,821,1420
82739507754,82739507751,-3,1577,3546
82740976849,82740976845,-4,1199,2991
82741393405,82741393403,-2,1386,2330
82742559075,82742559070,-5,1511,3999
82745317871,82745317866,-5,1307,3707
82753273515,82753273513,-2,1127,1844
82756411011,82756411008,-3,888,2338
82756638508,82756638526,18,167,1009
82765329044,82765329039,-5,1155,2684
82767267173,82767267165,-8,1019,2536
82775770951,82775770946,-5,768,2522
82778652171,82778652165,-6,674,2660
82778979508,82778979526,18,666,1876
82793575866,82793575854,-12,183,845
82800346263,82800346258,-5,1085,2884
82808854058,82808854060,2,3009,3345
82814051035,82814051031,-4,891,2700
82819426555,82819426549,-6,742,2927
82821074612,82821074630,18,1274,3830
82821384692,82821384695,3,1705,1890
82821795015,82821795012,-3,1264,2470
82823179357,82823179353,-4,558,1758
82829944326,82829944321,-5,998,2980
82836436369,82836436364,-5,985,3326
82839793259,82839793252,-7,1524,7185
82844902902,82844902899,-3,1423,2480
82845791629,82845791622,-7,969,3050
82847066719,82847066713,-6,952,2234
82850851270,82850851265,-5,1044,3101
82855595651,82855595645,-6,1134,4109
82866988830,82866988836,6,4271,1484
82867938333,82867938329,-4,908,3368
82869685150,82869685146,-4,913,2082
82874192513,82874192511,-2,2590,3624
82877546275,82877546271,-4,795,3005
82877672296,82877672297,1,345,1046
82883306271,82883306268,-3,3865,7524
82886645337,82886645339,2,1673,1731
82886999436,82886999433,-3,1316,3039
82890075137,82890075131,-6,1279,3931
82893665467,82893665455,-12,278,1055
82898161095,82898161095,0,1055,1440
82904464154,82904464150,-4,891,3559
82913034018,82913034015,-3,1108,1956
82922722430,82922722424,-6,1031,3038
82924084605,82924084602,-3,2281,6869
82924877597,82924877591,-6,1475,3087
82932371740,82932371740,0,1858,1991
82940984372,82940984366,-6,775,3386
82946633302,82946633299,-3,1036,3155
82947229290,82947229310,20,1761,4030
82948287253,82948287248,-5,1087,2786
82948625242,82948625256,14,322,1886
82954080192,82954080187,-5,1075,2274
82955840507,82955840503,-4,948,2600
82957784436,82957784442,6,2682,1595
82958528875,82958528877,2,4833,19081
82959663066,82959663062,-4,789,2226
82959767064,82959767060,-4,748,3337
82966183215,82966183221,6,1559,1076
82972190568,82972190563,-5,862,2911
82973155974,82973155969,-5,1102,2328
82973610890,82973610905,15,797,3072
82979639049,82979639045,-4,1073,2877
82979796802,82979796817,15,225,904
82980856026,82980856025,-1,3694,3619
82984159214,82984159209,-5,1199,2865
82985144764,82985144759,-5,1490,3821
82985358923,82985358918,-5,3654,12699
82992957039,82992957034,-5,1045,3565
82994342092,82994342094,2,1522,1199
82995086251,82995086246,-5,1182,4021
82999578648,82999578631,-17,1757,834
83004052959,83004052957,-2,896,2232
83005511479,83005511464,-15,24318,14954
83007071098,83007071093,-5,534,1645
83008207174,83008207171,-3,803,3135
83012291686,83012291680,-6,840,2465
83017190969,83017190964,-5,754,2477
83018598547,83018598526,-21,710,3925
83025157218,83025157213,-5,784,2260
83038083727,83038083723,-4,1039,2875
83043222049,83043222051,2,1330,1110
83043555138,83043555144,6,449,1899
83046047082,83046047077,-5,974,3089
83046492113,83046492126,13,85,1374
83048612365,83048612360,-5,861,3979
83054566467,83054566461,-6,849,2285
83055916634,83055916638,4,125,776
83060046921,83060046918,-3,1039,2474
83060700578,83060700572,-6,1185,2979
83061940990,83061940985,-5,1712,3453
83065785245,83065785234,-11,19546,15563
83065850212,83065850213,1,32784,20424
83068987654,83068987651,-3,964,2644
83069026938,83069026945,7,41,1026
83082993505,83082993499,-6,867,3183
83090921942,83090921938,-4,1553,3669
83097853754,83097853749,-5,978,3704
83102701194,83102701186,-8,613,2176
83103253650,83103253644,-6,1286,2980
83106567947,83106567942,-5,1249,3162
83107211259,83107211253,-6,1051,3069
83107327028,83107327024,-4,1369,2910
83107946666,83107946665,-1,2318,3668
83108228890,83108228887,-3,1011,2783
83115267397,83115267393,-4,920,1877
83116409241,83116409235,-6,1051,2704
83116743443,83116743457,14,1177,3466
83116962267,83116962271,4,16,672
83124327506,83124327501,-5,930,2710
83143296728,83143296723,-5,1103,3789
83148939246,83148939240,-6,733,4252
83154817287,83154817280,-7,782,4965
83155485141,83155485137,-4,810,1545
83156225465,83156225480,15,250,1510
83156682612,83156682608,-4,931,2802
83158214921,83158214914,-7,854,1987
83160306021,83160306030,9,129,687
83163319829,83163319825,-4,941,2653
83169009267,83169009261,-6,776,2229
83173554827,83173554821,-6,651,2311
83178360272,83178360274,2,1025,825
83182326422,83182326417,-5,1264,2561
83188411396,83188411390,-6,857,3990
83188540156,83188540161,5,230,789
83194178284,83194178305,21,1205,2526
83196470191,83196470184,-7,526,1786
83203303801,83203303798,-3,1262,3937
83206240379,83206240374,-5,1194,2859
83216997742,83216997735,-7,984,2671
83220741474,83220741470,-4,1181,3369
83222968588,83222968582,-6,764,2623
83223084240,83223084247,7,222,647
83224938266,83224938262,-4,181,870
83230050405,83230050407,2,17577,14676
83231014374,83231014370,-4,906,2171
83234907122,83234907116,-6,814,3542
83235251916,83235251909,-7,710,2383
83235686941,83235686936,-5,1412,4180
83237923100,83237923107,7,2600,1230
83238813137,83238813143,6,10165,4063
83239362281,83239362297,16,599,2382
83244393731,83244393728,-3,1302,1761
83248100970,83248100969,-1,1581,2724
83253618245,83253618240,-5,1257,3655
83254109210,83254109214,4,193,844
83257624474,83257624481,7,3139,1286
83257905650,83257905645,-5,794,2895
83262866317,83262866312,-5,343,1230
83263307397,83263307392,-5,1035,3242
83273416502,83273416498,-4,719,1156
83273596902,83273596897,-5,480,2118
83275795403,83275795397,-6,946,2776
83283255662,83283255656,-6,772,2093
83286479834,83286479829,-5,1325,2353
83299432419,83299432414,-5,696,2990
83299912387,83299912383,-4,835,3525
83300002362,83300002372,10,448,1196
83301987005,83301987001,-4,1212,2914
83302776962,83302776981,19,693,2408
83304258906,83304258902,-4,1127,2800
83309934674,83309934669,-5,975,3044
83312143363,83312143359,-4,55557,24057
83313542208,83313542203,-5,1145,2384
83315486955,83315486949,-6,1045,4047
83315622797,83315622798,1,3842,3597
83324368971,83324368964,-7,1178,3418
83326623402,83326623397,-5,982,3312
83336086074,83336086070,-4,937,2567
83341221435,83341221431,-4,1155,2099
83348358975,83348358970,-5,905,2496
83354140180,83354140174,-6,989,3462
83355368703,83355368698,-5,952,3198
83357403431,83357403427,-4,742,1334
83360072793,83360072786,-7,1194,3307
83366340672,83366340667,-5,937,2662
83369126371,83369126366,-5,690,1955
83371722653,83371722663,10,15843,29523
83373403671,83373403666,-5,1272,2921
83373459727,83373459724,-3,788,2636
83376255534,83376255531,-3,1421,3605
83378215176,83378215172,-4,1017,4400
83385333744,83385333740,-4,1200,3012
83386227955,83386227954,-1,1339,2226
83386822141,83386822136,-5,1247,2501
83388478030,83388478026,-4,516,1791
83390351959,83390351955,-4,897,2163
83393631349,83393631355,6,1011,191
83394601578,83394601580,2,269,905
83400420511,83400420506,-5,924,2863
83402167258,83402167254,-4,805,2262
83412001499,83412001497,-2,1277,1972
83417352033,83417352029,-4,647,2011
83425792021,83425792014,-7,1172,3805
83426305030,83426305024,-6,1033,2311
83430044943,83430044947,4,1506,812
83430454697,83430454697,0,1276,1656
83435630725,83435630721,-4,1066,2824
83436047858,83436047853,-5,798,3237
83436446870,83436446867,-3,1005,2218
83441036215,83441036210,-5,713,3704
83441663739,83441663753,14,230,1000
83442996761,83442996762,1,129,1029
83443473737,83443473750,13,538,1406
83455727306,83455727301,-5,956,2638
83458384813,83458384807,-6,1189,3531
83469286578,83469286576,-2,741,2598
83470166637,83470166631,-6,1487,2729
83474410197,83474410194,-3,855,2668
83478721969,83478721965,-4,1039,3816
83484211673,83484211674,1,1244,1728
83487997930,83487997932,2,2297,1677
83489493923,83489493918,-5,906,3072
83491143185,83491143182,-3,740,2352
83491765418,83491765414,-4,1324,3549
83493388634,83493388631,-3,1295,2250
83495589418,83495589413,-5,1017,2705
83501069410,83501069416,6,3694,1702
83503595488,83503595482,-6,723,2729
83508994239,83508994234,-5,991,3098
83513042793,83513042789,-4,1126,2579
83516309467,83516309463,-4,1083,1317
83518092557,83518092552,-5,1100,2587
83540468782,83540468778,-4,736,3158
83541737826,83541737847,21,447,1063
83542983692,83542983686,-6,783,3460
83548906421,83548906417,-4,1131,2473
83550339329,83550339326,-3,1011,3341
83554554667,83554554659,-8,1490,2792
83555218079,83555218073,-6,1164,2766
83556225138,83556225131,-7,995,2337
83561171942,83561171940,-2,895,2115
83570868663,83570868656,-7,998,3132
83571060743,83571060738,-5,536,2269
83571220265,83571220281,16,48,957
83573873340,83573873335,-5,1166,2872
83577928318,83577928313,-5,893,2119
83582931915,83582931909,-6,1095,2242
83584695823,83584695817,-6,856,2550
83584997521,83584997532,11,295,925
83587767949,83587767942,-7,1400,4759
83590376025,83590376033,8,7199,2391
83595267653,83595267649,-4,1014,2991
83597345130,83597345125,-5,1075,4505
83606491275,83606491269,-6,924,4228
83612101212,83612101215,3,2611,3676
83619149550,83619149546,-4,1126,2644
83620147960,83620147966,6,3848,1872
83629125562,83629125557,-5,475,1532
83631105412,83631105409,-3,2044,6005
83634177899,83634177893,-6,809,2189
83635691556,83635691551,-5,1218,2724
83638340530,83638340525,-5,873,2645
83641074821,83641074817,-4,1338,3694
83642250824,83642250831,7,3887,1611
83647599622,83647599618,-4,1110,3276
83655911405,83655911403,-2,896,2795
83656230967,83656230961,-6,1132,2875
83657001278,83657001274,-4,1021,3761
83660933274,83660933270,-4,1428,3507
83666899006,83666899001,-5,851,3323
83668804707,83668804702,-5,739,3110
83672760030,83672760037,7,8825,40822
83674401246,83674401241,-5,1127,3066
83680032438,83680032437,-1,876,1445
83681652790,83681652785,-5,967,2572
83682075929,83682075944,15,369,1463
83683933542,83683933538,-4,1151,2739
83694187514,83694187510,-4,1434,2559
83698186343,83698186337,-6,1375,3833
83698477960,83698477959,-1,271,2303
83703201047,83703201042,-5,1047,3073
83703253578,83703253589,11,315,1253
83704108030,83704108022,-8,1254,3814
83712534189,83712534184,-5,1372,2975
83712799025,83712799010,-15,881,3306
83717873906,83717873901,-5,1360,3967
83718618799,83718618793,-6,1142,4020
83719963868,83719963864,-4,823,2949
83723134631,83723134625,-6,962,4915
83723349547,83723349537,-10,332,1098
83728055127,83728055121,-6,922,2925
83739819217,83739819211,-6,996,2954
83749814357,83749814371,14,12488,49603
83754692354,83754692350,-4,786,1413
83754800618,83754800629,11,214,2524
83757135390,83757135382,-8,97,934
83765208550,83765208546,-4,1067,2918
83773335868,83773335874,6,2588,1055
83775460466,83775460463,-3,1034,2260
83786362123,83786362118,-5,569,2490
83789614389,83789614382,-7,1120,4860
83792728352,83792728347,-5,777,751
83795549098,83795549104,6,2682,1816
83798964731,83798964728,-3,769,2079
83807414222,83807414217,-5,1084,4439
83823492579,83823492575,-4,1322,3815
83826035911,83826035907,-4,1048,3024
83826357338,83826357350,12,208,909
83827134519,83827134513,-6,691,3309
83831596516,83831596510,-6,866,4041
83835138418,83835138413,-5,652,2332
83835614602,83835614618,16,414,1115
83836947136,83836947130,-6,1316,2768
83836992548,83836992545,-3,1341,3546
83837991977,83837991989,12,348,1411
83842730326,83842730321,-5,1836,4752
83844198328,83844198325,-3,889,2119
83848025123,83848025119,-4,1105,1790
83849523949,83849523950,1,15848,15583
83856043162,83856043171,9,20244,46563
83871211842,83871211838,-4,765,2047
83871989088,83871989082,-6,1438,3480
83876806345,83876806341,-4,1187,2768
83877286277,83877286275,-2,1163,2288
83877518185,83877518178,-7,1570,4502
83878727768,83878727787,19,1293,2378
83881769827,83881769827,0,5674,6612
83882385572,83882385568,-4,769,2610
83883988822,83883988817,-5,1131,3447
83901406202,83901406197,-5,892,3231
83904088561,83904088554,-7,327,751
83911960883,83911960878,-5,951,2095
83913673124,83913673123,-1,1884,2098
83914296188,83914296202,14,671,2573
83914344780,83914344775,-5,1299,2575
83914557733,83914557726,-7,1033,4504
83923080260,83923080269,9,33771,1931
83923178117,83923178114,-3,1244,2441
83924212187,83924212187,0,1415,1635
83924544566,83924544564,-2,923,1555
83925115199,83925115195,-4,1083,4036
83926137522,83926137503,-19,936,2782
83934806587,83934806590,3,5440,3414
83935457789,83935457785,-4,1070,2647
83938921785,83938921779,-6,1213,4658
83944533524,83944533520,-4,1333,2555
83946532882,83946532897,15,15923,24161
83948863873,83948863873,0,1444,1671
83952935190,83952935182,-8,1155,3891
83958875190,83958875194,4,4341,2440
83960311475,83960311475,0,1015,1942
83963340293,83963340290,-3,931,2210
83963821512,83963821494,-18,358,977
83970403795,83970403790,-5,2122,6822
83970716510,83970716505,-5,988,2868
83971443919,83971443913,-6,956,2478
83972632105,83972632101,-4,1254,2460
83976548417,83976548413,-4,943,2427
83978616783,83978616778,-5,735,2891
83978808996,83978809014,18,1146,2810
83980009150,83980009145,-5,1197,3972
83983632541,83983632537,-4,972,3387
83983733409,83983733426,17,647,1880
83988753974,83988753968,-6,873,2364
83994710034,83994710029,-5,1023,2501
83999484147,83999484138,-9,993,3458
83999637722,83999637713,-9,225,1175
84000015702,84000015698,-4,1317,3863
84014161974,84014161970,-4,783,2187
84015720552,84015720549,-3,1203,3352
84024390657,84024390651,-6,546,3489
84024426876,84024426885,9,383,1236
84028499053,84028499051,-2,1392,2983
84028557320,84028557315,-5,1124,3067
84028989836,84028989832,-4,1132,3639
84030341337,84030341333,-4,652,2185
84035180206,84035180202,-4,1141,3053
84035528776,84035528770,-6,1095,3925
84038212167,84038212161,-6,1100,3060
84042528654,84042528649,-5,1027,3257
84045494882,84045494876,-6,1057,4363
84050073751,84050073746,-5,416,942
84055698922,84055698914,-8,812,3647
84055757798,84055757795,-3,1053,2357
84056122567,84056122565,-2,941,1691
84057904847,84057904846,-1,840,1791
84057979082,84057979078,-4,963,2189
84058033106,84058033122,16,382,2096
84065824727,84065824722,-5,756,2727
84067231311,84067231309,-2,920,2802
84069024634,84069024642,8,3988,1316
84069611854,84069611848,-6,993,2716
84072717983,84072717979,-4,1164,3676
84075090283,84075090279,-4,893,2174
84075976518,84075976513,-5,965,2797
84077723213,84077723217,4,1422,939
84078686686,84078686683,-3,1114,2694
84083106233,84083106229,-4,1075,3783
84083225035,84083225028,-7,972,3060
84088267974,84088267966,-8,750,2540
84092774674,84092774670,-4,1049,3280
84105551973,84105551967,-6,1019,2659
84112332913,84112332907,-6,1088,3806
84112592425,84112592417,-8,184,962
84114362022,84114362021,-1,1159,2274
84115984269,84115984266,-3,989,2626
84117384698,84117384693,-5,1116,2524
84120835562,84120835563,1,1143,1362
84123049372,84123049368,-4,1225,2880
84144752670,84144752665,-5,408,1436
84151104496,84151104491,-5,997,2987
84155395134,84155395129,-5,1151,2909
84156154537,84156154533,-4,1104,3385
84156393518,84156393513,-5,1267,4069
84159815041,84159815036,-5,1029,3001
84171414906,84171414901,-5,1251,4382
84174945970,84174945966,-4,1032,2691
84178580269,84178580270,1,1551,1378
84186391009,84186391006,-3,1655,4025
84189778394,84189778389,-5,2727,7245
84191011753,84191011747,-6,1282,2519
84193127275,84193127270,-5,1125,2510
84202517433,84202517437,4,18182,49303
84208315494,84208315489,-5,1189,3674
84208937193,84208937188,-5,881,3915
84211387267,84211387261,-6,622,2284
84214513011,84214513006,-5,586,965
84215258118,84215258114,-4,1326,2191
84233187486,84233187482,-4,1041,4240
84235117485,84235117481,-4,806,2242
84237228123,84237228118,-5,933,2924
84241427175,84241427183,8,10373,30440
84242598326,84242598330,4,2244,1161
84244815606,84244815611,5,2193,1350
84248752998,84248752995,-3,2636,5800
84250745241,84250745237,-4,944,2665
84253342334,84253342328,-6,1003,3677
84256831350,84256831341,-9,862,4267
84260832238,84260832234,-4,1038,2954
84267253544,84267253540,-4,1406,3354
84268457698,84268457693,-5,1055,3969
84269017954,84269017948,-6,1152,4477
84269957309,84269957305,-4,1234,2999
84270724190,84270724186,-4,1041,4178
84273183286,84273183281,-5,941,1835
84274948941,84274948936,-5,998,3429
84275161888,84275161879,-9,1120,3084
84275570586,84275570592,6,4013,2458
84279371389,84279371384,-5,1108,3056
84285333883,84285333877,-6,1031,3256
84296404483,84296404479,-4,1161,3002
84297042119,84297042123,4,2705,1241
84301173918,84301173914,-4,1485,3286
84301344363,84301344358,-5,858,2738
84305827015,84305827003,-12,1125,3882
84313208869,84313208864,-5,1177,3681
84314448489,84314448485,-4,610,1675
84317720358,84317720354,-4,892,2988
84321297213,84321297206,-7,977,2474
84322345319,84322345315,-4,1317,1867
84324312729,84324312723,-6,24041,12688
84326328590,84326328586,-4,1247,3660
84326675263,84326675261,-2,932,2874
84330049848,84330049837,-11,742,2525
84330360645,84330360640,-5,1544,3770
84330578202,84330578223,21,700,4209
84339385654,84339385649,-5,1381,3460
84339527803,84339527797,-6,660,2802
84342643139,84342643134,-5,1135,2847
84345677074,84345677069,-5,1044,3029
84346261113,84346261122,9,263,1272
84347455356,84347455350,-6,691,1925
84348487582,84348487574,-8,1208,3620
84350921483,84350921486,3,1731,2201
84351687418,84351687415,-3,568,2043
84352079585,84352079580,-5,1207,2856
84353440249,84353440241,-8,13,1428
84354111243,84354111236,-7,759,2090
84357586110,84357586105,-5,1388,3202
84360521674,84360521669,-5,1413,3203
84363703505,84363703499,-6,512,1937
84364896174,84364896170,-4,1204,1990
84367449162,84367449157,-5,784,3097
84368951158,84368951153,-5,914,2441
84370691123,84370691118,-5,1029,2456
84371525074,84371525070,-4,1011,2739
84372894114,84372894109,-5,1251,3573
84380846560,84380846557,-3,455,1665
84389419562,84389419559,-3,1185,2757
84391674277,84391674271,-6,1568,4414
84394687731,84394687727,-4,629,2474
84397375661,84397375654,-7,915,2819
84397960417,84397960412,-5,1010,2262
84401658522,84401658526,4,1371,1706
84404218867,84404218847,-20,18591,41390
84414460661,84414460658,-3,947,2736
84427329943,84427329940,-3,1119,2628
84430244213,84430244213,0,1079,2593
84432609364,84432609370,6,2983,1581
84435764713,84435764706,-7,1249,3878
84436458289,84436458305,16,1864,4090
84436886432,84436886430,-2,1606,4217
84440288801,84440288803,2,1456,1351
84445708482,84445708478,-4,1235,3975
84456535894,84456535890,-4,759,2591
84461121075,84461121069,-6,650,2645
84461490504,84461490526,22,157,943
84473144478,84473144473,-5,899,2922
84477453402,84477453397,-5,1127,3396
84480273916,84480273911,-5,1609,3604
84483555006,84483555002,-4,1089,2946
84483667201,84483667197,-4,191,1049
84491854584,84491854579,-5,839,1810
84492262827,84492262821,-6,1355,3430
84493671054,84493671050,-4,995,2780
84494084458,84494084459,1,1522,2092
84499030647,84499030642,-5,1201,3447
84506181236,84506181237,1,38105,22450
84512453373,84512453374,1,3655,2820
84512531326,84512531323,-3,1691,2828
84514574914,84514574911,-3,1258,2562
84515407442,84515407446,4,10947,8291
84516476779,84516476774,-5,863,2571
84531728865,84531728862,-3,1607,3740
84532948174,84532948169,-5,1083,3457
84538785649,84538785643,-6,1046,2794
84539395586,84539395581,-5,1328,3432
84540422236,84540422231,-5,1183,4102
84540981650,84540981645,-5,596,1299
84545731160,84545731155,-5,864,2965
84553110778,84553110777,-1,808,2691
84556127019,84556127025,6,4788,1688
84557378844,84557378839,-5,1500,3844
84560724399,84560724393,-6,539,1408
84562574820,84562574817,-3,740,2341
84565317114,84565317110,-4,1062,3381
84566649952,84566649969,17,684,1427
84574034638,84574034633,-5,1016,2772
84581185593,84581185588,-5,1101,3906
84582931148,84582931141,-7,648,2888
84583124562,84583124569,7,11,756
84585624230,84585624224,-6,949,2780
84589129466,84589129462,-4,1229,2760
84590592971,84590592965,-6,1023,3929
84595590517,84595590511,-6,1219,3151
84596086236,84596086255,19,477,2282
84598280531,84598280529,-2,912,2136
84605607378,84605607374,-4,976,3303
84606177406,84606177402,-4,1074,3260
84609311747,84609311743,-4,1053,2922
84610131935,84610131930,-5,725,3277
84614816817,84614816813,-4,1066,2496
84616387258,84616387252,-6,884,3358
84617084353,84617084346,-7,1065,3434
84617738489,84617738485,-4,1215,2770
84617769863,84617769857,-6,558,2558
84618491663,84618491657,-6,824,2637
84618586817,84618586827,10,344,974
84619247568,84619247588,20,543,1689
84637079649,84637079642,-7,1303,4093
84639728263,84639728263,0,2006,1249
84642454777,84642454772,-5,779,2800
84642940113,84642940109,-4,1101,1511
84651391886,84651391894,8,2243,1653
84652728749,84652728741,-8,784,4142
84657889171,84657889166,-5,832,2827
84664294998,84664294993,-5,804,3189
84664330539,84664330529,-10,348,931
84664942953,84664942972,19,1812,1523
84665258235,84665258229,-6,820,3378
84667219714,84667219707,-7,982,3735
84668173113,84668173106,-7,909,3797
84677989073,84677989075,2,1623,1567
84679914778,84679914773,-5,1131,3388
84680823500,84680823501,1,2000,1859
84684628043,84684628041,-2,856,2101
84699145753,84699145749,-4,1187,2961
84699811506,84699811501,-5,1089,3234
84702787166,84702787166,0,1242,1625
84706512526,84706512523,-3,767,1546
84707464673,84707464667,-6,736,3803
84707891900,84707891910,10,63,650
84711169881,84711169885,4,3020,2449
84718141471,84718141477,6,5840,1909
84722207944,84722207938,-6,791,2331
84724420574,84724420570,-4,1231,2817
84725710335,84725710330,-5,801,2159
84729408350,84729408356,6,14859,20808
84736233522,84736233515,-7,1402,3609
84738032527,84738032522,-5,1276,3011
84745265499,84745265494,-5,1121,3714
84745504588,84745504582,-6,949,2610
84750836682,84750836677,-5,818,3100
84754115590,84754115587,-3,1058,2646
84754544767,84754544760,-7,917,3641
84763738794,84763738786,-8,971,3137
84765691970,84765691955,-15,251,1187
84775167547,84775167544,-3,872,1476
84776493233,84776493252,19,844,2229
84778741808,84778741804,-4,998,2335
84778903113,84778903110,-3,81,652
84784744895,84784744891,-4,913,2653
84789695780,84789695776,-4,1140,2673
84790499899,84790499918,19,959,2508
84791240358,84791240363,5,1995,1027
84791450310,84791450305,-5,1139,2634
84793631362,84793631357,-5,1125,3342
84800036467,84800036463,-4,905,3157
84800138595,84800138592,-3,1066,3055
84800694837,84800694834,-3,758,3137
84804634514,84804634511,-3,971,3626
84806433222,84806433218,-4,723,1372
84809709250,84809709246,-4,869,1643
84812346179,84812346175,-4,1044,2570
84812517276,84812517289,13,511,1400
84819722103,84819722098,-5,985,2848
84820026927,84820026922,-5,1280,3641
84820436015,84820436010,-5,851,3308
84824463506,84824463501,-5,1267,2870
84827509035,84827509042,7,4510,1129
84829909957,84829909950,-7,1319,4137
84830011609,84830011606,-3,1147,3766
84831426818,84831426834,16,707,2316
84834146759,84834146757,-2,1041,2497
84837470478,84837470474,-4,718,2794
84838466090,84838466085,-5,1037,3927
84852070082,84852070077,-5,1238,2473
84852867168,84852867162,-6,1243,3762
84853721552,84853721547,-5,1299,3034
84857806836,84857806831,-5,1397,3503
84859134177,84859134174,-3,919,2808
84859756474,84859756475,1,243,890
84861771646,84861771640,-6,1038,3240
84864603561,84864603557,-4,1830,6127
84865678270,84865678271,1,8355,10542
84865753997,84865753992,-5,959,2585
84867178306,84867178302,-4,936,2459
84869903870,84869903874,4,2260,1562
84874483690,84874483687,-3,666,2532
84875702834,84875702827,-7,883,2506
84883663362,84883663358,-4,1045,2757
84885105653,84885105650,-3,859,2285
84886889102,84886889098,-4,1164,1400
84888100401,84888100397,-4,1160,2626
84890627930,84890627927,-3,1159,2764
84894389943,84894389938,-5,829,3451
84898869203,84898869198,-5,1125,2703
84909144994,84909144988,-6,1154,3570
84914062275,84914062272,-3,961,2242
84917463602,84917463596,-6,961,3179
84932035096,84932035090,-6,593,3582
84934875006,84934875001,-5,804,2862
84935000930,84935000925,-5,992,3360
84938661402,84938661399,-3,1124,2225
84939775535,84939775530,-5,1097,3559
84943467657,84943467649,-8,186,1371
84945648386,84945648379,-7,966,3875
84946362025,84946362045,20,781,2325
84949055806,84949055801,-5,1005,2825
84949156960,84949156969,9,56,758
84951267666,84951267664,-2,890,2377
84952072163,84952072158,-5,1457,3605
84952963262,84952963269,7,7348,2358
84955727008,84955727005,-3,755,2235
84959328107,84959328101,-6,1099,3556
84960812631,84960812626,-5,1027,2424
84962022223,84962022220,-3,601,1955
84965540353,84965540348,-5,1166,3024
84966413935,84966413931,-4,1082,3462
84967112334,84967112330,-4,1014,4324
84969183094,84969183090,-4,1016,3235
84972928279,84972928273,-6,645,3046
84976618491,84976618485,-6,828,3030
84978309383,84978309377,-6,1021,2864
84984593615,84984593610,-5,1408,2857
84985264530,84985264545,15,357,1497
85001730698,85001730694,-4,1074,2637
85005121926,85005121922,-4,993,3308
85006618683,85006618669,-14,38,1020
85010465494,85010465489,-5,850,3893
85012045817,85012045839,22,299,1276
85012165474,85012165473,-1,1423,2541
85020120498,85020120496,-2,785,2517
85025031723,85025031719,-4,1173,2617
85032136694,85032136689,-5,541,3039
85036152350,85036152346,-4,932,2405
85036226529,85036226549,20,633,2090
85065663500,85065663493,-7,622,1505
85066655874,85066655869,-5,1206,3912
85067639925,85067639921,-4,1159,2483
85068411380,85068411374,-6,1703,3716
85071993741,85071993736,-5,1189,2619
85073498817,85073498814,-3,2097,3108
85077052169,85077052166,-3,2413,4384
85091054241,85091054238,-3,1670,4004
85093102411,85093102409,-2,768,2941
85096248244,85096248238,-6,784,2747
85102398209,85102398201,-8,1223,2187
85104614206,85104614211,5,13065,7729
85115059830,85115059826,-4,1077,2274
85115366233,85115366245,12,167,716
85119044725,85119044721,-4,998,3216
85119464294,85119464290,-4,1151,2447
85122210522,85122210518,-4,719,2354
85125768622,85125768621,-1,1622,1500
85126022962,85126022969,7,1752,1013
85127097777,85127097770,-7,1141,3665
85127261195,85127261198,3,158,501
85128179639,85128179634,-5,1192,4010
85130544950,85130544945,-5,584,2651
85132067023,85132067020,-3,951,2799
85132601537,85132601534,-3,1024,2516
85135753559,85135753553,-6,1648,4215
85136969531,85136969525,-6,783,2655
85140172649,85140172643,-6,740,2597
85143870782,85143870787,5,7215,2221
85145500646,85145500643,-3,938,2921
85157764227,85157764230,3,2481,1357
85157994551,85157994546,-5,1183,2581
85158825527,85158825529,2,3540,2903
85161335447,85161335443,-4,1198,2810
85162650702,85162650722,20,197,825
85162970085,85162970079,-6,1357,3899
85163993527,85163993520,-7,725,2893
85168456527,85168456523,-4,1313,3234
85169165120,85169165117,-3,688,2819
85175685722,85175685717,-5,615,2782
85176509714,85176509726,12,241,1244
85184915222,85184915218,-4,1140,2923
85185401866,85185401883,17,441,1872
85189503118,85189503113,-5,1158,3238
85193139579,85193139575,-4,1039,3132
85207805476,85207805473,-3,1433,2732
85220891637,85220891631,-6,801,2312
85221002252,85221002267,15,269,880
85221126061,85221126057,-4,829,2491
85226330950,85226330945,-5,670,2752
85228546170,85228546166,-4,1166,2501
85229911442,85229911438,-4,1099,1714
85232844489,85232844485,-4,1473,3562
85238792502,85238792494,-8,815,2228
85240609312,85240609315,3,1825,1359
85247198775,85247198771,-4,740,2889
85249268492,85249268486,-6,1190,2909
85250475927,85250475922,-5,1329,3099
85252519299,85252519293,-6,1061,2729
85261298512,85261298509,-3,533,1076
85263287116,85263287118,2,1686,2081
85265642422,85265642417,-5,1313,4252
85265990675,85265990670,-5,1231,2945
85267716319,85267716321,2,9607,9028
85267742116,85267742112,-4,787,4125
85270201085,85270201078,-7,836,3935
85272785746,85272785741,-5,931,2068
85273138153,85273138149,-4,1362,2747
85273767840,85273767856,16,190,999
85282340270,85282340278,8,3320,1167
85283506850,85283506855,5,1437,865
85285886554,85285886550,-4,862,2844
85288891518,85288891513,-5,1036,3813
85298797327,85298797321,-6,1051,2630
85301751783,85301751775,-8,1049,3951
85310512247,85310512242,-5,1210,3175
85311990442,85311990439,-3,690,2002
85312033234,85312033236,2,78,1642
85315209766,85315209763,-3,1316,4177
85317268846,85317268842,-4,1259,3535
85320304241,85320304237,-4,1274,2947
85321718069,85321718072,3,5290,4784
85322733635,85322733633,-2,870,2907
85325527281,85325527277,-4,741,2090
85333027417,85333027416,-1,1625,2072
85334423906,85334423905,-1,889,2199
85340168365,85340168361,-4,524,2307
85340478753,85340478742,-11,125,576
85340865281,85340865289,8,2964,1419
85342358667,85342358663,-4,1910,3556
85346614445,85346614439,-6,1100,3676
85346941042,85346941047,5,2694,831
85353141794,85353141793,-1,827,1358
85355890727,85355890722,-5,1152,4716
85368485350,85368485343,-7,2261,8272
85371026048,85371026045,-3,1086,2451
85372425831,85372425827,-4,865,1668
85376583797,85376583794,-3,1279,3225
85378138762,85378138758,-4,1068,2499
85378414545,85378414525,-20,918,2653
85381377292,85381377289,-3,898,2731
85382602995,85382603008,13,732,3119
85382995276,85382995270,-6,984,3632
85386506603,85386506610,7,2827,1197
85387762804,85387762798,-6,837,3076
85391268758,85391268763,5,1439,920
85391744047,85391744051,4,2725,1661
85396522148,85396522151,3,2186,1618
85400234831,85400234846,15,389,1976
85405607584,85405607578,-6,634,2335
85405720561,85405720558,-3,24930,66011
85413162515,85413162513,-2,853,2214
85414958924,85414958917,-7,923,3185
85425948919,85425948913,-6,990,3374
85426232282,85426232268,-14,1492,2676
85427374467,85427374462,-5,1581,2875
85431528595,85431528589,-6,911,2757
85431780715,85431780709,-6,861,1969
85443710036,85443710030,-6,1112,3630
85458459839,85458459836,-3,954,1876
85462567544,85462567546,2,1427,1477
85464194787,85464194781,-6,730,2835
85465021829,85465021824,-5,842,2724
85468781906,85468781902,-4,1415,4310
85476640982,85476640979,-3,598,2892
85479736826,85479736822,-4,1163,4106
85492116074,85492116070,-4,878,2588
85493521439,85493521435,-4,920,1449
85495635323,85495635319,-4,1094,3092
85495688961,85495688975,14,11,787
85497003778,85497003782,4,56106,32383
85497365331,85497365326,-5,1105,2601
85498963064,85498963056,-8,1182,3516
85501149165,85501149163,-2,955,1933
85501382897,85501382899,2,208,972
85505919354,85505919349,-5,867,3147
85506922162,85506922155,-7,1217,6870
85509003176,85509003161,-15,1247,3211
85509625797,85509625793,-4,1029,2483
85511076052,85511076046,-6,1498,2693
85516444735,85516444730,-5,1125,3354
85519300521,85519300529,8,9394,29758
85520341306,85520341302,-4,1211,3654
85522625621,85522625616,-5,1048,2886
85524217453,85524217450,-3,567,2659
85525118235,85525118227,-8,1009,3694
85526088678,85526088681,3,2071,1879
85527666162,85527666158,-4,754,1718
85529023282,85529023278,-4,1006,2825
85538021887,85538021885,-2,841,2454
85538368958,85538368952,-6,1206,2664
85546645141,85546645135,-6,758,2642
85551002253,85551002250,-3,934,1918
85551083074,85551083067,-7,32576,12687
85553016375,85553016369,-6,877,2457
85562631705,85562631705,0,1218,1578
85562943851,85562943846,-5,1241,4799
85568632330,85568632325,-5,1302,3012
85569193771,85569193765,-6,862,2848
85570835157,85570835150,-7,28630,12038
85574362250,85574362246,-4,1543,3496
85579359946,85579359945,-1,835,1040
85583195487,85583195482,-5,889,3750
85583652085,85583652079,-6,1738,6810
85591741211,85591741211,0,3354,3481
85595285523,85595285530,7,2091,1315
85596144627,85596144625,-2,602,2638
85596817514,85596817522,8,64,712
85598752442,85598752438,-4,1388,3347
85600113814,85600113809,-5,888,2723
85605589161,85605589146,-15,776,2106
85608440955,85608440970,15,208,969
85613798175,85613798169,-6,1031,3052
85615064481,85615064477,-4,1728,2360
85617343262,85617343251,-11,12353,38727
85621039578,85621039573,-5,702,2259
85621221427,85621221442,15,527,1273
85621373997,85621373993,-4,1448,2419
85621824327,85621824322,-5,708,3626
85622932139,85622932142,3,116,817
85624408174,85624408168,-6,803,2660
85625311410,85625311398,-12,190,885
85627302233,85627302230,-3,1083,2558
85630244615,85630244609,-6,1178,3399
85630600986,85630601006,20,594,1381
85632553647,85632553642,-5,1050,3654
85635229041,85635229036,-5,1156,3763
85642869170,85642869165,-5,757,1734
85646733361,85646733358,-3,991,2876
85647715094,85647715090,-4,981,1226
85648834623,85648834618,-5,636,990
85668870017,85668870012,-5,954,3010
85669695541,85669695537,-4,1015,2648
85670832543,85670832536,-7,1134,2439
85671759403,85671759397,-6,866,2570
85671891570,85671891565,-5,111,1257
85677431955,85677431949,-6,917,2742
85677469830,85677469834,4,4384,2558
85681538427,85681538423,-4,1238,3686
85682436741,85682436742,1,4203,3172
85687568132,85687568126,-6,939,3057
85691703340,85691703337,-3,991,2099
85692512880,85692512883,3,221,1017
85693825992,85693825988,-4,1014,2653
85701521647,85701521643,-4,1213,3491
85704068962,85704068959,-3,881,2151
85713324943,85713324937,-6,1070,3015
85715903686,85715903681,-5,740,2256
85717799737,85717799734,-3,1332,3466
85718013075,85718013070,-5,1263,2653
85721622238,85721622234,-4,819,3828
85724214340,85724214336,-4,990,3511
85724941177,85724941190,13,364,1217
85727941262,85727941261,-1,2297,2286
85728403354,85728403351,-3,461,2099
85732650395,85732650395,0,840,715
85738363438,85738363433,-5,834,2357
85739535689,85739535684,-5,855,3040
85746501710,85746501702,-8,887,2130
85748496375,85748496370,-5,1183,2755
85749331537,85749331533,-4,1201,3654
85750228200,85750228198,-2,222,824
85754865603,85754865599,-4,920,3491
85758143590,85758143585,-5,1006,3167
85768412585,85768412580,-5,1232,2995
85770662397,85770662394,-3,1033,2795
85771544742,85771544747,5,1574,831
85779247847,85779247842,-5,966,3870
85786542786,85786542786,0,1377,1904
85786706010,85786706027,17,1158,3489
85792517354,85792517350,-4,1009,2848
85801881683,85801881690,7,11120,24165
85805792842,85805792834,-8,1728,5121
85808249986,85808249981,-5,1047,3721
85815326114,85815326113,-1,954,2017
85824689063,85824689062,-1,1948,3061
85827581661,85827581653,-8,897,2894
85828210337,85828210358,21,916,3290
85833366977,85833366974,-3,832,1613
85835269758,85835269755,-3,1656,2402
85841403270,85841403266,-4,644,1675
85846489251,85846489245,-6,1067,4149
85846548268,85846548282,14,144,941
85846787776,85846787771,-5,91,866
85854081491,85854081487,-4,1311,3850
85858314276,85858314281,5,4784,2687
85861633301,85861633306,5,3371,1912
85865763136,85865763130,-6,1297,3253
85868124086,85868124080,-6,1098,3277
85868895685,85868895680,-5,1685,4915
85873050752,85873050746,-6,963,3521
85877171370,85877171375,5,1492,877
85877372495,85877372488,-7,1155,3035
85885629479,85885629483,4,1143,1130
85887752458,85887752454,-4,961,2680
85889367397,85889367415,18,1906,981
85889663071,85889663068,-3,1375,2634
85890226274,85890226270,-4,1422,2780
85891944953,85891944952,-1,2691,3145
85892001294,85892001290,-4,713,1901
85892389730,85892389746,16,539,1484
85892606074,85892606070,-4,1993,4810
85894921651,85894921647,-4,342,1493
85897556349,85897556346,-3,1338,3194
85904307718,85904307714,-4,682,3280
85910412674,85910412666,-8,1157,3853
85912968965,85912968969,4,2781,1600
85917110935,85917110931,-4,830,1926
85923316514,85923316511,-3,1053,2044
85926873783,85926873785,2,1626,1814
85930859510,85930859505,-5,990,2771
85931333720,85931333714,-6,1194,4430
85932264088,85932264085,-3,60608,44808
85934373313,85934373305,-8,1119,5533
85934514652,85934514656,4,1535,1465
85946433447,85946433442,-5,1309,2904
85947180011,85947180008,-3,902,2724
85950578370,85950578365,-5,1244,3729
85953598670,85953598666,-4,1256,3874
85954807858,85954807855,-3,1212,2682
85959238687,85959238684,-3,1980,4918
85964466683,85964466682,-1,1330,2248
85964735876,85964735871,-5,1482,2290
85965276239,85965276233,-6,941,3273
85967031591,85967031587,-4,1110,2311
85968656081,85968656080,-1,1207,1362
85975775438,85975775433,-5,1087,2970
85978115331,85978115327,-4,496,1995
85981462886,85981462892,6,3497,2133
85986329294,85986329290,-4,906,2947
85993358201,85993358197,-4,1389,2539
85994587155,85994587151,-4,683,1163
85994633064,85994633057,-7,1050,2871
86002925038,86002925040,2,2021,2176
86005355488,86005355498,10,71,880
86010252707,86010252707,0,1233,1146
86011240571,86011240570,-1,97,791
86014731143,86014731134,-9,1090,3554
86016203153,86016203147,-6,1014,1585
86026692811,86026692809,-2,1104,3706
86027006416,86027006411,-5,1215,2754
86029294236,86029294231,-5,914,2566
86029759185,86029759206,21,574,1842
86033608727,86033608722,-5,738,2700
86034691965,86034691982,17,491,2022
86035406203,86035406198,-5,1084,2268
86036350723,86036350741,18,866,2443
86041002428,86041002422,-6,925,3660
86044300762,86044300757,-5,1099,1421
86047307016,86047307010,-6,1143,3485
86050313629,86050313624,-5,1251,3913
86051000728,86051000730,2,41593,20950
86054050999,86054050994,-5,773,1880
86055906855,86055906849,-6,968,1930
86056195785,86056195774,-11,133,676
86056688603,86056688621,18,1498,4720
86059524990,86059524985,-5,700,3356
86059771693,86059771689,-4,1165,2787
86059824204,86059824198,-6,1234,4731
86061226803,86061226797,-6,798,3742
86066365559,86066365554,-5,1219,3134
86068774978,86068774972,-6,1217,3836
86070083382,86070083386,4,2863,2404
86078510745,86078510742,-3,818,2157
86080587117,86080587114,-3,745,2738
86082593088,86082593082,-6,2680,3982
86084761820,86084761818,-2,732,1418
86087790684,86087790679,-5,805,3635
86088792802,86088792791,-11,273,1062
86093981327,86093981312,-15,1447,541
86095540269,86095540264,-5,1255,2681
86098841056,86098841056,0,707,1545
86099481770,86099481766,-4,1150,3181
86103556167,86103556160,-7,741,3192
86104126421,86104126425,4,3317,1893
86107588705,86107588701,-4,1013,2896
86111452444,86111452439,-5,1249,2777
86111936642,86111936654,12,92,1409
86112824360,86112824345,-15,1073,3501
86114831505,86114831499,-6,825,2751
86114969867,86114969877,10,368,1371
86117233429,86117233425,-4,1429,2629
86126162164,86126162166,2,1684,804
86131094260,86131094272,12,397,1416
86131840422,86131840417,-5,1419,3647
86132540474,86132540459,-15,12057,43611
86134331758,86134331755,-3,1096,2351
86138221214,86138221209,-5,1411,5748
86140179886,86140179882,-4,519,2134
86141002278,86141002279,1,1995,1114
86146698837,86146698844,7,15685,5736
86148002496,86148002492,-4,888,2789
86150185239,86150185233,-6,998,2626
86150235018,86150235015,-3,867,2307
86160046190,86160046184,-6,960,2804
86160219721,86160219718,-3,766,1816
86172590839,86172590834,-5,1125,4537
86176196194,86176196189,-5,1471,4451
86178788918,86178788910,-8,653,2407
86180872974,86180872969,-5,1274,2634
86181606164,86181606159,-5,1079,3625
86183708218,86183708213,-5,996,2270
86189917371,86189917365,-6,740,3832
86192446199,86192446193,-6,1070,3013
86195583606,86195583611,5,1360,1166
86196167156,86196167150,-6,1193,3824
86200097461,86200097455,-6,1198,3512
86202508413,86202508409,-4,1085,3753
86212025718,86212025723,5,2248,1004
86215738860,86215738854,-6,1575,5330
86217404134,86217404131,-3,909,1348
86220066255,86220066250,-5,933,2739
86221825221,86221825215,-6,1010,2864
86222215463,86222215461,-2,1411,2820
86224350230,86224350226,-4,1209,2803
86225583388,86225583383,-5,789,2920
86226174106,86226174102,-4,1011,2562
86226569127,86226569124,-3,1328,2571
86233164105,86233164100,-5,1254,4249
86233739939,86233739918,-21,177,1192
86237143622,86237143617,-5,1365,4970
86243192923,86243192918,-5,1264,3557
86248355283,86248355277,-6,1226,2826
86249948306,86249948302,-4,744,2793
86251965528,86251965523,-5,788,2708
86253311192,86253311190,-2,1298,3043
86255231562,86255231558,-4,535,2597
86258020712,86258020722,10,16153,30415
86258329529,86258329524,-5,1011,3077
86260154662,86260154657,-5,570,3015
86271183288,86271183283,-5,1086,2808
86278157185,86278157179,-6,1669,3573
86281549693,86281549689,-4,1359,4486
86281585340,86281585335,-5,1109,2570
86285506433,86285506429,-4,646,1199
86285590319,86285590315,-4,1129,3124
86286524850,86286524845,-5,983,3423
86289874502,86289874495,-7,1044,2697
86292255397,86292255394,-3,1000,2170
86316589603,86316589598,-5,648,2124
86316920745,86316920740,-5,946,3123
86319781934,86319781929,-5,1191,2924
86320755307,86320755301,-6,1077,3097
86323257991,86323257985,-6,1547,4112
86326151103,86326151097,-6,845,3420
86326371010,86326370990,-20,289,1414
86328653217,86328653213,-4,907,1892
86330180672,86330180667,-5,1024,2611
86330582604,86330582622,18,185,1175
86330880687,86330880682,-5,923,3412
86332691414,86332691408,-6,1036,2538
86336387042,86336387037,-5,1535,4243
86339531699,86339531691,-8,894,1970
86346820615,86346820610,-5,557,1944
86347913098,86347913093,-5,1170,3462
86348719573,86348719574,1,1399,1197
86350214232,86350214226,-6,1257,3415
86351608975,86351608971,-4,858,2109
86356165484,86356165480,-4,1004,3244
86358495857,86358495852,-5,744,3238
86359684759,86359684753,-6,1576,4186
86359839249,86359839247,-2,1577,2494
86370847388,86370847383,-5,926,2778
86375473979,86375473972,-7,1122,3012
86384135266,86384135263,-3,1242,3297
86387875694,86387875689,-5,996,3232
86388703731,86388703725,-6,1382,3756
86392636125,86392636122,-3,1436,2859
86393054181,86393054181,0,1787,2516
86394851147,86394851146,-1,1007,2161
86396187250,86396187246,-4,959,3831
86398105042,86398105038,-4,1077,3277
86403863991,86403863984,-7,925,2450
86407729325,86407729321,-4,1028,2667
86411074071,86411074066,-5,970,2977
86428651995,86428651989,-6,1028,2536
86430267377,86430267379,2,1438,1295
86432642602,86432642601,-1,866,1090
86434167835,86434167830,-5,1186,4074
86435612027,86435612022,-5,1191,2688
86437032682,86437032682,0,4561,5985
86450548713,86450548709,-4,1258,3164
86455161718,86455161721,3,2564,2592
86456228622,86456228617,-5,1021,3403
86466427938,86466427939,1,837,1133
86466657017,86466657023,6,47,2256
86467687255,86467687249,-6,883,2251
86468264521,86468264517,-4,1297,2506
86469485473,86469485469,-4,1166,2155
86472136899,86472136901,2,1658,1855
86474462364,86474462360,-4,1044,3208
86474563433,86474563438,5,1813,1627
86475363175,86475363177,2,2493,2688
86478283280,86478283299,19,528,2279
86480463269,86480463264,-5,1124,4351
86481881493,86481881487,-6,803,3271
86487750099,86487750094,-5,1134,4334
86488822494,86488822490,-4,1266,2301
86495322134,86495322136,2,5620,24954
86499451529,86499451544,15,118,1002
86504177533,86504177525,-8,980,3315
86514864966,86514864963,-3,1072,3395
86524084776,86524084770,-6,1084,2328
86539107400,86539107396,-4,1209,2544
86541059210,86541059205,-5,1092,3862
86541274947,86541274966,19,619,1487
86541347678,86541347672,-6,505,2163
86542514433,86542514427,-6,964,3387
86543150326,86543150330,4,1971,1675
86543598879,86543598874,-5,1011,2988
86545429829,86545429824,-5,796,3111
86545656076,86545656094,18,1359,4723
86547794567,86547794575,8,5845,23498
86550579383,86550579383,0,1503,1143
86551872186,86551872180,-6,1432,2690
86562092075,86562092067,-8,988,2567
86566726300,86566726294,-6,740,3354
86575698054,86575698051,-3,1484,2270
86576550851,86576550843,-8,1000,3498
86579504954,86579504953,-1,1239,2158
86590497578,86590497576,-2,1093,2904
86590587120,86590587142,22,699,2795
86591386007,86591386014,7,7294,2489
86591999619,86591999614,-5,971,2837
86597209773,86597209767,-6,1372,2538
86597386481,86597386481,0,1738,2919
86600181565,86600181562,-3,1324,2327
86607805289,86607805284,-5,1416,2908
86615448435,86615448437,2,2544,2021
86617923213,86617923209,-4,1326,2978
86618380385,86618380381,-4,1265,3375
86618593575,86618593570,-5,858,2800
86622550097,86622550090,-7,1251,4230
86628532684,86628532680,-4,1152,2402
86629384550,86629384546,-4,1032,2977
86630115064,86630115070,6,1595,615
86630344645,86630344639,-6,1577,3677
86635084622,86635084618,-4,928,3363
86636856091,86636856090,-1,1531,2224
86637250050,86637250069,19,105,837
86638220915,86638220907,-8,252,878
86649141818,86649141819,1,1169,1261
86649892964,86649892961,-3,1510,3851
86651517524,86651517518,-6,943,3129
86656516937,86656516942,5,3256,1500
86662373848,86662373843,-5,1107,2961
86663991575,86663991570,-5,958,3390
86667215142,86667215140,-2,937,2206
86668362815,86668362811,-4,890,3342
86671937926,86671937922,-4,949,3444
86674837931,86674837926,-5,733,1211
86677837687,86677837683,-4,900,2984
86679159073,86679159068,-5,1005,2336
86679596493,86679596486,-7,1000,3609
86683549146,86683549142,-4,1156,2754
86685428302,86685428298,-4,1098,2788
86702395411,86702395407,-4,862,2194
86707827986,86707827982,-4,940,2527
86711864807,86711864802,-5,1149,3739
86714744409,86714744404,-5,1213,3817
86718416761,86718416756,-5,1055,2458
86718705813,86718705811,-2,1207,1359
86724331139,86724331133,-6,761,2689
86724393848,86724393840,-8,1244,3909
86724848148,86724848158,10,383,1131
86725607626,86725607622,-4,779,2396
86726245294,86726245289,-5,1682,3823
86727429992,86727429987,-5,1203,3118
86727833100,86727833094,-6,1052,3193
86735248538,86735248534,-4,1082,2998
86735329922,86735329938,16,714,3750
86736149383,86736149377,-6,889,2561
86736660207,86736660202,-5,1064,3599
86737874051,86737874066,15,493,1416
86739916070,86739916075,5,2517,1090
86740513537,86740513533,-4,972,3496
86740579178,86740579199,21,478,972
86749754154,86749754151,-3,1090,3083
86753671766,86753671761,-5,1103,3818
86759465995,86759465991,-4,1126,2928
86767148617,86767148611,-6,840,2278
86767601029,86767601030,1,1183,1442
86771295262,86771295257,-5,870,3381
86771398257,86771398254,-3,908,2694
86772204649,86772204642,-7,835,1999
86772459123,86772459143,20,975,2790
86790204330,86790204326,-4,1219,2674
86795702380,86795702375,-5,1532,3934
86798864262,86798864253,-9,845,3206
86799207195,86799207181,-14,209,1060
86806779486,86806779482,-4,1211,3926
86807964784,86807964781,-3,1201,3398
86810130612,86810130605,-7,799,2342
86810636506,86810636515,9,208,1540
86817780842,86817780845,3,1738,1629
86819829611,86819829608,-3,1040,3226
86845252823,86845252842,19,323,1810
86847737810,86847737805,-5,1081,3521
86848040137,86848040142,5,17,855
86849085666,86849085661,-5,883,2440
86856706570,86856706566,-4,887,2884
86860731113,86860731107,-6,1414,3494
86861369108,86861369100,-8,940,3424
86873595402,86873595397,-5,1002,2978
86874659420,86874659424,4,3941,2805
86876142977,86876142974,-3,794,1620
86882774768,86882774763,-5,1375,3150
86883216392,86883216387,-5,36,640
86883262688,86883262671,-17,946,2688
86883894020,86883894017,-3,1024,2958
86884597385,86884597401,16,931,3111
86885079175,86885079177,2,1579,1829
86895000075,86895000070,-5,1036,2799
86908700221,86908700213,-8,1242,3621
86911536011,86911536006,-5,1062,3058
86915746855,86915746851,-4,1663,5033
86924414110,86924414105,-5,1048,2836
86929460025,86929460022,-3,1533,2425
86929744835,86929744815,-20,718,3087
86931619421,86931619417,-4,1256,2339
86933976706,86933976702,-4,763,2981
86938873267,86938873263,-4,1024,3149
86946180401,86946180397,-4,698,2333
86950350082,86950350089,7,3306,949
86955238049,86955238044,-5,1056,2717
86955876569,86955876589,20,364,1338
86957733586,86957733581,-5,1381,3508
86968344503,86968344497,-6,1128,2212
86969419283,86969419280,-3,917,3494
86970166522,86970166541,19,728,1647
86970583861,86970583857,-4,1215,4824
86975328574,86975328567,-7,1071,3333
86979029747,86979029742,-5,987,3292
86981020555,86981020549,-6,1031,2260
86991802583,86991802577,-6,1194,2679
86996127673,86996127666,-7,912,2215
86996827730,86996827749,19,485,1810
86997301961,86997301957,-4,1028,2892
86998225439,86998225434,-5,1226,3513
87006007038,87006007032,-6,1234,4541
87007929734,87007929734,0,1931,1647
87017107275,87017107270,-5,941,2844
87018950351,87018950347,-4,1077,3085
87019111937,87019111943,6,359,1064
87022286779,87022286771,-8,1037,3189
87024971991,87024971986,-5,1336,3402
87028013269,87028013264,-5,857,2804
87028417983,87028417978,-5,965,3127
87032905719,87032905709,-10,652,166
87034561774,87034561767,-7,1061,2835
87035644633,87035644631,-2,891,1257
87040024696,87040024711,15,403,1432
87041616671,87041616666,-5,767,3763
87041900330,87041900329,-1,1606,1943
87049570850,87049570844,-6,838,2845
87050417018,87050417034,16,681,2303
87052510129,87052510126,-3,998,2833
87057763446,87057763442,-4,1175,3522
87064062342,87064062347,5,2678,1523
87066556637,87066556636,-1,17063,47260
87072194489,87072194482,-7,909,5123
87073588925,87073588919,-6,1018,4034
87079103155,87079103161,6,4212,1653
87080473826,87080473821,-5,955,2776
87081704418,87081704413,-5,924,3247
87085089953,87085089947,-6,970,2750
87086382787,87086382784,-3,913,2042
87086692678,87086692678,0,871,1661
87087183933,87087183931,-2,1278,1318
87088928927,87088928921,-6,915,2875
87093431733,87093431726,-7,1056,3047
87094278506,87094278509,3,2189,2145
87097975302,87097975297,-5,1043,2612
87109287417,87109287422,5,2641,1760
87117514222,87117514219,-3,642,2262
87124416343,87124416338,-5,1209,2985
87132034191,87132034185,-6,1042,2152
87135170000,87135169997,-3,1518,3395
87137988422,87137988418,-4,785,3623
87141678123,87141678116,-7,459,1346
87145882812,87145882807,-5,1502,3224
87146343087,87146343086,-1,801,1562
87151949383,87151949382,-1,1350,2115
87152150740,87152150735,-5,922,2681
87157512031,87157512026,-5,1307,3103
87162482047,87162482066,19,208,898
87164356011,87164356007,-4,833,3023
87171998799,87171998801,2,1487,1264
87177972590,87177972585,-5,1607,3386
87178576996,87178577002,6,4978,2238
87180073475,87180073471,-4,572,2834
87180786159,87180786153,-6,763,2290
87181525281,87181525265,-16,167,1143
87184465270,87184465265,-5,994,2564
87184643369,87184643352,-17,924,3092
87185121719,87185121715,-4,665,3287
87185415359,87185415354,-5,1068,3998
87185527042,87185527038,-4,771,1566
87186746947,87186746944,-3,1233,2139
87195735190,87195735187,-3,1201,2539
87199202722,87199202718,-4,1063,3423
87200321875,87200321870,-5,1097,2829
87200624955,87200624950,-5,1231,3226
87201660913,87201660898,-15,7,1200
87205831541,87205831537,-4,1106,3247
87206050730,87206050723,-7,1157,4368
87207350586,87207350582,-4,918,3502
87211362625,87211362621,-4,1066,3175
87213739360,87213739349,-11,51665,5035
87217317278,87217317274,-4,1401,3417
87224631097,87224631092,-5,1199,3541
87225120483,87225120473,-10,805,2325
87227598574,87227598578,4,1216,742
87234357613,87234357609,-4,1080,3371
87236069222,87236069216,-6,1153,4386
87238919514,87238919510,-4,985,2184
87239894784,87239894788,4,2167,1348
87240501201,87240501196,-5,1157,3322
87242128753,87242128747,-6,1257,3373
87244292531,87244292526,-5,1389,3597
87244445327,87244445321,-6,1200,3119
87247928292,87247928290,-2,1359,2601
87249576907,87249576901,-6,1188,4019
87251077796,87251077815,19,79,928
87261421136,87261421129,-7,885,3683
87261469688,87261469681,-7,383,1479
87261954537,87261954534,-3,942,2564
87265764917,87265764916,-1,1422,1528
87275035853,87275035847,-6,1141,3189
87285805166,87285805162,-4,897,2718
87287336329,87287336330,1,1148,1440
87289852950,87289852957,7,9917,28810
87291794408,87291794402,-6,1727,7099
87293826298,87293826294,-4,1405,3248
87295693905,87295693921,16,90,1364
87297526194,87297526193,-1,1127,1694
87303351835,87303351833,-2,1030,2532
87308134470,87308134464,-6,1049,2265
87314596105,87314596090,-15,1242,3466
87315065376,87315065398,22,703,2823
87318067022,87318067017,-5,1003,4171
87319349419,87319349414,-5,865,2941
87321816891,87321816886,-5,1071,3389
87323651967,87323651962,-5,1204,2166
87325481989,87325481983,-6,1198,4115
87330991318,87330991317,-1,23247,34121
87339517494,87339517501,7,4429,41554
87341070951,87341070946,-5,1073,3496
87348918310,87348918305,-5,1670,4312
87351724861,87351724862,1,1719,1161
87356892662,87356892658,-4,1261,3314
87365133503,87365133498,-5,1094,3357
87367053039,87367053033,-6,1475,3078
87367125393,87367125414,21,1003,1994
87373541610,87373541602,-8,997,4976
87378436139,87378436135,-4,846,2908
87378814544,87378814530,-14,1080,3977
87379406649,87379406666,17,350,1147
87384793153,87384793149,-4,1132,2664
87393079166,87393079162,-4,1076,3137
87393347314,87393347334,20,129,1273
87397266898,87397266895,-3,1029,3960
87398002859,87398002876,17,775,2387
87398220130,87398220126,-4,1032,3845
87398716438,87398716439,1,1165,1469
87400524921,87400524917,-4,1177,4024
87400945866,87400945862,-4,1282,3058
87403015902,87403015899,-3,1406,2962
87403984517,87403984518,1,2207,1918
87408631906,87408631902,-4,841,3523
87409202555,87409202558,3,558,1049
87412123574,87412123569,-5,855,3252
87419680785,87419680778,-7,1156,4424
87421134638,87421134634,-4,1169,2510
87431246502,87431246497,-5,863,2241
87434760180,87434760182,2,2738,2256
87437083706,87437083703,-3,1110,2818
87437536417,87437536435,18,417,1051
87440100085,87440100082,-3,725,1587
87441143078,87441143073,-5,960,3150
87443871806,87443871802,-4,1434,3379
87451372297,87451372301,4,3564,1995
87453160303,87453160299,-4,875,2060
87454347853,87454347849,-4,996,1951
87456287739,87456287734,-5,1050,3612
87456322505,87456322499,-6,1080,3543
87460504494,87460504491,-3,966,2548
87464745948,87464745943,-5,1252,2791
87464836738,87464836757,19,176,843
87466363377,87466363374,-3,1526,2836
87468307906,87468307902,-4,867,2862
87471220728,87471220724,-4,1006,2008
87475041210,87475041227,17,179,538
87478799984,87478799979,-5,1511,5001
87491849805,87491849803,-2,1051,2482
87494147971,87494147968,-3,950,2813
87495998837,87495998845,8,3582,1368
87499206577,87499206570,-7,1296,3539
87501024290,87501024286,-4,974,2439
87502616357,87502616349,-8,1228,3983
87503760259,87503760274,15,548,2412
87510240326,87510240321,-5,1298,2711
87513001167,87513001164,-3,1243,3267
87513153252,87513153259,7,207,893
87514947244,87514947238,-6,1149,4920
87515060211,87515060231,20,1295,4811
87515219475,87515219472,-3,1038,3086
87516874202,87516874217,15,38161,5416
87517576116,87517576112,-4,1181,3087
87519241254,87519241249,-5,725,2211
87519315385,87519315398,13,216,852
87521214397,87521214393,-4,1019,3090
87521458064,87521458051,-13,773,3572
87525946746,87525946743,-3,776,2467
87529427818,87529427822,4,1462,1289
87531384493,87531384508,15,628,2466
87538379318,87538379311,-7,659,2851
87538436028,87538436045,17,968,3043
87544394323,87544394318,-5,1178,2236
87545183545,87545183539,-6,930,3085
87547663374,87547663370,-4,1024,2212
87551798529,87551798523,-6,993,4463
87556581378,87556581374,-4,1222,2558
87563386750,87563386745,-5,944,2905
87573046095,87573046090,-5,946,2763
87574574810,87574574806,-4,2224,4410
87574612971,87574612966,-5,1251,2828
87577093675,87577093669,-6,855,2609
87582004898,87582004893,-5,1050,1737
87583172332,87583172329,-3,1034,1583
87583692794,87583692806,12,163,1322
87585213123,87585213120,-3,23805,20195
87589851241,87589851235,-6,1053,4410
87591498158,87591498154,-4,926,2359
87595439375,87595439370,-5,860,3408
87600742220,87600742221,1,2571,2974
87601641450,87601641445,-5,1175,3948
87606748245,87606748237,-8,1014,3082
87609813934,87609813933,-1,2799,3337
87611455727,87611455726,-1,508,1117
87616763663,87616763659,-4,1088,2728
87618155891,87618155885,-6,709,2862
87619644578,87619644573,-5,1044,3363
87623402406,87623402401,-5,1085,2926
87625959026,87625959033,7,3556,1396
87627588001,87627587998,-3,825,2438
87631707783,87631707778,-5,1215,3053
87635537842,87635537837,-5,1078,2302
87639349158,87639349153,-5,919,3442
87641450746,87641450741,-5,1105,4850
87645206859,87645206852,-7,1171,3210
87645879893,87645879886,-7,1132,5314
87648024305,87648024298,-7,1191,3884
87648520895,87648520889,-6,896,3121
87650711374,87650711370,-4,748,1810
87652890014,87652890010,-4,1027,3230
87655756390,87655756386,-4,1244,2877
87660152187,87660152177,-10,346,1666
87660723698,87660723694,-4,1111,2872
87662739146,87662739140,-6,814,3665
87663621790,87663621783,-7,568,2278
87663860132,87663860146,14,336,1349
87666689947,87666689929,-18,3464,933
87666859061,87666859057,-4,1393,2761
87675402279,87675402275,-4,967,2459
87675690539,87675690556,17,936,3373
87679483203,87679483205,2,1740,1808
87679965876,87679965871,-5,1444,3959
87680089950,87680089956,6,4179,1917
87683387502,87683387499,-3,1014,3016
87683662514,87683662498,-16,151,980
87688773794,87688773789,-5,1077,4488
87695819047,87695819043,-4,918,3040
87695991535,87695991531,-4,1389,2512
87699198376,87699198385,9,98,1189
87703302425,87703302421,-4,1019,2876
87710594906,87710594903,-3,1199,2869
87717267823,87717267829,6,2239,768
87726082546,87726082539,-7,1249,3440
87726607706,87726607687,-19,142,953
87734154880,87734154875,-5,1064,2624
87738745112,87738745109,-3,1135,2276
87738926294,87738926287,-7,2675,9730
87744327518,87744327511,-7,1583,4071
87745040763,87745040758,-5,978,3505
87745371458,87745371454,-4,912,2559
87747596806,87747596801,-5,790,3460
87750921843,87750921835,-8,1281,4797
87753057694,87753057686,-8,734,4211
87756109987,87756109983,-4,1201,3423
87757224607,87757224602,-5,946,2938
87757907534,87757907529,-5,1255,3186
87761554593,87761554587,-6,691,1674
87762107867,87762107853,-14,1121,2869
87762841918,87762841913,-5,1202,4171
87765579177,87765579170,-7,2749,8249
87769115842,87769115838,-4,889,4047
87772061157,87772061153,-4,987,2537
87773989857,87773989852,-5,1152,2646
87774789137,87774789133,-4,1014,2499
87776599593,87776599589,-4,663,2745
87781750534,87781750530,-4,1166,3150
87781908298,87781908294,-4,922,2857
87793019293,87793019287,-6,753,2651
87795638640,87795638635,-5,724,2988
87800692499,87800692495,-4,923,2254
87802687745,87802687741,-4,998,2520
87805893371,87805893367,-4,819,3596
87808801367,87808801362,-5,627,3148
87809674498,87809674501,3,2421,1533
87814947370,87814947365,-5,1098,3049
87820080960,87820080955,-5,1276,3667
87821872126,87821872122,-4,1078,3516
87833181718,87833181710,-8,1009,3290
87834776730,87834776726,-4,1336,3032
87835839714,87835839710,-4,1199,4586
87837928201,87837928197,-4,1346,3434
87849764278,87849764274,-4,1038,2503
87850655933,87850655927,-6,941,2710
87851258882,87851258862,-20,297,1765
87854582060,87854582059,-1,1217,2334
87858769436,87858769429,-7,1093,2241
87861184215,87861184210,-5,1344,2735
87862656455,87862656449,-6,694,2243
87862697128,87862697145,17,476,1629
87865943998,87865943993,-5,1411,5225
87874185159,87874185154,-5,783,3090
87875291547,87875291541,-6,1033,3117
87876778765,87876778760,-5,1864,4392
87876927719,87876927725,6,2634,966
87886121735,87886121730,-5,1195,3979
87888788546,87888788541,-5,933,3075
87892198041,87892198054,13,579,1138
87895687767,87895687761,-6,1151,2824
87898730122,87898730119,-3,1065,3014
87900983473,87900983465,-8,815,2956
87902065782,87902065778,-4,762,2815
87902143106,87902143101,-5,1260,3946
87908353766,87908353762,-4,878,3205
87908388105,87908388086,-19,194,1748
87909293759,87909293755,-4,816,2568
87909505216,87909505197,-19,156,1123
87909712532,87909712550,18,556,1496
87918018346,87918018341,-5,1010,2238
87926034402,87926034386,-16,729,2706
87926806866,87926806861,-5,1033,2631
87929077447,87929077443,-4,1368,2475
87930909702,87930909706,4,6496,4216
87938725197,87938725193,-4,884,2859
87943304954,87943304950,-4,1004,2363
87947278024,87947278024,0,2654,2672
87948461874,87948461870,-4,1021,2652
87950621385,87950621382,-3,581,2051
87951021385,87951021380,-5,1128,2888
87953314881,87953314876,-5,857,3184
87953507100,87953507109,9,216,1065
87953580344,87953580346,2,1345,2211
87959952851,87959952845,-6,1058,3431
87960418747,87960418734,-13,2291,15230
87964528462,87964528466,4,4182,2535
87964659634,87964659631,-3,1112,2658
87964911850,87964911829,-21,50,2633
87968046894,87968046890,-4,1019,2460
87968325028,87968325041,13,180,1033
87971824222,87971824219,-3,1341,2541
87972379909,87972379905,-4,1339,3874
87972478043,87972478042,-1,4,960
87974589210,87974589205,-5,871,3874
87974811860,87974811877,17,540,1552
87974905794,87974905789,-5,644,3977
87975237595,87975237585,-10,1240,3737
87975352763,87975352758,-5,842,2811
87978961186,87978961182,-4,988,2749
87981719783,87981719781,-2,4040,18478
87983219575,87983219572,-3,1165,3213
87985198654,87985198648,-6,1089,4735
87992904552,87992904537,-15,961,1895
87993488688,87993488709,21,914,2382
87993779757,87993779753,-4,1205,3206
87996542617,87996542623,6,2338,1663
87996751748,87996751742,-6,909,2842
87997855462,87997855454,-8,1012,2041
87998187547,87998187561,14,1167,3072
88001675913,88001675905,-8,990,3361
88002259582,88002259577,-5,1351,3269
88006071490,88006071485,-5,1260,3186
88006373578,88006373592,14,443,1484
88017136578,88017136574,-4,1351,2680
88017836350,88017836346,-4,538,1069
88018836579,88018836577,-2,1549,2225
88019190862,88019190856,-6,912,3862
88019626339,88019626340,1,17,1145
88021132809,88021132802,-7,655,3882
88024977561,88024977561,0,7124,7112
88026576284,88026576278,-6,1376,3292
88028011190,88028011196,6,4621,2000
88029351286,88029351281,-5,1160,3061
88032951474,88032951470,-4,833,2987
88041002789,88041002783,-6,919,3303
88044002354,88044002350,-4,916,1370
88045602873,88045602869,-4,1222,3936
88049947310,88049947306,-4,1213,2331
88052959591,88052959586,-5,1172,4322
88057002160,88057002157,-3,786,1442
88057053594,88057053615,21,366,2230
88057891218,88057891218,0,3123,3032
88063438403,88063438397,-6,940,2510
88066590908,88066590905,-3,1032,2395
88068656998,88068656994,-4,1262,3314
88074142919,88074142917,-2,2129,3262
88087299663,88087299658,-5,904,3088
88087937524,88087937517,-7,1702,3526
88090101926,88090101920,-6,806,2664
88104332426,88104332421,-5,912,3001
88108859783,88108859787,4,2436,1394
88110841491,88110841484,-7,830,2901
88114667448,88114667443,-5,1382,4680
88117076022,88117076018,-4,989,2677
88119088144,88119088162,18,851,2068
88126900293,88126900288,-5,1212,2779
88128308539,88128308551,12,247,1320
88128838470,88128838466,-4,843,1630
88139299753,88139299746,-7,997,3959
88151901181,88151901173,-8,667,2014
88153622413,88153622408,-5,1222,2964
88155313935,88155313933,-2,1906,3684
88158827442,88158827441,-1,1269,2578
88158853805,88158853799,-6,782,3590
88163208327,88163208321,-6,711,1842
88166215749,88166215742,-7,867,3286
88171849754,88171849749,-5,1417,3081
88175039634,88175039631,-3,1025,3512
88180820850,88180820846,-4,733,5544
88186754543,88186754540,-3,1104,2588
88188945922,88188945919,-3,880,2719
88195939954,88195939950,-4,1333,3296
88199302318,88199302338,20,1002,3035
88209125163,88209125159,-4,1142,2560
88211963378,88211963374,-4,1150,2143
88214995339,88214995334,-5,1055,3798
88221992203,88221992200,-3,1244,3479
88225294057,88225294051,-6,782,1888
88227583507,88227583504,-3,951,2393
88229918385,88229918381,-4,910,2959
88230505179,88230505175,-4,1169,2846
88231446263,88231446259,-4,1439,3065
88238519543,88238519539,-4,852,3522
88240784423,88240784418,-5,861,3244
88243815359,88243815355,-4,863,2578
88248345615,88248345611,-4,1137,3218
88248706976,88248706958,-18,908,2669
88249925147,88249925151,4,97,987
88262948933,88262948929,-4,957,2520
88264658015,88264658009,-6,1475,6432
88267244970,88267244970,0,1477,2198
88268134731,88268134726,-5,995,3061
88270581913,88270581902,-11,19090,15218
88274826441,88274826440,-1,1276,2163
88275954775,88275954769,-6,984,3051
88276072854,88276072849,-5,1033,3193
88277790102,88277790098,-4,806,3141
88278844307,88278844302,-5,1130,3113
88279590138,88279590143,5,1593,1066
88280842933,88280842938,5,2552,1637
88298481330,88298481326,-4,1671,3687
88308251775,88308251769,-6,602,2013
88309535052,88309535056,4,15251,9659
88309755077,88309755072,-5,1123,2810
88319374181,88319374176,-5,924,3329
88320173496,88320173496,0,311,1754
88320760930,88320760924,-6,1518,3791
88320972240,88320972235,-5,1033,2518
88330739439,88330739443,4,2826,1187
88346109535,88346109530,-5,992,2980
88346728468,88346728478,10,135,1058
88347512698,88347512698,0,1528,1905
88363433909,88363433903,-6,1328,4730
88363626458,88363626478,20,10,886
88364278100,88364278113,13,176,1007
88365869885,88365869891,6,6384,2825
88366699181,88366699186,5,2872,1463
88367096653,88367096648,-5,1207,3390
88367281230,88367281234,4,4966,2202
88375561741,88375561737,-4,466,1609
88376914997,88376914990,-7,1324,4341
88379977855,88379977851,-4,1454,3136
88380460863,88380460858,-5,781,2472
88385818346,88385818343,-3,1344,2872
88386872323,88386872318,-5,918,2816
88390971633,88390971626,-7,1069,1980
88398317093,88398317087,-6,1207,2444
88403063458,88403063454,-4,952,3340
88403307658,88403307664,6,5953,1347
88403837079,88403837074,-5,868,2661
88404237419,88404237437,18,339,1369
88410871442,88410871437,-5,1115,2684
88411613642,88411613642,0,284,762
88412221746,88412221743,-3,1265,2414
88413347480,88413347475,-5,829,3533
88414058916,88414058930,14,913,3401
88415921681,88415921678,-3,1325,2987
88422956894,88422956892,-2,1448,2806
88426866918,88426866914,-4,951,2414
88428918538,88428918536,-2,1415,1545
88429782513,88429782507,-6,655,2664
88429952939,88429952957,18,671,3237
88433170487,88433170482,-5,867,2834
88433253581,88433253575,-6,1844,3531
88434725525,88434725520,-5,955,2446
88436437902,88436437897,-5,738,2655
88437246178,88437246175,-3,875,2468
88445629227,88445629220,-7,220,1044
88448511731,88448511727,-4,889,3395
88449162154,88449162175,21,840,2564
88450716791,88450716785,-6,1405,3145
88459678026,88459678021,-5,1183,3462
88466778511,88466778509,-2,2220,3441
88468078094,88468078089,-5,1071,3935
88470984958,88470984950,-8,1766,9297
88471665149,88471665145,-4,1451,2423
88481579694,88481579689,-5,939,2368
88482293606,88482293601,-5,834,3162
88484318227,88484318222,-5,642,1996
88484800591,88484800586,-5,1081,2505
88487790366,88487790362,-4,6420,13883
88487963057,88487963062,5,2871,1559
88490603399,88490603394,-5,1355,3395
88492616374,88492616371,-3,1138,2323
88493397546,88493397559,13,196,1056
88495597895,88495597890,-5,762,3237
88504962856,88504962850,-6,1194,3955
88509838469,88509838462,-7,896,3422
88513801465,88513801461,-4,1044,3865
88515363051,88515363051,0,2023,1921
88518336358,88518336353,-5,1022,1920
88524536886,88524536879,-7,1052,3881
88525501086,88525501080,-6,871,2986
88527077249,88527077246,-3,1112,3324
88529374019,88529374015,-4,2289,5330
88537674151,88537674148,-3,1007,1998
88538519439,88538519432,-7,1051,2833
88538757009,88538757030,21,523,2853
88539947102,88539947098,-4,1291,2432
88546620279,88546620274,-5,1493,3301
88553239222,88553239221,-1,1134,1984
88560226048,88560226050,2,1587,1950
88560545889,88560545885,-4,913,3576
88564320802,88564320798,-4,1147,3168
88571161586,88571161582,-4,742,1053
88571274755,88571274750,-5,1285,2510
88572301494,88572301513,19,40201,19048
88574286029,88574286030,1,1244,1970
88575057218,88575057201,-17,1074,1846
88583502189,88583502185,-4,931,2585
88583917991,88583917982,-9,1577,2678
88586285379,88586285364,-15,808,3846
88587778544,88587778539,-5,1293,3696
88588246876,88588246873,-3,844,2606
88596437215,88596437212,-3,983,2485
88597526238,88597526231,-7,1106,3813
88598186293,88598186288,-5,1407,3165
88604991901,88604991896,-5,867,3694
88606364037,88606364033,-4,1188,3596
88609081017,88609081012,-5,1188,2580
88609118288,88609118275,-13,350,883
88611237500,88611237495,-5,817,1805
88614739476,88614739472,-4,1137,3044
88620330818,88620330811,-7,755,2078
88620461544,88620461526,-18,269,1131
88620608421,88620608417,-4,943,2323
88627963208,88627963202,-6,1079,2891
88629176867,88629176854,-13,1183,2948
88634443402,88634443398,-4,1558,2397
88642472423,88642472418,-5,1327,2154
88643883270,88643883278,8,826,1174
88658511615,88658511610,-5,938,2930
88661427754,88661427748,-6,1188,2894
88662278794,88662278795,1,1740,2072
88669175165,88669175161,-4,1152,2367
88676780195,88676780189,-6,729,3123
88679685395,88679685389,-6,1000,3072
88680131150,88680131145,-5,1015,3057
88685749610,88685749606,-4,1030,3029
88686058181,88686058174,-7,1112,2512
88691324985,88691324980,-5,1478,3765
88692828445,88692828446,1,1926,2840
88702106977,88702106973,-4,1222,2656
88706011434,88706011429,-5,913,2576
88707708789,88707708781,-8,860,4509
88708384073,88708384058,-15,163,903
88710303353,88710303348,-5,1086,2153
88715411493,88715411487,-6,963,3434
88719221731,88719221730,-1,1170,1380
88721002006,88721002001,-5,1280,3130
88730043198,88730043193,-5,999,3738
88731064468,88731064464,-4,960,2944
88737891647,88737891641,-6,1140,3031
88739500194,88739500194,0,116,625
88740017187,88740017182,-5,904,2467
88741800079,88741800074,-5,1136,3592
88744905607,88744905601,-6,1061,2861
88745899203,88745899197,-6,467,2089
88747904714,88747904710,-4,1110,2525
88749517924,88749517918,-6,1113,2253
88750786462,88750786461,-1,750,1780
88753863542,88753863534,-8,1207,3790
88760375139,88760375135,-4,1063,2977
88772174088,88772174094,6,17264,35002
88774087499,88774087493,-6,37460,11052
88775446557,88775446552,-5,1134,2614
88778919488,88778919483,-5,845,3745
88780259663,88780259660,-3,1143,2506
88780754039,88780754034,-5,810,3221
88787032520,88787032515,-5,1522,3831
88790999859,88790999852,-7,953,1914
88792601342,88792601340,-2,1937,2663
88795153230,88795153222,-8,665,2791
88795947218,88795947210,-8,169,1619
88799380446,88799380441,-5,970,2240
88800344266,88800344261,-5,1013,4538
88805366505,88805366510,5,2970,1903
88806270809,88806270803,-6,1333,3222
88814025826,88814025820,-6,1291,2543
88818217934,88818217941,7,12349,4039
88827298382,88827298377,-5,591,1669
88828288079,88828288075,-4,1207,2745
88829654065,88829654071,6,3290,1481
88831879115,88831879110,-5,1297,3169
88836342271,88836342265,-6,953,2576
88836413522,88836413542,20,288,1281
88839834122,88839834119,-3,913,2643
88841360882,88841360878,-4,96,1095
88844037065,88844037071,6,1929,1637
88845287138,88845287134,-4,966,3140
88845554658,88845554654,-4,791,2313
88846832777,88846832782,5,4015,1318
88850687095,88850687091,-4,894,2247
88851073723,88851073718,-5,755,2186
88863419786,88863419780,-6,1157,3940
88871083156,88871083150,-6,808,2127
88873284144,88873284139,-5,1103,3139
88873934856,88873934845,-11,449,2121
88876426519,88876426514,-5,1380,2899
88877504667,88877504663,-4,1394,3518
88878590836,88878590855,19,489,1785
88882283774,88882283770,-4,2219,4283
88884680804,88884680798,-6,799,3902
88885844858,88885844853,-5,1095,2982
88887414030,88887414027,-3,1183,3038
88888995281,88888995276,-5,1163,3728
88891514333,88891514333,0,1358,1265
88896757898,88896757893,-5,855,2236
88897280639,88897280634,-5,1448,4384
88897916223,88897916217,-6,632,1288
88898210049,88898210069,20,4,999
88898849118,88898849114,-4,807,2353
88905718367,88905718362,-5,1016,3337
88910549807,88910549805,-2,1092,2403
88912009383,88912009378,-5,1030,3152
88912274890,88912274910,20,529,2050
88914373666,88914373661,-5,960,3000
88916475720,88916475713,-7,4645,14649
88921416394,88921416389,-5,1318,3744
88930524136,88930524132,-4,855,2239
88937669759,88937669777,18,311,818
88938157371,88938157368,-3,888,2623
88938691784,88938691779,-5,1217,3216
88943488826,88943488822,-4,1137,2903
88947823276,88947823272,-4,972,2799
88952443257,88952443254,-3,1137,2562
88954278931,88954278935,4,1031,813
88961300853,88961300848,-5,1514,3951
88961671786,88961671792,6,1489,1184
88964396929,88964396934,5,2939,1488
88966380991,88966380986,-5,982,3360
88966480294,88966480293,-1,1360,2013
88968832909,88968832903,-6,1541,2733
88974403666,88974403661,-5,759,2595
88978473298,88978473295,-3,873,2187
88979429391,88979429386,-5,1098,3173
88982785447,88982785442,-5,746,2351
88983284365,88983284365,0,2040,2335
88985716722,88985716716,-6,1218,2870
88988795118,88988795117,-1,1238,2111
88992975658,88992975673,15,815,2253
88993753966,88993753959,-7,835,2832
88995831432,88995831423,-9,975,3042
88997459366,88997459362,-4,1443,3385
88998121835,88998121854,19,1003,3639
89003709350,89003709346,-4,962,2654
89004235691,89004235688,-3,30,987
89009233939,89009233935,-4,1240,2465
89011706510,89011706515,5,2355,1222
89023809879,89023809876,-3,1146,2876
89032337830,89032337825,-5,1185,4779
89032597322,89032597318,-4,1129,3047
89044379016,89044379010,-6,1005,2792
89057486074,89057486067,-7,1098,2984
89065053651,89065053648,-3,918,2353
89066677534,89066677528,-6,1102,3762
89068589382,89068589376,-6,1435,4339
89069898671,89069898674,3,1850,1489
89073364727,89073364722,-5,973,5191
89077964523,89077964522,-1,1652,2500
89082058563,89082058558,-5,1312,3301
89087905366,89087905359,-7,1140,3916
89098986589,89098986586,-3,820,1692
89104181615,89104181634,19,336,2157
89114433878,89114433876,-2,802,1947
89121922611,89121922605,-6,1785,9508
89127781171,89127781166,-5,671,1969
89133443565,89133443560,-5,1213,3047
89135732071,89135732065,-6,1445,3943
89136078914,89136078910,-4,1156,2893
89137963622,89137963629,7,14003,22250
89140707411,89140707410,-1,1305,2074
89141315774,89141315769,-5,1065,3164
89150127713,89150127713,0,1533,2083
89150601627,89150601622,-5,1369,3485
89157459738,89157459745,7,4148,1536
89159554279,89159554274,-5,694,3378
89160302354,89160302350,-4,1746,4137
89163494043,89163494037,-6,738,2740
89163722699,89163722697,-2,1289,1769
89165954147,89165954143,-4,961,2907
89167567360,89167567357,-3,934,2065
89175332759,89175332758,-1,1019,2692
89175777548,89175777538,-10,146,910
89181494118,89181494114,-4,1310,2723
89185821010,89185821007,-3,1028,2670
89186852570,89186852568,-2,784,1700
89193142767,89193142766,-1,1308,2774
89202733005,89202733001,-4,1150,1826
89204218778,89204218774,-4,1002,3325
89204351351,89204351346,-5,1443,3227
89206452687,89206452688,1,3549,3568
89207301467,89207301463,-4,1034,2965
89209169044,89209169038,-6,942,2945
89210727683,89210727678,-5,1260,4048
89211843944,89211843939,-5,1149,2574
89212219911,89212219906,-5,1073,3309
89214016853,89214016860,7,3081,1302
89214080018,89214080013,-5,1086,4923
89215718194,89215718204,10,695,1756
89218453073,89218453069,-4,823,2118
89218562551,89218562546,-5,1600,3881
89224219186,89224219183,-3,1178,2649
89225357338,89225357333,-5,850,2962
89227406039,89227406034,-5,1073,3269
89230064382,89230064385,3,1222,1704
89230385977,89230385973,-4,1201,3459
89230863954,89230863949,-5,1041,3002
89233594496,89233594490,-6,1136,3353
89236687299,89236687295,-4,1469,3801
89240919898,89240919899,1,1277,1901
89247415811,89247415806,-5,1274,3099
89247584811,89247584813,2,1940,2472
89248254325,89248254322,-3,1093,3500
89260021279,89260021273,-6,1380,2138
89264065778,89264065773,-5,1332,3114
89266005086,89266005082,-4,564,2249
89269356806,89269356801,-5,896,2587
89269709481,89269709475,-6,1112,2777
89280110286,89280110282,-4,887,3279
89283262843,89283262837,-6,965,2661
89283755489,89283755509,20,1123,3690
89289396415,89289396410,-5,1293,4397
89289854363,89289854358,-5,906,2758
89290792127,89290792121,-6,944,3115
89293846161,89293846158,-3,1363,2757
89295406301,89295406297,-4,937,3783
89296651297,89296651314,17,281,693
89298116467,89298116478,11,133,1206
89314651034,89314651033,-1,501,1738
89315737252,89315737266,14,1238,3756
89318714676,89318714672,-4,931,4506
89320725771,89320725769,-2,1036,2764
89321123954,89321123949,-5,1372,3304
89321682459,89321682475,16,81,937
89323266711,89323266714,3,45392,37698
89325054220,89325054214,-6,1110,4348
89329779486,89329779481,-5,1053,2413
89331856961,89331856954,-7,876,3637
89332258028,89332258046,18,644,2353
89339604062,89339604057,-5,2163,5049
89340812858,89340812853,-5,1072,3596
89341198342,89341198338,-4,809,1862
89345351583,89345351579,-4,1473,3198
89348047886,89348047882,-4,1079,3584
89350656653,89350656646,-7,1078,2999
89359647726,89359647723,-3,474,1502
89360106477,89360106474,-3,830,1929
89360473171,89360473168,-3,1443,3474
89363108047,89363108041,-6,1236,3329
89369155071,89369155065,-6,1278,2773
89373657425,89373657419,-6,747,2871
89375654159,89375654154,-5,1274,3653
89376606314,89376606310,-4,1158,2233
89377239077,89377239072,-5,793,2441
89382716478,89382716474,-4,958,2069
89392233550,89392233546,-4,821,1298
89393391062,89393391056,-6,1095,3321
89398739865,89398739860,-5,1215,2671
89406367778,89406367763,-15,928,551
89407055563,89407055559,-4,1345,2146
89410810143,89410810138,-5,997,2683
89417852655,89417852652,-3,872,2574
89418057115,89418057110,-5,1440,3499
89421988677,89421988677,0,1360,1475
89423737238,89423737234,-4,1060,3415
89424133918,89424133913,-5,1199,3186
89424224657,89424224674,17,1035,3600
89430333619,89430333614,-5,891,3077
89431890072,89431890068,-4,1426,3261
89437936095,89437936090,-5,1347,4012
89438043204,89438043190,-14,255,1006
89441930069,89441930062,-7,955,3300
89443154608,89443154604,-4,1275,2662
89443444121,89443444141,20,983,1934
89448013068,89448013063,-5,1201,3502
89450214382,89450214376,-6,1138,4023
89453318874,89453318874,0,1679,1916
89454396747,89454396742,-5,1887,7061
89454949337,89454949332,-5,1158,3581
89460892667,89460892665,-2,1149,2441
89462598196,89462598190,-6,1074,3244
89464358750,89464358744,-6,1126,3751
89465610550,89465610546,-4,1072,2217
89467173139,89467173134,-5,1164,3124
89468072975,89468072971,-4,1082,3171
89470850480,89470850499,19,635,1981
89477403225,89477403218,-7,1388,3376
89477736086,89477736081,-5,1092,2695
89478154217,89478154212,-5,603,2316
89478650083,89478650066,-17,235,1647
89480213691,89480213685,-6,1084,2811
89482906297,89482906294,-3,2015,4351
89483418606,89483418602,-4,1327,2250
89485446672,89485446666,-6,711,1687
89486433382,89486433378,-4,1382,3259
89487380584,89487380605,21,955,3169
89489258384,89489258379,-5,971,2394
89496202066,89496202062,-4,982,2709
89501432773,89501432766,-7,948,2265
89506692661,89506692655,-6,895,3080
89508021749,89508021746,-3,1252,2312
89513780781,89513780777,-4,473,2097
89515545843,89515545840,-3,830,1974
89516675960,89516675950,-10,376,1241
89517203704,89517203704,0,1000,1144
89518482774,89518482771,-3,740,2814
89521792554,89521792550,-4,1173,3094
89530244015,89530244019,4,2399,1922
89531655411,89531655405,-6,960,4023
89532720459,89532720447,-12,97,1263
89537828046,89537828046,0,926,977
89542077166,89542077151,-15,147,1056
89542798264,89542798258,-6,1390,2885
89545334971,89545334967,-4,685,2495
89545513888,89545513907,19,745,2203
89547637867,89547637865,-2,1219,2410
89550103366,89550103362,-4,1088,2522
89551102124,89551102142,18,619,2539
89558277627,89558277621,-6,1137,3117
89562517382,89562517386,4,2396,1449
89563584063,89563584058,-5,1164,2581
89575346768,89575346763,-5,930,2263
89582288473,89582288468,-5,1193,3214
89587173422,89587173418,-4,785,3120
89587355698,89587355682,-16,200,855
89590379195,89590379188,-7,1038,2790
89591728302,89591728296,-6,751,1635
89594795231,89594795226,-5,983,2811
89596326212,89596326223,11,608,3446
89602435445,89602435451,6,6538,2346
89610749067,89610749062,-5,898,3024
89616561199,89616561205,6,8519,23910
89619964412,89619964414,2,1842,2128
89621922747,89621922742,-5,1296,2961
89632664881,89632664874,-7,777,2498
89634366199,89634366194,-5,959,3003
89635863835,89635863829,-6,1015,4027
89636418116,89636418133,17,130,994
89636710400,89636710416,16,549,1618
89638551048,89638551065,17,412,1033
89638807063,89638807069,6,2543,1232
89638987495,89638987474,-21,1549,2224
89647067687,89647067682,-5,836,2490
89648097880,89648097902,22,577,1174
89649412250,89649412249,-1,1591,2390
89653165562,89653165545,-17,199,1319
89667186071,89667186067,-4,1071,2549
89668151763,89668151758,-5,986,4347
89670025449,89670025444,-5,658,1827
89671732450,89671732446,-4,960,3209
89675257550,89675257545,-5,823,2793
89677915539,89677915533,-6,1172,2616
89685537530,89685537525,-5,850,2579
89687226721,89687226714,-7,1093,3691
89688486150,89688486144,-6,688,4261
89694835057,89694835050,-7,1076,2616
89694917022,89694917019,-3,1348,3353
89699025935,89699025929,-6,1144,4547
89700721332,89700721338,6,3500,2215
89705430584,89705430579,-5,906,2970
89707250722,89707250716,-6,1107,2877
89709913701,89709913696,-5,749,1816
89710605149,89710605142,-7,1405,3194
89711653871,89711653868,-3,1236,2108
89716175073,89716175069,-4,1142,2658
89716276043,89716276033,-10,1575,2649
89717745660,89717745655,-5,1187,3425
89728282251,89728282246,-5,1317,3505
89735363891,89735363886,-5,964,2622
89736186791,89736186788,-3,1728,4082
89736709038,89736709032,-6,793,2626
89741642355,89741642350,-5,1294,2985
89746136971,89746136965,-6,777,1617
89746520719,89746520713,-6,1106,2873
89757993043,89757993038,-5,1692,3616
89758420262,89758420260,-2,1458,2531
89762710050,89762710044,-6,1255,2924
89763630546,89763630542,-4,1065,3403
89766545547,89766545541,-6,1168,2300
89768911571,89768911566,-5,831,2367
89769364713,89769364732,19,461,2890
89772813677,89772813671,-6,875,2867
89774037570,89774037566,-4,1287,3550
89774097226,89774097222,-4,638,3310
89775636998,89775636998,0,1747,1613
89775771372,89775771386,14,115,1027
89785781825,89785781819,-6,847,2686
89786108658,89786108652,-6,906,3114
89787542690,89787542688,-2,980,2378
89789530766,89789530762,-4,993,2824
89792731530,89792731528,-2,1447,2376
89802819871,89802819866,-5,574,1882
89805971617,89805971613,-4,1333,3084
89813641885,89813641878,-7,914,2469
89821096602,89821096597,-5,1047,4058
89824324811,89824324807,-4,1002,3298
89828626427,89828626423,-4,1094,2732
89833058197,89833058202,5,7977,1671
89838382010,89838382006,-4,988,2587
89839294283,89839294277,-6,1205,3939
89839672538,89839672534,-4,1127,2813
89839864493,89839864490,-3,493,2269
89839897537,89839897558,21,1070,4655
89839985609,89839985598,-11,1077,2979
89840803280,89840803298,18,441,1856
89849506819,89849506816,-3,777,2376
89851301584,89851301585,1,3,721
89851813314,89851813335,21,754,2201
89859736647,89859736641,-6,1551,4411
89861703448,89861703441,-7,745,3719
89862703471,89862703475,4,8512,19752
89868114022,89868114017,-5,1265,5290
89868234354,89868234336,-18,379,969
89884036538,89884036555,17,208,872
89886235058,89886235051,-7,944,3210
89886434022,89886434017,-5,642,1986
89887512205,89887512198,-7,878,3082
89888749543,89888749537,-6,945,2189
89892042974,89892042971,-3,1486,3642
89894137086,89894137094,8,2326,749
89898257550,89898257554,4,952,816
89898584974,89898584970,-4,1008,1851
89900064263,89900064258,-5,1141,2758
89900238329,89900238322,-7,1033,2576
89902096729,89902096725,-4,2413,5759
89902801643,89902801638,-5,1052,3267
89903764258,89903764254,-4,233,925
89917199982,89917199976,-6,803,3513
89920536570,89920536565,-5,634,2352
89936835888,89936835881,-7,922,3628
89937398728,89937398722,-6,1332,2844
89937486449,89937486464,15,488,1617
89944318130,89944318127,-3,750,1683
89947222691,89947222685,-6,1066,4185
89950195846,89950195838,-8,889,3629
89952113158,89952113152,-6,887,2500
89960094190,89960094189,-1,979,1939
89969402214,89969402210,-4,679,1944
89970449181,89970449174,-7,973,4287
89972402136,89972402129,-7,1191,3060
89972621329,89972621344,15,314,1681
89973054896,89973054891,-5,1408,3633
89973749018,89973749013,-5,817,3268
89976626047,89976626044,-3,1085,3674
89977838569,89977838566,-3,734,2983
89981109494,89981109489,-5,1372,3530
89987684627,89987684622,-5,984,3096
89992406227,89992406221,-6,1528,2983
90000067982,90000067974,-8,1046,5250
90000520835,90000520853,18,484,1177
90002687569,90002687579,10,274,1198
90003274020,90003274034,14,222,1151
90006619795,90006619793,-2,1196,2640
90013875126,90013875121,-5,1353,3501
90015229418,90015229415,-3,1163,2400
90028952167,90028952160,-7,924,3131
90029255074,90029255069,-5,1106,3619
90029901526,90029901534,8,3641,1493
90034460193,90034460186,-7,928,2692
90034736891,90034736890,-1,209,1087
90048684437,90048684433,-4,1063,3479
90049618003,90049617998,-5,892,3379
90049673176,90049673182,6,161,1102
90060126622,90060126617,-5,1736,3449
90060814234,90060814231,-3,694,2057
90064783743,90064783739,-4,1196,2958
90069854780,90069854777,-3,1433,3179
90079482165,90079482169,4,3143,1261
90084401790,90084401790,0,3655,4499
90086220090,90086220086,-4,430,1292
90090728642,90090728656,14,842,2160
90094823396,90094823391,-5,1875,6089
90097947591,90097947595,4,12868,9548
90102110249,90102110243,-6,1183,3438
90102614674,90102614669,-5,1221,3907
90104734818,90104734812,-6,1133,3240
90104977674,90104977669,-5,65,1253
90108980873,90108980867,-6,1631,3226
90111714737,90111714732,-5,1042,3245
90112453962,90112453979,17,976,3034
90116723857,90116723850,-7,2073,8417
90120483613,90120483606,-7,1204,4657
90120611835,90120611830,-5,2040,6056
90122037709,90122037710,1,2221,2020
90123384539,90123384536,-3,1225,3303
90126523949,90126523954,5,4385,1467
90129173726,90129173731,5,2665,1099
90130551515,90130551515,0,1136,1121
90137381878,90137381861,-17,4327,582
90137591767,90137591762,-5,918,3070
90141452132,90141452125,-7,972,2689
90145428067,90145428064,-3,836,2906
90145702340,90145702335,-5,1324,4193
90153049908,90153049927,19,718,1939
90155021416,90155021422,6,3201,1073
90156248538,90156248531,-7,1227,3639
90163353587,90163353582,-5,1265,2639
90166205439,90166205438,-1,1170,1537
90167003128,90167003124,-4,1222,3196
90167857318,90167857314,-4,780,2983
90173836054,90173836050,-4,1347,4272
90175576874,90175576870,-4,916,1989
90175705207,90175705203,-4,1146,2679
90179165930,90179165924,-6,1065,3043
90179209588,90179209584,-4,1481,3077
90181128146,90181128142,-4,793,3138
90181264442,90181264462,20,763,2783
90182343735,90182343741,6,2612,1466
90187185193,90187185187,-6,767,2799
90201656161,90201656153,-8,952,3595
90202223785,90202223779,-6,236,1015
90203221038,90203221033,-5,1117,2674
90203505283,90203505278,-5,446,2348
90207339878,90207339878,0,1031,1139
90207812582,90207812577,-5,687,2766
90208524586,90208524583,-3,1319,2987
90212800394,90212800389,-5,822,2744
90215618242,90215618248,6,1211,999
90220524883,90220524889,6,2928,1475
90240980116,90240980119,3,2508,2108
90244478353,90244478348,-5,897,2720
90244734821,90244734816,-5,891,1572
90246163219,90246163215,-4,728,2527
90247696416,90247696410,-6,1261,3211
90247751486,90247751486,0,1320,1838
90247791011,90247791024,13,676,2545
90251072707,90251072701,-6,731,3290
90252621213,90252621208,-5,803,2502
90256175119,90256175126,7,1682,471
90257910583,90257910587,4,3102,2466
90258246421,90258246416,-5,1476,3275
90259785704,90259785721,17,229,1306
90263275558,90263275551,-7,1333,3335
90264609866,90264609872,6,2163,1182
90274468477,90274468469,-8,715,2979
90275314641,90275314657,16,1077,3218
90275837869,90275837865,-4,1172,3533
90287562230,90287562225,-5,709,1670
90291728874,90291728871,-3,1042,2094
90293258415,90293258410,-5,1203,2333
90294796977,90294796973,-4,1048,2641
90296905585,90296905581,-4,1126,2557
90300098668,90300098662,-6,1613,8270
90300142142,90300142157,15,15888,46739
90312308391,90312308385,-6,1396,5530
90313591269,90313591266,-3,1189,2993
90321807316,90321807313,-3,1111,2330
90324170375,90324170371,-4,1237,2948
90324485033,90324485054,21,638,1226
90325033649,90325033645,-4,849,3236
90328512845,90328512839,-6,1070,2673
90330317133,90330317130,-3,1186,2412
90339121436,90339121433,-3,1115,2678
90339253582,90339253578,-4,526,787
90341089910,90341089914,4,1776,1058
90343945878,90343945873,-5,947,3405
90347039062,90347039056,-6,1399,5101
90351181844,90351181840,-4,1075,2799
90353108355,90353108349,-6,1030,2610
90353209609,90353209598,-11,308,838
90354679789,90354679782,-7,897,4399
90354764675,90354764674,-1,1778,2747
90354980798,90354980793,-5,737,2224
90356976775,90356976766,-9,946,2612
90358615642,90358615638,-4,799,1636
90359474078,90359474074,-4,1139,3319
90363717575,90363717570,-5,900,3065
90364407333,90364407328,-5,1096,2694
90369031647,90369031642,-5,655,1851
90393050974,90393050970,-4,198,1442
90393608678,90393608683,5,1658,813
90395131126,90395131124,-2,1653,3590
90400699602,90400699599,-3,963,3346
90414925887,90414925884,-3,726,2269
90415266415,90415266410,-5,1173,3234
90415944963,90415944963,0,2717,4011
90416897938,90416897932,-6,1005,3810
90420247306,90420247302,-4,712,2475
90432015948,90432015942,-6,754,1867
90432753439,90432753433,-6,1328,2662
90432932979,90432932994,15,697,1581
90433419143,90433419138,-5,1092,4213
90433848310,90433848311,1,22389,16625
90437765889,90437765889,0,1570,1781
90446757351,90446757346,-5,813,3196
90449714362,90449714357,-5,1315,3300
90452922426,90452922422,-4,1314,2533
90455431154,90455431149,-5,1232,3802
90456683215,90456683210,-5,854,3003
90457485451,90457485446,-5,1044,3543
90458389268,90458389284,16,505,1737
90463343546,90463343542,-4,1223,3605
90466847598,90466847593,-5,1022,3632
90468817747,90468817742,-5,528,2426
90471799382,90471799390,8,6106,2202
90473628822,90473628824,2,1472,4163
90476636709,90476636705,-4,1218,3668
90480369532,90480369528,-4,1203,2822
90482447922,90482447917,-5,970,2318
90484940123,90484940118,-5,726,3321
90485435698,90485435683,-15,239,993
90488553878,90488553891,13,1179,2600
90504863178,90504863174,-4,737,2265
90508539439,90508539436,-3,909,2462
90512182433,90512182430,-3,936,3626
90519680891,90519680889,-2,508,2442
90520067123,90520067129,6,229,1247
90527413514,90527413509,-5,934,3026
90532520047,90532520043,-4,1058,2589
90535228471,90535228467,-4,1134,3045
90536893750,90536893735,-15,105,1109
90539278095,90539278092,-3,724,2587
90547510152,90547510145,-7,850,2663
90554964100,90554964096,-4,1128,2866
90561771397,90561771393,-4,617,2683
90562306435,90562306429,-6,998,1977
90562387195,90562387190,-5,1394,4452
90564999479,90564999470,-9,1268,3030
90566886278,90566886273,-5,715,2621
90566970513,90566970507,-6,1267,3130
90569930813,90569930811,-2,1045,1710
90577753600,90577753593,-7,869,3730
90582179032,90582179032,0,1662,2837
90583172226,90583172214,-12,247,1247
90587467529,90587467534,5,4600,2463
90593368897,90593368893,-4,809,1897
90597768691,90597768686,-5,1193,3703
90597879356,90597879341,-15,701,1747
90600673338,90600673331,-7,1131,3974
90606394582,90606394578,-4,1454,4150
90611121927,90611121920,-7,816,3660
90611332858,90611332879,21,1479,2215
90615984602,90615984597,-5,861,2976
90616505530,90616505526,-4,709,2412
90620867534,90620867530,-4,883,2861
90622491682,90622491698,16,317,1094
90624739879,90624739873,-6,1042,3596
90628292243,90628292239,-4,951,2757
90636633226,90636633219,-7,1046,3042
90639871403,90639871397,-6,1043,2767
90656065850,90656065845,-5,800,2164
90659186153,90659186135,-18,3750,2970
90661108198,90661108194,-4,1418,2513
90669927946,90669927940,-6,907,3872
90670839286,90670839279,-7,990,3690
90671460113,90671460108,-5,1375,3500
90672132402,90672132398,-4,913,2374
90673500376,90673500358,-18,789,2049
90676397082,90676397078,-4,1565,3407
90686096783,90686096774,-9,953,3981
90693883502,90693883497,-5,1416,3610
90700858372,90700858367,-5,1130,4673
90701218517,90701218511,-6,1217,3251
90704203470,90704203466,-4,842,1735
90707104351,90707104346,-5,1286,3005
90708665847,90708665842,-5,856,3659
90709885267,90709885262,-5,998,2641
90711044145,90711044139,-6,550,2646
90718348327,90718348323,-4,1369,3732
90724851969,90724851964,-5,854,2853
90725459987,90725459982,-5,956,2896
90727006475,90727006469,-6,1224,4688
90727432655,90727432649,-6,1411,2984
90732254450,90732254446,-4,1229,3035
90733472619,90733472623,4,1019,18152
90737354511,90737354507,-4,1188,3458
90739619822,90739619817,-5,1010,3203
90741064709,90741064705,-4,1010,3306
90742108354,90742108354,0,2307,1181
90743393223,90743393218,-5,930,2762
90749086604,90749086598,-6,881,2962
90749467362,90749467379,17,1667,3696
90749590473,90749590453,-20,189,1323
90753126097,90753126103,6,2262,1089
90756131674,90756131669,-5,817,4184
90756388355,90756388370,15,964,2453
90759335129,90759335125,-4,719,2640
90760432243,90760432244,1,1259,1971
90770849939,90770849935,-4,974,2664
90771095193,90771095209,16,289,1151
90779521723,90779521716,-7,620,2284
90780002462,90780002458,-4,925,1747
90782495274,90782495270,-4,1290,3649
90784060439,90784060434,-5,1439,3584
90786553336,90786553333,-3,1253,2095
90788263938,90788263933,-5,1270,3474
90802284355,90802284350,-5,992,3909
90803366455,90803366449,-6,1032,3223
90810307238,90810307233,-5,1003,3271
90816589442,90816589441,-1,976,3061
90823102687,90823102683,-4,1300,3895
90823733811,90823733831,20,638,1990
90828999283,90828999277,-6,1137,2354
90829320618,90829320614,-4,937,3297
90829621457,90829621437,-20,1123,1440
90830983935,90830983926,-9,707,1291
90834640089,90834640084,-5,1733,3549
90842034469,90842034467,-2,930,1973
90847448468,90847448461,-7,1018,2045
90849102892,90849102888,-4,1056,2943
90851203763,90851203758,-5,916,2439
90851272523,90851272538,15,237,1036
90857340031,90857340028,-3,1081,2624
90859459264,90859459265,1,1287,1831
90861466071,90861466066,-5,1423,2687
90861934185,90861934206,21,987,3091
90867056606,90867056601,-5,879,3184
90867641075,90867641093,18,667,2181
90867836441,90867836436,-5,1231,3967
90871449850,90871449846,-4,1167,3036
90874994540,90874994543,3,1459,1006
90876679141,90876679145,4,1862,1494
90876763718,90876763714,-4,942,3060
90877082265,90877082249,-16,895,3083
90880965194,90880965189,-5,1052,2867
90885478290,90885478287,-3,1563,2705
90885636064,90885636058,-6,787,2359
90887856973,90887856969,-4,1241,3422
90895483508,90895483516,8,18270,26553
90896661225,90896661221,-4,1153,2592
90898009742,90898009735,-7,1601,3816
90900849479,90900849473,-6,1179,3138
90901255706,90901255701,-5,1698,8845
90902646255,90902646251,-4,823,3663
90910822149,90910822142,-7,343,2467
90910957731,90910957726,-5,1165,3072
90914588708,90914588696,-12,1745,522
90915874315,90915874312,-3,762,1680
90918465479,90918465474,-5,1057,3864
90919745287,90919745293,6,4812,2738
90920186907,90920186901,-6,720,2445
90924168386,90924168382,-4,1109,2528
90925179247,90925179242,-5,1279,3343
90927938884,90927938881,-3,622,1859
90933931798,90933931793,-5,1149,3124
90934545963,90934545958,-5,684,2976
90934603827,90934603845,18,21,1132
90935968731,90935968725,-6,1101,2553
90937190206,90937190202,-4,1369,5284
90938043125,90938043121,-4,710,2117
90938227563,90938227554,-9,762,1978
90939838654,90939838649,-5,1257,3189
90945489473,90945489467,-6,887,2818
90950850458,90950850453,-5,1315,3453
90962129435,90962129431,-4,965,2005
90964839929,90964839926,-3,1103,2059
90968748410,90968748407,-3,1477,1891
90970025605,90970025598,-7,725,2115
90971307993,90971307989,-4,1191,2610
90974152004,90974151999,-5,1161,4069
90976385180,90976385174,-6,1649,10126
90978309809,90978309802,-7,1326,3748
90984028819,90984028814,-5,1036,3074
90988873411,90988873417,6,999,799
90989025979,90989025986,7,24133,1273
90991451746,90991451741,-5,1411,3852
90993998830,90993998830,0,1713,2389
90994452107,90994452108,1,8339,16329
90994848752,90994848769,17,369,1443
90996614267,90996614262,-5,1391,3857
91000535671,91000535666,-5,453,995
91002071753,91002071749,-4,1099,2742
91003144816,91003144803,-13,182,1247
91006246706,91006246701,-5,1193,3790
91013654296,91013654305,9,16805,50704
91014916851,91014916848,-3,661,2343
91019243502,91019243497,-5,1302,3805
91019491922,91019491922,0,47,1306
91019699352,91019699346,-6,340,924
91021933993,91021933988,-5,1014,3242
91022987670,91022987664,-6,1017,2985
91023333197,91023333192,-5,1180,3353
91024981321,91024981317,-4,835,2228
91029634081,91029634074,-7,1311,4061
91032562259,91032562255,-4,1165,3738
91036638286,91036638282,-4,1049,3355
91041019918,91041019914,-4,933,2296
91041147630,91041147625,-5,670,2201
91045758307,91045758301,-6,943,2847
91046798533,91046798539,6,2290,851
91055332262,91055332254,-8,995,2367
91055452439,91055452435,-4,1236,2862
91060145461,91060145457,-4,634,2500
91060639930,91060639949,19,276,1023
91064154083,91064154077,-6,998,3534
91067246519,91067246516,-3,770,2098
91071921881,91071921877,-4,1329,4864
91072812926,91072812922,-4,905,3445
91073292434,91073292429,-5,1020,3052
91073796552,91073796558,6,198,1171
91076978546,91076978542,-4,760,3499
91078458224,91078458219,-5,991,3016
91080322704,91080322699,-5,967,2894
91085894643,91085894648,5,2584,1785
91086980829,91086980825,-4,762,2173
91087487201,91087487195,-6,278,1636
91087640680,91087640662,-18,272,1312
91088602931,91088602926,-5,958,2019
91088637006,91088637010,4,3421,2467
91089406122,91089406120,-2,1036,2453
91090366871,91090366865,-6,1495,3568
91095671329,91095671335,6,3643,1621
91113301345,91113301340,-5,1269,4913
91115346926,91115346930,4,4181,2442
91118335761,91118335757,-4,1163,3090
91127373014,91127373009,-5,993,2377
91135227675,91135227672,-3,970,2544
91138414722,91138414723,1,1501,1355
91140464075,91140464071,-4,1349,4338
91141239731,91141239727,-4,1434,2968
91151225130,91151225126,-4,1303,3285
91152319251,91152319246,-5,798,3678
91153538115,91153538121,6,2833,2107
91159369799,91159369795,-4,942,2856
91174246106,91174246101,-5,908,2611
91176581102,91176581099,-3,380,1436
91177149929,91177149924,-5,1436,3433
91177214528,91177214531,3,2605,1843
91185582271,91185582265,-6,1091,3766
91186014147,91186014138,-9,113,572
91186668742,91186668737,-5,1036,2806
91188197182,91188197177,-5,711,2239
91191475561,91191475555,-6,1026,2843
91191540923,91191540921,-2,1716,3788
91194730988,91194730985,-3,1071,1836
91196261149,91196261145,-4,852,2334
91200922686,91200922682,-4,1249,3269
91201782195,91201782210,15,305,1398
91204228019,91204228016,-3,622,2026
91205916719,91205916721,2,790,1306
91214880667,91214880663,-4,955,3406
91216354115,91216354110,-5,834,2360
91220815638,91220815634,-4,667,3663
91230980210,91230980205,-5,1038,3075
91232477095,91232477091,-4,1533,2967
91240546007,91240546002,-5,783,2331
91249361915,91249361910,-5,894,3243
91249416611,91249416628,17,1096,3701
91249610761,91249610780,19,788,2131
91252570579,91252570573,-6,678,2628
91252797594,91252797611,17,1029,3727
91257000658,91257000653,-5,889,2419
91258953925,91258953920,-5,984,3253
91260960441,91260960461,20,745,1561
91261050988,91261050984,-4,1175,2554
91278460179,91278460174,-5,824,2898
91291499176,91291499170,-6,1256,2623
91296097378,91296097396,18,369,1448
91296492381,91296492376,-5,1188,3583
91297511962,91297511957,-5,572,1511
91297689025,91297689018,-7,1124,2434
91297919380,91297919374,-6,910,2907
91303290255,91303290250,-5,1070,2857
91303926065,91303926059,-6,852,2657
91305915146,91305915150,4,2016,1346
91310021789,91310021786,-3,1442,3281
91311534525,91311534519,-6,833,3037
91312814124,91312814122,-2,1164,1775
91313386978,91313386984,6,2753,1630
91320387542,91320387538,-4,992,2849
91325176919,91325176914,-5,984,3390
91325616524,91325616542,18,865,2362
91328466622,91328466618,-4,627,1452
91329581443,91329581439,-4,1103,2257
91339057779,91339057773,-6,1043,2838
91339603129,91339603122,-7,843,2994
91344575019,91344575014,-5,1120,2683
91344821044,91344821061,17,110,912
91345720386,91345720399,13,529,2126
91347447638,91347447649,11,11937,43927
91350063134,91350063129,-5,1199,3537
91353699395,91353699389,-6,921,2549
91359021471,91359021466,-5,613,2352
91361552730,91361552724,-6,1513,3082
91370720704,91370720700,-4,1056,2612
91372223086,91372223079,-7,244,1055
91379120779,91379120774,-5,920,2664
91380460798,91380460792,-6,1032,3382
91380786064,91380786049,-15,910,2964
91392949837,91392949836,-1,1557,2237
91393681814,91393681809,-5,1097,2537
91394682138,91394682145,7,4015,1703
91396514760,91396514754,-6,964,2312
91404022615,91404022609,-6,790,2006
91404443355,91404443347,-8,50,906
91404612724,91404612737,13,191,842
91405959808,91405959794,-14,942,2848
91407919418,91407919417,-1,976,2380
91410257439,91410257453,14,308,900
91413696134,91413696129,-5,46054,18747
91418376079,91418376075,-4,830,3079
91422204758,91422204754,-4,1311,2735
91428674642,91428674636,-6,1047,2761
91428703540,91428703535,-5,1425,2944
91430198475,91430198471,-4,915,3027
91430678596,91430678614,18,271,881
91432177901,91432177895,-6,1264,4530
91432299940,91432299933,-7,195,1204
91440643976,91440643971,-5,963,3824
91440932912,91440932931,19,164,1005
91447532014,91447532021,7,1696,934
91453946887,91453946883,-4,1397,2732
91461486522,91461486518,-4,1252,4239
91467865504,91467865499,-5,1341,3258
91468098186,91468098205,19,410,1158
91468412061,91468412056,-5,12478,36439
91477968234,91477968229,-5,406,1657
91479909675,91479909671,-4,1161,2825
91481645853,91481645849,-4,1362,3785
91494271386,91494271387,1,1475,1324
91494864044,91494864037,-7,1277,4722
91497777125,91497777120,-5,1168,2903
91501687187,91501687183,-4,865,3191
91505293028,91505293023,-5,1203,3437
91510293104,91510293099,-5,1174,3007
91513123615,91513123612,-3,794,2185
91514889219,91514889218,-1,923,1423
91515672314,91515672308,-6,1202,3471
91516655523,91516655506,-17,221,794
91518358601,91518358597,-4,1010,3804
91523636749,91523636746,-3,1070,1898
91525291054,91525291049,-5,853,2515
91527383868,91527383866,-2,1130,3189
91533594347,91533594343,-4,1442,3088
91533950596,91533950592,-4,1315,3038
91535395562,91535395558,-4,23,771
91539801707,91539801712,5,3353,1372
91541569463,91541569458,-5,916,2593
91541842463,91541842459,-4,970,2670
91542026992,91542027011,19,263,1281
91549660350,91549660352,2,1297,2435
91550613850,91550613845,-5,990,2101
91560309269,91560309265,-4,1341,4451
91583595151,91583595132,-19,118,1165
91584577826,91584577844,18,976,3401
91585967063,91585967058,-5,1250,2479
91586734678,91586734673,-5,750,1594
91590811492,91590811488,-4,699,2168
91591523497,91591523498,1,1263,1545
91594792996,91594793018,22,453,1516
91601444722,91601444718,-4,869,1940
91602061390,91602061370,-20,719,210
91603205337,91603205332,-5,1143,3470
91603642450,91603642446,-4,769,3170
91603900376,91603900378,2,138,1013
91608012386,91608012381,-5,1395,3789
91610435159,91610435155,-4,912,2733
91618208047,91618208042,-5,1198,2529
91622157466,91622157462,-4,846,2754
91623648300,91623648294,-6,1618,3973
91627327210,91627327206,-4,1046,2966
91629483307,91629483302,-5,1041,2297
91639291982,91639291977,-5,1022,2906
91639651430,91639651443,13,10532,48383
91643642148,91643642155,7,6905,2533
91643916722,91643916727,5,6794,3200
91645036157,91645036150,-7,825,2696
91646619129,91646619124,-5,1113,4210
91649025391,91649025388,-3,772,2889
91649346338,91649346359,21,433,1121
91649786647,91649786643,-4,936,2867
91650795532,91650795527,-5,1287,3532
91654509765,91654509760,-5,836,2505
91654656043,91654656058,15,1353,3850
91665970046,91665970042,-4,966,3718
91673757938,91673757933,-5,747,3106
91677011923,91677011917,-6,874,2306
91693576643,91693576648,5,3253,1123
91696256849,91696256849,0,1082,1912
91696959448,91696959468,20,464,2643
91705008465,91705008462,-3,1084,2686
91707841793,91707841790,-3,985,2970
91710587086,91710587082,-4,731,1399
91712017535,91712017533,-2,1201,2983
91714469461,91714469458,-3,1158,3718
91718166231,91718166226,-5,699,2676
91721941597,91721941605,8,11838,2835
91723111491,91723111492,1,1471,2188
91727865262,91727865257,-5,811,2958
91734648460,91734648455,-5,913,3554
91735922510,91735922517,7,3461,1621
91743546931,91743546926,-5,871,2633
91744008379,91744008398,19,583,3435
91745127762,91745127756,-6,1298,3919
91748577357,91748577353,-4,1050,3601
91749012254,91749012259,5,4082,3458
91755495069,91755495065,-4,1301,4814
91762829714,91762829709,-5,988,3071
91764430678,91764430673,-5,974,4114
91765153489,91765153483,-6,1264,3970
91765972301,91765972302,1,1521,1638
91768987371,91768987367,-4,1190,5233
91772987817,91772987812,-5,1051,3166
91775873086,91775873087,1,1837,2392
91776932178,91776932165,-13,802,1908
91780908862,91780908870,8,12074,43602
91783078147,91783078142,-5,1065,3516
91786153637,91786153633,-4,1024,2889
91786486828,91786486847,19,332,928
91795177366,91795177362,-4,1370,2516
91796496579,91796496574,-5,1042,3101
91798421989,91798421986,-3,2417,4647
91800643121,91800643117,-4,684,2828
91802988707,91802988713,6,3480,2139
91804192722,91804192718,-4,998,2414
91808656060,91808656065,5,48095,28462
91809601866,91809601862,-4,1119,3542
91810539762,91810539750,-12,1061,2479
91810700827,91810700842,15,521,2037
91812640866,91812640862,-4,1309,3504
91814061843,91814061838,-5,1339,4058
91815828459,91815828454,-5,1311,3833
91818764458,91818764452,-6,927,3178
91820831442,91820831438,-4,554,2024
91824978824,91824978823,-1,2962,4690
91828275018,91828275013,-5,1376,4422
91829903965,91829903966,1,1670,2196
91830379426,91830379407,-19,193,1001
91831327094,91831327090,-4,1020,2378
91831626919,91831626913,-6,931,2578
91835386971,91835386982,11,62,1771
91836275482,91836275477,-5,793,2417
91839094079,91839094073,-6,1343,4465
91839541745,91839541750,5,12,840
91841142078,91841142074,-4,841,2742
91843238070,91843238069,-1,989,2090
91849843401,91849843395,-6,1022,1707
91849923155,91849923155,0,85,1008
91850728670,91850728666,-4,960,3456
91851175982,91851175979,-3,885,1723
91851310272,91851310274,2,4620,4831
91853120903,91853120898,-5,1397,4653
91855309615,91855309610,-5,496,2187
91855412547,91855412564,17,744,2702
91861431357,91861431366,9,2546,1006
91862037935,91862037929,-6,1267,4039
91862249483,91862249478,-5,1007,2784
91864229131,91864229129,-2,877,1940
91870243723,91870243717,-6,1462,3686
91881125874,91881125868,-6,1075,2842
91881374458,91881374453,-5,1170,2563
91883083130,91883083125,-5,1151,2380
91883736867,91883736882,15,536,1327
91889607706,91889607699,-7,918,3456
91891642536,91891642552,16,977,2149
91891826035,91891826050,15,1313,4512
91894221602,91894221597,-5,1120,3442
91894364729,91894364725,-4,784,2097
91894669602,91894669581,-21,838,2887
91895328137,91895328155,18,353,1308
91896398355,91896398350,-5,1102,3994
91899909593,91899909589,-4,794,2510
91907348749,91907348745,-4,866,3014
91915587774,91915587769,-5,836,3391
91915850123,91915850118,-5,1005,3478
91919184610,91919184605,-5,942,2246
91920268954,91920268950,-4,693,2823
91927986345,91927986341,-4,713,2342
91931557498,91931557503,5,2175,612
91934546910,91934546905,-5,769,2932
91934973851,91934973845,-6,1189,4108
91935306420,91935306433,13,777,1749
91936485828,91936485829,1,2013,2327
91938147194,91938147189,-5,781,2204
91940832760,91940832756,-4,1333,3264
91942805827,91942805822,-5,848,2917
91943431675,91943431669,-6,628,1804
91943465203,91943465214,11,122,853
91958782903,91958782910,7,3802,1442
91959566748,91959566741,-7,2222,10278
91962944721,91962944716,-5,1793,4521
91963585163,91963585162,-1,756,1730
91964056573,91964056570,-3,787,1242
91970063597,91970063590,-7,2468,8782
91975008950,91975008946,-4,647,2594
91975150043,91975150061,18,492,1846
91979512947,91979512941,-6,827,3567
91988437222,91988437210,-12,10576,39375
91999139230,91999139225,-5,1498,4138
92015855763,92015855757,-6,1001,3830
92024938806,92024938801,-5,632,2299
92025450552,92025450542,-10,110,1196
92025723795,92025723803,8,407,1157
92025919139,92025919126,-13,977,2565
92036622586,92036622580,-6,1113,2631
92039474953,92039474949,-4,956,2510
92039820912,92039820935,23,316,1128
92040837414,92040837409,-5,2228,5818
92042728713,92042728707,-6,955,2245
92043679234,92043679255,21,764,4113
92054568630,92054568629,-1,1700,3040
92055391909,92055391904,-5,1123,2898
92056032491,92056032498,7,2369,1269
92057913626,92057913622,-4,854,2853
92059195190,92059195185,-5,668,2695
92061505865,92061505864,-1,2058,2384
92066089214,92066089210,-4,802,1585
92066824448,92066824439,-9,446,811
92069594743,92069594746,3,1429,1668
92073158645,92073158641,-4,729,2243
92074040891,92074040887,-4,1046,3172
92084203494,92084203487,-7,546,1105
92086405024,92086405019,-5,1130,3345
92087831748,92087831741,-7,722,2982
92088778954,92088778946,-8,1122,4013
92089295708,92089295703,-5,929,2846
92094848521,92094848515,-6,808,3819
92101295786,92101295795,9,10307,28633
92117173058,92117173054,-4,661,2756
92118195204,92118195198,-6,1015,3113
92118837992,92118837997,5,319,1333
92120292883,92120292879,-4,1065,3089
92122545578,92122545579,1,1553,1783
92129217699,92129217694,-5,924,3280
92138305222,92138305218,-4,745,3370
92141904937,92141904942,5,4727,2891
92143896514,92143896509,-5,1398,3955
92148447762,92148447756,-6,1012,2731
92148888167,92148888162,-5,1046,3175
92151385089,92151385086,-3,1468,2148
92156600769,92156600764,-5,1294,3525
92158929037,92158929030,-7,778,4102
92163272855,92163272852,-3,914,3193
92166940297,92166940296,-1,3000,3541
92174474924,92174474919,-5,825,2749
92176200031,92176200021,-10,847,3418
92180608824,92180608821,-3,57339,25919
92181987868,92181987867,-1,2008,2490
92190659064,92190659087,23,1308,2471
92192438895,92192438889,-6,832,3098
92192878892,92192878886,-6,1768,4555
92195471308,92195471306,-2,800,2688
92197189002,92197189001,-1,1228,2451
92202884741,92202884738,-3,949,2706
92205817577,92205817576,-1,2224,3407
92209399596,92209399592,-4,821,2077
92210263824,92210263819,-5,1490,3569
92215552637,92215552642,5,5534,2533
92226397471,92226397466,-5,1143,4175
92226532810,92226532804,-6,954,2879
92228762001,92228761998,-3,1293,2666
92230985732,92230985732,0,1132,1476
92238867856,92238867854,-2,982,2768
92245149642,92245149638,-4,801,2962
92246594035,92246594023,-12,100,1028
92246680193,92246680213,20,877,2933
92248643067,92248643062,-5,994,2416
92251000626,92251000618,-8,951,2763
92252939037,92252939038,1,946,1067
92254109965,92254109958,-7,1285,3516
92254245249,92254245249,0,41,693
92254659944,92254659966,22,775,3046
92255382983,92255382985,2,1466,1399
92259721641,92259721634,-7,704,2469
92260167887,92260167883,-4,1071,3184
92264853327,92264853328,1,1585,1868
92266752322,92266752318,-4,628,2309
92271401613,92271401607,-6,1075,3366
92276668127,92276668123,-4,1161,2139
92284533635,92284533630,-5,936,4344
92284907790,92284907785,-5,913,2920
92292520828,92292520823,-5,718,2481
92293114659,92293114651,-8,352,989
92298902566,92298902562,-4,1011,2597
92300350791,92300350786,-5,805,4016
92309039730,92309039726,-4,1381,2349
92316427369,92316427365,-4,1007,2877
92318463927,92318463924,-3,1119,2539
92327721582,92327721579,-3,736,2717
92329718934,92329718930,-4,1527,3358
92330266777,92330266771,-6,1143,4049
92334296915,92334296920,5,2519,920
92335478969,92335478961,-8,817,4115
92336682310,92336682308,-2,992,2485
92337585740,92337585736,-4,1322,3320
92339127985,92339127982,-3,877,2831
92340182090,92340182079,-11,180,864
92341879742,92341879739,-3,1075,2315
92343004431,92343004425,-6,1354,3944
92344513606,92344513602,-4,1055,2772
92345397466,92345397462,-4,815,1847
92346563319,92346563315,-4,1416,2356
92351189812,92351189829,17,1000,3296
92354037154,92354037168,14,8979,51129
92356613141,92356613120,-21,1232,1119
92358956566,92358956571,5,2970,2284
92359828539,92359828546,7,4407,1396
92360222083,92360222077,-6,790,2309
92360588351,92360588346,-5,1103,2715
92361542295,92361542289,-6,907,3014
92362177849,92362177850,1,2580,1551
92364165639,92364165633,-6,1441,3243
92365825941,92365825936,-5,1252,3863
92371936011,92371936008,-3,880,2322
92372186458,92372186457,-1,1019,1821
92372389283,92372389273,-10,1011,1526
92379434351,92379434345,-6,1083,4169
92383065927,92383065929,2,1707,2397
92386559438,92386559434,-4,1132,3701
92391448178,92391448177,-1,1302,2364
92399376620,92399376614,-6,961,4180
92402458158,92402458153,-5,1500,3549
92403703375,92403703369,-6,974,3804
92410653678,92410653673,-5,1040,3544
92411651287,92411651282,-5,1222,3387
92413701772,92413701767,-5,914,3631
92414116227,92414116221,-6,998,3272
92418508550,92418508546,-4,1224,3143
92421179353,92421179348,-5,844,2479
92424031223,92424031217,-6,870,3411
92430172422,92430172417,-5,1038,3343
92436110056,92436110050,-6,1591,4283
92436255309,92436255304,-5,974,3540
92436476133,92436476126,-7,3097,8377
92440573429,92440573431,2,8655,7378
92442621322,92442621316,-6,837,2595
92445659229,92445659235,6,5300,2903
92445971938,92445971931,-7,23591,12878
92450704141,92450704134,-7,1105,3751
92450931386,92450931382,-4,1037,3541
92452719120,92452719114,-6,910,2205
92454791715,92454791714,-1,1719,2612
92455358613,92455358607,-6,976,2087
92456895570,92456895565,-5,1011,3532
92462283183,92462283183,0,3462,4273
92463127475,92463127470,-5,885,2987
92467055814,92467055810,-4,1074,3242
92467236317,92467236311,-6,1244,4329
92468398538,92468398533,-5,735,1985
92471612263,92471612259,-4,1762,5655
92472153956,92472153963,7,2218,740
92486136142,92486136137,-5,618,1722
92489644508,92489644504,-4,783,2861
92495824513,92495824508,-5,877,2448
92496894216,92496894229,13,194,1030
92500798847,92500798841,-6,836,2721
92509715354,92509715350,-4,1160,3029
92510518870,92510518866,-4,1230,4504
92515454155,92515454150,-5,844,2153
92521643897,92521643893,-4,1190,2121
92522285735,92522285730,-5,563,1072
92524135955,92524135954,-1,1030,2065
92524252952,92524252961,9,8692,35951
92530305057,92530305051,-6,715,3137
92540443422,92540443416,-6,837,2164
92544021762,92544021754,-8,1257,4085
92547473703,92547473714,11,836,2633
92549051881,92549051881,0,1979,2367
92552357185,92552357179,-6,1226,4300
92562397919,92562397914,-5,1408,2587
92563677242,92563677239,-3,1214,3038
92564307888,92564307870,-18,18,1037
92565777763,92565777758,-5,1374,2934
92570929811,92570929807,-4,760,2528
92573987053,92573987046,-7,1401,5247
92574545698,92574545719,21,352,1593
92575543279,92575543278,-1,889,1518
92577658592,92577658583,-9,1023,3140
92577695576,92577695590,14,527,2429
92582886374,92582886371,-3,862,3733
92587804607,92587804602,-5,921,2997
92587862756,92587862766,10,331,1807
92588013119,92588013114,-5,1450,3612
92589139053,92589139049,-4,1404,3609
92590272875,92590272874,-1,3890,6308
92603818794,92603818786,-8,1036,3471
92604647201,92604647221,20,764,3226
92606668170,92606668164,-6,849,2882
92608203790,92608203786,-4,880,3665
92609026626,92609026645,19,558,1469
92610732499,92610732495,-4,718,1598
92612646254,92612646250,-4,1108,3212
92614486570,92614486566,-4,717,2653
92615537414,92615537408,-6,1018,3677
92616029820,92616029835,15,384,1422
92626587408,92626587402,-6,1043,3543
92628384111,92628384091,-20,979,1136
92635240300,92635240297,-3,807,2312
92635810386,92635810367,-19,1405,3856
92635863927,92635863921,-6,1108,2379
92636430594,92636430589,-5,1112,3042
92654278440,92654278434,-6,1326,4256
92655000766,92655000762,-4,972,2124
92660784333,92660784328,-5,1126,3489
92661541162,92661541155,-7,929,2834
92662430628,92662430631,3,36,612
92674663010,92674663007,-3,1227,2901
92684966684,92684966682,-2,2154,3545
92686616257,92686616260,3,1761,1492
92687361006,92687361006,0,968,2135
92688876282,92688876276,-6,1011,2800
92694712949,92694712944,-5,3233,49069
92695883747,92695883741,-6,994,2888
92699339942,92699339940,-2,1189,2460
92701715329,92701715325,-4,951,2876
92708325012,92708325011,-1,1401,2717
92712104375,92712104370,-5,1035,2875
92712507361,92712507353,-8,1131,2752
92714168859,92714168863,4,3349,1805
92715850022,92715850031,9,15957,23502
92716010546,92716010549,3,1107,838
92718234990,92718234985,-5,941,3220
92721683011,92721683031,20,504,2508
92730698382,92730698398,16,714,2338
92732144897,92732144893,-4,1060,3149
92734743438,92734743434,-4,1205,2844
92736792707,92736792710,3,3233,2857
92744487064,92744487070,6,7256,2254
92746946006,92746946002,-4,1121,3131
92754881754,92754881748,-6,994,4251
92756976506,92756976499,-7,1540,6926
92757175585,92757175598,13,558,2873
92758974131,92758974126,-5,912,1337
92759140947,92759140950,3,25497,20796
92760953015,92760953009,-6,1166,2318
92762221975,92762221970,-5,1158,2319
92765672338,92765672334,-4,488,1264
92766160473,92766160458,-15,214,1081
92769500251,92769500245,-6,1161,4861
92769594739,92769594741,2,288,1134
92772594445,92772594439,-6,875,2477
92781736035,92781736028,-7,1508,5462
92783271232,92783271248,16,268,855
92787067969,92787067964,-5,1166,2834
92789795168,92789795175,7,2858,1205
92790691920,92790691916,-4,1149,3040
92791258777,92791258773,-4,165,994
92792525894,92792525890,-4,1043,2902
92794303306,92794303322,16,388,1453
92801645251,92801645245,-6,1251,3718
92803394728,92803394723,-5,1075,3393
92803871482,92803871488,6,2405,1895
92804503340,92804503335,-5,724,2424
92812832022,92812832019,-3,841,2553
92818418518,92818418513,-5,1037,3351
92823330098,92823330092,-6,1096,3660
92824059193,92824059214,21,1080,3306
92824641809,92824641828,19,722,2598
92830580807,92830580802,-5,1083,3129
92833056365,92833056361,-4,588,2662
92839332513,92839332508,-5,1212,2717
92841927791,92841927786,-5,911,2099
92848731642,92848731640,-2,680,1818
92850623617,92850623610,-7,915,2590
92856018085,92856018081,-4,1338,2694
92856877865,92856877860,-5,1275,3421
92858840164,92858840159,-5,756,3208
92860396063,92860396059,-4,834,2449
92864318153,92864318148,-5,537,2315
92864449315,92864449335,20,498,1339
92879583757,92879583752,-5,957,2574
92884456509,92884456519,10,13744,25692
92884637950,92884637944,-6,934,3124
92887092854,92887092849,-5,1111,3561
92889688355,92889688349,-6,798,2758
92890348227,92890348231,4,3459,2232
92894091501,92894091496,-5,848,2197
92896563375,92896563370,-5,511,1712
92896592626,92896592637,11,487,2815
92897091874,92897091870,-4,905,3330
92899375921,92899375921,0,1699,1760
92900049626,92900049623,-3,1035,2997
92908869944,92908869957,13,233,721
92913639359,92913639352,-7,1155,3740
92914971434,92914971438,4,1041,915
92915436193,92915436176,-17,251,1063
92924085816,92924085812,-4,931,2623
92926240830,92926240833,3,1252,1081
92926782371,92926782361,-10,1005,3943
92927058492,92927058489,-3,1261,1809
92930608454,92930608454,0,1212,2200
92939368499,92939368494,-5,1331,4452
92941664952,92941664948,-4,1018,4126
92949743602,92949743597,-5,737,2983
92953995014,92953995009,-5,896,2750
92957703740,92957703734,-6,950,2723
92958717822,92958717818,-4,964,2127
92958858000,92958857999,-1,74,695
92963522099,92963522094,-5,1187,1976
92964877442,92964877437,-5,834,1982
92966155741,92966155735,-6,1114,2930
92972562975,92972562969,-6,861,2610
92974799063,92974799058,-5,1263,4611
92985677944,92985677952,8,5945,1186
92987092451,92987092446,-5,1079,2984
92992972546,92992972541,-5,1200,2902
92997385485,92997385481,-4,849,1437
92999896347,92999896343,-4,1035,3744
93004270474,93004270469,-5,656,2579
93008577382,93008577377,-5,849,2476
93009008297,93009008317,20,1009,3540
93011798525,93011798525,0,2278,3789
93016387714,93016387709,-5,1098,2441
93020728575,93020728572,-3,745,1510
93022671467,93022671456,-11,1050,3677
93022817649,93022817670,21,508,2712
93024857947,93024857947,0,1468,1976
93034573242,93034573246,4,2870,2024
93037456418,93037456413,-5,769,3149
93037786859,93037786853,-6,813,3025
93038151473,93038151467,-6,1138,3179
93044318007,93044318002,-5,919,3902
93045003849,93045003871,22,568,2481
93051770906,93051770901,-5,1346,3562
93054555730,93054555725,-5,985,2698
93055407232,93055407227,-5,1166,3649
93057269602,93057269596,-6,781,3368
93059326205,93059326199,-6,1100,3466
93061498834,93061498829,-5,1373,3904
93069766266,93069766260,-6,586,1825
93069792647,93069792650,3,1642,1080
93069866270,93069866267,-3,952,1892
93070712166,93070712160,-6,939,3103
93072202307,93072202304,-3,1029,3243
93072750728,93072750709,-19,188,743
93074602147,93074602141,-6,753,2370
93075076170,93075076161,-9,38,793
93077701611,93077701607,-4,736,2344
93078851954,93078851971,17,494,2313
93086743794,93086743789,-5,992,3117
93088171319,93088171317,-2,1287,2327
93089746773,93089746768,-5,531,2381
93090880715,93090880727,12,1513,1010
93093650523,93093650523,0,1197,1912
93093773858,93093773875,17,867,2396
93094897247,93094897247,0,27932,22110
93095427205,93095427199,-6,996,3054
93098201050,93098201046,-4,1004,3178
93098845754,93098845749,-5,955,2899
93099648768,93099648775,7,453,926
93099707091,93099707088,-3,894,2782
93101017319,93101017312,-7,1187,3157
93111727637,93111727632,-5,820,2499
93114936150,93114936150,0,3163,2989
93121434445,93121434441,-4,1222,2477
93126922170,93126922165,-5,950,3344
93129775742,93129775737,-5,1298,3660
93130311694,93130311690,-4,640,2522
93131915306,93131915302,-4,1311,2428
93132237172,93132237190,18,244,797
93135926324,93135926327,3,7827,22572
93139788494,93139788490,-4,881,3736
93148207187,93148207181,-6,1023,2870
93149262681,93149262687,6,6614,2671
93150236602,93150236599,-3,1381,2241
93165079894,93165079886,-8,693,2643
93166434714,93166434709,-5,911,2413
93169579377,93169579373,-4,947,2933
93171263130,93171263125,-5,1461,2766
93184595579,93184595574,-5,1067,2387
93187348363,93187348358,-5,1135,2882
93188187234,93188187254,20,1241,2949
93190040133,93190040126,-7,1482,2627
93190665170,93190665170,0,720,1723
93190825370,93190825357,-13,61,923
93193256946,93193256940,-6,1272,3920
93199410094,93199410089,-5,808,3848
93200662878,93200662872,-6,1064,2999
93209655983,93209655987,4,4332,3431
93211420523,93211420518,-5,1083,3238
93213499886,93213499885,-1,1520,2596
93215939693,93215939708,15,18414,55522
93220083511,93220083491,-20,985,1593
93221428628,93221428624,-4,1075,3148
93221609226,93221609207,-19,350,1402
93222752295,93222752290,-5,419,978
93229078773,93229078768,-5,1016,3418
93229828315,93229828331,16,15,691
93236703163,93236703156,-7,1001,2401
93246623874,93246623870,-4,1045,4416
93247419545,93247419550,5,2467,1311
93253304113,93253304108,-5,1457,2715
93254963834,93254963833,-1,981,1921
93255056441,93255056437,-4,1189,2599
93256498230,93256498224,-6,1269,3617
93258564076,93258564079,3,33835,28238
93259501062,93259501057,-5,944,4582
93260916935,93260916942,7,2961,1050
93266502288,93266502282,-6,945,2837
93266986071,93266986066,-5,1150,2672
93267387562,93267387553,-9,1038,2521
93273056529,93273056522,-7,758,3947
93277275242,93277275237,-5,759,3292
93278938199,93278938195,-4,902,2086
93279070460,93279070473,13,918,2645
93283577538,93283577534,-4,1408,4093
93283944904,93283944921,17,1122,2265
93288266167,93288266163,-4,979,2393
93288310968,93288310990,22,869,1390
93301008714,93301008710,-4,1051,4310
93314152822,93314152821,-1,2036,4471
93327103067,93327103062,-5,718,2147
93327169957,93327169951,-6,1134,3104
93328894881,93328894878,-3,1130,2583
93331219917,93331219913,-4,1153,2371
93332580486,93332580479,-7,1581,4555
93337242102,93337242114,12,1735,328
93343482835,93343482841,6,14681,22050
93343964462,93343964458,-4,1144,2649
93345126162,93345126158,-4,956,2534
93345919866,93345919885,19,518,1405
93347847757,93347847757,0,2578,3716
93350477679,93350477673,-6,1017,2652
93350742323,93350742318,-5,1231,2397
93351598474,93351598494,20,430,913
93360193656,93360193652,-4,1113,2183
93363320671,93363320666,-5,865,3559
93364081531,93364081527,-4,876,2502
93368346709,93368346705,-4,840,2289
93368668770,93368668776,6,4832,2657
93376488071,93376488067,-4,758,2125
93376784729,93376784750,21,708,1169
93390287731,93390287733,2,1821,2109
93400255099,93400255093,-6,1029,2592
93404219885,93404219881,-4,774,2210
93404393486,93404393479,-7,1059,4677
93404674347,93404674349,2,1986,1866
93405203792,93405203787,-5,1242,2863
93415786471,93415786469,-2,755,2554
93417274436,93417274432,-4,965,2359
93423913942,93423913947,5,2722,1158
93429301341,93429301335,-6,1276,3978
93430320068,93430320083,15,512,2970
93433655574,93433655568,-6,1155,2884
93436752864,93436752882,18,331,1669
93437622890,93437622892,2,2508,2026
93441179510,93441179515,5,2738,1418
93455139394,93455139389,-5,1295,4088
93456154691,93456154686,-5,2840,6932
93458585275,93458585270,-5,1560,3484
93461825058,93461825050,-8,1099,4201
93463455470,93463455467,-3,760,3571
93466344058,93466344053,-5,1540,3708
93472799075,93472799069,-6,989,3133
93476023364,93476023359,-5,818,2129
93479160193,93479160187,-6,827,2470
93489401943,93489401938,-5,956,2616
93493052125,93493052127,2,2577,1736
93495357626,93495357619,-7,1016,4428
93495401380,93495401370,-10,908,1706
93496524845,93496524840,-5,1249,2996
93509919589,93509919586,-3,1004,2494
93514319972,93514319966,-6,1198,2461
93515361114,93515361110,-4,1122,2257
93521051732,93521051722,-10,127,1230
93522312484,93522312477,-7,34641,13980
93523041413,93523041409,-4,1354,1909
93525918857,93525918850,-7,712,1537
93530729533,93530729526,-7,1028,2534
93537677956,93537677951,-5,998,2543
93539331864,93539331878,14,239,812
93539541679,93539541658,-21,8117,6688
93541343223,93541343219,-4,794,3394
93542411245,93542411240,-5,997,4378
93548233613,93548233608,-5,949,2758
93549044854,93549044850,-4,777,2859
93552669390,93552669387,-3,943,2838
93554437307,93554437303,-4,933,2884
93556019493,93556019489,-4,1473,3714
93561522850,93561522846,-4,1129,3413
93562902121,93562902118,-3,1041,2965
93571335402,93571335397,-5,1853,5344
93574133342,93574133338,-4,950,1682
93578572899,93578572895,-4,1137,1663
93579231082,93579231082,0,1800,1854
93582429023,93582429018,-5,1155,3153
93587863972,93587863975,3,2368,1390
93590045113,93590045118,5,27491,18741
93591677277,93591677273,-4,1943,2359
93593794907,93593794905,-2,1589,3842
93595897697,93595897691,-6,1051,3168
93596837643,93596837661,18,643,2330
93601469449,93601469442,-7,2815,7311
93604621534,93604621529,-5,916,3345
93619363406,93619363403,-3,889,2425
93622179775,93622179773,-2,994,2307
93625660151,93625660149,-2,1004,2345
93627616252,93627616247,-5,947,2417
93630471162,93630471157,-5,501,1571
93633930522,93633930518,-4,974,3259
93639287600,93639287594,-6,873,3207
93639542122,93639542143,21,213,1004
93641822393,93641822387,-6,798,2553
93642688328,93642688325,-3,732,2555
93645772706,93645772702,-4,1097,3869
93648442239,93648442233,-6,988,2335
93649644200,93649644194,-6,1385,2417
93651313464,93651313461,-3,1251,2847
93652822074,93652822079,5,2073,1430
93653674346,93653674352,6,2443,1232
93661641313,93661641317,4,1374,1312
93662179725,93662179719,-6,790,2953
93664940180,93664940178,-2,860,2086
93667911745,93667911739,-6,958,3282
93674521671,93674521667,-4,1034,4058
93679017759,93679017755,-4,1163,2443
93682522586,93682522581,-5,1890,5076
93689319271,93689319266,-5,1029,2963
93692064163,93692064158,-5,870,2405
93701083523,93701083517,-6,689,2825
93702817230,93702817225,-5,731,3003
93706841515,93706841509,-6,993,2945
93713787057,93713787074,17,760,2110
93716161317,93716161313,-4,995,2886
93716255755,93716255768,13,658,2217
93718810546,93718810541,-5,1059,3737
93719177580,93719177575,-5,1332,2367
93722605835,93722605842,7,110,1105
93723008507,93723008502,-5,936,1792
93739698911,93739698906,-5,830,2671
93740592160,93740592167,7,210,885
93748308831,93748308824,-7,885,2739
93749623329,93749623343,14,162,962
93755272026,93755272022,-4,1108,1896
93756151130,93756151126,-4,888,3145
93758033335,93758033334,-1,1269,2186
93758544371,93758544366,-5,783,3572
93759481306,93759481320,14,316,1365
93763714013,93763714006,-7,955,4418
93765901025,93765901018,-7,1224,3331
93766832422,93766832426,4,2039,1223
93769716242,93769716237,-5,791,2617
93769825274,93769825270,-4,1092,2507
93772318826,93772318827,1,952,1614
93777540357,93777540362,5,19409,19140
93778055425,93778055421,-4,1183,4348
93785939410,93785939406,-4,890,2013
93786139161,93786139144,-17,216,1993
93787353081,93787353073,-8,238,1007
93792141223,93792141219,-4,1240,3928
93793029627,93793029622,-5,921,2764
93795322731,93795322726,-5,1129,3867
93797323526,93797323522,-4,921,2884
93802896304,93802896316,12,660,2103
93807594894,93807594889,-5,1006,3017
93813121370,93813121366,-4,923,3065
93819029125,93819029121,-4,900,2865
93832212360,93832212365,5,2071,873
93833158918,93833158914,-4,1937,4023
93834200776,93834200771,-5,1515,3711
93837258731,93837258725,-6,2008,4510
93842415158,93842415151,-7,1347,3060
93848248959,93848248957,-2,914,2776
93849423451,93849423448,-3,927,2677
93850595089,93850595085,-4,972,2597
93850859448,93850859429,-19,1005,3377
93854723870,93854723866,-4,744,2781
93862930621,93862930618,-3,1098,3055
93874174817,93874174812,-5,839,2620
93874266627,93874266623,-4,1038,3206
93885519831,93885519841,10,1161,2003
93891725971,93891725968,-3,1194,4063
93892709085,93892709087,2,1095,1478
93895062385,93895062378,-7,932,4340
93896149556,93896149573,17,424,2604
93909695960,93909695954,-6,1132,3927
93910430786,93910430782,-4,1063,3901
93916476637,93916476640,3,2060,2625
93917731607,93917731603,-4,956,2786
93920026666,93920026664,-2,1153,1733
93922017692,93922017710,18,520,2105
93927327891,93927327885,-6,1110,3945
93927808958,93927808950,-8,1285,3844
93932010798,93932010793,-5,1131,3145
93934709624,93934709621,-3,1683,5376
93935171794,93935171789,-5,899,3293
93936989265,93936989269,4,3059,1540
93937813388,93937813381,-7,967,4094
93948408442,93948408437,-5,1298,3491
93957290787,93957290782,-5,1162,2532
93960353668,93960353664,-4,1123,3939
93960600507,93960600498,-9,1036,2917
93961197123,93961197124,1,245,854
93962735585,93962735579,-6,804,3754
93972326592,93972326587,-5,796,2645
93974455342,93974455338,-4,695,2501
93975006459,93975006465,6,4039,1992
93978139567,93978139562,-5,763,3055
93986444139,93986444133,-6,932,2699
93988598827,93988598822,-5,828,2906
93990135855,93990135854,-1,887,1209
93994186823,93994186818,-5,852,2853
94000389681,94000389677,-4,964,2267
94000712267,94000712253,-14,260,1247
94002754462,94002754458,-4,773,2258
94006721250,94006721241,-9,839,187
94008322664,94008322670,6,3868,1508
94009611554,94009611550,-4,1120,3382
94015531590,94015531586,-4,977,1846
94016994591,94016994586,-5,1369,2780
94017377843,94017377862,19,592,2525
94021142890,94021142885,-5,1325,3605
94024682214,94024682209,-5,782,2772
94025962710,94025962706,-4,1081,3141
94036789281,94036789278,-3,940,2008
94039126762,94039126758,-4,1231,2143
94039558787,94039558786,-1,946,2599
94039904759,94039904753,-6,811,2386
94045753373,94045753373,0,1623,1400
94046104866,94046104863,-3,736,2931
94048373250,94048373246,-4,935,2864
94051092426,94051092421,-5,1007,2827
94051198339,94051198334,-5,1239,3002
94053492934,94053492939,5,2504,1041
94054526491,94054526486,-5,1176,2824
94055706506,94055706501,-5,1011,4108
94058050627,94058050622,-5,1014,2948
94058695480,94058695474,-6,147,1309
94058746338,94058746359,21,742,1418
94062488647,94062488644,-3,1250,2357
94064495281,94064495275,-6,1463,3245
94064889387,94064889400,13,495,1785
94066548611,94066548606,-5,641,2456
94068238001,94068238003,2,1307,734
94069224590,94069224585,-5,1100,2967
94069857327,94069857321,-6,942,2348
94074014113,94074014107,-6,801,3005
94074894871,94074894867,-4,1123,4219
94075152073,94075152069,-4,1250,2412
94075228177,94075228197,20,674,1895
94075748085,94075748107,22,1881,1505
94078432974,94078432969,-5,857,2877
94080409621,94080409620,-1,41858,40694
94080515072,94080515066,-6,706,2176
94082209082,94082209077,-5,1046,3269
94087424615,94087424613,-2,822,2146
94087583379,94087583376,-3,791,2993
94087674218,94087674214,-4,37,1566
94093764245,94093764239,-6,1155,4792
94099231381,94099231376,-5,663,2881
94102321560,94102321565,5,2647,1271
94106407433,94106407430,-3,1169,3912
94109174887,94109174881,-6,1200,2028
94109484939,94109484925,-14,73,801
94112687142,94112687136,-6,1393,4256
94115704885,94115704888,3,2114,1301
94120172501,94120172495,-6,1268,4868
94127218286,94127218284,-2,926,3376
94129469889,94129469886,-3,3101,6090
94137898917,94137898913,-4,1324,3328
94145887902,94145887897,-5,824,2752
94146778660,94146778671,11,649,2901
94149077855,94149077850,-5,769,2252
94151987569,94151987566,-3,1685,4054
94155124682,94155124680,-2,495,1603
94162580298,94162580293,-5,961,3276
94168276130,94168276126,-4,784,1820
94178986375,94178986369,-6,686,2170
94179490353,94179490347,-6,942,3619
94180155849,94180155850,1,342,1014
94182769096,94182769092,-4,1336,3330
94187025992,94187025990,-2,41370,18866
94191882920,94191882935,15,605,2078
94195484938,94195484934,-4,1311,2933
94195614032,94195614020,-12,970,2735
94197043066,94197043086,20,322,1386
94200670435,94200670430,-5,1239,2581
94203470357,94203470363,6,3085,1263
94205494566,94205494562,-4,1252,2771
94213677781,94213677778,-3,962,2880
94218968125,94218968118,-7,3581,15070
94223519550,94223519543,-7,1024,3254
94225727440,94225727437,-3,1058,1837
94230879447,94230879442,-5,2663,7607
94232197114,94232197119,5,1870,1315
94240176526,94240176512,-14,3233,1245
94240793641,94240793637,-4,1357,3399
94242074172,94242074167,-5,1014,3311
94247692295,94247692291,-4,894,2783
94250258348,94250258346,-2,1339,1204
94250530193,94250530180,-13,852,3136
94253359132,94253359128,-4,1071,2576
94262661405,94262661399,-6,1321,4439
94262695037,94262695026,-11,15442,41098
94270261718,94270261713,-5,993,2535
94272380119,94272380123,4,3338,2107
94273372043,94273372039,-4,1087,3873
94279407324,94279407319,-5,484,1917
94284188023,94284188019,-4,1104,3288
94286817086,94286817083,-3,1241,2132
94288713312,94288713314,2,1150,765
94290109974,94290109979,5,2467,1670
94297564016,94297564022,6,8426,3152
94297881803,94297881799,-4,200,826
94300002894,94300002889,-5,845,3453
94305569906,94305569912,6,2224,1728
94307863738,94307863734,-4,1300,3506
94308419235,94308419233,-2,684,1595
94323589806,94323589803,-3,689,2333
94330815121,94330815117,-4,1110,2483
94331151144,94331151130,-14,79,915
94335038379,94335038374,-5,1103,3062
94343635967,94343635962,-5,1348,3405
94348335083,94348335078,-5,1151,3386
94349412327,94349412320,-7,716,2793
94351849270,94351849265,-5,1097,3591
94352818346,94352818341,-5,1333,3007
94358485820,94358485816,-4,823,2068
94362536053,94362536046,-7,1020,3763
94365430130,94365430125,-5,644,2820
94371365995,94371365989,-6,710,2048
94377769179,94377769175,-4,868,3748
94377989523,94377989538,15,908,2569
94382168703,94382168698,-5,850,2803
94384330743,94384330737,-6,1108,3167
94386021685,94386021681,-4,891,3442
94386259118,94386259113,-5,980,3661
94387887323,94387887319,-4,1126,2911
94390410955,94390410949,-6,970,2934
94391973430,94391973426,-4,1402,3877
94394209392,94394209388,-4,976,2886
94396617157,94396617151,-6,1217,2451
94397052492,94397052506,14,821,2368
94397452432,94397452428,-4,1219,2502
94402169018,94402169013,-5,729,2505
94405061333,94405061331,-2,1406,1849
94409723611,94409723611,0,25804,35594
94411316708,94411316703,-5,1079,2955
94423189990,94423189985,-5,867,3169
94424187306,94424187325,19,641,2644
94424453266,94424453258,-8,479,2022
94424572236,94424572250,14,337,587
94432457844,94432457833,-11,819,2510
94433629724,94433629718,-6,1100,4089
94443062370,94443062365,-5,891,2821
94443552102,94443552109,7,3304,1350
94445403373,94445403368,-5,1021,2279
94447243654,94447243653,-1,894,3090
94447344859,94447344846,-13,93,1060
94450115327,94450115321,-6,1256,3969
94451630815,94451630810,-5,863,2364
94452662807,94452662801,-6,1610,3510
94463689054,94463689050,-4,853,3297
94470847271,94470847268,-3,995,2614
94474254875,94474254870,-5,1208,2841
94478853904,94478853914,10,155,1167
94479951636,94479951631,-5,1028,2908
94480426826,94480426828,2,3692,2680
94487988950,94487988944,-6,1161,2465
94494832713,94494832714,1,3239,2585
94497131887,94497131882,-5,890,2466
94502561829,94502561826,-3,754,2255
94506696759,94506696754,-5,586,3715
94507102289,94507102283,-6,559,1053
94508904679,94508904673,-6,1065,3174
94515802139,94515802134,-5,1143,2751
94516890887,94516890881,-6,1364,4250
94520855370,94520855362,-8,968,2817
94524110519,94524110514,-5,825,2957
94525681128,94525681125,-3,1044,3036
94529443337,94529443332,-5,1127,3181
94529663058,94529663074,16,478,1083
94542376353,94542376345,-8,620,2172
94547224758,94547224752,-6,917,2371
94553106366,94553106359,-7,1075,3935
94564452215,94564452209,-6,1382,2697
94571430677,94571430672,-5,726,2056
94572654846,94572654842,-4,684,1829
94576533751,94576533746,-5,597,2558
94577384379,94577384370,-9,136,1536
94582190107,94582190102,-5,682,1707
94586437099,94586437093,-6,1212,3938
94586516258,94586516252,-6,513,3575
94588225183,94588225188,5,1625,1000
94590146892,94590146896,4,1475,1374
94599271439,94599271434,-5,1106,2635
94600002793,94600002794,1,1372,1257
94608128002,94608127997,-5,1159,2822
94611507903,94611507897,-6,985,3678
94615078358,94615078353,-5,642,2784
94615188154,94615188173,19,713,2110
94616624754,94616624748,-6,893,2824
94622713551,94622713548,-3,804,1638
94623551842,94623551838,-4,734,4742
94628712011,94628712006,-5,1290,3544
94629239501,94629239498,-3,1157,2330
94634323977,94634323972,-5,828,2569
94640160117,94640160110,-7,1096,3180
94641126522,94641126518,-4,264,958
94642497214,94642497204,-10,319,1590
94642552290,94642552286,-4,146,1187
94653098853,94653098854,1,1607,1546
94653971514,94653971514,0,1265,1779
94655709965,94655709960,-5,1119,2488
94660932028,94660932022,-6,1119,3569
94661452089,94661452085,-4,1114,4188
94666371626,94666371622,-4,1061,2925
94666634641,94666634625,-16,869,2538
94670426959,94670426953,-6,807,3511
94670721024,94670721013,-11,114,1273
94671879356,94671879351,-5,950,3362
94673057154,94673057135,-19,106,1231
94677061750,94677061746,-4,1113,3161
94677104586,94677104600,14,824,3541
94679942992,94679942988,-4,1478,3324
94684057674,94684057670,-4,1101,2154
94686182431,94686182428,-3,858,3265
94688941435,94688941432,-3,1195,2503
94689090890,94689090886,-4,521,2047
94695330784,94695330786,2,252,2098
94701413370,94701413366,-4,1285,2610
94702330667,94702330664,-3,1115,3133
94705329382,94705329379,-3,567,893
94707771985,94707771979,-6,934,3942
94711660042,94711660038,-4,1153,2238
94714068894,94714068896,2,891,1465
94724961450,94724961470,20,15024,51256
94726352638,94726352633,-5,932,3341
94727181686,94727181687,1,831,1753
94729599079,94729599074,-5,1590,6984
94734956732,94734956730,-2,1023,1931
94738582334,94738582331,-3,22504,8170
94739966325,94739966326,1,1632,1717
94745588034,94745588030,-4,1024,3665
94746459463,94746459458,-5,933,2410
94749808893,94749808889,-4,861,2306
94751304526,94751304522,-4,1035,3024
94752005385,94752005381,-4,945,2254
94754248254,94754248246,-8,580,1740
94754830280,94754830275,-5,1199,2041
94757769497,94757769493,-4,1619,3234
94762160566,94762160561,-5,889,2293
94764909954,94764909962,8,244,1330
94766145202,94766145197,-5,761,2320
94767256810,94767256830,20,112,1145
94767985970,94767985969,-1,61,893
94775742602,94775742598,-4,1057,3268
94775956656,94775956638,-18,394,1083
94776959095,94776959098,3,1970,1397
94779622250,94779622244,-6,1824,8215
94794520915,94794520913,-2,775,1986
94795907644,94795907643,-1,1415,1548
94796131923,94796131937,14,97,1095
94801540931,94801540926,-5,1030,3220
94802294221,94802294214,-7,2677,7135
94810716625,94810716619,-6,882,2467
94813383283,94813383283,0,1890,2572
94823065650,94823065645,-5,597,2007
94824325042,94824325036,-6,1036,2551
94826010471,94826010466,-5,1545,3389
94826594729,94826594725,-4,1316,2342
94827213091,94827213075,-16,1328,4175
94828437206,94828437202,-4,734,2617
94830527686,94830527681,-5,1048,3941
94830661672,94830661657,-15,855,2421
94838454275,94838454270,-5,1222,2644
94840014155,94840014132,-23,1241,2796
94841116827,94841116822,-5,1224,2762
94857467847,94857467842,-5,688,2092
94862280111,94862280112,1,1164,2153
94863944826,94863944822,-4,1080,3340
94864175058,94864175078,20,804,3134
94865415063,94865415058,-5,1207,3116
94867208301,94867208294,-7,1210,2877
94868117249,94868117271,22,798,2725
94870457583,94870457577,-6,757,2066
94872200975,94872200967,-8,745,1945
94879525300,94879525294,-6,2689,12598
94883845827,94883845846,19,763,2573
94883963929,94883963926,-3,962,1526
94886219693,94886219683,-10,3757,22849
94897976324,94897976318,-6,1099,1983
94899400044,94899400040,-4,1623,4090
94901500824,94901500821,-3,1126,3019
94902213173,94902213169,-4,1086,2278
94902270954,94902270951,-3,878,3283
94905007237,94905007243,6,1476,1364
94912020163,94912020158,-5,871,3917
94917843325,94917843327,2,609,845
94921257942,94921257947,5,3382,2000
94921471780,94921471775,-5,1202,2731
94923241280,94923241274,-6,915,2562
94924115675,94924115691,16,893,1694
94924961482,94924961477,-5,1118,3193
94925361305,94925361300,-5,1078,3749
94930182468,94930182485,17,271,1537
94930523275,94930523274,-1,1543,2130
94931438822,94931438818,-4,880,2441
94933041737,94933041730,-7,631,2542
94936560193,94936560197,4,2671,1686
94945110542,94945110537,-5,791,2525
94951575114,94951575110,-4,1004,2834
94951639456,94951639448,-8,394,1376
94959673586,94959673582,-4,792,1348
94964259102,94964259094,-8,1050,3679
94964313220,94964313238,18,754,2409
94964946006,94964946011,5,2176,1579
94967222258,94967222254,-4,1364,3501
94967556209,94967556204,-5,1292,2586
94967986748,94967986743,-5,1371,4149
94970873738,94970873735,-3,868,3037
94976787770,94976787766,-4,1538,3007
94977257571,94977257589,18,709,2703
94978067839,94978067834,-5,1323,3080
94980518475,94980518470,-5,1030,2906
94983656087,94983656086,-1,1476,2165
94988129970,94988129968,-2,654,1901
94989731555,94989731550,-5,1450,3485
94996515568,94996515566,-2,1313,2102
94996659643,94996659643,0,255,903
95009793395,95009793392,-3,1558,2952
95016004631,95016004626,-5,691,2776
95019599116,95019599110,-6,997,3152
95019834770,95019834781,11,494,2275
95030155472,95030155479,7,2860,1135
95031998799,95031998794,-5,903,2322
95037164736,95037164730,-6,619,2491
95041221446,95041221445,-1,1177,2510
95046345602,95046345598,-4,1280,3133
95049705159,95049705156,-3,926,2651
95057564573,95057564569,-4,1403,3333
95057946603,95057946599,-4,848,1298
95059684366,95059684362,-4,1089,1507
95060278250,95060278253,3,1449,1139
95067910591,95067910593,2,1425,1125
95068593661,95068593657,-4,1120,2937
95070522891,95070522886,-5,841,2272
95071316612,95071316614,2,2425,2919
95072839537,95072839551,14,8082,47644
95072909214,95072909209,-5,989,3472
95077538478,95077538470,-8,719,3952
95085925375,95085925376,1,2412,2357
95089740102,95089740099,-3,1444,2602
95090808986,95090808980,-6,1065,3626
95091634859,95091634857,-2,473,2494
95091725666,95091725661,-5,1483,2379
95094888154,95094888150,-4,809,2114
95095621569,95095621566,-3,907,2590
95095907626,95095907641,15,174,1085
95097432519,95097432516,-3,1067,2675
95098009804,95098009799,-5,1794,3880
95098494417,95098494412,-5,1065,3056
95107000834,95107000830,-4,1055,3595
95108797158,95108797154,-4,1813,4958
95112690086,95112690080,-6,1361,4637
95115140859,95115140854,-5,1061,3206
95116630803,95116630798,-5,685,2258
95117274194,95117274195,1,4313,3728
95124666703,95124666699,-4,747,2523
95128212032,95128212026,-6,716,2650
95128322633,95128322629,-4,1102,2741
95129598109,95129598104,-5,788,2398
95130644769,95130644785,16,1279,3209
95131315198,95131315194,-4,999,3248
95138894615,95138894610,-5,990,2905
95140364148,95140364141,-7,906,5834
95146343582,95146343585,3,1949,1275
95146687943,95146687938,-5,979,2050
95147725254,95147725249,-5,991,2667
95147808907,95147808902,-5,1054,2258
95152373594,95152373589,-5,1207,3513
95152572340,95152572353,13,320,1641
95153798538,95153798536,-2,1316,2715
95154794466,95154794483,17,176,1071
95155588082,95155588078,-4,1034,4304
95158391091,95158391085,-6,989,3207
95159424189,95159424183,-6,1076,3478
95160278515,95160278506,-9,141,988
95162793027,95162793022,-5,1202,3104
95163081634,95163081630,-4,1041,3255
95163950272,95163950269,-3,1250,2631
95166121647,95166121645,-2,1350,2943
95171251383,95171251380,-3,1059,2653
95171909627,95171909611,-16,21,949
95175924310,95175924312,2,1584,1510
95177779835,95177779826,-9,570,1980
95179201318,95179201314,-4,1282,3639
95181134365,95181134358,-7,1161,4025
95181582868,95181582864,-4,910,2122
95184190705,95184190707,2,20172,20536
95184787643,95184787638,-5,679,2786
95185391707,95185391701,-6,941,3446
95189611607,95189611601,-6,1112,3007
95191501226,95191501229,3,1268,692
95193716473,95193716469,-4,1046,3331
95195778164,95195778162,-2,1091,2182
95196739530,95196739525,-5,1072,3910
95199873787,95199873780,-7,1026,5099
95201151857,95201151879,22,877,2820
95202934643,95202934642,-1,1690,1774
95204670963,95204670958,-5,1205,2762
95207070308,95207070301,-7,1084,3389
95211198537,95211198533,-4,826,1669
95212748725,95212748722,-3,910,2357
95214228620,95214228638,18,1761,2442
95214739366,95214739360,-6,894,3693
95227740179,95227740174,-5,972,2677
95229976641,95229976638,-3,1155,2989
95231257649,95231257650,1,2281,3312
95233547551,95233547546,-5,928,1846
95236945750,95236945746,-4,1064,3266
95239714171,95239714167,-4,1008,2925
95239971378,95239971373,-5,964,2704
95244506799,95244506798,-1,1794,3249
95245064822,95245064818,-4,1117,3137
95251148068,95251148062,-6,1409,2605
95252262123,95252262106,-17,221,1279
95263039523,95263039516,-7,866,3617
95268395912,95268395931,19,699,1841
95270003078,95270003079,1,1374,1360
95271082574,95271082569,-5,1325,2722
95276457120,95276457115,-5,1169,3582
95276636472,95276636493,21,1169,3649
95280454902,95280454900,-2,1220,2519
95288512410,95288512410,0,1052,1284
95298968915,95298968914,-1,1217,1599
95310395335,95310395341,6,5195,2304
95315134210,95315134191,-19,23339,26788
95317839520,95317839514,-6,755,3250
95318823106,95318823109,3,1515,1266
95320749903,95320749897,-6,1466,4101
95322526906,95322526901,-5,1239,2621
95323215155,95323215150,-5,659,1424
95328437891,95328437885,-6,1167,4409
95343609029,95343609024,-5,915,2913
95344635695,95344635690,-5,798,1901
95350206216,95350206210,-6,1203,3462
95350952943,95350952938,-5,1175,4795
95351234593,95351234590,-3,1065,2885
95352546223,95352546217,-6,927,2905
95353705530,95353705526,-4,1097,3101
95355849869,95355849863,-6,903,2373
95357065722,95357065721,-1,624,2057
95357955042,95357955037,-5,903,2743
95360204223,95360204219,-4,1089,2701
95362209089,95362209083,-6,865,3105
95369561075,95369561071,-4,874,3042
95378607626,95378607621,-5,1076,3075
95380257457,95380257448,-9,976,2985
95387268510,95387268506,-4,921,2561
95387605123,95387605117,-6,1013,2331
95392542545,95392542539,-6,1072,3125
95393598218,95393598214,-4,581,2492
95395595989,95395595996,7,3317,1487
95395810511,95395810506,-5,952,3846
95397130403,95397130398,-5,1250,2658
95399265635,95399265633,-2,2040,5329
95401503530,95401503530,0,1247,1396
95408582000,95408581995,-5,1366,3987
95417310260,95417310254,-6,999,3650
95417624189,95417624182,-7,1228,3728
95421770096,95421770091,-5,1223,2181
95426343909,95426343904,-5,574,2565
95427113798,95427113794,-4,1002,2603
95432534658,95432534654,-4,994,2857
95432658677,95432658669,-8,1603,4359
95435201926,95435201922,-4,1115,3234
95436449167,95436449163,-4,1230,3670
95436915902,95436915903,1,1559,1964
95439107137,95439107131,-6,738,3018
95440161864,95440161857,-7,1362,3249
95441200609,95441200606,-3,893,2022
95452384146,95452384141,-5,1304,3979
95454507594,95454507590,-4,1433,2938
95459049341,95459049337,-4,1384,2950
95461132439,95461132434,-5,671,2023
95463184096,95463184093,-3,1100,3458
95463966926,95463966922,-4,805,2532
95465324056,95465324050,-6,1134,4341
95465588839,95465588838,-1,1157,1600
95469077352,95469077347,-5,1110,3083
95471676511,95471676511,0,1192,1402
95479688685,95479688681,-4,1336,3221
95481010026,95481010021,-5,1149,3291
95495556082,95495556078,-4,838,3029
95496019091,95496019086,-5,698,1313
95499011278,95499011273,-5,1281,3863
95504376874,95504376869,-5,1002,3394
95505839611,95505839606,-5,730,2526
95510870137,95510870132,-5,1387,4804
95514970623,95514970618,-5,998,2358
95531705719,95531705717,-2,1024,2330
95535441893,95535441889,-4,874,2557
95537542063,95537542057,-6,811,3974
95537970006,95537970001,-5,1044,3307
95539009599,95539009593,-6,958,2741
95544798658,95544798654,-4,1148,2308
95546219541,95546219537,-4,973,2828
95549873760,95549873754,-6,1116,3233
95551701027,95551701023,-4,545,903
95553098701,95553098707,6,2128,880
95558004030,95558004027,-3,862,2283
95558216400,95558216422,22,281,1006
95559809017,95559809034,17,1684,729
95560255490,95560255486,-4,1482,2484
95560329294,95560329297,3,2096,1602
95560460642,95560460639,-3,1012,3378
95561216646,95561216653,7,4312,1577
95561768218,95561768211,-7,1190,3274
95568804810,95568804804,-6,702,2527
95569948663,95569948666,3,90,1328
95574222513,95574222517,4,2521,1693
95577818354,95577818349,-5,899,2426
95577885834,95577885837,3,2750,2643
95578228642,95578228636,-6,1083,2457
95579620695,95579620695,0,572,2191
95579996659,95579996658,-1,1546,2158
95583255265,95583255261,-4,592,1938
95586137367,95586137362,-5,1062,4539
95597418969,95597418963,-6,1111,3397
95599649460,95599649454,-6,949,3257
95606059070,95606059065,-5,1002,1996
95607621001,95607620994,-7,1056,2685
95608087204,95608087209,5,59,730
95610456847,95610456844,-3,1341,1612
95615454654,95615454656,2,1746,1678
95617307138,95617307139,1,2132,2692
95618299242,95618299261,19,884,1598
95628877689,95628877685,-4,1469,2898
95633155185,95633155181,-4,1098,3322
95634342427,95634342424,-3,1019,2498
95642122546,95642122545,-1,1916,3576
95642806352,95642806354,2,1656,1635
95645293783,95645293778,-5,1039,3312
95649447002,95649446998,-4,1174,3241
95650133801,95650133795,-6,1174,3500
95652318893,95652318889,-4,923,3518
95652525220,95652525225,5,184,1322
95655004083,95655004080,-3,885,2478
95664761603,95664761597,-6,1170,3115
95664838377,95664838395,18,678,2277
95665346891,95665346887,-4,1167,2693
95667128863,95667128858,-5,1116,2884
95678145625,95678145621,-4,988,3797
95678448834,95678448834,0,2375,2460
95680122967,95680122962,-5,998,3424
95688797772,95688797769,-3,1356,3276
95689112363,95689112360,-3,1089,2194
95693198145,95693198138,-7,1400,3696
95701003178,95701003173,-5,467,2420
95701432341,95701432334,-7,1156,2897
95709593174,95709593178,4,2198,1118
95710275799,95710275794,-5,948,2696
95720002670,95720002664,-6,1592,3630
95721202578,95721202581,3,2544,2283
95721375313,95721375310,-3,871,2633
95723477630,95723477625,-5,800,2090
95723609748,95723609761,13,194,899
95725469171,95725469157,-14,790,1696
95731593846,95731593851,5,1477,905
95732904378,95732904377,-1,1092,1545
95734120120,95734120123,3,1226,2270
95734754269,95734754268,-1,1716,2870
95735283133,95735283129,-4,1144,2946
95736193527,95736193522,-5,1092,3292
95738030094,95738030090,-4,1514,3740
95741668791,95741668786,-5,1053,2629
95749483489,95749483484,-5,595,2457
95749619930,95749619945,15,596,3047
95753239562,95753239557,-5,452,2494
95759114837,95759114831,-6,1027,2765
95759187960,95759187950,-10,209,1243
95766538545,95766538540,-5,1014,4638
95768920358,95768920354,-4,1072,2745
95775834729,95775834725,-4,1290,4322
95779885115,95779885108,-7,1346,4638
95781809634,95781809629,-5,953,3268
95787264989,95787264995,6,3375,1208
95790862407,95790862404,-3,951,2509
95791007723,95791007734,11,423,1096
95793254043,95793254038,-5,1114,2704
95794868823,95794868821,-2,751,2242
95800785945,95800785941,-4,1188,2479
95801133056,95801133077,21,643,2823
95806897612,95806897626,14,188,919
95807498370,95807498379,9,45,935
95811137417,95811137414,-3,803,2731
95814337054,95814337047,-7,1084,3591
95814571038,95814571032,-6,1199,3915
95815943830,95815943826,-4,1064,3578
95816807743,95816807740,-3,674,2311
95817487250,95817487234,-16,868,2751
95824823456,95824823450,-6,1675,3864
95825059521,95825059517,-4,707,2573
95825086283,95825086278,-5,924,2037
95825324240,95825324255,15,317,2753
95825614376,95825614370,-6,597,1885
95833135040,95833135022,-18,903,855
95838309907,95838309902,-5,832,2154
95839583246,95839583241,-5,1163,4416
95842207344,95842207338,-6,857,3132
95845503227,95845503219,-8,717,3144
95846122296,95846122291,-5,876,4076
95858146498,95858146493,-5,1171,4400
95859731230,95859731229,-1,2540,2346
95863936578,95863936575,-3,1355,3198
95866071549,95866071543,-6,1086,3391
95866321555,95866321566,11,697,2107
95867262227,95867262222,-5,1022,2264
95868235400,95868235418,18,376,1720
95870318971,95870318966,-5,1201,2332
95871954442,95871954438,-4,1298,2843
95872315139,95872315156,17,1231,3847
95872407148,95872407140,-8,844,3153
95873320031,95873320022,-9,1523,6593
95879611415,95879611411,-4,1358,3190
95880610642,95880610638,-4,1373,3240
95884096182,95884096177,-5,1370,3505
95885205527,95885205522,-5,1098,3054
95889170453,95889170448,-5,659,2932
95889237388,95889237394,6,325,1120
95890277873,95890277865,-8,1306,2743
95891465920,95891465914,-6,1367,3942
95894600608,95894600612,4,1712,1088
95896633224,95896633228,4,1680,1393
95899335627,95899335631,4,4685,16945
95903504058,95903504066,8,2094,1264
95905007853,95905007849,-4,1166,2955
95905847838,95905847834,-4,1000,2797
95912404092,95912404085,-7,1081,3597
95912718148,95912718142,-6,956,2510
95917303306,95917303301,-5,984,2622
95925600525,95925600519,-6,1359,3959
95925812173,95925812167,-6,1305,3762
95929240822,95929240816,-6,1175,3589
95930469094,95930469090,-4,1954,5807
95931874194,95931874190,-4,1226,2782
95936648031,95936648027,-4,992,1984
95938329748,95938329754,6,1059,731
95939073171,95939073168,-3,1411,3151
95940948454,95940948451,-3,1044,3015
95944421230,95944421226,-4,1064,2394
95956529095,95956529090,-5,489,1131
95957447748,95957447742,-6,1092,2991
95957592538,95957592550,12,740,3139
95962735688,95962735685,-3,785,2229
95963131330,95963131326,-4,1133,2452
95965230915,95965230910,-5,1148,3013
95966401228,95966401215,-13,210,2004
95966766583,95966766578,-5,1216,4366
95966908249,95966908243,-6,957,3133
95969661017,95969661012,-5,852,2783
95970521443,95970521446,3,230,994
95972622424,95972622447,23,534,1655
95972741298,95972741294,-4,1238,3501
95987410037,95987410043,6,4513,1533
95993569038,95993569035,-3,836,2588
95994149904,95994149926,22,744,1372
95997729260,95997729257,-3,1500,2891
96000138148,96000138160,12,15532,52865
96002217563,96002217560,-3,908,2063
96011341221,96011341216,-5,1518,4114
96016018606,96016018604,-2,1142,3360
96016103322,96016103315,-7,796,2490
96017033451,96017033447,-4,1058,3168
96026576390,96026576386,-4,966,2099
96027548667,96027548662,-5,1150,3760
96037054315,96037054310,-5,795,2567
96039898166,96039898161,-5,922,3313
96041464495,96041464492,-3,2443,5595
96042908596,96042908592,-4,1087,3038
96045159354,96045159349,-5,802,2274
96045917893,96045917889,-4,902,2880
96060433030,96060433025,-5,668,1852
96067844397,96067844392,-5,909,3169
96068947411,96068947406,-5,939,2771
96069353958,96069353951,-7,960,2670
96083050211,96083050206,-5,821,2305
96084378397,96084378401,4,2639,2825
96094006208,96094006205,-3,1299,3893
96094202698,96094202695,-3,169,733
96097826109,96097826107,-2,1379,2161
96099776264,96099776268,4,5424,3627
96101409226,96101409222,-4,793,2604
96106301761,96106301756,-5,754,2992
96117790352,96117790351,-1,295,1471
96124497455,96124497454,-1,917,2300
96124879511,96124879507,-4,690,2572
96133181335,96133181330,-5,1077,2657
96137552315,96137552318,3,2823,2556
96141827752,96141827748,-4,1289,3163
96146840934,96146840929,-5,1134,2709
96146998923,96146998918,-5,1317,4205
96153919689,96153919689,0,5786,6148
96156432038,96156432033,-5,1110,2300
96156522406,96156522401,-5,1001,2800
96157090792,96157090813,21,1312,2306
96159281800,96159281796,-4,1809,2981
96168380359,96168380352,-7,952,3280
96170087912,96170087906,-6,911,3762
96171075442,96171075441,-1,220,591
96174445503,96174445497,-6,1321,4039
96184685041,96184685037,-4,1136,3942
96185086795,96185086791,-4,1078,2465
96186149969,96186149965,-4,1362,2997
96188084222,96188084220,-2,931,3192
96188214274,96188214279,5,134,490
96192131863,96192131857,-6,461,2905
96194239521,96194239525,4,3043,2311
96199878084,96199878078,-6,1295,2935
96202002663,96202002661,-2,1184,2360
96202287522,96202287519,-3,820,2796
96208695530,96208695525,-5,1055,4377
96210792114,96210792112,-2,943,2411
96212016714,96212016709,-5,1313,3878
96218007003,96218006997,-6,931,3763
96219646301,96219646296,-5,1177,2656
96225253935,96225253930,-5,1348,2958
96226857975,96226857971,-4,1068,2114
96241726575,96241726570,-5,1061,2957
96242467424,96242467442,18,678,2389
96243300718,96243300713,-5,1036,3351
96244641990,96244641984,-6,924,3381
96250492931,96250492927,-4,484,3440
96250556073,96250556087,14,84,915
96250986380,96250986397,17,834,1908
96252018078,96252018074,-4,1184,3376
96252394704,96252394722,18,361,1121
96256408817,96256408818,1,1410,1017
96256965657,96256965653,-4,1307,3525
96260729546,96260729541,-5,1280,4259
96264683332,96264683326,-6,958,3342
96264765159,96264765154,-5,834,2406
96264928723,96264928719,-4,874,2402
96265212188,96265212205,17,218,804
96273105356,96273105350,-6,1991,7993
96274137647,96274137641,-6,901,3062
96274361430,96274361425,-5,1446,4673
96285337121,96285337116,-5,1158,3914
96289636659,96289636653,-6,903,3706
96289762347,96289762362,15,31,1907
96290707458,96290707444,-14,665,3270
96292032277,96292032274,-3,1333,2820
96292349624,96292349610,-14,53,752
96295821267,96295821261,-6,1420,3094
96295967642,96295967638,-4,634,2534
96296559555,96296559575,20,1063,2809
96296709952,96296709946,-6,1067,3536
96297116005,96297115998,-7,1038,3578
96297262474,96297262488,14,503,1930
96299691424,96299691421,-3,1008,2229
96300915711,96300915704,-7,1517,9039
96301056083,96301056062,-21,196,973
96305303141,96305303134,-7,525,1267
96314373922,96314373918,-4,1641,4219
96316534747,96316534733,-14,189,1116
96317332230,96317332225,-5,1213,2384
96326969719,96326969714,-5,1108,3059
96335014478,96335014473,-5,1382,3479
96335872890,96335872884,-6,1137,3415
96339367677,96339367673,-4,721,1597
96339582788,96339582802,14,233,1148
96343173050,96343173042,-8,1288,3299
96343274019,96343274007,-12,644,3353
96344370751,96344370747,-4,978,3106
96347284881,96347284878,-3,1077,1701
96350278167,96350278161,-6,1346,3140
96351349054,96351349047,-7,1296,3310
96352740713,96352740709,-4,730,2039
96352935849,96352935845,-4,1284,3724
96363460662,96363460658,-4,1223,3553
96370622782,96370622778,-4,1088,2702
96377058829,96377058825,-4,16363,14678
96385057435,96385057432,-3,831,2290
96385351123,96385351129,6,289,861
96394803427,96394803424,-3,787,2948
96397958247,96397958244,-3,1118,2298
96398011448,96398011434,-14,1016,3912
96416353870,96416353874,4,1971,1368
96420577947,96420577942,-5,1109,2652
96420627456,96420627448,-8,299,656
96427093977,96427093972,-5,876,2857
96430178701,96430178694,-7,378,3116
96442783415,96442783410,-5,860,2725
96450950864,96450950882,18,16998,21597
96454018023,96454018027,4,27,680
96456263902,96456263894,-8,1089,4043
96462325538,96462325535,-3,1086,2303
96462533448,96462533466,18,1005,4322
96468469238,96468469236,-2,32354,29916
96474657046,96474657049,3,2316,1497
96477917654,96477917659,5,3117,1592
96482594945,96482594955,10,150,847
96483377126,96483377122,-4,1024,3588
96486374452,96486374446,-6,1057,3321
96487576584,96487576570,-14,984,3566
96487792754,96487792767,13,213,1263
96488572850,96488572854,4,1215,1028
96490780879,96490780875,-4,1196,1931
96493030364,96493030360,-4,1687,5424
96493201123,96493201126,3,53,645
96501955858,96501955854,-4,740,2575
96502355451,96502355447,-4,1285,3665
96504560479,96504560472,-7,794,3344
96510601455,96510601450,-5,798,2863
96513839820,96513839824,4,3203,2376
96515767013,96515767009,-4,929,2354
96516991069,96516991062,-7,1184,2823
96517339427,96517339421,-6,182,1064
96518152167,96518152169,2,2034,1682
96518648595,96518648601,6,371,1621
96519515287,96519515281,-6,995,2973
96520273561,96520273580,19,169,1089
96525869533,96525869529,-4,2743,5111
96527095302,96527095301,-1,1731,2026
96528293915,96528293911,-4,1170,3046
96532328323,96532328318,-5,1130,2860
96533250873,96533250877,4,9364,6605
96533431856,96533431879,23,288,635
96534970517,96534970514,-3,1007,2912
96535128518,96535128513,-5,1137,3293
96541493167,96541493171,4,23392,40767
96541948142,96541948136,-6,1030,3639
96543706417,96543706412,-5,1057,3032
96545416026,96545416021,-5,1107,3244
96546741856,96546741870,14,191,679
96547213924,96547213903,-21,775,3041
96550575005,96550575000,-5,1262,3697
96553320063,96553320060,-3,895,2886
96555906647,96555906642,-5,624,2334
96560827693,96560827686,-7,1276,3479
96560898874,96560898869,-5,921,3708
96561144371,96561144364,-7,1163,2088
96569581127,96569581121,-6,1233,4431
96572319855,96572319849,-6,1533,4075
96573214677,96573214673,-4,897,1817
96584816951,96584816946,-5,1015,2297
96584924181,96584924179,-2,1164,1660
96586266950,96586266946,-4,693,2601
96588726330,96588726326,-4,916,3753
96590401315,96590401334,19,496,2659
96590697917,96590697914,-3,1009,3876
96605243286,96605243286,0,2202,2564
96608681985,96608681980,-5,1223,2391
96609397594,96609397589,-5,873,2655
96609683635,96609683632,-3,1235,3339
96612797101,96612797082,-19,2906,2463
96613379226,96613379220,-6,888,2461
96617703971,96617703965,-6,715,2781
96619911514,96619911506,-8,1125,4212
96620216434,96620216449,15,628,2587
96622070262,96622070256,-6,1011,3896
96622608268,96622608281,13,395,1870
96623178321,96623178318,-3,1130,1504
96623376623,96623376617,-6,785,2832
96624220913,96624220895,-18,89,878
96627078215,96627078200,-15,2416,2260
96631077263,96631077259,-4,880,2570
96631764210,96631764211,1,92,684
96634118507,96634118502,-5,1001,2865
96634743761,96634743761,0,5543,20557
96635900149,96635900142,-7,1399,3088
96636040607,96636040602,-5,778,2568
96636919773,96636919778,5,2427,2084
96637233358,96637233353,-5,1532,3735
96637840770,96637840762,-8,1014,2391
96638109498,96638109494,-4,96,1081
96638682964,96638682950,-14,6250,39892
96643290285,96643290294,9,9776,42332
96644657170,96644657165,-5,663,2330
96648192302,96648192301,-1,948,1034
96651618109,96651618121,12,1000,1258
96657816584,96657816579,-5,1366,3514
96661942410,96661942406,-4,1042,2197
96662373890,96662373886,-4,1160,3952
96674366898,96674366891,-7,1170,3162
96681606458,96681606453,-5,1539,3843
96685314074,96685314067,-7,340,1567
96687971765,96687971761,-4,712,2450
96693055623,96693055616,-7,1089,4633
96693829028,96693829034,6,11992,6270
96695361331,96695361325,-6,1068,3699
96697619039,96697619036,-3,1267,2443
96698808430,96698808435,5,3297,1919
96701198709,96701198704,-5,1096,2661
96701851323,96701851326,3,2757,1461
96702110804,96702110801,-3,1127,2780
96703656648,96703656644,-4,1156,3326
96707687897,96707687891,-6,1033,4791
96709297087,96709297082,-5,1211,4645
96711361174,96711361176,2,1921,1790
96712650112,96712650109,-3,2715,5177
96716333583,96716333580,-3,912,2313
96720986909,96720986905,-4,1066,3348
96721351488,96721351511,23,459,1356
96726745871,96726745865,-6,989,2432
96727941826,96727941819,-7,781,3290
96729053069,96729053069,0,1705,1318
96729747017,96729747011,-6,1156,3647
96748788354,96748788353,-1,1669,2363
96760569755,96760569752,-3,1159,3668
96766721958,96766721954,-4,1085,2635
96772616083,96772616077,-6,1309,3215
96773895478,96773895473,-5,1136,3441
96775056274,96775056266,-8,36619,13931
96777565119,96777565114,-5,973,2467
96785071222,96785071218,-4,1151,2415
96787520606,96787520621,15,943,2651
96793001663,96793001658,-5,767,2421
96794373915,96794373926,11,184,676
96794752329,96794752321,-8,10,813
96804214642,96804214637,-5,1338,2397
96804749762,96804749757,-5,865,3378
96808461253,96808461250,-3,1276,1976
96810648942,96810648937,-5,1193,3134
96810771699,96810771707,8,227,987
96811645091,96811645086,-5,975,2851
96812704143,96812704138,-5,621,2403
96814681459,96814681454,-5,1019,3883
96820523872,96820523870,-2,1296,1811
96822532278,96822532276,-2,818,2399
96834421499,96834421505,6,2775,1729
96835497557,96835497553,-4,1085,2904
96836092826,96836092836,10,148,1668
96842876622,96842876622,0,1514,1375
96845528526,96845528531,5,6102,4006
96847089680,96847089678,-2,1625,2348
96847509634,96847509629,-5,719,2877
96850578889,96850578885,-4,1334,3030
96850695473,96850695474,1,1069,1445
96860322750,96860322746,-4,2127,8342
96873553697,96873553691,-6,751,2986
96874554665,96874554658,-7,1217,8031
96877725232,96877725245,13,440,1427
96883179133,96883179137,4,22655,39936
96885857819,96885857814,-5,638,2630
96886857639,96886857636,-3,883,3180
96889429705,96889429699,-6,1229,3653
96892913072,96892913086,14,12,900
96894461875,96894461870,-5,1251,2908
96895687501,96895687496,-5,1604,4676
96897774483,96897774480,-3,829,2454
96898287913,96898287908,-5,1005,3119
96901351263,96901351257,-6,896,1902
96907155715,96907155710,-5,592,2420
96907403564,96907403575,11,714,3712
96907708519,96907708514,-5,1295,3795
96908922082,96908922077,-5,1217,2656
96910858998,96910858994,-4,895,3275
96913638643,96913638639,-4,1569,4088
96913714896,96913714892,-4,1040,3108
96914296202,96914296223,21,324,1313
96914879961,96914879957,-4,750,2938
96920755799,96920755794,-5,1335,3356
96921270664,96921270682,18,453,1005
96925989100,96925989094,-6,678,1638
96935616870,96935616869,-1,1120,2270
96938241314,96938241314,0,1846,2318
96941374913,96941374908,-5,1422,4243
96942514762,96942514758,-4,799,2196
96944554705,96944554700,-5,780,3204
96950389759,96950389753,-6,1151,3450
96952647155,96952647150,-5,742,2446
96954506663,96954506656,-7,1588,3969
96967873229,96967873231,2,842,1181
96973437962,96973437958,-4,1028,2128
96974475310,96974475306,-4,1360,3347
96979478978,96979478976,-2,710,1111
96983014989,96983014986,-3,1275,2691
96983399906,96983399907,1,2477,2248
96991589478,96991589477,-1,1382,2584
96991975303,96991975298,-5,1205,3776
97001390294,97001390289,-5,1099,2869
97001605786,97001605806,20,809,3008
97002008909,97002008905,-4,964,2959
97004137779,97004137774,-5,785,2288
97006779464,97006779459,-5,847,3523
97007095963,97007095958,-5,708,1743
97010415162,97010415158,-4,1007,3057
97011386011,97011386007,-4,985,3224
97013283290,97013283284,-6,1478,4157
97014391749,97014391745,-4,1085,3579
97015431838,97015431833,-5,1456,3467
97018471050,97018471046,-4,1064,2770
97019446096,97019446119,23,1364,2286
97022252249,97022252268,19,956,2243
97025051949,97025051941,-8,2513,7586
97026470914,97026470909,-5,991,4589
97026606707,97026606706,-1,949,1262
97028486605,97028486627,22,408,1004
97037994931,97037994926,-5,812,2442
97044763376,97044763369,-7,1800,8697
97044961118,97044961113,-5,1064,3106
97046758403,97046758398,-5,1153,3698
97048216553,97048216548,-5,1257,4409
97053997328,97053997324,-4,1237,2426
97054581182,97054581179,-3,997,3936
97059903195,97059903191,-4,1152,2686
97063844050,97063844055,5,4355,2607
97066328984,97066328981,-3,1564,2631
97067847402,97067847397,-5,1083,2680
97069137113,97069137110,-3,789,1569
97070686868,97070686882,14,453,1925
97075393261,97075393255,-6,963,2974
97075598933,97075598930,-3,48676,16074
97076373171,97076373166,-5,1101,2552
97076616203,97076616198,-5,954,2921
97081484171,97081484166,-5,1081,3170
97083419806,97083419800,-6,1204,3647
97086250515,97086250511,-4,1290,3651
97087320696,97087320677,-19,269,1137
97094343947,97094343942,-5,1034,2804
97099315509,97099315505,-4,913,2863
97099667597,97099667599,2,11725,10141
97104808230,97104808218,-12,14477,41256
97104884839,97104884835,-4,680,2117
97105112088,97105112075,-13,146,903
97107506951,97107506946,-5,854,2090
97107585379,97107585374,-5,1260,2682
97107860550,97107860546,-4,883,1486
97110628475,97110628473,-2,903,2570
97112746866,97112746868,2,2233,1965
97113794465,97113794469,4,18748,31868
97116215011,97116215006,-5,980,2248
97117619829,97117619828,-1,1423,1392
97117961380,97117961375,-5,1473,3966
97118167177,97118167174,-3,377,1320
97124216329,97124216322,-7,833,1974
97130189187,97130189181,-6,897,3035
97130583887,97130583881,-6,1080,2748
97132097728,97132097724,-4,988,3160
97132571418,97132571434,16,607,1137
97139420171,97139420166,-5,1181,2654
97144728363,97144728359,-4,1258,2241
97148309857,97148309851,-6,702,1519
97148823679,97148823673,-6,750,4568
97153889618,97153889613,-5,1016,2809
97155658279,97155658274,-5,1107,3962
97160432285,97160432283,-2,2558,3948
97160581767,97160581762,-5,1123,2199
97167598174,97167598170,-4,1330,4193
97167705144,97167705138,-6,1190,2474
97168654419,97168654423,4,266,708
97172965273,97172965272,-1,1125,2583
97185710530,97185710527,-3,1005,1973
97193269230,97193269216,-14,1536,741
97195953663,97195953658,-5,703,3429
97196916722,97196916724,2,48875,51302
97197598267,97197598261,-6,1177,3981
97197700770,97197700788,18,186,2082
97202664581,97202664576,-5,1028,2559
97215762446,97215762443,-3,1388,2850
97220806167,97220806163,-4,817,3017
97221711209,97221711205,-4,882,4018
97221766096,97221766110,14,199,955
97222058532,97222058528,-4,1610,3966
97223356243,97223356239,-4,1545,3512
97223512426,97223512420,-6,1119,2198
97224979618,97224979612,-6,1961,10150
97225374230,97225374225,-5,1018,3157
97226292326,97226292322,-4,1125,3145
97235427197,97235427193,-4,1067,2803
97245515310,97245515313,3,1703,1620
97247880754,97247880751,-3,752,3048
97253739210,97253739206,-4,1187,4425
97254295651,97254295654,3,54,772
97257144543,97257144546,3,48388,36338
97261816691,97261816687,-4,1289,2735
97267559426,97267559422,-4,639,1908
97267783708,97267783690,-18,125,614
97271019286,97271019281,-5,1064,3096
97273877187,97273877184,-3,991,2830
97278153546,97278153543,-3,1260,2088
97278709763,97278709756,-7,1108,3068
97279131432,97279131428,-4,631,1919
97279229275,97279229272,-3,817,2611
97281294418,97281294414,-4,986,2400
97281323375,97281323369,-6,639,2043
97285307974,97285307972,-2,1481,3619
97286142907,97286142898,-9,1092,4082
97286281458,97286281479,21,531,930
97292844814,97292844809,-5,918,2717
97297003481,97297003491,10,3502,1032
97298256383,97298256381,-2,366,1123
97298671525,97298671527,2,1283,1010
97311629085,97311629080,-5,870,2819
97315610772,97315610767,-5,899,2831
97315863202,97315863198,-4,1250,2519
97316094215,97316094211,-4,1688,3400
97331072065,97331072062,-3,1265,2019
97331138233,97331138255,22,705,2920
97331628534,97331628528,-6,1164,3389
97340021855,97340021850,-5,912,4009
97348090426,97348090421,-5,638,3122
97351435359,97351435354,-5,1432,3051
97354247825,97354247821,-4,948,2627
97356732311,97356732309,-2,813,1798
97361374634,97361374638,4,4796,3302
97366778938,97366778934,-4,1026,2380
97373666373,97373666368,-5,1006,3381
97377323258,97377323254,-4,882,3133
97381339887,97381339881,-6,816,2307
97382125346,97382125341,-5,1358,3382
97382295194,97382295209,15,955,3414
97384892457,97384892455,-2,904,1249
97389274930,97389274926,-4,1517,3785
97393401170,97393401160,-10,714,2623
97403261770,97403261763,-7,1056,2351
97403566211,97403566226,15,286,1285
97404555708,97404555702,-6,1119,2503
97405325310,97405325306,-4,1131,2731
97406247894,97406247889,-5,1288,4041
97407184492,97407184510,18,843,1922
97411477479,97411477475,-4,1210,3456
97419370201,97419370197,-4,615,2720
97426798402,97426798399,-3,1223,2978
97427679725,97427679721,-4,1306,3695
97428338830,97428338827,-3,1206,2619
97428528545,97428528554,9,216,1509
97429866364,97429866359,-5,999,2774
97429971420,97429971415,-5,1113,2058
97430896386,97430896381,-5,1235,2908
97436602911,97436602910,-1,547,2848
97438779565,97438779561,-4,1511,3539
97441301675,97441301666,-9,1075,2813
97445089820,97445089818,-2,1162,2173
97448728699,97448728698,-1,541,1506
97449625171,97449625175,4,280,1524
97450739343,97450739340,-3,1453,2838
97451591615,97451591611,-4,903,2239
97452915933,97452915926,-7,1745,4513
97458189907,97458189907,0,920,1507
97458576011,97458576010,-1,1499,2464
97464663314,97464663307,-7,909,5085
97468520269,97468520265,-4,774,2864
97473773698,97473773697,-1,1395,1913
97481688491,97481688471,-20,201,1943
97487979125,97487979121,-4,772,3022
97488724835,97488724829,-6,917,2240
97496115046,97496115041,-5,1071,3700
97500326767,97500326773,6,3007,1213
97506502618,97506502614,-4,1859,3255
97508502911,97508502906,-5,1014,3660
97510101058,97510101051,-7,847,2596
97515935292,97515935300,8,11573,35907
97521622445,97521622442,-3,752,2196
97522208051,97522208045,-6,1107,5151
97522877711,97522877707,-4,1412,2503
97534161930,97534161924,-6,1163,2457
97538974371,97538974366,-5,933,3374
97547702007,97547702002,-5,1094,3254
97552652430,97552652426,-4,959,3342
97555242098,97555242093,-5,1244,3133
97559654125,97559654122,-3,1610,3562
97560829252,97560829245,-7,1634,3859
97561306618,97561306614,-4,1122,3236
97562587037,97562587033,-4,841,2144
97562685697,97562685682,-15,61,792
97567779585,97567779582,-3,881,1838
97568809402,97568809411,9,50,883
97574222500,97574222497,-3,1752,3634
97575820457,97575820451,-6,948,3809
97579436049,97579436052,3,9578,6562
97581353958,97581353953,-5,1106,2403
97595018374,97595018370,-4,1111,3042
97596963301,97596963296,-5,843,3757
97597782431,97597782426,-5,1291,2661
97600334146,97600334142,-4,1311,2955
97602271911,97602271906,-5,1202,3194
97611239791,97611239785,-6,989,3052
97612143842,97612143858,16,947,3421
97616563276,97616563293,17,708,2056
97621987158,97621987154,-4,602,3044
97627685017,97627685012,-5,1229,2872
97631619058,97631619054,-4,814,3109
97635477609,97635477603,-6,851,4411
97637794075,97637794071,-4,1127,2101
97638469330,97638469324,-6,1233,3375
97651141486,97651141482,-4,1277,2652
97655027733,97655027737,4,2263,1433
97660724507,97660724500,-7,722,3434
97661447164,97661447158,-6,1098,4391
97661724291,97661724309,18,865,3552
97665408287,97665408282,-5,754,2551
97673423351,97673423346,-5,1449,2900
97675836123,97675836126,3,1262,1534
97678537530,97678537526,-4,1357,3431
97678810275,97678810281,6,1408,724
97680293711,97680293707,-4,743,1700
97687736626,97687736631,5,2231,992
97688377413,97688377408,-5,1026,3023
97695821196,97695821191,-5,819,3376
97697722163,97697722150,-13,29,780
97700981515,97700981510,-5,970,2742
97701300065,97701300060,-5,466,995
97701864258,97701864277,19,62,1314
97708269016,97708269011,-5,1499,4072
97720919322,97720919318,-4,42658,17138
97723470351,97723470350,-1,1005,1160
97725249571,97725249574,3,2777,1980
97734314943,97734314937,-6,1123,3316
97739937902,97739937897,-5,1234,2771
97746158639,97746158635,-4,811,3339
97749230037,97749230033,-4,1127,3162
97755873459,97755873455,-4,1234,2370
97764258910,97764258906,-4,620,1553
97768782253,97768782250,-3,968,2481
97768893300,97768893318,18,952,3864
97769531037,97769531039,2,15454,13977
97774953685,97774953678,-7,1081,4137
97775273842,97775273837,-5,800,2547
97779293130,97779293125,-5,1034,4119
97781660934,97781660927,-7,992,4679
97793041821,97793041817,-4,590,1289
97794993344,97794993339,-5,1554,4237
97797322204,97797322201,-3,934,3047
97800137377,97800137373,-4,1974,5209
97801478180,97801478175,-5,1277,2356
97804145058,97804145054,-4,831,2468
97808705351,97808705346,-5,678,3073
97812844121,97812844127,6,4544,1791
97813529982,97813529975,-7,941,3357
97814017588,97814017607,19,987,3616
97814211022,97814211015,-7,1020,2421
97815200851,97815200834,-17,911,2566
97818221202,97818221189,-13,885,476
97820310394,97820310401,7,3269,1004
97823366458,97823366456,-2,847,2427
97833331144,97833331137,-7,993,4707
97833774212,97833774231,19,605,1875
97835780230,97835780226,-4,1002,2551
97837251500,97837251495,-5,793,2825
97843092931,97843092936,5,12892,24553
97852942757,97852942752,-5,488,1047
97853333994,97853334003,9,8898,28101
97868140827,97868140823,-4,1352,2752
97875085301,97875085296,-5,987,3316
97878311198,97878311198,0,615,1070
97880663378,97880663373,-5,1149,1963
97881286590,97881286585,-5,891,3303
97881488371,97881488365,-6,1011,3136
97883621383,97883621381,-2,1181,1861
97889360935,97889360930,-5,1231,2723
97891757542,97891757538,-4,823,2762
97893596123,97893596118,-5,1248,3238
97904404941,97904404934,-7,1115,5935
97905578193,97905578187,-6,1231,5083
97907988542,97907988536,-6,644,3822
97912148303,97912148297,-6,1239,3606
97917002623,97917002621,-2,1071,3230
97921104297,97921104293,-4,977,2560
97924335774,97924335769,-5,1028,3110
97926824914,97926824912,-2,1274,2729
97929907467,97929907463,-4,991,3990
97932058893,97932058888,-5,1469,3672
97935688817,97935688813,-4,1137,2653
97936897006,97936897002,-4,1345,3603
97939295784,97939295777,-7,977,1927
97941404012,97941404009,-3,1076,1568
97946873471,97946873465,-6,1023,2756
97948621470,97948621465,-5,877,2373
97948805474,97948805490,16,1052,3607
97954287204,97954287198,-6,1527,4071
97955190362,97955190356,-6,1037,3001
97958013614,97958013609,-5,901,3223
97959547417,97959547412,-5,631,3171
97960544166,97960544160,-6,1857,8555
97963328801,97963328802,1,1140,2027
97979379906,97979379902,-4,1099,2604
97981152524,97981152517,-7,836,2351
97981741531,97981741526,-5,902,2934
97984378841,97984378837,-4,822,2659
97989238067,97989238071,4,2246,1433
97992188626,97992188622,-4,992,2476
97992751410,97992751404,-6,1518,3874
97993376287,97993376282,-5,498,916
97993679684,97993679679,-5,1095,3429
97993787730,97993787729,-1,1333,2711
97996559594,97996559595,1,959,1448
97997735954,97997735970,16,832,1420
98002869711,98002869707,-4,949,1968
98006229970,98006229967,-3,1051,3202
98007221315,98007221311,-4,982,2150
98008023587,98008023582,-5,1004,2174
98010255290,98010255285,-5,1063,3325
98010976489,98010976486,-3,1143,3553
98011054800,98011054810,10,525,1771
98017122901,98017122897,-4,1064,3360
98024275129,98024275130,1,1331,1680
98027468092,98027468087,-5,1150,3444
98032509951,98032509945,-6,1262,3173
98034707863,98034707869,6,3579,1324
98037449624,98037449617,-7,2315,7630
98038175431,98038175426,-5,1311,3030
98047856955,98047856951,-4,670,1751
98049864420,98049864416,-4,1170,2893
98049979019,98049979013,-6,1209,2811
98055995447,98055995441,-6,742,3634
98058515051,98058515045,-6,926,3038
98063752862,98063752858,-4,832,2034
98068306195,98068306190,-5,843,2970
98068481752,98068481766,14,906,3571
98069464334,98069464330,-4,139,1709
98071034098,98071034105,7,267,1270
98071280577,98071280575,-2,597,1948
98071307117,98071307117,0,1166,1214
98072246974,98072246970,-4,712,3738
98072275552,98072275567,15,161,715
98087416058,98087416050,-8,667,3073
98094749845,98094749839,-6,1129,3339
98096199640,98096199638,-2,1551,2608
98099408682,98099408677,-5,1438,3552
98103698818,98103698813,-5,1187,2799
98111018432,98111018428,-4,1003,2655
98111194332,98111194346,14,436,2183
98111722599,98111722594,-5,571,1945
98113505210,98113505215,5,2087,1414
98118227266,98118227261,-5,900,2544
98121580015,98121580010,-5,757,1932
98121895528,98121895527,-1,24672,39769
98122729978,98122729973,-5,1132,3691
98128186184,98128186178,-6,1100,2207
98132105157,98132105152,-5,1191,3193
98135683924,98135683919,-5,663,2869
98137412062,98137412059,-3,982,2566
98148429214,98148429210,-4,1320,2852
98151938289,98151938284,-5,1350,3637
98154940711,98154940706,-5,1290,4050
98156123786,98156123781,-5,927,2541
98156179876,98156179876,0,56,735
98157666294,98157666287,-7,2001,2681
98158434460,98158434478,18,841,2523
98158994775,98158994770,-5,1014,3045
98159685018,98159685011,-7,1244,2880
98159779745,98159779754,9,168,593
98162951452,98162951446,-6,829,3217
98164290593,98164290592,-1,2811,3995
98168793426,98168793425,-1,1162,1680
98169539490,98169539486,-4,2108,6751
98172068694,98172068690,-4,1026,3292
98172269068,98172269062,-6,155,974
98175641747,98175641742,-5,765,2437
98180285751,98180285745,-6,1218,2568
98182808189,98182808207,18,904,2492
98188096153,98188096149,-4,1445,3443
98190731130,98190731124,-6,1209,3130
98196077870,98196077866,-4,1143,2474
98196985928,98196985922,-6,1106,4861
98198766543,98198766541,-2,905,3134
98203766679,98203766673,-6,1285,4877
98205032520,98205032514,-6,1570,4801
98210312274,98210312270,-4,829,2252
98225683870,98225683865,-5,712,4406
98226396631,98226396628,-3,1023,2622
98235522410,98235522406,-4,1100,3847
98235615504,98235615495,-9,972,3201
98237281370,98237281365,-5,646,1888
98239491537,98239491534,-3,1260,3447
98239813675,98239813672,-3,959,2504
98243751691,98243751689,-2,1164,2071
98247101259,98247101253,-6,865,2955
98250188750,98250188744,-6,999,2405
98251824937,98251824938,1,1204,1843
98251948766,98251948763,-3,1025,2745
98252185151,98252185144,-7,912,3013
98255566774,98255566783,9,1648,1520
98258491102,98258491097,-5,1331,4463
98264346113,98264346106,-7,1272,3318
98267100634,98267100630,-4,809,2749
98271354818,98271354815,-3,643,2327
98272460658,98272460654,-4,1041,3436
98272866905,98272866922,17,290,1823
98273179953,98273179952,-1,152,1098
98275227288,98275227283,-5,1287,2731
98280392333,98280392327,-6,1100,3688
98282171333,98282171328,-5,1207,3323
98290078683,98290078679,-4,715,3283
98291049296,98291049292,-4,1024,3386
98291817708,98291817727,19,1089,4215
98296203306,98296203310,4,1495,1107
98306166890,98306166898,8,2829,1061
98309668909,98309668905,-4,1148,3111
98309776448,98309776428,-20,128,1561
98310980800,98310980794,-6,1301,4013
98315461242,98315461238,-4,1421,3831
98320081002,98320081002,0,1199,1727
98332021735,98332021729,-6,1080,4146
98332339468,98332339449,-19,826,2812
98332703329,98332703314,-15,270,1119
98334755775,98334755771,-4,1190,3152
98335326747,98335326742,-5,942,2301
98336115748,98336115766,18,336,2229
98344072565,98344072561,-4,1065,2518
98344350382,98344350376,-6,1188,4043
98349236118,98349236113,-5,1120,4506
98350208471,98350208470,-1,1252,1565
98352812715,98352812710,-5,374,1895
98356013085,98356013079,-6,1561,3651
98362142635,98362142632,-3,1250,2322
98365454578,98365454577,-1,661,1494
98365489611,98365489608,-3,1048,3120
98368810285,98368810278,-7,944,3609
98369090434,98369090422,-12,223,1518
98371704547,98371704543,-4,1315,2349
98372169259,98372169242,-17,733,3190
98377380970,98377380969,-1,1108,3421
98378184942,98378184935,-7,885,3762
98378941637,98378941633,-4,1029,3254
98381077161,98381077167,6,3780,933
98382345722,98382345721,-1,1254,2649
98387073285,98387073280,-5,977,3617
98387947310,98387947305,-5,976,2234
98392704554,98392704549,-5,998,2463
98393943977,98393943970,-7,1261,3650
98395789351,98395789360,9,13948,27768
98403837338,98403837334,-4,773,3304
98407673880,98407673872,-8,822,2301
98408646628,98408646634,6,177,793
98413797837,98413797833,-4,1105,2807
98414391121,98414391125,4,3698,3827
98417103304,98417103298,-6,1935,4388
98420643729,98420643725,-4,993,3556
98421815735,98421815731,-4,1045,2882
98422961086,98422961081,-5,1808,5530
98426278871,98426278867,-4,1034,4279
98427875857,98427875852,-5,1484,3107
98428163306,98428163299,-7,861,1925
98429144110,98429144105,-5,1090,2956
98436170850,98436170843,-7,697,2659
98436250506,98436250522,16,720,2373
98440090272,98440090267,-5,1105,2707
98440289884,98440289898,14,126,1587
98443420121,98443420126,5,3340,1424
98450470453,98450470447,-6,900,3542
98453966205,98453966199,-6,730,3474
98455194354,98455194349,-5,1102,3200
98455245559,98455245555,-4,846,2468
98458203635,98458203631,-4,1080,2840
98458742122,98458742113,-9,70,948
98461807882,98461807882,0,1960,4051
98464646334,98464646329,-5,1062,2174
98470678530,98470678525,-5,576,2263
98471919245,98471919241,-4,1054,3153
98473869857,98473869854,-3,880,3602
98479071647,98479071640,-7,986,2447
98482119743,98482119739,-4,740,3389
98488103218,98488103215,-3,1408,2129
98489873758,98489873753,-5,992,2520
98493632591,98493632591,0,2485,2486
98494776413,98494776410,-3,908,2057
98501229641,98501229636,-5,743,1909
98504100030,98504100026,-4,843,2640
98504530704,98504530727,23,246,976
98510780378,98510780374,-4,1136,3664
98510989623,98510989616,-7,1208,4901
98511418099,98511418094,-5,806,4178
98513997553,98513997546,-7,900,1995
98518404956,98518404961,5,2509,1650
98526947704,98526947694,-10,25927,19334
98529352685,98529352681,-4,1464,2824
98531636833,98531636828,-5,1488,4976
98531722703,98531722698,-5,1468,4179
98544947401,98544947402,1,1404,1963
98545410850,98545410846,-4,708,2368
98546325701,98546325698,-3,21762,14356
98553916750,98553916744,-6,601,3691
98561990615,98561990614,-1,763,1745
98562537967,98562537962,-5,973,3323
98566600742,98566600737,-5,1258,4013
98574820467,98574820474,7,5920,1917
98575364061,98575364061,0,16118,16352
98576925034,98576925030,-4,1201,3078
98578731749,98578731742,-7,1308,3692
98580366438,98580366434,-4,1475,3757
98580939667,98580939662,-5,1099,2841
98583016830,98583016826,-4,1399,3636
98583148977,98583148974,-3,892,2346
98583444059,98583444045,-14,733,2065
98584757618,98584757620,2,1305,1004
98586327978,98586327973,-5,1433,6026
98587437091,98587437086,-5,937,3086
98591927004,98591926999,-5,779,2433
98594080710,98594080703,-7,820,2763
98598872676,98598872670,-6,1153,3457
98600025946,98600025961,15,696,2677
98603123627,98603123623,-4,816,1502
98605957297,98605957293,-4,1087,3680
98606919533,98606919527,-6,1077,2732
98609366835,98609366828,-7,1078,3035
98616321126,98616321122,-4,363,1563
98618331895,98618331902,7,8492,30387
98619357910,98619357907,-3,1581,2097
98624729955,98624729962,7,16294,45437
98632791747,98632791743,-4,1279,2928
98633601472,98633601466,-6,981,3085
98636575455,98636575462,7,245,1090
98638496169,98638496165,-4,910,2906
98642804675,98642804671,-4,1268,4073
98643191709,98643191709,0,2880,3673
98643516175,98643516178,3,8496,7572
98643791291,98643791304,13,195,901
98647406437,98647406433,-4,1363,4211
98648565098,98648565090,-8,1207,2921
98656941673,98656941670,-3,1164,2532
98657138019,98657137997,-22,1235,3483
98660297751,98660297745,-6,640,2180
98660616442,98660616460,18,596,2346
98667686089,98667686086,-3,1349,2219
98670927170,98670927175,5,2346,1624
98673131246,98673131239,-7,1093,2453
98675102479,98675102473,-6,806,2310
98675404611,98675404622,11,364,1659
98688706985,98688706981,-4,978,1919
98690295832,98690295849,17,746,1397
98692883335,98692883330,-5,1281,4504
98693667953,98693667949,-4,1251,2433
98694861837,98694861833,-4,1173,3427
98695218066,98695218083,17,1297,3965
98698064111,98698064107,-4,1044,3804
98701329308,98701329306,-2,2083,4389
98707472167,98707472162,-5,928,2830
98707765513,98707765527,14,456,1805
98710652058,98710652053,-5,1091,3330
98711227491,98711227487,-4,1056,3011
98712438150,98712438150,0,1365,1284
98714884390,98714884387,-3,1264,2882
98718347319,98718347314,-5,851,3849
98718547521,98718547517,-4,1509,2787
98725913834,98725913829,-5,739,2181
98727782678,98727782673,-5,1022,2985
98730135390,98730135385,-5,1508,4224
98732761947,98732761951,4,1832,1268
98737270901,98737270897,-4,720,2093
98751383879,98751383887,8,11793,19488
98756081649,98756081646,-3,1524,2588
98765824689,98765824685,-4,794,2145
98768920589,98768920585,-4,1001,2240
98778342223,98778342217,-6,1111,2377
98780663858,98780663854,-4,1123,3189
98782013085,98782013078,-7,1217,4057
98784579925,98784579946,21,905,2514
98787716366,98787716361,-5,903,2711
98792915161,98792915158,-3,1479,3997
98793904689,98793904685,-4,1407,3501
98794015294,98794015298,4,3580,2611
98802628909,98802628902,-7,1215,3726
98803185251,98803185242,-9,1223,3351
98803376364,98803376382,18,955,3012
98815887087,98815887079,-8,1020,2708
98818032363,98818032358,-5,998,4426
98818881695,98818881690,-5,786,2769
98824458895,98824458889,-6,717,3236
98825232323,98825232327,4,2681,1589
98828539517,98828539511,-6,1013,3712
98828638995,98828638982,-13,720,2641
98830645810,98830645805,-5,836,2855
98831295884,98831295878,-6,1154,4324
98836755378,98836755377,-1,1217,1977
98838318534,98838318528,-6,732,2372
98839843895,98839843897,2,1385,1495
98841184275,98841184294,19,661,1634
98842884158,98842884152,-6,952,2838
98845750653,98845750653,0,1656,2865
98846382821,98846382815,-6,1137,3499
98854975759,98854975755,-4,1338,3367
98856756054,98856756050,-4,960,1963
98863227255,98863227250,-5,1424,4207
98863972697,98863972692,-5,670,3416
98865296274,98865296279,5,24,984
98868459592,98868459587,-5,1006,3112
98869710030,98869710037,7,4478,1791
98869818341,98869818343,2,2705,2862
98877131270,98877131265,-5,1029,3142
98880083406,98880083402,-4,991,2900
98882015170,98882015166,-4,1023,3276
98884914881,98884914874,-7,1415,5025
98886761223,98886761219,-4,934,3132
98887077610,98887077626,16,1244,2603
98888064701,98888064694,-7,1116,3187
98888150547,98888150553,6,157,1147
98891157426,98891157422,-4,976,2519
98894681642,98894681637,-5,1317,2499
98907591280,98907591270,-10,20056,15003
98916407539,98916407533,-6,1017,2819
98918410807,98918410802,-5,1208,3384
98918787440,98918787435,-5,741,1810
98938090652,98938090645,-7,1643,9365
98941692647,98941692641,-6,1453,4332
98942489513,98942489507,-6,497,2008
98943393650,98943393646,-4,1089,2969
98945081628,98945081628,0,1465,2405
98952004372,98952004368,-4,756,3298
98959591541,98959591537,-4,1259,2901
98964495051,98964495045,-6,1468,3189
98965112486,98965112492,6,15918,23137
98966930559,98966930552,-7,879,3337
98973900378,98973900374,-4,1046,3960
98975837808,98975837830,22,816,3714
98980272515,98980272511,-4,907,3051
98980793061,98980793075,14,7941,46156
98981586491,98981586483,-8,292,1050
98983909435,98983909432,-3,1155,2564
98984611711,98984611708,-3,702,2064
98986495310,98986495305,-5,1030,3143
98986532340,98986532355,15,1141,4267
98990604022,98990604018,-4,1478,3496
98998944075,98998944070,-5,973,2672
99001645860,99001645860,0,4551,16972
99005411098,99005411095,-3,1071,2951
99006680241,99006680261,20,404,2603
99009955374,99009955371,-3,930,2364
99010641326,99010641322,-4,1079,2721
99017185856,99017185851,-5,1039,3324
99024623558,99024623553,-5,1082,1936
99025276186,99025276206,20,1009,2488
99032804760,99032804755,-5,1169,4384
99042586499,99042586493,-6,1347,2922
99043991190,99043991186,-4,738,3565
99046572435,99046572429,-6,765,2149
99047991998,99047991991,-7,996,3507
99048416178,99048416173,-5,1042,2380
99049775798,99049775794,-4,1139,2524
99050643886,99050643881,-5,641,3265
99050841953,99050841973,20,559,1860
99053582030,99053582025,-5,1505,3505
99054845245,99054845240,-5,1637,4180
99055438885,99055438879,-6,775,3756
99069669078,99069669078,0,877,2031
99070885803,99070885821,18,831,3529
99071472023,99071472022,-1,4681,8626
99074465686,99074465681,-5,1497,3217
99078610842,99078610861,19,124,664
99081138717,99081138711,-6,1172,3452
99088236053,99088236049,-4,1314,3186
99089296969,99089296960,-9,1007,2714
99090903254,99090903247,-7,763,3219
99091694943,99091694938,-5,714,1958
99091975906,99091975893,-13,991,4046
99092544298,99092544319,21,233,1260
99096978530,99096978531,1,1340,1567
99099833759,99099833755,-4,922,3163
99103391769,99103391765,-4,937,3025
99110611222,99110611243,21,951,2748
99110938380,99110938377,-3,940,2528
99111339203,99111339200,-3,678,2162
99113843669,99113843665,-4,1027,3522
99115325768,99115325762,-6,1164,2806
99116931077,99116931072,-5,1390,3734
99123588255,99123588249,-6,1277,3471
99126629481,99126629478,-3,640,2635
99128343782,99128343788,6,3360,1628
99128683360,99128683345,-15,766,2675
99128957139,99128957133,-6,1211,4877
99129653339,99129653332,-7,822,3539
99137218359,99137218355,-4,511,803
99142673399,99142673394,-5,1032,2967
99143013683,99143013677,-6,739,3236
99143757347,99143757343,-4,1398,3878
99143858955,99143858949,-6,911,3605
99149154589,99149154582,-7,899,2500
99152366735,99152366732,-3,1094,2500
99157198165,99157198164,-1,1809,2597
99159971614,99159971607,-7,853,4330
99160650500,99160650518,18,665,2513
99163098446,99163098451,5,727,1895
99169633516,99169633510,-6,1037,3676
99171075506,99171075502,-4,1108,3242
99172054439,99172054434,-5,1097,3492
99173756930,99173756925,-5,1191,2720
99175967367,99175967363,-4,921,2907
99176976189,99176976184,-5,1164,3046
99190269302,99190269300,-2,1069,2326
99198721958,99198721951,-7,892,2383
99202543331,99202543322,-9,693,2521
99205626159,99205626154,-5,993,2731
99206144674,99206144695,21,443,1119
99211626075,99211626071,-4,765,3185
99213992508,99213992498,-10,30473,16615
99215584137,99215584130,-7,804,3194
99216125222,99216125219,-3,878,2803
99229735663,99229735657,-6,986,3141
99237647877,99237647874,-3,2171,5605
99237979479,99237979478,-1,1082,2479
99239209308,99239209321,13,69,852
99242339751,99242339766,15,1009,2864
99243439174,99243439169,-5,1108,3480
99244573835,99244573830,-5,978,3463
99245282267,99245282265,-2,880,2383
99245709619,99245709614,-5,606,2113
99247094903,99247094899,-4,1499,3364
99249735440,99249735436,-4,982,2275
99250820397,99250820393,-4,1272,2954
99252580671,99252580666,-5,1158,3181
99254204673,99254204661,-12,139,812
99255298931,99255298926,-5,993,2999
99261321503,99261321497,-6,939,2304
99269146410,99269146405,-5,1240,2861
99275076135,99275076131,-4,1073,2790
99276875938,99276875932,-6,1373,4938
99282699225,99282699218,-7,971,3073
99290481361,99290481358,-3,1354,3397
99290562744,99290562738,-6,270,1185
99292175844,99292175839,-5,962,3497
99292406840,99292406859,19,1047,3173
99294018367,99294018366,-1,550,1471
99299829439,99299829436,-3,670,1476
99307568257,99307568253,-4,1183,3956
99308441948,99308441930,-18,1228,2064
99309096943,99309096938,-5,1323,2419
99311045606,99311045603,-3,923,3460
99312327853,99312327849,-4,616,2578
99316121567,99316121567,0,1268,1608
99316295820,99316295816,-4,1321,2701
99319967243,99319967241,-2,449,1067
99329934603,99329934594,-9,526,2747
99332836262,99332836255,-7,1085,2978
99334896186,99334896182,-4,794,3324
99335259318,99335259314,-4,1150,2685
99335838876,99335838870,-6,1197,3550
99337392762,99337392760,-2,1108,1837
99341377105,99341377100,-5,1080,2885
99342353930,99342353945,15,515,2076
99345416991,99345416983,-8,839,2854
99346289295,99346289290,-5,1007,3122
99352368325,99352368321,-4,950,2315
99362138866,99362138861,-5,993,2124
99362623070,99362623065,-5,1124,3136
99366602673,99366602665,-8,1193,3106
99368876655,99368876649,-6,1253,3425
99369152329,99369152322,-7,1277,2317
99370952130,99370952125,-5,971,2986
99378093279,99378093273,-6,1250,3496
99383332614,99383332610,-4,749,2618
99389743051,99389743046,-5,918,2530
99391663294,99391663290,-4,1125,3484
99393853863,99393853857,-6,1053,3576
99404425561,99404425555,-6,1219,3281
99408291697,99408291697,0,1265,1146
99409060706,99409060698,-8,1279,5565
99409749089,99409749095,6,8521,4432
99414098179,99414098174,-5,970,3058
99414238050,99414238046,-4,587,2403
99423514731,99423514725,-6,736,1895
99424573000,99424572994,-6,1008,3011
99432508450,99432508446,-4,899,2732
99436710740,99436710733,-7,1021,2350
99436785930,99436785927,-3,145,1120
99447758635,99447758630,-5,928,1767
99450465027,99450465032,5,1621,1067
99454233565,99454233569,4,2045,1597
99456981643,99456981638,-5,1351,3602
99460545332,99460545315,-17,1069,246
99461524013,99461524016,3,2239,1512
99473239333,99473239328,-5,1067,2411
99481369278,99481369283,5,1866,1217
99481468191,99481468186,-5,1083,2198
99485740568,99485740564,-4,764,2785
99486094926,99486094922,-4,1107,2334
99487373121,99487373115,-6,832,4151
99489401113,99489401108,-5,942,2801
99490245555,99490245570,15,699,2589
99491419549,99491419555,6,663,511
99502021212,99502021217,5,2574,1405
99502861286,99502861279,-7,885,2388
99503802156,99503802171,15,860,2889
99506033109,99506033105,-4,2554,5859
99508474236,99508474226,-10,1063,1437
99512658701,99512658698,-3,1513,2293
99516672066,99516672061,-5,953,6211
99518359490,99518359489,-1,1099,2862
99523612003,99523611995,-8,1016,3874
99523867002,99523867017,15,675,2060
99524762180,99524762174,-6,840,3207
99526752592,99526752585,-7,1153,4330
99531069946,99531069941,-5,858,3130
99531653187,99531653182,-5,1639,3758
99551223674,99551223670,-4,1757,3739
99558305875,99558305870,-5,1263,2848
99573131708,99573131702,-6,998,3911
99578608512,99578608506,-6,1229,2870
99578766649,99578766657,8,248,1347
99582820652,99582820648,-4,814,3405
99587131572,99587131566,-6,866,3633
99606347083,99606347083,0,968,1237
99613234995,99613234991,-4,1110,3055
99619439774,99619439769,-5,760,2975
99625287246,99625287242,-4,1171,2635
99625944026,99625944021,-5,944,2426
99640840539,99640840522,-17,907,1991
99645894745,99645894742,-3,1381,3099
99646340383,99646340377,-6,1099,2737
99648330718,99648330713,-5,1140,2819
99650071447,99650071446,-1,1382,2055
99652041987,99652041981,-6,1051,2959
99663083951,99663083945,-6,1246,3641
99663215090,99663215089,-1,1106,1972
99664129703,99664129696,-7,830,2839
99666609382,99666609375,-7,693,3317
99671424690,99671424687,-3,942,3302
99671755193,99671755191,-2,1123,1519
99672363252,99672363248,-4,889,3055
99673628466,99673628454,-12,1370,765
99676712051,99676712049,-2,956,2656
99681280984,99681280982,-2,1024,1316
99689421593,99689421591,-2,538,1680
99689930722,99689930717,-5,965,3053
99691098058,99691098074,16,782,1795
99694415321,99694415317,-4,1221,2458
99695217954,99695217974,20,1303,2693
99696457629,99696457625,-4,1165,2483
99699164811,99699164807,-4,846,3736
99712353354,99712353375,21,238,2037
99713111510,99713111505,-5,1102,2683
99714547696,99714547694,-2,1282,1160
99715102554,99715102537,-17,130,1288
99715858717,99715858712,-5,902,3369
99716367059,99716367074,15,964,2162
99719288099,99719288091,-8,634,2891
99724380678,99724380668,-10,749,403
99724548361,99724548374,13,384,1496
99729737547,99729737543,-4,884,2080
99731952443,99731952438,-5,1166,2650
99737827822,99737827817,-5,1006,2097
99752540907,99752540902,-5,823,2263
99754723938,99754723934,-4,1526,3596
99766480775,99766480770,-5,969,1985
99766784771,99766784766,-5,1105,3619
99772250563,99772250566,3,2028,1394
99772883354,99772883349,-5,1071,3027
99775420399,99775420394,-5,1033,2644
99778074809,99778074807,-2,1420,2445
99779848318,99779848314,-4,1056,2887
99784521084,99784521079,-5,1281,4157
99785665191,99785665187,-4,1052,1902
99785933101,99785933095,-6,1184,3439
99787542386,99787542382,-4,1043,2935
99798598698,99798598695,-3,2834,5845
99802646483,99802646478,-5,1076,3530
99804547116,99804547135,19,706,2048
99804693314,99804693309,-5,887,3303
99806694750,99806694746,-4,1350,3045
99817553391,99817553389,-2,1158,2606
99832270079,99832270075,-4,935,2887
99832883850,99832883843,-7,896,3324
99837034170,99837034166,-4,495,1234
99842901299,99842901298,-1,2555,4157
99844942317,99844942312,-5,536,2380
99847313010,99847313003,-7,1108,2839
99852475158,99852475153,-5,1182,3003
99857154143,99857154138,-5,1231,4393
99863267682,99863267675,-7,1271,3785
99865296566,99865296562,-4,992,3594
99867251899,99867251894,-5,961,2903
99868947319,99868947316,-3,1043,1732
99870716339,99870716356,17,2287,774
99877962332,99877962330,-2,1046,2267
99879340203,99879340197,-6,1105,2124
99879450395,99879450391,-4,782,2598
99883205531,99883205528,-3,558,1807
99885078535,99885078530,-5,1109,2361
99889849406,99889849399,-7,1258,3663
99893036701,99893036694,-7,1032,4878
99894404994,99894404989,-5,1070,2462
99908735867,99908735861,-6,391,1385
99909793370,99909793352,-18,2898,1464
99927566031,99927566026,-5,741,2744
99928010241,99928010221,-20,1089,1829
99928384715,99928384702,-13,249,1290
99937332954,99937332950,-4,1167,2897
99937699985,99937699978,-7,1197,3251
99938001690,99938001710,20,890,2630
99940486664,99940486660,-4,804,2822
99940936283,99940936277,-6,462,1185
99942421090,99942421086,-4,1056,4107
99944671182,99944671178,-4,602,1872
99950101773,99950101769,-4,1535,3123
99950221789,99950221787,-2,1304,3068
99954454621,99954454617,-4,952,3188
99954757520,99954757538,18,616,1817
99956026125,99956026122,-3,1158,3712
99962807678,99962807671,-7,928,4600
99964792515,99964792508,-7,839,3589
99967736486,99967736506,20,1052,2931
99969221405,99969221400,-5,1374,3178
99969421663,99969421658,-5,990,3554
99970053375,99970053369,-6,987,3794
99975725625,99975725618,-7,1008,4073
99976368228,99976368223,-5,1399,3062
99984340663,99984340657,-6,1748,5465
99986966571,99986966571,0,751,1698
99987322418,99987322399,-19,205,878
99989788322,99989788329,7,3760,3209
99991357876,99991357883,7,2594,1345
99993180365,99993180359,-6,1289,3421
99995503344,99995503338,-6,1046,4375
99999414595,99999414591,-4,1369,3569
100002358509,100002358502,-7,869,3190
100008281073,100008281069,-4,938,2578
100012272641,100012272637,-4,910,2797
100013091364,100013091373,9,10460,32205
100013513338,100013513334,-4,836,2980
100016776918,100016776912,-6,501,2254
100018384810,100018384804,-6,821,3348
100018547504,100018547521,17,100,589
100020367574,100020367570,-4,1063,3293
100022285483,100022285502,19,576,1597
100024660497,100024660496,-1,1681,2027
100024900153,100024900169,16,184,1059
100025844173,100025844178,5,2166,1407
100031782601,100031782606,5,1505,1110
100033499650,100033499666,16,781,3391
100038697101,100038697094,-7,1800,5646
100040349346,100040349343,-3,1119,2818
100044079538,100044079533,-5,1144,2588
100047982927,100047982929,2,1445,1379
100048359213,100048359209,-4,1147,2298
100050103226,100050103215,-11,1414,704
100050179810,100050179797,-13,240,831
100055323523,100055323518,-5,1211,3576
100055892715,100055892710,-5,1039,3039
100056677809,100056677805,-4,940,3622
100057486922,100057486918,-4,246,1341
100058953847,100058953842,-5,1107,3382
100061380888,100061380873,-15,197,732
100064048183,100064048178,-5,1346,3933
100065073217,100065073213,-4,1120,1478
100066725832,100066725826,-6,1092,1699
100067036370,100067036390,20,1258,3787
100067431832,100067431823,-9,59,924
100068090587,100068090607,20,1130,2603
100072347213,100072347209,-4,1198,3077
100077528063,100077528058,-5,1061,3001
100079584550,100079584544,-6,699,2880
100089396866,100089396868,2,6223,22888
100090542741,100090542742,1,1666,1602
100093511518,100093511514,-4,939,2499
100098539590,100098539590,0,7743,8009
100098642977,100098642973,-4,1048,2198
100100527757,100100527756,-1,1231,2106
100102355741,100102355735,-6,847,2331
100103616961,100103616980,19,90,1455
100105112595,100105112589,-6,1029,2607
100106442826,100106442821,-5,986,4079
100107584206,100107584201,-5,1323,2831
100108087643,100108087639,-4,758,2560
100111041245,100111041247,2,1426,1064
100118201648,100118201658,10,18194,31801
100118663996,100118663990,-6,1114,2992
100119563057,100119563077,20,119,1398
100120596346,100120596342,-4,1096,2422
100123486447,100123486442,-5,1021,3677
100125062206,100125062201,-5,1032,3734
100125345979,100125345973,-6,772,3939
100126198051,100126198045,-6,131,544
100126698643,100126698638,-5,708,3165
100127057179,100127057158,-21,999,2517
100132054561,100132054560,-1,1432,2671
100132941296,100132941292,-4,1654,3787
100133171528,100133171522,-6,921,1688
100148883612,100148883607,-5,951,2355
100151638371,100151638363,-8,741,3204
100152517386,100152517382,-4,1763,3648
100152545258,100152545254,-4,1082,2632
100156695571,100156695566,-5,823,3074
100169588811,100169588806,-5,912,3989
100182184765,100182184759,-6,854,2417
100184453623,100184453634,11,13718,33997
100185083602,100185083596,-6,1238,4279
100186510963,100186510957,-6,809,2177
100186878809,100186878829,20,833,2627
100190448191,100190448194,3,1524,1837
100192108179,100192108176,-3,825,3026
100193638923,100193638918,-5,1571,3195
100207580322,100207580331,9,262,640
100208837226,100208837218,-8,1087,4037
100212769094,100212769090,-4,792,3169
100213404586,100213404604,18,1059,3548
100217938042,100217938039,-3,1180,3282
100221627434,100221627430,-4,1335,2097
100222171274,100222171271,-3,1064,3604
100222230228,100222230235,7,2010,974
100225055502,100225055509,7,18567,46447
100233202291,100233202285,-6,1362,3381
100236316318,100236316314,-4,969,2071
100239044554,100239044550,-4,1215,2892
100241764480,100241764474,-6,980,4225
100244602080,100244602077,-3,1054,2938
100244746874,100244746890,16,788,2172
100246052033,100246052028,-5,837,2511
100246232056,100246232063,7,476,1537
100248771875,100248771870,-5,777,3815
100249331906,100249331902,-4,1461,3119
100255977927,100255977922,-5,1100,2590
100257669558,100257669555,-3,668,1386
100258251611,100258251607,-4,662,2058
100272776219,100272776214,-5,1165,2333
100276965243,100276965239,-4,1238,3423
100279958231,100279958225,-6,20016,17274
100288572442,100288572437,-5,861,3276
100288647875,100288647882,7,815,1590
100289178721,100289178715,-6,30155,10858
100293836007,100293836003,-4,1137,2245
100293896120,100293896140,20,569,1986
100302573170,100302573166,-4,674,1844
100326943857,100326943854,-3,609,1368
100331648411,100331648406,-5,698,2850
100332382641,100332382625,-16,130,839
100339549201,100339549194,-7,1314,3316
100342794843,100342794839,-4,1190,3784
100343927733,100343927740,7,6968,1978
100345823970,100345823972,2,2065,1751
100346902901,100346902898,-3,1083,3155
100349429365,100349429360,-5,1323,3331
100349926522,100349926518,-4,47,758
100350079103,100350079096,-7,865,1391
100353787883,100353787879,-4,1126,2623
100371002583,100371002578,-5,1226,4808
100371334618,100371334614,-4,191,948
100376384194,100376384190,-4,596,1640
100376512620,100376512632,12,994,3422
100387237923,100387237919,-4,998,3678
100387520301,100387520295,-6,1162,2149
100389235736,100389235730,-6,1592,3907
100389964322,100389964318,-4,703,2544
100390898280,100390898268,-12,1,917
100392635711,100392635704,-7,983,2778
100399166145,100399166139,-6,1493,3442
100407582703,100407582702,-1,3041,3354
100410272101,100410272101,0,2036,2952
100412379755,100412379749,-6,1011,2948
100419145963,100419145957,-6,1040,2538
100421372135,100421372131,-4,1320,2457
100422841247,100422841242,-5,596,2605
100424672758,100424672754,-4,943,3520
100425830358,100425830354,-4,810,2973
100428499947,100428499942,-5,794,3082
100432956861,100432956854,-7,611,3410
100433129012,100433129031,19,549,1876
100436420102,100436420097,-5,1343,3021
100445195322,100445195318,-4,839,2254
100453745749,100453745731,-18,1626,458
100457016554,100457016550,-4,1003,2496
100459038382,100459038378,-4,1531,4061
100459842179,100459842179,0,1959,1858
100461794125,100461794122,-3,1338,2005
100464077709,100464077704,-5,988,3041
100465156035,100465156030,-5,994,2491
100472291950,100472291949,-1,1456,3078
100479545213,100479545209,-4,607,2697
100492421982,100492421977,-5,1030,2376
100492576608,100492576595,-13,814,2937
100493330343,100493330343,0,721,1334
100507080220,100507080225,5,5468,2175
100507261066,100507261063,-3,798,1559
100512517678,100512517673,-5,1062,2534
100514500086,100514500087,1,1611,1070
100519571547,100519571541,-6,794,2314
100520047968,100520047954,-14,362,989
100521230718,100521230717,-1,927,2175
100524381405,100524381399,-6,960,2377
100525872391,100525872385,-6,906,3061
100536201013,100536201009,-4,1116,2672
100542287738,100542287737,-1,878,2540
100544755411,100544755406,-5,1012,3219
100546886836,100546886835,-1,1139,1697
100547203331,100547203326,-5,739,1998
100551446791,100551446786,-5,909,2134
100552102377,100552102372,-5,866,3241
100552230946,100552230944,-2,309,730
100560770486,100560770482,-4,1055,2472
100561893783,100561893787,4,3394,2656
100564213326,100564213321,-5,1222,2874
100567174819,100567174814,-5,1421,4708
100568070610,100568070606,-4,1200,2155
100568108124,100568108106,-18,128,1049
100569042082,100569042077,-5,1300,3696
100569150237,100569150235,-2,1181,2272
100574501154,100574501147,-7,1008,2781
100574801315,100574801310,-5,775,1553
100575540147,100575540140,-7,756,2492
100575679952,100575679949,-3,1350,3848
100581887334,100581887329,-5,2402,7335
100583540358,100583540362,4,1409,639
100586206188,100586206182,-6,1056,3095
100590238952,100590238970,18,14991,25341
100591912826,100591912824,-2,1170,2415
100594063744,100594063741,-3,1297,3065
100595086787,100595086783,-4,912,2236
100600212230,100600212225,-5,909,3479
100601102146,100601102140,-6,1088,3347
100602182733,100602182728,-5,809,3465
100611814297,100611814290,-7,1034,3174
100613119863,100613119860,-3,708,1499
100615023826,100615023823,-3,613,2000
100615329995,100615329990,-5,1412,3393
100616433495,100616433491,-4,1132,3066
100619560884,100619560881,-3,1386,2709
100620995325,100620995322,-3,868,2057
100626019882,100626019878,-4,859,2642
100627314786,100627314781,-5,1019,2833
100627866919,100627866914,-5,1049,3199
100630120896,100630120891,-5,1135,4054
100631375926,100631375922,-4,1543,3479
100632130021,100632130017,-4,1015,3523
100632528921,100632528906,-15,618,3219
100636428184,100636428179,-5,1369,3071
100640371851,100640371845,-6,1282,3330
100647273982,100647273978,-4,1075,3154
100647760294,100647760289,-5,922,2390
100651207846,100651207842,-4,1155,3173
100652214304,100652214297,-7,1455,3869
100655694549,100655694545,-4,1418,4097
100671206645,100671206640,-5,1169,4400
100671343514,100671343505,-9,1143,2915
100689894514,100689894509,-5,999,2882
100689995528,100689995511,-17,973,4300
100691295876,100691295885,9,18206,42027
100700357575,100700357572,-3,1242,2538
100701032723,100701032717,-6,1296,2635
100707803139,100707803136,-3,885,2655
100708473644,100708473639,-5,967,3598
100712172705,100712172701,-4,816,2868
100713554818,100713554813,-5,655,3073
100716093462,100716093458,-4,463,1102
100722005311,100722005306,-5,1196,2933
100736240194,100736240193,-1,1579,2050
100738135188,100738135182,-6,1080,3900
100739479236,100739479230,-6,1033,3170
100739622297,100739622317,20,375,1337
100741537307,100741537307,0,1157,2320
100744498569,100744498565,-4,1198,2417
100745029788,100745029789,1,1557,1438
100745547580,100745547577,-3,985,2395
100745970688,100745970683,-5,844,1975
100746465833,100746465823,-10,60,834
100751765236,100751765231,-5,1386,3483
100754258419,100754258414,-5,1100,2657
100756331395,100756331389,-6,1080,4569
100757764751,100757764747,-4,1111,2708
100760833993,100760833993,0,2770,3624
100761249313,100761249310,-3,1070,3177
100771773801,100771773798,-3,1223,3564
100772464767,100772464763,-4,843,2507
100774058622,100774058617,-5,1134,3517
100774711441,100774711442,1,183,1441
100775319483,100775319489,6,343,1135
100775880972,100775880985,13,914,3899
100780129722,100780129718,-4,1576,3898
100786591023,100786591017,-6,1209,3263
100799096327,100799096322,-5,700,2080
100799148675,100799148670,-5,954,1503
100801047603,100801047599,-4,805,3270
100801914749,100801914744,-5,1276,3054
100802103279,100802103267,-12,34407,14112
100811892144,100811892139,-5,1042,2445
100817012977,100817012975,-2,1106,2293
100818100698,100818100695,-3,927,2807
100826234697,100826234690,-7,483,2123
100828679143,100828679137,-6,853,2710
100828754313,100828754308,-5,878,2703
100830876161,100830876154,-7,1022,3152
100838767474,100838767469,-5,614,2162
100840336855,100840336851,-4,1357,3890
100841675237,100841675234,-3,932,3231
100852206568,100852206565,-3,721,2977
100863616378,100863616375,-3,1240,3064
100868569285,100868569280,-5,1262,3177
100868965688,100868965694,6,1286,1054
100869504058,100869504078,20,344,1229
100870128303,100870128298,-5,1180,2417
100870785452,100870785447,-5,1167,3663
100872110573,100872110570,-3,834,3240
100875971174,100875971169,-5,852,2328
100876365130,100876365145,15,1173,3627
100879346502,100879346495,-7,1166,3437
100882097354,100882097350,-4,850,3218
100887070665,100887070659,-6,1240,3332
100887444672,100887444653,-19,114,1771
100889270453,100889270455,2,1099,1610
100889666187,100889666183,-4,601,2994
100889818372,100889818387,15,1017,2995
100889846996,100889846992,-4,860,1796
100893182639,100893182634,-5,729,1382
100895051834,100895051831,-3,758,2354
100895864478,100895864473,-5,1132,2896
100898574651,100898574648,-3,893,3584
100900413379,100900413374,-5,1659,4131
100902723998,100902723994,-4,1077,2701
100903198336,100903198333,-3,44644,19310
100903873046,100903873051,5,2137,1079
100904591201,100904591197,-4,1229,2839
100908900687,100908900681,-6,791,2565
100911387014,100911387009,-5,1094,3187
100911480826,100911480845,19,862,4172
100911780530,100911780510,-20,210,1137
100915958176,100915958172,-4,1120,2267
100921595718,100921595714,-4,1131,2747
100924202543,100924202538,-5,915,2458
100924538090,100924538087,-3,797,2180
100930900218,100930900219,1,1850,1743
100940023559,100940023554,-5,1013,2653
100943384474,100943384471,-3,989,2989
100946052307,100946052304,-3,801,2223
100951529382,100951529386,4,1347,1378
100954387586,100954387587,1,1198,2383
100957748992,100957748986,-6,1380,2857
100958326586,100958326589,3,3159,2845
100960760113,100960760109,-4,1737,4001
100961384493,100961384489,-4,1259,1728
100968964330,100968964326,-4,1144,3359
100969358843,100969358838,-5,640,2528
100970495075,100970495069,-6,1170,2626
100972671606,100972671609,3,2234,1896
100978297295,100978297299,4,1632,1377
100979998542,100979998536,-6,1270,3841
100982088003,100982087998,-5,1357,3331
100982211741,100982211735,-6,1233,3030
100983323195,100983323190,-5,1140,4083
100985670127,100985670125,-2,1263,2717
100988232466,100988232463,-3,935,1791
100989484283,100989484300,17,225,1080
100995979339,100995979334,-5,1889,3643
100999945142,100999945136,-6,1007,2700
101006343319,101006343312,-7,1066,4672
101008099329,101008099328,-1,949,2285
101010726111,101010726105,-6,620,3722
101011197038,101011197034,-4,1125,4187
101011568662,101011568657,-5,1466,3899
101017463335,101017463333,-2,751,2667
101019761830,101019761825,-5,1090,2851
101021349045,101021349041,-4,994,3025
101024153428,101024153425,-3,1164,2083
101026692370,101026692366,-4,931,2494
101030191683,101030191678,-5,699,3167
101035846415,101035846409,-6,2394,6822
101045686270,101045686269,-1,834,1594
101045752145,101045752140,-5,1468,2667
101046126041,101046126059,18,289,1176
101061251578,101061251574,-4,1302,3982
101063059715,101063059711,-4,782,2525
101063702493,101063702490,-3,1260,2769
101068202210,101068202206,-4,1050,2988
101070725040,101070725038,-2,831,1824
101074090974,101074090970,-4,1481,3757
101075318731,101075318737,6,1632,1055
101077680597,101077680592,-5,1331,2864
101083407397,101083407402,5,2580,1735
101089193463,101089193458,-5,1257,3145
101099707162,101099707157,-5,814,1969
101101346226,101101346219,-7,993,1007
101102403314,101102403309,-5,905,2418
101102896441,101102896443,2,359,936
101109747496,101109747491,-5,758,2188
101113950287,101113950283,-4,1228,3132
101115008246,101115008245,-1,954,2110
101118122506,101118122502,-4,1210,3773
101118386954,101118386949,-5,1059,3793
101118965347,101118965342,-5,862,2404
101123153684,101123153680,-4,1153,3463
101123237034,101123237012,-22,1084,1830
101124049796,101124049815,19,890,2935
101127418488,101127418482,-6,900,3469
101129561761,101129561764,3,34476,28873
101137994445,101137994438,-7,1226,4320
101138028457,101138028450,-7,741,1661
101140944919,101140944914,-5,600,1847
101142758450,101142758445,-5,1199,3440
101143323242,101143323234,-8,843,1700
101145365528,101145365539,11,1008,4232
101147964369,101147964363,-6,1031,3481
101152587767,101152587762,-5,635,2461
101153325101,101153325097,-4,1295,3445
101160674549,101160674543,-6,1227,3805
101163181126,101163181122,-4,1360,2742
101164760050,101164760046,-4,1248,2219
101164869226,101164869219,-7,579,1917
101164927142,101164927138,-4,1192,3171
101165332280,101165332262,-18,296,1662
101167684650,101167684648,-2,778,2892
101171396994,101171396989,-5,1352,3223
101172790210,101172790206,-4,871,2261
101173388026,101173388013,-13,149,1046
101176915218,101176915223,5,3142,1272
101183236677,101183236681,4,1555,1485
101183860981,101183860981,0,1691,1295
101185687879,101185687873,-6,1178,4520
101186054762,101186054749,-13,1276,2439
101187473164,101187473157,-7,1152,3005
101188569507,101188569510,3,216,940
101192761078,101192761074,-4,1546,3635
101194368231,101194368228,-3,992,3378
101202022419,101202022425,6,9920,4149
101205270357,101205270351,-6,1387,2872
101205675414,101205675409,-5,978,4423
101207600874,101207600869,-5,1419,2532
101216919146,101216919153,7,6523,1631
101218080418,101218080413,-5,1190,3286
101220578406,101220578402,-4,1023,2427
101222382976,101222382970,-6,921,3287
101222767438,101222767433,-5,1319,4296
101223597611,101223597606,-5,1052,2566
101235334174,101235334174,0,909,853
101236226334,101236226329,-5,1991,5299
101238003683,101238003680,-3,1173,3142
101239394716,101239394714,-2,1228,1365
101239421004,101239420998,-6,942,2848
101245272222,101245272219,-3,1177,350
101245920797,101245920802,5,2181,1112
101246452142,101246452137,-5,1188,3591
101246669506,101246669499,-7,1031,4748
101252787164,101252787159,-5,881,3150
101257098466,101257098462,-4,946,3529
101257771942,101257771947,5,3537,1243
101259020300,101259020296,-4,924,2140
101261525236,101261525230,-6,1018,3460
101261771208,101261771202,-6,700,3750
101263935667,101263935662,-5,633,2364
101265774401,101265774396,-5,1259,3482
101266272866,101266272864,-2,1041,2208
101268852911,101268852905,-6,1044,3245
101270229879,101270229874,-5,1430,4473
101273996969,101273996962,-7,790,1801
101279355091,101279355087,-4,787,2476
101279574908,101279574925,17,620,1779
101281170477,101281170474,-3,1489,3864
101284858381,101284858378,-3,1111,2219
101287884020,101287884017,-3,1682,2240
101288566790,101288566786,-4,873,3761
101291409527,101291409521,-6,981,3445
101296715910,101296715906,-4,994,2458
101304249259,101304249257,-2,1120,1893
101307416285,101307416279,-6,1395,3593
101314153407,101314153402,-5,1633,6686
101316456464,101316456459,-5,850,1912
101323113324,101323113322,-2,1392,1960
101324082233,101324082231,-2,1304,3328
101324539927,101324539921,-6,877,2405
101332764874,101332764870,-4,1062,2991
101340177858,101340177850,-8,1067,3618
101344190284,101344190290,6,1286,1256
101344302203,101344302184,-19,911,2113
101345134646,101345134640,-6,1387,4637
101346397929,101346397926,-3,1313,2205
101355433793,101355433802,9,1759,831
101356290107,101356290100,-7,1110,4221
101357129678,101357129673,-5,1295,2309
101362563863,101362563859,-4,756,2317
101369312257,101369312250,-7,1201,3546
101371226633,101371226629,-4,1304,2928
101371513696,101371513709,13,5,1235
101372865273,101372865268,-5,1074,3529
101373607754,101373607750,-4,1330,3133
101374199646,101374199650,4,1910,1364
101378651159,101378651153,-6,690,1859
101379350902,101379350898,-4,1211,3532
101381924834,101381924830,-4,735,1517
101382016780,101382016793,13,668,998
101388107310,101388107307,-3,1125,2935
101395437152,101395437147,-5,1059,3910
101395843955,101395843975,20,963,2089
101396284152,101396284148,-4,1435,2912
101398264634,101398264632,-2,613,2498
101405740983,101405740979,-4,1140,2971
101417318497,101417318493,-4,1044,2477
101419065770,101419065767,-3,149,847
101420873922,101420873930,8,3099,1388
101421434655,101421434652,-3,1675,4105
101422610866,101422610858,-8,1290,3153
101429260641,101429260623,-18,1138,1149
101434996889,101434996883,-6,1145,3427
101435697254,101435697250,-4,860,2646
101443146032,101443146029,-3,1225,2665
101444456366,101444456362,-4,1456,2510
101446724726,101446724721,-5,1129,3407
101447394348,101447394342,-6,953,3352
101448598989,101448598981,-8,1003,2344
101453622826,101453622826,0,2153,2701
101453662289,101453662296,7,3760,1676
101453832087,101453832088,1,2297,1901
101454523446,101454523440,-6,1449,4485
101455820260,101455820256,-4,1243,2739
101456225018,101456225031,13,110,1816
101456417514,101456417509,-5,1316,2936
101459176082,101459176077,-5,1290,3718
101459515372,101459515387,15,165,867
101461597999,101461597994,-5,1052,2847
101468489101,101468489102,1,2014,1677
101474634422,101474634418,-4,1129,2707
101477668526,101477668522,-4,764,1917
101487681602,101487681598,-4,728,2208
101488115836,101488115855,19,1370,3406
101490724615,101490724610,-5,683,2399
101491804007,101491804003,-4,709,1949
101492735054,101492735050,-4,1083,2957
101500182742,101500182735,-7,921,2653
101504897845,101504897841,-4,948,2882
101512663746,101512663743,-3,1040,2828
101515932647,101515932640,-7,946,3427
101527674539,101527674534,-5,1192,3394
101533836170,101533836162,-8,929,3167
101534074658,101534074678,20,870,2619
101538839005,101538839007,2,20861,25301
101542143315,101542143311,-4,1503,3115
101547871739,101547871732,-7,1085,2792
101549944850,101549944844,-6,1013,2627
101551558599,101551558593,-6,1191,3602
101552272746,101552272750,4,1810,1308
101554306034,101554306026,-8,1262,2426
101556647249,101556647234,-15,4690,2639
101561312090,101561312085,-5,1249,3666
101568470571,101568470566,-5,1500,3589
101570226219,101570226214,-5,887,4479
101571111171,101571111174,3,105,1124
101571192699,101571192715,16,733,1457
101571337862,101571337857,-5,1227,2856
101574174973,101574174971,-2,1348,2525
101575315258,101575315256,-2,907,1733
101576018473,101576018466,-7,708,2271
101576813666,101576813686,20,713,3417
101582018494,101582018490,-4,1527,5979
101582283530,101582283525,-5,966,3043
101582908657,101582908651,-6,1139,3058
101583261395,101583261392,-3,1090,2983
101596307003,101596307002,-1,661,1006
101601891398,101601891393,-5,843,1635
101611692370,101611692366,-4,1190,2805
101611818588,101611818601,13,411,2969
101614834411,101614834406,-5,1088,2428
101629133592,101629133591,-1,2159,4086
101632459836,101632459830,-6,1636,4495
101638526663,101638526658,-5,1299,3127
101644934417,101644934419,2,1434,1208
101646313934,101646313929,-5,1129,3160
101646770600,101646770594,-6,663,2002
101650595459,101650595457,-2,1023,1457
101653146077,101653146077,0,3335,2829
101653365838,101653365833,-5,847,3485
101658190185,101658190180,-5,819,2579
101659830604,101659830599,-5,1220,3226
101663043303,101663043298,-5,854,3227
101667490609,101667490605,-4,1254,3106
101671345857,101671345852,-5,1397,3956
101674574055,101674574050,-5,803,2009
101681963569,101681963569,0,932,1622
101682971224,101682971218,-6,1039,2676
101683408435,101683408435,0,378,744
101684164489,101684164485,-4,945,2955
101689829535,101689829543,8,6584,1673
101691716894,101691716891,-3,1024,3326
101694429114,101694429107,-7,1149,3146
101697905787,101697905795,8,2403,857
101701381111,101701381090,-21,326,1417
101702628795,101702628787,-8,1035,3324
101710927446,101710927442,-4,1221,4420
101720918998,101720918994,-4,1081,3294
101724283390,101724283384,-6,1720,3689
101734612330,101734612326,-4,1327,2880
101738045935,101738045931,-4,1081,3288
101738537809,101738537805,-4,1110,2015
101749100508,101749100504,-4,1129,4466
101751507721,101751507722,1,1996,1516
101753842198,101753842196,-2,1166,2583
101757442141,101757442137,-4,966,2582
101763832265,101763832282,17,448,3178
101766001585,101766001594,9,8075,1266
101773908567,101773908562,-5,908,2879
101777593664,101777593663,-1,10629,42804
101779258655,101779258649,-6,535,1861
101786338470,101786338465,-5,1389,3073
101787490798,101787490793,-5,1155,3504
101788332349,101788332346,-3,716,2352
101792981261,101792981266,5,1807,1268
101793124017,101793124012,-5,1305,3465
101794048665,101794048686,21,661,1732
101798482102,101798482097,-5,740,2990
101799292272,101799292265,-7,844,2310
101800944339,101800944346,7,3723,1334
101803416204,101803416198,-6,1296,3705
101804103102,101804103096,-6,1648,3404
101805255690,101805255686,-4,1215,2237
101807676244,101807676241,-3,1078,1952
101809323989,101809323985,-4,1096,3116
101811265538,101811265533,-5,968,3370
101813610658,101813610654,-4,1058,2983
101820767669,101820767675,6,3271,1403
101828150055,101828150051,-4,609,1399
101829327937,101829327931,-6,880,3119
101829754745,101829754741,-4,882,3394
101834762138,101834762146,8,3017,1169
101838511790,101838511783,-7,1161,3765
101841207007,101841207005,-2,994,1845
101843283467,101843283462,-5,1360,3490
101843999011,101843999006,-5,1092,2929
101856334923,101856334918,-5,653,1065
101856531281,101856531277,-4,996,3361
101857588688,101857588683,-5,1417,3385
101858098768,101858098777,9,229,1151
101864959253,101864959249,-4,588,1801
101864997531,101864997540,9,245,916
101869929063,101869929048,-15,1200,925
101871401975,101871401970,-5,958,1958
101875641872,101875641868,-4,1585,2953
101877062842,101877062846,4,3015,1554
101879076092,101879076085,-7,857,2542
101881774479,101881774477,-2,1784,3492
101884508086,101884508082,-4,628,1930
101887206735,101887206730,-5,798,1972
101895426681,101895426675,-6,992,2764
101897485906,101897485899,-7,1979,5625
101903131495,101903131493,-2,1284,2780
101907668365,101907668368,3,1669,1445
101908500906,101908500900,-6,1130,2640
101911686234,101911686231,-3,1157,2225
101922706618,101922706614,-4,1259,4103
101926697015,101926697010,-5,821,2531
101926968738,101926968733,-5,1487,4534
101929585532,101929585529,-3,40645,18854
101945236214,101945236221,7,16442,28648
101947407458,101947407453,-5,746,2503
101948514939,101948514954,15,189,2211
101948651504,101948651511,7,3519,47218
101949562675,101949562672,-3,1108,3006
101949894225,101949894219,-6,1283,2862
101950608867,101950608862,-5,1188,4755
101955408882,101955408875,-7,788,2519
101964316125,101964316120,-5,2319,8196
101968200178,101968200175,-3,739,1891
101969127465,101969127479,14,363,2448
101969534173,101969534169,-4,1222,3743
101969907010,101969907005,-5,1038,3768
101970800168,101970800183,15,639,3975
101971419739,101971419734,-5,1033,2906
101973420504,101973420498,-6,957,2552
101974164338,101974164353,15,860,4372
101974972094,101974972090,-4,1080,3002
101975817450,101975817445,-5,983,2815
101984203015,101984203018,3,3275,3528
101990954482,101990954486,4,2553,1797
101991791927,101991791922,-5,1086,3498
101993703145,101993703146,1,1334,1390
102001790718,102001790713,-5,1022,3612
102002536025,102002536021,-4,641,1580
102008074505,102008074498,-7,761,4191
102008312994,102008313009,15,227,1086
102008354799,102008354797,-2,934,3116
102010487692,102010487688,-4,1128,3059
102018255062,102018255058,-4,1148,2290
102018753450,102018753446,-4,1326,3072
102019630002,102019629999,-3,812,1702
102021259817,102021259822,5,3836,1545
102021858815,102021858809,-6,1350,3517
102023819749,102023819729,-20,1347,670
102026339086,102026339081,-5,918,2971
102027951818,102027951812,-6,1131,3710
102032641031,102032641025,-6,1326,3013
102033012614,102033012610,-4,1133,2826
102035766250,102035766245,-5,1290,2742
102038440635,102038440630,-5,1473,3709
102039168471,102039168466,-5,990,3393
102040292966,102040292960,-6,1129,3645
102043645522,102043645536,14,4091,1324
102050458785,102050458782,-3,853,2279
102052135202,102052135199,-3,714,2717
102057418853,102057418849,-4,1007,2741
102058175211,102058175207,-4,1420,3036
102060424305,102060424300,-5,1003,2567
102060540396,102060540402,6,199,1020
102066152332,102066152328,-4,1012,3015
102068783801,102068783795,-6,741,2695
102069893255,102069893250,-5,953,4484
102071076897,102071076891,-6,1061,2789
102071257306,102071257327,21,550,2164
102075448079,102075448077,-2,1293,2500
102079644307,102079644304,-3,1204,3178
102081522871,102081522874,3,2161,1630
102088732102,102088732098,-4,1534,3933
102089552069,102089552064,-5,1561,4987
102090909350,102090909345,-5,1081,3130
102095080837,102095080832,-5,971,2207
102098549326,102098549322,-4,1309,2683
102099937245,102099937240,-5,1190,3622
102100222101,102100222096,-5,1142,3315
102103746786,102103746781,-5,741,2237
102109880654,102109880650,-4,1146,2763
102111075167,102111075164,-3,858,3042
102112492688,102112492686,-2,8494,13837
102113453660,102113453658,-2,1515,3681
102116314783,102116314778,-5,663,2138
102125214792,102125214786,-6,875,3191
102134557929,102134557928,-1,1545,2046
102134642679,102134642674,-5,1054,2854
102142058232,102142058226,-6,988,3194
102142362720,102142362709,-11,183,1208
102147439690,102147439683,-7,869,3436
102154409411,102154409405,-6,532,2929
102158290730,102158290726,-4,1002,2818
102160139763,102160139780,17,426,1959
102160670348,102160670344,-4,1203,3387
102163583011,102163583013,2,183,1680
102163620425,102163620444,19,846,2524
102166492835,102166492831,-4,1219,3196
102171042675,102171042672,-3,1057,3427
102171118880,102171118877,-3,1335,2454
102172287753,102172287766,13,248,1476
102175323159,102175323154,-5,1137,2019
102176171292,102176171305,13,602,2368
102185912886,102185912881,-5,1229,2552
102193011129,102193011122,-7,1164,3456
102199823862,102199823860,-2,624,1442
102199899975,102199899971,-4,868,2240
102211434121,102211434129,8,33978,103621
102223252346,102223252350,4,1925,1753
102232643570,102232643565,-5,737,1696
102235168397,102235168390,-7,2474,8083
102235214677,102235214678,1,1911,2590
102243855514,102243855533,19,38966,18951
102244732171,102244732170,-1,909,2493
102253106773,102253106766,-7,1364,3148
102253301730,102253301726,-4,754,1961
102255470789,102255470793,4,1660,1430
102255803769,102255803765,-4,1467,3513
102256031517,102256031512,-5,904,3163
102274877010,102274877005,-5,1102,3726
102280869083,102280869087,4,3202,1664
102284014133,102284014127,-6,921,1853
102300933299,102300933293,-6,1009,2758
102301044128,102301044122,-6,1287,2897
102304311551,102304311569,18,1055,2582
102312313390,102312313385,-5,1571,4704
102319427387,102319427383,-4,920,2005
102322004723,102322004718,-5,993,2835
102328846955,102328846949,-6,903,3926
102329025600,102329025605,5,3434,1058
102331950057,102331950051,-6,997,5588
102333185439,102333185434,-5,1740,3725
102337364310,102337364306,-4,917,1958
102344303481,102344303476,-5,595,1596
102346085760,102346085752,-8,630,1617
102348031025,102348031039,14,1958,1289
102350506638,102350506634,-4,1068,2406
102351086832,102351086834,2,266,885
102355890956,102355890955,-1,1463,1902
102357578163,102357578158,-5,926,2081
102362721274,102362721279,5,3680,1762
102369122939,102369122936,-3,1789,2755
102373110386,102373110382,-4,1176,3751
102375007570,102375007565,-5,1105,3602
102381254958,102381254959,1,2315,2442
102381973550,102381973546,-4,1154,2767
102384721287,102384721282,-5,1349,3630
102389620155,102389620138,-17,4379,895
102390197174,102390197168,-6,1073,4200
102391202938,102391202934,-4,1018,3029
102396368933,102396368929,-4,1338,3822
102396431978,102396431992,14,713,2289
102396709390,102396709390,0,1011,1699
102399031163,102399031160,-3,1243,1717
102403352510,102403352504,-6,428,1391
102403681815,102403681809,-6,1332,4007
102404881542,102404881536,-6,2003,8626
102419044166,102419044160,-6,934,2629
102425440903,102425440900,-3,1085,2575
102434156946,102434156942,-4,1172,2923
102437936702,102437936698,-4,1198,2621
102438793505,102438793498,-7,1267,3434
102443025846,102443025839,-7,739,2415
102443883133,102443883126,-7,789,1865
102444946995,102444946990,-5,753,2112
102446724955,102446724950,-5,964,4048
102448369982,102448369977,-5,765,2644
102453204326,102453204330,4,2055,1470
102457789427,102457789421,-6,1185,3139
102458997678,102458997674,-4,899,3038
102463582363,102463582369,6,4498,2253
102468491809,102468491801,-8,979,4014
102469338853,102469338849,-4,1157,2542
102471487910,102471487907,-3,857,3211
102474675534,102474675529,-5,1086,5728
102475025666,102475025667,1,89,665
102479405017,102479405011,-6,997,3293
102486336216,102486336210,-6,936,2871
102496870441,102496870434,-7,1211,2160
102498455451,102498455443,-8,839,3054
102499000416,102499000407,-9,210,433
102500030702,102500030697,-5,876,2073
102507452244,102507452246,2,1929,1395
102515021930,102515021926,-4,1006,2799
102518128331,102518128326,-5,742,2748
102521365506,102521365501,-5,774,2247
102529331515,102529331510,-5,1071,3266
102532322059,102532322055,-4,820,2561
102533352371,102533352365,-6,1122,3444
102537455041,102537455039,-2,100839,43058
102540012806,102540012802,-4,702,3285
102540429561,102540429554,-7,1144,2225
102540551286,102540551281,-5,844,3525
102542015634,102542015628,-6,1039,4199
102543189942,102543189937,-5,1454,2060
102550034545,102550034541,-4,928,3250
102556770434,102556770440,6,4003,2311
102559804580,102559804586,6,2771,1264
102564963771,102564963765,-6,995,4563
102565853687,102565853682,-5,1428,3246
102568292807,102568292804,-3,1267,1790
102570640777,102570640775,-2,1197,1936
102571032986,102571032982,-4,1174,2784
102575334043,102575334038,-5,1021,3176
102575648446,102575648440,-6,1272,3472
102576439219,102576439239,20,4,938
102578681727,102578681721,-6,750,3510
102584674461,102584674455,-6,1193,3407
102586206977,102586206970,-7,841,4255
102594688619,102594688613,-6,1210,2990
102595253796,102595253773,-23,955,2192
102597720101,102597720094,-7,1034,3715
102598383566,102598383557,-9,1102,2442
102601259563,102601259558,-5,1360,3265
102602145267,102602145268,1,1052,1174
102604469363,102604469358,-5,1040,3365
102609198791,102609198786,-5,1158,4552
102609891218,102609891215,-3,1059,2459
102610041961,102610041951,-10,128,1542
102613671127,102613671122,-5,1051,3433
102614530778,102614530794,16,188,1332
102626563338,102626563335,-3,1130,2784
102627800254,102627800247,-7,6614,16687
102630956439,102630956433,-6,861,1967
102631463225,102631463219,-6,820,4618
102631723170,102631723174,4,1510,1337
102634740871,102634740866,-5,980,2766
102640703453,102640703448,-5,1149,2815
102641972123,102641972118,-5,1232,2772
102645434214,102645434216,2,1124,2273
102648657847,102648657844,-3,909,2596
102648841368,102648841386,18,167,1552
102649838558,102649838578,20,472,6
102650376800,102650376782,-18,129,1259
102650487947,102650487943,-4,1292,2522
102651468293,102651468288,-5,1092,3124
102665731233,102665731228,-5,850,2898
102667070194,102667070189,-5,763,2137
102670314479,102670314474,-5,1212,3528
102670812870,102670812866,-4,996,2721
102671950853,102671950848,-5,1303,3494
102674020395,102674020391,-4,1356,3713
102676548098,102676548094,-4,732,2715
102677018568,102677018575,7,217,767
102678952694,102678952688,-6,2504,10481
102682550809,102682550824,15,1434,1783
102686870129,102686870126,-3,2195,4694
102691764590,102691764585,-5,760,2817
102692000194,102692000214,20,443,1091
102699378615,102699378618,3,2279,1872
102699660607,102699660604,-3,985,2304
102703295807,102703295801,-6,1225,3232
102705975090,102705975085,-5,1108,4615
102711030514,102711030515,1,798,1198
102711152840,102711152834,-6,1020,2428
102714235546,102714235541,-5,923,2932
102714621588,102714621606,18,534,1752
102714894025,102714894018,-7,1567,5572
102719687859,102719687857,-2,1007,2797
102723856137,102723856130,-7,611,3273
102726036073,102726036067,-6,1079,3002
102726144340,102726144358,18,324,2181
102726388820,102726388822,2,1816,1911
102726738622,102726738617,-5,1116,4155
102735503694,102735503690,-4,1393,2796
102735600768,102735600773,5,178,1103
102739155255,102739155250,-5,869,2696
102743411866,102743411867,1,2117,1649
102743952885,102743952880,-5,943,3093
102747294270,102747294266,-4,1022,3591
102747960866,102747960859,-7,708,2900
102753459686,102753459679,-7,643,2092
102753560890,102753560902,12,653,2666
102754547805,102754547799,-6,992,2830
102762131031,102762131012,-19,97,1011
102766415585,102766415585,0,1145,1531
102767109507,102767109502,-5,1123,2906
102770200124,102770200117,-7,556,2129
102770331618,102770331606,-12,1250,4457
102771343223,102771343219,-4,1155,3492
102773140027,102773140022,-5,1355,2761
102774354081,102774354090,9,2648,848
102776340760,102776340757,-3,1601,3162
102778536907,102778536902,-5,993,2856
102786895095,102786895089,-6,1489,2951
102792038777,102792038781,4,1848,910
102796446925,102796446918,-7,687,2956
102798974163,102798974156,-7,528,3053
102802089335,102802089330,-5,454,2123
102804453590,102804453569,-21,3529,1539
102805523476,102805523481,5,2240,1716
102808410180,102808410178,-2,973,2212
102809071249,102809071245,-4,1198,3160
102811979802,102811979797,-5,933,3482
102815591807,102815591801,-6,952,3791
102817708497,102817708493,-4,1013,3192
102821752041,102821752037,-4,726,2663
102822386374,102822386367,-7,968,2454
102822427055,102822427050,-5,1051,3136
102823221358,102823221354,-4,796,2938
102824844899,102824844893,-6,906,3726
102829216222,102829216221,-1,882,1326
102831030593,102831030585,-8,1039,5609
102832558793,102832558790,-3,233,882
102838207651,102838207646,-5,536,3470
102840172389,102840172383,-6,793,2851
102840835961,102840835961,0,263,1228
102850340022,102850340017,-5,839,4670
102851638639,102851638634,-5,1198,3280
102852301783,102852301778,-5,698,2633
102858766931,102858766926,-5,620,3196
102859096089,102859096111,22,19700,45889
102867484473,102867484470,-3,790,2826
102871656378,102871656367,-11,14258,38689
102874116719,102874116714,-5,1286,3655
102875168201,102875168206,5,2655,1534
102876189418,102876189414,-4,1362,2416
102883588974,102883588970,-4,1030,3129
102884754647,102884754642,-5,1332,4508
102885232018,102885232014,-4,1357,3409
102890567572,102890567565,-7,1174,3556
102901270967,102901270964,-3,1489,4010
102901418234,102901418240,6,2737,1623
102902879854,102902879850,-4,1144,2663
102910533386,102910533383,-3,720,2430
102912772847,102912772842,-5,1364,3068
102914626749,102914626742,-7,874,5449
102925555806,102925555802,-4,1160,4148
102927868243,102927868237,-6,795,4526
102937154812,102937154822,10,10898,40297
102938491039,102938491034,-5,762,3033
102938994337,102938994351,14,241,1164
102941424106,102941424100,-6,753,3083
102944152131,102944152126,-5,1170,2836
102948666261,102948666266,5,2187,1211
102949725966,102949725961,-5,779,2846
102964389547,102964389541,-6,678,2278
102965008286,102965008285,-1,1302,1685
102969820792,102969820787,-5,1067,2167
102974555583,102974555575,-8,880,3572
102976622082,102976622079,-3,1355,4871
102978064189,102978064185,-4,1156,2779
102979872445,102979872441,-4,1043,2553
102980494514,102980494511,-3,1231,2070
102980753402,102980753397,-5,1268,3919
102985052383,102985052377,-6,825,3437
102987472383,102987472378,-5,1628,4809
102989267406,102989267400,-6,848,2746
102991226782,102991226790,8,7108,2852
102993806647,102993806650,3,1317,1509
102997076371,102997076366,-5,1232,3808
103001858007,103001858007,0,849,1327
103002527721,103002527703,-18,172,679
103014439929,103014439930,1,1079,1218
103014906420,103014906433,13,648,3286
103016080323,103016080318,-5,977,3175
103021110938,103021110933,-5,933,2699
103024230855,103024230846,-9,925,4514
103028115914,103028115909,-5,848,3336
103030253153,103030253149,-4,906,3478
103036101898,103036101893,-5,1057,3301
103036820356,103036820350,-6,743,3514
103037064699,103037064690,-9,591,2072
103037265843,103037265850,7,352,1316
103038211532,103038211525,-7,1163,3648
103040964990,103040964986,-4,1512,3628
103044259084,103044259078,-6,1217,2733
103045449098,103045449090,-8,1075,6439
103052168061,103052168055,-6,374,850
103053443781,103053443778,-3,692,2654
103059770901,103059770906,5,4866,2518
103060747359,103060747354,-5,1180,2472
103062851463,103062851462,-1,965,1104
103066213738,103066213734,-4,894,2422
103067002896,103067002891,-5,902,2350
103067211358,103067211353,-5,1154,3383
103067465522,103067465517,-5,1167,3223
103067629381,103067629377,-4,907,2673
103072568596,103072568592,-4,875,4220
103072843185,103072843179,-6,946,2366
103074611258,103074611254,-4,1090,2616
103075377611,103075377609,-2,789,1697
103077902919,103077902915,-4,1043,3001
103080509002,103080509007,5,2166,1456
103098670969,103098670965,-4,1001,3148
103105479439,103105479433,-6,785,2170
103106664771,103106664757,-14,749,2530
103109283818,103109283813,-5,779,3745
103112057643,103112057639,-4,932,2613
103112500852,103112500866,14,819,2700
103114977974,103114977970,-4,913,2546
103122423104,103122423100,-4,1207,2817
103129034377,103129034378,1,2512,2610
103132681010,103132681006,-4,1144,3776
103140139833,103140139830,-3,853,2520
103145104834,103145104829,-5,1684,7427
103148186955,103148186950,-5,929,3390
103155196550,103155196546,-4,1466,3098
103156036802,103156036795,-7,1073,2809
103167735202,103167735195,-7,1151,3819
103177272646,103177272640,-6,1118,3149
103194101355,103194101351,-4,1080,3304
103194999094,103194999088,-6,1054,3310
103196935413,103196935406,-7,803,3256
103200611177,103200611174,-3,1013,3540
103200998610,103200998606,-4,1297,3230
103203553774,103203553770,-4,882,2304
103207736927,103207736922,-5,861,2535
103207914259,103207914261,2,236,880
103208844109,103208844105,-4,885,3618
103217491398,103217491393,-5,1019,3492
103232347409,103232347405,-4,1257,2699
103232819081,103232819065,-16,954,3314
103240609163,103240609158,-5,634,2132
103242448287,103242448287,0,849,1203
103249844329,103249844324,-5,1149,3382
103250495731,103250495728,-3,1190,3816
103253883295,103253883293,-2,1193,2503
103253942257,103253942252,-5,910,3598
103258264729,103258264725,-4,742,3965
103259612246,103259612241,-5,1231,3193
103261732878,103261732873,-5,1597,4547
103265377847,103265377842,-5,705,2565
103266595066,103266595058,-8,1156,5066
103272489941,103272489936,-5,1301,3174
103273536080,103273536086,6,3741,1549
103280121359,103280121354,-5,1134,3513
103282429896,103282429892,-4,1502,3941
103283272210,103283272206,-4,984,2865
103292179322,103292179316,-6,1210,2355
103293103153,103293103155,2,136,729
103295081128,103295081123,-5,1170,3121
103296402062,103296402058,-4,1139,3609
103298164819,103298164814,-5,1017,2922
103300328310,103300328305,-5,954,2872
103300426492,103300426509,17,460,1422
103302652635,103302652631,-4,1050,2993
103307872526,103307872522,-4,343,1652
103324287898,103324287894,-4,911,2489
103324642107,103324642105,-2,1655,3393
103326153101,103326153096,-5,1279,4547
103326325971,103326325953,-18,861,2807
103329339270,103329339265,-5,875,2569
103329925707,103329925702,-5,200,760
103330696899,103330696897,-2,1131,3106
103333507955,103333507949,-6,913,2687
103334548473,103334548452,-21,16662,19323
103345689494,103345689489,-5,914,2394
103347372606,103347372599,-7,946,3272
103349916618,103349916622,4,3129,2534
103352827406,103352827400,-6,1132,3283
103353694168,103353694164,-4,1176,3925
103355773167,103355773162,-5,1083,3310
103356536814,103356536808,-6,1359,2834
103363111705,103363111699,-6,989,2641
103365586911,103365586907,-4,1328,3398
103365775589,103365775583,-6,720,2574
103380922393,103380922389,-4,1191,2971
103381657949,103381657954,5,2817,1970
103386931058,103386931053,-5,1196,2413
103388655138,103388655133,-5,1386,4154
103391601160,103391601154,-6,1040,2816
103394645567,103394645562,-5,659,2776
103397728176,103397728170,-6,824,2628
103399751069,103399751064,-5,946,2706
103400029873,103400029891,18,1052,2503
103400922208,103400922202,-6,1114,3223
103402183547,103402183541,-6,1002,2832
103402704897,103402704881,-16,883,2903
103403322548,103403322567,19,1507,3115
103415064791,103415064787,-4,893,1809
103417227362,103417227357,-5,1365,2869
103418138928,103418138922,-6,1010,2774
103421417534,103421417554,20,335,1113
103427827925,103427827929,4,2698,2043
103430369714,103430369711,-3,1318,3508
103434713037,103434713033,-4,1179,3096
103434747089,103434747073,-16,256,1206
103437255910,103437255906,-4,903,2383
103438448071,103438448068,-3,1015,2805
103442622734,103442622731,-3,796,2218
103442864624,103442864619,-5,140,741
103444124746,103444124742,-4,1383,3979
103447002174,103447002177,3,1060,974
103447742405,103447742401,-4,1391,3480
103448079338,103448079355,17,470,3010
103450215487,103450215482,-5,1567,4221
103452441058,103452441053,-5,1167,1791
103452528464,103452528449,-15,995,2315
103453631576,103453631559,-17,1005,2371
103454973508,103454973503,-5,1014,3199
103455265611,103455265626,15,194,1765
103461404598,103461404593,-5,1209,3280
103461557211,103461557206,-5,165,814
103463993805,103463993800,-5,673,2492
103481644263,103481644270,7,2657,1192
103483141481,103483141474,-7,1068,2617
103486098890,103486098885,-5,798,1962
103486252082,103486252066,-16,862,2430
103486592606,103486592599,-7,2157,5361
103492859566,103492859562,-4,1236,3333
103497561522,103497561524,2,1272,1425
103503658389,103503658385,-4,1178,2819
103510372646,103510372640,-6,1130,3511
103510427501,103510427496,-5,1124,3363
103515407091,103515407088,-3,2798,16544
103521555239,103521555234,-5,1110,2811
103524021019,103524021034,15,744,3557
103525859401,103525859397,-4,912,2319
103528934457,103528934453,-4,954,2828
103531433072,103531433066,-6,989,2693
103531489064,103531489083,19,530,2072
103533353288,103533353286,-2,807,1660
103533652582,103533652576,-6,905,2654
103534072840,103534072830,-10,264,1323
103534595218,103534595218,0,1297,1220
103537700929,103537700950,21,634,1745
103542085854,103542085848,-6,1153,3537
103545713525,103545713521,-4,973,2826
103546613403,103546613387,-16,1236,3070
103547406243,103547406222,-21,808,3415
103548224762,103548224756,-6,873,3279
103551426537,103551426538,1,4741,7039
103558523862,103558523866,4,2532,2208
103562594738,103562594734,-4,949,3933
103563647528,103563647532,4,4466,31334
103574124130,103574124126,-4,1278,2541
103575510283,103575510278,-5,1924,7917
103575772727,103575772721,-6,835,2921
103576466694,103576466701,7,4368,1230
103578834075,103578834070,-5,1026,2926
103582107511,103582107506,-5,1440,3841
103582201034,103582201035,1,131,647
103584082878,103584082875,-3,929,2231
103585287385,103585287382,-3,905,2017
103586304090,103586304085,-5,1311,3093
103590983547,103590983543,-4,1420,3175
103604532888,103604532886,-2,1169,2008
103605441074,103605441093,19,852,3306
103605697759,103605697753,-6,768,2983
103605903702,103605903700,-2,1110,2689
103607022681,103607022678,-3,1103,2409
103609000362,103609000356,-6,1259,3212
103609258890,103609258885,-5,995,2432
103610551457,103610551461,4,2415,2068
103613081971,103613081966,-5,895,2519
103613369470,103613369462,-8,1260,2594
103615272747,103615272740,-7,942,3356
103616621151,103616621146,-5,1166,3194
103618157025,103618157025,0,162,1049
103619652538,103619652534,-4,1741,3352
103624313895,103624313891,-4,886,1968
103625343422,103625343414,-8,357,1475
103627892178,103627892174,-4,1025,2716
103628645065,103628645058,-7,891,2357
103629414628,103629414609,-19,1024,3053
103629825447,103629825442,-5,961,2363
103630180377,103630180374,-3,88,1066
103633274235,103633274230,-5,1036,2983
103634125340,103634125346,6,4247,1563
103648384583,103648384578,-5,874,2489
103660662458,103660662454,-4,1061,3075
103661401444,103661401455,11,568,2229
103664375873,103664375879,6,1296,1000
103667513708,103667513702,-6,926,2845
103667902098,103667902091,-7,790,2794
103669931534,103669931535,1,1343,2205
103676383263,103676383263,0,1300,1750
103682136504,103682136503,-1,23682,10988
103682329502,103682329498,-4,1311,3125
103683301394,103683301389,-5,710,3402
103685121798,103685121797,-1,1446,1802
103689420958,103689420951,-7,979,3957
103689737095,103689737090,-5,1174,3518
103699104143,103699104141,-2,1163,3846
103701356620,103701356616,-4,888,2564
103702206398,103702206393,-5,1219,2867
103703275334,103703275330,-4,854,2428
103704346018,103704346014,-4,1007,3075
103705646038,103705646035,-3,884,2772
103706303226,103706303241,15,994,3336
103714628213,103714628207,-6,1117,3408
103715315474,103715315470,-4,989,2581
103715681307,103715681322,15,251,1406
103722016859,103722016854,-5,844,3263
103722632423,103722632418,-5,1021,1853
103722883819,103722883827,8,273,1846
103725037315,103725037314,-1,868,1456
103728013415,103728013410,-5,914,2784
103729850122,103729850117,-5,721,3185
103730528158,103730528154,-4,705,2238
103731952853,103731952849,-4,554,2088
103738693879,103738693874,-5,1101,3281
103741374397,103741374400,3,1322,1316
103742749162,103742749155,-7,792,3668
103744582710,103744582706,-4,1467,4126
103756090879,103756090882,3,3156,2972
103759934398,103759934393,-5,776,2876
103762994839,103762994836,-3,1188,3243
103769597550,103769597544,-6,851,4011
103774623609,103774623605,-4,693,3165
103775775382,103775775376,-6,1037,3370
103776989130,103776989125,-5,1015,3032
103777860102,103777860103,1,2194,2383
103782458391,103782458385,-6,1099,3941
103782871450,103782871454,4,232,1500
103790685287,103790685282,-5,1159,3006
103793102833,103793102829,-4,1016,2238
103793726476,103793726485,9,181,1165
103798172779,103798172774,-5,1022,3279
103800889873,103800889868,-5,882,3047
103805282314,103805282310,-4,1118,2684
103814961768,103814961760,-8,1038,2532
103819014459,103819014460,1,1963,1690
103819812361,103819812356,-5,1425,3436
103825118875,103825118870,-5,827,2811
103827230707,103827230701,-6,1153,3050
103827617755,103827617746,-9,1417,3048
103830528962,103830528957,-5,1150,1990
103840613510,103840613506,-4,1125,2270
103840817192,103840817209,17,195,913
103841125102,103841125098,-4,1169,2740
103851105065,103851105061,-4,1271,2553
103853881214,103853881209,-5,990,2098
103854023410,103854023422,12,286,2267
103856456823,103856456819,-4,430,1481
103862781071,103862781064,-7,1209,4020
103876346183,103876346182,-1,1543,2137
103883326099,103883326093,-6,935,2444
103884238649,103884238640,-9,285,1114
103887919039,103887919035,-4,1104,3472
103888843716,103888843710,-6,1653,7440
103891273990,103891273986,-4,1101,2842
103892868886,103892868881,-5,867,3039
103894092526,103894092519,-7,753,1737
103897096058,103897096052,-6,1310,2982
103898256747,103898256744,-3,811,2906
103899388619,103899388634,15,813,1507
103904959922,103904959917,-5,1150,3298
103907797155,103907797149,-6,983,2916
103910267830,103910267826,-4,773,2421
103910456491,103910456485,-6,176,1743
103911264690,103911264709,19,998,3333
103911317065,103911317061,-4,973,2966
103914448427,103914448423,-4,771,2098
103915036106,103915036101,-5,622,2515
103917777567,103917777562,-5,873,2715
103917848676,103917848693,17,259,1244
103918324757,103918324762,5,2702,1652
103921866641,103921866637,-4,986,3248
103922600698,103922600693,-5,1275,3203
103923889886,103923889878,-8,766,3093
103926585278,103926585273,-5,1403,3786
103927290779,103927290776,-3,915,2442
103928221735,103928221734,-1,953,1067
103929209191,103929209195,4,4390,3639
103930851433,103930851433,0,1081,1504
103932682806,103932682802,-4,820,3233
103940872295,103940872289,-6,1261,3313
103941010936,103941010920,-16,1028,2718
103944665326,103944665321,-5,886,3591
103944733027,103944733038,11,272,1138
103946969544,103946969540,-4,984,2183
103950373099,103950373094,-5,1013,2924
103956665054,103956665048,-6,610,3229
103958796615,103958796610,-5,581,1686
103965371737,103965371733,-4,799,2837
103965854019,103965854032,13,553,1523
103967252023,103967252014,-9,1010,4611
103975384683,103975384680,-3,1389,2432
103977913334,103977913330,-4,1131,2596
103985547568,103985547563,-5,922,3461
103985623780,103985623776,-4,1391,2839
103985972992,103985972986,-6,1112,3737
103988788002,103988788007,5,3219,1155
103992161596,103992161590,-6,1287,3809
103993350939,103993350934,-5,648,2614
103997409319,103997409314,-5,828,1688
103998289867,103998289862,-5,654,1435
103998728036,103998728045,9,132,881
103999697255,103999697250,-5,1215,3367
104009696418,104009696414,-4,1382,4387
104016889059,104016889054,-5,1399,3731
104019159629,104019159625,-4,1160,3038
104021310062,104021310058,-4,716,2763
104021683914,104021683910,-4,729,2009
104025090602,104025090595,-7,1005,5359
104033750158,104033750166,8,5233,1705
104033880652,104033880645,-7,404,943
104035567550,104035567544,-6,995,4187
104039355695,104039355689,-6,712,1925
104040656377,104040656372,-5,1253,3007
104044473195,104044473192,-3,942,2739
104044684898,104044684918,20,590,1623
104048000746,104048000751,5,2330,1575
104048717755,104048717750,-5,594,2471
104050867866,104050867862,-4,1223,3222
104051728684,104051728670,-14,1314,4024
104056287607,104056287602,-5,21340,10771
104066469834,104066469829,-5,895,2763
104069751417,104069751417,0,1927,2113
104071178919,104071178913,-6,770,2600
104071265593,104071265587,-6,1426,6006
104072471722,104072471715,-7,846,2296
104072974255,104072974249,-6,1154,3060
104073204148,104073204158,10,354,1120
104076361810,104076361811,1,1291,1036
104076498886,104076498882,-4,633,2171
104078309878,104078309886,8,3707,1119
104079055405,104079055421,16,1292,3764
104081731610,104081731605,-5,1512,2999
104081909691,104081909685,-6,787,2329
104086314183,104086314179,-4,1421,2762
104088930130,104088930128,-2,1096,1799
104090301864,104090301871,7,4121,1662
104099486224,104099486229,5,13279,22855
104099808709,104099808704,-5,914,3396
104103831114,104103831122,8,1050,205
104109221357,104109221350,-7,1528,3069
104110442050,104110442046,-4,689,3503
104110683515,104110683516,1,3944,3524
104126086466,104126086466,0,961,1273
104127515595,104127515599,4,231,805
104128886136,104128886148,12,187,1001
104134219000,104134218995,-5,1040,3910
104134836178,104134836178,0,3705,3377
104153795251,104153795246,-5,825,2317
104156797421,104156797416,-5,1722,4107
104162923131,104162923126,-5,1140,3340
104163044691,104163044680,-11,754,3996
104169226458,104169226464,6,10241,30437
104170606317,104170606313,-4,914,1578
104171880362,104171880355,-7,929,3242
104175618363,104175618365,2,3555,3053
104177277254,104177277248,-6,1100,2056
104179110471,104179110466,-5,853,2282
104180053747,104180053742,-5,907,3047
104180838161,104180838154,-7,916,3589
104186877753,104186877759,6,3750,1894
104188994258,104188994253,-5,1013,2517
104192949822,104192949816,-6,930,4555
104193667815,104193667810,-5,691,2690
104193729033,104193729037,4,262,609
104194156606,104194156599,-7,706,2916
104196337121,104196337122,1,97,1051
104211095035,104211095029,-6,1278,4145
104211206337,104211206332,-5,992,2230
104213363346,104213363342,-4,835,2338
104213882828,104213882841,13,965,3729
104215290282,104215290278,-4,1173,3345
104228641522,104228641517,-5,939,3104
104232507693,104232507688,-5,826,2722
104236915192,104236915187,-5,896,3516
104237593794,104237593784,-10,925,2935
104241001977,104241001972,-5,927,3639
104241586740,104241586747,7,276,943
104243476134,104243476130,-4,886,2352
104246463130,104246463126,-4,983,3291
104247259154,104247259148,-6,917,3600
104247777707,104247777702,-5,783,3032
104248270257,104248270248,-9,547,2419
104252196415,104252196410,-5,1141,2522
104258595275,104258595270,-5,680,1581
104266358827,104266358822,-5,1060,2549
104267286707,104267286706,-1,850,1556
104268747956,104268747953,-3,1303,3451
104270049332,104270049341,9,3388,961
104272382534,104272382528,-6,705,3304
104272738578,104272738567,-11,12515,40594
104273354956,104273354950,-6,1075,3731
104280776841,104280776838,-3,1279,2926
104288390883,104288390878,-5,945,2079
104289558987,104289558986,-1,253,1354
104291813435,104291813439,4,1291,868
104300561306,104300561303,-3,1184,2874
104303255243,104303255237,-6,1057,2580
104310709889,104310709882,-7,1049,3022
104313679918,104313679918,0,2674,2484
104314682501,104314682496,-5,1190,2247
104319274013,104319274009,-4,1307,2844
104319361491,104319361499,8,155,980
104319496977,104319496990,13,126,1230
104320898777,104320898761,-16,380,743
104321551869,104321551865,-4,960,2695
104327670906,104327670901,-5,1156,2972
104330220194,104330220188,-6,1535,4406
104331177738,104331177735,-3,718,1679
104334358015,104334358014,-1,1575,2942
104336467447,104336467442,-5,610,3091
104336712711,104336712706,-5,1460,3539
104336819773,104336819767,-6,538,2163
104344903351,104344903348,-3,1390,1548
104351100309,104351100306,-3,1047,2394
104353904617,104353904621,4,3967,2592
104361723877,104361723870,-7,1593,2746
104369739691,104369739694,3,1128,2146
104370343743,104370343738,-5,1262,3215
104370725700,104370725717,17,78,951
104371100534,104371100530,-4,928,3836
104372863159,104372863154,-5,897,3965
104375064982,104375064974,-8,912,3169
104377401102,104377401096,-6,1248,3171
104383644260,104383644253,-7,917,3544
104384697835,104384697812,-23,1116,1987
104385027096,104385027091,-5,1193,3309
104387726506,104387726502,-4,889,2757
104388464369,104388464362,-7,764,3012
104399522716,104399522710,-6,1052,3347
104401267827,104401267841,14,242,813
104405768783,104405768791,8,3809,1213
104415797723,104415797719,-4,620,2368
104421060103,104421060098,-5,1227,3957
104424623062,104424623057,-5,1024,2789
104425234454,104425234448,-6,1028,3467
104432364057,104432364053,-4,1088,3824
104438589233,104438589228,-5,1648,3405
104442231771,104442231767,-4,849,2727
104448593538,104448593559,21,802,2219
104454247883,104454247877,-6,872,2449
104462239414,104462239408,-6,1090,3070
104462275243,104462275258,15,315,1045
104464930606,104464930600,-6,1127,2284
104471309480,104471309486,6,2770,1187
104472680293,104472680285,-8,808,3121
104492653790,104492653785,-5,756,3651
104492710257,104492710278,21,262,1283
104496922832,104496922829,-3,987,3026
104502392023,104502392021,-2,1072,2993
104502984314,104502984302,-12,1430,2641
104504377416,104504377410,-6,1008,3594
104505125314,104505125314,0,1239,2026
104507009449,104507009445,-4,1165,2753
104512878567,104512878562,-5,1153,2825
104515790695,104515790689,-6,1350,2818
104521997416,104521997427,11,276,1149
104522966931,104522966932,1,276,1069
104528047269,104528047274,5,5165,3224
104528910093,104528910089,-4,1083,3434
104531045629,104531045631,2,2229,1794
104534716419,104534716412,-7,1238,2240
104537862946,104537862944,-2,1513,2385
104541511247,104541511242,-5,2239,6760
104546616722,104546616718,-4,1333,2872
104548766264,104548766260,-4,917,3280
104549923545,104549923566,21,316,1768
104552117850,104552117848,-2,635,1269
104556170951,104556170950,-1,34408,20961
104557001149,104557001146,-3,704,2297
104558222085,104558222078,-7,877,3556
104563671653,104563671648,-5,1028,3203
104573300943,104573300937,-6,977,2455
104573538707,104573538691,-16,947,2345
104574180727,104574180722,-5,951,2808
104581379835,104581379829,-6,904,3843
104584555245,104584555247,2,1087,1595
104586447586,104586447582,-4,861,2865
104589946523,104589946518,-5,634,2468
104592578141,104592578137,-4,829,2439
104593648238,104593648234,-4,907,2834
104596261350,104596261344,-6,1100,3511
104601767531,104601767527,-4,919,1673
104610556960,104610556955,-5,1339,2809
104611016444,104611016462,18,654,2924
104615269927,104615269922,-5,1128,4724
104620227064,104620227060,-4,778,2182
104626828241,104626828238,-3,931,2007
104628110397,104628110414,17,198,536
104630662038,104630662032,-6,787,1832
104633196118,104633196114,-4,753,2473
104636043386,104636043382,-4,1152,3263
104647297104,104647297100,-4,761,2560
104651973359,104651973355,-4,1293,3475
104652246308,104652246318,10,273,1065
104654793572,104654793566,-6,1456,3430
104655068202,104655068215,13,660,2304
104656389776,104656389781,5,3867,1695
104658456990,104658456988,-2,3007,5636
104660818599,104660818601,2,1639,1759
104662869963,104662869958,-5,1107,2869
104666268140,104666268135,-5,1339,3498
104666687684,104666687697,13,568,2680
104667603906,104667603901,-5,680,3023
104671450657,104671450654,-3,726,2058
104676072598,104676072593,-5,810,3345
104679216412,104679216408,-4,853,2307
104679993474,104679993477,3,1744,1845
104680388678,104680388688,10,2110,1558
104681310631,104681310627,-4,969,2334
104684266839,104684266833,-6,1643,3760
104692182086,104692182091,5,2921,979
104693616960,104693616957,-3,1072,2046
104698075474,104698075469,-5,1353,2259
104701049782,104701049778,-4,789,1986
104701330940,104701330947,7,429,1554
104704366156,104704366151,-5,737,2301
104705725890,104705725887,-3,1051,2547
104705924682,104705924698,16,683,1672
104710632558,104710632550,-8,556,2721
104715759385,104715759379,-6,1138,2556
104720822626,104720822621,-5,1005,4096
104721172041,104721172058,17,439,1686
104722739555,104722739548,-7,994,4187
104726151258,104726151253,-5,1900,4149
104726378628,104726378622,-6,1091,4967
104727117608,104727117601,-7,1046,3150
104728225533,104728225531,-2,1175,1618
104729395071,104729395065,-6,1198,2329
104730498178,104730498199,21,632,2240
104731315326,104731315324,-2,28225,79178
104748273485,104748273480,-5,1054,2950
104748962103,104748962096,-7,1176,3277
104756997453,104756997450,-3,1049,1616
104757637600,104757637617,17,1015,2678
104760276563,104760276557,-6,835,2734
104764113198,104764113190,-8,1733,6145
104764162320,104764162315,-5,9,756
104766004830,104766004825,-5,818,2725
104766781758,104766781751,-7,642,2189
104769763389,104769763385,-4,887,2533
104772475319,104772475311,-8,1353,2592
104774592941,104774592936,-5,830,2814
104777368284,104777368278,-6,1328,4111
104777618914,104777618931,17,243,800
104778558590,104778558586,-4,875,2195
104782267590,104782267585,-5,1127,2608
104786625096,104786625110,14,148,647
104786979360,104786979355,-5,963,3626
104787363243,104787363257,14,596,2701
104794384413,104794384405,-8,30380,15949
104795696166,104795696161,-5,1404,3895
104796469790,104796469786,-4,1432,3529
104797625383,104797625378,-5,802,3283
104800096211,104800096222,11,439,1474
104802523435,104802523430,-5,889,3137
104805527411,104805527406,-5,1106,2996
104807164833,104807164828,-5,988,2905
104807257112,104807257126,14,205,922
104808355894,104808355895,1,1319,1552
104811405579,104811405574,-5,1052,2570
104814473390,104814473386,-4,917,2732
104823827616,104823827620,4,1717,1254
104826878384,104826878389,5,21781,17601
104828065513,104828065515,2,1637,1561
104828863489,104828863486,-3,1254,2341
104834411250,104834411246,-4,1003,2958
104835693614,104835693610,-4,1095,2964
104835855198,104835855196,-2,1207,3099
104838852433,104838852426,-7,1200,4495
104840835063,104840835059,-4,1080,3172
104841197817,104841197802,-15,156,923
104845319878,104845319873,-5,936,4545
104848138426,104848138422,-4,1270,3277
104853649274,104853649268,-6,1076,4951
104864593298,104864593297,-1,986,2222
104866346309,104866346304,-5,1255,3718
104867053705,104867053698,-7,1548,4035
104870690980,104870690976,-4,921,2379
104875274735,104875274731,-4,1170,3259
104876559130,104876559132,2,2961,2702
104877469868,104877469861,-7,954,4436
104879450617,104879450611,-6,1529,3803
104879961343,104879961337,-6,981,2838
104880096786,104880096783,-3,1206,3405
104880484456,104880484470,14,344,1197
104880704002,104880703998,-4,1254,2585
104888165411,104888165402,-9,882,3008
104896921616,104896921610,-6,667,1488
104900712453,104900712449,-4,1089,2844
104901115615,104901115611,-4,1300,2309
104907314683,104907314678,-5,875,2349
104908787336,104908787332,-4,980,2888
104910257087,104910257081,-6,1168,4011
104917789753,104917789748,-5,991,2801
104918696400,104918696411,11,14,621
104919369350,104919369346,-4,1204,3734
104920353391,104920353387,-4,872,2711
104927791265,104927791258,-7,988,3306
104928955626,104928955622,-4,861,1922
104930705595,104930705588,-7,592,2866
104931395714,104931395733,19,670,2493
104931832316,104931832317,1,1740,1432
104935776415,104935776410,-5,835,2728
104936185227,104936185224,-3,1181,3331
104943188132,104943188126,-6,971,2742
104943746588,104943746606,18,640,1336
104944702846,104944702849,3,1561,1139
104946542470,104946542467,-3,1116,1806
104946784745,104946784747,2,308,1263
104947720009,104947720006,-3,1267,3601
104948077089,104948077084,-5,635,2289
104949768039,104949768033,-6,936,4304
104950167135,104950167129,-6,954,3240
104954870475,104954870473,-2,761,2467
104954916338,104954916325,-13,566,2775
104955123867,104955123875,8,229,1008
104963279959,104963279960,1,1244,1578
104965494337,104965494331,-6,1066,2517
104965529058,104965529054,-4,711,1539
104969261782,104969261777,-5,787,2310
104971786720,104971786714,-6,1500,4141
104973562486,104973562495,9,5467,1664
104981278530,104981278525,-5,1514,3937
104989506241,104989506238,-3,640,1928
104989600489,104989600506,17,1193,2314
104990583325,104990583322,-3,1110,2663
104994293453,104994293458,5,1798,1010
105002657273,105002657267,-6,916,2793
105004966342,105004966338,-4,1070,3109
105006473047,105006473055,8,3888,1116
105007699826,105007699822,-4,1304,3199
105013942021,105013942017,-4,916,2246
105014411780,105014411776,-4,788,2497
105017547322,105017547317,-5,1416,3190
105020786010,105020786003,-7,1564,4633
105025424738,105025424734,-4,1101,3306
105025872986,105025873006,20,343,2245
105027095582,105027095578,-4,986,3531
105028539844,105028539838,-6,1360,3255
105030333543,105030333537,-6,1020,2772
105037250055,105037250050,-5,1126,1931
105039345013,105039345009,-4,745,2508
105040242159,105040242157,-2,801,2585
105040321714,105040321726,12,1071,4358
105044505379,105044505373,-6,1018,2238
105044629486,105044629481,-5,1172,2355
105049732846,105049732845,-1,20176,19568
105050080175,105050080171,-4,1268,2808
105051737421,105051737420,-1,9472,15376
105052717320,105052717323,3,550,941
105059780594,105059780593,-1,43533,20111
105062189660,105062189654,-6,1354,4153
105072221721,105072221717,-4,997,2375
105072890626,105072890637,11,453,1113
105073029723,105073029719,-4,1091,3613
105073731968,105073731963,-5,1110,3782
105080351806,105080351801,-5,1052,3818
105081808516,105081808510,-6,749,2608
105084629606,105084629601,-5,1124,2541
105091379661,105091379657,-4,624,3120
105094650057,105094650051,-6,1236,2900
105095624194,105095624190,-4,99,1143
105097782350,105097782345,-5,901,3238
105112846362,105112846356,-6,1014,2594
105113291152,105113291167,15,361,1183
105116303844,105116303841,-3,1287,2712
105119942934,105119942930,-4,1552,4031
105125302854,105125302850,-4,1149,2490
105127424753,105127424747,-6,722,2890
105127645450,105127645444,-6,818,2326
105129986142,105129986137,-5,1133,2256
105148180646,105148180639,-7,745,2060
105151873947,105151873942,-5,1352,2813
105155018659,105155018658,-1,694,1713
105160668069,105160668064,-5,1206,4070
105160788185,105160788205,20,405,1993
105163185822,105163185818,-4,1248,3563
105168389338,105168389333,-5,2643,9469
105168463839,105168463838,-1,1208,2743
105170529246,105170529250,4,6518,5003
105171193479,105171193474,-5,1564,2675
105173532551,105173532545,-6,864,2981
105173596172,105173596179,7,52,805
105176897148,105176897152,4,2848,2039
105178864316,105178864311,-5,1312,2795
105186973518,105186973510,-8,584,3203
105194163806,105194163801,-5,1130,3834
105196750022,105196750021,-1,1001,1765
105197378183,105197378179,-4,856,2090
105197578888,105197578878,-10,77,1028
105203317799,105203317796,-3,1200,1970
105207674037,105207674033,-4,1307,2815
105218180201,105218180201,0,1600,2079
105223973970,105223973967,-3,1227,4092
105232870107,105232870109,2,1244,1940
105237627343,105237627337,-6,903,4127
105246745563,105246745561,-2,733,2241
105251522209,105251522203,-6,962,4309
105255141602,105255141597,-5,1349,3004
105258329979,105258329976,-3,1001,3262
105258639842,105258639849,7,4441,2117
105263047730,105263047738,8,4223,1931
105264410723,105264410717,-6,1140,2784
105264738057,105264738074,17,995,1852
105274626149,105274626146,-3,1480,3485
105275334241,105275334247,6,2031,821
105285998258,105285998253,-5,1359,4002
105288046634,105288046632,-2,901,1729
105289080946,105289080943,-3,1093,2648
105296493599,105296493595,-4,968,2774
105304669870,105304669865,-5,1003,3140
105305063543,105305063538,-5,601,3610
105305470217,105305470231,14,465,808
105317787432,105317787431,-1,1261,2622
105319945635,105319945630,-5,1037,3721
105321012584,105321012579,-5,745,1020
105322032369,105322032373,4,115,673
105324879637,105324879634,-3,1274,2984
105325865778,105325865771,-7,814,2686
105331587307,105331587301,-6,720,2916
105332105008,105332105024,16,1049,3926
105333106253,105333106249,-4,728,3126
105333952034,105333952025,-9,386,791
105337919675,105337919666,-9,575,3333
105338194267,105338194265,-2,1357,1758
105339941110,105339941105,-5,889,2742
105340002842,105340002837,-5,2206,6805
105347245266,105347245261,-5,1006,2872
105347618585,105347618578,-7,666,3498
105353053399,105353053397,-2,2880,5444
105354104571,105354104568,-3,1435,3674
105357599162,105357599158,-4,792,1738
105359238223,105359238214,-9,822,3884
105361498166,105361498170,4,3200,1711
105362195086,105362195082,-4,894,3005
105362943209,105362943204,-5,1136,2965
105364618094,105364618091,-3,888,2546
105364982145,105364982162,17,809,2625
105371260283,105371260281,-2,1070,1928
105371471217,105371471201,-16,666,1417
105380078538,105380078539,1,1196,1924
105380861810,105380861811,1,844,1216
105385155165,105385155163,-2,1499,1860
105390147552,105390147553,1,1309,2149
105390240651,105390240655,4,71,1179
105390667488,105390667509,21,559,1843
105393318379,105393318374,-5,994,3298
105393574669,105393574676,7,1995,1338
105394349545,105394349542,-3,858,3520
105394465271,105394465267,-4,1368,1958
105399012742,105399012737,-5,1302,3991
105401046646,105401046641,-5,2085,7077
105401567363,105401567354,-9,716,1814
105411341686,105411341685,-1,1341,1268
105412649309,105412649302,-7,932,2868
105413866790,105413866797,7,5460,2632
105414597553,105414597547,-6,1241,2765
105414727001,105414726998,-3,1283,3605
105430839046,105430839042,-4,1177,3064
105432771524,105432771537,13,529,957
105443509585,105443509585,0,732,1095
105447368023,105447368018,-5,793,1757
105450259897,105450259894,-3,1189,1646
105450385082,105450385103,21,1303,3553
105451511907,105451511903,-4,1133,3563
105452914010,105452914005,-5,1021,2995
105453816436,105453816450,14,455,1671
105456907339,105456907333,-6,875,3347
105461675357,105461675353,-4,1062,2534
105461947634,105461947627,-7,712,2181
105464107506,105464107501,-5,1239,3308
105477576533,105477576529,-4,1307,3523
105480884066,105480884060,-6,1021,2589
105483685975,105483685970,-5,1631,5045
105496511830,105496511836,6,2166,1491
105498569452,105498569454,2,3189,2995
105502036902,105502036899,-3,841,2310
105504918751,105504918747,-4,663,1780
105510189022,105510189018,-4,1014,3048
105513403284,105513403278,-6,906,4864
105513915682,105513915679,-3,1121,2621
105517717178,105517717174,-4,1184,3261
105521031613,105521031609,-4,990,2800
105521576626,105521576605,-21,179,1409
105521748201,105521748193,-8,282,1041
105522484770,105522484766,-4,767,2588
105522603064,105522603066,2,181,1187
105529033889,105529033883,-6,1024,2000
105529064056,105529064078,22,769,3966
105529435770,105529435765,-5,950,3364
105532244818,105532244814,-4,1070,3033
105534618413,105534618408,-5,1463,3480
105536565871,105536565874,3,1124,937
105540031561,105540031555,-6,1295,3069
105550693426,105550693421,-5,775,2593
105551319081,105551319102,21,1005,2472
105551969596,105551969594,-2,793,2113
105552462578,105552462572,-6,1144,3454
105553448077,105553448073,-4,1187,2638
105553540161,105553540156,-5,675,2880
105557690387,105557690385,-2,853,1999
105572757557,105572757553,-4,777,2246
105574659489,105574659485,-4,962,3074
105577802582,105577802578,-4,939,3774
105580412902,105580412897,-5,832,3460
105585305607,105585305602,-5,1145,3448
105589185986,105589185991,5,3482,1499
105591009426,105591009421,-5,827,3104
105596700735,105596700730,-5,1309,3498
105597520401,105597520418,17,642,1119
105598763607,105598763602,-5,1056,2391
105601979387,105601979383,-4,573,2100
105604718949,105604718944,-5,1049,4168
105607127642,105607127638,-4,526,2864
105611958035,105611958029,-6,970,2608
105614858646,105614858645,-1,1714,2131
105620889374,105620889369,-5,938,3661
105639067453,105639067450,-3,1302,2576
105639742123,105639742118,-5,1174,3048
105640363412,105640363398,-14,236,1231
105643884501,105643884495,-6,1373,2641
105644185695,105644185688,-7,820,3487
105644717475,105644717469,-6,1031,3760
105646584927,105646584923,-4,907,2995
105651183827,105651183831,4,1884,1486
105653631821,105653631814,-7,863,3617
105655610877,105655610872,-5,771,2593
105656066961,105656066954,-7,1114,2690
105664630604,105664630610,6,2781,829
105664927191,105664927189,-2,1235,2601
105666557319,105666557317,-2,1113,2708
105668669978,105668669974,-4,1406,5980
105668769890,105668769910,20,308,861
105669602726,105669602728,2,2307,1554
105673756063,105673756042,-21,19,1139
105679169266,105679169261,-5,663,2123
105680524123,105680524118,-5,960,3097
105682520898,105682520913,15,724,2527
105684262764,105684262758,-6,1268,2405
105684996105,105684996101,-4,1224,1828
105687020431,105687020426,-5,1277,3087
105692737546,105692737541,-5,872,2314
105695442062,105695442057,-5,841,2134
105699528190,105699528184,-6,941,2821
105702729342,105702729338,-4,985,2222
105704617454,105704617449,-5,1739,5100
105707439463,105707439457,-6,1589,3958
105709325025,105709325027,2,2649,1854
105710330000,105710330020,20,3399,1393
105710886062,105710886058,-4,1141,3618
105711864242,105711864237,-5,828,2621
105713382687,105713382682,-5,1062,3784
105715362257,105715362252,-5,961,2588
105715891198,105715891194,-4,488,2495
105716964989,105716964985,-4,895,2784
105718975631,105718975625,-6,1665,3527
105721929677,105721929672,-5,49409,19095
105724918141,105724918136,-5,1377,4242
105725596308,105725596327,19,352,1578
105727057487,105727057485,-2,1528,2915
105729054633,105729054629,-4,1054,3474
105731132454,105731132449,-5,1205,3376
105733065783,105733065778,-5,725,2286
105733165068,105733165087,19,349,1069
105733516531,105733516525,-6,1023,3720
105737214122,105737214118,-4,1291,2957
105737498321,105737498321,0,1778,1723
105748799766,105748799762,-4,682,2494
105754994202,105754994199,-3,900,2511
105758377853,105758377847,-6,908,2737
105758599201,105758599194,-7,1186,2779
105761476647,105761476642,-5,1048,2676
105769259339,105769259333,-6,1234,2920
105773160439,105773160434,-5,826,2003
105780086741,105780086738,-3,2692,4860
105780880969,105780880969,0,2250,1583
105786612494,105786612490,-4,1120,3071
105790397017,105790397013,-4,843,1530
105791886935,105791886932,-3,792,1878
105793288021,105793288018,-3,1014,2595
105793701307,105793701302,-5,900,2907
105794476339,105794476338,-1,1363,1954
105798995550,105798995545,-5,992,2771
105799093874,105799093873,-1,187,615
105801082338,105801082334,-4,937,2535
105808110827,105808110822,-5,909,2879
105808315474,105808315466,-8,1162,3164
105809907405,105809907398,-7,741,1704
105810279908,105810279925,17,433,1569
105810788473,105810788466,-7,867,2182
105811547586,105811547583,-3,1072,2147
105811784798,105811784790,-8,888,3376
105813289400,105813289395,-5,1259,3399
105820846174,105820846169,-5,1114,4839
105821710111,105821710107,-4,530,1435
105830203011,105830203005,-6,926,2201
105833788258,105833788254,-4,1412,3638
105834416505,105834416489,-16,873,2926
105834460064,105834460082,18,985,3195
105838843915,105838843910,-5,856,2637
105840762857,105840762853,-4,665,2304
105841006385,105841006401,16,257,1198
105843201470,105843201465,-5,801,2008
105848695178,105848695184,6,2281,1106
105851045455,105851045449,-6,587,2494
105854808143,105854808142,-1,1292,1679
105856413398,105856413391,-7,1399,5005
105858806131,105858806126,-5,898,2374
105859464329,105859464346,17,711,2449
105862290559,105862290550,-9,787,2851
105867356499,105867356493,-6,1711,6273
105867742382,105867742377,-5,1210,2690
105869123139,105869123134,-5,1510,3535
105872687763,105872687759,-4,1547,3253
105875130502,105875130498,-4,1066,2342
105888201775,105888201772,-3,1209,3795
105890416067,105890416062,-5,937,2936
105890898539,105890898517,-22,905,2266
105900418447,105900418442,-5,1008,2547
105905295550,105905295546,-4,669,3404
105906795345,105906795341,-4,1555,2806
105921285782,105921285777,-5,1003,4308
105921449541,105921449538,-3,1466,3756
105921745713,105921745709,-4,25068,11925
105926410687,105926410686,-1,982,1282
105927557439,105927557438,-1,1156,2092
105928406531,105928406548,17,770,2163
105933740190,105933740202,12,711,2091
105936683006,105936683002,-4,917,2856
105945052267,105945052261,-6,1654,3854
105946026806,105946026810,4,1059,1291
105948613545,105948613537,-8,1311,4821
105948836003,105948836002,-1,254,1021
105955241735,105955241730,-5,1021,2455
105957392265,105957392262,-3,1296,2535
105957699393,105957699406,13,235,1062
105958590048,105958590046,-2,1571,3620
105959104777,105959104772,-5,1047,2966
105959701566,105959701561,-5,1106,3169
105965295249,105965295245,-4,528,1912
105966676436,105966676431,-5,1284,4022
105968985791,105968985786,-5,924,3598
105969399294,105969399288,-6,1371,3510
105971528816,105971528812,-4,900,3572
105971665928,105971665924,-4,956,2195
105973665804,105973665802,-2,742,2548
105974313825,105974313845,20,854,2151
105981539977,105981539972,-5,830,3859
105988328154,105988328150,-4,841,3544
105990528255,105990528266,11,404,1048
105990806686,105990806684,-2,2555,3918
105992916786,105992916781,-5,1416,2663
105995524434,105995524429,-5,1125,2575
105996979941,105996979934,-7,585,3280
106002756981,106002756976,-5,952,2620
106005241246,106005241241,-5,804,2065
106007993789,106007993785,-4,1086,2502
106008965645,106008965639,-6,1273,3637
106016158280,106016158274,-6,1181,3401
106017717946,106017717941,-5,873,3208
106023763891,106023763887,-4,986,3046
106027864226,106027864231,5,1907,1222
106039021567,106039021553,-14,2058,975
106043993713,106043993706,-7,1250,3285
106046510548,106046510542,-6,1353,3759
106047437562,106047437558,-4,1653,1681
106047637140,106047637134,-6,993,2619
106049625940,106049625936,-4,1342,3042
106055464179,106055464174,-5,783,3519
106056884735,106056884730,-5,1045,3502
106058773317,106058773312,-5,1019,2757
106061920575,106061920578,3,884,1511
106069520859,106069520853,-6,605,1970
106073394914,106073394909,-5,823,2743
106076796012,106076796014,2,1636,1221
106079762253,106079762247,-6,1042,4242
106081662747,106081662742,-5,772,2028
106082561774,106082561770,-4,894,2445
106091941554,106091941549,-5,575,1644
106094574113,106094574110,-3,2757,6543
106099715226,106099715221,-5,975,2963
106102138323,106102138338,15,86,1072
106106097695,106106097690,-5,940,2756
106107868732,106107868726,-6,1133,3658
106118129074,106118129069,-5,1212,3340
106119031137,106119031131,-6,1107,3929
106120326594,106120326589,-5,1231,4021
106120806562,106120806558,-4,855,2677
106121382968,106121382979,11,354,1207
106122603057,106122603053,-4,975,2618
106124112678,106124112682,4,3070,1596
106127426445,106127426441,-4,1155,2732
106132299809,106132299801,-8,20866,18749
106134061162,106134061157,-5,1051,3162
106136025854,106136025855,1,1563,1877
106136525598,106136525595,-3,874,3084
106144086042,106144086037,-5,1045,3193
106145371237,106145371230,-7,1253,4116
106146843418,106146843421,3,1512,2075
106148305914,106148305908,-6,1131,3015
106148540129,106148540118,-11,890,3472
106152253597,106152253590,-7,1419,5792
106154364390,106154364383,-7,24772,13812
106158841154,106158841148,-6,1170,4688
106164480030,106164480026,-4,1171,3590
106164572643,106164572650,7,310,1154
106169030089,106169030082,-7,20857,16811
106175085947,106175085943,-4,1045,3013
106180510358,106180510353,-5,1221,3364
106184994129,106184994122,-7,1279,3469
106192721373,106192721366,-7,1303,3055
106195218387,106195218391,4,4119,2555
106198483286,106198483281,-5,1286,3687
106199890290,106199890286,-4,868,2463
106200289494,106200289488,-6,1163,3523
106200754393,106200754388,-5,991,2952
106200883826,106200883817,-9,8,1081
106201609723,106201609720,-3,996,2850
106201823348,106201823361,13,719,2299
106202133890,106202133883,-7,1025,3359
106204569290,106204569283,-7,1203,1853
106205630452,106205630464,12,230,999
106208013782,106208013779,-3,1326,3530
106212901595,106212901594,-1,711,1870
106213098420,106213098434,14,681,1540
106219959601,106219959597,-4,1023,2521
106223445565,106223445545,-20,5490,1479
106229782486,106229782481,-5,641,2148
106231945530,106231945526,-4,1118,2322
106239399708,106239399704,-4,1311,4400
106243358346,106243358345,-1,2024,4815
106246015058,106246015062,4,4250,3092
106249947754,106249947746,-8,776,2697
106251246424,106251246419,-5,1102,2961
106252440350,106252440345,-5,1062,4638
106255326324,106255326318,-6,1028,3249
106257414440,106257414434,-6,977,3256
106265975522,106265975517,-5,1117,3227
106269071475,106269071469,-6,1025,3048
106269931083,106269931077,-6,1024,3263
106281121526,106281121520,-6,946,2650
106283235949,106283235946,-3,828,2917
106283336146,106283336162,16,831,3275
106283955309,106283955303,-6,949,2101
106291006643,106291006638,-5,984,2489
106296470368,106296470361,-7,1644,9088
106296717000,106296717014,14,12011,47774
106298929173,106298929169,-4,1268,2801
106304089910,106304089906,-4,1086,2766
106304770042,106304770022,-20,1457,3960
106305808815,106305808810,-5,960,3223
106306257838,106306257834,-4,970,2933
106308056606,106308056610,4,1235,1267
106312610970,106312610966,-4,585,1276
106314897418,106314897413,-5,446,1799
106314978754,106314978739,-15,283,915
106317878344,106317878339,-5,1385,2781
106318199443,106318199458,15,945,2633
106319902213,106319902213,0,1253,1701
106322498646,106322498639,-7,740,2363
106323253708,106323253721,13,288,1817
106327095118,106327095113,-5,783,3040
106333367858,106333367853,-5,982,3117
106337130814,106337130806,-8,991,3071
106340785311,106340785307,-4,1110,3185
106340903217,106340903228,11,261,1226
106341114356,106341114347,-9,1343,3402
106341777219,106341777217,-2,1593,2782
106346640209,106346640206,-3,863,2440
106351795594,106351795586,-8,1468,4546
106357526595,106357526589,-6,1288,3015
106359335343,106359335339,-4,1057,2495
106363861657,106363861653,-4,1428,2853
106370911559,106370911553,-6,1004,3260
106371452845,106371452838,-7,1025,3735
106372757847,106372757846,-1,1326,2254
106375038551,106375038550,-1,1231,1503
106376696781,106376696786,5,4320,2818
106382429548,106382429542,-6,1047,3999
106382468260,106382468277,17,771,1802
106383357503,106383357503,0,1062,1316
106385402159,106385402153,-6,1289,3964
106385635362,106385635357,-5,847,2998
106386571919,106386571914,-5,667,2875
106388970455,106388970451,-4,1023,3091
106389247352,106389247348,-4,758,3171
106393008679,106393008673,-6,1138,1640
106394865702,106394865698,-4,1093,2691
106397714508,106397714500,-8,733,4177
106398065034,106398065026,-8,1096,3626
106400539114,106400539110,-4,1053,3356
106401689625,106401689620,-5,933,2642
106405121004,106405121006,2,26493,42643
106409333779,106409333775,-4,783,2466
106409603730,106409603726,-4,1225,3334
106423467177,106423467173,-4,951,2414
106427568609,106427568605,-4,949,2254
106438387560,106438387555,-5,1169,3018
106439769203,106439769199,-4,842,1907
106441600354,106441600349,-5,1023,3003
106442054101,106442054105,4,1850,1448
106442698511,106442698513,2,1774,2112
106445960414,106445960412,-2,925,2525
106450716825,106450716821,-4,986,3208
106451083131,106451083125,-6,437,1055
106451798510,106451798506,-4,1098,2654
106467138241,106467138237,-4,1159,3675
106470485475,106470485476,1,6869,6947
106475419942,106475419938,-4,1464,4159
106477956332,106477956327,-5,1218,3365
106479673790,106479673785,-5,934,2753
106480575983,106480575977,-6,752,3787
106485192363,106485192358,-5,711,1863
106488530326,106488530321,-5,919,2493
106489689330,106489689326,-4,1475,2901
106490509675,106490509667,-8,117,929
106492861783,106492861778,-5,876,2437
106495956722,106495956721,-1,950,1995
106507041337,106507041334,-3,457,2167
106508900902,106508900896,-6,996,1472
106512501704,106512501698,-6,1005,3129
106516863917,106516863913,-4,912,2659
106522524759,106522524756,-3,619,1817
106522697568,106522697566,-2,1459,2068
106526130553,106526130550,-3,1047,3455
106533892647,106533892641,-6,743,2251
106534161756,106534161766,10,283,2484
106536820028,106536820036,8,16456,26631
106540423688,106540423682,-6,1183,3647
106546830858,106546830853,-5,1180,2348
106552199906,106552199906,0,1672,1655
106555489709,106555489703,-6,1232,3061
106559194108,106559194109,1,1939,2271
106562211432,106562211437,5,2218,1176
106562921596,106562921591,-5,1103,4026
106564257892,106564257910,18,744,1907
106565613395,106565613388,-7,2164,6591
106568397744,106568397738,-6,1188,3067
106571796350,106571796346,-4,1008,2109
106579319266,106579319261,-5,1255,3098
106586108658,106586108655,-3,1232,2750
106586222723,106586222718,-5,1042,3093
106587789089,106587789084,-5,979,3068
106588464898,106588464894,-4,816,3259
106598357319,106598357318,-1,893,1933
106599403219,106599403214,-5,1246,3222
106600875980,106600875975,-5,1628,5011
106601641463,106601641459,-4,1137,3425
106608579555,106608579550,-5,867,2900
106611963657,106611963649,-8,21243,20537
106615027075,106615027071,-4,952,3209
106615558652,106615558670,18,848,3197
106628913101,106628913107,6,1439,1079
106629111760,106629111767,7,2015,1393
106631655726,106631655730,4,1207,1092
106637920912,106637920915,3,1116,1005
106643127306,106643127302,-4,1558,3202
106654636201,106654636206,5,1886,1669
106655533929,106655533925,-4,1032,2811
106656633355,106656633362,7,7276,2252
106656968867,106656968862,-5,708,2055
106661210138,106661210134,-4,1204,2296
106662637962,106662637957,-5,950,2968
106663031075,106663031075,0,2410,2221
106663110186,106663110183,-3,835,2791
106670178295,106670178290,-5,915,2285
106674351222,106674351221,-1,1704,2455
106675042089,106675042085,-4,1043,2354
106676500376,106676500382,6,4011,1195
106680297107,106680297103,-4,866,3277
106681396581,106681396575,-6,1235,3343
106686402008,106686402001,-7,792,3227
106694494383,106694494380,-3,960,3517
106696926382,106696926378,-4,888,2044
106697458868,106697458863,-5,1005,3112
106698996596,106698996592,-4,1094,3438
106706861721,106706861716,-5,1018,2552
106713311362,106713311355,-7,1394,3264
106716943918,106716943915,-3,933,2444
106718482851,106718482845,-6,1068,2813
106721095618,106721095614,-4,948,3242
106721412106,106721412101,-5,752,2550
106725576091,106725576086,-5,1038,2814
106729524167,106729524161,-6,1130,3307
106740690891,106740690887,-4,1043,2696
106742355780,106742355774,-6,993,3074
106746897011,106746897006,-5,340,2329
106747103915,106747103897,-18,1179,3040
106747829170,106747829188,18,966,2437
106754027357,106754027365,8,1412,1819
106756232019,106756232015,-4,1012,2851
106759891643,106759891638,-5,871,2023
106759992947,106759992925,-22,842,2693
106767233515,106767233510,-5,1130,2834
106772884043,106772884038,-5,950,2119
106778563054,106778563047,-7,847,2782
106778641753,106778641746,-7,1013,2795
106779686017,106779685996,-21,1265,2948
106780026385,106780026378,-7,1041,2741
106782881659,106782881654,-5,1011,2557
106787022383,106787022379,-4,801,2178
106787203458,106787203453,-5,950,2363
106791378082,106791378076,-6,826,3313
106792796508,106792796514,6,3125,1637
106795793861,106795793857,-4,1174,2733
106797397809,106797397802,-7,772,2827
106803373770,106803373775,5,2588,1301
106806951863,106806951858,-5,1088,4381
106809936802,106809936814,12,14437,32277
106814616054,106814616050,-4,1595,4192
106815161498,106815161517,19,779,2888
106815713074,106815713069,-5,1205,2674
106817012315,106817012310,-5,83,724
106818107458,106818107454,-4,747,2364
106828286135,106828286134,-1,2851,5022
106833455515,106833455509,-6,1105,3607
106835445910,106835445907,-3,907,1445
106838332709,106838332706,-3,978,2233
106840725658,106840725657,-1,866,1137
106849286259,106849286254,-5,1199,3275
106851273470,106851273466,-4,983,2151
106855050702,106855050696,-6,1228,2417
106855181632,106855181626,-6,1063,2568
106855659256,106855659249,-7,1146,3324
106862443285,106862443281,-4,733,1834
106865092963,106865092959,-4,1273,2905
106867190105,106867190098,-7,1182,2530
106868579345,106868579340,-5,1307,4130
106870072184,106870072178,-6,1000,2980
106872230063,106872230067,4,26711,38744
106874526011,106874526007,-4,566,1878
106878972737,106878972733,-4,962,2891
106879955263,106879955259,-4,1103,2919
106895625728,106895625727,-1,7722,11782
106897094434,106897094428,-6,892,2467
106897191215,106897191213,-2,1022,4003
106903895018,106903895014,-4,1335,2542
106907122039,106907122036,-3,1132,2844
106908827349,106908827342,-7,1009,2708
106909409773,106909409770,-3,1025,1560
106910197401,106910197399,-2,2887,4900
106910856373,106910856367,-6,974,3228
106911042873,106911042890,17,526,1555
106912529113,106912529109,-4,992,3707
106917581250,106917581249,-1,1827,5549
106922184223,106922184208,-15,12712,493
106926797667,106926797663,-4,905,2261
106927986869,106927986866,-3,1021,2694
106928263878,106928263874,-4,613,2202
106929427366,106929427360,-6,1080,3413
106930190346,106930190366,20,732,2785
106942650838,106942650834,-4,691,2350
106945276765,106945276764,-1,37775,33930
106952004257,106952004259,2,1457,1461
106961115721,106961115717,-4,510,2257
106964180451,106964180447,-4,1350,2103
106968263970,106968263963,-7,1165,2591
106971417744,106971417737,-7,1433,3682
106974536946,106974536949,3,1321,1442
106975964731,106975964729,-2,757,1607
106979058235,106979058226,-9,788,3175
106980738617,106980738613,-4,1005,1903
106981652755,106981652745,-10,311,996
106982093162,106982093158,-4,1472,3714
106987979456,106987979451,-5,949,2751
106988858362,106988858383,21,399,1167
106990286354,106990286339,-15,20320,29935
106996382097,106996382097,0,1742,2309
106996559765,106996559758,-7,1392,3950
107008683234,107008683232,-2,718,1524
107011550075,107011550070,-5,1297,3853
107011593537,107011593543,6,4514,1355
107018017601,107018017597,-4,842,2721
107018877479,107018877474,-5,927,2695
107019825545,107019825551,6,4344,1295
107023750890,107023750896,6,3929,2496
107031554614,107031554606,-8,1633,7571
107031843385,107031843379,-6,756,3379
107041286774,107041286771,-3,958,2034
107048346089,107048346085,-4,1137,3441
107048427763,107048427758,-5,145,715
107053650331,107053650326,-5,1460,4100
107054171391,107054171387,-4,1058,2575
107056476858,107056476840,-18,2250,1151
107062213373,107062213359,-14,1005,2470
107069754495,107069754489,-6,1223,3469
107074163759,107074163753,-6,853,2700
107083620435,107083620430,-5,980,2086
107086712855,107086712850,-5,1257,3344
107091561537,107091561534,-3,1168,3434
107092931862,107092931862,0,1114,1581
107093162654,107093162654,0,2784,4105
107094882785,107094882780,-5,1078,2861
107096027172,107096027169,-3,998,1867
107096152585,107096152582,-3,1145,2326
107096568484,107096568494,10,312,2271
107104208904,107104208918,14,22438,58842
107111604626,107111604605,-21,1192,2903
107112118114,107112118113,-1,975,1611
107117146712,107117146705,-7,882,3227
107120754278,107120754277,-1,7802,10463
107127055059,107127055058,-1,1494,2371
107130039987,107130039988,1,2715,2992
107130689858,107130689854,-4,647,2531
107137972954,107137972950,-4,1138,3055
107148290181,107148290174,-7,1128,2862
107150676235,107150676227,-8,740,3723
107153185336,107153185332,-4,1385,2810
107157093150,107157093148,-2,899,3141
107172615558,107172615553,-5,917,2192
107174957326,107174957321,-5,1431,3195
107176168746,107176168742,-4,1049,3668
107179768434,107179768430,-4,1124,3826
107181138718,107181138713,-5,1246,2702
107182252083,107182252081,-2,2095,4156
107183146570,107183146570,0,929,1924
107184829667,107184829661,-6,957,2916
107195652878,107195652874,-4,816,1987
107197586694,107197586686,-8,966,3668
107202500939,107202500930,-9,196,996
107204126398,107204126393,-5,844,3440
107206456949,107206456954,5,2381,1194
107208668009,107208668001,-8,814,2979
107208729015,107208729009,-6,1166,3314
107209516530,107209516526,-4,1618,3205
107211465009,107211465003,-6,1175,2952
107214523687,107214523701,14,396,2082
107215059819,107215059814,-5,978,3062
107217640802,107217640821,19,1102,2829
107220397946,107220397941,-5,1002,3063
107223971968,107223971965,-3,1155,2422
107224201398,107224201399,1,938,1508
107225001690,107225001685,-5,1125,2325
107227054772,107227054778,6,5842,2127
107230123127,107230123122,-5,1106,2381
107230487193,107230487189,-4,1207,4403
107232078152,107232078146,-6,942,3404
107239469967,107239469960,-7,1190,4819
107243809558,107243809554,-4,905,2421
107244664558,107244664553,-5,931,3496
107246788568,107246788563,-5,1016,2769
107252857297,107252857293,-4,1361,3147
107254312319,107254312314,-5,1243,2437
107256089814,107256089811,-3,1485,2570
107257653802,107257653808,6,2474,1175
107263243740,107263243730,-10,139,1158
107264205679,107264205683,4,1212,1522
107265323776,107265323773,-3,851,2893
107271267338,107271267351,13,114,1269
107273514298,107273514299,1,20171,7025
107276952774,107276952768,-6,1355,4234
107280374161,107280374154,-7,1689,10346
107280912690,107280912686,-4,1154,3269
107281362594,107281362595,1,1787,2405
107282628794,107282628788,-6,1183,3244
107283934487,107283934482,-5,1009,2782
107284495765,107284495760,-5,1114,4233
107285001802,107285001794,-8,19,585
107289256823,107289256817,-6,780,2351
107297827871,107297827865,-6,855,2002
107299086606,107299086602,-4,1218,3457
107315453855,107315453846,-9,915,3926
107321186632,107321186625,-7,1198,2572
107322052234,107322052230,-4,840,3508
107325793486,107325793483,-3,827,2882
107328486188,107328486182,-6,916,3518
107331358065,107331358061,-4,1187,2436
107336330758,107336330762,4,1448,1105
107336574562,107336574557,-5,1101,2755
107341826239,107341826233,-6,1253,3042
107341948929,107341948924,-5,567,1932
107342356930,107342356931,1,1287,1228
107343786858,107343786853,-5,956,2957
107347310859,107347310853,-6,1419,3400
107347808242,107347808234,-8,1013,2628
107351175961,107351175954,-7,1265,3075
107356017666,107356017663,-3,717,2288
107360166766,107360166762,-4,1296,3497
107361760958,107361760954,-4,842,2509
107365322159,107365322153,-6,987,2814
107368404742,107368404737,-5,763,2709
107368790631,107368790625,-6,523,2197
107374576406,107374576401,-5,1241,2854
107374767033,107374767029,-4,230,1056
107382787116,107382787109,-7,1700,8668
107384071490,107384071485,-5,753,3969
107385096468,107385096466,-2,1018,2878
107395804131,107395804125,-6,1046,2243
107398112377,107398112374,-3,911,2787
107398486130,107398486119,-11,267,997
107400404891,107400404887,-4,1141,3106
107408897357,107408897353,-4,774,2128
107420752951,107420752949,-2,1132,2555
107435581374,107435581366,-8,1174,3394
107436948278,107436948271,-7,1450,3683
107438196732,107438196750,18,872,3623
107447160709,107447160703,-6,955,3580
107451078450,107451078446,-4,1040,3073
107464072598,107464072592,-6,835,3662
107467509191,107467509185,-6,917,2649
107470617853,107470617850,-3,709,3555
107472512250,107472512243,-7,1266,2611
107484294306,107484294300,-6,2029,6101
107485047930,107485047908,-22,919,3515
107485723226,107485723222,-4,1008,2237
107487729887,107487729889,2,2640,2253
107489236070,107489236066,-4,1229,3968
107489493033,107489493050,17,869,2652
107493426511,107493426505,-6,841,3617
107496848726,107496848726,0,1340,1256
107500005486,107500005493,7,2476,1103
107500524830,107500524825,-5,1134,2570
107500957377,107500957390,13,189,773
107501862333,107501862328,-5,1205,4209
107501943522,107501943543,21,432,1072
107506155222,107506155215,-7,547,2988
107514374218,107514374225,7,2976,1145
107520876694,107520876690,-4,711,2237
107522342488,107522342493,5,6884,31352
107531641606,107531641602,-4,1671,3015
107534494488,107534494482,-6,1223,3109
107538844593,107538844587,-6,774,3124
107538999428,107538999424,-4,1999,2693
107541110866,107541110861,-5,881,2853
107542443368,107542443388,20,611,2168
107546657310,107546657324,14,634,1566
107546688840,107546688846,6,10421,4886
107547752855,107547752852,-3,1120,2245
107551191809,107551191805,-4,1249,2432
107556583989,107556583985,-4,941,2864
107559365407,107559365404,-3,830,1934
107560165015,107560165010,-5,1266,2351
107562234619,107562234612,-7,1064,2183
107562382291,107562382292,1,291,2282
107562803610,107562803625,15,482,1767
107569158140,107569158142,2,2426,2284
107572129036,107572129030,-6,1265,3660
107573961826,107573961822,-4,1014,2458
107575477634,107575477629,-5,745,2357
107578207751,107578207748,-3,806,2537
107582015965,107582015958,-7,1426,7503
107582206259,107582206273,14,111,1509
107582566587,107582566593,6,2867,1036
107584871960,107584871956,-4,1155,3396
107588048866,107588048860,-6,1045,3964
107591482450,107591482450,0,63,862
107596998721,107596998719,-2,964,2072
107597657678,107597657673,-5,1305,3124
107600343816,107600343812,-4,1282,2965
107604064262,107604064258,-4,1371,3885
107621818850,107621818847,-3,1102,2992
107622926758,107622926752,-6,1227,2969
107625991218,107625991213,-5,865,2640
107634198683,107634198680,-3,858,1933
107639946873,107639946874,1,2646,1830
107639983810,107639983806,-4,1137,2766
107640620043,107640620040,-3,1337,3126
107643467904,107643467918,14,495,2704
107644449965,107644449960,-5,1011,5799
107647361776,107647361770,-6,1409,4019
107648664962,107648664957,-5,1450,3993
107653645700,107653645693,-7,1050,3841
107654182410,107654182421,11,145,749
107655977310,107655977303,-7,1052,2884
107656095410,107656095407,-3,202,891
107660582485,107660582478,-7,870,2323
107668677546,107668677541,-5,1428,2481
107671972517,107671972512,-5,1233,3418
107673430211,107673430206,-5,1137,2781
107674844354,107674844362,8,7711,27568
107675178942,107675178946,4,7867,4453
107683928933,107683928927,-6,1345,3154
107684063695,107684063690,-5,1121,2716
107688330832,107688330833,1,1308,2499
107689089305,107689089322,17,295,1004
107693371668,107693371664,-4,1578,3046
107697360243,107697360240,-3,916,2049
107698904521,107698904517,-4,1024,2772
107705133278,107705133280,2,1730,1132
107706197929,107706197933,4,1857,1129
107712701666,107712701662,-4,1127,3442
107715156314,107715156314,0,3119,3911
107725323681,107725323677,-4,1452,5861
107725693404,107725693402,-2,282,857
107729554983,107729554979,-4,845,2244
107730994310,107730994307,-3,910,1772
107737264502,107737264497,-5,654,3047
107739727070,107739727066,-4,1098,2312
107741229070,107741229065,-5,1135,3425
107743199966,107743199960,-6,1384,4203
107744187521,107744187516,-5,1132,3420
107744541495,107744541494,-1,1013,1122
107749127966,107749127957,-9,1089,274
107750830781,107750830776,-5,1089,2987
107751414673,107751414682,9,164,1121
107753951046,107753951042,-4,1067,2876
107757498099,107757498094,-5,907,3603
107760700315,107760700311,-4,1021,2729
107763903326,107763903323,-3,986,3350
107765236223,107765236231,8,11987,23409
107771212727,107771212721,-6,1122,3564
107776245107,107776245102,-5,1150,2585
107776373436,107776373454,18,630,1729
107787151616,107787151610,-6,698,2520
107791999918,107791999913,-5,1156,2215
107796158036,107796158027,-9,1269,3422
107797694195,107797694196,1,1382,1864
107800995786,107800995793,7,15373,5910
107801369016,107801369010,-6,953,4343
107802960825,107802960820,-5,1103,2875
107803376336,107803376351,15,237,1303
107806030402,107806030397,-5,1100,4773
107810663576,107810663570,-6,1043,3136
107813409858,107813409854,-4,1063,2163
107816506473,107816506466,-7,927,2039
107828702325,107828702318,-7,1203,3004
107832765427,107832765424,-3,993,2710
107833473018,107833473013,-5,905,3518
107838840623,107838840625,2,4371,3371
107839238061,107839238063,2,2302,912
107839775400,107839775395,-5,1067,2440
107843579392,107843579386,-6,821,3574
107850249434,107850249437,3,936,1029
107850510386,107850510406,20,632,2498
107852057461,107852057456,-5,1002,3155
107854658262,107854658256,-6,1055,3329
107856885218,107856885212,-6,939,2828
107857263771,107857263787,16,940,2904
107857737416,107857737411,-5,873,3447
107861163291,107861163290,-1,1532,2105
107864013793,107864013790,-3,1466,2608
107864122202,107864122187,-15,977,2598
107866950425,107866950428,3,2440,1356
107880122990,107880122984,-6,1026,2532
107884527539,107884527536,-3,1242,4151
107891212687,107891212681,-6,1143,3470
107891779069,107891779064,-5,1310,3823
107895682903,107895682899,-4,1224,3799
107910125184,107910125178,-6,1394,2837
107910763447,107910763442,-5,979,2666
107916232965,107916232961,-4,967,2877
107916767899,107916767882,-17,1464,4407
107918092897,107918092901,4,12393,7146
107919732913,107919732913,0,1043,1695
107920257883,107920257881,-2,1434,2032
107922827399,107922827395,-4,982,4587
107923552691,107923552687,-4,1090,3950
107927908437,107927908434,-3,615,2569
107928299036,107928299052,16,790,2696
107930877934,107930877930,-4,830,1550
107934018386,107934018378,-8,994,3271
107934112838,107934112833,-5,906,4679
107935277480,107935277498,18,1188,4381
107937294147,107937294142,-5,1051,2876
107937956634,107937956630,-4,652,2230
107939423784,107939423778,-6,1014,2661
107952111728,107952111726,-2,1258,2645
107964379398,107964379394,-4,1280,2184
107972623989,107972623984,-5,864,3176
107976667698,107976667693,-5,799,3789
107979016701,107979016696,-5,706,2000
107979124978,107979124973,-5,1003,3174
107979167674,107979167693,19,1221,2866
107989818380,107989818375,-5,1290,2990
107994854186,107994854181,-5,1124,4264
107994896760,107994896756,-4,898,2649
107995056241,107995056263,22,801,3493
107996927475,107996927472,-3,1300,3179
107997588470,107997588466,-4,1577,2352
107997634215,107997634209,-6,1039,2563
108001144204,108001144199,-5,1274,3870
108001597536,108001597531,-5,3,1169
108006014354,108006014369,15,272,1042
108006540689,108006540685,-4,1221,3165
108007465971,108007465966,-5,1312,4208
108007668120,108007668107,-13,893,2066
108012437453,108012437447,-6,1437,3756
108021259706,108021259701,-5,532,1842
108033716721,108033716731,10,207,901
108036474122,108036474123,1,1538,1389
108037396618,108037396613,-5,905,2996
108049428233,108049428229,-4,1240,3190
108052738825,108052738818,-7,1241,2542
108052902624,108052902607,-17,1063,2145
108053658409,108053658398,-11,454,1817
108056460953,108056460950,-3,887,3199
108060001519,108060001515,-4,572,1630
108061586245,108061586240,-5,1083,4103
108065927629,108065927626,-3,992,2693
108071073515,108071073519,4,21484,15084
108075315590,108075315586,-4,812,2308
108076467850,108076467868,18,630,1877
108081667539,108081667534,-5,501,3868
108084373835,108084373830,-5,935,2882
108086327398,108086327393,-5,990,2473
108087587115,108087587110,-5,1155,2893
108090846922,108090846918,-4,1213,3334
108095152549,108095152551,2,1697,1797
108096464414,108096464409,-5,1359,3720
108101428290,108101428286,-4,1133,2908
108121689379,108121689373,-6,1226,3948
108122136618,108122136630,12,295,999
108124382662,108124382657,-5,721,2606
108127907650,108127907646,-4,517,1770
108128759413,108128759408,-5,1241,2463
108130717295,108130717288,-7,857,1999
108147303398,108147303393,-5,920,2933
108155578908,108155578904,-4,1735,4598
108156880818,108156880814,-4,901,2542
108164630277,108164630271,-6,967,3223
108165973493,108165973498,5,2340,1195
108167386883,108167386878,-5,1037,1804
108172034539,108172034536,-3,813,3173
108172081121,108172081106,-15,295,1343
108174528062,108174528056,-6,999,3529
108175632975,108175632972,-3,942,2485
108176081744,108176081765,21,932,3280
108176754398,108176754394,-4,1137,2113
108177609173,108177609169,-4,999,3376
108179635092,108179635085,-7,942,3714
108182346517,108182346513,-4,943,2561
108186289700,108186289695,-5,1242,3103
108187397400,108187397394,-6,1108,3253
108191565611,108191565627,16,1556,1008
108192308183,108192308186,3,1911,1580
108207897611,108207897606,-5,1290,2552
108211622579,108211622577,-2,775,2377
108223748015,108223748015,0,1811,8431
108226548814,108226548809,-5,1074,1818
108228344410,108228344404,-6,1100,4026
108233905022,108233905021,-1,576,1246
108240998607,108240998598,-9,886,4016
108246912165,108246912167,2,1521,1321
108250562107,108250562102,-5,1396,3035
108255464566,108255464573,7,4247,1303
108262428269,108262428265,-4,1193,2086
108263714296,108263714291,-5,788,3059
108271629570,108271629566,-4,1091,3976
108274847895,108274847891,-4,1428,3636
108275677914,108275677909,-5,927,2369
108275708517,108275708514,-3,1131,2235
108282232033,108282232035,2,1703,1724
108288756169,108288756163,-6,1336,3050
108289216042,108289216049,7,2300,1528
108290253739,108290253734,-5,1234,2976
108291107211,108291107205,-6,735,2067
108293021186,108293021179,-7,687,3238
108300914625,108300914617,-8,1954,8517
108304277673,108304277670,-3,1023,1984
108305408049,108305408042,-7,635,1738
108306649611,108306649602,-9,826,4495
108311136482,108311136486,4,2927,2073
108313555623,108313555619,-4,2092,6068
108315645882,108315645877,-5,979,3195
108317871263,108317871257,-6,1096,2683
108318820794,108318820789,-5,1042,2703
108321535979,108321535974,-5,1126,2814
108321583570,108321583591,21,1101,2208
108322538799,108322538796,-3,1482,3193
108323408886,108323408881,-5,1237,4187
108324894546,108324894542,-4,850,2626
108327309488,108327309481,-7,723,3193
108328591875,108328591872,-3,827,1592
108333282303,108333282298,-5,1161,3432
108335914292,108335914286,-6,1012,2457
108356830642,108356830638,-4,964,2764
108357912187,108357912185,-2,1046,1131
108362522347,108362522342,-5,845,3255
108368179171,108368179169,-2,1195,3708
108373103067,108373103063,-4,1084,3079
108377577883,108377577877,-6,1294,3370
108378375506,108378375502,-4,1040,2876
108379107673,108379107659,-14,199,867
108383415314,108383415318,4,3304,1776
108386508176,108386508198,22,1099,3722
108397115991,108397115994,3,1429,1589
108397844379,108397844372,-7,994,2504
108398285346,108398285341,-5,1349,3900
108398453133,108398453129,-4,1289,4653
108400507571,108400507577,6,6368,2441
108401459225,108401459220,-5,829,3216
108403675054,108403675046,-8,925,4155
108412045035,108412045031,-4,1182,2973
108416958344,108416958342,-2,1469,1978
108419123490,108419123485,-5,897,3924
108420091695,108420091711,16,260,1236
108423438470,108423438466,-4,814,2456
108424235478,108424235467,-11,692,2000
108426318729,108426318737,8,2519,1591
108430799057,108430799050,-7,747,4247
108431251098,108431251086,-12,105,1284
108435116361,108435116353,-8,1167,6299
108436437538,108436437532,-6,1112,3339
108437277610,108437277609,-1,2642,3002
108438463294,108438463290,-4,951,3414
108440470761,108440470753,-8,761,1945
108442154051,108442154046,-5,688,2671
108447086907,108447086901,-6,940,4364
108452686878,108452686872,-6,1700,5721
108453017760,108453017749,-11,1124,3588
108456306673,108456306667,-6,623,2568
108457052214,108457052210,-4,808,3071
108465972185,108465972186,1,5295,5044
108470842877,108470842871,-6,1047,2425
108481168877,108481168870,-7,924,3300
108490639922,108490639919,-3,1369,2690
108501743158,108501743156,-2,1418,2927
108507785052,108507785045,-7,973,4055
108515380872,108515380867,-5,1241,4127
108515918902,108515918895,-7,962,2773
108519613159,108519613154,-5,850,3829
108519782191,108519782186,-5,1280,3007
108520767903,108520767897,-6,1362,3552
108524554834,108524554830,-4,1250,3574
108525588574,108525588570,-4,1100,2224
108528388857,108528388851,-6,2501,5783
108531238573,108531238578,5,2201,1566
108541727631,108541727625,-6,744,2601
108542309508,108542309522,14,141,680
108549361067,108549361076,9,1974,1819
108554465810,108554465803,-7,959,2939
108555762924,108555762920,-4,1526,3070
108566863803,108566863807,4,2574,1301
108568879145,108568879139,-6,1506,3773
108577589857,108577589852,-5,1250,3406
108580193415,108580193417,2,914,1132
108583095895,108583095890,-5,1180,3521
108596591834,108596591828,-6,37433,15032
108596626727,108596626722,-5,1029,2867
108604539774,108604539769,-5,783,2587
108610251411,108610251401,-10,257,1119
108614797124,108614797118,-6,1295,3900
108621226023,108621226018,-5,960,2706
108622413395,108622413390,-5,1397,2172
108623696725,108623696720,-5,1299,2513
108624863577,108624863574,-3,969,2473
108625982814,108625982809,-5,954,4404
108632064392,108632064388,-4,4320,12737
108640848855,108640848850,-5,1367,3112
108645967648,108645967657,9,16548,17737
108647752954,108647752960,6,11473,27267
108653190236,108653190231,-5,985,3476
108653811661,108653811656,-5,1817,4561
108657101939,108657101936,-3,761,1969
108660181619,108660181614,-5,733,1987
108661653295,108661653289,-6,773,3734
108661792453,108661792448,-5,948,2554
108663484258,108663484254,-4,1010,2660
108665938035,108665938034,-1,1132,1769
108666986760,108666986778,18,865,2796
108672373126,108672373121,-5,1147,3675
108675573881,108675573876,-5,751,2638
108677478809,108677478815,6,1258,1359
108677849955,108677849948,-7,1069,3397
108678440185,108678440201,16,953,4698
108679880182,108679880178,-4,1171,4171
108680891753,108680891747,-6,861,3429
108693474145,108693474138,-7,1591,6674
108693812235,108693812253,18,444,1275
108697981658,108697981654,-4,1168,3732
108698298455,108698298450,-5,743,3056
108701988130,108701988126,-4,1024,2714
108706124446,108706124441,-5,750,2170
108706152056,108706152063,7,10806,31301
108706245105,108706245127,22,477,1585
108709815786,108709815783,-3,1180,3049
108715773667,108715773662,-5,1010,2769
108716573225,108716573216,-9,914,2531
108718103506,108718103502,-4,1150,2739
108719623422,108719623418,-4,1030,3194
108721707954,108721707958,4,3965,2054
108723370118,108723370113,-5,789,3022
108732052198,108732052195,-3,1085,3371
108735753020,108735753026,6,3590,1124
108735790406,108735790402,-4,1287,3770
108738529638,108738529634,-4,875,3458
108739183415,108739183410,-5,911,1892
108742062093,108742062094,1,1258,1762
108746985513,108746985506,-7,1130,4176
108747595426,108747595413,-13,315,1342
108752375614,108752375609,-5,834,1885
108759903826,108759903822,-4,1045,3820
108763437451,108763437444,-7,804,2480
108771880680,108771880675,-5,1412,3971
108775443781,108775443775,-6,1091,3388
108777570773,108777570775,2,26760,34161
108778282706,108778282698,-8,1154,4785
108778585312,108778585310,-2,1375,3095
108779623555,108779623549,-6,591,2263
108779744730,108779744746,16,741,3970
108782619682,108782619676,-6,953,3343
108783774873,108783774855,-18,222,975
108784773290,108784773284,-6,1057,3648
108785750638,108785750633,-5,625,949
108785830385,108785830373,-12,105,797
108786604555,108786604567,12,228,1262
108788443517,108788443513,-4,1149,2832
108788917215,108788917210,-5,639,2030
108800901502,108800901498,-4,696,3235
108807488766,108807488761,-5,680,2737
108816253240,108816253232,-8,771,3337
108816613841,108816613841,0,58,1669
108816857179,108816857169,-10,102,1287
108819168985,108819168980,-5,935,2845
108819393131,108819393126,-5,1156,2703
108825433911,108825433906,-5,874,2191
108825513422,108825513414,-8,770,6247
108828836794,108828836788,-6,1300,3573
108829165435,108829165429,-6,919,6478
108829414635,108829414630,-5,1325,4268
108836050268,108836050265,-3,1448,1500
108836391282,108836391302,20,872,2420
108837021404,108837021400,-4,838,2477
108841822667,108841822649,-18,346,1404
108842605538,108842605531,-7,810,3287
108842677801,108842677793,-8,334,1326
108843693351,108843693348,-3,602,1657
108846630103,108846630098,-5,945,3317
108846965596,108846965615,19,531,1740
108847872809,108847872801,-8,723,3845
108853359606,108853359601,-5,737,4005
108855201562,108855201557,-5,831,3329
108855544946,108855544939,-7,844,3364
108859920113,108859920107,-6,1125,2335
108865622057,108865622052,-5,1208,3677
108874903075,108874903070,-5,772,1695
108875467820,108875467832,12,1223,2402
108877484510,108877484504,-6,1144,3280
108882395636,108882395631,-5,1320,2427
108885054743,108885054737,-6,1160,3564
108898585935,108898585931,-4,1018,2016
108900713927,108900713922,-5,556,2313
108901361659,108901361675,16,602,1483
108907366119,108907366115,-4,981,2435
108907498134,108907498130,-4,1102,2249
108916172507,108916172502,-5,1304,3281
108917175041,108917175035,-6,902,3010
108922973704,108922973702,-2,1104,2546
108931576441,108931576438,-3,982,3145
108938747854,108938747849,-5,1505,3849
108944648669,108944648663,-6,1382,3277
108944995155,108944995173,18,934,1982
108946898610,108946898604,-6,1049,3716
108952618125,108952618126,1,1868,1893
108953027140,108953027135,-5,642,1159
108959651746,108959651753,7,4001,1677
108959988135,108959988129,-6,2103,8565
108971213283,108971213283,0,1124,1082
108975890798,108975890795,-3,1319,3519
108978387847,108978387844,-3,904,3410
108988626953,108988626937,-16,147,816
108991354505,108991354500,-5,1164,3019
108991505779,108991505791,12,350,1024
108998018323,108998018318,-5,1219,2755
108998718571,108998718567,-4,1253,2851
108999242374,108999242374,0,1699,1461
109002505958,109002505954,-4,1343,2829
109003630605,109003630598,-7,915,2694
109005985455,109005985449,-6,1176,3157
109007300068,109007300058,-10,22857,14286
109009961439,109009961435,-4,973,2788
109014740376,109014740372,-4,788,1715
109023383074,109023383069,-5,1140,3660
109030434725,109030434718,-7,1095,4592
109030948330,109030948325,-5,1120,3457
109032382147,109032382141,-6,807,2736
109032640620,109032640622,2,1271,1069
109033134174,109033134170,-4,1064,3272
109033462674,109033462669,-5,1100,3018
109033742824,109033742840,16,24,1006
109040100536,109040100528,-8,1041,2170
109042804999,109042804996,-3,821,2633
109047265077,109047265073,-4,1271,2745
109053470951,109053470947,-4,980,3626
109053937580,109053937595,15,274,6327
109057509934,109057509928,-6,27054,15701
109057994283,109057994278,-5,1212,2915
109060227765,109060227761,-4,1138,3010
109062021404,109062021408,4,916,1392
109062717478,109062717474,-4,1082,3186
109073730969,109073730965,-4,1241,3909
109074309080,109074309083,3,15205,11801
109084667867,109084667861,-6,757,2343
109086941211,109086941206,-5,879,3255
109089326823,109089326818,-5,956,1920
109089655209,109089655198,-11,1101,3922
109092094026,109092094023,-3,1434,3841
109094507254,109094507249,-5,910,3402
109100123713,109100123713,0,1593,2281
109101061353,109101061350,-3,843,2808
109101199570,109101199587,17,112,752
109102099733,109102099729,-4,912,3724
109104317463,109104317457,-6,862,2379
109104851348,109104851341,-7,1509,3702
109105835670,109105835665,-5,815,1977
109106855818,109106855837,19,1536,976
109108291850,109108291845,-5,2593,6503
109111412086,109111412081,-5,1186,3923
109113061566,109113061560,-6,1391,2812
109113828578,109113828577,-1,1764,2324
109127514598,109127514594,-4,1009,2268
109128083769,109128083765,-4,1129,3214
109128475524,109128475521,-3,12,999
109132421437,109132421432,-5,1030,2471
109133175482,109133175478,-4,823,2617
109135172448,109135172444,-4,1271,3354
109135278600,109135278607,7,73,945
109135658964,109135658960,-4,1413,2748
109136924826,109136924820,-6,1068,4889
109137567280,109137567269,-11,168,1392
109139164903,109139164903,0,1698,2508
109139801230,109139801226,-4,1176,3436
109141047314,109141047310,-4,1123,2850
109142857238,109142857234,-4,1070,3195
109147235443,109147235420,-23,1089,1119
109147887928,109147887937,9,191,744
109148351571,109148351578,7,127,1006
109148574465,109148574487,22,789,2245
109149482354,109149482349,-5,1101,2714
109151971464,109151971450,-14,161,1242
109154661723,109154661707,-16,260,462
109155462887,109155462881,-6,1286,4594
109155614861,109155614853,-8,1213,5147
109155887968,109155887962,-6,779,4454
109157443132,109157443125,-7,679,2502
109158544790,109158544786,-4,1132,2799
109159344634,109159344629,-5,1256,3805
109171203951,109171203946,-5,1114,3176
109179276463,109179276458,-5,1008,2699
109181436673,109181436691,18,26,538
109183006439,109183006434,-5,1520,2501
109190610649,109190610654,5,2228,1092
109193062327,109193062322,-5,736,2477
109195881389,109195881385,-4,1129,2592
109199188718,109199188715,-3,1044,2382
109201230947,109201230958,11,226,1370
109202923810,109202923814,4,2422,1792
109205858258,109205858252,-6,1457,4424
109206745461,109206745457,-4,1206,2884
109210258549,109210258546,-3,1286,2220
109210745577,109210745578,1,1525,1626
109211869552,109211869551,-1,2702,3133
109217898107,109217898106,-1,1633,2318
109233426085,109233426089,4,9532,17898
109236903579,109236903574,-5,1300,2150
109237062294,109237062290,-4,1391,3431
109239075000,109239074995,-5,1197,3716
109239501648,109239501670,22,451,1316
109239952762,109239952758,-4,687,3209
109241746907,109241746901,-6,1031,3451
109244087065,109244087065,0,1346,1422
109252327085,109252327079,-6,1858,4185
109256768645,109256768642,-3,1363,2141
109260708219,109260708215,-4,1060,2775
109262706326,109262706323,-3,1245,3137
109264305198,109264305201,3,7290,23060
109268894315,109268894310,-5,845,3590
109268987035,109268987030,-5,1389,3223
109271372450,109271372445,-5,1070,2693
109273722867,109273722867,0,1254,1835
109275422952,109275422969,17,217,871
109279475751,109279475746,-5,711,2491
109280414793,109280414790,-3,1102,3487
109280985631,109280985631,0,1393,2224
109281658115,109281658110,-5,1083,3921
109289349587,109289349584,-3,1057,3265
109289808991,109289808990,-1,2420,4036
109291924682,109291924674,-8,1247,3392
109292562754,109292562749,-5,861,2753
109293171668,109293171673,5,4522,3359
109295636870,109295636867,-3,1282,2883
109299854930,109299854926,-4,1256,4499
109300338970,109300338963,-7,1131,2532
109301439652,109301439645,-7,2345,5438
109301791896,109301791915,19,360,1231
109303585503,109303585498,-5,1053,3965
109305442086,109305442083,-3,2040,3426
109305959351,109305959346,-5,347,2278
109316090394,109316090390,-4,858,2758
109320076813,109320076810,-3,1097,3076
109321420515,109321420508,-7,781,2706
109325665795,109325665791,-4,891,1744
109326412214,109326412205,-9,13820,28581
109327646204,109327646200,-4,1390,3115
109328493135,109328493131,-4,4082,11798
109344502142,109344502137,-5,19592,13368
109354712440,109354712434,-6,1066,3993
109357833495,109357833492,-3,798,2320
109359466716,109359466729,13,1400,3758
109365195072,109365195066,-6,2315,3512
109367091511,109367091510,-1,845,1004
109370670486,109370670482,-4,1252,2820
109376940167,109376940162,-5,1191,1555
109380827135,109380827130,-5,727,1857
109382100862,109382100858,-4,871,2171
109382683697,109382683719,22,563,2213
109397023029,109397023024,-5,709,3066
109403791930,109403791925,-5,1100,2012
109408813311,109408813305,-6,1030,3723
109410020051,109410020046,-5,1055,2290
109410255083,109410255094,11,214,1486
109416513294,109416513287,-7,1634,4220
109416629281,109416629273,-8,154,889
109416870123,109416870101,-22,332,2225
109418387034,109418387031,-3,1247,3177
109430265762,109430265756,-6,978,3393
109431260862,109431260858,-4,431,1839
109436280003,109436279999,-4,1023,3076
109436391723,109436391730,7,278,983
109436737550,109436737546,-4,931,2383
109439656291,109439656285,-6,1113,2639
109442089940,109442089938,-2,1347,2036
109442676522,109442676534,12,305,1134
109451479426,109451479425,-1,2298,2181
109452715538,109452715533,-5,1188,3930
109457225264,109457225259,-5,896,2465
109457410753,109457410755,2,305,917
109457655599,109457655594,-5,1542,3417
109457818050,109457818045,-5,1168,4224
109458693917,109458693911,-6,1072,2891
109466385793,109466385786,-7,1305,3262
109466418360,109466418381,21,395,1505
109468529426,109468529422,-4,967,3265
109483687118,109483687112,-6,920,3800
109483763539,109483763538,-1,990,2755
109484833641,109484833634,-7,690,2422
109485545939,109485545942,3,283,1149
109487024723,109487024719,-4,1064,3624
109492703978,109492703978,0,1153,1839
109494041589,109494041586,-3,1753,3095
109498048939,109498048935,-4,1093,2684
109510716399,109510716395,-4,1039,2417
109512898995,109512898990,-5,864,3575
109513185531,109513185545,14,802,2405
109525802214,109525802209,-5,941,3279
109527966178,109527966173,-5,1273,4121
109531835659,109531835653,-6,1117,2608
109535792457,109535792474,17,971,2285
109537558807,109537558803,-4,702,1562
109538290647,109538290642,-5,874,2537
109539516833,109539516827,-6,908,2487
109540596714,109540596714,0,210,1187
109545206219,109545206218,-1,4440,6698
109545439314,109545439310,-4,1120,2793
109545935067,109545935062,-5,788,1906
109549925383,109549925377,-6,920,2644
109550214558,109550214550,-8,907,2858
109551109921,109551109906,-15,1146,1640
109553327590,109553327589,-1,1161,1325
109568743921,109568743923,2,1312,1545
109573186419,109573186415,-4,828,2729
109576502154,109576502146,-8,990,4821
109580163491,109580163486,-5,1148,2238
109582617251,109582617249,-2,968,1894
109585195805,109585195800,-5,1461,4208
109587898503,109587898499,-4,1018,3525
109589701842,109589701838,-4,1552,4032
109591852099,109591852094,-5,1012,3253
109591928155,109591928172,17,88,603
109592382442,109592382452,10,197,857
109596657167,109596657161,-6,1075,2775
109596953840,109596953835,-5,1223,3160
109597725034,109597725013,-21,823,2984
109599401842,109599401831,-11,1048,3305
109601804530,109601804543,13,2993,1540
109606236411,109606236406,-5,1256,2529
109606766499,109606766485,-14,169,976
109607607058,109607607055,-3,1053,2950
109607930073,109607930066,-7,272,1052
109608419086,109608419082,-4,955,2596
109613630081,109613630075,-6,730,2581
109614180282,109614180303,21,765,2838
109615350907,109615350905,-2,1823,2556
109620532833,109620532830,-3,885,2731
109620734217,109620734235,18,981,3001
109620862474,109620862478,4,1422,1112
109635491815,109635491810,-5,858,2616
109636678146,109636678141,-5,814,3889
109639595863,109639595857,-6,1242,6307
109642156427,109642156422,-5,1017,3242
109642239104,109642239119,15,513,2761
109651774758,109651774754,-4,1067,1966
109654665590,109654665585,-5,1230,2689
109657464402,109657464406,4,2414,1318
109660775191,109660775187,-4,912,3585
109661656875,109661656856,-19,1080,2058
109667564414,109667564409,-5,1345,3958
109668873379,109668873375,-4,1001,3004
109670005147,109670005165,18,73,869
109674360866,109674360862,-4,1027,3363
109674427785,109674427782,-3,2636,6689
109675465426,109675465422,-4,856,3176
109676963528,109676963550,22,869,2215
109677475146,109677475141,-5,1227,2100
109677603712,109677603729,17,736,2659
109682736126,109682736123,-3,684,1650
109689892984,109689892981,-3,1230,2192
109693195621,109693195614,-7,763,2494
109699291898,109699291893,-5,1272,3649
109705245101,109705245098,-3,1032,2742
109706754632,109706754638,6,3584,1706
109716347238,109716347232,-6,1141,3175
109721218374,109721218371,-3,903,1661
109722367987,109722367982,-5,602,3621
109722611564,109722611574,10,357,948
109729167045,109729167042,-3,1539,4565
109730530610,109730530604,-6,1023,3367
109731156953,109731156949,-4,2653,4535
109735628761,109735628757,-4,1187,2481
109744968678,109744968673,-5,873,3448
109745179297,109745179293,-4,577,3059
109750121914,109750121926,12,12622,24241
109754856621,109754856622,1,1348,1387
109756132286,109756132281,-5,1301,2854
109756572364,109756572360,-4,885,2611
109761810673,109761810678,5,2091,1287
109763363545,109763363541,-4,1112,3573
109767893149,109767893146,-3,930,2064
109771202160,109771202166,6,4069,1682
109775875702,109775875698,-4,937,3479
109787131582,109787131577,-5,777,2814
109794067917,109794067917,0,1674,25201
109794545440,109794545454,14,149,910
109801265775,109801265781,6,3670,1667
109804045318,109804045313,-5,792,2932
109806137630,109806137630,0,2020,2720
109806513625,109806513617,-8,592,2068
109807474659,109807474658,-1,115,934
109815693894,109815693888,-6,1284,3126
109816460619,109816460617,-2,98,1014
109826217214,109826217209,-5,1565,2687
109827066522,109827066518,-4,898,3158
109830106560,109830106556,-4,1231,2697
109836232882,109836232878,-4,1001,3069
109840180240,109840180254,14,476,1855
109844166967,109844166964,-3,779,2206
109844270479,109844270474,-5,1045,3689
109849041258,109849041254,-4,1209,2757
109849941346,109849941354,8,2784,711
109850194494,109850194489,-5,1733,4926
109850802602,109850802607,5,3227,2484
109854462619,109854462614,-5,1158,2450
109855527856,109855527846,-10,274,939
109856429066,109856429062,-4,1084,2375
109862762225,109862762220,-5,1127,4132
109863422347,109863422349,2,1683,1682
109869508880,109869508875,-5,1282,3287
109871363480,109871363464,-16,82,874
109873665119,109873665117,-2,996,2571
109876900337,109876900330,-7,750,2825
109878089125,109878089119,-6,1162,3924
109878291369,109878291363,-6,1364,3675
109879307769,109879307775,6,6944,2277
109884410696,109884410692,-4,903,2971
109884691089,109884691105,16,284,1241
109885088745,109885088739,-6,1243,3953
109889423090,109889423086,-4,806,2058
109904153710,109904153703,-7,964,2920
109904326240,109904326259,19,269,1412
109908861941,109908861937,-4,1133,2890
109911016355,109911016349,-6,970,1686
109914592546,109914592540,-6,866,4020
109918040234,109918040229,-5,1048,2810
109920911021,109920911018,-3,1086,2653
109925129540,109925129535,-5,1380,4100
109928706922,109928706923,1,1233,1712
109935983638,109935983633,-5,1022,2855
109948875159,109948875155,-4,1098,2690
109961279391,109961279388,-3,712,2209
109962660220,109962660231,11,20115,52072
109962900154,109962900148,-6,1112,2268
109963940819,109963940814,-5,1317,4299
109965455353,109965455348,-5,967,3158
109967631385,109967631381,-4,1198,2482
109974187263,109974187258,-5,946,2246
109974499539,109974499537,-2,1289,2337
109974986004,109974985999,-5,1329,4328
109975132485,109975132476,-9,1125,2702
109978435682,109978435677,-5,1197,3275
109983912591,109983912587,-4,1300,2556
109983975495,109983975489,-6,1015,4074
109984369068,109984369086,18,660,3303
109984804941,109984804935,-6,1325,3069
109997184659,109997184653,-6,1031,2757
109998170149,109998170144,-5,994,3069
110001087361,110001087364,3,1679,2239
110012808780,110012808774,-6,1037,2305
110013490405,110013490405,0,1260,2120
110013577279,110013577274,-5,918,2632
110018700243,110018700238,-5,880,3141
110027512905,110027512903,-2,1009,1345
110034839874,110034839869,-5,644,2580
110039194083,110039194089,6,1074,1459
110040396827,110040396836,9,39975,71070
110045329611,110045329606,-5,843,2098
110046039241,110046039234,-7,1663,5549
110046481833,110046481826,-7,1319,3217
110048377551,110048377546,-5,938,3169
110053970534,110053970529,-5,975,2865
110054171721,110054171738,17,1023,2708
110056689893,110056689887,-6,475,1279
110063226077,110063226086,9,10194,36427
110063388682,110063388678,-4,756,1401
110064860643,110064860638,-5,1293,3128
110065570591,110065570586,-5,1310,3890
110067650666,110067650662,-4,1075,2855
110069808955,110069808950,-5,1178,3006
110072517347,110072517343,-4,1079,2819
110076995091,110076995085,-6,1017,3640
110078063463,110078063458,-5,1076,3006
110082496719,110082496716,-3,1239,2689
110085727280,110085727273,-7,1154,3239
110086632972,110086632985,13,363,1059
110087602884,110087602879,-5,1277,3077
110089948642,110089948637,-5,815,2083
110110679648,110110679642,-6,1531,4242
110112230514,110112230510,-4,1189,3481
110113052118,110113052114,-4,1320,2935
110113778473,110113778470,-3,1131,2635
110114376966,110114376962,-4,1107,2744
110117739883,110117739878,-5,591,2913
110117944580,110117944598,18,552,2357
110120463426,110120463419,-7,852,5509
110121145391,110121145391,0,947,2261
110124708207,110124708202,-5,718,2204
110125073219,110125073210,-9,300,826
110125979719,110125979714,-5,1117,3422
110132071261,110132071257,-4,1187,3192
110132845715,110132845734,19,253,1006
110132876331,110132876326,-5,1004,3150
110136141124,110136141118,-6,809,2222
110138026798,110138026790,-8,1084,3260
110141251486,110141251478,-8,776,3779
110145417702,110145417698,-4,867,2205
110146247656,110146247650,-6,1513,4113
110146313107,110146313085,-22,388,1685
110146482713,110146482730,17,766,2297
110152775803,110152775797,-6,1247,3634
110153874758,110153874743,-15,838,2161
110157156823,110157156819,-4,932,2748
110162382971,110162382965,-6,995,3240
110162932911,110162932905,-6,1549,5035
110175304335,110175304330,-5,820,2347
110183263567,110183263563,-4,1143,3407
110185763522,110185763517,-5,1259,2836
110191187943,110191187962,19,27155,20613
110192191078,110192191074,-4,1177,3087
110195757662,110195757658,-4,1115,3173
110198231726,110198231724,-2,1069,2624
110199476939,110199476938,-1,699,1580
110202075789,110202075782,-7,932,2372
110205931635,110205931631,-4,1634,3778
110206740277,110206740272,-5,794,2093
110215790937,110215790933,-4,1239,2803
110217037186,110217037183,-3,940,2609
110218900290,110218900286,-4,1340,3755
110229438906,110229438902,-4,1426,2849
110233067658,110233067653,-5,768,2686
110235794022,110235794020,-2,1856,1902
110237836983,110237836981,-2,711,2361
110238080506,110238080525,19,185,979
110245711975,110245711970,-5,883,2535
110247195943,110247195937,-6,940,3004
110249299342,110249299346,4,2433,1427
110253556517,110253556512,-5,1011,3695
110254107342,110254107338,-4,979,3640
110257713313,110257713310,-3,1067,2685
110258108443,110258108436,-7,577,2963
110271535686,110271535678,-8,555,2469
110274532664,110274532659,-5,1710,4283
110276786951,110276786946,-5,1234,2545
110277021943,110277021950,7,5555,2130
110277244118,110277244113,-5,872,3123
110280865006,110280865013,7,2743,1956
110281574255,110281574250,-5,926,2438
110285539025,110285539018,-7,1108,3569
110285824460,110285824444,-16,131,806
110288663744,110288663761,17,820,1653
110289708007,110289708010,3,1748,1693
110292632231,110292632221,-10,1045,3118
110295007335,110295007329,-6,1091,2772
110297990181,110297990176,-5,910,3188
110298485382,110298485378,-4,703,2657
110298667036,110298667049,13,968,3471
110301014667,110301014661,-6,1236,2783
110304773660,110304773654,-6,1202,3287
110313611341,110313611334,-7,1313,3988
110316142070,110316142067,-3,1499,3465
110316543003,110316543006,3,2795,1788
110318274846,110318274841,-5,1301,3738
110323681996,110323681992,-4,1063,2840
110325232534,110325232529,-5,746,2429
110326753146,110326753167,21,657,2654
110327189113,110327189104,-9,656,3129
110327963530,110327963526,-4,815,2846
110333918352,110333918345,-7,1347,3855
110340547770,110340547766,-4,1161,4088
110347346183,110347346179,-4,833,2929
110349262368,110349262368,0,2084,3043
110349919454,110349919449,-5,860,2672
110351269963,110351269961,-2,877,2176
110354824413,110354824407,-6,936,3037
110358655122,110358655117,-5,1140,3298
110360619795,110360619792,-3,1334,4069
110364697749,110364697745,-4,1063,3351
110376011339,110376011333,-6,1451,3287
110376115610,110376115607,-3,1173,2685
110377350266,110377350260,-6,1127,4302
110378121360,110378121353,-7,503,3285
110380785690,110380785686,-4,1632,3377
110381552544,110381552537,-7,871,4127
110387205734,110387205732,-2,911,2055
110390257080,110390257074,-6,1326,4957
110393822691,110393822670,-21,1039,3459
110393920987,110393920982,-5,1030,2813
110394261742,110394261737,-5,964,3125
110406330910,110406330906,-4,1169,2125
110409075925,110409075920,-5,954,2872
110410770719,110410770715,-4,1035,2880
110411401923,110411401930,7,3357,1240
110418608098,110418608091,-7,1011,3385
110418686556,110418686570,14,765,1575
110419580747,110419580742,-5,939,2334
110426803231,110426803232,1,1618,1432
110429409582,110429409577,-5,1893,6888
110429885962,110429885958,-4,1299,2523
110430591766,110430591762,-4,1393,1453
110430764971,110430764955,-16,234,1136
110439534578,110439534572,-6,1801,5808
110440908846,110440908847,1,8035,7021
110442328550,110442328546,-4,914,3521
110447107562,110447107558,-4,957,3083
110449261068,110449261067,-1,2683,4233
110449289819,110449289818,-1,934,2169
110452498958,110452498956,-2,1268,2583
110458527350,110458527342,-8,769,2768
110464690331,110464690326,-5,1205,3305
110470426993,110470426993,0,1126,2512
110470510681,110470510674,-7,240,910
110476871006,110476871005,-1,1110,2256
110478734289,110478734294,5,7210,4445
110480927691,110480927685,-6,1220,4202
110483728756,110483728755,-1,193,698
110486112035,110486112034,-1,831,1405
110489379022,110489379017,-5,563,1934
110492941429,110492941430,1,2028,1929
110495183662,110495183657,-5,874,2232
110495267538,110495267528,-10,1274,4174
110497415605,110497415601,-4,1015,3540
110502194097,110502194090,-7,1207,3654
110506786217,110506786220,3,1886,1731
110509794169,110509794164,-5,1352,5298
110511954287,110511954279,-8,652,2112
110520873735,110520873738,3,3038,2842
110521616916,110521616909,-7,619,1955
110521960210,110521960225,15,285,1264
110523089267,110523089262,-5,1338,3633
110527405104,110527405098,-6,1137,3723
110531045495,110531045501,6,11757,4832
110535772041,110535772047,6,2577,948
110541013885,110541013882,-3,851,2095
110545615550,110545615545,-5,854,3075
110546378532,110546378528,-4,898,3417
110547374662,110547374657,-5,669,2185
110548361263,110548361262,-1,766,1859
110550671055,110550671049,-6,1031,2215
110552406016,110552406010,-6,969,2742
110560058526,110560058520,-6,1152,5011
110565956118,110565956111,-7,1750,4423
110569512122,110569512118,-4,923,2564
110583119955,110583119949,-6,1129,3703
110583609975,110583609972,-3,1062,2726
110585631918,110585631913,-5,1445,4128
110586466716,110586466713,-3,5600,11838
110593513936,110593513930,-6,1351,2717
110596890123,110596890117,-6,761,2622
110598798036,110598798033,-3,851,2252
110600945030,110600945024,-6,995,4044
110603307379,110603307377,-2,1089,2925
110603767211,110603767204,-7,825,3365
110604418209,110604418203,-6,1079,2887
110607305326,110607305321,-5,1138,3442
110608171968,110608171962,-6,1062,3530
110609348735,110609348731,-4,1124,3332
110613069203,110613069201,-2,1008,2242
110614935591,110614935594,3,1389,1076
110615266588,110615266583,-5,935,3188
110616435411,110616435406,-5,1320,4092
110616479241,110616479241,0,1137,2692
110616603875,110616603893,18,370,1390
110617599445,110617599447,2,3275,2565
110626567338,110626567334,-4,1229,3538
110629684543,110629684538,-5,896,2261
110630217412,110630217427,15,1038,3618
110630992410,110630992431,21,923,3333
110640015850,110640015846,-4,651,2741
110646141413,110646141414,1,1470,1606
110648674385,110648674382,-3,819,2400
110652981196,110652981204,8,12903,27665
110654976265,110654976271,6,5764,2307
110660097246,110660097242,-4,1187,3664
110660190818,110660190826,8,296,761
110661352139,110661352154,15,265,1155
110665049135,110665049131,-4,1013,2024
110668074631,110668074650,19,846,3466
110671577674,110671577671,-3,1124,2955
110676410237,110676410242,5,1058,796
110683787350,110683787358,8,6212,2126
110692929795,110692929788,-7,1288,5419
110699036568,110699036566,-2,1398,3122
110700402691,110700402678,-13,292,752
110708225186,110708225181,-5,937,1937
110709654585,110709654579,-6,1154,3501
110712995442,110712995438,-4,955,1649
110715942794,110715942791,-3,708,2644
110716906683,110716906677,-6,1020,4211
110720529962,110720529958,-4,659,1356
110724708421,110724708420,-1,1016,2205
110725234953,110725234968,15,167,1416
110727742747,110727742742,-5,1135,3645
110732168042,110732168037,-5,652,1571
110732638243,110732638239,-4,1367,3920
110735697263,110735697257,-6,1053,4440
110736615192,110736615190,-2,1554,2659
110738128543,110738128535,-8,894,4235
110746455035,110746455029,-6,708,2301
110747400733,110747400739,6,2333,1358
110752752774,110752752769,-5,977,2640
110752826963,110752826958,-5,1066,2870
110759433649,110759433645,-4,1159,3356
110761912180,110761912174,-6,890,1951
110773787726,110773787733,7,14676,20503
110778256807,110778256802,-5,1056,3258
110778384615,110778384611,-4,881,3787
110781086729,110781086725,-4,1084,2819
110783317961,110783317954,-7,1296,4803
110785412930,110785412927,-3,792,2042
110787281850,110787281849,-1,3066,4600
110788269980,110788269976,-4,1362,3523
110794768793,110794768777,-16,247,1307
110795932138,110795932135,-3,1084,2559
110798148487,110798148482,-5,1037,2518
110799353020,110799353018,-2,1139,1928
110803265461,110803265455,-6,1090,2268
110810414732,110810414727,-5,1337,2711
110817377671,110817377670,-1,1175,1120
110820896453,110820896453,0,7511,8322
110822120934,110822120929,-5,1440,3415
110822864962,110822864957,-5,1091,3121
110828692307,110828692301,-6,1330,6553
110828862588,110828862602,14,882,4701
110829767006,110829766994,-12,10952,39163
110836829987,110836829981,-6,824,3345
110840509586,110840509581,-5,1320,2528
110843268518,110843268515,-3,1418,3603
110843598077,110843598072,-5,1373,2175
110844674496,110844674491,-5,1257,2462
110845021293,110845021287,-6,729,2445
110848215294,110848215289,-5,526,2446
110851527760,110851527753,-7,1690,5597
110851637562,110851637555,-7,261,1126
110852000234,110852000229,-5,939,2876
110859891602,110859891596,-6,1054,3028
110859957195,110859957207,12,60,933
110861545189,110861545184,-5,1246,2615
110862036792,110862036787,-5,1132,4227
110866740991,110866740985,-6,1564,5278
110867098608,110867098598,-10,243,791
110868144820,110868144832,12,489,2495
110868330536,110868330530,-6,1326,4247
110868416289,110868416283,-6,824,2576
110872363150,110872363152,2,1739,1396
110880047931,110880047926,-5,900,2325
110880823378,110880823374,-4,1014,4656
110880989461,110880989450,-11,44061,16105
110883977495,110883977492,-3,1409,3105
110892495562,110892495550,-12,11278,40023
110893013926,110893013919,-7,1167,3852
110901480778,110901480774,-4,735,13400
110912087758,110912087754,-4,1052,1855
110912438177,110912438172,-5,1000,2698
110912749378,110912749373,-5,1258,2843
110912905521,110912905513,-8,940,2232
110926299345,110926299339,-6,1280,3288
110928277616,110928277610,-6,1186,3860
110930850031,110930850026,-5,1382,2368
110932310195,110932310190,-5,782,3962
110933680102,110933680095,-7,881,3122
110936243742,110936243734,-8,755,1904
110937428352,110937428371,19,838,2871
110937478894,110937478889,-5,1237,4844
110940758274,110940758270,-4,1100,3314
110943661931,110943661927,-4,886,3584
110952011054,110952011050,-4,859,3356
110952515988,110952515998,10,554,2184
110953131768,110953131763,-5,1313,4619
110953384658,110953384653,-5,925,3072
110953709857,110953709878,21,353,1343
110954581654,110954581649,-5,885,2376
110955106989,110955106983,-6,809,4169
110955574161,110955574160,-1,1048,3002
110965868808,110965868803,-5,863,3519
110966508335,110966508329,-6,1020,3084
110969230259,110969230254,-5,948,3089
110969339578,110969339598,20,501,1658
110970670950,110970670945,-5,993,3005
110971521956,110971521951,-5,1264,3474
110973616075,110973616069,-6,841,3908
110973967570,110973967567,-3,1058,2071
110976433938,110976433935,-3,1498,3459
110977312999,110977312992,-7,1027,2784
110984858403,110984858397,-6,2042,8547
110985925446,110985925442,-4,1168,4017
110991974106,110991974112,6,2843,2012
110995141306,110995141301,-5,994,4184
111003491636,111003491637,1,278,1199
111004225740,111004225736,-4,459,2790
111006065810,111006065810,0,829,1573
111010391199,111010391193,-6,1018,2655
111010804016,111010803997,-19,1158,2840
111024403188,111024403183,-5,1119,3199
111026968884,111026968880,-4,1085,3374
111033482765,111033482761,-4,1497,2822
111053266873,111053266868,-5,1836,4594
111057398290,111057398287,-3,1055,3646
111057554327,111057554323,-4,1150,3569
111062746186,111062746184,-2,1375,4164
111064983098,111064983094,-4,1023,3182
111066619393,111066619386,-7,757,2073
111073794658,111073794658,0,926,1566
111075376875,111075376872,-3,1012,2685
111079799600,111079799602,2,1800,1862
111081893357,111081893353,-4,1056,3243
111082814367,111082814362,-5,775,2275
111084954366,111084954362,-4,914,2585
111097650258,111097650257,-1,1567,1970
111100053430,111100053426,-4,1148,1703
111100620917,111100620914,-3,741,3257
111101260586,111101260582,-4,1578,3386
111101394914,111101394915,1,195,1258
111104796618,111104796613,-5,919,3138
111106357395,111106357393,-2,862,2299
111106839914,111106839932,18,698,3458
111123586214,111123586209,-5,1221,2812
111123942919,111123942921,2,901,749
111129428112,111129428107,-5,1244,3760
111132823267,111132823269,2,1663,1750
111135150582,111135150576,-6,901,3669
111135313143,111135313137,-6,970,2975
111135538389,111135538381,-8,1230,3120
111145713471,111145713466,-5,2322,7882
111150800263,111150800265,2,1774,1051
111155556554,111155556549,-5,937,2502
111177007061,111177007055,-6,803,3133
111177310443,111177310438,-5,1219,2824
111180513735,111180513751,16,16014,16696
111182216815,111182216811,-4,1131,1853
111184702990,111184702985,-5,1783,4757
111186914396,111186914398,2,122,626
111187469444,111187469458,14,514,2131
111190892343,111190892343,0,1021,1563
111191173400,111191173410,10,77,1059
111203319198,111203319214,16,1045,2587
111204898642,111204898638,-4,1088,2573
111218469121,111218469117,-4,1249,3245
111218960713,111218960730,17,613,1268
111219734533,111219734530,-3,1125,4221
111219929998,111219929992,-6,792,1607
111222496425,111222496422,-3,1624,3325
111228760667,111228760650,-17,171,1217
111229142307,111229142303,-4,1136,3070
111229694888,111229694881,-7,876,2607
111233629222,111233629215,-7,1370,3656
111233681946,111233681966,20,498,1001
111235615883,111235615878,-5,1789,6452
111236102995,111236102989,-6,848,3178
111237927506,111237927501,-5,1342,3636
111238590024,111238590017,-7,1253,3102
111239787470,111239787478,8,12537,24705
111240328672,111240328669,-3,759,3186
111244484539,111244484534,-5,745,2654
111247255112,111247255106,-6,1085,4188
111249462935,111249462930,-5,1099,3305
111253659452,111253659448,-4,1025,2506
111254466679,111254466673,-6,689,4612
111261610898,111261610919,21,678,2439
111269172081,111269172077,-4,1115,2925
111269226890,111269226885,-5,1387,3107
111278643222,111278643218,-4,1488,3530
111279510559,111279510551,-8,614,2424
111283942843,111283942845,2,1111,1213
111287224538,111287224530,-8,928,4452
111288834914,111288834909,-5,1827,3230
111293080362,111293080367,5,888,815
111295530286,111295530282,-4,938,2591
111297068223,111297068218,-5,721,2839
111297743553,111297743571,18,973,2515
111300325374,111300325370,-4,932,2221
111311595575,111311595570,-5,1263,4350
111312855271,111312855256,-15,748,264
111317337356,111317337362,6,2152,1105
111318621394,111318621389,-5,1132,3094
111319841606,111319841602,-4,1014,3441
111320141914,111320141934,20,123,869
111324203305,111324203299,-6,1200,3152
111330093352,111330093347,-5,995,3755
111331624854,111331624849,-5,1112,4225
111334216628,111334216625,-3,652,2231
111339098795,111339098790,-5,914,2800
111341010761,111341010754,-7,1644,3804
111341232897,111341232891,-6,1163,3524
111342242071,111342242066,-5,753,3179
111342911599,111342911598,-1,2169,3305
111351469574,111351469570,-4,831,1983
111351975350,111351975346,-4,1200,3597
111354938591,111354938603,12,1670,1080
111356802125,111356802125,0,1290,1693
111362616274,111362616270,-4,1033,2071
111363761057,111363761051,-6,1498,6117
111365476450,111365476446,-4,858,2274
111368239154,111368239150,-4,767,3277
111369543526,111369543525,-1,1022,2864
111372569110,111372569106,-4,1201,2700
111377670397,111377670392,-5,1253,4369
111379680690,111379680685,-5,1062,3356
111392357014,111392357008,-6,917,4273
111394954185,111394954169,-16,936,2463
111403583867,111403583867,0,1169,1270
111407384604,111407384597,-7,1092,5254
111407549419,111407549414,-5,1308,4183
111416466822,111416466818,-4,984,2694
111422712517,111422712513,-4,22335,18195
111422827741,111422827737,-4,523,2818
111429447037,111429447032,-5,850,3132
111435909034,111435909027,-7,765,1387
111437784354,111437784350,-4,725,3606
111438277450,111438277449,-1,1096,1244
111439656945,111439656924,-21,172,927
111440359075,111440359072,-3,1125,2216
111441915765,111441915760,-5,839,3493
111443531243,111443531238,-5,899,3092
111443989235,111443989229,-6,110,1047
111446600199,111446600194,-5,883,2989
111446889851,111446889870,19,1136,2828
111448449950,111448449947,-3,1044,2320
111448823311,111448823306,-5,920,3163
111449562382,111449562375,-7,833,2622
111450682667,111450682663,-4,809,3094
111451640114,111451640120,6,4235,2647
111455966190,111455966185,-5,936,2697
111458633646,111458633642,-4,1655,4334
111460949253,111460949249,-4,1089,2605
111464126566,111464126562,-4,1253,2662
111464277502,111464277497,-5,926,3816
111470870066,111470870062,-4,1454,2345
111471048408,111471048426,18,781,3079
111472020170,111472020162,-8,904,2655
111474459558,111474459553,-5,867,4151
111475213131,111475213122,-9,1300,2287
111475607089,111475607101,12,1435,247
111479621402,111479621405,3,1546,1496
111481410546,111481410539,-7,828,2331
111484969970,111484969965,-5,2062,8147
111491864207,111491864203,-4,963,3159
111492838051,111492838034,-17,1328,4230
111501378802,111501378797,-5,1226,3141
111507067442,111507067435,-7,1863,7644
111508665481,111508665478,-3,1802,3450
111509424496,111509424491,-5,1469,3187
111509520755,111509520749,-6,800,4463
111512797889,111512797890,1,1020,1856
111532476110,111532476106,-4,975,1942
111536321937,111536321933,-4,1489,3148
111537557086,111537557081,-5,928,3172
111539107699,111539107694,-5,1145,2467
111539653618,111539653613,-5,952,4050
111539938921,111539938913,-8,874,2457
111540144867,111540144851,-16,138,905
111551737627,111551737636,9,5266,1632
111555377657,111555377653,-4,1308,3101
111557698028,111557698033,5,164,1046
111560121289,111560121284,-5,1117,2547
111562765874,111562765870,-4,1269,2320
111563760558,111563760556,-2,1452,2842
111566149866,111566149861,-5,1183,3077
111566610032,111566610027,-5,790,2747
111568188297,111568188308,11,308,1079
111574691385,111574691380,-5,1284,3676
111575017618,111575017637,19,338,1117
111577402915,111577402910,-5,822,3496
111578444986,111578444980,-6,1027,2671
111579494321,111579494317,-4,977,2269
111579693304,111579693295,-9,247,760
111581756968,111581756963,-5,737,2374
111584928113,111584928106,-7,980,3672
111585121897,111585121901,4,2104,665
111590178946,111590178941,-5,690,1462
111590314426,111590314442,16,194,952
111592907810,111592907807,-3,688,1752
111593933785,111593933770,-15,364,917
111598035015,111598035009,-6,1147,2554
111603238699,111603238694,-5,1005,3920
111604074471,111604074466,-5,772,3168
111608817934,111608817930,-4,1449,3005
111610982802,111610982798,-4,1043,3537
111611054934,111611054929,-5,1039,2049
111617406814,111617406809,-5,896,3226
111619939278,111619939274,-4,1153,2974
111625724305,111625724305,0,1557,1648
111630310543,111630310541,-2,826,2076
111633267367,111633267361,-6,1009,2654
111633624983,111633624978,-5,1056,3284
111635508114,111635508109,-5,1071,2402
111645133027,111645133026,-1,1073,971
111652259070,111652259065,-5,1245,3342
111661760663,111661760659,-4,952,2011
111663593963,111663593957,-6,948,3157
111664090691,111664090678,-13,79,715
111664970179,111664970174,-5,1335,3729
111665592546,111665592541,-5,1127,2517
111668625318,111668625312,-6,1326,3112
111672396030,111672396026,-4,1274,2038
111677810516,111677810510,-6,994,2477
111679072959,111679072954,-5,1331,3124
111680411958,111680411973,15,496,1104
111687858338,111687858330,-8,840,3457
111695078724,111695078718,-6,810,1750
111696927982,111696927978,-4,763,4302
111699832248,111699832245,-3,1774,4506
111706329506,111706329501,-5,1297,3425
111707681594,111707681592,-2,982,3551
111708842598,111708842593,-5,350,1677
111709051072,111709051071,-1,19931,23296
111712640930,111712640926,-4,867,2927
111715738031,111715738027,-4,1517,3545
111718681038,111718681030,-8,1090,3349
111724594570,111724594566,-4,1452,2870
111727756950,111727756945,-5,900,2716
111728468736,111728468731,-5,941,2640
111736316203,111736316221,18,683,2466
111742819707,111742819701,-6,1007,3005
111743771610,111743771610,0,1632,1921
111744918450,111744918445,-5,1125,3581
111745111003,111745110982,-21,240,1030
111745634238,111745634235,-3,1477,2326
111750438705,111750438699,-6,689,3419
111753430094,111753430089,-5,806,2716
111757334760,111757334756,-4,1126,3183
111759318450,111759318446,-4,784,3233
111764124767,111764124762,-5,1419,4320
111767404818,111767404812,-6,1014,2110
111771245418,111771245419,1,3628,3424
111773964647,111773964641,-6,1234,2977
111779083259,111779083253,-6,739,3360
111779629520,111779629515,-5,1374,3692
111782947102,111782947098,-4,1144,2546
111782977938,111782977931,-7,908,2408
111783077705,111783077687,-18,125,1133
111785902626,111785902621,-5,1122,3487
111790156619,111790156613,-6,1073,3297
111791213073,111791213089,16,1010,2569
111797026901,111797026897,-4,688,2417
111798238414,111798238409,-5,955,2802
111798272899,111798272914,15,733,2484
111804387316,111804387336,20,278,1136
111806178339,111806178334,-5,778,2595
111806432090,111806432087,-3,593,2164
111807323333,111807323330,-3,859,1451
111809995008,111809995030,22,1948,1880
111815479872,111815479865,-7,2139,6360
111816067506,111816067501,-5,597,1979
111818487611,111818487609,-2,990,2803
111821927216,111821927212,-4,1796,5017
111826451307,111826451302,-5,325,961
111836991482,111836991479,-3,1135,2921
111841025927,111841025921,-6,958,2445
111849060754,111849060748,-6,973,2790
111853492526,111853492521,-5,1243,3956
111854269988,111854269986,-2,1181,2311
111859691378,111859691383,5,143,1097
111863222330,111863222326,-4,1115,3003
111864098113,111864098101,-12,161,1001
111867205082,111867205082,0,1443,2009
111867379043,111867379038,-5,1417,3234
111867531590,111867531586,-4,1256,3608
111872852029,111872852025,-4,917,2370
111873503746,111873503735,-11,631,1210
111879271400,111879271395,-5,356,1104
111882520589,111882520594,5,1864,1406
111884022853,111884022848,-5,1019,2851
111887485886,111887485884,-2,2117,3630
111898832907,111898832895,-12,10698,29480
111902060471,111902060466,-5,1086,4577
111903543502,111903543497,-5,1001,2912
111904986460,111904986466,6,9125,4523
111909185146,111909185141,-5,1044,2296
111922253042,111922253037,-5,1085,2716
111922672796,111922672791,-5,949,3346
111925050160,111925050154,-6,1288,4254
111930126546,111930126541,-5,1039,2339
111931224894,111931224890,-4,1604,4377
111933728270,111933728265,-5,775,2348
111936735558,111936735553,-5,1267,3669
111939564942,111939564938,-4,1255,2368
111941564542,111941564536,-6,1381,3004
111942096593,111942096615,22,511,1773
111944782303,111944782298,-5,888,1784
111954656978,111954656975,-3,480,1652
111955542483,111955542478,-5,1091,2553
111955745983,111955745989,6,8045,2556
111957713888,111957713882,-6,1133,3556
111958082862,111958082861,-1,897,1937
111960459633,111960459628,-5,1210,3027
111965375328,111965375323,-5,940,2704
111966439311,111966439304,-7,661,1560
111967992653,111967992648,-5,814,4268
111973039075,111973039069,-6,1023,2805
111973138190,111973138185,-5,912,3242
111973454289,111973454275,-14,240,774
111989569675,111989569669,-6,1111,3048
111992577485,111992577479,-6,850,2199
112017804713,112017804708,-5,1078,4226
112023246137,112023246130,-7,1032,3933
112023956178,112023956194,16,202,1285
112030828683,112030828676,-7,795,2233
112031723354,112031723359,5,4011,2029
112039598073,112039598067,-6,1074,3141
112040208310,112040208305,-5,852,1897
112043381926,112043381920,-6,1090,4005
112052610890,112052610885,-5,1047,2860
112054596786,112054596781,-5,656,2317
112063074035,112063074029,-6,873,3155
112063551612,112063551607,-5,1358,2996
112063606042,112063606038,-4,1263,3559
112063775120,112063775138,18,930,3206
112069342658,112069342655,-3,366,1025
112070559964,112070559958,-6,1143,2025
112074238229,112074238236,7,1893,1037
112074575342,112074575342,0,1184,1595
112074916094,112074916089,-5,1103,3154
112080367864,112080367857,-7,1746,4839
112080549617,112080549634,17,195,960
112088805886,112088805880,-6,842,3778
112090822420,112090822415,-5,823,2563
112092876153,112092876149,-4,1407,3565
112094994788,112094994785,-3,1154,3035
112095243642,112095243625,-17,1333,4198
112100293382,112100293377,-5,1236,2325
112100675913,112100675892,-21,196,859
112103112905,112103112901,-4,1084,3572
112116296151,112116296158,7,2887,938
112121011106,112121011101,-5,1036,2668
112123529138,112123529132,-6,822,2725
112125596369,112125596374,5,2032,919
112129064583,112129064581,-2,1044,2897
112130226058,112130226079,21,889,1647
112133074987,112133074985,-2,758,1550
112137202282,112137202287,5,5465,2533
112142275480,112142275482,2,1733,1734
112142441538,112142441558,20,1526,2909
112142738843,112142738839,-4,1213,3578
112142853922,112142853918,-4,665,2435
112147512120,112147512115,-5,1139,3440
112150794648,112150794644,-4,950,2331
112154411931,112154411927,-4,722,2671
112156225599,112156225603,4,2008,1171
112160165834,112160165842,8,3212,1346
112163960951,112163960947,-4,503,914
112166660383,112166660379,-4,945,2479
112169961349,112169961355,6,2077,726
112174733237,112174733233,-4,918,2124
112176968517,112176968525,8,100928,42988
112183217138,112183217132,-6,1130,2801
112184237151,112184237156,5,2546,1468
112185767095,112185767090,-5,986,3066
112185830330,112185830348,18,782,1784
112185970072,112185970075,3,614,628
112187552642,112187552637,-5,1267,3173
112192840237,112192840233,-4,1332,2355
112193495266,112193495255,-11,1015,1671
112195723483,112195723478,-5,1236,2748
112198767614,112198767610,-4,1091,3391
112202565007,112202565002,-5,1251,3168
112212932935,112212932930,-5,1261,3121
112213900798,112213900794,-4,572,1842
112214246376,112214246378,2,1854,1307
112215702586,112215702587,1,1718,1648
112219247815,112219247813,-2,1021,2030
112234038502,112234038500,-2,1711,3044
112235854829,112235854826,-3,1190,2346
112236076986,112236076991,5,4361,2220
112238017362,112238017362,0,1650,1724
112239240071,112239240067,-4,818,2001
112239842223,112239842219,-4,1270,5811
112241961537,112241961553,16,670,2042
112243118192,112243118186,-6,1042,4664
112251058451,112251058448,-3,1144,2781
112253432870,112253432866,-4,1149,4908
112254871715,112254871708,-7,1224,3112
112257727567,112257727565,-2,1648,2676
112259990609,112259990604,-5,1247,4337
112264129505,112264129503,-2,1103,1894
112265393139,112265393134,-5,743,2007
112267031458,112267031453,-5,1239,2402
112270282611,112270282612,1,1458,2425
112279384725,112279384719,-6,1031,4118
112280739284,112280739278,-6,1385,3209
112281707025,112281707028,3,2418,1957
112283288715,112283288711,-4,476,2167
112285004405,112285004400,-5,1354,4005
112285774915,112285774911,-4,1465,2616
112290227399,112290227398,-1,672,1038
112291552691,112291552687,-4,1010,1647
112293767841,112293767837,-4,914,2704
112297626997,112297626992,-5,1357,2974
112300633205,112300633200,-5,985,3496
112302049575,112302049570,-5,1109,2907
112309090101,112309090102,1,1290,1855
112310718586,112310718582,-4,1400,3324
112312260105,112312260098,-7,1140,2596
112314229635,112314229631,-4,1099,2885
112317106578,112317106573,-5,976,3033
112322657142,112322657138,-4,684,2533
112327341849,112327341843,-6,1418,2737
112327763123,112327763109,-14,1308,2856
112328179542,112328179538,-4,851,2738
112330146924,112330146928,4,15500,19443
112338901508,112338901506,-2,1565,5955
112340688609,112340688606,-3,801,2325
112344524329,112344524323,-6,1605,3437
112345257562,112345257565,3,2168,1955
112345416465,112345416466,1,1037,2179
112345714232,112345714250,18,598,2468
112346607581,112346607577,-4,1489,3718
112348383079,112348383071,-8,1134,5320
112365194526,112365194530,4,183,1264
112375174786,112375174781,-5,1286,2326
112383012551,112383012546,-5,1250,3755
112383350187,112383350182,-5,1363,3452
112383480671,112383480663,-8,1144,5756
112383740708,112383740714,6,355,1412
112390033351,112390033349,-2,1034,2139
112391146403,112391146398,-5,982,2541
112391277803,112391277814,11,981,3883
112391823686,112391823686,0,4001,3844
112393283509,112393283502,-7,1014,3441
112397147227,112397147223,-4,879,3801
112399272294,112399272289,-5,1222,2850
112400002972,112400002990,18,130,1831
112400624343,112400624348,5,2752,1640
112402626100,112402626097,-3,1294,2947
112406123284,112406123282,-2,1265,2410
112414010382,112414010378,-4,1075,2682
112417801122,112417801117,-5,1423,2650
112421866555,112421866565,10,168,855
112422730011,112422730026,15,740,2530
112423419798,112423419793,-5,883,2572
112432127774,112432127779,5,843,1549
112438059938,112438059933,-5,828,2422
112440649308,112440649319,11,9260,33977
112441525934,112441525934,0,960,1451
112443309299,112443309295,-4,1093,2048
112443873058,112443873054,-4,687,3085
112444115387,112444115382,-5,894,3046
112444392562,112444392579,17,249,860
112444505449,112444505467,18,204,871
112447386696,112447386689,-7,1043,2690
112448881393,112448881387,-6,845,3294
112459214137,112459214131,-6,1516,3297
112460274189,112460274184,-5,1638,3682
112467397136,112467397130,-6,1279,2953
112472783305,112472783302,-3,1052,2411
112473367571,112473367566,-5,927,2854
112476073686,112476073684,-2,1466,2266
112477501969,112477501964,-5,979,2980
112486814798,112486814803,5,932,828
112487414178,112487414159,-19,135,846
112487832507,112487832506,-1,41939,18822
112489456859,112489456853,-6,934,3599
112512855706,112512855704,-2,839,2136
112514606177,112514606184,7,6549,3475
112515201945,112515201938,-7,740,3180
112515979214,112515979207,-7,1411,3352
112516198258,112516198254,-4,1045,3086
112528379206,112528379201,-5,925,2257
112528494241,112528494236,-5,839,2558
112528894550,112528894546,-4,893,2899
112535840134,112535840130,-4,1185,3618
112544691934,112544691939,5,2035,1132
112545513398,112545513392,-6,804,2742
112545789850,112545789845,-5,1414,3660
112549027062,112549027057,-5,22526,14533
112549978223,112549978218,-5,927,3675
112552455090,112552455087,-3,1034,1773
112553796572,112553796590,18,1116,2810
112558060721,112558060714,-7,761,2330
112568055550,112568055546,-4,548,1905
112573343587,112573343581,-6,630,1987
112573378506,112573378490,-16,232,1777
112573446451,112573446432,-19,300,853
112580430881,112580430876,-5,1234,3077
112588028875,112588028870,-5,952,2344
112588079913,112588079910,-3,967,2487
112592388191,112592388187,-4,930,3437
112596880537,112596880531,-6,1468,3651
112597884031,112597884027,-4,1030,3333
112598887813,112598887806,-7,1065,4360
112601720226,112601720221,-5,1364,3783
112606008670,112606008666,-4,827,2051
112607725794,112607725798,4,248,1290
112609998385,112609998387,2,1635,1112
112612371539,112612371533,-6,1334,3809
112619346943,112619346934,-9,882,1872
112620602065,112620602075,10,165,1278
112621647349,112621647342,-7,949,2832
112623593618,112623593623,5,6049,3109
112626907513,112626907507,-6,1029,3706
112629713914,112629713909,-5,1226,3745
112637437970,112637437965,-5,1432,3755
112642141070,112642141067,-3,1488,3679
112650688158,112650688154,-4,1320,3439
112655055942,112655055938,-4,1095,3239
112664163559,112664163553,-6,1079,3758
112667291191,112667291185,-6,1133,2476
112673091127,112673091122,-5,1279,4214
112675520283,112675520277,-6,1105,2681
112676713705,112676713704,-1,1216,3087
112679616835,112679616829,-6,1205,2934
112680976869,112680976867,-2,1339,2987
112684984734,112684984729,-5,1211,3096
112685537683,112685537677,-6,1045,2760
112685637368,112685637365,-3,1061,3802
112686828639,112686828636,-3,1073,2246
112687238064,112687238060,-4,953,2857
112687390114,112687390110,-4,1118,2850
112688173525,112688173518,-7,588,2895
112688435819,112688435802,-17,328,1545
112691641085,112691641079,-6,1460,3585
112692686737,112692686734,-3,1018,2647
112693372574,112693372570,-4,1149,2850
112693790051,112693790047,-4,175,864
112699927375,112699927381,6,3282,1982
112703905929,112703905927,-2,960,1855
112710501780,112710501777,-3,2129,4875
112715064329,112715064324,-5,523,1936
112726009381,112726009386,5,2575,1258
112728639711,112728639706,-5,1350,3418
112731825052,112731825048,-4,1351,3358
112734155679,112734155675,-4,877,3028
112739454502,112739454497,-5,1257,4020
112739782735,112739782730,-5,1029,2886
112740313667,112740313664,-3,1538,4182
112741774832,112741774826,-6,1086,2318
112744662355,112744662365,10,13090,40078
112747401334,112747401327,-7,903,2431
112751230850,112751230843,-7,920,2447
112755591654,112755591650,-4,1135,2518
112755756843,112755756859,16,379,1255
112766809134,112766809128,-6,966,3597
112769067576,112769067574,-2,1118,1919
112770679638,112770679633,-5,991,2171
112771357257,112771357254,-3,1287,2242
112779370143,112779370137,-6,1109,3567
112787216377,112787216379,2,1362,1086
112793906102,112793906110,8,1920,1085
112797455814,112797455809,-5,2407,5890
112803166997,112803166993,-4,1116,3101
112803515499,112803515493,-6,775,3361
112803937834,112803937829,-5,1023,2602
112814173045,112814173047,2,36876,28931
112815167391,112815167386,-5,827,2935
112815885930,112815885929,-1,929,1509
112816097499,112816097495,-4,887,2422
112817052191,112817052197,6,3248,2046
112819601565,112819601561,-4,1063,3157
112824220686,112824220680,-6,796,2909
112826544757,112826544771,14,202,874
112842104110,112842104105,-5,1317,3468
112845850275,112845850273,-2,515,1886
112848183067,112848183062,-5,932,2737
112851110278,112851110282,4,1292,1344
112858006106,112858006102,-4,1172,4006
112860059574,112860059574,0,642,1405
112866099688,112866099684,-4,907,3563
112869560970,112869560966,-4,1124,2823
112869931506,112869931520,14,283,1232
112876725381,112876725384,3,3014,2432
112881192659,112881192654,-5,1098,3606
112882915999,112882915997,-2,971,2106
112883996947,112883996945,-2,1172,1987
112884311007,112884311006,-1,882,2546
112884425408,112884425415,7,272,1179
112885909963,112885909966,3,82,1295
112887538307,112887538305,-2,1000,2227
112889029146,112889029131,-15,1207,3386
112889413250,112889413250,0,1894,1408
112891419057,112891419052,-5,1352,3674
112898251558,112898251553,-5,677,3630
112901410266,112901410262,-4,813,3154
112906167869,112906167877,8,14330,31298
112906547770,112906547766,-4,634,1282
112910523274,112910523271,-3,1009,2238
112910947415,112910947414,-1,1027,1151
112911394818,112911394834,16,651,2229
112913373490,112913373484,-6,1040,2736
112914715682,112914715678,-4,838,2334
112916433867,112916433862,-5,636,2639
112918179204,112918179198,-6,1094,2648
112921953474,112921953482,8,1380,811
112922187223,112922187220,-3,711,3197
112929509778,112929509773,-5,692,2900
112931377698,112931377693,-5,1102,2820
112947966670,112947966666,-4,1532,4200
112954508574,112954508569,-5,902,2873
112956788643,112956788639,-4,1247,2108
112956905999,112956905996,-3,796,2679
112976607354,112976607351,-3,1232,3867
112978330405,112978330403,-2,2152,3489
112978739692,112978739673,-19,1295,347
112979460298,112979460293,-5,1307,3535
112982043086,112982043090,4,2016,1974
112985529437,112985529433,-4,1090,4030
112985578180,112985578162,-18,98,727
112992286588,112992286582,-6,1221,2810
112994806276,112994806274,-2,705,2028
112995009240,112995009258,18,245,1235
113000937175,113000937169,-6,833,2991
113017291378,113017291382,4,2330,1084
113027227249,113027227245,-4,1239,3206
113028740931,113028740926,-5,1298,3285
113028833546,113028833539,-7,16,713
113031610298,113031610292,-6,1139,3058
113035867942,113035867922,-20,1555,2197
113035908041,113035908029,-12,934,2232
113038965445,113038965441,-4,988,3927
113043763853,113043763850,-3,844,2189
113044444587,113044444584,-3,1128,2229
113045476977,113045476972,-5,1114,2369
113046709167,113046709161,-6,1431,3282
113064294742,113064294739,-3,1238,3756
113064433203,113064433198,-5,819,2331
113072279645,113072279639,-6,1174,2717
113073197378,113073197394,16,972,3832
113077027809,113077027805,-4,1035,2628
113079180019,113079180017,-2,714,1628
113083153377,113083153384,7,10935,4775
113087179713,113087179729,16,1426,1782
113087464619,113087464618,-1,2177,4417
113093728022,113093728017,-5,1314,5015
113106147383,113106147375,-8,1220,4670
113106181294,113106181297,3,1530,1845
113106897147,113106897162,15,998,3369
113115218234,113115218232,-2,2913,4718
113117386810,113117386805,-5,933,3467
113118124162,113118124179,17,113,1304
113119389678,113119389673,-5,926,3578
113121498097,113121498090,-7,613,2846
113127505966,113127505961,-5,1019,2552
113139782587,113139782585,-2,1594,3323
113140981446,113140981441,-5,810,2075
113141825769,113141825768,-1,1046,1702
113142326870,113142326866,-4,853,2536
113147244094,113147244090,-4,844,2320
113147302912,113147302914,2,1672,1140
113153887078,113153887075,-3,1569,3172
113167217259,113167217254,-5,940,2646
113167475572,113167475591,19,21,779
113169678717,113169678722,5,3560,1778
113170978576,113170978570,-6,1110,3250
113172865070,113172865075,5,13112,9549
113173384675,113173384669,-6,1206,3319
113173935723,113173935717,-6,883,4116
113174342354,113174342358,4,168,1108
113178630660,113178630654,-6,812,3716
113179173129,113179173109,-20,949,1856
113180776661,113180776657,-4,1326,3449
113181009913,113181009895,-18,211,986
113183467029,113183467021,-8,831,3271
113183647532,113183647546,14,490,3512
113186976215,113186976214,-1,175,1111
113187236471,113187236478,7,1968,1038
113201727440,113201727451,11,3007,57542
113205181003,113205181001,-2,950,2470
113209101275,113209101271,-4,957,2291
113211605160,113211605152,-8,467,1620
113224580998,113224580999,1,36810,19237
113225045314,113225045310,-4,1353,2411
113226982375,113226982382,7,3202,1861
113227641352,113227641349,-3,821,2301
113235291003,113235290997,-6,1079,3536
113239133895,113239133890,-5,556,3093
113239900704,113239900725,21,924,2649
113244299654,113244299649,-5,975,3914
113247905598,113247905593,-5,642,2539
113251357994,113251357990,-4,1034,2748
113253435259,113253435255,-4,870,2521
113259886664,113259886659,-5,1080,3252
113259979762,113259979777,15,407,1684
113263971437,113263971433,-4,1019,3265
113270438435,113270438430,-5,772,2268
113273407456,113273407457,1,16843,16477
113276099986,113276099993,7,4605,1518
113286317337,113286317335,-2,1407,2785
113286547521,113286547535,14,202,857
113290541566,113290541565,-1,1146,1581
113290942798,113290942791,-7,1397,3745
113297573094,113297573089,-5,1101,2849
113300779294,113300779290,-4,1291,2945
113302187010,113302187006,-4,1005,2894
113303737798,113303737793,-5,938,3035
113304634411,113304634394,-17,949,2487
113304733794,113304733789,-5,1001,3086
113304802905,113304802899,-6,1248,4199
113310037482,113310037477,-5,1229,3006
113312967834,113312967828,-6,1051,3595
113315569876,113315569870,-6,1011,3700
113316067137,113316067134,-3,1285,3587
113321776805,113321776801,-4,758,3286
113323608907,113323608902,-5,1275,2491
113324314542,113324314538,-4,906,2796
113325106760,113325106766,6,6616,2292
113328525190,113328525186,-4,994,3007
113331479213,113331479207,-6,1330,4490
113332681162,113332681158,-4,1270,4042
113333776630,113333776627,-3,1000,3866
113334118546,113334118540,-6,1187,3370
113336169062,113336169057,-5,1205,2508
113340104847,113340104842,-5,1128,2933
113344510259,113344510253,-6,937,2981
113345279799,113345279795,-4,1243,3835
113347564247,113347564241,-6,1167,3570
113349918365,113349918361,-4,1171,3541
113354250534,113354250535,1,1096,1460
113354729691,113354729710,19,712,2310
113357771622,113357771617,-5,1091,2788
113360298434,113360298430,-4,828,2431
113360462426,113360462423,-3,315,1060
113361145390,113361145386,-4,1230,2552
113367621680,113367621673,-7,1022,2813
113368423522,113368423517,-5,1213,2883
113374273471,113374273469,-2,973,2370
113374781206,113374781203,-3,988,2679
113376121643,113376121638,-5,790,2608
113376955097,113376955094,-3,1317,3555
113379587653,113379587657,4,1024,1071
113384781650,113384781646,-4,752,3590
113386041098,113386041114,16,1164,2784
113387392223,113387392218,-5,773,2882
113387672491,113387672487,-4,1015,3006
113387810321,113387810334,13,286,875
113390392483,113390392477,-6,1295,3842
113395383378,113395383381,3,1963,1429
113396224439,113396224437,-2,1265,1593
113396835730,113396835728,-2,1351,2334
113401182138,113401182141,3,2106,1315
113405322492,113405322486,-6,785,3163
113405381170,113405381189,19,862,3127
113415547967,113415547962,-5,1056,2621
113415948179,113415948177,-2,743,1617
113417583042,113417583035,-7,841,3517
113421643074,113421643070,-4,948,3216
113424674937,113424674934,-3,941,4306
113424745714,113424745735,21,29,659
113426029366,113426029367,1,1514,2625
113426664859,113426664845,-14,1077,3951
113428984111,113428984110,-1,593,1576
113433962926,113433962923,-3,1600,1950
113435239862,113435239855,-7,1023,2475
113435742105,113435742086,-19,817,3553
113437182849,113437182845,-4,654,2149
113438703174,113438703167,-7,690,3391
113442239397,113442239393,-4,1065,2650
113447091319,113447091313,-6,283,1014
113450764166,113450764163,-3,1189,1694
113460224522,113460224514,-8,1917,6289
113460512559,113460512553,-6,1311,3777
113463472523,113463472529,6,1913,1353
113466990035,113466990031,-4,21628,10188
113469349683,113469349679,-4,951,3402
113469688636,113469688647,11,262,1207
113469821802,113469821796,-6,1284,3808
113472623691,113472623686,-5,989,2567
113476462566,113476462562,-4,899,2664
113476772090,113476772069,-21,889,4284
113477527107,113477527115,8,194,871
113486384443,113486384438,-5,606,2580
113486836728,113486836722,-6,835,2452
113491185822,113491185820,-2,788,1745
113494286446,113494286438,-8,787,4631
113505352534,113505352531,-3,1682,3367
113506642371,113506642368,-3,591,2430
113508599657,113508599673,16,551,1607
113512795035,113512795032,-3,1074,1429
113519323191,113519323199,8,1834,1217
113526483663,113526483661,-2,1529,1706
113526965316,113526965333,17,836,2428
113536243326,113536243321,-5,847,3288
113543443546,113543443551,5,4326,2641
113545539598,113545539594,-4,1003,2711
113548144335,113548144331,-4,1174,3699
113549403082,113549403077,-5,1292,3229
113553605171,113553605167,-4,1237,2815
113553691802,113553691796,-6,791,2490
113559956311,113559956306,-5,739,2755
113563851203,113563851198,-5,1512,3148
113566230570,113566230565,-5,638,1967
113566636818,113566636813,-5,848,2590
113571658566,113571658562,-4,1657,4266
113572749332,113572749327,-5,1226,2981
113579628014,113579628010,-4,903,2446
113581010263,113581010282,19,715,923
113592088817,113592088811,-6,963,2612
113596360867,113596360862,-5,562,2099
113604597318,113604597313,-5,805,2893
113605610681,113605610677,-4,1023,3649
113608517832,113608517830,-2,1163,2378
113613057592,113613057587,-5,1049,3177
113616473490,113616473487,-3,1114,2478
113618332653,113618332646,-7,854,3041
113618770435,113618770422,-13,27,1153
113619968421,113619968417,-4,1025,2513
113631585251,113631585245,-6,376,858
113634850592,113634850588,-4,1132,2885
113640883918,113640883911,-7,853,4242
113642375394,113642375415,21,231,1284
113642802649,113642802644,-5,1237,3327
113643624960,113643624969,9,365,1913
113646459089,113646459086,-3,1198,2173
113647953265,113647953261,-4,859,1611
113648609775,113648609769,-6,1064,2883
113649746231,113649746226,-5,1007,3851
113652604353,113652604348,-5,925,3151
113659561139,113659561134,-5,1323,4914
113668897539,113668897559,20,26071,18973
113670251615,113670251611,-4,1113,3838
113674031663,113674031658,-5,838,2724
113674396741,113674396737,-4,1075,3145
113690749794,113690749785,-9,917,3072
113691897540,113691897542,2,1268,1389
113700527874,113700527871,-3,870,3074
113717020015,113717020012,-3,1111,2812
113722851800,113722851805,5,2735,1681
113724250795,113724250790,-5,1227,2941
113726348690,113726348688,-2,1073,2412
113728880086,113728880084,-2,635,1708
113732010160,113732010154,-6,1203,2894
113732269578,113732269594,16,214,1023
113735337279,113735337275,-4,1354,2928
113736861074,113736861070,-4,1146,2564
113737099370,113737099381,11,510,1050
113737512114,113737512109,-5,849,1803
113738987742,113738987737,-5,979,2115
113751331906,113751331901,-5,1334,3714
113752920705,113752920699,-6,1394,2243
113762681598,113762681593,-5,942,3047
113764024438,113764024435,-3,843,2590
113765775217,113765775214,-3,829,2593
113766137788,113766137802,14,588,2446
113771544710,113771544705,-5,770,3116
113781160306,113781160302,-4,799,1984
113781345865,113781345858,-7,909,2462
113788122258,113788122253,-5,1083,3363
113793243999,113793243993,-6,682,1529
113802435227,113802435222,-5,501,199
113808696058,113808696053,-5,1019,3127
113821645717,113821645710,-7,836,2950
113825351610,113825351606,-4,842,2527
113825419523,113825419519,-4,1047,3950
113825587281,113825587275,-6,478,1366
113829019159,113829019155,-4,950,2494
113829839379,113829839375,-4,879,2155
113830421019,113830420997,-22,1051,3626
113833775814,113833775809,-5,1280,3783
113839864542,113839864536,-6,1105,2921
113841836299,113841836296,-3,901,2494
113845620522,113845620517,-5,1046,3122
113845755715,113845755706,-9,1161,2533
113847725143,113847725138,-5,891,2005
113848363083,113848363061,-22,997,4064
113850275899,113850275894,-5,994,2291
113859307141,113859307136,-5,1481,3405
113863990013,113863990007,-6,982,2054
113872135439,113872135453,14,943,3373
113876129342,113876129339,-3,1224,3165
113876619491,113876619502,11,342,1237
113885450879,113885450874,-5,943,2704
113885732416,113885732397,-19,214,1023
113886950862,113886950854,-8,989,4837
113887460263,113887460258,-5,841,2946
113891154860,113891154855,-5,969,2533
113894016397,113894016394,-3,1211,4143
113899242986,113899242982,-4,584,1656
113903113466,113903113471,5,3018,1223
113906458390,113906458387,-3,1149,2189
113910562117,113910562112,-5,929,2148
113913419729,113913419725,-4,981,3313
113918764851,113918764846,-5,817,2730
113926605358,113926605351,-7,747,3176
113927815507,113927815521,14,757,1668
113931226391,113931226386,-5,1174,3519
113938963134,113938963130,-4,945,2431
113944518787,113944518780,-7,1714,6801
113945286703,113945286700,-3,1496,2795
113951728219,113951728213,-6,1147,2658
113953030862,113953030865,3,12192,9178
113955627044,113955627050,6,6150,2170
113957233485,113957233480,-5,1450,2625
113957393907,113957393901,-6,1087,4906
113959739187,113959739182,-5,1251,3010
113966867399,113966867397,-2,976,2571
113967975194,113967975190,-4,1058,2493
113970273202,113970273195,-7,1125,3018
113971138534,113971138527,-7,878,3131
113971519973,113971519974,1,1442,2188
113971713550,113971713543,-7,1447,4058
113973084143,113973084138,-5,1208,3554
113974451091,113974451086,-5,970,2435
113974546870,113974546863,-7,1073,2966
113974899765,113974899761,-4,922,2864
113978381079,113978381076,-3,747,1943
113978518234,113978518231,-3,875,3504
113978977067,113978977063,-4,870,2635
113985028362,113985028358,-4,874,1826
113985110129,113985110149,20,380,1476
113985161566,113985161563,-3,1586,2456
113986602543,113986602541,-2,1708,3034
113991251430,113991251424,-6,1278,2120
113993122119,113993122118,-1,1326,2605
113994044411,113994044425,14,613,2242
113995069139,113995069134,-5,749,2811
113998726293,113998726298,5,2292,1420
113999472536,113999472545,9,5059,2662
114000259760,114000259758,-2,1083,2275
114000452458,114000452479,21,269,1456
114002245429,114002245425,-4,1084,2060
114003009933,114003009930,-3,1008,3435
114003610052,114003610067,15,106,1231
114005587696,114005587690,-6,1641,3629
114026330643,114026330638,-5,925,3062
114032345415,114032345412,-3,971,1787
114035563841,114035563837,-4,1001,3324
114036754122,114036754119,-3,866,2382
114037607922,114037607935,13,313,1222
114041248686,114041248681,-5,853,3012
114041644855,114041644848,-7,812,3088
114044569125,114044569120,-5,1042,3053
114045144599,114045144594,-5,1172,3448
114045913216,114045913210,-6,1266,4239
114050364770,114050364765,-5,558,2879
114053102194,114053102189,-5,851,2816
114056447058,114056447053,-5,1066,2772
114058421630,114058421625,-5,801,2124
114058657242,114058657235,-7,1074,2822
114062328419,114062328416,-3,1562,3567
114063933658,114063933652,-6,835,1942
114072619782,114072619777,-5,927,2754
114073793930,114073793951,21,884,2440
114073903507,114073903501,-6,1148,2626
114075061669,114075061666,-3,982,3122
114075543469,114075543474,5,6207,2532
114075953794,114075953797,3,3542,2752
114076359640,114076359635,-5,1244,3665
114080446871,114080446865,-6,822,2807
114084444294,114084444290,-4,1045,3218
114095044003,114095043997,-6,1450,2437
114096013813,114096013805,-8,1253,3707
114097168956,114097168973,17,1270,3362
114100906607,114100906604,-3,1576,5066
114103289910,114103289907,-3,836,2679
114103524891,114103524892,1,1530,1792
114106589847,114106589842,-5,751,2325
114107079179,114107079163,-16,80,852
114107347022,114107347019,-3,879,2241
114114922119,114114922116,-3,1178,3260
114117257907,114117257901,-6,1137,2709
114117801442,114117801438,-4,1239,3206
114117947276,114117947269,-7,1054,3493
114120033471,114120033464,-7,821,2504
114126273911,114126273909,-2,932,3879
114126714118,114126714110,-8,1113,2970
114136332675,114136332681,6,2513,1244
114141818882,114141818878,-4,916,2764
114142181655,114142181649,-6,988,2406
114145735295,114145735290,-5,1092,2923
114146918470,114146918465,-5,759,2828
114154695949,114154695945,-4,1185,2526
114156162134,114156162141,7,4029,1711
114157537634,114157537629,-5,813,2619
114159930457,114159930454,-3,1312,4211
114174378878,114174378874,-4,1384,3504
114178904009,114178904010,1,1235,2753
114180490322,114180490324,2,1020,1702
114183518143,114183518138,-5,1195,4159
114185354570,114185354575,5,2606,2306
114193287583,114193287578,-5,897,2000
114193389364,114193389383,19,356,1186
114196670007,114196670005,-2,1264,2416
114200832273,114200832268,-5,930,3304
114203407738,114203407737,-1,1559,2468
114212339539,114212339535,-4,1682,3770
114215026274,114215026270,-4,1020,2283
114219234937,114219234931,-6,999,2837
114224073740,114224073735,-5,1090,2394
114224481856,114224481838,-18,1252,2555
114225485009,114225485006,-3,1063,2919
114229325150,114229325145,-5,950,3628
114232302691,114232302684,-7,705,2312
114241626786,114241626780,-6,1147,2622
114244011657,114244011651,-6,1238,3369
114248084657,114248084654,-3,1258,4434
114248576537,114248576544,7,113,964
114248811003,114248810998,-5,830,3355
114250113754,114250113749,-5,1114,3058
114253404570,114253404565,-5,1258,3092
114260154788,114260154784,-4,843,2355
114263075913,114263075908,-5,689,2860
114267051855,114267051850,-5,951,2727
114270018694,114270018694,0,7848,8574
114280468536,114280468531,-5,959,2493
114284256778,114284256771,-7,1094,2261
114291569522,114291569518,-4,756,1379
114297236951,114297236950,-1,1639,2326
114298270602,114298270597,-5,1289,3408
114307504013,114307504010,-3,2583,4228
114308684998,114308684995,-3,1013,2458
114311191877,114311191871,-6,820,3795
114312998230,114312998224,-6,578,873
114320566955,114320566951,-4,1157,3524
114321919472,114321919490,18,674,2025
114326044878,114326044874,-4,1092,3037
114341099994,114341099989,-5,1120,3220
114343922914,114343922910,-4,786,2640
114350087033,114350087030,-3,927,1899
114351732993,114351732989,-4,828,2567
114358207582,114358207577,-5,1167,3605
114364930373,114364930370,-3,903,2794
114367328800,114367328803,3,1596,1267
114369923387,114369923382,-5,1066,3166
114370600442,114370600436,-6,1055,4200
114372006315,114372006314,-1,2615,2949
114372785323,114372785311,-12,686,287
114375888640,114375888641,1,1418,1361
114378906174,114378906170,-4,688,3431
114382804065,114382804061,-4,1055,3060
114382991577,114382991579,2,125,966
114383434089,114383434082,-7,841,2856
114385114027,114385114024,-3,707,2892
114393962139,114393962135,-4,963,2554
114394696990,114394696986,-4,1495,3323
114398974407,114398974402,-5,727,2562
114405541287,114405541295,8,4654,2927
114407857506,114407857513,7,5026,1941
114410704129,114410704126,-3,1126,2989
114413368911,114413368906,-5,1240,2851
114416632818,114416632813,-5,998,3491
114420083790,114420083787,-3,877,1875
114420692559,114420692553,-6,1192,4236
114426179603,114426179598,-5,862,3513
114426860837,114426860832,-5,1053,4000
114432670340,114432670335,-5,1038,2267
114433700717,114433700710,-7,2562,10012
114435150193,114435150197,4,4001,2724
114439141446,114439141441,-5,1211,2700
114445020265,114445020259,-6,1171,3432
114446161212,114446161206,-6,1033,3377
114447701819,114447701818,-1,1384,2292
114448097796,114448097809,13,442,2337
114451016912,114451016907,-5,1269,3008
114452885720,114452885715,-5,3673,13334
114455612934,114455612928,-6,1445,3227
114458898110,114458898105,-5,1283,2209
114459289534,114459289529,-5,1295,3272
114461169558,114461169554,-4,773,3469
114462354056,114462354051,-5,629,2528
114465283829,114465283825,-4,1479,2224
114474092227,114474092213,-14,25614,15198
114476464123,114476464123,0,389,1130
114477112649,114477112642,-7,120,905
114477745620,114477745614,-6,3085,10020
114485508113,114485508107,-6,949,3128
114486845770,114486845765,-5,1305,3536
114488105096,114488105077,-19,256,1074
114489251769,114489251785,16,698,1634
114495519095,114495519089,-6,563,2184
114498191343,114498191340,-3,1179,3239
114499128982,114499128980,-2,982,2476
114503182307,114503182304,-3,1096,2190
114504917383,114504917378,-5,826,3166
114510569755,114510569749,-6,1008,3941
114515500645,114515500641,-4,1025,3095
114519829611,114519829605,-6,1133,2879
114520898238,114520898232,-6,872,3221
114533552970,114533552965,-5,1152,2629
114535262082,114535262078,-4,733,1724
114536543674,114536543669,-5,929,3068
114543978087,114543978082,-5,789,2452
114544562078,114544562071,-7,929,2806
114544975918,114544975914,-4,1085,3413
114547619270,114547619268,-2,1230,2234
114550097089,114550097084,-5,1146,2670
114555664990,114555664986,-4,1322,4078
114559126051,114559126045,-6,908,2403
114561020622,114561020619,-3,1323,3099
114563011934,114563011930,-4,782,3461
114577874874,114577874874,0,2241,3703
114583319584,114583319579,-5,1309,2361
114583428058,114583428054,-4,1209,4022
114584372399,114584372395,-4,768,2671
114591793167,114591793163,-4,983,3269
114593735345,114593735339,-6,1066,3023
114593931739,114593931753,14,75,1602
114595215311,114595215309,-2,1542,2520
114599971701,114599971697,-4,1417,3414
114601084615,114601084622,7,2524,1531
114601925119,114601925114,-5,786,2103
114605453203,114605453200,-3,1089,3721
114605755878,114605755874,-4,1166,3011
114606152005,114606152001,-4,928,2884
114609348638,114609348633,-5,1221,3310
114614447505,114614447501,-4,1100,4183
114615555758,114615555753,-5,718,3008
114619209155,114619209152,-3,747,2113
114620437708,114620437693,-15,41,1963
114626630207,114626630201,-6,923,2657
114627643818,114627643813,-5,1236,3851
114628189890,114628189911,21,872,3089
114628904039,114628904034,-5,1419,2860
114629582003,114629581998,-5,1209,2811
114631542652,114631542646,-6,705,1600
114632226866,114632226861,-5,1117,2741
114637427599,114637427594,-5,981,2395
114640919139,114640919134,-5,1132,3372
114642149275,114642149269,-6,900,1499
114646178543,114646178538,-5,1352,3242
114651366514,114651366506,-8,654,2540
114654746530,114654746526,-4,1172,2983
114659361357,114659361355,-2,1154,2627
114665248042,114665248036,-6,1011,3502
114670884462,114670884464,2,1247,897
114671011064,114671011045,-19,1372,3101
114673864972,114673864965,-7,854,3079
114674193167,114674193163,-4,1116,1970
114675868402,114675868398,-4,1097,3363
114676071898,114676071894,-4,130,1366
114682347304,114682347297,-7,991,2941
114683474760,114683474751,-9,1696,3044
114688316263,114688316261,-2,917,1449
114688977863,114688977858,-5,1603,3654
114691418433,114691418429,-4,868,3537
114694131859,114694131853,-6,843,3268
114695757051,114695757046,-5,882,3245
114695866132,114695866147,15,446,1074
114696644534,114696644528,-6,860,3961
114697958963,114697958941,-22,869,1750
114711624398,114711624394,-4,1092,2150
114711746961,114711746976,15,740,1136
114719989629,114719989626,-3,1307,3108
114722190718,114722190719,1,1349,1991
114722468697,114722468691,-6,1455,3636
114728824347,114728824343,-4,1270,3458
114732905950,114732905949,-1,707,1462
114735484966,114735484961,-5,1302,3566
114736823694,114736823689,-5,903,2773
114741506214,114741506209,-5,781,2853
114743518083,114743518090,7,609,1085
114755038961,114755038957,-4,1560,3978
114756148541,114756148537,-4,965,3124
114764127170,114764127165,-5,1143,2518
114764549640,114764549628,-12,299,1107
114767266146,114767266143,-3,905,2150
114767728648,114767728667,19,229,897
114769111249,114769111245,-4,1253,3300
114770662999,114770662998,-1,1250,1957
114772957603,114772957598,-5,989,3046
114775913121,114775913115,-6,1455,3978
114776862106,114776862122,16,888,2891
114787519592,114787519586,-6,1511,3890
114787621283,114787621289,6,179,1187
114793326193,114793326189,-4,1331,2157
114797087477,114797087472,-5,943,5625
114801115107,114801115100,-7,1285,2897
114801560163,114801560158,-5,982,2694
114801771961,114801771956,-5,1040,3383
114806867646,114806867643,-3,1372,2370
114807101135,114807101130,-5,1001,2787
114807238354,114807238356,2,791,1959
114807955641,114807955621,-20,877,2312
114810079877,114810079874,-3,1069,2887
114810115164,114810115160,-4,1121,3720
114810806674,114810806694,20,886,3369
114823301694,114823301690,-4,1080,2783
114827183363,114827183357,-6,999,3116
114828014403,114828014407,4,1448,1474
114831077719,114831077714,-5,695,2511
114832922298,114832922294,-4,1207,3398
114833140196,114833140205,9,358,1321
114833918903,114833918899,-4,1194,3037
114838535387,114838535382,-5,678,2162
114845035098,114845035091,-7,994,2819
114845231068,114845231066,-2,1043,2334
114847060970,114847060967,-3,930,3105
114852309647,114852309642,-5,1097,3056
114853318959,114853318954,-5,1490,3061
114863513973,114863513969,-4,1188,2344
114868250784,114868250778,-6,1161,3707
114871212564,114871212558,-6,859,2931
114872535483,114872535477,-6,1083,2833
114873536682,114873536678,-4,691,1838
114876088574,114876088569,-5,1128,4650
114878941758,114878941753,-5,834,7681
114880626892,114880626910,18,35,1592
114880862375,114880862370,-5,1079,2340
114894568542,114894568522,-20,964,3070
114896665738,114896665733,-5,969,2262
114899642896,114899642890,-6,1037,2961
114900051059,114900051054,-5,1332,3099
114900583366,114900583363,-3,980,3689
114904266699,114904266694,-5,1136,2867
114906574947,114906574941,-6,1236,3608
114908085786,114908085780,-6,1090,4308
114909062824,114909062821,-3,48494,20689
114910241302,114910241298,-4,777,2747
114914795095,114914795090,-5,1106,2657
114915072795,114915072782,-13,146,1064
114917798111,114917798104,-7,1183,2642
114923847033,114923847028,-5,823,2699
114925997434,114925997431,-3,1003,1845
114929545227,114929545230,3,4552,28173
114930523186,114930523191,5,3081,986
114936510174,114936510169,-5,1082,3877
114938187175,114938187170,-5,1315,4350
114938415194,114938415212,18,489,1795
114941061095,114941061090,-5,871,2536
114941404985,114941404981,-4,651,2098
114942388196,114942388206,10,310,1161
114949924443,114949924430,-13,940,2257
114951169423,114951169419,-4,774,2241
114951691635,114951691614,-21,1045,3643
114954308609,114954308604,-5,840,2909
114958867238,114958867233,-5,1102,3485
114960796419,114960796415,-4,1071,3305
114974399345,114974399340,-5,1179,2863
114978364874,114978364869,-5,901,2685
114982354641,114982354647,6,3935,2076
114986071333,114986071326,-7,1102,2635
114986757347,114986757342,-5,1277,3680
114994301162,114994301162,0,1110,1796
114995552942,114995552937,-5,1118,2179
114997914367,114997914361,-6,855,3204
114998559138,114998559133,-5,1110,2682
114998611611,114998611614,3,1554,1543
115004944731,115004944727,-4,473,1848
115005376611,115005376593,-18,1371,2071
115013656622,115013656616,-6,1104,2922
115016143615,115016143610,-5,671,2923
115019255410,115019255405,-5,1247,3181
115023443732,115023443728,-4,1110,2150
115029689171,115029689168,-3,578,2341
115031245950,115031245950,0,10642,15599
115033990343,115033990340,-3,806,2726
115040332310,115040332318,8,10122,3475
115045354834,115045354830,-4,1447,2620
115049287757,115049287753,-4,1178,2397
115053243236,115053243231,-5,1180,3954
115054221786,115054221803,17,1087,2040
115057251324,115057251320,-4,697,2829
115061563466,115061563462,-4,882,2627
115062924826,115062924822,-4,924,3139
115063345187,115063345182,-5,281,775
115082778401,115082778409,8,167,507
115088508203,115088508197,-6,747,3200
115092489258,115092489253,-5,635,1371
115095330118,115095330112,-6,1134,4591
115097799061,115097799057,-4,1100,2532
115104325475,115104325469,-6,1719,3905
115107727018,115107727012,-6,761,2558
115118713371,115118713366,-5,805,3599
115119809186,115119809181,-5,962,2595
115126814161,115126814155,-6,1315,4970
115127575851,115127575846,-5,1274,4243
115134536575,115134536570,-5,862,2757
115134753122,115134753101,-21,125,967
115135283116,115135283133,17,734,2393
115140208214,115140208208,-6,772,3622
115140303033,115140303054,21,378,1889
115152142194,115152142188,-6,825,2949
115152218828,115152218844,16,189,2052
115155082610,115155082605,-5,979,2882
115158517734,115158517730,-4,1010,3875
115165123328,115165123323,-5,963,3025
115165541158,115165541157,-1,655,1987
115168348746,115168348741,-5,788,2822
115170141224,115170141229,5,2140,1584
115174768541,115174768537,-4,683,1750
115177202051,115177202048,-3,759,2199
115181770306,115181770301,-5,1087,2720
115183696042,115183696022,-20,211,935
115183972905,115183972890,-15,284,1019
115189789203,115189789202,-1,1103,1990
115191706917,115191706913,-4,1865,3083
115192736426,115192736425,-1,1487,2386
115196850028,115196850035,7,6640,3143
115199711319,115199711317,-2,1606,2637
115200956508,115200956502,-6,1128,3981
115201197580,115201197574,-6,1074,4755
115205109574,115205109571,-3,616,1691
115205910464,115205910459,-5,956,2544
115208380687,115208380681,-6,1386,4444
115210143253,115210143247,-6,1048,4633
115211976519,115211976514,-5,1012,3861
115229263002,115229263001,-1,1137,1848
115231231413,115231231409,-4,962,2401
115233724373,115233724369,-4,1131,2700
115235138903,115235138899,-4,839,2471
115241934513,115241934509,-4,960,3679
115243449203,115243449198,-5,938,2868
115267581181,115267581176,-5,1028,2044
115269817887,115269817882,-5,1009,2944
115271892620,115271892614,-6,983,3967
115272528646,115272528641,-5,1162,2577
115273997053,115273997053,0,1735,2147
115275050342,115275050339,-3,924,2568
115275203434,115275203414,-20,1364,1585
115276056855,115276056852,-3,1102,2511
115276396952,115276396973,21,697,1599
115277601402,115277601398,-4,609,2515
115277756515,115277756518,3,381,866
115279971426,115279971420,-6,994,3706
115281419240,115281419238,-2,1169,2582
115292621262,115292621259,-3,822,2546
115297695867,115297695862,-5,1350,2936
115298790724,115298790720,-4,854,2285
115306276082,115306276077,-5,1132,3528
115317465191,115317465185,-6,796,4246
115326364073,115326364069,-4,1208,2260
115327616391,115327616385,-6,783,4911
115327708262,115327708269,7,1268,1063
115342373656,115342373650,-6,850,3075
115346130510,115346130504,-6,969,3335
115348461264,115348461258,-6,1655,4471
115353539723,115353539718,-5,929,2927
115353778691,115353778686,-5,578,3153
115355835307,115355835301,-6,1113,2381
115357266537,115357266533,-4,1449,3186
115364669577,115364669571,-6,1023,2517
115365220977,115365220956,-21,613,3201
115366680998,115366680995,-3,895,2506
115368783774,115368783768,-6,899,2919
115368956190,115368956184,-6,980,3373
115371012869,115371012863,-6,1062,3989
115371459192,115371459178,-14,1670,1221
115371599425,115371599440,15,885,3263
115373251459,115373251454,-5,1162,3124
115373591228,115373591244,16,869,3088
115379080350,115379080346,-4,846,1675
115379915959,115379915953,-6,1171,2592
115380357867,115380357867,0,280,1150
115380568466,115380568449,-17,1175,10645
115382221331,115382221326,-5,960,2812
115382865067,115382865063,-4,804,3249
115383382059,115383382062,3,824,767
115390329338,115390329330,-8,1651,11790
115394570966,115394570976,10,1055,254
115402233872,115402233867,-5,989,2674
115402791952,115402791945,-7,1229,3460
115403932835,115403932830,-5,1356,2718
115404335339,115404335341,2,278,1176
115405175649,115405175628,-21,1008,2229
115405964770,115405964766,-4,1219,3592
115414130842,115414130836,-6,958,2766
115416108657,115416108670,13,347,635
115418352993,115418352985,-8,36826,15639
115419033741,115419033736,-5,1334,3973
115425458802,115425458795,-7,30107,13470
115429468806,115429468802,-4,1833,4414
115435095827,115435095825,-2,994,2020
115437633687,115437633682,-5,889,3630
115443374738,115443374733,-5,838,2753
115449359158,115449359154,-4,1183,3883
115451028599,115451028593,-6,822,2740
115451178524,115451178528,4,107,962
115451568402,115451568398,-4,840,2583
115451718859,115451718876,17,272,969
115456934274,115456934270,-4,946,2280
115460607025,115460607031,6,8981,4094
115461025834,115461025830,-4,1815,3030
115463063203,115463063211,8,9010,31981
115463767457,115463767463,6,2942,1379
115467019563,115467019558,-5,795,2057
115470320786,115470320782,-4,1271,3939
115472219577,115472219578,1,1213,1217
115472429508,115472429526,18,260,1094
115475930804,115475930810,6,3939,1678
115477094778,115477094774,-4,1337,3200
115482340539,115482340534,-5,832,2591
115485362951,115485362947,-4,1094,2437
115485403722,115485403739,17,810,2797
115489811761,115489811758,-3,1045,2352
115492248799,115492248797,-2,1319,2778
115498784678,115498784675,-3,1459,2228
115506935391,115506935393,2,3043,2543
115509544530,115509544523,-7,1083,3273
115510324580,115510324576,-4,1014,2398
115512787842,115512787836,-6,1317,3826
115513862447,115513862442,-5,1081,2855
115516273193,115516273198,5,5184,3256
115518226091,115518226085,-6,874,3730
115528809298,115528809292,-6,1325,3182
115529571343,115529571339,-4,998,2906
115530241287,115530241282,-5,1308,4614
115531372863,115531372857,-6,788,2281
115531571939,115531571935,-4,193,849
115532123722,115532123715,-7,240,1063
115537111414,115537111409,-5,1253,2950
115538050423,115538050416,-7,964,2449
115543160470,115543160466,-4,1249,3178
115552441863,115552441857,-6,1071,2895
115553352375,115553352371,-4,1549,3362
115565013830,115565013827,-3,1154,3596
115573225754,115573225748,-6,820,2075
115575071322,115575071317,-5,1235,2661
115582174775,115582174771,-4,1077,3173
115583716691,115583716694,3,1011,1141
115585840532,115585840527,-5,1858,4179
115585992594,115585992591,-3,1598,2745
115587323647,115587323647,0,1040,2217
115587652754,115587652774,20,538,1475
115591346217,115591346214,-3,1193,3114
115597842101,115597842110,9,3424,1486
115598731059,115598731054,-5,876,2736
115604834769,115604834765,-4,988,3556
115609408675,115609408672,-3,950,2350
115609772781,115609772774,-7,1291,3621
115613700691,115613700687,-4,628,1714
115618858687,115618858681,-6,328,1165
115622667630,115622667626,-4,1158,3237
115625224486,115625224485,-1,760,1925
115627765422,115627765417,-5,1025,3453
115629273097,115629273090,-7,1082,2851
115629347047,115629347042,-5,681,2477
115630279024,115630279018,-6,1269,3522
115633023121,115633023114,-7,1065,5436
115633435224,115633435221,-3,238,961
115637308245,115637308241,-4,1006,2701
115637409738,115637409718,-20,1336,2804
115643391215,115643391211,-4,1027,2850
115643705155,115643705155,0,74,1029
115645209013,115645209007,-6,917,2797
115650704808,115650704802,-6,1248,2575
115672479524,115672479519,-5,1064,2029
115673159283,115673159278,-5,675,2239
115675219385,115675219379,-6,1854,3420
115687120276,115687120270,-6,807,2429
115687913882,115687913900,18,301,1483
115693944822,115693944817,-5,987,1857
115694229483,115694229497,14,985,2031
115701375943,115701375941,-2,1371,2761
115703745609,115703745602,-7,948,2701
115711560826,115711560822,-4,918,3094
115711708162,115711708178,16,639,2759
115714268656,115714268665,9,1224,718
115715543346,115715543343,-3,858,4400
115717828598,115717828593,-5,919,2053
115718927938,115718927934,-4,654,2464
115720732308,115720732304,-4,1636,3744
115724141863,115724141860,-3,925,2314
115724534751,115724534747,-4,1029,3228
115727463427,115727463421,-6,1100,4332
115728604938,115728604934,-4,820,3055
115728685744,115728685767,23,509,2519
115731051871,115731051866,-5,1018,2414
115732128139,115732128133,-6,1102,5835
115732937504,115732937499,-5,895,2976
115733925416,115733925405,-11,997,2726
115734901065,115734901059,-6,1080,3402
115735147335,115735147330,-5,818,2418
115739484134,115739484130,-4,991,2907
115740575903,115740575901,-2,1466,3686
115744195614,115744195610,-4,1037,3388
115746194771,115746194766,-5,1360,3045
115752989671,115752989668,-3,1190,2569
115753667534,115753667527,-7,1099,2861
115753832817,115753832805,-12,267,1355
115771975585,115771975580,-5,1260,3300
115774459422,115774459417,-5,1153,3179
115775744563,115775744559,-4,1184,3782
115780626141,115780626137,-4,1030,2158
115780908603,115780908598,-5,1057,2735
115781935699,115781935695,-4,967,2922
115783253610,115783253601,-9,136,821
115783323159,115783323153,-6,1271,3501
115789000158,115789000154,-4,681,2596
115789948798,115789948795,-3,1339,2627
115789992703,115789992698,-5,895,2159
115796401333,115796401328,-5,1340,3521
115800450172,115800450167,-5,1032,2828
115800964913,115800964909,-4,551,1588
115802459055,115802459049,-6,1759,6862
115805768702,115805768697,-5,1139,3346
115806779842,115806779821,-21,267,1452
115806915363,115806915359,-4,1061,3878
115808804545,115808804538,-7,1015,3487
115812863630,115812863628,-2,1653,2952
115814418542,115814418537,-5,1216,2793
115817727892,115817727903,11,15787,25996
115822164489,115822164490,1,2891,3510
115824032456,115824032450,-6,1436,5065
115824290849,115824290853,4,2116,2026
115826145983,115826145978,-5,1149,2783
115827146732,115827146725,-7,1212,3091
115827904867,115827904858,-9,968,2579
115830428572,115830428569,-3,1202,2824
115830475162,115830475158,-4,1248,3826
115833074406,115833074401,-5,808,2477
115834777900,115834777917,17,693,3065
115837202809,115837202812,3,2115,1181
115837635089,115837635084,-5,1482,3389
115839430883,115839430880,-3,959,2619
115842244655,115842244650,-5,982,3433
115843339471,115843339466,-5,967,2486
115843432706,115843432686,-20,149,653
115846177717,115846177713,-4,1078,3489
115847810170,115847810166,-4,1272,3964
115849452755,115849452750,-5,679,2373
115849748168,115849748158,-10,1386,3723
115852471009,115852471003,-6,1015,3182
115869099958,115869099954,-4,1052,3402
115870097970,115870097970,0,2215,2411
115876447249,115876447242,-7,1326,3848
115878327234,115878327229,-5,1307,4574
115881895871,115881895867,-4,880,2677
115883688972,115883688966,-6,1238,4050
115884025883,115884025880,-3,643,2485
115884168178,115884168190,12,372,1028
115885973861,115885973855,-6,880,4057
115888660277,115888660278,1,1807,2559
115893601902,115893601897,-5,1435,3260
115896821656,115896821653,-3,1024,2652
115898541937,115898541933,-4,1088,3898
115900613323,115900613318,-5,947,3443
115903023727,115903023723,-4,820,2805
115907137722,115907137717,-5,767,2193
115911671741,115911671744,3,2533,2307
115914149007,115914149003,-4,1131,2335
115915333283,115915333278,-5,754,1912
115921831434,115921831430,-4,1637,3567
115922042072,115922042067,-5,989,3529
115927753187,115927753183,-4,579,2244
115931462291,115931462286,-5,681,2776
115934516849,115934516843,-6,1330,2985
115938013840,115938013835,-5,973,2464
115946450415,115946450409,-6,24119,11883
115946640660,115946640676,16,483,2454
115949851607,115949851602,-5,1084,3394
115951755714,115951755710,-4,773,2997
115966815351,115966815346,-5,854,2601
115967000409,115967000425,16,843,3221
115967414677,115967414683,6,5679,1405
115967535589,115967535583,-6,798,2336
115976584298,115976584294,-4,907,3479
115977264338,115977264324,-14,279,1083
115980728782,115980728777,-5,1173,2830
115988534641,115988534636,-5,1506,3203
115988947266,115988947267,1,208,1103
115989235864,115989235853,-11,1204,3087
115990226873,115990226872,-1,1340,1911
115996901689,115996901690,1,1776,2246
116004283320,116004283314,-6,790,2047
116006820737,116006820737,0,1407,1910
116007373653,116007373650,-3,832,2165
116015799501,116015799494,-7,1546,6495
116016137198,116016137193,-5,1042,5438
116016723518,116016723514,-4,1299,3053
116019403259,116019403256,-3,455,968
116019879828,116019879840,12,933,2001
116022973702,116022973697,-5,1287,2875
116023232238,116023232232,-6,494,2576
116024874470,116024874473,3,1069,1217
116026348424,116026348417,-7,962,3755
116029417406,116029417399,-7,1480,3692
116030935591,116030935584,-7,1340,3039
116030986278,116030986269,-9,1019,4571
116035015345,116035015347,2,1099,1242
116041631602,116041631596,-6,821,3473
116041898937,116041898955,18,512,1265
116043793889,116043793894,5,11883,26095
116048892233,116048892229,-4,944,2443
116056364254,116056364250,-4,784,2962
116058334199,116058334193,-6,780,2459
116066095174,116066095168,-6,1304,3953
116074112175,116074112170,-5,1069,2823
116074384741,116074384761,20,1900,785
116074641937,116074641933,-4,739,3036
116076522307,116076522303,-4,572,1225
116077486073,116077486083,10,25,910
116099336581,116099336578,-3,1284,2673
116100250474,116100250490,16,618,2439
116102178260,116102178257,-3,1327,2531
116108672197,116108672193,-4,1280,4177
116109765306,116109765301,-5,762,2517
116110899291,116110899297,6,2582,1500
116113480330,116113480325,-5,1226,4062
116118194254,116118194251,-3,1275,1841
116119216416,116119216408,-8,1096,19140
116130130209,116130130204,-5,634,3342
116144312210,116144312206,-4,1318,3831
116149218017,116149218012,-5,1034,3266
116157558021,116157558018,-3,898,3048
116160366150,116160366145,-5,1026,2873
116167269850,116167269845,-5,1284,2288
116170985159,116170985155,-4,625,1689
116172056299,116172056298,-1,366,863
116176975083,116176975079,-4,1086,3656
116181767283,116181767278,-5,998,3773
116182985474,116182985472,-2,1089,2606
116185942979,116185942974,-5,1319,1882
116195134322,116195134320,-2,1851,4977
116199891091,116199891086,-5,908,2408
116202035308,116202035305,-3,1302,3414
116207902384,116207902378,-6,976,3177
116208195479,116208195474,-5,1112,3575
116212113026,116212113021,-5,1042,2029
116212853974,116212853977,3,1600,1350
116212928611,116212928606,-5,617,3461
116213142858,116213142842,-16,1056,2162
116214196815,116214196818,3,36356,26214
116214864882,116214864876,-6,731,2605
116216884711,116216884707,-4,1404,3523
116217633794,116217633790,-4,1253,3248
116219648640,116219648635,-5,1391,3199
116222144237,116222144238,1,1510,916
116222704245,116222704239,-6,1242,2757
116223298671,116223298673,2,4292,3339
116232853045,116232853039,-6,1235,4112
116235160075,116235160070,-5,697,2364
116237166693,116237166687,-6,1350,4223
116238907678,116238907674,-4,1674,4497
116240329897,116240329891,-6,571,2133
116240379840,116240379823,-17,296,907
116242604418,116242604414,-4,1200,3052
116253015214,116253015209,-5,740,2883
116255370041,116255370034,-7,756,4048
116255589666,116255589678,12,597,1510
116256913250,116256913242,-8,1141,4846
116257066873,116257066882,9,93,942
116267988202,116267988198,-4,956,1871
116268363346,116268363351,5,69,1114
116278041939,116278041933,-6,870,3232
116278822141,116278822134,-7,581,2900
116280781246,116280781242,-4,1192,2940
116281293092,116281293109,17,249,1163
116296865590,116296865582,-8,786,2932
116307190380,116307190375,-5,1058,3179
116308543387,116308543383,-4,884,2974
116311413477,116311413471,-6,1373,5200
116311668419,116311668417,-2,575,2030
116315122559,116315122558,-1,766,1236
116315534970,116315534954,-16,187,1522
116316638357,116316638353,-4,1151,3705
116319023614,116319023606,-8,883,2880
116326387558,116326387553,-5,903,2950
116331028388,116331028383,-5,853,3212
116333452967,116333452964,-3,1191,2002
116336585327,116336585322,-5,1190,4273
116337887758,116337887755,-3,734,2129
116347584167,116347584163,-4,1165,4141
116348693007,116348693003,-4,952,2077
116348993882,116348993877,-5,986,4045
116352856575,116352856595,20,774,2326
116375669732,116375669726,-6,1355,4160
116382741930,116382741923,-7,1025,4124
116382881395,116382881397,2,406,1511
116388872817,116388872811,-6,1366,4753
116395108443,116395108437,-6,1007,3478
116397186574,116397186570,-4,1000,3473
116399431942,116399431935,-7,1113,3764
116404166534,116404166529,-5,1162,3305
116408322531,116408322526,-5,890,2734
116409117708,116409117703,-5,1427,4242
116411230349,116411230344,-5,1884,4085
116412759637,116412759633,-4,1336,2930
116415807194,116415807199,5,3444,998
116416017151,116416017152,1,1037,1593
116427720239,116427720233,-6,1296,2427
116440756330,116440756324,-6,1160,3428
116446460400,116446460403,3,1803,1315
116447323950,116447323950,0,1107,1095
116451630567,116451630562,-5,1113,3111
116455237113,116455237110,-3,1325,1297
116457361987,116457361982,-5,588,2293
116457863178,116457863193,15,174,869
116458534712,116458534733,21,859,2522
116460806736,116460806742,6,3104,1394
116467970899,116467970895,-4,884,2268
116469852522,116469852517,-5,744,3586
116470228769,116470228755,-14,327,908
116473150046,116473150039,-7,880,2444
116475298886,116475298881,-5,1030,3235
116476786473,116476786469,-4,681,2337
116482274965,116482274959,-6,14,1533
116489177295,116489177291,-4,1331,3288
116490020855,116490020850,-5,1325,2330
116492633963,116492633959,-4,1092,3014
116492700276,116492700295,19,256,1534
116497365159,116497365156,-3,882,2124
116507478639,116507478636,-3,1164,2322
116508668118,116508668124,6,4270,1514
116518564706,116518564700,-6,948,3278
116520899323,116520899321,-2,726,1485
116524918460,116524918455,-5,894,2801
116528743237,116528743233,-4,602,1445
116528816235,116528816229,-6,1071,3904
116529122980,116529122978,-2,228,948
116532026387,116532026394,7,3089,1646
116532125917,116532125912,-5,1117,3077
116532185984,116532185979,-5,1118,1975
116535857780,116535857777,-3,910,2118
116536231578,116536231585,7,142,1715
116544494396,116544494414,18,582,1903
116548821860,116548821855,-5,1224,2976
116549905851,116549905846,-5,1142,2765
116550696518,116550696512,-6,748,4097
116551870283,116551870282,-1,2246,4378
116552635533,116552635534,1,956,934
116555094035,116555094035,0,1259,2021
116558553964,116558553966,2,1736,2052
116558593986,116558593985,-1,1339,1944
116558950840,116558950860,20,731,3304
116559154596,116559154590,-6,1608,4563
116562441266,116562441273,7,3130,1271
116571182116,116571182123,7,5443,1475
116577379594,116577379598,4,1518,1313
116584532560,116584532555,-5,1495,5758
116585303267,116585303266,-1,2426,2817
116585428899,116585428894,-5,1103,3463
116589139495,116589139490,-5,741,2628
116592125987,116592125982,-5,967,3636
116601103470,116601103466,-4,854,2144
116602755085,116602755081,-4,913,2732
116618104650,116618104645,-5,1059,3931
116618423059,116618423073,14,599,2062
116620570932,116620570926,-6,1205,3527
116626342247,116626342243,-4,529,2278
116626938092,116626938107,15,534,1032
116627797761,116627797766,5,1820,1431
116631651149,116631651148,-1,1125,2181
116634010735,116634010735,0,1423,1129
116639581212,116639581212,0,30840,23519
116641804122,116641804117,-5,1277,2920
116642527946,116642527942,-4,966,2543
116643501207,116643501201,-6,613,2217
116644178093,116644178089,-4,1050,3389
116646567901,116646567896,-5,1026,3099
116647905983,116647905974,-9,910,5261
116650797447,116650797444,-3,1639,4188
116653139525,116653139522,-3,837,2724
116659344438,116659344432,-6,2154,7279
116665502595,116665502590,-5,766,3034
116672066832,116672066826,-6,1027,2681
116676198617,116676198623,6,4201,1870
116677342591,116677342587,-4,686,3026
116679242435,116679242432,-3,895,3097
116683210899,116683210894,-5,1130,2788
116685372914,116685372910,-4,1124,2384
116686998306,116686998303,-3,1004,1472
116691139597,116691139591,-6,1139,2822
116697052576,116697052572,-4,1046,3127
116699250391,116699250387,-4,1046,3248
116703141081,116703141086,5,3860,1408
116706228568,116706228562,-6,1221,3561
116706862023,116706862021,-2,1328,3454
116709934482,116709934476,-6,1168,3691
116711336442,116711336438,-4,1170,2772
116712533397,116712533394,-3,1657,3113
116727720960,116727720954,-6,1189,3391
116730720245,116730720238,-7,1166,3276
116732348093,116732348086,-7,932,2965
116732575781,116732575778,-3,1103,2884
116735097801,116735097801,0,1151,1932
116735910906,116735910902,-4,858,3545
116737756307,116737756310,3,1591,1628
116738087538,116738087534,-4,1435,3754
116738848055,116738848049,-6,917,2788
116739417354,116739417374,20,763,3134
116740096592,116740096591,-1,329,870
116742182746,116742182742,-4,1106,3092
116742876482,116742876485,3,1576,1351
116743569508,116743569511,3,1866,1321
116746432750,116746432745,-5,852,3127
116748938862,116748938857,-5,1041,2006
116752712326,116752712337,11,242,962
116758493717,116758493712,-5,1139,3447
116760705135,116760705133,-2,1305,3148
116767366738,116767366735,-3,1046,3078
116774684801,116774684799,-2,1107,3503
116778088258,116778088262,4,16490,8972
116783694661,116783694654,-7,1062,2845
116786169113,116786169107,-6,1221,3893
116791999075,116791999071,-4,3580,5898
116801064274,116801064268,-6,877,3917
116803820644,116803820638,-6,1278,3055
116805145808,116805145802,-6,1094,2912
116807432133,116807432127,-6,802,2445
116807769214,116807769210,-4,1605,4741
116811083427,116811083421,-6,1921,8927
116814476312,116814476305,-7,1244,3435
116815099519,116815099514,-5,1163,3423
116815746646,116815746642,-4,1433,3989
116816268358,116816268356,-2,1416,2260
116816503578,116816503566,-12,204,1405
116816721428,116816721443,15,681,3496
116819868062,116819868063,1,2316,2046
116820204463,116820204457,-6,1372,5362
116822056056,116822056051,-5,987,3230
116824210185,116824210181,-4,1199,3300
116825702211,116825702205,-6,1013,3576
116826571227,116826571245,18,679,3570
116840424863,116840424859,-4,900,2134
116849400527,116849400521,-6,547,1678
116854512674,116854512670,-4,578,2787
116854985068,116854985084,16,273,891
116856677135,116856677130,-5,815,2376
116859384547,116859384544,-3,812,3187
116862342546,116862342538,-8,947,2446
116865194079,116865194075,-4,764,2346
116865860531,116865860528,-3,896,2045
116876219153,116876219147,-6,975,2131
116882197739,116882197725,-14,372,242
116884664345,116884664339,-6,808,2480
116898758937,116898758929,-8,931,2574
116898992004,116898991985,-19,882,2532
116899085117,116899085113,-4,1082,2684
116900763265,116900763258,-7,626,1492
116901436797,116901436793,-4,1255,4111
116902390977,116902390972,-5,2058,6686
116904012827,116904012826,-1,1422,2020
116905037547,116905037542,-5,1703,2844
116907752883,116907752879,-4,875,1833
116908583535,116908583530,-5,1408,3268
116912654847,116912654843,-4,897,2537
116921828094,116921828090,-4,1154,2735
116922003137,116922003130,-7,1026,3220
116929882414,116929882409,-5,1558,3559
116931617679,116931617673,-6,751,1297
116932413217,116932413229,12,14028,46373
116935096170,116935096171,1,1331,1325
116935132691,116935132685,-6,1538,4126
116935748938,116935748950,12,533,2457
116936063637,116936063630,-7,1000,2835
116939684389,116939684386,-3,961,3327
116943731481,116943731477,-4,1301,3294
116945602195,116945602189,-6,966,2609
116946352673,116946352666,-7,992,2857
116952410941,116952410937,-4,1011,3386
116955945951,116955945948,-3,986,3066
116961254170,116961254166,-4,852,2299
116964466001,116964465996,-5,1523,3752
116964873702,116964873698,-4,1329,3103
116971316604,116971316602,-2,1531,2528
116974373634,116974373629,-5,926,2547
116974812417,116974812410,-7,798,2954
116975083880,116975083902,22,824,2890
116976531198,116976531199,1,1487,1686
116978644254,116978644249,-5,1118,4465
116981688552,116981688550,-2,1836,1628
116983546581,116983546577,-4,683,2893
116983679141,116983679142,1,2232,2443
116985599094,116985599090,-4,1129,2848
116987581209,116987581203,-6,511,2128
116987985710,116987985706,-4,1188,4769
116993754402,116993754398,-4,923,3357
116998711502,116998711497,-5,1045,2488
117000090392,117000090410,18,212,826
117001285563,117001285576,13,1174,4222
117002892294,117002892290,-4,1126,2471
117003048923,117003048922,-1,24860,33473
117003258134,117003258129,-5,1245,3049
117008559123,117008559118,-5,1039,3515
117009003866,117009003874,8,351,1183
117011698297,117011698294,-3,1163,2608
117017068907,117017068902,-5,783,1816
117018408057,117018408053,-4,965,2682
117022890149,117022890145,-4,997,2891
117023053184,117023053178,-6,1161,3615
117028169166,117028169170,4,1885,1860
117029636279,117029636276,-3,1202,2365
117029867264,117029867257,-7,1377,4078
117038109467,117038109461,-6,1289,3550
117038675459,117038675439,-20,776,2283
117039453033,117039453022,-11,669,2448
117045224149,117045224144,-5,1199,3183
117047295351,117047295346,-5,1058,2209
117047518637,117047518634,-3,1131,2305
117048850306,117048850301,-5,254,2057
117050176374,117050176371,-3,983,3501
117053172926,117053172919,-7,2066,9461
117054269265,117054269258,-7,1014,5020
117055873865,117055873869,4,2572,1580
117056394191,117056394187,-4,1031,2873
117056743123,117056743138,15,1244,3356
117060171630,117060171628,-2,1026,2096
117061328191,117061328193,2,1558,1652
117063575134,117063575130,-4,1018,3783
117066316485,117066316478,-7,1223,3420
117066523676,117066523689,13,159,954
117074330658,117074330654,-4,1301,3212
117078117775,117078117770,-5,880,2256
117078916298,117078916293,-5,980,1959
117081330538,117081330534,-4,1088,2671
117087879769,117087879769,0,16601,6483
117090569934,117090569938,4,3228,1578
117090948078,117090948070,-8,770,3168
117094707450,117094707443,-7,636,4371
117097308675,117097308669,-6,32921,12278
117101492800,117101492794,-6,1013,3109
117110119289,117110119285,-4,982,3990
117111411330,117111411333,3,322,1077
117118818157,117118818153,-4,738,3227
117127335777,117127335772,-5,1000,2413
117127650666,117127650661,-5,1638,3350
117129358828,117129358829,1,3205,3543
117132593237,117132593231,-6,1387,3779
117137551385,117137551380,-5,1006,2388
117142146522,117142146535,13,1179,1025
117143006845,117143006841,-4,1149,2685
117143892896,117143892915,19,700,1917
117146679321,117146679307,-14,1933,1242
117150051486,117150051485,-1,1114,2467
117153989808,117153989804,-4,1695,4494
117156608587,117156608582,-5,624,1964
117159477410,117159477404,-6,843,2968
117159563116,117159563134,18,532,1881
117167166263,117167166260,-3,475,2210
117168480929,117168480923,-6,1052,3725
117170298257,117170298253,-4,1233,3514
117175082530,117175082523,-7,687,3099
117180983913,117180983909,-4,930,3180
117181969763,117181969750,-13,1064,2085
117202421188,117202421182,-6,1120,3243
117203589857,117203589864,7,5017,2387
117204865151,117204865145,-6,1231,2369
117204922002,117204922022,20,260,628
117205897979,117205897957,-22,716,1545
117209609407,117209609402,-5,1227,3601
117210298163,117210298158,-5,771,3573
117210931018,117210931014,-4,211,399
117214776437,117214776433,-4,1320,3092
117222615751,117222615745,-6,891,5375
117229314468,117229314462,-6,692,2795
117229701578,117229701576,-2,721,1374
117234643877,117234643871,-6,877,2235
117237209186,117237209182,-4,2842,5441
117240711345,117240711338,-7,922,3285
117243456134,117243456130,-4,1012,2447
117245528834,117245528834,0,1009,1122
117246821555,117246821560,5,1371,1836
117254227317,117254227310,-7,883,2755
117256476130,117256476126,-4,1208,2991
117260214693,117260214696,3,1201,844
117263668938,117263668934,-4,720,3145
117265861654,117265861650,-4,1370,3188
117267280139,117267280135,-4,1123,2178
117268775559,117268775555,-4,1731,2745
117270428257,117270428250,-7,980,3440
117273533430,117273533430,0,1343,1836
117282094400,117282094393,-7,1054,2916
117282573302,117282573298,-4,881,2383
117286714417,117286714412,-5,1238,2437
117292742034,117292742029,-5,1571,2809
117292916073,117292916079,6,7819,2350
117293303661,117293303662,1,2579,2845
117293593615,117293593611,-4,1122,2553
117297882499,117297882496,-3,968,3421
117297938442,117297938459,17,412,1298
117298891147,117298891139,-8,1378,5111
117298926995,117298926990,-5,826,2009
117299942391,117299942389,-2,1136,2031
117304037675,117304037669,-6,938,2326
117308078881,117308078877,-4,1023,3648
117308486826,117308486821,-5,1295,3558
117309187388,117309187385,-3,1301,2323
117312899646,117312899641,-5,885,3093
117315965647,117315965641,-6,1114,6072
117316868498,117316868515,17,305,1320
117317922855,117317922850,-5,1102,3440
117324486615,117324486610,-5,1038,3205
117324876746,117324876741,-5,963,2965
117327887577,117327887572,-5,549,3464
117330509802,117330509796,-6,1222,3986
117330678931,117330678945,14,740,3600
117331814256,117331814252,-4,1148,3884
117332060293,117332060289,-4,1761,3899
117333557627,117333557622,-5,965,2659
117334106818,117334106839,21,377,958
117337431042,117337431036,-6,727,2444
117338272621,117338272616,-5,1280,3223
117338744062,117338744058,-4,880,2331
117339548812,117339548806,-6,1145,3476
117343149373,117343149382,9,6418,1326
117348733574,117348733570,-4,1228,4764
117349244730,117349244726,-4,1010,2779
117352891905,117352891902,-3,987,3440
117354416584,117354416578,-6,803,2891
117358734084,117358734081,-3,1170,2567
117360170162,117360170158,-4,615,2785
117360750980,117360750976,-4,1237,3922
117361727829,117361727826,-3,1070,2278
117362654316,117362654317,1,1800,2144
117362935650,117362935646,-4,961,3945
117363673051,117363673058,7,424,409
117370839986,117370839982,-4,1086,3016
117376617364,117376617359,-5,800,3091
117380433328,117380433326,-2,770,1751
117382523286,117382523281,-5,949,3437
117382773098,117382773117,19,375,664
117382871698,117382871694,-4,1714,3980
117388007717,117388007713,-4,866,1584
117394378637,117394378631,-6,969,2927
117414710863,117414710858,-5,578,2180
117416988293,117416988287,-6,1264,3134
117421575534,117421575528,-6,1060,3038
117422580274,117422580265,-9,853,3526
117425991637,117425991657,20,565,1796
117429875735,117429875730,-5,805,3128
117430162650,117430162668,18,382,2760
117436110902,117436110897,-5,1315,2744
117438157654,117438157655,1,43889,17683
117440788866,117440788862,-4,771,2178
117440874087,117440874081,-6,826,3499
117451903978,117451903974,-4,755,2433
117452057793,117452057809,16,263,1051
117456122362,117456122357,-5,930,3353
117460729878,117460729876,-2,1180,2023
117463589602,117463589597,-5,1023,3391
117463774370,117463774371,1,42418,50858
117465721517,117465721513,-4,993,2480
117467838653,117467838646,-7,1502,3261
117493002306,117493002301,-5,905,3136
117493511654,117493511650,-4,639,2843
117493720043,117493720059,16,264,1214
117498324263,117498324256,-7,1091,2515
117498979799,117498979794,-5,771,2945
117499068741,117499068735,-6,1269,4042
117499691613,117499691609,-4,1108,2274
117502843310,117502843303,-7,728,2879
117502979313,117502979313,0,248,1092
117504597875,117504597870,-5,991,3118
117520769021,117520769014,-7,775,10289
117529681731,117529681728,-3,794,2294
117531777484,117531777498,14,1171,3969
117532352186,117532352178,-8,969,3112
117533639234,117533639232,-2,1777,3523
117536931979,117536931972,-7,1028,3077
117541916593,117541916594,1,3279,3666
117543593885,117543593878,-7,789,2450
117544539990,117544539986,-4,1282,3606
117544611338,117544611342,4,193,892
117547337353,117547337346,-7,979,2560
117547589989,117547589983,-6,981,3248
117547926053,117547926046,-7,985,5205
117548433350,117548433346,-4,1244,4480
117552629856,117552629852,-4,828,3234
117556411919,117556411915,-4,1115,3398
117556623347,117556623341,-6,776,2602
117563586945,117563586941,-4,1024,2537
117568027407,117568027401,-6,1292,4741
117569751777,117569751783,6,1496,826
117577382463,117577382458,-5,2121,7002
117578948450,117578948448,-2,833,2302
117581862511,117581862505,-6,813,3334
117582427005,117582426997,-8,1648,7149
117585756234,117585756229,-5,559,3036
117593454493,117593454487,-6,340,824
117602916725,117602916719,-6,1352,3496
117606359490,117606359486,-4,1000,1933
117607143254,117607143248,-6,1185,3617
117608471647,117608471642,-5,1175,3235
117615097835,117615097835,0,915,1780
117621233028,117621233024,-4,1076,2901
117622787868,117622787861,-7,274,1002
117628427879,117628427872,-7,875,2151
117629480962,117629480957,-5,1011,3698
117634142804,117634142798,-6,543,1383
117637076009,117637076015,6,3586,27544
117639967582,117639967575,-7,1049,4208
117647341121,117647341117,-4,970,3111
117647914698,117647914719,21,208,829
117650755194,117650755188,-6,502,2268
117653748866,117653748863,-3,1399,2872
117661956426,117661956433,7,4802,2211
117665428691,117665428686,-5,1031,2464
117665555865,117665555870,5,178,986
117667351953,117667351951,-2,309,1489
117667747707,117667747703,-4,863,1901
117673103675,117673103670,-5,1238,2703
117675245266,117675245261,-5,1222,3566
117676335510,117676335504,-6,2514,7929
117679751398,117679751386,-12,31853,14754
117680810309,117680810315,6,3136,1277
117682595766,117682595766,0,897,1493
117692450193,117692450189,-4,1297,2531
117695931413,117695931410,-3,929,2004
117698172523,117698172517,-6,1086,3067
117702053829,117702053823,-6,1248,3322
117703983758,117703983755,-3,793,2411
117706491363,117706491350,-13,880,4417
117707601406,117707601404,-2,891,2176
117718000296,117718000294,-2,1480,1127
117719456739,117719456723,-16,179,1473
117723122842,117723122836,-6,1198,4230
117727564670,117727564669,-1,839,1890
117735573358,117735573338,-20,16124,43006
117740624223,117740624219,-4,810,3724
117741271089,117741271102,13,248,1255
117741909931,117741909927,-4,1214,2125
117745376671,117745376665,-6,1150,4241
117749529974,117749529970,-4,936,3910
117750573608,117750573623,15,489,1395
117752592832,117752592832,0,667,1828
117761113916,117761113912,-4,1267,3075
117774863298,117774863294,-4,1179,2864
117774991482,117774991501,19,451,2019
117775402267,117775402261,-6,1098,2906
117778116033,117778116030,-3,1500,4003
117780085246,117780085245,-1,2685,5904
117790760838,117790760840,2,1112,1356
117792261904,117792261898,-6,893,3092
117792740776,117792740772,-4,924,2577
117793778154,117793778149,-5,867,3809
117794350726,117794350739,13,316,694
117794627096,117794627090,-6,1336,4869
117797700944,117797700939,-5,543,1769
117804185194,117804185188,-6,932,4015
117804907667,117804907661,-6,571,1812
117814193318,117814193329,11,153,1141
117816583648,117816583642,-6,977,2829
117816816972,117816816967,-5,1203,4042
117826287682,117826287677,-5,974,2431
117831642140,117831642134,-6,1091,3514
117853799294,117853799289,-5,807,2016
117855479783,117855479778,-5,1174,2416
117860330772,117860330767,-5,963,3070
117863853404,117863853398,-6,933,2987
117866493718,117866493714,-4,984,2902
117867579802,117867579796,-6,1094,3211
117872157310,117872157305,-5,1139,4281
117872829267,117872829262,-5,1011,2636
117883304717,117883304722,5,3668,1914
117885652633,117885652629,-4,970,2959
117886002545,117886002538,-7,1020,3521
117891923085,117891923081,-4,1152,2465
117893834155,117893834150,-5,1231,3096
117895392261,117895392256,-5,856,2416
117900757921,117900757922,1,1447,1101
117901833761,117901833756,-5,1018,3289
117902256186,117902256207,21,116,1051
117909675441,117909675420,-21,632,589
117910488983,117910488978,-5,1078,2615
117910874009,117910874030,21,1095,3657
117911029379,117911029391,12,13445,29164
117911876506,117911876500,-6,892,4706
117913604645,117913604648,3,2500,1986
117913994514,117913994509,-5,1400,5857
117915367131,117915367125,-6,1128,2878
117925403919,117925403913,-6,1623,3470
117927375725,117927375733,8,3869,1308
117927872227,117927872223,-4,1123,3525
117929325035,117929325030,-5,1042,3106
117931811742,117931811739,-3,876,3039
117932410002,117932409993,-9,825,3517
117933049528,117933049526,-2,241,1256
117934171847,117934171843,-4,1239,3299
117937898454,117937898451,-3,1631,3507
117940114425,117940114430,5,3327,1879
117941013150,117941013145,-5,1115,2857
117944562937,117944562933,-4,879,1821
117945079706,117945079711,5,1668,1512
117945231963,117945231959,-4,1019,2310
117946716101,117946716102,1,1273,1405
117951207194,117951207192,-2,1098,2178
117956878871,117956878868,-3,1045,2638
117961188674,117961188668,-6,1252,2864
117961917246,117961917240,-6,1011,3843
117963944157,117963944151,-6,1326,4134
117965949431,117965949427,-4,1169,2880
117970602482,117970602477,-5,895,2507
117972411003,117972411021,18,947,3099
117975993967,117975993961,-6,985,4502
117977107534,117977107554,20,265,1030
117984530002,117984529997,-5,1184,3774
117989507373,117989507361,-12,1388,388
117991674751,117991674747,-4,1317,4147
118004514250,118004514250,0,1002,1874
118005352730,118005352725,-5,1203,4619
118005498865,118005498885,20,220,919
118006403568,118006403564,-4,777,2774
118006839137,118006839130,-7,1269,2725
118012577041,118012577038,-3,713,1998
118013485801,118013485790,-11,645,1978
118025698306,118025698302,-4,1318,2828
118027812348,118027812342,-6,562,2258
118032958994,118032958989,-5,971,3329
118035522676,118035522671,-5,840,1707
118046023710,118046023706,-4,1348,3849
118048685913,118048685908,-5,1201,3185
118050302651,118050302645,-6,1385,5415
118053425431,118053425430,-1,1300,1589
118055411539,118055411534,-5,1165,3183
118063127564,118063127558,-6,779,1879
118063602883,118063602871,-12,220,866
118065570382,118065570375,-7,887,3387
118071962703,118071962698,-5,650,3198
118080717023,118080717020,-3,605,2485
118088074944,118088074945,1,1330,1939
118090358318,118090358314,-4,1156,3514
118092461793,118092461788,-5,953,4059
118092682138,118092682151,13,504,1927
118092943082,118092943078,-4,1099,2298
118093576931,118093576928,-3,946,1821
118095658335,118095658331,-4,898,3353
118099716309,118099716311,2,2142,1853
118100216722,118100216718,-4,947,3080
118100285987,118100285982,-5,1015,1910
118101486540,118101486535,-5,1471,3794
118103252960,118103252978,18,100,664
118104495771,118104495774,3,155,859
118105320474,118105320472,-2,1351,3094
118109859731,118109859728,-3,1120,3047
118109899401,118109899386,-15,314,1399
118112054638,118112054634,-4,1000,2237
118114252406,118114252406,0,694,1493
118115181496,118115181494,-2,1231,2477
118116760944,118116760947,3,8177,5381
118119619222,118119619217,-5,1251,2803
118121309380,118121309386,6,2409,1226
118125372702,118125372698,-4,645,2553
118126751570,118126751565,-5,798,2306
118127033080,118127033074,-6,1074,3102
118130229867,118130229863,-4,962,2844
118133673329,118133673323,-6,1505,3692
118136585943,118136585939,-4,459,1848
118142264473,118142264470,-3,1135,2879
118144451681,118144451686,5,7831,31942
118145409746,118145409743,-3,1073,3040
118146345262,118146345258,-4,1161,3504
118152572235,118152572230,-5,959,2807
118154954813,118154954809,-4,669,1640
118159609209,118159609210,1,3146,2311
118160427233,118160427226,-7,1340,3754
118161623057,118161623063,6,7227,3028
118165199177,118165199173,-4,1061,3084
118166528915,118166528913,-2,1108,3837
118173556506,118173556505,-1,793,1820
118174169911,118174169905,-6,1081,3117
118178349613,118178349621,8,10386,33926
118179963793,118179963789,-4,889,2608
118183541635,118183541630,-5,1335,2764
118185187815,118185187810,-5,1098,3069
118185895020,118185895015,-5,1366,3625
118188807535,118188807529,-6,973,3325
118188867700,118188867717,17,137,1501
118200133667,118200133664,-3,936,2710
118208466950,118208466944,-6,1129,3695
118212019306,118212019298,-8,871,3421
118212544182,118212544177,-5,883,3407
118214947767,118214947764,-3,1005,2689
118217618297,118217618289,-8,987,3957
118225720557,118225720562,5,2271,1201
118229284526,118229284523,-3,1198,2969
118230262472,118230262467,-5,1320,4174
118235041777,118235041772,-5,1270,2946
118240006656,118240006653,-3,1530,2650
118241225566,118241225570,4,1511,935
118245586668,118245586660,-8,923,2178
118248988998,118248988998,0,2051,1541
118249694602,118249694595,-7,1315,3779
118252246527,118252246533,6,5343,3130
118259705019,118259705015,-4,747,2505
118260395714,118260395706,-8,1171,2389
118261709803,118261709802,-1,843,1386
118271590501,118271590495,-6,1407,2742
118271752789,118271752785,-4,792,2720
118274768994,118274768990,-4,968,2696
118276303530,118276303547,17,311,896
118276592745,118276592741,-4,1581,4167
118280919491,118280919486,-5,568,2322
118282861078,118282861072,-6,1170,3541
118291081842,118291081861,19,360,1588
118293640171,118293640166,-5,731,2372
118293733792,118293733782,-10,287,886
118296611947,118296611942,-5,1048,2851
118302476216,118302476217,1,4559,21662
118302829790,118302829785,-5,1367,3201
118312241534,118312241530,-4,667,2166
118321800209,118321800202,-7,1113,3124
118327807498,118327807507,9,531,2340
118330885086,118330885094,8,2547,1196
118336007542,118336007538,-4,909,2917
118336103601,118336103605,4,38928,28678
118342440487,118342440495,8,4211,1478
118343241994,118343241993,-1,798,1850
118351446658,118351446653,-5,911,3125
118352060154,118352060150,-4,1111,3563
118353079089,118353079083,-6,928,2418
118357189693,118357189689,-4,1053,4022
118361330470,118361330465,-5,1133,5197
118366207310,118366207318,8,3054,1426
118366611540,118366611537,-3,1145,2884
118367720183,118367720178,-5,1016,4702
118370531492,118370531490,-2,1313,2340
118374492075,118374492071,-4,1557,3092
118375213893,118375213887,-6,892,4542
118375871965,118375871961,-4,961,2356
118382149910,118382149905,-5,1328,3489
118383040484,118383040468,-16,38823,13765
118386882271,118386882265,-6,1007,2652
118388768941,118388768938,-3,968,2406
118395340226,118395340219,-7,975,3471
118396334520,118396334504,-16,775,3307
118407687249,118407687252,3,26463,35169
118408589391,118408589387,-4,700,2890
118411287391,118411287385,-6,1150,3162
118419054146,118419054143,-3,1505,3681
118421919695,118421919689,-6,853,1743
118425173899,118425173893,-6,1209,4135
118430830063,118430830058,-5,1462,4957
118433230263,118433230258,-5,1158,4243
118434330687,118434330682,-5,947,2637
118441584947,118441584941,-6,1214,3737
118448544478,118448544473,-5,936,2352
118449431635,118449431634,-1,1464,1618
118455408405,118455408400,-5,1664,3566
118459820099,118459820097,-2,719,2394
118460092284,118460092294,10,472,1945
118462865581,118462865579,-2,768,2437
118463629215,118463629209,-6,1139,3387
118466356799,118466356797,-2,856,1866
118466762184,118466762178,-6,1364,2454
118466893345,118466893361,16,716,2777
118472280894,118472280887,-7,1180,3300
118475322598,118475322591,-7,1199,5278
118478708294,118478708291,-3,1287,2352
118482714566,118482714563,-3,1154,2845
118483254972,118483254979,7,348,1532
118484966016,118484966024,8,1929,1360
118492955826,118492955821,-5,1280,3744
118493144442,118493144427,-15,234,721
118494537354,118494537354,0,1242,1475
118495058450,118495058446,-4,923,2882
118499438686,118499438686,0,3126,5166
118502953823,118502953820,-3,1068,2412
118504205117,118504205112,-5,910,2921
118504359891,118504359879,-12,214,898
118512394623,118512394618,-5,912,2789
118517937922,118517937918,-4,1438,3146
118526008035,118526008031,-4,759,2330
118526511529,118526511522,-7,1089,2932
118526995202,118526995218,16,625,3053
118534004327,118534004320,-7,1359,3156
118540177657,118540177652,-5,1386,3808
118542311406,118542311402,-4,1032,3310
118545743692,118545743689,-3,758,3355
118545880194,118545880190,-4,881,3500
118553501087,118553501083,-4,684,2194
118555304046,118555304042,-4,1401,3929
118567172398,118567172397,-1,754,2047
118573815914,118573815908,-6,861,1577
118574098899,118574098902,3,234,710
118574276666,118574276678,12,293,989
118576414941,118576414935,-6,1351,3197
118595876843,118595876837,-6,1426,3530
118600930382,118600930379,-3,1009,2027
118601710922,118601710921,-1,871,2417
118601892626,118601892638,12,244,987
118605748162,118605748158,-4,1215,3051
118610740854,118610740850,-4,1107,2145
118612166583,118612166576,-7,720,3770
118618729190,118618729185,-5,950,2412
118640995729,118640995724,-5,1122,2756
118642223483,118642223477,-6,1321,3462
118651550299,118651550294,-5,1207,2521
118653234167,118653234162,-5,1258,3290
118658203358,118658203366,8,6839,2004
118660619518,118660619514,-4,950,2953
118660969170,118660969149,-21,1060,3305
118662006206,118662006203,-3,1102,2252
118663992009,118663992010,1,2060,1587
118666309796,118666309793,-3,1126,3555
118669258118,118669258123,5,5344,19202
118669346718,118669346713,-5,862,2581
118673031210,118673031212,2,4145,3268
118673651421,118673651413,-8,750,2773
118673908315,118673908311,-4,812,2052
118683942094,118683942090,-4,1147,2747
118693719146,118693719144,-2,1105,2566
118694229313,118694229304,-9,1269,1807
118694924474,118694924468,-6,985,3697
118699277902,118699277897,-5,1120,3550
118701527324,118701527317,-7,949,3184
118701697506,118701697525,19,920,2992
118703487962,118703487957,-5,836,2671
118709380897,118709380892,-5,890,3353
118709575700,118709575699,-1,1072,2057
118709987227,118709987243,16,358,1096
118714616240,118714616234,-6,2006,9637
118718611782,118718611779,-3,918,2048
118719671687,118719671681,-6,955,3201
118721644422,118721644417,-5,1123,2144
118725586306,118725586311,5,2148,1491
118735741962,118735741957,-5,1030,2786
118738625604,118738625598,-6,931,2845
118739438803,118739438798,-5,1225,3695
118740212218,118740212214,-4,1056,2210
118740960566,118740960559,-7,859,2581
118741692698,118741692693,-5,914,3051
118744383498,118744383493,-5,1316,4261
118745423678,118745423673,-5,592,1626
118746688995,118746688992,-3,1224,2645
118756445374,118756445369,-5,680,2833
118757363115,118757363119,4,69,612
118759661186,118759661182,-4,1435,3941
118760253614,118760253612,-2,987,2590
118769047114,118769047106,-8,1310,4312
118771301840,118771301835,-5,1620,4060
118772764466,118772764463,-3,587,2429
118773692954,118773692974,20,745,2079
118781025076,118781025070,-6,1035,3513
118783572794,118783572791,-3,896,3248
118784250939,118784250935,-4,1350,2591
118792215033,118792215030,-3,882,3241
118794247552,118794247563,11,19378,26804
118802931846,118802931842,-4,806,3114
118809965518,118809965511,-7,1436,4278
118810175783,118810175778,-5,1407,4588
118811203242,118811203229,-13,972,3541
118821232230,118821232227,-3,1138,2278
118822295305,118822295292,-13,150,1138
118823906871,118823906865,-6,958,3875
118828606757,118828606750,-7,1348,4151
118831860147,118831860142,-5,980,1844
118838307539,118838307537,-2,632,2259
118839183298,118839183291,-7,991,3099
118839453659,118839453642,-17,820,2994
118845072891,118845072886,-5,840,2400
118846075023,118846075021,-2,896,2105
118855734710,118855734705,-5,943,3056
118859808710,118859808705,-5,1102,4042
118860325928,118860325944,16,1065,3166
118864415901,118864415897,-4,1102,3298
118864445637,118864445632,-5,1084,5163
118873891693,118873891698,5,1657,989
118880185843,118880185835,-8,789,2931
118880223305,118880223287,-18,698,2631
118883077194,118883077189,-5,1305,3701
118884719075,118884719072,-3,1056,1640
118894431066,118894431061,-5,809,3089
118897730279,118897730273,-6,960,3170
118898580214,118898580210,-4,1625,2828
118899839703,118899839697,-6,851,2660
118900167131,118900167134,3,49,896
118905832998,118905832993,-5,1028,2574
118914762255,118914762253,-2,755,3160
118916186662,118916186657,-5,1437,3573
118920482244,118920482240,-4,1076,3597
118920740507,118920740493,-14,1321,2880
118920908539,118920908534,-5,834,2919
118943356406,118943356403,-3,1245,4973
