fTNear,fTFar,fDelT,fQNear,fQFar
450654,450650,-4,1153,1953
4465135,4465149,14,817,1717
14794749,14794745,-4,1137,1861
16386705,16386705,0,1117,1774
24603045,24603060,15,501,1123
25263197,25263193,-4,1262,1900
33484742,33484742,0,626,2134
39274238,39274244,6,5166,1922
44144047,44144047,0,1335,2424
44406530,44406526,-4,737,1455
44762735,44762733,-2,1159,1835
50931198,50931195,-3,1225,2286
53347501,53347505,4,2418,2160
54108229,54108223,-6,701,2843
54775433,54775430,-3,1319,2673
55750733,55750729,-4,1181,2393
58670981,58670980,-1,1060,1468
58733358,58733357,-1,2025,2962
62168395,62168394,-1,1373,3200
65775291,65775290,-1,1716,2223
66049173,66049171,-2,1428,2407
66757039,66757035,-4,875,2055
70062431,70062426,-5,1450,2484
71498349,71498347,-2,1489,1884
77425698,77425697,-1,988,1946
78289897,78289897,0,1054,1509
80807346,80807345,-1,1571,3362
86457748,86457746,-2,1809,2971
92292459,92292459,0,1030,2199
94268494,94268492,-2,979,2838
94802005,94802002,-3,1079,1822
97549485,97549485,0,1160,1932
104187181,104187179,-2,1017,2566
108256111,108256119,8,3249,1144
109325608,109325606,-2,934,2470
111904235,111904235,0,867,1741
111961904,111961920,16,977,3076
113455685,113455681,-4,1171,3471
113625438,113625457,19,771,1664
114847756,114847751,-5,842,2142
115544534,115544530,-4,764,2246
116657928,116657925,-3,1067,2664
120702177,120702174,-3,1198,2099
122700249,122700266,17,579,2955
124477450,124477449,-1,904,1356
131106825,131106820,-5,1257,3272
136694479,136694478,-1,952,1965
141914048,141914045,-3,888,1916
142987082,142987080,-2,1144,2145
143502095,143502091,-4,1354,3814
149697565,149697562,-3,1075,2329
151715629,151715627,-2,1067,1547
153741159,153741157,-2,1082,2064
157294790,157294796,6,3884,1616
159636874,159636872,-2,979,2707
160739318,160739314,-4,1375,2190
164412300,164412296,-4,1099,2486
171886246,171886242,-4,1191,2655
172141007,172141005,-2,1204,2501
172700280,172700298,18,166,1009
176630318,176630314,-4,763,2411
179731849,179731845,-4,912,1939
181483981,181483987,6,1481,1520
182574396,182574395,-1,1584,2136
182879103,182879099,-4,797,2385
183256474,183256472,-2,1126,2621
183883868,183883866,-2,1177,2576
188686729,188686726,-3,1331,2566
189714915,189714914,-1,1229,1974
190799384,190799378,-6,1267,2500
199854611,199854609,-2,926,2610
204513786,204513784,-2,1457,1876
208129180,208129178,-2,1109,2245
208331482,208331478,-4,492,1455
209474911,209474912,1,1387,2166
209620287,209620286,-1,1107,2121
212485846,212485845,-1,913,2122
213376540,213376539,-1,819,1343
213407236,213407222,-14,873,2568
217277950,217277949,-1,1149,1807
223312032,223312031,-1,1227,1566
226094609,226094610,1,946,1236
234989386,234989385,-1,1119,1889
238063694,238063692,-2,1280,2409
238212228,238212219,-9,1101,3283
242785860,242785860,0,1006,2545
247495730,247495726,-4,402,845
249873437,249873434,-3,998,1856
250081119,250081117,-2,518,1183
257398596,257398594,-2,1232,2536
260261621,260261617,-4,871,1714
262136927,262136924,-3,1794,2218
262268338,262268346,8,3695,1397
270140163,270140160,-3,1513,2593
272089627,272089626,-1,1540,1992
277606705,277606698,-7,1110,4948
277941962,277941963,1,1459,1885
280997600,280997598,-2,710,1622
281592484,281592507,23,1220,2346
284757337,284757334,-3,1244,2531
297435142,297435146,4,2724,1233
297712018,297712017,-1,1189,2058
301873863,301873861,-2,1234,2490
304758126,304758122,-4,898,2310
305422417,305422414,-3,1282,1961
307409734,307409730,-4,730,1798
314478547,314478542,-5,304,2040
315165094,315165091,-3,1069,1932
317072477,317072469,-8,1087,4530
317653219,317653215,-4,1038,1965
320751854,320751851,-3,1450,2343
322780800,322780795,-5,1132,2401
322810987,322810992,5,1537,1296
323171515,323171512,-3,965,1085
329509846,329509844,-2,1266,2707
330987033,330987027,-6,735,2314
331569621,331569619,-2,1057,2379
336380587,336380583,-4,947,2886
337144776,337144775,-1,889,1316
337516940,337516927,-13,74,525
339175483,339175489,6,1969,1156
346188883,346188881,-2,1068,2529
347688255,347688249,-6,1006,2137
347797674,347797672,-2,1004,1316
351246754,351246752,-2,944,1161
352343403,352343402,-1,1912,2365
355150202,355150200,-2,894,1915
356009894,356009893,-1,980,1181
361592869,361592869,0,1033,2107
366494787,366494805,18,1950,1647
367925238,367925237,-1,1727,2604
368165283,368165280,-3,969,1521
368976789,368976785,-4,1413,2940
369191779,369191775,-4,855,3033
371184556,371184553,-3,641,1815
371568240,371568239,-1,1069,1630
378447177,378447174,-3,1111,3115
381029702,381029701,-1,914,1946
385924117,385924114,-3,845,2038
387380198,387380195,-3,1020,1700
389119696,389119694,-2,991,1597
390544114,390544117,3,1361,1012
399923065,399923062,-3,1317,2702
400159154,400159149,-5,1038,1871
401260152,401260167,15,2945,42168
406518272,406518271,-1,1632,3033
406880360,406880377,17,828,2075
410215295,410215297,2,7963,18017
411578006,411578003,-3,1258,2675
415503837,415503833,-4,1238,2614
417811613,417811609,-4,893,2732
424814607,424814607,0,1532,1749
429657168,429657165,-3,1124,2064
431699259,431699257,-2,1142,1923
432538726,432538724,-2,1773,3196
432657134,432657132,-2,1383,2423
436319201,436319203,2,1718,1461
438497159,438497158,-1,1227,1910
439732287,439732287,0,1243,2018
439866230,439866249,19,307,700
441376237,441376234,-3,1258,3547
441711842,441711840,-2,1689,1582
443322965,443322962,-3,1191,1671
445740378,445740375,-3,950,2045
446565433,446565430,-3,1183,1864
448272268,448272265,-3,1272,3127
448395335,448395331,-4,1157,2593
448801939,448801936,-3,1090,1832
453288307,453288305,-2,1094,1972
454165819,454165818,-1,1113,1137
455605722,455605719,-3,1462,3156
456024449,456024446,-3,1273,2745
457572538,457572538,0,1034,2510
458800774,458800786,12,14280,46145
459837719,459837717,-2,948,2449
461073054,461073052,-2,1103,1833
461823188,461823182,-6,1321,2927
468151398,468151394,-4,944,1291
469467563,469467561,-2,878,2004
473456059,473456057,-2,1542,2820
473796486,473796486,0,1111,2140
484155245,484155242,-3,590,1748
484918899,484918897,-2,1109,1736
486758179,486758175,-4,1096,2286
486788282,486788283,1,1775,2283
488312909,488312906,-3,1229,2484
489480974,489480970,-4,1203,1618
493075178,493075179,1,869,1816
493498679,493498678,-1,1119,1728
495768435,495768436,1,1454,2057
496035023,496035021,-2,1462,2489
502422425,502422421,-4,1212,2185
504526024,504526019,-5,1086,2218
505971035,505971033,-2,1032,2602
507397202,507397197,-5,904,2526
507959832,507959830,-2,1277,2320
509635934,509635932,-2,826,2229
510363822,510363820,-2,1469,2267
512471593,512471591,-2,1443,2822
513425223,513425219,-4,689,1821
514841289,514841286,-3,1396,3315
515516287,515516280,-7,926,1845
518239849,518239846,-3,1535,2365
519224437,519224430,-7,1556,2212
519516859,519516857,-2,1097,1939
525424065,525424061,-4,1367,2801
536232618,536232627,9,1601,1612
536480009,536480005,-4,1268,3084
537126447,537126446,-1,738,1949
546653005,546653001,-4,1432,3601
547399525,547399545,20,258,1237
549207698,549207695,-3,979,2065
551530809,551530806,-3,939,2322
555417294,555417298,4,2403,1725
557328202,557328201,-1,1031,2135
560893811,560893810,-1,937,1995
566356518,566356515,-3,1551,2265
569227059,569227063,4,2186,1323
569960537,569960541,4,1503,1177
575525354,575525351,-3,1173,2241
581380471,581380468,-3,1177,2554
581431709,581431731,22,425,1171
583619701,583619698,-3,1258,1944
585486717,585486715,-2,973,1947
587839345,587839350,5,56569,33884
589260050,589260049,-1,1850,3491
593487521,593487519,-2,800,2193
593898402,593898398,-4,900,3243
594679816,594679835,19,320,1067
598860114,598860096,-18,635,245
601238120,601238117,-3,1371,3343
602623005,602623010,5,1846,1811
604954202,604954201,-1,1383,1954
607496315,607496313,-2,1527,2021
609822690,609822687,-3,1249,3386
610606214,610606210,-4,800,1219
617474242,617474241,-1,419,1423
619051845,619051842,-3,1424,2966
619258084,619258082,-2,1043,1717
620298423,620298422,-1,994,2662
623019558,623019555,-3,1348,3269
623665306,623665306,0,1035,1448
625394777,625394781,4,2559,1886
630907026,630907023,-3,1367,1947
637991878,637991875,-3,1209,1874
640042741,640042737,-4,905,2996
641155616,641155617,1,1728,1729
642598853,642598850,-3,669,1211
643189247,643189245,-2,1028,2119
643609858,643609855,-3,1258,1865
645726233,645726230,-3,1337,2737
648965041,648965044,3,1862,1820
656110208,656110205,-3,893,2410
656963303,656963301,-2,1179,2382
660664485,660664482,-3,1862,3655
664664362,664664361,-1,1338,2376
665710258,665710254,-4,935,1844
670075736,670075734,-2,1057,1558
671571289,671571289,0,17502,20349
674494291,674494289,-2,1279,1618
677147655,677147663,8,5611,30533
679062707,679062708,1,1400,1759
685124122,685124119,-3,895,2062
686007554,686007551,-3,1096,3296
690843534,690843532,-2,1466,2622
692596113,692596110,-3,905,2288
692870359,692870353,-6,906,2658
694200078,694200095,17,502,1491
696623428,696623434,6,4623,957
697756466,697756465,-1,1001,2173
705382887,705382883,-4,1168,2241
708021518,708021496,-22,1287,2202
709988504,709988501,-3,1096,2216
711155916,711155910,-6,21458,18553
711780535,711780533,-2,960,2410
715929022,715929015,-7,1718,5957
717274920,717274916,-4,1117,1941
723319994,723319993,-1,1285,2427
723601246,723601243,-3,905,2042
724467225,724467221,-4,27199,15149
731236439,731236425,-14,1940,1140
733529378,733529375,-3,1036,1834
736614834,736614830,-4,1330,2155
740587526,740587525,-1,798,1424
742338771,742338769,-2,1111,1650
749336319,749336318,-1,1516,1953
751040722,751040721,-1,1053,1507
751383318,751383305,-13,1025,1983
752019120,752019115,-5,1307,3457
757406957,757406952,-5,1835,11437
759403237,759403236,-1,1121,2508
759807333,759807329,-4,946,1944
760918686,760918681,-5,1242,2266
763423245,763423249,4,3760,1688
764881892,764881890,-2,1166,1257
769737879,769737869,-10,37360,14611
774165183,774165182,-1,920,2386
774243676,774243674,-2,862,1760
776056674,776056672,-2,961,2132
779731074,779731079,5,1872,1184
779982502,779982498,-4,965,2394
781062765,781062785,20,1359,1890
781988222,781988221,-1,1491,1799
782266134,782266133,-1,1505,2131
783304741,783304738,-3,1339,2112
784294722,784294718,-4,996,1973
785156922,785156921,-1,1225,2037
785401501,785401520,19,905,1713
789437472,789437480,8,3151,1189
789865851,789865847,-4,1344,2367
794144707,794144705,-2,897,1803
798637985,798637986,1,1259,2231
802134229,802134227,-2,1695,2011
807237777,807237778,1,1223,1448
808579846,808579842,-4,940,2131
809213154,809213150,-4,1353,3034
812071736,812071738,2,1375,1746
812991855,812991854,-1,1484,1983
818075251,818075250,-1,1265,1790
823742452,823742449,-3,1142,2090
826406450,826406456,6,70769,35895
826917779,826917776,-3,968,2052
828977558,828977557,-1,1001,2633
832076583,832076578,-5,1181,3539
835334187,835334186,-1,1319,2310
835499110,835499109,-1,1613,1909
836908013,836908012,-1,1232,2044
845654381,845654379,-2,1214,1356
846487354,846487351,-3,1122,2765
852871902,852871898,-4,856,2037
852973863,852973862,-1,1350,2795
856211991,856211988,-3,890,2138
858479088,858479082,-6,2018,5680
859767186,859767181,-5,1198,3369
863290107,863290105,-2,1447,1989
864910142,864910158,16,610,1438
867529823,867529821,-2,1028,2548
869100700,869100697,-3,746,1899
871376703,871376699,-4,1104,2760
872981297,872981294,-3,1286,2835
874369539,874369537,-2,1014,1993
875563607,875563605,-2,7049,12488
880259914,880259914,0,972,1438
881030022,881030019,-3,1170,2714
881135263,881135249,-14,771,2628
882899085,882899081,-4,1054,2880
888161691,888161689,-2,941,2172
890181603,890181602,-1,1700,3129
891754055,891754054,-1,1010,1253
894027147,894027147,0,1326,1813
894793746,894793746,0,1256,2435
895396655,895396654,-1,677,1857
896238554,896238554,0,1235,2112
898207728,898207742,14,219,721
900866394,900866398,4,2082,1847
901513362,901513361,-1,2013,3150
904896838,904896858,20,1435,2192
906176001,906175997,-4,1044,2535
906885180,906885178,-2,1523,2041
908268458,908268454,-4,1226,2234
916858358,916858354,-4,1059,2429
921930321,921930318,-3,637,2369
925134252,925134249,-3,1044,2041
927648456,927648453,-3,1075,1923
928286067,928286066,-1,1038,1681
929628476,929628470,-6,753,2184
931800032,931800031,-1,1091,1672
933463654,933463661,7,2617,1552
936292386,936292388,2,2734,1957
938768070,938768070,0,1012,1667
939420055,939420051,-4,1242,1308
939476774,939476775,1,1229,1053
943977740,943977739,-1,1323,2012
944278857,944278851,-6,620,3377
945006853,945006849,-4,799,1819
945438953,945438949,-4,1515,1888
948480964,948480962,-2,565,1894
948657149,948657128,-21,652,2766
950487269,950487254,-15,865,2437
950716799,950716796,-3,1212,1627
955969859,955969857,-2,881,1232
957041749,957041747,-2,1198,2319
958966724,958966719,-5,2702,6547
959964494,959964491,-3,937,3339
960208194,960208190,-4,1376,2404
961329649,961329646,-3,1039,2313
962786406,962786406,0,1305,1343
967817733,967817730,-3,1242,3273
981851581,981851580,-1,1029,2208
982337562,982337560,-2,1251,2094
984991338,984991335,-3,1070,2959
985286497,985286502,5,4073,2149
985955927,985955927,0,1272,1794
997949114,997949112,-2,985,1670
998678331,998678332,1,979,1682
999760601,999760598,-3,1013,2864
1000512615,1000512622,7,3118,1209
1001407556,1001407552,-4,871,2509
1005099706,1005099720,14,12700,52370
1007431996,1007431995,-1,1333,1793
1012795849,1012795846,-3,908,1496
1013414833,1013414830,-3,1248,3254
1016206087,1016206086,-1,1095,1945
1016260497,1016260493,-4,1023,2148
1017814564,1017814587,23,1373,2587
1022103454,1022103447,-7,1176,3662
1023541147,1023541143,-4,829,2385
1024583958,1024583954,-4,864,2630
1027683270,1027683269,-1,1231,2350
1030795062,1030795058,-4,881,1481
1033424923,1033424900,-23,1309,3510
1034421139,1034421137,-2,1292,1980
1035274266,1035274262,-4,1740,2823
1038198865,1038198862,-3,1562,2116
1041686023,1041686018,-5,1957,4705
1047714407,1047714406,-1,1193,1992
1047866354,1047866352,-2,1112,2026
1048157782,1048157778,-4,990,2228
1048828605,1048828602,-3,328,788
1053663523,1053663517,-6,1332,3975
1063822542,1063822547,5,1807,1413
1067821594,1067821590,-4,899,2435
1070761744,1070761744,0,1149,2320
1071338098,1071338094,-4,1376,2004
1071971994,1071971993,-1,1597,3085
1072768433,1072768429,-4,587,1962
1075826943,1075826939,-4,1882,2719
1076259376,1076259374,-2,909,1760
1080452231,1080452229,-2,853,1629
1082738052,1082738066,14,2951,1571
1087558875,1087558872,-3,1550,3319
1088661654,1088661651,-3,1274,2679
1093051697,1093051694,-3,1096,2369
1094406182,1094406202,20,1117,2328
1094435937,1094435932,-5,708,2460
1094831980,1094831978,-2,1176,2106
1097550415,1097550413,-2,1572,2053
1097837644,1097837642,-2,948,1918
1100742029,1100742029,0,1139,1946
1106594885,1106594882,-3,1376,2660
1107968642,1107968643,1,1175,2131
1108044738,1108044736,-2,868,2830
1108482278,1108482277,-1,829,1732
1108543470,1108543470,0,588,1669
1113109337,1113109336,-1,677,1359
1115889858,1115889857,-1,1076,1709
1121005123,1121005126,3,3407,2846
1124069930,1124069931,1,1364,2137
1126720575,1126720575,0,1121,1513
1131935674,1131935670,-4,643,1831
1132614499,1132614498,-1,1254,2080
1133121357,1133121355,-2,1188,2468
1134551409,1134551407,-2,1203,1642
1139589375,1139589374,-1,1457,2803
1141809672,1141809671,-1,3105,3798
1148021565,1148021563,-2,1149,2461
1148710004,1148710022,18,889,3212
1149390654,1149390654,0,1047,1581
1149489460,1149489459,-1,1409,1995
1150147551,1150147556,5,1737,1064
1158345223,1158345219,-4,863,3015
1159772622,1159772619,-3,1283,2592
1159919333,1159919352,19,791,2153
1160546324,1160546323,-1,1156,2094
1162571519,1162571517,-2,842,1777
1163720181,1163720202,21,758,2584
1165391195,1165391199,4,2998,1364
1166850046,1166850045,-1,1307,2790
1166961595,1166961593,-2,1337,2357
1170913155,1170913153,-2,1307,1651
1173061155,1173061154,-1,1371,1816
1173885919,1173885917,-2,474,1130
1175376510,1175376508,-2,981,2262
1175942797,1175942794,-3,1069,1652
1176224667,1176224667,0,1136,1459
1176789022,1176789024,2,432,1101
1178226998,1178226994,-4,1084,2315
1181156376,1181156374,-2,804,1833
1182850167,1182850166,-1,1251,2593
1184951330,1184951329,-1,1107,2300
1186173603,1186173601,-2,1205,2461
1190625707,1190625704,-3,1391,2973
1193780786,1193780785,-1,2411,3749
1194400979,1194400974,-5,607,988
1197498044,1197498042,-2,1006,2170
1200406923,1200406916,-7,990,2395
1202832750,1202832746,-4,1150,2305
1203059427,1203059425,-2,948,1688
1206252391,1206252389,-2,940,2259
1209344550,1209344547,-3,1038,1848
1211646827,1211646825,-2,1519,1500
1213987408,1213987406,-2,1165,2584
1219509435,1219509434,-1,833,2038
1222952238,1222952237,-1,789,2411
1224306438,1224306432,-6,1015,2886
1225908991,1225908989,-2,740,1467
1226442630,1226442622,-8,1085,2863
1227186127,1227186143,16,1302,1708
1237113169,1237113165,-4,1011,2076
1238829454,1238829450,-4,1139,2311
1244845578,1244845575,-3,871,1623
1248326037,1248326034,-3,770,1672
1249423389,1249423385,-4,1009,2214
1253699869,1253699868,-1,860,1545
1259135762,1259135761,-1,918,2012
1259386213,1259386211,-2,1245,2278
1264250144,1264250141,-3,1381,1455
1265357454,1265357451,-3,1173,1794
1268758479,1268758477,-2,1155,2678
1269645990,1269645989,-1,1143,2694
1275037084,1275037086,2,2094,1877
1277211831,1277211827,-4,766,1559
1277502099,1277502097,-2,1438,2680
1279249811,1279249811,0,1242,2480
1284589529,1284589521,-8,1972,8548
1288981891,1288981891,0,1821,1421
1289844622,1289844621,-1,30236,18666
1295549685,1295549683,-2,1378,1680
1306047969,1306047974,5,1794,1142
1306322240,1306322237,-3,1322,2981
1306531503,1306531498,-5,708,1688
1306833348,1306833366,18,422,974
1308416535,1308416533,-2,689,2039
1309067746,1309067750,4,1399,1253
1309522122,1309522120,-2,1201,1582
1311005210,1311005208,-2,735,1809
1319414458,1319414447,-11,5393,18831
1320081315,1320081311,-4,800,1775
1321059719,1321059718,-1,1221,1622
1321191949,1321191945,-4,1432,3564
1330412020,1330412017,-3,1406,2689
1330879241,1330879241,0,764,1266
1333600069,1333600065,-4,654,1341
1335827286,1335827292,6,11822,35152
1339018999,1339018998,-1,1165,2037
1340855390,1340855382,-8,1037,3114
1342296774,1342296770,-4,1106,2521
1350160745,1350160741,-4,1359,2999
1354206947,1354206945,-2,1359,3116
1360408582,1360408578,-4,1465,2779
1364578567,1364578566,-1,1146,2247
1364985487,1364985475,-12,286,719
1368751253,1368751247,-6,688,4033
1368803027,1368803029,2,1879,2291
1370515603,1370515601,-2,1831,1697
1372039891,1372039889,-2,941,2229
1372345473,1372345470,-3,1805,3304
1374043550,1374043547,-3,788,2130
1374505030,1374505029,-1,677,1450
1379766862,1379766859,-3,1085,1982
1383516188,1383516186,-2,1595,2674
1385264683,1385264680,-3,1361,2763
1386148649,1386148647,-2,1189,2672
1387347103,1387347097,-6,1644,3519
1389927434,1389927433,-1,1068,2425
1390709286,1390709285,-1,1012,1628
1391829282,1391829281,-1,1602,1956
1393724165,1393724170,5,2174,1191
1395524986,1395524982,-4,1094,2462
1398623833,1398623830,-3,3087,4587
1399076962,1399076962,0,939,2174
1400540720,1400540717,-3,1195,2292
1401517827,1401517824,-3,913,2525
1406242069,1406242070,1,1524,1250
1407267614,1407267618,4,2191,1664
1413537663,1413537663,0,1319,1891
1413966932,1413966929,-3,1467,2741
1415981470,1415981482,12,198,2975
1422956275,1422956273,-2,1114,1674
1423896972,1423896968,-4,1523,3007
1425279906,1425279906,0,1281,2967
1427547050,1427547050,0,1063,1661
1441044293,1441044289,-4,1500,2761
1443534661,1443534661,0,1228,1988
1443838240,1443838255,15,1292,2594
1444749761,1444749762,1,1497,1377
1450592367,1450592364,-3,627,1083
1451632070,1451632070,0,1135,2439
1467231441,1467231439,-2,1321,2368
1473071731,1473071722,-9,950,4236
1474803444,1474803443,-1,1210,2610
1475546538,1475546537,-1,1297,2785
1494607354,1494607352,-2,1209,2221
1494968635,1494968633,-2,664,1384
1498248681,1498248682,1,1630,1638
1507174279,1507174278,-1,1331,1775
1514033783,1514033787,4,1410,1195
1515861755,1515861754,-1,997,2340
1519756955,1519756953,-2,1097,2964
1526975349,1526975346,-3,1799,2930
1527801629,1527801630,1,1301,1515
1535201634,1535201640,6,52319,26763
1535424626,1535424623,-3,1194,2804
1538527034,1538527033,-1,1433,2645
1542847862,1542847858,-4,1238,2905
1543477858,1543477858,0,794,1374
1548845954,1548845952,-2,1015,2889
1549674146,1549674144,-2,791,2311
1552123373,1552123391,18,965,2538
1552426390,1552426385,-5,1986,4518
1552850467,1552850464,-3,1007,2567
1561984522,1561984522,0,925,1394
1563719016,1563719013,-3,885,1613
1564119182,1564119180,-2,1157,2416
1564697731,1564697729,-2,783,2147
1567247199,1567247197,-2,1466,2580
1567625847,1567625829,-18,1167,2394
1575275042,1575275040,-2,913,2329
1575576453,1575576473,20,121,855
1576226286,1576226281,-5,938,3104
1579176981,1579176981,0,1342,1127
1579521310,1579521308,-2,1060,2746
1583991986,1583991980,-6,1411,4472
1587371290,1587371288,-2,652,903
1587923181,1587923178,-3,1213,2443
1588844123,1588844121,-2,1404,2772
1594384203,1594384200,-3,1264,3062
1595079411,1595079410,-1,1195,1963
1599819046,1599819046,0,1034,1867
1599998111,1599998130,19,848,1267
1602885333,1602885338,5,2652,1829
1603022059,1603022060,1,976,292
1606258681,1606258678,-3,1378,2963
1606604794,1606604790,-4,1080,2006
1609784099,1609784098,-1,1085,1533
1610879886,1610879882,-4,1024,1478
1613490750,1613490749,-1,1170,2090
1614287666,1614287665,-1,1233,2405
1618162842,1618162838,-4,1396,2382
1620639106,1620639103,-3,1199,2381
1622051570,1622051585,15,39184,12750
1622652542,1622652541,-1,687,1922
1624014246,1624014245,-1,1049,2990
1624115982,1624115966,-16,805,1762
1624746871,1624746869,-2,1047,2045
1630729946,1630729944,-2,1187,3211
1632988624,1632988621,-3,957,1675
1638544070,1638544068,-2,1427,1987
1639085523,1639085523,0,1388,1839
1641330805,1641330801,-4,4687,11524
1643819182,1643819178,-4,1163,2276
1644133412,1644133393,-19,1215,2137
1645967067,1645967066,-1,1052,1434
1649543206,1649543206,0,1295,1419
1652286322,1652286322,0,1146,2092
1655814721,1655814718,-3,1439,2179
1660599648,1660599651,3,2586,2669
1670629826,1670629825,-1,1021,1677
1670862502,1670862488,-14,263,1344
1673549689,1673549682,-7,1995,6773
1677647430,1677647434,4,1601,1694
1678651820,1678651817,-3,1392,2059
1679163635,1679163632,-3,1402,2212
1679992827,1679992830,3,1834,1555
1683643951,1683643949,-2,1063,2497
1687655525,1687655522,-3,1007,2374
1688070327,1688070322,-5,1496,1956
1691819162,1691819162,0,1306,1742
1698143606,1698143606,0,2015,2344
1699622886,1699622886,0,1579,1891
1703219215,1703219213,-2,1188,2406
1704113162,1704113158,-4,1485,1922
1705046954,1705046949,-5,28303,56001
1708684930,1708684930,0,1023,1907
1710513704,1710513703,-1,1354,1610
1711217697,1711217703,6,40476,19912
1711762820,1711762818,-2,567,1525
1719576290,1719576286,-4,1101,2464
1720355898,1720355897,-1,1369,2824
1727210977,1727210981,4,18598,12093
1728083711,1728083706,-5,1119,4207
1729747705,1729747702,-3,927,2333
1730116389,1730116387,-2,1693,2439
1736513322,1736513319,-3,1612,2168
1736970838,1736970837,-1,1100,1306
1737112547,1737112545,-2,1451,1706
1741307697,1741307698,1,1192,1674
1744097816,1744097813,-3,1169,1792
1745114199,1745114195,-4,798,1413
1746539190,1746539187,-3,1048,2388
1749267244,1749267241,-3,1453,2222
1757030646,1757030643,-3,1935,2276
1762613051,1762613050,-1,934,1554
1763165639,1763165635,-4,593,1460
1764230735,1764230732,-3,1224,2513
1769467362,1769467358,-4,1217,2450
1772771759,1772771757,-2,844,1742
1778765722,1778765722,0,1397,1936
1784280098,1784280095,-3,949,2177
1784829738,1784829734,-4,1208,1584
1785926079,1785926077,-2,1146,2481
1786189378,1786189377,-1,1057,3002
1791148932,1791148934,2,16500,14100
1791690133,1791690128,-5,1073,1973
1793526703,1793526700,-3,1087,2302
1795428889,1795428889,0,1281,2021
1796910522,1796910519,-3,1398,3079
1797932276,1797932274,-2,1453,2070
1800904638,1800904634,-4,1446,2621
1801832008,1801832006,-2,1139,1955
1802385086,1802385064,-22,747,1879
1803305871,1803305873,2,1758,1806
1805149370,1805149368,-2,1257,2550
1805220470,1805220468,-2,1077,2008
1811663287,1811663285,-2,630,1288
1815282869,1815282867,-2,1212,1429
1818092545,1818092542,-3,1707,2416
1818821614,1818821611,-3,1470,2589
1821600167,1821600164,-3,1230,1801
1822701802,1822701805,3,2075,1158
1825245051,1825245049,-2,1106,2109
1831309818,1831309826,8,15135,25768
1831385687,1831385686,-1,1025,1690
1833502962,1833502959,-3,1112,2267
1835179557,1835179554,-3,984,2013
1837531776,1837531773,-3,1055,3112
1842878122,1842878121,-1,1483,2078
1843723598,1843723598,0,1598,1646
1845011874,1845011879,5,2045,1092
1849885295,1849885289,-6,1333,2200
1854484619,1854484618,-1,1381,2439
1854820787,1854820786,-1,1074,1379
1858831024,1858831028,4,3467,2120
1860688173,1860688169,-4,1095,2128
1864036226,1864036224,-2,1263,2101
1868134254,1868134259,5,23567,20216
1875830495,1875830492,-3,617,1939
1879819245,1879819242,-3,1401,2792
1881305491,1881305490,-1,1468,2038
1883257665,1883257662,-3,963,1521
1886187215,1886187215,0,1529,1646
1890900172,1890900166,-6,1068,2545
1891353847,1891353829,-18,982,1613
1892657323,1892657326,3,2992,2336
1897379975,1897379972,-3,869,1952
1898772344,1898772342,-2,856,2014
1905578118,1905578127,9,12719,19800
1910520407,1910520405,-2,843,2187
1912336694,1912336691,-3,1874,2641
1915446225,1915446227,2,1373,1149
1917314202,1917314201,-1,1142,1351
1917923076,1917923074,-2,972,2058
1921139410,1921139409,-1,1360,1732
1926381801,1926381798,-3,1729,2608
1927995755,1927995752,-3,944,2187
1931357178,1931357176,-2,1326,2196
1933409362,1933409361,-1,1100,2307
1937105133,1937105131,-2,1202,2048
1940865059,1940865058,-1,772,1934
1942053559,1942053578,19,1461,2704
1949310285,1949310281,-4,808,4052
1952997066,1952997063,-3,1422,2098
1953807900,1953807880,-20,1017,1380
1956484513,1956484514,1,1392,1992
1957662080,1957662077,-3,1168,2455
1961202903,1961202900,-3,903,2131
1961506264,1961506261,-3,1041,1886
1961826829,1961826850,21,1272,1964
1970440324,1970440322,-2,1749,3102
1974123292,1974123290,-2,1249,1508
1975260498,1975260502,4,2390,1982
1976140068,1976140065,-3,1451,2815
1976311305,1976311303,-2,845,1956
1977024697,1977024702,5,2049,1210
1988663391,1988663387,-4,1479,2715
1989443083,1989443081,-2,973,1811
1989646442,1989646440,-2,1334,2305
1992845981,1992845979,-2,1049,2024
2000023454,2000023450,-4,1154,2465
2005055218,2005055217,-1,1603,2522
2008505414,2008505410,-4,1338,2135
2008716771,2008716770,-1,1467,2369
2012917874,2012917869,-5,1130,3263
2013777026,2013777024,-2,1120,2401
2014287445,2014287442,-3,1317,1677
2014416685,2014416681,-4,877,939
2022549733,2022549730,-3,682,1364
2023853642,2023853641,-1,1271,3262
2024421023,2024421021,-2,1735,3119
2028882062,2028882069,7,10237,29838
2028913050,2028913047,-3,940,1383
2032008806,2032008802,-4,573,1814
2032848402,2032848398,-4,831,2884
2033021373,2033021371,-2,984,1769
2033245241,2033245242,1,1198,2030
2034413362,2034413357,-5,1024,2354
2034440218,2034440214,-4,1425,2171
2039764758,2039764754,-4,1200,2378
2044235503,2044235498,-5,824,2506
2052016893,2052016894,1,2591,2924
2052642854,2052642851,-3,1232,1856
2056168372,2056168377,5,12662,7988
2059273249,2059273254,5,1222,845
2060094434,2060094436,2,1240,1001
2060787114,2060787113,-1,1514,2961
2061744179,2061744176,-3,660,1747
2063489449,2063489447,-2,938,1355
2063727359,2063727378,19,1307,2053
2065010043,2065010036,-7,24171,14313
2069643947,2069643946,-1,1169,1954
2072580945,2072580942,-3,1018,1678
2072743482,2072743487,5,4584,2188
2076431976,2076431973,-3,976,2985
2076868478,2076868474,-4,1125,2232
2077921722,2077921721,-1,1193,2482
2080130610,2080130606,-4,1191,2403
2080170796,2080170790,-6,910,2192
2088561994,2088561998,4,1566,1435
2094464553,2094464551,-2,1054,1981
2096719582,2096719578,-4,1203,2208
2097168019,2097168016,-3,930,2121
2098491049,2098491045,-4,882,2585
2104958214,2104958211,-3,1245,2715
2105328051,2105328049,-2,1578,2503
2107845414,2107845413,-1,944,2838
2108346754,2108346754,0,938,2104
2109419487,2109419486,-1,675,1599
2109687646,2109687647,1,1389,1677
2110170405,2110170409,4,1061,2087
2111052589,2111052594,5,1162,917
2111351727,2111351742,15,475,1146
2114571571,2114571568,-3,1416,2449
2116804490,2116804487,-3,1368,3343
2119625807,2119625806,-1,781,1742
2121438932,2121438931,-1,842,2248
2125772618,2125772616,-2,1351,1505
2127456710,2127456705,-5,1127,2291
2131048233,2131048232,-1,2841,3274
2131446586,2131446582,-4,1155,2446
2134668348,2134668345,-3,1139,2101
2137840411,2137840408,-3,933,3126
2138916951,2138916949,-2,1790,3720
2140750311,2140750304,-7,1286,5845
2141275549,2141275545,-4,1766,2762
2144623356,2144623353,-3,956,2545
2145815654,2145815636,-18,965,2068
2149785421,2149785418,-3,629,2275
2152619253,2152619251,-2,1137,1603
2153474653,2153474650,-3,1011,2359
2153522434,2153522431,-3,800,1873
2159318601,2159318598,-3,1273,2673
2161523197,2161523194,-3,1410,3433
2169504893,2169504889,-4,1245,1828
2171780752,2171780750,-2,1375,1647
2173628975,2173628972,-3,1248,2653
2177411705,2177411703,-2,1193,2143
2180097476,2180097473,-3,891,2023
2181619248,2181619250,2,1236,1598
2183511362,2183511368,6,2075,1022
2184845765,2184845762,-3,900,1927
2185820206,2185820205,-1,1195,2029
2186322759,2186322758,-1,927,1497
2189376218,2189376218,0,1847,2212
2192375998,2192375996,-2,1511,2892
2193428928,2193428926,-2,1366,3021
2194061446,2194061444,-2,1571,2306
2195667342,2195667346,4,2804,1358
2195710771,2195710767,-4,1017,1701
2196221204,2196221202,-2,1023,1321
2199313114,2199313114,0,1136,1916
2201020491,2201020487,-4,885,1038
2204549857,2204549854,-3,799,2005
2207469407,2207469405,-2,597,1878
2210062108,2210062110,2,3089,3353
2211810157,2211810154,-3,1090,2922
2212921691,2212921688,-3,1008,2185
2214018375,2214018373,-2,771,1426
2221513599,2221513596,-3,1119,2605
2221861836,2221861850,14,15273,46918
2221994234,2221994233,-1,1341,1405
2222534838,2222534838,0,658,1400
2223240788,2223240784,-4,809,2998
2229783178,2229783174,-4,885,2411
2231312026,2231312024,-2,1103,1923
2235504630,2235504630,0,1237,2193
2235697468,2235697486,18,158,1106
2237329173,2237329170,-3,1349,2471
2237507507,2237507505,-2,1228,2400
2239905773,2239905771,-2,1447,1701
2241372693,2241372692,-1,1133,2491
2243669607,2243669606,-1,1267,1766
2244100733,2244100729,-4,1614,6264
2244346262,2244346265,3,3391,2443
2248018794,2248018791,-3,1141,2720
2248084622,2248084613,-9,218,989
2250392489,2250392485,-4,2341,4468
2254330147,2254330143,-4,1214,2720
2259219135,2259219133,-2,1377,2011
2264940323,2264940322,-1,1679,2623
2273574166,2273574162,-4,1189,2499
2274656926,2274656925,-1,1675,1742
2279827594,2279827591,-3,1165,2053
2282620547,2282620545,-2,1256,2248
2283856272,2283856270,-2,1026,1923
2283959658,2283959657,-1,1053,3129
2285218633,2285218634,1,1485,1569
2285442514,2285442510,-4,1390,2052
2288302282,2288302279,-3,860,2858
2292237736,2292237753,17,976,3159
2296414649,2296414646,-3,548,1235
2297208072,2297208078,6,3447,1071
2297501005,2297501003,-2,2354,2022
2298427773,2298427771,-2,902,2274
2299924155,2299924150,-5,1800,2329
2299963498,2299963499,1,1542,1811
2303223318,2303223323,5,2016,1189
2304074039,2304074038,-1,1096,1484
2305233640,2305233638,-2,1034,1763
2307444831,2307444829,-2,1097,2757
2308739195,2308739197,2,1281,1534
2308784110,2308784109,-1,1134,1879
2310783430,2310783430,0,1323,2319
2313967058,2313967065,7,964,2458
2319533756,2319533753,-3,865,1576
2322658558,2322658555,-3,1380,3218
2324878174,2324878173,-1,1133,1594
2325621130,2325621126,-4,1228,2458
2327369805,2327369802,-3,1741,2388
2327867119,2327867099,-20,1071,2455
2336265899,2336265894,-5,827,1710
2339852286,2339852293,7,1891,1249
2341574302,2341574302,0,964,2172
2341996627,2341996625,-2,884,2090
2342156151,2342156154,3,45464,41059
2344709323,2344709341,18,1493,391
2347961335,2347961324,-11,84,2549
2350482282,2350482280,-2,1635,2622
2350936345,2350936341,-4,1014,2463
2353635873,2353635871,-2,1114,2624
2354011926,2354011941,15,622,1645
2356534574,2356534571,-3,1589,2440
2356760162,2356760157,-5,2405,5338
2359915023,2359915021,-2,1296,2216
2361639394,2361639391,-3,731,2023
2364168533,2364168526,-7,1039,2315
2365545398,2365545398,0,1883,2333
2368664910,2368664906,-4,1079,1440
2372129982,2372129979,-3,1039,2071
2373077095,2373077091,-4,1713,2663
2375621001,2375621001,0,959,2025
2375919440,2375919420,-20,9,409
2376845323,2376845322,-1,1202,1708
2380145894,2380145891,-3,1214,2052
2384862737,2384862737,0,1435,1612
2388316350,2388316348,-2,1271,2433
2399355854,2399355852,-2,1172,1900
2400706956,2400706954,-2,1527,2173
2405217709,2405217705,-4,1076,2837
2407103446,2407103445,-1,888,2220
2415598198,2415598200,2,2812,2403
2416070919,2416070917,-2,452,1266
2417614589,2417614590,1,903,1476
2417838388,2417838385,-3,1310,2660
2417944782,2417944801,19,974,3189
2418803490,2418803485,-5,1217,2094
2420202030,2420202029,-1,1009,2928
2420857158,2420857154,-4,1409,2095
2429437798,2429437794,-4,1200,2726
2429785455,2429785452,-3,1392,2294
2433280777,2433280774,-3,1380,3106
2434352807,2434352805,-2,1236,2765
2438609806,2438609805,-1,933,1797
2440188992,2440188991,-1,1155,1452
2441034973,2441034971,-2,1492,2377
2449961679,2449961686,7,2158,1169
2452493273,2452493282,9,12413,35500
2456798506,2456798503,-3,1263,2453
2462257254,2462257250,-4,1178,1873
2464855785,2464855783,-2,1143,2308
2466535071,2466535069,-2,1516,1853
2470247818,2470247814,-4,1166,2855
2472327418,2472327415,-3,704,2193
2474215130,2474215129,-1,1279,2911
2480675558,2480675553,-5,829,1285
2481615271,2481615270,-1,1007,2067
2491243115,2491243113,-2,930,2216
2491305387,2491305384,-3,1338,1769
2503292410,2503292409,-1,1232,1554
2511923097,2511923097,0,1539,3413
2512658308,2512658303,-5,1387,2509
2513042335,2513042346,11,742,2370
2513265534,2513265530,-4,1046,2654
2514227322,2514227331,9,2840,976
2516113994,2516113994,0,857,1932
2520088497,2520088495,-2,1019,2251
2521882030,2521882026,-4,902,1938
2523932927,2523932908,-19,2754,907
2524957778,2524957782,4,10379,6218
2525161423,2525161418,-5,937,4175
2525498584,2525498582,-2,1689,2493
2526482205,2526482203,-2,1241,2466
2530206605,2530206602,-3,1195,2038
2531331058,2531331055,-3,890,2819
2535439286,2535439283,-3,1100,2976
2536478899,2536478897,-2,912,2096
2542976843,2542976842,-1,804,1929
2543832931,2543832930,-1,1084,2648
2546354794,2546354789,-5,523,1813
2563978249,2563978270,21,3476,1362
2564565211,2564565206,-5,1056,2737
2565067235,2565067233,-2,773,1658
2570429728,2570429726,-2,1150,2444
2578538889,2578538885,-4,950,3598
2584624086,2584624084,-2,1438,1411
2585361597,2585361593,-4,1153,2487
2587339847,2587339853,6,425,999
2594195885,2594195901,16,16175,20328
2594838610,2594838606,-4,1017,2002
2595678484,2595678486,2,279,865
2598017682,2598017677,-5,1215,2188
2599569078,2599569080,2,2827,2809
2599734735,2599734733,-2,1016,1669
2600863075,2600863071,-4,706,1340
2604756250,2604756249,-1,1312,2039
2606775561,2606775558,-3,930,1698
2609493786,2609493783,-3,830,1164
2611302206,2611302201,-5,928,1435
2616210597,2616210602,5,5820,2952
2621781451,2621781449,-2,1394,3690
2628978262,2628978260,-2,1096,2580
2634582296,2634582297,1,3432,3587
2636609579,2636609575,-4,919,1276
2645267422,2645267421,-1,1178,2445
2648731857,2648731854,-3,1334,1493
2649039405,2649039404,-1,1490,2266
2657153930,2657153926,-4,1111,2428
2661613507,2661613506,-1,847,1795
2663039007,2663039004,-3,879,1885
2665681240,2665681236,-4,1602,2134
2668175895,2668175894,-1,2046,2372
2675108577,2675108575,-2,1236,2780
2682346627,2682346622,-5,871,3490
2689354449,2689354446,-3,961,1805
2691354195,2691354192,-3,431,1034
2695383289,2695383288,-1,1119,2308
2696240411,2696240404,-7,24097,13284
2697085605,2697085602,-3,1215,2012
2697123021,2697123002,-19,1239,2205
2697244979,2697244983,4,2384,1386
2698801206,2698801203,-3,1002,2542
2699118482,2699118479,-3,1489,2590
2703156366,2703156365,-1,948,2107
2706130526,2706130524,-2,1345,2568
2708346449,2708346448,-1,1239,2520
2711658737,2711658737,0,753,1288
2712375306,2712375302,-4,643,1193
2715212118,2715212116,-2,940,1954
2716520928,2716520931,3,1450,1217
2717642055,2717642054,-1,1118,2402
2718513922,2718513922,0,672,1554
2725472037,2725472036,-1,974,1679
2725809429,2725809429,0,1214,2466
2725959087,2725959091,4,2882,2003
2727840937,2727840935,-2,1076,2428
2728609286,2728609285,-1,1486,2248
2729192170,2729192166,-4,895,1868
2733772558,2733772557,-1,876,2020
2736014086,2736014082,-4,913,2183
2736194696,2736194702,6,6040,2582
2744807014,2744807013,-1,1081,2153
2746167003,2746167001,-2,1178,2423
2749313086,2749313088,2,575,1338
2756915610,2756915607,-3,890,1462
2757887521,2757887519,-2,1143,2031
2758495590,2758495587,-3,2009,2637
2765117772,2765117771,-1,1034,2059
2767397399,2767397394,-5,1082,2929
2768605521,2768605521,0,1152,2026
2769013390,2769013388,-2,1117,2430
2771339350,2771339346,-4,974,2404
2773604323,2773604319,-4,977,2464
2773944950,2773944937,-13,937,2266
2775632547,2775632544,-3,1610,3624
2778582484,2778582481,-3,1343,2591
2779940338,2779940335,-3,571,1049
2780680030,2780680025,-5,1349,2045
2788697310,2788697308,-2,1039,1785
2789391370,2789391366,-4,1229,2797
2789541259,2789541255,-4,974,2333
2790752007,2790752003,-4,1092,1605
2793333655,2793333654,-1,1044,2249
2808154185,2808154181,-4,1751,1754
2808271423,2808271430,7,305,967
2811188674,2811188673,-1,918,2163
2813630669,2813630665,-4,1222,2777
2817735962,2817735959,-3,951,2478
2817912538,2817912538,0,967,1138
2818827809,2818827808,-1,1585,3333
2818890153,2818890150,-3,1249,1939
2826858289,2826858294,5,2212,1244
2829083423,2829083422,-1,1330,1819
2829741978,2829741972,-6,903,2574
2834209522,2834209519,-3,1257,2445
2834410833,2834410829,-4,1376,2056
2835541214,2835541214,0,887,1932
2841405415,2841405411,-4,1127,2390
2846955943,2846955942,-1,1342,2291
2850976450,2850976449,-1,1017,2364
2851153623,2851153619,-4,1180,2118
2853536747,2853536745,-2,865,1867
2853926358,2853926357,-1,908,1769
2854634119,2854634116,-3,827,3029
2859031954,2859031956,2,1792,1430
2863694466,2863694465,-1,1265,1930
2871471903,2871471901,-2,1019,1825
2873093393,2873093390,-3,1048,2185
2879021115,2879021110,-5,1128,1633
2882432419,2882432422,3,1366,1158
2884686841,2884686839,-2,1403,2035
2885267690,2885267690,0,807,2080
2892084658,2892084657,-1,1205,2393
2893637281,2893637275,-6,944,3385
2894073384,2894073401,17,806,1889
2896710511,2896710507,-4,995,3059
2898170755,2898170753,-2,906,1551
2900811386,2900811385,-1,1097,1380
2905125377,2905125377,0,1546,1626
2905269127,2905269122,-5,925,1791
2909614326,2909614325,-1,1225,2146
2910685443,2910685440,-3,1117,1985
2910955749,2910955767,18,83,1230
2913400327,2913400327,0,1519,2107
2914948171,2914948167,-4,510,1969
2915876650,2915876647,-3,1255,1857
2920404554,2920404552,-2,1210,3322
2922249807,2922249806,-1,1125,1747
2924263545,2924263547,2,1271,1650
2925161575,2925161573,-2,1603,2063
2925471920,2925471917,-3,1021,1829
2928906152,2928906150,-2,987,2075
2930517001,2930516982,-19,6751,3321
2931912126,2931912124,-2,768,2339
2932817852,2932817849,-3,973,1860
2934307971,2934307968,-3,750,2311
2936016611,2936016610,-1,1355,2688
2937626759,2937626757,-2,984,1860
2940861849,2940861847,-2,1523,2794
2942654844,2942654841,-3,694,2076
2954397251,2954397249,-2,875,1818
2956048647,2956048644,-3,917,2318
2961365334,2961365332,-2,1202,2579
2968262975,2968262972,-3,1890,2771
2968356253,2968356250,-3,1111,1657
2968927909,2968927924,15,669,2608
2970716618,2970716619,1,3297,3565
2970862184,2970862180,-4,1048,1472
2982611134,2982611133,-1,1060,1503
2983682831,2983682830,-1,708,1031
2986997734,2986997733,-1,1318,2332
2989959250,2989959246,-4,1168,2678
2994694567,2994694563,-4,1110,3142
2995677483,2995677480,-3,1276,2357
2999016333,2999016334,1,2677,2708
3000193006,3000193014,8,1378,591
3011221695,3011221694,-1,1418,2489
3016442920,3016442921,1,1344,1760
3016650899,3016650896,-3,1272,2200
3017237362,3017237361,-1,1242,1404
3017701478,3017701477,-1,1151,1985
3019885254,3019885253,-1,1400,2835
3023155223,3023155218,-5,1346,2141
3023977291,3023977289,-2,1007,2079
3025580044,3025580041,-3,1590,2741
3025793016,3025793014,-2,1543,1718
3031695435,3031695431,-4,948,2294
3037856542,3037856547,5,3345,1660
3039206044,3039206041,-3,844,1593
3047703226,3047703221,-5,963,2077
3053628474,3053628471,-3,1178,1651
3053794285,3053794297,12,28,400
3055620074,3055620072,-2,1471,2653
3055977502,3055977510,8,5082,931
3062533719,3062533716,-3,1096,2011
3064145823,3064145818,-5,1144,2707
3066365174,3066365171,-3,912,2098
3069540563,3069540559,-4,1101,2214
3077545647,3077545644,-3,1502,2340
3085937006,3085937011,5,1886,1679
3086207759,3086207756,-3,680,1597
3088412797,3088412794,-3,1515,2206
3089149834,3089149830,-4,1354,2159
3091189130,3091189135,5,4219,1753
3091595168,3091595171,3,2582,2715
3096128665,3096128659,-6,891,3058
3097541429,3097541426,-3,1420,3045
3098150014,3098150011,-3,835,1865
3105736322,3105736322,0,1410,2054
3106058562,3106058558,-4,810,2667
3107318482,3107318480,-2,897,1839
3110340307,3110340304,-3,697,1370
3113914106,3113914102,-4,1438,2173
3115743411,3115743409,-2,1148,2096
3119993286,3119993283,-3,714,1451
3120106650,3120106646,-4,859,1708
3131185890,3131185889,-1,928,2092
3134199154,3134199154,0,1593,1510
3136621595,3136621593,-2,3187,12945
3138847772,3138847773,1,1800,1504
3144042301,3144042297,-4,919,1899
3146102298,3146102298,0,917,1284
3147476638,3147476634,-4,1843,2382
3149021927,3149021924,-3,797,2381
3149946429,3149946415,-14,1004,1729
3150643070,3150643074,4,1601,1446
3151084501,3151084521,20,258,1478
3156240956,3156240959,3,1342,17624
3157986237,3157986232,-5,19840,13556
3165381871,3165381867,-4,950,1258
3167714718,3167714717,-1,716,1699
3168931426,3168931432,6,2027,1322
3175299475,3175299471,-4,692,904
3176512069,3176512058,-11,7,361
3179225573,3179225570,-3,1561,2201
3186066790,3186066787,-3,997,2189
3190049322,3190049320,-2,2106,4611
3190958174,3190958173,-1,1548,2100
3193911663,3193911661,-2,687,2051
3196333591,3196333589,-2,1155,2704
3200144618,3200144614,-4,1547,2672
3201116467,3201116461,-6,1107,3679
3202623312,3202623310,-2,970,2070
3207554867,3207554870,3,1902,1860
3207825383,3207825382,-1,1543,2886
3210752830,3210752828,-2,861,1838
3210924353,3210924350,-3,1355,2269
3224385249,3224385245,-4,1167,2045
3226634294,3226634290,-4,926,2027
3230123857,3230123854,-3,888,1460
3236189078,3236189072,-6,1432,5367
3236421497,3236421495,-2,1598,3309
3236634858,3236634855,-3,1091,2233
3240609947,3240609943,-4,991,1406
3241452194,3241452190,-4,1286,2256
3249813784,3249813787,3,1627,1656
3260359075,3260359073,-2,1764,2825
3260888518,3260888525,7,7630,2673
3261352814,3261352811,-3,1453,2156
3264074019,3264074019,0,1752,2688
3265812883,3265812882,-1,1143,2066
3270391161,3270391160,-1,1820,2755
3272000238,3272000234,-4,975,2806
3272098804,3272098787,-17,159,566
3274139469,3274139468,-1,1004,1693
3275018346,3275018345,-1,678,1086
3286888407,3286888427,20,922,1803
3288926182,3288926178,-4,1067,2357
3291357393,3291357385,-8,354,2132
3292254818,3292254814,-4,1131,2242
3296983741,3296983748,7,3369,1296
3299407939,3299407935,-4,1134,2427
3301689709,3301689714,5,2489,1437
3302634942,3302634934,-8,1560,5541
3303357505,3303357512,7,9205,1221
3304877113,3304877111,-2,2072,2450
3305874050,3305874046,-4,1362,2254
3305923082,3305923081,-1,1083,1971
3307237013,3307237010,-3,1148,2440
3312326009,3312326006,-3,728,1786
3314621517,3314621515,-2,1002,1833
3316674710,3316674709,-1,883,1882
3319034491,3319034490,-1,1004,2779
3322694055,3322694052,-3,1007,1944
3322979757,3322979757,0,1237,1350
3323559122,3323559123,1,1406,2401
3324208551,3324208549,-2,991,1273
3327377746,3327377745,-1,1106,2120
3332012168,3332012166,-2,949,2111
3332874515,3332874518,3,19169,16281
3333965039,3333965038,-1,1240,1622
3337993023,3337993021,-2,949,2185
3345749659,3345749639,-20,478,143
3346194478,3346194475,-3,1340,2172
3351156338,3351156334,-4,1089,1509
3353760374,3353760371,-3,805,2321
3355525513,3355525511,-2,1075,1479
3356154567,3356154566,-1,1011,2417
3359900066,3359900063,-3,998,2362
3360719105,3360719102,-3,1002,2704
3369036945,3369036952,7,1084,1256
3371118420,3371118417,-3,1289,1979
3377465469,3377465466,-3,1181,1772
3391005338,3391005334,-4,1448,2737
3395909390,3395909387,-3,1414,2350
3397479846,3397479844,-2,775,1847
3400380858,3400380855,-3,627,2243
3402152556,3402152555,-1,1285,1528
3407186473,3407186470,-3,1135,2631
3409774612,3409774609,-3,1217,2507
3413361513,3413361510,-3,864,2374
3414801105,3414801109,4,3140,2059
3418303455,3418303456,1,1168,1373
3419957648,3419957649,1,1480,1482
3421103602,3421103623,21,764,2137
3423102223,3423102222,-1,1359,2165
3423339573,3423339575,2,2512,2424
3428643502,3428643501,-1,1598,2494
3429230948,3429230934,-14,1267,1861
3429530298,3429530296,-2,1334,2669
3432943320,3432943319,-1,1395,3450
3433149728,3433149725,-3,1642,1841
3434289179,3434289177,-2,1042,1609
3437017717,3437017718,1,1535,2056
3438266942,3438266938,-4,1283,2994
3440435246,3440435249,3,1955,1212
3445176491,3445176490,-1,1127,2202
3445604507,3445604505,-2,1339,1662
3448648024,3448648027,3,2193,1426
3449137363,3449137365,2,1568,1631
3452916190,3452916186,-4,1258,2255
3458944837,3458944836,-1,785,1759
3459985952,3459985949,-3,1143,2367
3467401821,3467401826,5,1953,1567
3470089901,3470089898,-3,1193,2663
3471150324,3471150321,-3,1048,2222
3476736630,3476736626,-4,1367,3441
3479952274,3479952274,0,1027,1753
3480154613,3480154608,-5,1454,2862
3480640542,3480640538,-4,88,435
3484010474,3484010474,0,1255,1533
3484563243,3484563241,-2,973,2282
3486249398,3486249394,-4,1102,2904
3490562742,3490562739,-3,1049,1739
3493633290,3493633289,-1,1254,2093
3495431212,3495431211,-1,1237,1519
3495545869,3495545868,-1,990,1723
3501380207,3501380205,-2,704,2100
3502258068,3502258063,-5,1265,4168
3503466442,3503466443,1,2081,2202
3504486018,3504486017,-1,1331,2313
3508823460,3508823456,-4,1057,1700
3511499477,3511499470,-7,1053,4244
3512406079,3512406076,-3,936,2272
3514346218,3514346218,0,868,1850
3515419651,3515419649,-2,1150,2099
3525609898,3525609896,-2,1215,2671
3525871426,3525871425,-1,1104,2365
3535503756,3535503755,-1,1370,2077
3536401457,3536401455,-2,1112,1396
3537441622,3537441619,-3,1399,1801
3538504794,3538504792,-2,1172,2430
3539977198,3539977194,-4,959,1822
3541812946,3541812940,-6,742,1577
3542711009,3542711006,-3,679,2382
3542992815,3542992814,-1,759,2196
3546670110,3546670108,-2,1325,2369
3549972598,3549972597,-1,691,1427
3554350969,3554350966,-3,1355,2207
3556080205,3556080201,-4,1494,2586
3558799882,3558799880,-2,489,2146
3562270438,3562270434,-4,1227,1539
3565299780,3565299778,-2,1772,3048
3567871388,3567871385,-3,963,2154
3569396918,3569396916,-2,1317,2400
3569600079,3569600064,-15,1352,6277
3571379751,3571379749,-2,1214,1768
3572287118,3572287118,0,922,1905
3574272807,3574272806,-1,1628,2392
3580585775,3580585773,-2,737,1617
3589196868,3589196884,16,302,1569
3597586507,3597586506,-1,746,1498
3599463570,3599463567,-3,1159,2395
3600471107,3600471102,-5,894,2803
3602038398,3602038394,-4,664,1696
3607536165,3607536161,-4,1193,1944
3608360113,3608360109,-4,874,2102
3613052996,3613052999,3,4356,2634
3615027763,3615027761,-2,995,2561
3615325723,3615325719,-4,752,1322
3615881388,3615881386,-2,1167,1819
3619980319,3619980317,-2,1259,3379
3624053126,3624053125,-1,1466,3032
3627687354,3627687357,3,1830,2447
3627993314,3627993312,-2,1333,1993
3628047782,3628047778,-4,882,1680
3634827670,3634827666,-4,1337,2240
3644704261,3644704258,-3,904,2570
3648259782,3648259781,-1,1173,2549
3651396780,3651396785,5,4478,2042
3653553603,3653553599,-4,996,2580
3653907977,3653907972,-5,1198,2618
3654536478,3654536477,-1,1710,2326
3660624821,3660624821,0,1081,3030
3661567018,3661567015,-3,1040,2188
3663822643,3663822641,-2,1112,2770
3664303096,3664303107,11,172,1221
3666994263,3666994263,0,1108,1705
3667432845,3667432846,1,1256,1266
3669065386,3669065383,-3,752,1809
3670694915,3670694914,-1,1087,2279
3673286799,3673286797,-2,767,1586
3673971512,3673971510,-2,1498,2288
3676983156,3676983150,-6,1358,3530
3677811411,3677811407,-4,1453,2086
3681061815,3681061811,-4,880,1353
3682382714,3682382710,-4,1002,2134
3683495122,3683495118,-4,980,2162
3684825522,3684825519,-3,783,1663
3685457997,3685457994,-3,883,2054
3688706910,3688706910,0,1198,1734
3695686532,3695686530,-2,1428,2875
3697381984,3697381982,-2,1253,2453
3698960403,3698960402,-1,1307,2262
3702984629,3702984629,0,1080,2005
3705746563,3705746561,-2,963,1713
3720222630,3720222625,-5,951,2716
3720445693,3720445713,20,689,1249
3721070638,3721070637,-1,805,2127
3721500180,3721500175,-5,1541,2508
3724096743,3724096743,0,1007,1885
3724913663,3724913661,-2,1215,2829
3726271881,3726271886,5,5076,2308
3740920137,3740920138,1,1773,2452
3743714872,3743714869,-3,1045,2143
3744277255,3744277250,-5,684,1775
3744562038,3744562038,0,1449,2116
3748666350,3748666346,-4,1303,3082
3756837476,3756837473,-3,970,1411
3759901735,3759901734,-1,665,2211
3763814773,3763814777,4,2358,1248
3766808305,3766808306,1,1287,1819
3769375063,3769375058,-5,586,1091
3774962155,3774962151,-4,1190,2818
3775821614,3775821611,-3,1458,2179
3776483897,3776483892,-5,1578,1888
3778262815,3778262816,1,1022,2697
3780327743,3780327742,-1,1078,2404
3782055886,3782055885,-1,855,2360
3783441411,3783441409,-2,867,1955
3786637325,3786637322,-3,1538,2178
3789671062,3789671059,-3,726,1966
3790918972,3790918973,1,1353,2602
3792102498,3792102506,8,4802,1278
3796107825,3796107825,0,1025,1662
3801999203,3801999201,-2,1379,2959
3804499041,3804499038,-3,1038,3041
3809118615,3809118615,0,959,2469
3810283003,3810282998,-5,1113,2476
3811714551,3811714550,-1,1034,2521
3813089726,3813089730,4,3036,2701
3814452337,3814452333,-4,1349,2608
3815497038,3815497035,-3,2113,4447
3815957054,3815957050,-4,1627,2172
3822183053,3822183050,-3,1223,2452
3823129897,3823129896,-1,903,2588
3823442495,3823442490,-5,399,880
3828403971,3828403969,-2,1390,3126
3830217826,3830217824,-2,1001,2228
3830291614,3830291614,0,666,2152
3833590689,3833590682,-7,31624,88675
3834380395,3834380394,-1,987,1469
3836759363,3836759362,-1,824,1639
3838673778,3838673776,-2,831,2193
3842734257,3842734254,-3,1068,1695
3844056566,3844056562,-4,1136,1801
3847599990,3847599994,4,1759,1177
3847930669,3847930667,-2,971,1911
3854878808,3854878805,-3,877,1716
3856570480,3856570465,-15,1124,2936
3857367019,3857367017,-2,1192,2220
3857852003,3857852000,-3,1271,1783
3862367388,3862367394,6,18000,35225
3868514566,3868514563,-3,826,1910
3870925014,3870925011,-3,1679,3035
3872253342,3872253339,-3,1117,2009
3873300019,3873300016,-3,534,1540
3875168843,3875168839,-4,880,1576
3876834237,3876834232,-5,1408,5564
3879569656,3879569661,5,19659,31442
3880112218,3880112212,-6,35842,13022
3882643663,3882643661,-2,1488,2479
3886199073,3886199070,-3,1293,2549
3886775474,3886775473,-1,1001,1894
3891464957,3891464952,-5,1056,3398
3894402901,3894402897,-4,865,1419
3898709777,3898709774,-3,980,1909
3902149250,3902149250,0,1429,2301
3902758746,3902758745,-1,1780,2757
3903713271,3903713283,12,14910,31607
3905731367,3905731361,-6,891,2933
3905793658,3905793659,1,2258,1681
3911831731,3911831727,-4,1010,1866
3912462543,3912462542,-1,1557,3034
3917752704,3917752700,-4,1316,3395
3918316498,3918316494,-4,1199,1792
3920466778,3920466775,-3,1343,1966
3921014875,3921014873,-2,1071,1936
3925870586,3925870590,4,2435,1500
3932888547,3932888543,-4,1198,3361
3935537246,3935537242,-4,1486,2348
3936974802,3936974816,14,1063,1943
3940184101,3940184097,-4,1853,3502
3942659791,3942659790,-1,1152,2510
3947618567,3947618565,-2,1058,2179
3949417126,3949417125,-1,781,2064
3952372473,3952372470,-3,935,2339
3955297961,3955297957,-4,934,2172
3965243083,3965243081,-2,812,1718
3966985860,3966985861,1,1123,2182
3968879678,3968879678,0,2347,2125
3972233013,3972233010,-3,1160,1434
3974713658,3974713655,-3,2259,3889
3976537701,3976537702,1,1945,1206
3979121516,3979121514,-2,1266,2507
3987805633,3987805628,-5,999,3313
3988928664,3988928680,16,514,1800
3989636197,3989636211,14,240,985
4003178090,4003178087,-3,814,1981
4003404541,4003404538,-3,1000,1921
4004305467,4004305469,2,1309,1647
4006653892,4006653891,-1,1599,2117
4007396953,4007396951,-2,804,2162
4008937195,4008937194,-1,1217,2098
4011034126,4011034123,-3,970,1936
4011942629,4011942628,-1,920,1884
4016712179,4016712178,-1,777,1076
4019154150,4019154147,-3,995,2951
4025609595,4025609591,-4,886,1865
4028807385,4028807377,-8,1989,8918
4028922449,4028922448,-1,1328,1646
4029726707,4029726705,-2,1184,2169
4032204257,4032204256,-1,1074,1965
4034993470,4034993469,-1,1473,1966
4041600855,4041600851,-4,1046,3228
4044823822,4044823819,-3,1479,3191
4046154285,4046154282,-3,1512,2929
4048131623,4048131621,-2,1675,3011
4048276722,4048276717,-5,2045,6858
4052606367,4052606365,-2,780,1581
4063507790,4063507789,-1,829,1120
4068471846,4068471842,-4,751,1805
4072236926,4072236927,1,661,1245
4075297323,4075297319,-4,699,1164
4077438798,4077438796,-2,888,2370
4080503736,4080503733,-3,1022,2099
4080722882,4080722882,0,1050,1939
4083988237,4083988234,-3,1194,2810
4084425375,4084425370,-5,1428,3003
4087626710,4087626702,-8,1603,1860
4089985647,4089985646,-1,1316,1905
4092754982,4092754977,-5,1212,2491
4098569242,4098569238,-4,1138,4009
4099061132,4099061128,-4,1320,2277
4100797791,4100797790,-1,1327,2334
4103119351,4103119349,-2,1240,2185
4112030706,4112030701,-5,1391,5430
4115177255,4115177254,-1,1084,2548
4121876490,4121876487,-3,1161,1979
4124198270,4124198269,-1,1312,2473
4130742578,4130742574,-4,907,2238
4132321511,4132321509,-2,1253,1026
4132734431,4132734416,-15,1906,6579
4136599488,4136599486,-2,1084,1773
4143537066,4143537069,3,1266,24749
4144405991,4144406010,19,422,1173
4147217987,4147217984,-3,1109,2207
4152984531,4152984525,-6,1413,2696
4153694263,4153694261,-2,958,1996
4153846303,4153846315,12,461,919
4157355822,4157355819,-3,1030,2232
4159052255,4159052253,-2,1115,2373
4165793708,4165793706,-2,1278,2654
4165887670,4165887668,-2,223,791
4169304755,4169304750,-5,1219,2116
4170674924,4170674926,2,1038,1282
4175320501,4175320498,-3,1256,2301
4177292292,4177292290,-2,1404,2313
4178774710,4178774707,-3,1138,2653
4181005806,4181005804,-2,1781,3086
4183859410,4183859407,-3,1132,2362
4189103582,4189103580,-2,1639,2209
4196943304,4196943301,-3,1025,2915
4197652778,4197652774,-4,803,2240
4201086799,4201086795,-4,755,1262
4202112009,4202112004,-5,892,5494
4204738295,4204738290,-5,1297,2378
4206585667,4206585667,0,1268,3200
4218489702,4218489699,-3,1451,2166
4219571853,4219571849,-4,1070,3007
4221670320,4221670316,-4,1585,2628
4224094909,4224094915,6,4288,1551
4224127243,4224127240,-3,1160,2199
4229509227,4229509225,-2,1000,2797
4232794334,4232794330,-4,1468,2986
4237439111,4237439110,-1,3836,7108
4238986854,4238986852,-2,1069,2877
4239322107,4239322106,-1,1260,2256
4241007230,4241007228,-2,1132,2236
4247414669,4247414671,2,1587,1514
4255487466,4255487465,-1,1231,3078
4259770935,4259770940,5,2511,1624
4263155018,4263155018,0,947,1236
4264447173,4264447171,-2,1732,2916
4265085146,4265085143,-3,1784,2746
4266456211,4266456211,0,1181,1409
4268131574,4268131574,0,718,1677
4274938226,4274938222,-4,1102,2515
4275780838,4275780829,-9,1104,2107
4281817929,4281817927,-2,674,1826
4284403287,4284403285,-2,1415,2398
4284636758,4284636757,-1,1847,2911
4288612289,4288612283,-6,1057,3892
4289379818,4289379816,-2,1172,1891
4299360847,4299360843,-4,641,2047
4303329590,4303329588,-2,1211,1561
4305450521,4305450516,-5,1313,2371
4309886413,4309886408,-5,1101,1494
4312095068,4312095070,2,1789,1107
4314879740,4314879738,-2,1492,2416
4316751237,4316751259,22,1029,2734
4316840234,4316840234,0,1244,1624
4318280758,4318280759,1,1417,1662
4318598845,4318598844,-1,1017,2407
4320163666,4320163663,-3,1278,2022
4320749939,4320749938,-1,1329,2012
4321984956,4321984954,-2,1263,2467
4324100918,4324100916,-2,1474,1797
4326490238,4326490233,-5,845,2083
4326576229,4326576219,-10,995,2035
4327784730,4327784727,-3,1308,2257
4331328842,4331328841,-1,898,2301
4336983865,4336983862,-3,1223,2604
4340987991,4340987989,-2,1046,2453
4345452610,4345452607,-3,1371,2422
4346488473,4346488470,-3,1378,1611
4348591760,4348591755,-5,1395,3815
4350470602,4350470597,-5,1061,3623
4356998363,4356998360,-3,621,2010
4361197990,4361197985,-5,1365,2254
4361552190,4361552185,-5,812,2043
4370279410,4370279406,-4,1129,2486
4371936743,4371936741,-2,1739,2197
4378663787,4378663784,-3,992,2170
4378810703,4378810700,-3,993,2139
4383837399,4383837398,-1,1541,3374
4384031055,4384031054,-1,761,1396
4390425118,4390425125,7,3338,1281
4390602539,4390602543,4,39832,3138
4393101618,4393101622,4,2362,1598
4393918236,4393918232,-4,1383,2914
4394569550,4394569558,8,1174,1785
4395213591,4395213590,-1,1087,2509
4399968063,4399968063,0,885,1607
4401065369,4401065365,-4,1322,3112
4401449965,4401449962,-3,1085,1889
4404337715,4404337710,-5,1471,3552
4406398286,4406398289,3,11711,7315
4409382487,4409382481,-6,1036,2493
4413002882,4413002880,-2,1395,2113
4414591234,4414591231,-3,1287,2276
4416620790,4416620788,-2,1433,2478
4418960385,4418960382,-3,941,2185
4423205575,4423205573,-2,1116,2491
4426903022,4426903021,-1,684,2011
4431143046,4431143045,-1,800,1599
4434028406,4434028404,-2,1130,1852
4435466294,4435466293,-1,1112,963
4436595618,4436595616,-2,999,2202
4437469351,4437469350,-1,644,1741
4438194178,4438194174,-4,1325,2644
4438917095,4438917091,-4,951,2135
4443479213,4443479208,-5,1435,2441
4453265012,4453265018,6,4398,2401
4453435915,4453435915,0,1162,1184
4457016745,4457016743,-2,773,1547
4458296587,4458296585,-2,968,1986
4462176038,4462176035,-3,1102,1746
4463498838,4463498835,-3,1099,1273
4467874063,4467874062,-1,878,1351
4477958238,4477958234,-4,1221,3080
4480055294,4480055291,-3,1101,2560
4480329713,4480329710,-3,1357,2245
4482166354,4482166352,-2,1331,2005
4487031767,4487031766,-1,724,2166
4491124392,4491124389,-3,1565,2761
4492219209,4492219208,-1,1063,2574
4494057566,4494057564,-2,1040,2056
4494115874,4494115874,0,1020,2114
4496880375,4496880372,-3,1077,2537
4503446863,4503446861,-2,1064,2667
4505123395,4505123393,-2,1228,1813
4510716105,4510716105,0,1994,2493
4514930010,4514930012,2,1642,1639
4515823743,4515823741,-2,1452,1964
4516888528,4516888526,-2,916,2385
4520629522,4520629521,-1,965,1848
4521610721,4521610718,-3,985,2158
4523808542,4523808537,-5,1209,1783
4524954668,4524954665,-3,839,1742
4525987658,4525987655,-3,1794,3591
4527498506,4527498502,-4,1188,1793
4534578326,4534578323,-3,714,1324
4534652366,4534652347,-19,1499,2126
4536408852,4536408850,-2,1551,3011
4540183177,4540183178,1,992,1590
4543784258,4543784257,-1,1126,2090
4544838700,4544838698,-2,1169,2386
4544954354,4544954351,-3,1288,1968
4546069895,4546069897,2,614,181
4550131982,4550131979,-3,956,1765
4550686713,4550686709,-4,1020,1574
4554379918,4554379916,-2,876,1875
4555697263,4555697263,0,991,2161
4555778779,4555778782,3,553,147
4556357416,4556357409,-7,467,1006
4557515790,4557515784,-6,780,1891
4557974539,4557974537,-2,1104,2017
4559971763,4559971758,-5,1144,2299
4561112552,4561112569,17,1436,2478
4561255829,4561255826,-3,770,2793
4570914797,4570914793,-4,1238,2622
4582142419,4582142418,-1,1014,1399
4582862653,4582862650,-3,1887,3062
4588477926,4588477922,-4,1064,2141
4589808856,4589808854,-2,420,897
4591693025,4591693023,-2,1446,1491
4592248898,4592248902,4,1229,1178
4604752244,4604752241,-3,951,2277
4610755835,4610755833,-2,1307,1911
4615559934,4615559931,-3,1148,2424
4616032597,4616032595,-2,1567,2226
4617699934,4617699933,-1,932,2036
4617768213,4617768234,21,1183,1983
4618333719,4618333726,7,4459,1638
4619844131,4619844129,-2,782,2170
4623984851,4623984850,-1,952,2300
4624381640,4624381637,-3,1828,2119
4625804402,4625804399,-3,1301,2390
4631103999,4631103998,-1,1026,1582
4633556831,4633556825,-6,1254,2682
4635177879,4635177878,-1,1443,2766
4635414617,4635414615,-2,1121,3051
4635560146,4635560142,-4,1387,2121
4641724438,4641724435,-3,1310,1962
4642138458,4642138453,-5,876,4551
4642696820,4642696815,-5,1126,2253
4645918715,4645918711,-4,889,1747
4646984669,4646984658,-11,1136,1736
4653617113,4653617110,-3,1133,2198
4656576385,4656576390,5,2491,1605
4660003148,4660003152,4,20238,22779
4660962291,4660962293,2,1806,1992
4662598096,4662598091,-5,919,1726
4664057221,4664057206,-15,78,668
4667382929,4667382929,0,1121,1447
4671031577,4671031574,-3,825,1951
4678029193,4678029190,-3,1208,2171
4681457276,4681457272,-4,1125,3179
4682507645,4682507643,-2,947,2033
4683778968,4683778966,-2,1285,2014
4687341174,4687341170,-4,1226,2323
4697255158,4697255154,-4,842,1713
4704307573,4704307570,-3,1444,2090
4705553278,4705553285,7,4679,1714
4705751068,4705751069,1,1685,1776
4706685920,4706685917,-3,1225,3402
4706879572,4706879576,4,184,1982
4721706857,4721706853,-4,1132,2728
4724795186,4724795182,-4,1054,4005
4725170033,4725170030,-3,1134,2444
4726643925,4726643922,-3,1294,2539
4732852734,4732852731,-3,945,2043
4733193375,4733193373,-2,970,1966
4736584831,4736584829,-2,1267,2392
4737677599,4737677598,-1,1014,1417
4740538693,4740538691,-2,1453,2061
4746693878,4746693878,0,1149,2054
4748847887,4748847885,-2,988,2489
4749719462,4749719465,3,1106,1261
4754480225,4754480225,0,1130,2315
4762717906,4762717903,-3,1900,4490
4764504339,4764504336,-3,1097,1701
4769016423,4769016422,-1,888,1751
4774633013,4774633010,-3,1009,2647
4783703798,4783703815,17,283,685
4788804133,4788804130,-3,987,3216
4789676482,4789676482,0,1263,1772
4789952635,4789952634,-1,851,1144
4790715132,4790715150,18,637,2364
4792948452,4792948450,-2,1446,2831
4798668813,4798668811,-2,1064,1369
4802813450,4802813449,-1,1007,1869
4804716186,4804716182,-4,1241,2323
4805878183,4805878178,-5,1314,2212
4808699035,4808699047,12,9250,40505
4809042461,4809042479,18,618,1622
4810883484,4810883481,-3,883,2109
4811821639,4811821638,-1,989,2664
4821557737,4821557735,-2,1255,1868
4824045354,4824045350,-4,1113,2420
4825564546,4825564541,-5,1472,2913
4826671512,4826671517,5,3770,2264
4826706326,4826706325,-1,1065,1756
4830167294,4830167294,0,11584,14867
4830208473,4830208467,-6,1648,5113
4830458677,4830458673,-4,1246,2597
4831696047,4831696032,-15,1108,2192
4841891172,4841891169,-3,1168,2200
4842686460,4842686470,10,265,788
4844961807,4844961804,-3,777,2037
4852192561,4852192559,-2,1593,1806
4853403945,4853403943,-2,1233,2043
4854821045,4854821042,-3,893,2171
4854926190,4854926211,21,649,1413
4855737583,4855737578,-5,763,2414
4858362118,4858362115,-3,966,2712
4858424589,4858424586,-3,1038,2218
4861331943,4861331942,-1,1040,2335
4862414112,4862414109,-3,1151,2360
4864980299,4864980295,-4,1353,3733
4870806103,4870806102,-1,1026,2788
4873535257,4873535254,-3,511,2237
4875699040,4875699051,11,299,581
4880849303,4880849300,-3,1019,1808
4882059615,4882059619,4,2816,1583
4887529679,4887529677,-2,1409,1722
4889071137,4889071133,-4,1349,2361
4889195287,4889195281,-6,1674,5552
4891633991,4891633977,-14,1404,616
4892033199,4892033197,-2,1414,1323
4894874054,4894874054,0,763,1291
4903404140,4903404137,-3,1441,2712
4904050989,4904050989,0,983,1923
4908365636,4908365633,-3,1180,1969
4909152831,4909152830,-1,1387,1750
4914466374,4914466371,-3,1233,2032
4922858769,4922858761,-8,1083,5856
4927863516,4927863512,-4,1597,2682
4929513438,4929513434,-4,931,1700
4929901414,4929901414,0,1780,2806
4930212099,4930212098,-1,935,1351
4930844889,4930844886,-3,887,1243
4931617130,4931617129,-1,1070,2299
4931693925,4931693922,-3,1017,2299
4933661573,4933661571,-2,1086,2050
4937731243,4937731240,-3,1380,2307
4940736565,4940736561,-4,705,2236
4941641748,4941641747,-1,1911,3393
4945065267,4945065273,6,1964,989
4948420620,4948420620,0,1591,1882
4951856910,4951856908,-2,969,2256
4953920187,4953920185,-2,843,1730
4962899450,4962899446,-4,1403,4081
4966126943,4966126941,-2,1165,1868
4975291385,4975291382,-3,930,2987
4975715890,4975715887,-3,1043,2432
4977748085,4977748084,-1,960,2491
4981977320,4981977319,-1,1060,2016
4982123214,4982123195,-19,902,1424
4984532210,4984532206,-4,1364,2191
4985902195,4985902195,0,1300,1886
4986168005,4986168000,-5,942,3198
4986625757,4986625776,19,1726,3193
4986816274,4986816272,-2,1384,2178
4988058570,4988058566,-4,991,2617
4991419409,4991419413,4,1957,1815
4994140963,4994140965,2,1856,1663
4994461909,4994461927,18,933,2548
4997511154,4997511139,-15,1271,1257
5001714373,5001714383,10,14138,24088
5007853967,5007853962,-5,757,1445
5008741876,5008741878,2,2361,2344
5011302485,5011302485,0,1500,2213
5011598241,5011598240,-1,1292,1916
5014469674,5014469669,-5,1339,3266
5016755887,5016755884,-3,586,1956
5018733743,5018733741,-2,1701,1619
5020160337,5020160333,-4,839,2403
5020327542,5020327535,-7,1181,2307
5023359606,5023359605,-1,1119,2050
5026936889,5026936886,-3,1256,2642
5029609743,5029609741,-2,985,1806
5031678210,5031678208,-2,1091,2567
5041965962,5041965957,-5,1492,3042
5043075681,5043075679,-2,975,2274
5050984424,5050984419,-5,1571,2122
5052477069,5052477067,-2,1326,2056
5056702195,5056702193,-2,1025,2206
5056905636,5056905655,19,741,1640
5060540656,5060540653,-3,1342,2414
5067850290,5067850286,-4,826,1922
5070142403,5070142399,-4,1287,2621
5077114642,5077114630,-12,957,1875
5078198790,5078198789,-1,1106,3051
5082334110,5082334106,-4,1921,2488
5093322311,5093322309,-2,955,2224
5102669921,5102669926,5,34570,20523
5103523379,5103523378,-1,641,1836
5104449201,5104449199,-2,1117,2892
5113102331,5113102328,-3,1467,1863
5116010375,5116010373,-2,854,1205
5119733819,5119733816,-3,1541,2673
5123215159,5123215155,-4,1046,2537
5124871246,5124871244,-2,1108,2375
5131528167,5131528163,-4,1474,2361
5134457419,5134457415,-4,921,1747
5135354005,5135354001,-4,837,2190
5139264494,5139264491,-3,1179,2218
5139956938,5139956934,-4,921,3123
5144578168,5144578165,-3,1048,1731
5145619969,5145619966,-3,866,1944
5146564436,5146564423,-13,1165,2749
5147668494,5147668490,-4,1265,2833
5148250201,5148250198,-3,937,2380
5149534749,5149534738,-11,1155,2556
5152242706,5152242704,-2,1359,2353
5153986806,5153986810,4,1957,987
5154477875,5154477871,-4,926,2496
5159658590,5159658586,-4,28403,14852
5163713790,5163713770,-20,1698,836
5164844525,5164844522,-3,1836,2353
5170277427,5170277422,-5,1108,1986
5173197381,5173197379,-2,744,1448
5173832905,5173832901,-4,963,1381
5178582895,5178582895,0,916,1341
5186825495,5186825493,-2,793,1755
5189837485,5189837482,-3,1728,3027
5192378375,5192378371,-4,1262,2576
5193589435,5193589432,-3,773,1900
5195273544,5195273547,3,2474,2166
5196681731,5196681728,-3,1432,1877
5197107157,5197107155,-2,1044,1755
5198642038,5198642035,-3,1555,2591
5202924205,5202924204,-1,796,1934
5209749873,5209749869,-4,1207,2028
5209819619,5209819617,-2,1308,1935
5211936295,5211936295,0,1105,1564
5214472940,5214472934,-6,685,2639
5215805711,5215805708,-3,1546,2193
5218048410,5218048406,-4,819,2411
5221160170,5221160177,7,6349,2513
5221691508,5221691526,18,348,889
5226077301,5226077300,-1,1618,2783
5227373863,5227373862,-1,1535,2132
5229991349,5229991346,-3,1232,2977
5233062730,5233062727,-3,1081,2236
5234074130,5234074127,-3,1283,2888
5235780103,5235780101,-2,1389,3568
5241406379,5241406378,-1,915,1582
5243086862,5243086859,-3,1082,2066
5246685232,5246685229,-3,1015,2240
5247792517,5247792516,-1,1760,2719
5249288074,5249288073,-1,1156,2879
5256777348,5256777346,-2,1163,1709
5257621063,5257621062,-1,1228,2119
5262592854,5262592849,-5,1281,2096
5269008078,5269008076,-2,678,1380
5272980967,5272980963,-4,1021,2370
5275969886,5275969881,-5,1383,3608
5276935270,5276935267,-3,846,1311
5278107341,5278107340,-1,1001,1593
5287914455,5287914450,-5,1263,2813
5289494375,5289494373,-2,724,1807
5300579807,5300579806,-1,1906,2901
5303093949,5303093947,-2,1484,1727
5305137138,5305137134,-4,1008,1528
5305971748,5305971746,-2,1068,2357
5306096553,5306096550,-3,978,2362
5306308157,5306308174,17,689,1163
5316918817,5316918817,0,1237,1921
5325104199,5325104195,-4,698,1027
5325777564,5325777586,22,450,1182
5326770674,5326770671,-3,895,2540
5327659865,5327659859,-6,1204,5524
5339092486,5339092493,7,3136,1461
5341447965,5341447963,-2,1493,1865
5345653057,5345653060,3,40813,31648
5348029300,5348029302,2,2120,2084
5348930239,5348930237,-2,626,1192
5351649851,5351649846,-5,1478,3031
5352647453,5352647454,1,244,817
5363906411,5363906410,-1,1059,1620
5366848926,5366848923,-3,1266,1874
5375370394,5375370390,-4,1018,1558
5377881363,5377881362,-1,1064,1573
5378619509,5378619509,0,1195,1891
5382300099,5382300098,-1,879,1906
5384891439,5384891437,-2,1041,1907
5385592859,5385592855,-4,1485,2329
5386211390,5386211385,-5,1642,5755
5386263210,5386263210,0,881,1296
5389277699,5389277697,-2,1238,1517
5392829410,5392829406,-4,1330,2374
5392942904,5392942920,16,412,1348
5393700586,5393700583,-3,1185,1726
5394599930,5394599927,-3,986,1794
5397901914,5397901910,-4,993,2129
5400186675,5400186671,-4,943,2141
5400806143,5400806145,2,1110,1914
5411294202,5411294201,-1,1250,1877
5411851706,5411851706,0,1017,1313
5412456398,5412456397,-1,1346,3013
5413003619,5413003618,-1,1607,1989
5413181066,5413181064,-2,1512,2905
5414468962,5414468940,-22,3076,1209
5415435650,5415435649,-1,1205,2726
5418404567,5418404564,-3,1296,1895
5419212275,5419212274,-1,973,1290
5420314025,5420314022,-3,1048,2480
5421194563,5421194559,-4,1260,3244
5429905996,5429905993,-3,1092,2476
5430520138,5430520134,-4,1672,2495
5431707175,5431707173,-2,1638,3002
5431842398,5431842395,-3,1002,2551
5432452019,5432452017,-2,1502,3469
5433644716,5433644713,-3,847,2367
5434362590,5434362585,-5,1149,2100
5436720963,5436720962,-1,918,1234
5437783219,5437783216,-3,1336,2477
5441772175,5441772175,0,660,895
5442319419,5442319418,-1,709,1955
5443882977,5443882971,-6,1055,3769
5447049985,5447049990,5,6162,2566
5448357990,5448357987,-3,1215,1963
5448764290,5448764288,-2,1402,2479
5454507336,5454507334,-2,1112,2530
5460218858,5460218855,-3,1171,1878
5461041366,5461041366,0,1744,1579
5465185091,5465185091,0,1099,1890
5466287259,5466287257,-2,834,1648
5467967409,5467967414,5,4267,1638
5483431445,5483431442,-3,1254,2234
5484812263,5484812259,-4,1023,2872
5488596294,5488596292,-2,908,1709
5489179377,5489179381,4,2160,1418
5490600221,5490600218,-3,1377,1848
5498880460,5498880453,-7,762,3117
5502482166,5502482166,0,33004,35066
5503366278,5503366282,4,17158,10607
5511196604,5511196609,5,5008,1772
5513442185,5513442184,-1,798,2141
5517049592,5517049587,-5,988,2101
5518299657,5518299651,-6,1335,2468
5520414661,5520414658,-3,1270,3556
5525784278,5525784277,-1,1614,2088
5528596597,5528596594,-3,1016,2163
5528729074,5528729073,-1,1315,2418
5530776960,5530776953,-7,1732,7427
5531552007,5531552002,-5,1304,3301
5533330610,5533330607,-3,1131,2397
5538190173,5538190177,4,1614,1271
5538958568,5538958566,-2,967,1555
5541247526,5541247512,-14,1008,2524
5544386656,5544386654,-2,1435,1940
5547157707,5547157706,-1,1145,2156
5548861579,5548861576,-3,1093,1755
5549137416,5549137412,-4,26237,13732
5550686038,5550686038,0,810,2145
5552385756,5552385753,-3,939,2280
5552968944,5552968942,-2,1200,2511
5556099356,5556099354,-2,1461,2045
5560652591,5560652589,-2,930,2107
5561550735,5561550734,-1,944,1744
5562021071,5562021066,-5,778,1329
5563997651,5563997646,-5,1128,1921
5567828043,5567828039,-4,983,2236
5572533219,5572533217,-2,1503,2444
5574289983,5574289978,-5,1132,5840
5574925020,5574925019,-1,1724,2328
5576545621,5576545617,-4,1104,1762
5581974080,5581974078,-2,1371,2380
5584796655,5584796651,-4,1943,7101
5585454617,5585454622,5,2096,1029
5589937087,5589937085,-2,1260,1915
5592534225,5592534222,-3,1100,1875
5593330193,5593330189,-4,883,2838
5595694898,5595694897,-1,869,2269
5595940306,5595940309,3,12018,11388
5598453755,5598453751,-4,1228,1769
5601676759,5601676758,-1,803,1621
5603262355,5603262355,0,1344,1754
5603662055,5603662053,-2,966,2371
5606224882,5606224878,-4,974,1828
5606418584,5606418599,15,1211,3069
5607701754,5607701750,-4,666,2180
5612348842,5612348836,-6,1655,5198
5612572206,5612572197,-9,868,1988
5613157078,5613157077,-1,947,1664
5613301007,5613300994,-13,82,1055
5620616317,5620616325,8,5651,1228
5623300478,5623300475,-3,716,1912
5623732602,5623732601,-1,1508,2147
5631210103,5631210108,5,3031,1887
5632993969,5632993965,-4,1136,1521
5633349044,5633349035,-9,697,1511
5643270114,5643270111,-3,1753,3164
5648779086,5648779085,-1,952,1737
5651561129,5651561123,-6,1512,4645
5652485998,5652485996,-2,1216,1913
5654048398,5654048394,-4,906,2584
5659519078,5659519076,-2,999,1421
5662441858,5662441857,-1,830,1969
5669382582,5669382580,-2,1128,2604
5670277149,5670277144,-5,1200,2378
5672880744,5672880742,-2,1536,2269
5676404610,5676404607,-3,1171,1610
5677867710,5677867705,-5,907,2658
5677910743,5677910729,-14,1299,3235
5680207806,5680207805,-1,985,1715
5680823862,5680823861,-1,1023,1954
5686385710,5686385709,-1,1374,2202
5686506662,5686506662,0,1260,2637
5689643226,5689643225,-1,512,1745
5691809827,5691809822,-5,1034,2125
5692010877,5692010878,1,1689,2061
5692515479,5692515478,-1,841,1774
5700607233,5700607231,-2,1075,1582
5700840139,5700840138,-1,856,1276
5703365537,5703365531,-6,1355,4211
5712835906,5712835910,4,1727,1183
5715108461,5715108455,-6,1386,4527
5715510390,5715510407,17,280,807
5721549161,5721549161,0,1394,1545
5722778172,5722778170,-2,995,2192
5724454551,5724454550,-1,1140,1987
5725081816,5725081813,-3,1329,2195
5727221221,5727221221,0,1193,1641
5728031564,5728031586,22,895,2140
5731813387,5731813382,-5,1189,2066
5733974023,5733974022,-1,1675,2039
5734156438,5734156434,-4,896,1393
5751131555,5751131553,-2,1285,2797
5751768687,5751768683,-4,951,2037
5752941660,5752941657,-3,887,2013
5761216959,5761216953,-6,1614,8602
5762572742,5762572738,-4,1183,2564
5763295031,5763295027,-4,630,2117
5766910082,5766910078,-4,1091,2643
5769805443,5769805441,-2,1290,2085
5770642358,5770642354,-4,995,1805
5772369815,5772369813,-2,1033,2007
5777090962,5777090960,-2,736,1713
5782351547,5782351543,-4,1369,2445
5784434738,5784434737,-1,924,1748
5797395134,5797395133,-1,1516,2415
5798304196,5798304194,-2,848,1884
5800880334,5800880332,-2,860,1796
5801754313,5801754310,-3,926,2201
5803022427,5803022423,-4,1203,3115
5803194670,5803194684,14,474,1703
5803804187,5803804182,-5,753,1706
5805080095,5805080094,-1,962,1809
5811547478,5811547475,-3,1299,2496
5813933726,5813933722,-4,616,2061
5817645219,5817645217,-2,592,1983
5822838135,5822838134,-1,1080,1978
5822998674,5822998673,-1,1425,3034
5823035119,5823035113,-6,1125,2819
5827993970,5827993969,-1,1829,2079
5834727866,5834727866,0,934,2128
5847045430,5847045431,1,1134,1486
5852679790,5852679785,-5,922,2562
5853327768,5853327766,-2,1080,2120
5853744886,5853744882,-4,806,2478
5854053078,5854053076,-2,1116,2305
5854644578,5854644573,-5,909,2606
5856090178,5856090177,-1,1129,2140
5860029640,5860029638,-2,1101,2455
5862438642,5862438638,-4,1290,2530
5871042208,5871042190,-18,8,1398
5872900806,5872900805,-1,1263,3159
5877283048,5877283047,-1,1199,2077
5879719407,5879719406,-1,1294,1831
5881373846,5881373845,-1,957,2160
5882401747,5882401745,-2,1147,1712
5882845662,5882845661,-1,1501,2071
5884649514,5884649514,0,1338,2235
5884939389,5884939386,-3,1028,2610
5886504752,5886504749,-3,1183,2422
5890714258,5890714256,-2,1099,2150
5896285338,5896285337,-1,1096,1589
5897815814,5897815810,-4,1040,2288
5898029711,5898029714,3,3104,1888
5901647354,5901647351,-3,1029,1849
5902535560,5902535557,-3,1449,2199
5906069824,5906069822,-2,1576,2671
5910011817,5910011814,-3,1117,2707
5911980517,5911980514,-3,872,2516
5921789199,5921789194,-5,696,2099
5923309543,5923309542,-1,1293,2323
5925847570,5925847570,0,986,1259
5928511847,5928511843,-4,1379,3159
5931495120,5931495119,-1,1308,1026
5932894217,5932894214,-3,1512,2406
5933719930,5933719926,-4,1048,2194
5940989600,5940989598,-2,1424,2607
5943841802,5943841801,-1,1077,1802
5952653935,5952653933,-2,1199,2545
5954393762,5954393758,-4,1130,2061
5956972442,5956972446,4,2844,1190
5958193355,5958193353,-2,1283,1855
5961459930,5961459925,-5,1106,2803
5963993697,5963993693,-4,1219,2144
5964030679,5964030683,4,413,1143
5969954104,5969954103,-1,1612,2288
5972067793,5972067798,5,1318,1423
5972357068,5972357054,-14,332,1192
5974426795,5974426791,-4,1374,2886
5978888858,5978888854,-4,1176,1827
5985054325,5985054322,-3,1598,2225
5989421017,5989421014,-3,1214,2074
5991237190,5991237193,3,6086,21837
5992125856,5992125853,-3,1161,1816
5993765052,5993765047,-5,1266,2238
5994801871,5994801869,-2,1112,1980
5995347658,5995347658,0,1525,2934
5995453232,5995453230,-2,277,1015
5999060567,5999060566,-1,1040,2009
6001271349,6001271342,-7,909,1634
6002174897,6002174895,-2,1382,2556
6002387303,6002387301,-2,1742,4026
6005638590,6005638591,1,988,1115
6006383318,6006383314,-4,1157,2679
6007345270,6007345277,7,9641,2473
6008370508,6008370506,-2,22460,13786
6011858931,6011858930,-1,925,2181
6013235480,6013235477,-3,1287,2410
6018680438,6018680434,-4,329,958
6020883527,6020883525,-2,979,2637
6021352413,6021352411,-2,1184,1556
6028556081,6028556077,-4,716,2144
6034315533,6034315531,-2,1638,1807
6037938344,6037938341,-3,1320,2638
6038077184,6038077189,5,15712,43395
6038781767,6038781766,-1,1006,2267
6039731390,6039731387,-3,746,2548
6039804472,6039804491,19,1341,2834
6043084036,6043084034,-2,1325,1914
6044497360,6044497361,1,1969,1910
6050774312,6050774309,-3,1697,2573
6053225842,6053225841,-1,1096,2506
6053626047,6053626046,-1,1328,2092
6061548017,6061548014,-3,1039,1917
6064179847,6064179845,-2,729,1378
6067340546,6067340542,-4,1130,2466
6067882851,6067882850,-1,1619,2381
6072134038,6072134035,-3,1022,1619
6072893435,6072893431,-4,1117,2501
6074047516,6074047514,-2,1111,1953
6075849428,6075849424,-4,1238,2506
6077675067,6077675065,-2,1292,1838
6078140540,6078140537,-3,1204,2844
6079064382,6079064378,-4,1210,2485
6088328882,6088328878,-4,1085,2739
6092333314,6092333312,-2,1729,2184
6098578225,6098578219,-6,1166,2747
6101059486,6101059481,-5,1239,1570
6101115639,6101115637,-2,1518,2313
6104742746,6104742743,-3,1139,2810
6105357620,6105357617,-3,1513,2049
6108653499,6108653496,-3,1115,1783
6110793437,6110793432,-5,1115,1605
6111852045,6111852043,-2,1689,2276
6113046372,6113046369,-3,1673,3323
6114102177,6114102175,-2,1376,2039
6116246581,6116246579,-2,1023,2385
6120102654,6120102654,0,1061,1432
6122850897,6122850894,-3,1582,2880
6126744006,6126744003,-3,1565,2847
6131806871,6131806869,-2,1032,1713
6133647527,6133647523,-4,1471,2569
6135454210,6135454207,-3,862,2289
6135614936,6135614955,19,1139,1606
6136055093,6136055089,-4,1061,2195
6138002688,6138002687,-1,1991,2975
6140059445,6140059446,1,2317,2334
6140499018,6140499017,-1,1096,2122
6146398372,6146398371,-1,1251,2082
6149632019,6149632023,4,2232,1079
6150100469,6150100464,-5,1204,2748
6150374631,6150374629,-2,1633,2019
6163570374,6163570371,-3,1088,2340
6164261980,6164261977,-3,994,2141
6168804291,6168804288,-3,1173,1989
6169761765,6169761786,21,946,1725
6170064240,6170064237,-3,986,1484
6172103201,6172103194,-7,997,2508
6174141575,6174141573,-2,1857,2865
6174620278,6174620274,-4,1304,2165
6174916941,6174916921,-20,1330,2080
6175524097,6175524094,-3,1424,2995
6176414917,6176414920,3,1515,1146
6176859946,6176859943,-3,1559,2248
6178672026,6178672025,-1,1831,2573
6179203983,6179203983,0,1894,2295
6183492810,6183492806,-4,1862,2335
6183619562,6183619558,-4,1101,2292
6187415232,6187415230,-2,984,2092
6189640617,6189640614,-3,1035,2282
6193721327,6193721324,-3,1232,1931
6195083752,6195083750,-2,1232,1697
6197447182,6197447181,-1,1247,1896
6198219109,6198219108,-1,1261,1250
6200245986,6200245981,-5,1198,2208
6200380757,6200380757,0,1017,1543
6201623646,6201623659,13,423,999
6202362459,6202362457,-2,1810,2399
6203073063,6203073062,-1,1510,2389
6210407386,6210407383,-3,1302,2651
6210596791,6210596790,-1,1008,2234
6215937670,6215937669,-1,956,1272
6217111116,6217111114,-2,1166,1834
6217260246,6217260242,-4,1055,2049
6219062982,6219062979,-3,1090,1227
6219367343,6219367342,-1,1255,2558
6225376429,6225376426,-3,1496,2222
6228552999,6228552996,-3,1125,2205
6228672362,6228672358,-4,1424,3041
6228955433,6228955431,-2,1468,1516
6234447324,6234447322,-2,1404,2877
6235627608,6235627601,-7,1242,3024
6237487246,6237487229,-17,1343,3071
6238501791,6238501789,-2,1684,2276
6238649862,6238649862,0,1187,1765
6240178035,6240178032,-3,1471,3561
6240539799,6240539796,-3,988,2461
6241788886,6241788885,-1,1731,1875
6244723042,6244723039,-3,980,2148
6247219727,6247219726,-1,1093,1915
6247275756,6247275754,-2,1637,2262
6247825558,6247825563,5,1386,794
6255177444,6255177448,4,1848,1207
6255833677,6255833684,7,3832,2091
6258213818,6258213818,0,1440,2021
6260996570,6260996570,0,869,1828
6261254974,6261254992,18,786,2375
6262271466,6262271463,-3,998,1982
6264167614,6264167612,-2,1052,2167
6268413642,6268413640,-2,1551,2097
6268450819,6268450817,-2,868,2630
6268661940,6268661959,19,1979,7950
6270967002,6270966998,-4,877,2361
6272413661,6272413658,-3,1520,3267
6277477130,6277477124,-6,880,224
6281281706,6281281725,19,501,1337
6282474816,6282474814,-2,1555,2361
6285765419,6285765417,-2,841,1763
6286601401,6286601396,-5,1095,2781
6298490703,6298490702,-1,968,1414
6299345449,6299345450,1,7631,9943
6303290104,6303290111,7,3121,16985
6303405644,6303405641,-3,1386,3095
6304201173,6304201163,-10,360,1531
6310106720,6310106716,-4,943,2228
6310352261,6310352252,-9,944,1936
6311850657,6311850651,-6,990,3244
6312334817,6312334815,-2,1034,1511
6313313114,6313313109,-5,1143,2616
6314712303,6314712301,-2,1009,1970
6316062808,6316062806,-2,1147,1642
6324148776,6324148771,-5,1216,3118
6324180734,6324180733,-1,813,1720
6324257990,6324258006,16,905,2763
6326332011,6326332009,-2,743,1695
6338473839,6338473835,-4,1031,2191
6340753745,6340753748,3,1949,1281
6341605270,6341605268,-2,1337,2463
6343523874,6343523874,0,1209,1602
6344184615,6344184618,3,289,864
6346679595,6346679591,-4,1304,2387
6349673610,6349673607,-3,1158,1883
6350291389,6350291386,-3,1268,2543
6356221469,6356221466,-3,1120,2213
6357274189,6357274183,-6,964,1964
6363388995,6363388995,0,1157,2272
6364243722,6364243719,-3,939,2026
6370942310,6370942308,-2,1135,2306
6374387862,6374387856,-6,843,4217
6374587422,6374587405,-17,1407,1732
6380036819,6380036816,-3,1055,2345
6380197456,6380197458,2,1897,1408
6381939898,6381939896,-2,1034,2430
6385091292,6385091291,-1,1147,2064
6389420099,6389420094,-5,1264,2255
6390395714,6390395711,-3,1625,2446
6392150111,6392150115,4,1602,1404
6392702841,6392702835,-6,22158,15445
6394715150,6394715150,0,922,1256
6397180046,6397180045,-1,707,2050
6400371277,6400371276,-1,1236,2459
6400722187,6400722186,-1,1342,2223
6401705207,6401705204,-3,1038,1898
6404090977,6404090974,-3,1432,2524
6407828484,6407828481,-3,1201,2651
6416180650,6416180668,18,488,1485
6419107203,6419107203,0,1413,2754
6421027086,6421027082,-4,648,1102
6421128498,6421128497,-1,841,2109
6428089225,6428089222,-3,1075,2006
6431380371,6431380370,-1,1342,2327
6433516594,6433516590,-4,643,1420
6434215399,6434215398,-1,1331,2328
6435260001,6435259999,-2,1760,2850
6436254172,6436254168,-4,1254,2142
6444586297,6444586297,0,1459,2557
6444795154,6444795154,0,791,2252
6445080100,6445080099,-1,1391,3296
6446483208,6446483207,-1,1212,2495
6447568314,6447568310,-4,1104,2396
6455304123,6455304118,-5,830,2256
6456563898,6456563895,-3,544,1290
6462922590,6462922577,-13,943,1961
6465180442,6465180439,-3,1225,2943
6465248973,6465248970,-3,1015,2475
6473938340,6473938339,-1,1052,1998
6474555331,6474555329,-2,960,2015
6475044987,6475044987,0,7007,10489
6475545027,6475545022,-5,881,2031
6486771454,6486771453,-1,768,1583
6487861958,6487861956,-2,672,1732
6489585346,6489585342,-4,1239,2401
6497444843,6497444840,-3,1061,2245
6498698852,6498698850,-2,1090,2757
6502894302,6502894300,-2,975,2729
6513973154,6513973153,-1,1220,2350
6518910354,6518910353,-1,859,2053
6521286012,6521286009,-3,1171,2272
6524244095,6524244092,-3,909,2571
6525558618,6525558616,-2,1035,2195
6528677998,6528677994,-4,1424,2698
6529448853,6529448848,-5,622,1540
6530528110,6530528106,-4,1158,2196
6530660097,6530660101,4,2098,1027
6531708187,6531708200,13,16894,34663
6532462591,6532462609,18,1552,3641
6534300063,6534300061,-2,1081,1287
6537319331,6537319329,-2,1434,2152
6541449202,6541449202,0,1667,1752
6543210467,6543210481,14,29168,13690
6545400063,6545400059,-4,1390,2784
6547161844,6547161839,-5,881,2537
6547866709,6547866706,-3,1420,1711
6564137112,6564137111,-1,665,1129
6565138612,6565138609,-3,917,2076
6567946180,6567946173,-7,1192,9370
6569250010,6569250006,-4,1068,2433
6571233554,6571233553,-1,1618,2455
6571439091,6571439079,-12,1079,599
6571739755,6571739752,-3,939,2003
6573038638,6573038637,-1,1356,2330
6573404683,6573404680,-3,675,1642
6575706266,6575706261,-5,914,3145
6579188458,6579188455,-3,1649,2931
6579291642,6579291641,-1,1196,2368
6585480734,6585480732,-2,937,2083
6586207015,6586207014,-1,845,1700
6588361931,6588361927,-4,1371,2146
6593532866,6593532863,-3,1018,1670
6599947498,6599947497,-1,1177,2481
6601468853,6601468846,-7,1015,2550
6601949666,6601949662,-4,1168,1615
6602523670,6602523670,0,1074,2140
6604558288,6604558285,-3,942,2357
6605704846,6605704845,-1,958,1979
6607019335,6607019331,-4,759,2056
6607128336,6607128332,-4,909,1873
6607780631,6607780645,14,1216,2329
6608190999,6608190996,-3,971,2538
6609250082,6609250078,-4,548,1229
6615924682,6615924678,-4,992,1231
6617289626,6617289625,-1,1856,2146
6618996743,6618996742,-1,1134,1690
6621199528,6621199526,-2,861,1587
6621375715,6621375711,-4,18993,7094
6622770989,6622770986,-3,1287,2209
6623497142,6623497139,-3,1264,2412
6624817055,6624817054,-1,1487,1686
6625969403,6625969407,4,1798,1707
6626597219,6626597214,-5,695,994
6627593974,6627593971,-3,985,1368
6634173946,6634173942,-4,1516,2936
6634272144,6634272141,-3,1389,2336
6634799859,6634799854,-5,1237,2529
6643089926,6643089924,-2,990,1977
6647727757,6647727750,-7,525,984
6653177014,6653177013,-1,1058,2105
6657848767,6657848762,-5,1172,2242
6660532074,6660532071,-3,1314,2771
6661046791,6661046789,-2,1061,2691
6661313869,6661313866,-3,1802,3341
6666155801,6666155798,-3,1130,1589
6669611535,6669611534,-1,1345,2023
6670910969,6670910966,-3,1066,2464
6673661146,6673661142,-4,737,1590
6676834597,6676834595,-2,1433,3068
6694986448,6694986445,-3,1520,3080
6696238650,6696238646,-4,1141,2399
6697858718,6697858717,-1,1496,2406
6698002406,6698002403,-3,1346,1826
6698249258,6698249255,-3,1057,2082
6699965229,6699965226,-3,1414,3796
6704565434,6704565438,4,2487,1221
6710162932,6710162926,-6,1127,2544
6711125698,6711125697,-1,847,2106
6714176178,6714176176,-2,1336,2389
6714709507,6714709505,-2,1084,2851
6717502074,6717502070,-4,1256,2179
6717640038,6717640034,-4,1389,1896
6718103356,6718103352,-4,1058,2809
6726369775,6726369773,-2,1307,2628
6726606581,6726606603,22,157,752
6728165484,6728165481,-3,1138,3141
6728930467,6728930462,-5,1235,2001
6733797465,6733797453,-12,1220,2151
6736335340,6736335335,-5,1360,2697
6736390003,6736390002,-1,1203,2251
6739821365,6739821363,-2,965,2212
6744309734,6744309732,-2,1114,1664
6745439078,6745439076,-2,918,1331
6746983131,6746983131,0,1758,2748
6749347554,6749347553,-1,1454,2650
6749652569,6749652567,-2,1327,3115
6750132909,6750132909,0,4691,21030
6751103574,6751103569,-5,1065,1684
6751901610,6751901607,-3,1188,2020
6754920698,6754920697,-1,900,2827
6755041496,6755041498,2,3301,1991
6755830001,6755829997,-4,1139,2019
6756415715,6756415721,6,827,1477
6757963219,6757963216,-3,876,1678
6758696688,6758696681,-7,729,1629
6759018698,6759018695,-3,1104,2298
6760893717,6760893711,-6,1120,3077
6765408409,6765408406,-3,1172,2102
6771343153,6771343150,-3,968,2163
6773933314,6773933313,-1,1327,2660
6776731760,6776731761,1,2616,3143
6777227793,6777227793,0,1219,2492
6777577446,6777577467,21,915,2041
6782522923,6782522922,-1,1152,2175
6785719171,6785719170,-1,848,1853
6787794031,6787794029,-2,958,1546
6787897806,6787897790,-16,245,1088
6789056418,6789056414,-4,1185,3015
6790472298,6790472298,0,1887,2344
6793637456,6793637461,5,2575,1935
6799168901,6799168899,-2,1069,1470
6804787795,6804787794,-1,638,1946
6805839531,6805839530,-1,868,1772
6806870921,6806870918,-3,1383,2627
6809000230,6809000229,-1,920,1858
6809608574,6809608572,-2,950,1769
6810861719,6810861714,-5,1057,2028
6814188757,6814188755,-2,932,1471
6814717775,6814717770,-5,824,2158
6816046558,6816046557,-1,1891,1838
6820120775,6820120774,-1,1219,2237
6826054210,6826054209,-1,1283,2351
6829251094,6829251110,16,11134,50409
6832322957,6832322954,-3,631,2160
6838937164,6838937162,-2,1177,2370
6839019077,6839019057,-20,1135,2266
6839900577,6839900576,-1,667,1975
6844806762,6844806760,-2,1158,1986
6846770807,6846770804,-3,1403,2957
6849426017,6849426014,-3,1006,2178
6849711252,6849711271,19,894,1607
6850552938,6850552934,-4,1057,2564
6851249521,6851249518,-3,945,1484
6852034741,6852034739,-2,1067,2085
6856485077,6856485074,-3,830,1709
6857095958,6857095960,2,645,1109
6857796972,6857796969,-3,1436,2233
6862770492,6862770473,-19,174,1054
6863356325,6863356322,-3,1275,2517
6863439391,6863439393,2,322,1126
6864372629,6864372623,-6,1318,1972
6866209385,6866209384,-1,1025,2137
6867731533,6867731530,-3,1220,1890
6868382022,6868382020,-2,1283,1596
6871353810,6871353810,0,1134,2637
6874632743,6874632746,3,1239,1297
6879812538,6879812534,-4,1116,2202
6883251639,6883251634,-5,1285,2696
6884002795,6884002794,-1,30730,23882
6889984884,6889984882,-2,1529,2027
6891908737,6891908734,-3,1233,3418
6895715404,6895715403,-1,1018,1543
6896091356,6896091353,-3,1543,2669
6897616414,6897616411,-3,1317,2796
6899841682,6899841681,-1,1196,1256
6902266358,6902266354,-4,1450,3735
6903107895,6903107893,-2,1355,1455
6904429010,6904429006,-4,1181,1973
6905208683,6905208668,-15,56162,10525
6905284106,6905284108,2,1068,2167
6906962433,6906962431,-2,1073,2205
6907503478,6907503477,-1,1182,2199
6909367406,6909367402,-4,996,2622
6911662447,6911662445,-2,1109,2287
6912135623,6912135620,-3,1057,2909
6912607463,6912607462,-1,844,762
6916804170,6916804168,-2,22071,17210
6917857426,6917857422,-4,1014,2197
6922053616,6922053614,-2,1438,3144
6923456742,6923456741,-1,684,1460
6928782523,6928782522,-1,1361,2144
6930463246,6930463245,-1,1312,2489
6932561591,6932561589,-2,883,2034
6935111873,6935111869,-4,964,2194
6938579450,6938579446,-4,1586,2681
6938803782,6938803787,5,1634,1105
6939190967,6939190966,-1,1062,1958
6940982027,6940982027,0,889,1168
6942156466,6942156463,-3,987,1908
6942976145,6942976141,-4,1304,2855
6944578142,6944578146,4,1869,1566
6952660703,6952660700,-3,1114,2450
6953263042,6953263038,-4,1823,2771
6960050115,6960050111,-4,1111,1915
6968738461,6968738457,-4,1442,4349
6972667770,6972667767,-3,1414,3322
6974080765,6974080783,18,472,1542
6977775592,6977775588,-4,855,1386
6980398478,6980398473,-5,994,3371
6981039183,6981039182,-1,1406,1771
6981084287,6981084283,-4,1059,2142
6982181774,6982181770,-4,1126,2435
6982666647,6982666646,-1,886,1645
6986318159,6986318158,-1,1242,1592
6986807919,6986807915,-4,779,1901
6987959955,6987959952,-3,1080,3239
6989212038,6989212037,-1,1092,3124
6990014499,6990014497,-2,1024,1912
6990237986,6990237986,0,1574,1821
6992481468,6992481474,6,5997,2702
6992660939,6992660936,-3,1050,2298
6995974343,6995974340,-3,829,1869
6996726607,6996726604,-3,789,2235
6997578534,6997578518,-16,291,667
7000470026,7000470024,-2,941,2741
7003552102,7003552095,-7,1054,2680
7003640542,7003640536,-6,577,1574
7003849002,7003848998,-4,1117,2087
7004352222,7004352220,-2,1176,2253
7007153421,7007153420,-1,1390,1619
7009716792,7009716789,-3,798,2381
7011525650,7011525649,-1,1437,3080
7016387089,7016387086,-3,1131,2489
7017135383,7017135400,17,884,2659
7019303942,7019303940,-2,916,2133
7019520014,7019520033,19,1141,2102
7023496377,7023496375,-2,2899,4796
7023898442,7023898439,-3,976,2466
7024162190,7024162186,-4,1399,2959
7026250022,7026250019,-3,949,2372
7029843751,7029843746,-5,1230,1371
7036959456,7036959453,-3,989,1833
7046811187,7046811183,-4,1329,2278
7047178931,7047178928,-3,1424,2163
7048249039,7048249042,3,1201,1830
7048928222,7048928219,-3,1134,2030
7049742617,7049742613,-4,1491,2512
7050280787,7050280783,-4,1376,3275
7051192370,7051192366,-4,1254,2442
7051843662,7051843661,-1,1074,1869
7052406053,7052406050,-3,1171,2866
7053874066,7053874059,-7,1568,3396
7054580400,7054580398,-2,1085,2150
7057650070,7057650070,0,1054,1676
7061367230,7061367225,-5,1016,2325
7063419271,7063419267,-4,2138,4826
7063984524,7063984522,-2,46220,17081
7067395299,7067395298,-1,1367,2774
7068299126,7068299124,-2,1301,2525
7078315304,7078315301,-3,1066,2198
7079305673,7079305674,1,1806,1796
7085670790,7085670787,-3,977,2305
7090727781,7090727777,-4,684,2255
7091607909,7091607908,-1,1535,3781
7092973547,7092973544,-3,860,1877
7093031051,7093031045,-6,934,2419
7094777487,7094777485,-2,1076,1866
7096603213,7096603214,1,2008,1776
7096797884,7096797882,-2,1695,2643
7101683703,7101683700,-3,890,2278
7106368197,7106368192,-5,932,2127
7107354522,7107354519,-3,1334,2947
7110575734,7110575733,-1,1036,2333
7112221941,7112221938,-3,1310,2143
7117717179,7117717174,-5,19831,13006
7117989862,7117989861,-1,1398,1993
7120820210,7120820209,-1,1407,2490
7130663670,7130663670,0,3471,4196
7132368117,7132368114,-3,1402,1698
7133446798,7133446795,-3,956,2155
7134973799,7134973793,-6,1114,2699
7137052317,7137052315,-2,1047,1516
7137521470,7137521467,-3,1348,2753
7145946904,7145946900,-4,642,1804
7154479958,7154479954,-4,1032,2047
7156363209,7156363190,-19,1043,1543
7161097203,7161097202,-1,930,2928
7161685925,7161685921,-4,1238,2566
7162454070,7162454069,-1,876,1466
7163722975,7163722969,-6,164,830
7171034179,7171034178,-1,1218,2430
7173022686,7173022684,-2,932,1662
7176689563,7176689561,-2,944,2207
7176817214,7176817235,21,540,1417
7180019079,7180019075,-4,1607,3102
7181098138,7181098143,5,2730,993
7186430563,7186430560,-3,1110,2051
7188884361,7188884364,3,1117,1440
7195112100,7195112101,1,1368,1652
7197578685,7197578683,-2,1327,2094
7206141570,7206141567,-3,1070,2648
7206791895,7206791885,-10,1146,1852
7208402523,7208402519,-4,1046,2745
7209642747,7209642743,-4,1282,3804
7210557101,7210557099,-2,797,1330
7212899671,7212899675,4,4224,2515
7213274229,7213274226,-3,959,2441
7213633601,7213633598,-3,1381,3174
7215288521,7215288525,4,1469,995
7216272862,7216272857,-5,1266,3577
7216737794,7216737794,0,1387,2411
7219035915,7219035909,-6,1057,3623
7220519622,7220519620,-2,910,1873
7221266911,7221266911,0,1755,1871
7223153278,7223153274,-4,1354,2509
7231827271,7231827279,8,950,425
7236074777,7236074781,4,1860,1615
7236105014,7236105011,-3,741,1461
7239247140,7239247136,-4,1524,15125
7241185217,7241185214,-3,1055,2544
7241661277,7241661276,-1,894,1721
7242828614,7242828610,-4,1264,3334
7242986661,7242986658,-3,930,1767
7244447571,7244447567,-4,792,1618
7247577305,7247577302,-3,1441,2310
7249114246,7249114251,5,3473,1538
7252056105,7252056101,-4,1218,2711
7253984455,7253984452,-3,962,2275
7254530747,7254530747,0,1128,1614
7260328624,7260328623,-1,1004,1416
7263548350,7263548348,-2,1142,1851
7271672831,7271672829,-2,1171,2203
7279128626,7279128624,-2,967,2137
7284027427,7284027425,-2,1475,2594
7284197300,7284197298,-2,1021,1255
7284282861,7284282877,16,203,839
7289330878,7289330882,4,1744,1765
7289669251,7289669246,-5,1023,3137
7293159108,7293159103,-5,997,2602
7295714345,7295714357,12,1112,1987
7298031921,7298031918,-3,1151,1859
7298267286,7298267303,17,638,2049
7300380054,7300380062,8,11020,34349
7301403084,7301403081,-3,1038,2072
7301572596,7301572593,-3,1312,1928
7301781246,7301781246,0,888,1469
7302929967,7302929965,-2,943,2174
7305485651,7305485650,-1,1530,1942
7307144586,7307144585,-1,1081,2161
7308315066,7308315074,8,4047,1269
7312296013,7312296010,-3,981,2155
7312349478,7312349477,-1,1219,1812
7312826285,7312826277,-8,1051,1760
7315038610,7315038607,-3,1238,2249
7332566187,7332566186,-1,1352,3301
7333865859,7333865858,-1,1146,1602
7334934550,7334934546,-4,1245,2441
7335029247,7335029246,-1,957,2214
7335392285,7335392281,-4,1291,2338
7337327177,7337327174,-3,1526,1446
7344082057,7344082056,-1,839,2167
7345643399,7345643397,-2,1127,2229
7352276633,7352276632,-1,1448,2240
7353536080,7353536101,21,822,2011
7353887128,7353887126,-2,1437,3007
7354542203,7354542201,-2,819,1723
7362890587,7362890585,-2,925,2222
7365521149,7365521149,0,890,2036
7367240053,7367240052,-1,734,1385
7377672814,7377672795,-19,872,1147
7380306920,7380306915,-5,1185,2634
7380472542,7380472539,-3,1233,1683
7380673122,7380673121,-1,1437,3281
7386886388,7386886387,-1,1087,1631
7387001374,7387001393,19,1193,2008
7390702524,7390702522,-2,937,1995
7393074882,7393074879,-3,939,1525
7398916016,7398916009,-7,1222,2581
7401372318,7401372315,-3,1184,2058
7409339325,7409339318,-7,945,3420
7411179462,7411179461,-1,1688,2582
7415025444,7415025452,8,48,1366
7418260051,7418260049,-2,686,2011
7427306039,7427306036,-3,1095,2447
7428991066,7428991062,-4,1001,2246
7433599435,7433599434,-1,929,2076
7433878689,7433878688,-1,1235,2533
7437556009,7437556014,5,3758,1779
7439989768,7439989766,-2,1532,1866
7440090207,7440090227,20,978,1269
7440331530,7440331527,-3,1250,2827
7441880783,7441880780,-3,1106,2222
7448516058,7448516058,0,1281,2047
7448811343,7448811341,-2,986,2378
7451839622,7451839603,-19,304,910
7455121906,7455121902,-4,1320,3212
7455840362,7455840358,-4,957,1453
7458036379,7458036382,3,3168,2084
7460056805,7460056804,-1,1102,2016
7465257451,7465257447,-4,1352,2736
7465767998,7465768019,21,288,1180
7469569351,7469569347,-4,1084,2773
7475122787,7475122784,-3,1009,2506
7475596426,7475596418,-8,1275,5366
7476119937,7476119934,-3,947,2085
7482168487,7482168486,-1,1923,3227
7486441051,7486441047,-4,1273,2715
7489769779,7489769775,-4,930,2015
7489893688,7489893701,13,1099,2079
7494985852,7494985838,-14,267,886
7499089720,7499089717,-3,1435,3076
7501452073,7501452071,-2,1371,3050
7502394721,7502394719,-2,1376,2825
7503338571,7503338566,-5,748,2095
7509042787,7509042786,-1,1201,1820
7509703861,7509703882,21,793,1808
7514645363,7514645357,-6,853,2818
7515819525,7515819522,-3,1012,1691
7516071692,7516071715,23,603,1932
7521687693,7521687700,7,4737,1218
7524146738,7524146735,-3,1024,2568
7524581419,7524581426,7,3317,1016
7526710567,7526710565,-2,1212,2220
7526757437,7526757427,-10,1046,2111
7529150009,7529150006,-3,1298,1902
7529619694,7529619694,0,1553,1836
7530204762,7530204753,-9,42179,13741
7531019209,7531019207,-2,1008,1861
7534682795,7534682794,-1,1194,2301
7536910168,7536910166,-2,1734,3102
7539317887,7539317884,-3,1110,2099
7539644193,7539644190,-3,1330,3019
7540230095,7540230090,-5,1054,3365
7542304475,7542304472,-3,1330,2269
7545583293,7545583291,-2,1039,2418
7549271031,7549271029,-2,1007,1960
7551718230,7551718227,-3,1124,1446
7553664827,7553664825,-2,1676,3027
7556176150,7556176149,-1,1463,2434
7559839490,7559839488,-2,651,1591
7566441006,7566441008,2,941,1662
7566929891,7566929890,-1,1079,1921
7568890509,7568890507,-2,1333,2491
7570351522,7570351519,-3,990,1362
7574097497,7574097495,-2,1373,2429
7575289983,7575290000,17,3154,1434
7577927175,7577927173,-2,1492,3102
7579416454,7579416453,-1,753,1160
7580979435,7580979433,-2,932,2293
7581871960,7581871961,1,949,1114
7585760719,7585760718,-1,930,1983
7591728727,7591728725,-2,1673,2219
7597096879,7597096877,-2,1014,1691
7600973519,7600973518,-1,967,2135
7602301822,7602301821,-1,1122,2665
7603374244,7603374243,-1,1480,1573
7611468342,7611468341,-1,1439,2757
7612100491,7612100489,-2,935,1770
7613677814,7613677811,-3,436,1298
7614766769,7614766766,-3,1261,2362
7618957298,7618957298,0,1286,1984
7620696267,7620696267,0,1148,1615
7621658544,7621658558,14,192,841
7625503323,7625503321,-2,1305,2442
7633287370,7633287371,1,1915,2075
7635891099,7635891101,2,2769,2295
7637098930,7637098928,-2,1081,2725
7637937537,7637937542,5,4462,1776
7639674417,7639674419,2,1503,2070
7642406017,7642406013,-4,1156,2315
7642790281,7642790277,-4,956,1763
7648815927,7648815922,-5,1166,1917
7649140110,7649140107,-3,1426,1764
7650550342,7650550341,-1,8220,13519
7655506030,7655506026,-4,1179,2188
7656210513,7656210509,-4,1192,2312
7658802543,7658802539,-4,909,2007
7663101271,7663101269,-2,823,1915
7665223726,7665223725,-1,1722,1726
7672807959,7672807957,-2,497,1414
7679964241,7679964239,-2,1082,2101
7681591942,7681591938,-4,918,1678
7682770864,7682770859,-5,1137,1903
7683290715,7683290714,-1,1234,1966
7691095141,7691095145,4,2555,1333
7695501098,7695501095,-3,1113,1801
7698782550,7698782546,-4,1238,2436
7711754708,7711754702,-6,676,2255
7713167930,7713167929,-1,1174,2139
7713244278,7713244278,0,1527,2315
7719547123,7719547119,-4,1046,2652
7721037331,7721037328,-3,974,1662
7721470932,7721470921,-11,570,1005
7722788446,7722788444,-2,1319,3094
7722895564,7722895562,-2,1648,3614
7730424771,7730424771,0,819,1666
7733426179,7733426178,-1,1229,2656
7746727831,7746727829,-2,1324,1757
7749731994,7749731989,-5,1234,2706
7751909641,7751909638,-3,1190,2146
7752124802,7752124800,-2,220,1448
7752650001,7752649994,-7,1550,7498
7758281530,7758281530,0,819,1858
7760045528,7760045531,3,1932,1099
7765301817,7765301814,-3,1300,3310
7766314321,7766314319,-2,802,1753
7775077114,7775077112,-2,1111,2212
7775491937,7775491936,-1,950,2686
7775672107,7775672103,-4,1329,2624
7782719050,7782719049,-1,1481,2781
7783351478,7783351472,-6,993,2957
7784474334,7784474333,-1,1132,1730
7785799134,7785799131,-3,1195,2816
7793439267,7793439246,-21,976,2183
7795940337,7795940332,-5,1167,3595
7796401493,7796401502,9,37,409
7811039765,7811039760,-5,1022,2404
7825602882,7825602878,-4,1327,3281
7826290387,7826290384,-3,744,1348
7828668934,7828668933,-1,1374,2383
7829430527,7829430514,-13,916,1867
7833541229,7833541226,-3,1278,2470
7836639109,7836639107,-2,1105,2565
7837148326,7837148322,-4,810,1449
7838047245,7838047241,-4,1573,3188
7840972978,7840972974,-4,881,1449
7842138947,7842138946,-1,1275,2351
7848977602,7848977599,-3,1379,2086
7850841503,7850841501,-2,1274,2030
7852875737,7852875735,-2,992,1950
7854259245,7854259251,6,3465,1740
7854547903,7854547909,6,3012,1678
7855650735,7855650733,-2,1562,1916
7856309192,7856309190,-2,1217,1381
7857436525,7857436523,-2,1066,1713
7858380071,7858380064,-7,1048,2150
7859645252,7859645250,-2,1368,2847
7861670185,7861670182,-3,991,3109
7863618831,7863618828,-3,904,1501
7864582826,7864582828,2,3533,3667
7864611792,7864611788,-4,1186,1851
7865819246,7865819239,-7,2482,8121
7872509387,7872509386,-1,1251,2344
7878238578,7878238574,-4,1016,1540
7885105207,7885105204,-3,1218,2522
7885739307,7885739305,-2,929,1580
7888618049,7888618047,-2,1271,2241
7893036681,7893036678,-3,1236,1644
7895560254,7895560250,-4,1242,1952
7896813874,7896813871,-3,1188,2249
7897615029,7897615026,-3,2006,2923
7900916543,7900916540,-3,1145,2095
7902963497,7902963496,-1,1088,1725
7907254741,7907254739,-2,933,2150
7910890832,7910890830,-2,1151,3175
7911926975,7911926973,-2,1119,1623
7912481498,7912481496,-2,1004,2492
7913350845,7913350842,-3,1003,2084
7914684791,7914684789,-2,960,2421
7920894754,7920894748,-6,27740,11088
7924783861,7924783860,-1,1300,1960
7926545789,7926545785,-4,1172,2375
7932299768,7932299766,-2,1642,2954
7933622901,7933622922,21,254,51
7934709871,7934709878,7,3599,1141
7934912200,7934912193,-7,1014,4001
7940090702,7940090702,0,764,2312
7943461936,7943461933,-3,525,942
7947193471,7947193469,-2,974,972
7947522508,7947522506,-2,1361,1749
7949559168,7949559166,-2,1452,2096
7950964822,7950964821,-1,1077,2437
7951181807,7951181802,-5,217,1161
7956758554,7956758551,-3,1111,2437
7960255481,7960255477,-4,1144,2098
7960990045,7960990061,16,274,887
7961847483,7961847484,1,1432,1538
7964272435,7964272430,-5,1265,1996
7965646982,7965646978,-4,950,1690
7968253087,7968253085,-2,750,855
7972125428,7972125431,3,2601,2680
7986321782,7986321779,-3,1295,2790
7988598505,7988598510,5,2650,1258
7989574721,7989574721,0,1125,1489
7990495213,7990495213,0,2348,3164
7995824426,7995824423,-3,1147,2921
7997890266,7997890265,-1,1162,2344
8002820062,8002820059,-3,1195,2865
8004675520,8004675517,-3,1558,3450
8009213555,8009213552,-3,795,1600
8012140294,8012140290,-4,1254,2101
8012611506,8012611509,3,2894,3021
8013973190,8013973187,-3,1195,1832
8014180199,8014180197,-2,1107,2308
8023715993,8023715995,2,3134,3412
8025785110,8025785108,-2,874,2317
8026285921,8026285917,-4,1192,2291
8028896557,8028896554,-3,1270,2521
8029673989,8029673986,-3,999,1701
8030150095,8030150093,-2,1314,2115
8030582507,8030582505,-2,1049,1940
8031437924,8031437922,-2,742,2113
8035395441,8035395440,-1,825,1929
8037286869,8037286865,-4,1472,2878
8037760086,8037760083,-3,1719,2646
8038348610,8038348606,-4,1531,2212
8038441247,8038441246,-1,1169,2109
8038865158,8038865177,19,618,1736
8043667056,8043667059,3,1873,1528
8044285150,8044285146,-4,940,1513
8048396894,8048396891,-3,1000,2719
8049054475,8049054470,-5,1083,2071
8049375434,8049375439,5,2156,1018
8058012238,8058012234,-4,1494,3051
8059071026,8059071022,-4,1468,2436
8062935688,8062935686,-2,1088,2830
8066956274,8066956272,-2,1798,2539
8067556197,8067556195,-2,837,1825
8068088110,8068088128,18,753,2444
8078852570,8078852566,-4,1234,2419
8079233036,8079233034,-2,1102,1785
8083340234,8083340232,-2,1311,2494
8088096290,8088096291,1,1623,1396
8093783321,8093783318,-3,1134,2217
8095735986,8095735982,-4,1266,3151
8097019608,8097019606,-2,1140,2436
8097918576,8097918595,19,991,2264
8104113570,8104113567,-3,975,2250
8108244635,8108244633,-2,1237,1844
8110035695,8110035693,-2,808,1729
8115733322,8115733321,-1,1363,2344
8116200057,8116200053,-4,755,2177
8117735375,8117735373,-2,1206,2127
8124927090,8124927086,-4,1003,2426
8126476750,8126476746,-4,872,2137
8126799093,8126799085,-8,1252,1563
8127019781,8127019778,-3,1154,2717
8129412411,8129412406,-5,1733,6210
8137671476,8137671473,-3,1250,1687
8141839391,8141839386,-5,1491,6136
8146248838,8146248837,-1,1214,2042
8151489111,8151489107,-4,1085,2498
8155458653,8155458650,-3,1430,2123
8157101442,8157101439,-3,852,1957
8164261743,8164261739,-4,1563,3630
8165103414,8165103410,-4,1599,2945
8165415819,8165415819,0,967,1341
8168745534,8168745530,-4,1025,2242
8171901410,8171901406,-4,1696,1585
8174905667,8174905665,-2,1421,2030
8179485642,8179485650,8,10280,1795
8185766649,8185766647,-2,915,1864
8194596294,8194596297,3,7174,36266
8195929239,8195929235,-4,862,2008
8198228723,8198228729,6,1605,948
8201656994,8201656992,-2,1395,2519
8205240942,8205240941,-1,1128,2813
8208145624,8208145621,-3,923,1985
8208391120,8208391135,15,1065,2099
8208760151,8208760148,-3,1114,2014
8209930221,8209930219,-2,1193,1958
8210515873,8210515869,-4,1120,2514
8212568849,8212568850,1,2229,3194
8214813101,8214813098,-3,1278,2034
8217184039,8217184044,5,913,566
8217290253,8217290251,-2,1161,2444
8219506084,8219506080,-4,1107,2496
8222528127,8222528125,-2,1449,2846
8231141290,8231141299,9,2782,748
8231219031,8231219030,-1,1275,1893
8234651099,8234651100,1,1098,1377
8234963947,8234963945,-2,1040,1757
8235606874,8235606871,-3,1182,2416
8237009759,8237009758,-1,1043,2072
8238437979,8238437974,-5,1260,2431
8238814025,8238814025,0,1591,2378
8243386237,8243386234,-3,1316,1845
8245574542,8245574538,-4,1245,1823
8246817947,8246817925,-22,1445,1327
8247448365,8247448362,-3,1216,2553
8251899339,8251899337,-2,1068,2484
8256314994,8256314993,-1,1427,3109
8260839654,8260839650,-4,1138,2366
8260920941,8260920930,-11,1203,2048
8263168425,8263168421,-4,798,2444
8267261917,8267261915,-2,1119,1712
8274308661,8274308659,-2,1472,2156
8275105802,8275105801,-1,1252,2004
8290894565,8290894564,-1,997,2486
8293539907,8293539902,-5,1423,3884
8293900759,8293900757,-2,1185,2266
8295477254,8295477254,0,1060,1540
8301077771,8301077767,-4,815,1980
8302178115,8302178118,3,1981,2065
8308767611,8308767607,-4,1348,1688
8312414948,8312414945,-3,660,1068
8314827439,8314827434,-5,1079,2407
8316480277,8316480274,-3,1571,2909
8323191386,8323191364,-22,1219,1753
8325791339,8325791335,-4,1600,3090
8326365524,8326365520,-4,937,2037
8328524891,8328524889,-2,828,2564
8331074849,8331074844,-5,964,2053
8332191015,8332191013,-2,826,1719
8335368870,8335368869,-1,1390,1957
8335636943,8335636939,-4,1268,2750
8337300759,8337300757,-2,1264,2419
8337417701,8337417698,-3,1025,2100
8342107772,8342107770,-2,778,1982
8342367674,8342367672,-2,1285,2014
8344367787,8344367786,-1,647,1381
8349875330,8349875329,-1,1430,2324
8351846490,8351846490,0,1021,1193
8352273174,8352273171,-3,887,2684
8353088621,8353088618,-3,940,2071
8358344935,8358344931,-4,1422,1959
8360354537,8360354533,-4,1376,2960
8361114948,8361114945,-3,1195,1812
8366410006,8366410003,-3,1333,3009
8369315707,8369315706,-1,932,1073
8376019009,8376019005,-4,1090,1763
8376236910,8376236906,-4,954,1860
8376592568,8376592562,-6,1218,1957
8380021235,8380021231,-4,811,1981
8380418213,8380418214,1,436,907
8383623271,8383623269,-2,1740,4487
8384147709,8384147715,6,2461,1406
8386973785,8386973787,2,1470,898
8393089166,8393089169,3,1001,1353
8395598915,8395598911,-4,1470,2110
8397257770,8397257767,-3,1379,2388
8398522093,8398522085,-8,1430,423
8399605222,8399605221,-1,10169,17481
8401128687,8401128693,6,5965,2494
8410389830,8410389830,0,1283,1575
8410693950,8410693950,0,37072,23588
8412392386,8412392385,-1,1247,2892
8415495862,8415495857,-5,1019,2107
8416031726,8416031723,-3,460,561
8419905070,8419905066,-4,1327,2155
8422982641,8422982641,0,1100,1713
8423065815,8423065814,-1,1212,2382
8430613025,8430613022,-3,1050,2984
8430771337,8430771332,-5,1055,2302
8430941288,8430941288,0,29062,84393
8431435038,8431435038,0,863,1229
8433808145,8433808142,-3,949,1794
8434111122,8434111122,0,1155,1819
8435140673,8435140670,-3,1230,3071
8436839063,8436839059,-4,1258,2540
8440548170,8440548166,-4,992,2120
8440894828,8440894833,5,4967,2901
8441426817,8441426813,-4,1235,2390
8442012038,8442012037,-1,1225,2694
8445783994,8445783992,-2,1250,2426
8448321071,8448321067,-4,1249,1898
8449990797,8449990794,-3,1185,2625
8453285603,8453285597,-6,746,2008
8457995810,8457995810,0,738,1342
8459729571,8459729570,-1,1112,1983
8461479586,8461479581,-5,1377,2862
8461967332,8461967332,0,1192,1553
8462504735,8462504734,-1,1698,1659
8464351885,8464351880,-5,1062,2791
8466174170,8466174170,0,1028,1442
8473970438,8473970435,-3,836,2254
8476457803,8476457802,-1,943,1756
8477498650,8477498650,0,1091,2182
8479389407,8479389404,-3,927,2092
8480992862,8480992871,9,11285,31342
8481540994,8481540994,0,1297,1700
8481635430,8481635427,-3,1435,1773
8484266462,8484266458,-4,1341,2140
8484974535,8484974516,-19,171,761
8486775414,8486775411,-3,1302,2006
8487801460,8487801466,6,65811,30925
8488543397,8488543419,22,1145,1513
8489199370,8489199369,-1,1179,1696
8493028381,8493028377,-4,1113,2291
8493227700,8493227722,22,1017,2434
8495116389,8495116389,0,1268,2299
8495288879,8495288895,16,345,1282
8496321726,8496321725,-1,830,1592
8496557695,8496557685,-10,1059,2340
8497447861,8497447859,-2,1576,3069
8501250710,8501250709,-1,2468,3751
8501513805,8501513801,-4,851,1991
8509529939,8509529937,-2,918,2626
8509760460,8509760462,2,800,1485
8512915875,8512915874,-1,1246,2187
8514262598,8514262595,-3,1308,1580
8515407834,8515407834,0,1094,1409
8518342213,8518342210,-3,1136,2095
8519439620,8519439617,-3,734,956
8521086292,8521086290,-2,792,3314
8521472863,8521472865,2,271,971
8523785097,8523785092,-5,1005,2333
8526814828,8526814829,1,2422,2897
8527361692,8527361693,1,1705,1590
8532414795,8532414790,-5,834,1971
8535783952,8535783948,-4,1045,2259
8545654998,8545654993,-5,1609,3421
8546204735,8546204731,-4,876,2609
8546425269,8546425270,1,203,666
8554532944,8554532946,2,1106,1597
8559343522,8559343521,-1,1186,2405
8559394998,8559394995,-3,1080,1723
8559909196,8559909213,17,633,1247
8561386274,8561386273,-1,692,991
8562478156,8562478152,-4,1735,2798
8562820118,8562820115,-3,1215,2804
8564059968,8564059965,-3,922,1236
8568029422,8568029421,-1,1290,2470
8568829839,8568829845,6,9950,30720
8571536834,8571536833,-1,1534,2436
8575504563,8575504561,-2,900,1739
8578638699,8578638698,-1,690,1134
8590273723,8590273720,-3,1228,2317
8594614566,8594614564,-2,938,1485
8597413629,8597413625,-4,914,1668
8597707185,8597707184,-1,1044,2155
8598177461,8598177461,0,1077,1434
8602289619,8602289618,-1,860,1267
8610434883,8610434879,-4,1379,2184
8613824571,8613824549,-22,2335,1904
8618329532,8618329529,-3,1435,2061
8621042239,8621042239,0,537,1400
8621763714,8621763711,-3,622,2041
8625122066,8625122062,-4,2044,2237
8627112121,8627112122,1,1228,1325
8628901650,8628901648,-2,1056,2382
8631562271,8631562266,-5,1192,2007
8632139469,8632139463,-6,1832,2128
8635665825,8635665821,-4,1316,2678
8640462259,8640462255,-4,961,2134
8643480527,8643480527,0,1163,1922
8646901089,8646901089,0,1037,2787
8648351958,8648351977,19,263,707
8650865753,8650865751,-2,689,1244
8651224767,8651224759,-8,15,514
8651614349,8651614346,-3,1026,2335
8651912077,8651912074,-3,1025,2980
8661055038,8661055035,-3,1233,1678
8661100805,8661100818,13,1205,5604
8666842521,8666842510,-11,1439,2056
8668597916,8668597912,-4,52327,15487
8668787340,8668787336,-4,844,2331
8670573943,8670573937,-6,834,2562
8670767843,8670767842,-1,2164,2580
8671566994,8671566991,-3,1047,1157
8672421270,8672421255,-15,1097,2267
8672458351,8672458349,-2,1296,1741
8682789369,8682789366,-3,1412,2331
8683755438,8683755420,-18,242,695
8686721479,8686721473,-6,600,1651
8693102511,8693102510,-1,659,1540
8693944308,8693944305,-3,1375,2849
8698038937,8698038933,-4,2527,7013
8700947306,8700947303,-3,770,1692
8701507155,8701507154,-1,1648,1799
8701855846,8701855867,21,750,1568
8704853796,8704853802,6,5726,1559
8709104978,8709104973,-5,836,2005
8709993240,8709993235,-5,1251,2040
8711211315,8711211313,-2,1148,1679
8711467559,8711467545,-14,194,731
8711982400,8711982398,-2,1934,2637
8712204293,8712204290,-3,1021,1534
8713853107,8713853104,-3,1316,2313
8714073041,8714073038,-3,1195,2576
8715483738,8715483734,-4,1269,1801
8717098891,8717098890,-1,683,1482
8720380776,8720380773,-3,1142,1313
8725500777,8725500774,-3,914,2373
8727676549,8727676549,0,1074,1659
8742090229,8742090226,-3,1353,2559
8744839737,8744839733,-4,1022,1218
8748260463,8748260458,-5,779,2406
8752486481,8752486482,1,1344,2001
8753096705,8753096704,-1,672,1577
8753422093,8753422081,-12,205,1290
8753714486,8753714486,0,1801,2614
8754703006,8754703002,-4,1216,2530
8758606245,8758606250,5,2427,1152
8763515286,8763515285,-1,755,2477
8769883075,8769883073,-2,1100,1749
8772447278,8772447274,-4,1274,2111
8773807136,8773807129,-7,896,1860
8774320512,8774320510,-2,1841,2237
8775693456,8775693453,-3,1147,2394
8780933300,8780933299,-1,1868,2291
8781535755,8781535754,-1,1455,2944
8784435459,8784435455,-4,1204,2185
8784474405,8784474422,17,494,1114
8786053013,8786053010,-3,1466,2769
8786514898,8786514894,-4,1211,1948
8786704860,8786704857,-3,1142,2473
8788220856,8788220858,2,1459,1474
8794707947,8794707941,-6,769,1873
8807813262,8807813261,-1,1415,1889
8814321524,8814321518,-6,791,1442
8815144498,8815144495,-3,1229,2499
8816325799,8816325796,-3,964,1877
8821890641,8821890645,4,2040,1843
8826948926,8826948924,-2,977,2450
8831755437,8831755435,-2,791,2090
8836583122,8836583127,5,1563,1193
8838870987,8838870983,-4,1120,3101
8840244411,8840244408,-3,1053,1753
8842549026,8842549022,-4,1469,2448
8847036823,8847036820,-3,1522,2237
8849748279,8849748279,0,1943,1492
8850810146,8850810145,-1,922,1718
8852679054,8852679050,-4,1035,3401
8852822387,8852822385,-2,1141,3128
8853201078,8853201094,16,9,732
8856465805,8856465801,-4,1123,2044
8863530645,8863530643,-2,847,1316
8863651162,8863651161,-1,1112,1863
8868233846,8868233843,-3,943,1746
8873435595,8873435592,-3,1045,1526
8875007970,8875007968,-2,516,1341
8878162148,8878162146,-2,745,1873
8880221255,8880221253,-2,1263,1663
8882836574,8882836571,-3,729,2785
8885385314,8885385309,-5,1352,2778
8885545748,8885545734,-14,1188,2306
8889110502,8889110499,-3,1633,2707
8892439368,8892439366,-2,725,1202
8893714494,8893714492,-2,1287,2301
8894097075,8894097072,-3,1094,3332
8894740510,8894740510,0,1297,1599
8897051946,8897051947,1,1117,1941
8901763150,8901763148,-2,1793,2804
8908969263,8908969261,-2,1117,2475
8912676206,8912676206,0,554,835
8914060373,8914060369,-4,1075,2028
8915394738,8915394738,0,1173,1840
8915686367,8915686365,-2,891,1632
8916745498,8916745494,-4,1470,2574
8917610633,8917610630,-3,785,1582
8921712079,8921712075,-4,1301,3155
8924885677,8924885682,5,1964,1191
8926306861,8926306859,-2,1102,2539
8927867490,8927867489,-1,944,1942
8928878565,8928878563,-2,1201,2772
8932224286,8932224282,-4,644,1846
8932727042,8932727039,-3,851,3537
8936267634,8936267638,4,3225,1781
8937118633,8937118630,-3,1253,3176
8938812382,8938812401,19,616,1220
8939473530,8939473527,-3,1097,2486
8941769086,8941769083,-3,963,2295
8943760098,8943760102,4,2856,2020
8947745919,8947745917,-2,1391,2411
8951380019,8951380013,-6,1367,4706
8953048344,8953048340,-4,1311,2578
8962815791,8962815788,-3,729,2790
8963023459,8963023457,-2,1017,2346
8963229995,8963229992,-3,687,1831
8964434386,8964434382,-4,794,1732
8968245879,8968245877,-2,697,1863
8969819052,8969819037,-15,988,3154
8971087788,8971087788,0,1297,2312
8971670501,8971670498,-3,1407,2187
8973073274,8973073270,-4,906,1728
8973350400,8973350399,-1,243,980
8973664679,8973664678,-1,1394,1706
8975265694,8975265694,0,838,1690
8984264678,8984264677,-1,1705,2887
8984842331,8984842334,3,2358,1612
8986802833,8986802847,14,791,1646
8987483173,8987483159,-14,1160,2099
8988925466,8988925461,-5,865,3005
8990103430,8990103425,-5,1005,2150
8991393006,8991393002,-4,1438,3074
8993440028,8993440030,2,2588,2086
8994252672,8994252670,-2,1091,1050
8994563198,8994563194,-4,823,1980
8999674919,8999674925,6,2530,1510
9001896870,9001896867,-3,1491,2913
9008738451,9008738449,-2,838,1485
9009015411,9009015409,-2,857,2129
9011141396,9011141395,-1,1176,2441
9011811287,9011811285,-2,1359,2020
9013782555,9013782552,-3,1232,2225
9019296303,9019296302,-1,842,2334
9019342856,9019342856,0,2307,1829
9019874506,9019874505,-1,1438,2984
9020273465,9020273462,-3,1399,2913
9021079351,9021079350,-1,1173,2092
9027188009,9027188008,-1,830,1633
9028572343,9028572340,-3,1061,2435
9029146210,9029146209,-1,1356,2482
9033152159,9033152156,-3,896,2199
9033435339,9033435337,-2,1159,2225
9034099553,9034099550,-3,838,1539
9035372533,9035372529,-4,1274,1834
9036091887,9036091886,-1,1063,1757
9038886365,9038886362,-3,1040,1897
9040475452,9040475459,7,2968,1088
9041138120,9041138119,-1,832,1609
9042630030,9042630026,-4,1056,1799
9053424868,9053424865,-3,1264,2379
9054024783,9054024781,-2,1070,1587
9059471176,9059471173,-3,1405,2097
9062054271,9062054270,-1,1430,2531
9065242171,9065242168,-3,1214,2533
9071578019,9071578015,-4,1522,1949
9073244411,9073244407,-4,1156,2389
9077656422,9077656427,5,1997,1319
9078255095,9078255094,-1,1170,2199
9078572158,9078572147,-11,1153,1667
9080160573,9080160573,0,1326,1908
9084537737,9084537733,-4,1174,1972
9084665150,9084665137,-13,1277,2063
9085262916,9085262938,22,1277,2330
9087389617,9087389622,5,3048,1207
9089525026,9089525024,-2,1068,1123
9090470060,9090470058,-2,1404,2097
9091493031,9091493028,-3,1176,2118
9091612799,9091612796,-3,969,1900
9091836310,9091836326,16,431,1104
9093277668,9093277664,-4,1104,2601
9095149160,9095149179,19,560,1340
9098298867,9098298865,-2,753,1214
9099295333,9099295329,-4,1064,2341
9106094299,9106094301,2,2036,2143
9110502978,9110502974,-4,855,1982
9112475167,9112475166,-1,2423,3552
9113970250,9113970246,-4,1005,1966
9114786371,9114786370,-1,1118,2069
9119914667,9119914666,-1,1521,2370
9123333666,9123333661,-5,1160,3656
9124419159,9124419146,-13,1129,1676
9132525031,9132525026,-5,1388,2834
9138525406,9138525404,-2,1279,2392
9139865490,9139865490,0,989,1688
9141696347,9141696346,-1,1140,2479
9147682808,9147682814,6,2516,1265
9148602090,9148602087,-3,936,1189
9148863913,9148863913,0,874,939
9148902718,9148902735,17,210,4988
9155275798,9155275795,-3,1346,2498
9157169750,9157169758,8,11532,24659
9160764602,9160764601,-1,1194,2240
9167996985,9167996990,5,1704,610
9172527734,9172527731,-3,1105,1918
9173558438,9173558435,-3,1370,2032
9175770333,9175770330,-3,1124,2592
9176683010,9176683009,-1,1911,2974
9189210760,9189210759,-1,1476,1882
9189713437,9189713456,19,524,1523
9195196935,9195196934,-1,560,1580
9198484015,9198484019,4,1151,1124
9201747534,9201747535,1,1136,1316
9206304186,9206304183,-3,1178,2139
9206501726,9206501708,-18,754,1871
9221104846,9221104843,-3,1128,2541
9222513190,9222513172,-18,1172,2751
9225395871,9225395879,8,794,304
9226842169,9226842174,5,2427,1556
9228453079,9228453076,-3,1104,2062
9230203110,9230203109,-1,901,2004
9231028958,9231028954,-4,1099,2761
9233770091,9233770089,-2,1624,2670
9233974722,9233974718,-4,892,2304
9234156902,9234156889,-13,1345,2183
9241549842,9241549841,-1,966,1770
9249475497,9249475494,-3,1109,2068
9250146727,9250146725,-2,1216,2241
9250399690,9250399687,-3,867,1797
9251458494,9251458494,0,1107,2162
9253052119,9253052117,-2,1142,1834
9255312609,9255312606,-3,1029,2287
9255832372,9255832393,21,1048,2331
9261896190,9261896190,0,977,1542
9263284375,9263284374,-1,1098,1395
9264320534,9264320533,-1,1693,2889
9265919209,9265919207,-2,1347,1816
9266074769,9266074776,7,4174,1593
9267058678,9267058678,0,1526,2461
9267192344,9267192341,-3,931,2429
9267237583,9267237563,-20,1161,1989
9270892810,9270892806,-4,825,1690
9273260162,9273260159,-3,842,2535
9277310832,9277310836,4,2956,2423
9277388662,9277388659,-3,973,2353
9283626137,9283626136,-1,1071,2313
9283706940,9283706945,5,73,691
9284513567,9284513563,-4,1053,1854
9284607572,9284607570,-2,1078,2072
9290751189,9290751186,-3,765,1787
9292211404,9292211401,-3,1039,1592
9298501362,9298501361,-1,667,1193
9299104599,9299104598,-1,753,1704
9301614947,9301614947,0,748,1372
9303565383,9303565379,-4,1079,2274
9313587326,9313587323,-3,1183,1808
9315129324,9315129320,-4,1180,3061
9315670164,9315670187,23,1474,2176
9316681670,9316681666,-4,1224,2354
9319482495,9319482494,-1,917,1888
9322930522,9322930521,-1,962,1639
9323540199,9323540195,-4,793,1891
9323633967,9323633965,-2,326,1258
9323965526,9323965546,20,617,1229
9324034995,9324034992,-3,1135,1857
9326136186,9326136184,-2,1076,2080
9327845835,9327845833,-2,464,1373
9334249406,9334249405,-1,1516,2753
9334584043,9334584040,-3,964,2438
9344837999,9344838006,7,7613,1631
9347298195,9347298194,-1,1470,2288
9349266053,9349266049,-4,1019,1899
9349322623,9349322638,15,752,2395
9351247939,9351247938,-1,651,1031
9358221379,9358221376,-3,796,1882
9358271082,9358271079,-3,856,1686
9358864593,9358864592,-1,1394,2159
9360364847,9360364846,-1,1247,1999
9360425352,9360425359,7,342,962
9362930311,9362930317,6,2321,1763
9363626856,9363626854,-2,1348,2708
9364397182,9364397203,21,1350,2193
9364591164,9364591162,-2,969,2670
9364939748,9364939749,1,7683,17999
9367732871,9367732872,1,1884,2601
9367805184,9367805178,-6,901,2695
9370787222,9370787218,-4,844,1241
9377865255,9377865251,-4,985,1976
9383191776,9383191773,-3,818,2139
9387533506,9387533504,-2,10189,14527
9389953943,9389953942,-1,1099,1473
9394326965,9394326963,-2,1503,2817
9397132806,9397132802,-4,1003,2467
9399226217,9399226211,-6,972,1915
9403457043,9403457040,-3,838,2670
9407946406,9407946403,-3,1634,3448
9409011693,9409011690,-3,1329,2929
9422095906,9422095907,1,1300,1821
9422392232,9422392229,-3,1836,2462
9424312990,9424312989,-1,1566,1947
9429179373,9429179373,0,1039,2204
9431983289,9431983286,-3,1714,3265
9433191139,9433191136,-3,1144,2952
9434396117,9434396113,-4,1265,2807
9436892239,9436892237,-2,1039,2088
9437467866,9437467865,-1,1535,3399
9437574884,9437574882,-2,1091,1433
9442011609,9442011605,-4,890,2034
9442066399,9442066391,-8,839,1909
9445265042,9445265039,-3,1545,3087
9445818134,9445818130,-4,766,2419
9449076498,9449076499,1,1587,1286
9451298779,9451298776,-3,943,1877
9452658627,9452658626,-1,1016,1433
9463414397,9463414405,8,4675,1514
9465073569,9465073562,-7,2035,6621
9465430376,9465430394,18,623,1430
9470272268,9470272270,2,3143,2353
9472327196,9472327194,-2,1358,1734
9472887864,9472887861,-3,1386,3135
9477803657,9477803662,5,5662,2447
9478443838,9478443834,-4,1674,3307
9483033315,9483033313,-2,853,2281
9485214522,9485214519,-3,1132,2506
9488526216,9488526213,-3,1485,1854
9491731305,9491731301,-4,1064,2058
9494576566,9494576563,-3,1124,1576
9497004183,9497004185,2,1537,2156
9500300619,9500300617,-2,974,1977
9500895238,9500895237,-1,916,2294
9502987534,9502987530,-4,1056,2306
9505662382,9505662383,1,1015,1561
9510785663,9510785658,-5,871,1813
9514631728,9514631725,-3,1476,2451
9518910344,9518910341,-3,1039,1528
9526665456,9526665452,-4,1108,2299
9527559398,9527559396,-2,822,2314
9529228552,9529228549,-3,1143,2811
9529891447,9529891446,-1,1046,2639
9542144515,9542144509,-6,1623,3942
9551420810,9551420805,-5,911,2503
9551610047,9551610035,-12,1196,1546
9554096992,9554096990,-2,1631,2558
9559321706,9559321703,-3,1502,2458
9562724608,9562724606,-2,1380,3370
9566982903,9566982902,-1,1169,1982
9568474207,9568474205,-2,1039,2142
9568792172,9568792166,-6,820,2116
9569059798,9569059813,15,288,634
9577086751,9577086746,-5,550,2204
9580314806,9580314803,-3,983,2065
9585321950,9585321949,-1,1216,1596
9591913539,9591913534,-5,1254,2909
9597234458,9597234453,-5,727,1536
9598482220,9598482220,0,1209,1522
9603467896,9603467894,-2,1503,2460
9603691464,9603691461,-3,1186,1587
9605066686,9605066666,-20,1275,2427
9610226722,9610226718,-4,1503,3643
9614790628,9614790623,-5,877,2126
9615951838,9615951835,-3,1083,2655
9617768067,9617768063,-4,1115,3308
9622447802,9622447799,-3,969,1810
9622835955,9622835953,-2,1330,2002
9623115219,9623115218,-1,965,1924
9623234911,9623234910,-1,1138,2587
9623463705,9623463705,0,2014,2191
9629259658,9629259654,-4,796,2652
9631611682,9631611677,-5,928,2316
9637752451,9637752450,-1,1203,2360
9639866091,9639866089,-2,1032,1799
9641156222,9641156218,-4,1401,2244
9641939195,9641939193,-2,661,2190
9646503070,9646503069,-1,1552,1847
9648094593,9648094590,-3,1292,2326
9649111355,9649111351,-4,1194,1701
9652523249,9652523247,-2,972,2108
9655135448,9655135445,-3,1359,2381
9658255035,9658255033,-2,719,1438
9658395183,9658395180,-3,1336,1800
9659298305,9659298310,5,2693,1301
9659659174,9659659174,0,1393,1851
9665166686,9665166682,-4,986,1961
9665809862,9665809881,19,1109,1880
9667305883,9667305891,8,5199,1363
9669673248,9669673246,-2,1408,2561
9671231194,9671231191,-3,1446,3126
9671752400,9671752419,19,1477,2306
9675219686,9675219686,0,1067,2291
9676587912,9676587910,-2,611,1690
9679287962,9679287959,-3,963,1982
9685204493,9685204491,-2,778,1485
9686362939,9686362937,-2,1134,2810
9691386522,9691386521,-1,1030,1926
9692412511,9692412509,-2,949,2037
9698817692,9698817690,-2,2623,4968
9701830778,9701830782,4,2327,1630
9703144226,9703144225,-1,980,1549
9708509494,9708509491,-3,983,2789
9709587598,9709587595,-3,1098,1571
9710293650,9710293647,-3,1399,2387
9714185719,9714185716,-3,1151,2199
9714923222,9714923219,-3,1145,2026
9715550922,9715550925,3,2289,1586
9719597019,9719597019,0,1478,1438
9721027602,9721027598,-4,1310,2232
9721933583,9721933579,-4,1203,1923
9723354721,9723354718,-3,750,1177
9725257087,9725257085,-2,903,1725
9725291867,9725291865,-2,1463,2188
9727792786,9727792785,-1,1202,2196
9731980850,9731980849,-1,1289,1993
9732929657,9732929654,-3,1447,2195
9733507537,9733507538,1,1303,1673
9734996622,9734996617,-5,1087,1911
9737961534,9737961531,-3,1632,3033
9744860702,9744860699,-3,1514,2333
9745248184,9745248189,5,4864,2743
9746196408,9746196406,-2,1717,2673
9748631242,9748631240,-2,1064,2540
9750964875,9750964873,-2,788,1791
9752616079,9752616077,-2,788,1333
9755147539,9755147536,-3,1294,2411
9756793318,9756793314,-4,1276,3001
9758878111,9758878110,-1,1816,2262
9767841695,9767841693,-2,1088,2741
9773628230,9773628226,-4,1123,2632
9776857887,9776857884,-3,1201,2828
9778355950,9778355949,-1,1350,2497
9780853721,9780853719,-2,1428,2294
9783752675,9783752673,-2,1428,2627
9785002195,9785002192,-3,850,1963
9790890245,9790890240,-5,2260,6981
9794764374,9794764371,-3,1256,3497
9795160937,9795160935,-2,1201,2299
9796740054,9796740053,-1,1139,1522
9799434950,9799434957,7,15824,22071
9802131647,9802131644,-3,970,2217
9805728094,9805728095,1,1406,1882
9806673414,9806673411,-3,1138,2752
9809726814,9809726813,-1,1675,2159
9811675640,9811675636,-4,1216,2306
9812252189,9812252188,-1,1013,2235
9812956567,9812956562,-5,819,2568
9819802297,9819802303,6,3706,1233
9823174766,9823174765,-1,1438,1923
9827263658,9827263656,-2,1059,1858
9827637678,9827637675,-3,1550,1939
9829917267,9829917262,-5,1440,3325
9832517286,9832517284,-2,1325,2765
9833219602,9833219600,-2,1142,2290
9833281160,9833281178,18,1626,3090
9833354661,9833354659,-2,875,2100
9834558384,9834558395,11,700,2454
9836773120,9836773117,-3,997,1508
9838044653,9838044650,-3,1654,2716
9838446721,9838446716,-5,1023,2197
9839407987,9839407982,-5,1187,2612
9841841298,9841841295,-3,1084,1934
9842054199,9842054214,15,1058,2669
9843492951,9843492945,-6,989,4150
9845054461,9845054450,-11,308,1136
9845864513,9845864510,-3,1201,2202
9848449179,9848449175,-4,1343,2094
9849729805,9849729802,-3,1516,1811
9850470997,9850471017,20,1430,2844
9856127938,9856127935,-3,646,2103
9856373239,9856373255,16,260,648
9856460272,9856460270,-2,1202,2743
9863098087,9863098081,-6,1206,2780
9864394109,9864394131,22,1163,2697
9869443064,9869443061,-3,1769,3062
9869627900,9869627895,-5,1612,2794
9870843851,9870843848,-3,804,1678
9872898222,9872898222,0,1636,1784
9875554132,9875554124,-8,2790,37901
9876267336,9876267334,-2,1593,2799
9876821197,9876821195,-2,1109,1430
9880111859,9880111855,-4,1159,1768
9884553535,9884553532,-3,1271,2469
9884882174,9884882170,-4,723,2293
9889815174,9889815173,-1,1497,1816
9890346691,9890346689,-2,1083,2348
9901130698,9901130696,-2,1453,2019
9901533214,9901533206,-8,2355,10881
9901593818,9901593814,-4,1263,2284
9907144629,9907144628,-1,1017,1725
9908688690,9908688688,-2,882,1563
9909657827,9909657824,-3,1073,2157
9915224017,9915224015,-2,1038,1783
9916202948,9916202933,-15,1294,2676
9916967267,9916967264,-3,1298,3129
9918359165,9918359163,-2,1021,1459
9926041074,9926041081,7,9042,3764
9926121597,9926121593,-4,139,1045
9926444010,9926444009,-1,1066,2635
9930038621,9930038618,-3,1371,2619
9931340382,9931340378,-4,980,1406
9935772393,9935772392,-1,1049,2352
9940409000,9940408988,-12,908,3174
9941317695,9941317694,-1,1291,1891
9941570215,9941570214,-1,914,2428
9944286659,9944286657,-2,897,2120
9949621990,9949621986,-4,747,1725
9949976303,9949976298,-5,1415,2447
9950865334,9950865334,0,834,1990
9952367514,9952367512,-2,859,2147
9954084723,9954084717,-6,1656,6093
9955133178,9955133174,-4,1060,1903
9955394802,9955394799,-3,1002,2104
9961286933,9961286936,3,1978,1219
9966763231,9966763226,-5,1394,2856
9967471194,9967471191,-3,1114,1462
9968670931,9968670929,-2,773,1772
9972532714,9972532710,-4,1221,2236
9978546198,9978546195,-3,1018,2357
9980650402,9980650399,-3,1152,2527
9983400450,9983400446,-4,985,2484
9984826410,9984826406,-4,1096,2632
9986309613,9986309611,-2,878,2103
9990581282,9990581280,-2,958,1790
9992694810,9992694811,1,1715,2490
9993193263,9993193277,14,377,1034
9994967952,9994967947,-5,1189,1654
9995048182,9995048201,19,1091,1875
9995740418,9995740418,0,784,1170
9997021311,9997021309,-2,1199,1809
9999108538,9999108535,-3,943,1637
10000782216,10000782213,-3,1124,1980
10002204146,10002204144,-2,1024,2296
10003694141,10003694138,-3,776,2782
10004371310,10004371308,-2,1299,2370
10006676826,10006676822,-4,1197,2288
10010290973,10010290971,-2,1660,3226
10017385155,10017385149,-6,25729,16966
10019519986,10019519984,-2,1142,2313
10019672599,10019672614,15,840,1142
10028551000,10028550997,-3,1120,2346
10029850490,10029850490,0,1311,1132
10032983859,10032983857,-2,1118,1835
10034393027,10034393025,-2,1021,1629
10038423317,10038423315,-2,1336,2282
10038602720,10038602717,-3,1214,2109
10040384622,10040384619,-3,1483,2633
10040750050,10040750047,-3,1393,2045
10043317478,10043317475,-3,943,2183
10046792155,10046792154,-1,467,623
10049140573,10049140574,1,2193,2793
10056589270,10056589265,-5,1260,2927
10061694287,10061694286,-1,1284,2244
10061883845,10061883844,-1,977,2748
10070155577,10070155574,-3,946,1824
10072300090,10072300087,-3,1116,2394
10081935686,10081935684,-2,2285,4986
10082021861,10082021858,-3,1631,2297
10083869834,10083869829,-5,1046,1552
10084115909,10084115906,-3,1511,2542
10086297967,10086297953,-14,1264,2282
10089613050,10089613045,-5,854,2569
10090411231,10090411230,-1,1225,1756
10093093829,10093093827,-2,1608,2903
10093267162,10093267161,-1,939,1747
10094762583,10094762580,-3,1185,2438
10095424882,10095424878,-4,1571,2357
10104616142,10104616140,-2,1262,2384
10105532203,10105532201,-2,844,1834
10108266174,10108266173,-1,1242,2457
10109739291,10109739290,-1,419,1063
10110129187,10110129186,-1,1031,2027
10110505457,10110505455,-2,1035,1767
10112058363,10112058358,-5,910,1717
10115776869,10115776865,-4,1586,4244
10116914410,10116914406,-4,1070,1857
10117709335,10117709330,-5,3323,13495
10120442175,10120442171,-4,1361,2852
10121173186,10121173182,-4,1063,1895
10121653633,10121653630,-3,1475,1849
10126141623,10126141621,-2,1194,2839
10127062439,10127062435,-4,809,1862
10129572806,10129572804,-2,889,2121
10133908055,10133908055,0,532,1021
10137439014,10137439011,-3,1084,2567
10139751147,10139751146,-1,1362,2681
10140792405,10140792405,0,908,1561
10141889799,10141889796,-3,2147,4287
10142358593,10142358592,-1,899,2299
10147076551,10147076548,-3,978,1907
10147153704,10147153711,7,20624,33200
10148107804,10148107802,-2,972,1796
10150646919,10150646916,-3,1394,2932
10151118846,10151118841,-5,1236,2846
10165781477,10165781475,-2,1193,2291
10166812745,10166812744,-1,1377,2331
10171345098,10171345093,-5,1299,3094
10172437971,10172437969,-2,1438,2962
10176765009,10176765009,0,1719,2565
10179724606,10179724602,-4,1524,2494
10190721622,10190721621,-1,914,1963
10195806654,10195806652,-2,1216,2408
10196558393,10196558390,-3,856,1370
10197845069,10197845070,1,856,1950
10199033703,10199033701,-2,1256,2428
10199272067,10199272066,-1,1136,2240
10200545915,10200545914,-1,934,1523
10204587874,10204587870,-4,1638,2293
10205975257,10205975254,-3,1263,2530
10207484527,10207484521,-6,918,2459
10209338190,10209338189,-1,834,1322
10213007661,10213007658,-3,1560,2738
10217417270,10217417269,-1,1346,2260
10218312310,10218312307,-3,899,1556
10220786267,10220786263,-4,745,2242
10222268188,10222268183,-5,82,1014
10223873383,10223873398,15,933,2502
10225250149,10225250147,-2,1571,2317
10227823844,10227823843,-1,1535,1743
10235101946,10235101944,-2,1044,1704
10239492804,10239492802,-2,1461,1870
10251240706,10251240705,-1,1462,2064
10252039402,10252039404,2,1059,1589
10259610693,10259610693,0,5784,5740
10262223705,10262223712,7,5767,2022
10265343750,10265343749,-1,1116,1093
10268508371,10268508368,-3,1504,2421
10270317202,10270317199,-3,1008,2043
10272653182,10272653179,-3,1381,2066
10276253140,10276253150,10,213,971
10277861650,10277861646,-4,1053,1949
10279251921,10279251915,-6,1612,5815
10282273515,10282273514,-1,812,2170
10282764525,10282764525,0,1231,2069
10283598266,10283598271,5,3138,1298
10284477971,10284477969,-2,1418,2351
10285376763,10285376774,11,13013,41461
10286412811,10286412808,-3,941,2284
10290683637,10290683633,-4,1001,2393
10298347125,10298347126,1,650,1572
10298655118,10298655138,20,864,2269
10298810888,10298810894,6,4840,1972
10310438967,10310438966,-1,1232,1724
10311072326,10311072321,-5,1322,2712
10314337738,10314337734,-4,972,2582
10318855414,10318855411,-3,834,1750
10325267251,10325267249,-2,634,1768
10327718078,10327718073,-5,1180,1808
10328035603,10328035601,-2,1274,2061
10330036458,10330036456,-2,1151,2163
10338467761,10338467765,4,2001,1865
10339055610,10339055609,-1,1198,2235
10339652489,10339652484,-5,1302,2186
10342941232,10342941229,-3,1233,1881
10345624431,10345624429,-2,674,2397
10350903660,10350903658,-2,784,2168
10352341001,10352340997,-4,1492,3416
10354121618,10354121622,4,1607,1285
10357245306,10357245302,-4,1000,2160
10358957077,10358957075,-2,1339,2041
10366227095,10366227092,-3,1229,2548
10367066538,10367066533,-5,858,2151
10367304976,10367304978,2,182,789
10371361426,10371361422,-4,1589,2134
10371593242,10371593240,-2,1177,1730
10378762415,10378762411,-4,1090,2112
10384095005,10384095001,-4,1390,2525
10389455707,10389455704,-3,960,2246
10392843187,10392843182,-5,1443,2496
10394007422,10394007421,-1,1438,1886
10396937394,10396937390,-4,1180,2023
10401641148,10401641146,-2,898,2264
10407954902,10407954902,0,1023,1785
10413426080,10413426079,-1,981,1571
10415806545,10415806543,-2,1201,2079
10421026438,10421026433,-5,891,2154
10421519214,10421519211,-3,1097,1538
10423122677,10423122669,-8,1224,2584
10424303832,10424303831,-1,1282,2060
10429041624,10429041622,-2,1529,2110
10432530983,10432530983,0,999,1576
10435794907,10435794903,-4,820,1723
10436192827,10436192831,4,2295,1588
10436456771,10436456767,-4,772,1894
10437894318,10437894316,-2,983,2237
10444651126,10444651124,-2,1455,2242
10448722842,10448722838,-4,1446,2358
10451049983,10451049982,-1,751,2472
10452484126,10452484122,-4,1167,2782
10453935375,10453935374,-1,1373,2782
10459445021,10459445042,21,935,1700
10466488602,10466488597,-5,1247,2020
10470029841,10470029839,-2,1242,2163
10471700203,10471700202,-1,1479,2217
10471864247,10471864248,1,1277,1931
10475242338,10475242335,-3,1382,3069
10478895098,10478895096,-2,604,1336
10481608333,10481608330,-3,1360,1984
10482677878,10482677874,-4,1341,2514
10482962567,10482962567,0,1861,1197
10484092132,10484092127,-5,983,1530
10484211311,10484211309,-2,935,2096
10485060442,10485060439,-3,48782,21768
10487684355,10487684353,-2,1231,1966
10490742199,10490742198,-1,1091,1859
10492342990,10492342985,-5,1277,2044
10495818094,10495818093,-1,3045,3294
10495934817,10495934814,-3,644,2051
10502826122,10502826118,-4,1362,2157
10507011089,10507011085,-4,1017,2428
10508008825,10508008823,-2,622,1623
10523394852,10523394848,-4,1103,2295
10525573801,10525573798,-3,1136,3575
10527423669,10527423666,-3,1156,1705
10528168430,10528168428,-2,832,1649
10528503092,10528503087,-5,1014,2259
10529870047,10529870062,15,15198,31017
10531253530,10531253528,-2,1601,2505
10533932541,10533932543,2,877,1421
10534798300,10534798298,-2,1707,2266
10537724689,10537724687,-2,1283,2005
10539736503,10539736502,-1,1179,2189
10549217105,10549217103,-2,1078,3147
10549391799,10549391792,-7,1003,2289
10550671570,10550671570,0,6609,9307
10552710786,10552710788,2,1480,1664
10554302275,10554302271,-4,876,2332
10554362822,10554362816,-6,288,1138
10556152777,10556152773,-4,1163,1820
10557086566,10557086564,-2,1145,2857
10559186377,10559186381,4,2329,1652
10559972917,10559972915,-2,1270,2022
10561471469,10561471465,-4,1192,2039
10561732243,10561732244,1,1043,1510
10561803503,10561803497,-6,875,2343
10561950309,10561950302,-7,440,1394
10562377582,10562377577,-5,268,680
10563675921,10563675914,-7,1353,4274
10570165407,10570165404,-3,892,2062
10572105374,10572105370,-4,1342,2315
10572954468,10572954467,-1,1316,1674
10575231233,10575231231,-2,1037,1963
10578607331,10578607328,-3,1042,3107
10584441410,10584441414,4,1945,1718
10585905359,10585905357,-2,806,2596
10590625007,10590625005,-2,1058,2815
10592050981,10592050978,-3,1329,2429
10595571313,10595571311,-2,1026,1665
10595717790,10595717786,-4,1165,2574
10597286406,10597286404,-2,1033,2187
10600592293,10600592293,0,1407,2081
10601842262,10601842261,-1,1142,3042
10604584726,10604584723,-3,1104,2102
10606462236,10606462233,-3,1235,2422
10607724862,10607724858,-4,621,978
10609406511,10609406506,-5,1012,2218
10609459239,10609459218,-21,15,1191
10610647089,10610647087,-2,1078,2031
10617527035,10617527033,-2,1269,1921
10618624790,10618624785,-5,1192,2194
10620870342,10620870339,-3,1065,2079
10625976227,10625976226,-1,908,1937
10626914705,10626914702,-3,864,2403
10628792810,10628792808,-2,755,1595
10629230551,10629230549,-2,1214,1826
10631361483,10631361482,-1,855,1114
10633183578,10633183579,1,1571,2096
10635519520,10635519517,-3,1337,2285
10637006492,10637006490,-2,1358,2210
10640090801,10640090796,-5,1341,2164
10642708102,10642708098,-4,1861,3391
10644758407,10644758406,-1,962,1408
10645539248,10645539266,18,570,3331
10647152338,10647152339,1,973,1502
10651247031,10651247030,-1,910,2087
10651806685,10651806701,16,641,1265
10652301759,10652301756,-3,966,2138
10652774937,10652774935,-2,728,1589
10654718061,10654718058,-3,1146,2358
10657445343,10657445340,-3,1189,1957
10659468050,10659468046,-4,1185,2372
10659669851,10659669849,-2,1440,3232
10665674838,10665674842,4,3465,1446
10667995562,10667995568,6,3126,1293
10668526322,10668526319,-3,1155,2048
10669096178,10669096175,-3,828,1429
10671959386,10671959383,-3,1326,2841
10672139903,10672139896,-7,1153,5844
10673462255,10673462261,6,2281,1608
10676570417,10676570420,3,2472,1757
10677351625,10677351623,-2,1182,2220
10678167067,10678167062,-5,1194,2058
10679144162,10679144158,-4,868,1923
10680384481,10680384477,-4,1556,3522
10681355149,10681355146,-3,1253,2485
10689781827,10689781825,-2,1089,1648
10700159414,10700159414,0,1544,1464
10701334651,10701334646,-5,1085,1998
10701387964,10701387963,-1,545,1722
10702911053,10702911052,-1,1009,2188
10704993758,10704993754,-4,838,1871
10705963238,10705963224,-14,207,705
10707760057,10707760052,-5,553,1565
10708521107,10708521109,2,2290,1462
10710725903,10710725898,-5,663,1668
10711162327,10711162325,-2,970,1917
10713804795,10713804813,18,352,2449
10716039427,10716039425,-2,1343,3017
10717304256,10717304254,-2,1315,2506
10718113026,10718113021,-5,1270,2906
10720202038,10720202037,-1,1080,2168
10720980113,10720980109,-4,946,3022
10721610900,10721610887,-13,922,2176
10722192721,10722192740,19,1108,2817
10726885551,10726885545,-6,2318,9192
10727557202,10727557214,12,12374,32214
10732087905,10732087922,17,17474,16686
10734105211,10734105208,-3,1025,2367
10735996615,10735996613,-2,1322,2525
10755306182,10755306178,-4,1726,2659
10758769985,10758769985,0,621,1544
10759604389,10759604380,-9,978,2111
10761238612,10761238617,5,4094,1882
10766901923,10766901919,-4,683,1301
10769948051,10769948047,-4,1003,2230
10773165617,10773165613,-4,1515,3989
10774395725,10774395721,-4,1108,2548
10776624818,10776624815,-3,1323,2059
10779107718,10779107718,0,1125,1744
10783852317,10783852313,-4,1581,2576
10793090217,10793090216,-1,852,2083
10801575409,10801575406,-3,948,1916
10803900566,10803900564,-2,1328,3052
10804990023,10804990021,-2,926,1709
10805402812,10805402809,-3,1565,2635
10810218934,10810218930,-4,1287,1971
10811468449,10811468449,0,4058,5684
10827458803,10827458800,-3,1197,2460
10828085079,10828085069,-10,1327,1654
10828802005,10828802002,-3,1686,2251
10830789571,10830789566,-5,876,2269
10835476761,10835476759,-2,1422,2514
10839131817,10839131814,-3,1122,2586
10839628156,10839628178,22,1043,2539
10842641410,10842641409,-1,1354,2448
10845924206,10845924202,-4,1090,1903
10846783539,10846783537,-2,1275,2304
10849399442,10849399439,-3,1050,2706
10849933120,10849933118,-2,1090,1923
10852730152,10852730150,-2,1565,3034
10861082898,10861082893,-5,1161,2338
10861195008,10861195015,7,2371,997
10864652084,10864652080,-4,1668,4206
10867813223,10867813221,-2,1270,2869
10869204040,10869204033,-7,2221,6294
10875686110,10875686105,-5,1397,3368
10876722349,10876722342,-7,895,2956
10877747729,10877747736,7,4509,1599
10880715386,10880715386,0,1482,2393
10881408145,10881408143,-2,17032,80716
10888842848,10888842845,-3,1329,2028
10891457171,10891457167,-4,799,2027
10891968118,10891968114,-4,1080,2265
10892387950,10892387947,-3,1133,1317
10899492947,10899492953,6,2526,1490
10899993242,10899993240,-2,850,2112
10906605814,10906605810,-4,1119,2084
10907799709,10907799706,-3,1454,2555
10912008707,10912008703,-4,1265,1985
10912682887,10912682866,-21,1357,3008
10915672890,10915672906,16,436,1390
10916443627,10916443624,-3,1164,1716
10917979505,10917979501,-4,647,1250
10919486815,10919486812,-3,1347,2290
10922154630,10922154629,-1,1229,2749
10924819766,10924819765,-1,674,1862
10928521887,10928521885,-2,1178,2264
10930437626,10930437626,0,940,1731
10935798370,10935798376,6,3837,1518
10941232121,10941232123,2,1995,2536
10946529399,10946529395,-4,1293,2344
10946788285,10946788282,-3,1186,2400
10949171505,10949171502,-3,1703,2660
10951212115,10951212113,-2,965,2039
10952449083,10952449080,-3,1163,2542
10953892367,10953892387,20,1380,2284
10955965860,10955965857,-3,1187,2044
10957667685,10957667683,-2,1368,2021
10969265198,10969265196,-2,1057,1936
10973010713,10973010718,5,3840,1836
10976742442,10976742447,5,646,877
10976770582,10976770581,-1,1122,1929
10977773078,10977773077,-1,824,1265
10982149703,10982149722,19,941,1713
10984666979,10984666998,19,829,1389
10988416875,10988416871,-4,1446,2411
10994532063,10994532061,-2,1358,2628
10994781954,10994781953,-1,1492,2200
10996477203,10996477199,-4,971,2018
11001727174,11001727178,4,3359,2898
11001918251,11001918246,-5,1008,1927
11002541309,11002541304,-5,1737,3239
11003515311,11003515314,3,1682,1893
11004979983,11004979978,-5,793,2570
11009582051,11009582052,1,1263,3044
11009850161,11009850155,-6,640,1139
11010726276,11010726274,-2,1427,2057
11020964984,11020964982,-2,926,2025
11029853323,11029853321,-2,1119,2081
11029893567,11029893545,-22,864,2150
11033545975,11033545973,-2,1183,2478
11039559998,11039559995,-3,1264,2226
11041591846,11041591842,-4,734,1946
11045651015,11045651010,-5,989,3483
11046015550,11046015542,-8,117,2116
11048065716,11048065713,-3,1039,2144
11048129025,11048129025,0,2943,3231
11049391163,11049391161,-2,1203,1739
11054805355,11054805354,-1,1180,2449
11059323606,11059323604,-2,1048,1816
11059838450,11059838449,-1,1466,1776
11065406186,11065406185,-1,1006,1607
11070222395,11070222390,-5,1068,1987
11096749209,11096749207,-2,887,2282
11102774634,11102774632,-2,1492,2040
11104079179,11104079178,-1,1070,2329
11104532241,11104532262,21,1163,2272
11112402512,11112402509,-3,1344,2525
11114464641,11114464638,-3,1072,2188
11116102766,11116102762,-4,989,1367
11117946329,11117946326,-3,999,2554
11123453904,11123453901,-3,1193,1780
11126315289,11126315282,-7,2067,5499
11128180079,11128180078,-1,1022,2469
11134491345,11134491343,-2,976,2057
11135846263,11135846260,-3,1142,3059
11140929298,11140929298,0,1634,1969
11143596859,11143596855,-4,1473,2376
11143775942,11143775940,-2,1385,3325
11145276030,11145276027,-3,1483,2708
11146267294,11146267295,1,1014,1366
11147042132,11147042155,23,1127,2297
11148501406,11148501410,4,2285,1583
11150062331,11150062330,-1,1073,1642
11150287385,11150287383,-2,1194,2704
11155094885,11155094884,-1,1616,2673
11158136205,11158136202,-3,1124,1850
11159052574,11159052571,-3,1259,3229
11159997473,11159997470,-3,1153,2501
11161400256,11161400253,-3,941,2186
11163494064,11163494062,-2,1156,1725
11163916893,11163916890,-3,1365,2360
11165876132,11165876130,-2,673,1281
11168147515,11168147514,-1,1896,2937
11171614839,11171614838,-1,558,1468
11174878706,11174878702,-4,1036,2152
11175655067,11175655064,-3,946,2425
11176342486,11176342485,-1,826,2386
11178798314,11178798313,-1,1025,2100
11181336115,11181336114,-1,719,2354
11186953307,11186953306,-1,1406,2415
11192629092,11192629101,9,3678,1526
11196257319,11196257318,-1,1447,2262
11196576090,11196576087,-3,881,1670
11203851466,11203851466,0,1222,2314
11207242453,11207242455,2,1318,1963
11211801490,11211801486,-4,1367,2311
11213874476,11213874473,-3,1500,2308
11214000135,11214000143,8,6023,2161
11217147954,11217147957,3,1730,1482
11224639023,11224639021,-2,1839,2496
11225299570,11225299569,-1,836,2353
11229465407,11229465406,-1,1540,2240
11231724475,11231724472,-3,1329,2317
11231877966,11231877962,-4,888,1921
11232105607,11232105610,3,203,654
11233520186,11233520183,-3,827,1030
11243753098,11243753097,-1,1148,2632
11244401214,11244401218,4,206,1252
11245029765,11245029763,-2,1317,3185
11248592086,11248592082,-4,701,918
11249736410,11249736406,-4,892,1988
11257333693,11257333700,7,4032,1386
11259028351,11259028349,-2,1458,2510
11259663906,11259663906,0,707,1357
11264766228,11264766226,-2,1208,2151
11267168131,11267168127,-4,1591,2433
11268009374,11268009376,2,950,1175
11270575871,11270575868,-3,894,2258
11272240919,11272240917,-2,1058,1920
11273158127,11273158123,-4,635,1503
11273238617,11273238611,-6,939,1757
11280055320,11280055316,-4,904,2119
11280637100,11280637122,22,311,449
11284180019,11284180018,-1,879,1242
11284827932,11284827929,-3,1200,2124
11285197942,11285197938,-4,163,975
11285947749,11285947742,-7,2154,9441
11289733390,11289733387,-3,1068,1876
11290532801,11290532798,-3,773,1458
11291602626,11291602623,-3,1195,2124
11292296630,11292296634,4,1719,1335
11293595262,11293595259,-3,1034,1725
11299560582,11299560581,-1,876,1497
11300933805,11300933802,-3,1199,2060
11304538317,11304538315,-2,1501,2536
11306953828,11306953825,-3,1089,1741
11307154113,11307154109,-4,1023,2648
11314580739,11314580737,-2,1055,2362
11317172073,11317172070,-3,1594,2916
11317636103,11317636099,-4,878,2224
11320257950,11320257950,0,721,1195
11320818373,11320818369,-4,223,759
11322139726,11322139725,-1,1287,1799
11327509121,11327509121,0,1583,1583
11329751930,11329751925,-5,833,2739
11330014238,11330014234,-4,1240,2379
11335380602,11335380601,-1,1037,1991
11338365041,11338365047,6,2919,2086
11339911141,11339911147,6,4214,1620
11340402683,11340402687,4,1741,1396
11341967366,11341967362,-4,964,2719
11346079646,11346079643,-3,1114,2004
11346825829,11346825826,-3,695,1372
11352652909,11352652905,-4,1016,2072
11357000211,11357000210,-1,1087,2203
11357576272,11357576267,-5,844,2356
11362265655,11362265654,-1,1385,2089
11363574107,11363574106,-1,989,1856
11364499271,11364499269,-2,1059,2117
11366788649,11366788646,-3,1561,2203
11372229026,11372229022,-4,1634,3162
11372326242,11372326241,-1,1028,1853
11375495910,11375495910,0,950,2073
11375581901,11375581886,-15,1451,2811
11376839702,11376839700,-2,984,2791
11377503445,11377503445,0,1187,1431
11382415839,11382415846,7,5438,1946
11384162922,11384162920,-2,990,2367
11384716841,11384716842,1,2001,3009
11386793696,11386793702,6,2222,1390
11389860855,11389860853,-2,999,2063
11391181647,11391181646,-1,1294,1961
11391675513,11391675511,-2,942,2014
11395210493,11395210489,-4,1398,2218
11406444594,11406444598,4,4335,2595
11406861739,11406861737,-2,1148,1515
11408589524,11408589521,-3,985,3321
11409273847,11409273846,-1,1424,2231
11412243385,11412243383,-2,1151,1385
11415408990,11415408990,0,957,1781
11416864837,11416864833,-4,1328,3254
11420081842,11420081843,1,51594,72790
11422217416,11422217419,3,1352,1743
11422411327,11422411330,3,1634,1739
11422726054,11422726055,1,1240,1328
11426224787,11426224786,-1,950,1679
11426880093,11426880099,6,2450,1309
11428520501,11428520498,-3,1069,2412
11432171131,11432171127,-4,1081,2652
11436351055,11436351054,-1,1094,1778
11436453963,11436453957,-6,1655,6672
11446724606,11446724604,-2,590,555
11451476845,11451476842,-3,681,2081
11452256485,11452256479,-6,1072,1956
11452559798,11452559805,7,4536,1488
11455093611,11455093603,-8,768,21515
11455600281,11455600278,-3,1050,1999
11464957463,11464957458,-5,1780,6647
11469161265,11469161262,-3,1486,3046
11477266003,11477266001,-2,1226,1867
11477384545,11477384550,5,2505,2031
11477666212,11477666212,0,1440,1646
11485258477,11485258473,-4,1031,3718
11486621727,11486621726,-1,1328,2161
11487253032,11487253038,6,2278,904
11492377273,11492377272,-1,1681,1886
11501972787,11501972787,0,1143,2593
11505750915,11505750913,-2,1344,2309
11507919595,11507919592,-3,1658,3061
11515433251,11515433247,-4,1019,1762
11515568535,11515568516,-19,1275,2484
11515779279,11515779261,-18,1250,2227
11517146128,11517146123,-5,1669,5651
11517186517,11517186511,-6,1273,2381
11520602682,11520602680,-2,1046,2185
11520993662,11520993678,16,611,1980
11522395698,11522395698,0,1435,2656
11523394258,11523394255,-3,1215,2246
11523964911,11523964910,-1,1266,2399
11526169706,11526169705,-1,1095,2667
11527317498,11527317498,0,2894,3876
11528497958,11528497963,5,41773,65139
11530501967,11530501964,-3,1210,1899
11533169686,11533169688,2,1446,635
11533648629,11533648629,0,1263,3074
11534331471,11534331465,-6,686,1886
11545778917,11545778915,-2,602,1124
11551827559,11551827554,-5,1015,2909
11556357339,11556357337,-2,816,895
11558754359,11558754352,-7,914,5464
11559093776,11559093773,-3,810,2788
11562932546,11562932542,-4,1024,2134
11564430335,11564430333,-2,1163,2295
11566093567,11566093564,-3,1143,2420
11574566673,11574566670,-3,20710,8944
11580060362,11580060358,-4,620,1378
11583259587,11583259584,-3,1168,2221
11595561522,11595561520,-2,907,1783
11599195275,11599195270,-5,888,2424
11601459520,11601459518,-2,1065,2219
11606907146,11606907144,-2,982,1956
11608708654,11608708653,-1,1172,2664
11612348862,11612348851,-11,973,2250
11613138731,11613138729,-2,922,988
11613538258,11613538258,0,1292,1104
11618040909,11618040907,-2,1105,1872
11632641670,11632641669,-1,1291,2496
11634013749,11634013733,-16,301,1987
11636100733,11636100730,-3,1150,2444
11637185022,11637185020,-2,1421,1848
11638463322,11638463318,-4,841,1673
11638609359,11638609350,-9,175,1023
11640913758,11640913754,-4,1108,2311
11641194865,11641194862,-3,1095,1989
11642266872,11642266870,-2,1210,2337
11644876754,11644876751,-3,1509,2036
11653425325,11653425324,-1,1134,2169
11653888102,11653888098,-4,803,2096
11654068959,11654068965,6,16682,51981
11654226633,11654226631,-2,1341,1422
11670864734,11670864733,-1,1591,2915
11673414280,11673414282,2,1350,1585
11674224179,11674224174,-5,1104,1943
11675559030,11675559027,-3,1637,3108
11677891343,11677891339,-4,1149,2729
11686144710,11686144707,-3,893,2568
11686682731,11686682730,-1,913,1814
11689085775,11689085774,-1,1354,2522
11689639279,11689639278,-1,1398,2420
11702808187,11702808182,-5,688,1191
11706238981,11706238990,9,14799,22129
11710255054,11710255052,-2,1323,2441
11711978260,11711978256,-4,1043,1742
11720115889,11720115886,-3,1367,2119
11720834286,11720834282,-4,1873,2257
11721661289,11721661295,6,3135,1436
11723152709,11723152706,-3,1091,2198
11724195197,11724195213,16,869,2370
11727429834,11727429832,-2,890,2301
11728395139,11728395140,1,1093,1368
11731935875,11731935873,-2,1201,3183
11732218350,11732218349,-1,963,1965
11732246257,11732246257,0,1628,2724
11732775082,11732775081,-1,1225,2389
11735241009,11735241009,0,1204,1608
11741878947,11741878942,-5,935,2083
11748739777,11748739778,1,1547,1736
11751459834,11751459832,-2,1374,2145
11754322498,11754322495,-3,553,1249
11755333301,11755333321,20,315,1516
11761483805,11761483786,-19,1157,1372
11767637198,11767637197,-1,1208,2464
11769856891,11769856889,-2,1173,1754
11772742704,11772742701,-3,944,2642
11774461303,11774461302,-1,779,1707
11775492223,11775492238,15,540,1110
11779128675,11779128670,-5,922,3120
11779180773,11779180754,-19,1025,1937
11785667049,11785667047,-2,1573,3085
11786906646,11786906652,6,1097,1031
11794322409,11794322409,0,852,1707
11796571613,11796571610,-3,1556,2892
11802615621,11802615618,-3,1034,1712
11804015773,11804015770,-3,940,1452
11804444403,11804444401,-2,1042,2145
11805723193,11805723189,-4,947,2649
11809954702,11809954698,-4,1196,1988
11811208947,11811208965,18,603,1397
11818981799,11818981797,-2,1120,1940
11822088890,11822088889,-1,994,1940
11823144176,11823144174,-2,1123,2584
11823498159,11823498158,-1,701,1505
11823884343,11823884341,-2,1073,1347
11826970028,11826970026,-2,1400,1948
11831972967,11831972963,-4,2099,2379
11832562545,11832562552,7,2605,1390
11834339891,11834339889,-2,958,1974
11835768931,11835768929,-2,1105,1914
11839822696,11839822695,-1,1378,1745
11840071097,11840071094,-3,908,2252
11844832363,11844832359,-4,896,2857
11846559184,11846559179,-5,1155,3307
11847915602,11847915598,-4,936,1608
11850940297,11850940294,-3,1101,2850
11855751415,11855751413,-2,1063,2046
11861486956,11861486961,5,1646,1707
11863813806,11863813805,-1,1251,1845
11867025862,11867025858,-4,1361,2872
11869891609,11869891605,-4,673,1416
11872729341,11872729339,-2,1410,2454
11872949831,11872949830,-1,1014,2640
11876312179,11876312175,-4,1263,3061
11880568337,11880568335,-2,1027,1503
11882561565,11882561565,0,1337,1754
11885374878,11885374874,-4,1034,1801
11886902311,11886902303,-8,971,1629
11887262784,11887262782,-2,1416,2482
11889037061,11889037079,18,1203,2062
11889213973,11889213970,-3,1859,1693
11895529935,11895529931,-4,1544,1552
11897394452,11897394449,-3,1200,2283
11898709327,11898709325,-2,1410,3292
11903014338,11903014342,4,1281,733
11904306002,11904306002,0,1464,1419
11904916359,11904916357,-2,1293,1887
11906089556,11906089554,-2,1440,2368
11908277273,11908277270,-3,1205,2227
11912370914,11912370916,2,1584,1531
11914622829,11914622822,-7,1144,2087
11916272479,11916272477,-2,1092,2616
11918530286,11918530281,-5,713,1439
11918701863,11918701881,18,1416,2152
11918976105,11918976103,-2,1229,1665
11920621542,11920621538,-4,1230,2214
11924648014,11924648013,-1,1444,1610
11925345400,11925345400,0,1331,1964
11928467145,11928467143,-2,1570,2606
11931596158,11931596158,0,1047,2435
11931979518,11931979518,0,25569,37298
11932635986,11932635985,-1,1356,1375
11934919787,11934919786,-1,1047,1692
11937776455,11937776454,-1,890,2162
11937934839,11937934835,-4,1017,2066
11939154479,11939154476,-3,1362,2128
11940603970,11940603966,-4,1212,2608
11942198830,11942198828,-2,1013,2412
11944959162,11944959158,-4,1068,2632
11945441601,11945441597,-4,1335,2881
11947401986,11947401984,-2,1319,2135
11951221330,11951221327,-3,954,1870
11951474690,11951474689,-1,1189,2248
11955671207,11955671202,-5,1139,2119
11958792981,11958792976,-5,1149,2577
11961542678,11961542678,0,1098,3125
11961931165,11961931156,-9,1238,1555
11963667873,11963667869,-4,946,2005
11963743061,11963743080,19,1103,2070
11964873294,11964873293,-1,1064,1501
11965251229,11965251226,-3,1381,2742
11965288359,11965288353,-6,927,4525
11969628149,11969628140,-9,903,3033
11969840286,11969840270,-16,954,869
11973468485,11973468482,-3,1532,2197
11974977345,11974977341,-4,1279,2954
11977789510,11977789506,-4,947,2348
11979602754,11979602754,0,601,1697
11981168126,11981168123,-3,512,1761
11987430174,11987430173,-1,1281,1832
11988353239,11988353218,-21,882,1913
11992866846,11992866844,-2,1113,2509
11994788994,11994789000,6,4000,1728
11995150062,11995150056,-6,1131,2292
11996119182,11996119178,-4,1304,2489
11996661672,11996661670,-2,868,1976
11999151126,11999151123,-3,1223,2231
12003056619,12003056616,-3,1170,2401
12003282478,12003282491,13,123,524
12006207865,12006207863,-2,1269,1641
12009028339,12009028336,-3,781,1996
12011014635,12011014642,7,4719,1628
12017372949,12017372947,-2,1372,2775
12017547934,12017547926,-8,1383,1715
12020998122,12020998143,21,1045,2783
12021105545,12021105540,-5,1280,1984
12025654638,12025654637,-1,1062,1901
12027546791,12027546789,-2,1254,2164
12029684991,12029684989,-2,900,3078
12031057470,12031057467,-3,1229,2576
12031855390,12031855388,-2,954,2713
12032576512,12032576512,0,32299,19172
12036145323,12036145317,-6,644,2159
12036532222,12036532241,19,551,1029
12040262964,12040262961,-3,1946,4127
12042684771,12042684770,-1,917,1506
12047312259,12047312257,-2,1132,2211
12047722817,12047722814,-3,1285,1728
12050140781,12050140780,-1,1030,1443
12051885786,12051885783,-3,1175,1998
12052795087,12052795081,-6,917,3105
12055528699,12055528696,-3,868,2463
12063618828,12063618825,-3,1035,1788
12064160102,12064160084,-18,863,2313
12065693217,12065693216,-1,911,1901
12068641103,12068641101,-2,1103,2876
12069023656,12069023653,-3,1156,2231
12070204594,12070204590,-4,771,3365
12070255540,12070255531,-9,1802,2708
12073203471,12073203469,-2,1451,2390
12079952418,12079952418,0,934,2234
12087293625,12087293629,4,1292,1161
12090070362,12090070359,-3,1470,2065
12092327927,12092327925,-2,700,1533
12092937855,12092937851,-4,1319,2322
12094661453,12094661450,-3,1553,3049
12095262216,12095262214,-2,2150,3191
12099123031,12099123029,-2,1077,2314
12100177249,12100177246,-3,1246,2710
12103760879,12103760877,-2,1131,1947
12103880229,12103880242,13,176,932
12104514950,12104514952,2,1355,1814
12105131354,12105131353,-1,1385,2812
12108001343,12108001341,-2,1095,2471
12108149972,12108149993,21,1159,2632
12108288382,12108288389,7,6289,30645
12108423647,12108423645,-2,1071,1649
12111976979,12111976978,-1,1422,2125
12114148146,12114148145,-1,1127,1844
12116781745,12116781743,-2,1557,2594
12116969187,12116969191,4,328,217
12119599366,12119599369,3,2228,1649
12120283182,12120283178,-4,945,2741
12123107078,12123107076,-2,843,1972
12123792192,12123792189,-3,907,2015
12125743923,12125743918,-5,1082,1742
12128906440,12128906438,-2,1107,2687
12129507338,12129507336,-2,1510,2614
12132510616,12132510624,8,7125,2574
12135860531,12135860530,-1,1090,2877
12141970201,12141970198,-3,1247,2021
12143096641,12143096638,-3,840,2822
12143538788,12143538810,22,475,1311
12144704648,12144704647,-1,1132,1635
12145154429,12145154424,-5,913,2082
12151237338,12151237336,-2,1408,1957
12163396535,12163396533,-2,1213,2426
12164107283,12164107278,-5,1874,5893
12164561475,12164561479,4,1580,982
12166695121,12166695115,-6,655,3123
12166792004,12166792024,20,1006,2044
12166952848,12166952863,15,1162,2766
12169417231,12169417228,-3,1412,2866
12170391614,12170391617,3,2125,1733
12173645531,12173645527,-4,1219,3338
12175287965,12175287963,-2,1114,1491
12177799226,12177799234,8,13783,8594
12187696143,12187696142,-1,1357,1165
12189695738,12189695735,-3,988,1910
12190916398,12190916393,-5,1202,1864
12198137336,12198137339,3,4410,2451
12204357650,12204357650,0,3897,4339
12204832302,12204832298,-4,1175,2336
12205061428,12205061422,-6,189,715
12206623673,12206623669,-4,1389,3389
12207203438,12207203434,-4,1142,2481
12208919102,12208919107,5,2197,977
12213062939,12213062936,-3,935,1648
12213797408,12213797384,-24,1250,2070
12218532903,12218532903,0,1596,1763
12223418227,12223418222,-5,1501,1907
12228002031,12228002033,2,2026,1622
12229638930,12229638928,-2,1502,3114
12230466040,12230466038,-2,1255,2064
12230512352,12230512349,-3,1228,2967
12232961759,12232961754,-5,1031,3241
12233314652,12233314650,-2,1599,2368
12234596790,12234596789,-1,1514,1912
12235730254,12235730250,-4,567,2170
12242472378,12242472378,0,1436,2120
12247682457,12247682455,-2,1127,1462
12250568786,12250568785,-1,1593,2850
12250863438,12250863436,-2,1505,2053
12250959162,12250959160,-2,1387,2714
12251731214,12251731213,-1,913,2990
12254120358,12254120356,-2,1371,2507
12258338126,12258338124,-2,926,1690
12259340234,12259340232,-2,1264,2161
12261245827,12261245827,0,1115,1666
12263869047,12263869045,-2,2018,4512
12264285951,12264285954,3,2576,1473
12266403111,12266403101,-10,210,665
12269642058,12269642053,-5,1199,2508
12275937655,12275937652,-3,1015,2739
12276603525,12276603521,-4,1292,2594
12281323203,12281323198,-5,1097,2101
12281353893,12281353915,22,1221,2041
12281724324,12281724322,-2,1112,2534
12282779737,12282779734,-3,884,2280
12284193642,12284193638,-4,1082,1386
12287100511,12287100510,-1,734,1688
12288054217,12288054219,2,2255,1471
12295722010,12295722008,-2,1440,2488
12296251529,12296251528,-1,29337,34596
12296330984,12296330980,-4,1353,2341
12298478650,12298478648,-2,1115,2250
12301415285,12301415283,-2,1210,1823
12302541093,12302541090,-3,970,2519
12305549428,12305549425,-3,1313,2294
12308896806,12308896805,-1,978,2236
12309009916,12309009915,-1,1716,2228
12313724213,12313724210,-3,745,2045
12315501618,12315501620,2,1589,1562
12317232606,12317232605,-1,946,2002
12317418329,12317418329,0,2220,3096
12317923978,12317923975,-3,1055,2315
12318687155,12318687152,-3,1022,2290
12320422783,12320422782,-1,1224,1426
12322770966,12322770965,-1,944,2087
12323218218,12323218215,-3,1438,2113
12324303709,12324303706,-3,1248,2824
12327032948,12327032946,-2,1479,2688
12328324334,12328324333,-1,1090,3006
12329620127,12329620128,1,1583,1954
12334954254,12334954252,-2,1464,2079
12337220918,12337220915,-3,1181,2775
12340889604,12340889606,2,1247,1686
12341036038,12341036034,-4,1350,2470
12341156503,12341156501,-2,1267,2550
12347551561,12347551557,-4,1187,2692
12348086719,12348086715,-4,701,1968
12349100323,12349100320,-3,1567,2824
12349530381,12349530378,-3,891,2564
12355539927,12355539923,-4,1236,2367
12359920738,12359920733,-5,1091,2002
12361962325,12361962326,1,3720,3261
12364833871,12364833870,-1,1127,2147
12366547558,12366547555,-3,1140,2085
12370862278,12370862282,4,2320,1013
12371609157,12371609153,-4,918,2051
12371678286,12371678277,-9,24812,16544
12372370994,12372370991,-3,1265,2143
12374848038,12374848034,-4,1243,1576
12381744839,12381744834,-5,824,1963
12383685460,12383685454,-6,724,1514
12392848024,12392848022,-2,1324,2825
12393024926,12393024944,18,1029,1972
12393358325,12393358322,-3,1145,2543
12400941453,12400941459,6,2330,1149
12401245146,12401245127,-19,1015,1805
12406081719,12406081715,-4,971,1339
12412225071,12412225067,-4,1263,2073
12412477189,12412477207,18,271,947
12415802922,12415802926,4,4665,1934
12419813415,12419813410,-5,1134,2232
12421304049,12421304045,-4,723,2307
12422152134,12422152130,-4,1058,2618
12429399794,12429399790,-4,1610,3644
12429653199,12429653194,-5,770,2756
12430516905,12430516902,-3,1160,1615
12431678403,12431678404,1,1133,1683
12437294363,12437294357,-6,1151,1450
12438593974,12438593973,-1,1213,1723
12438634418,12438634418,0,1214,2061
12438751389,12438751387,-2,1299,2279
12442020991,12442020988,-3,1248,2367
12447401438,12447401433,-5,1034,1504
12447593903,12447593898,-5,1266,2590
12451233287,12451233283,-4,935,2253
12452311735,12452311738,3,17912,39080
12454775334,12454775332,-2,978,2428
12455066909,12455066928,19,982,1821
12457140769,12457140766,-3,1637,1864
12458021971,12458021967,-4,1184,2746
12468530321,12468530317,-4,1136,2768
12481233330,12481233327,-3,1069,2112
12485787621,12485787620,-1,1317,2758
12485879290,12485879289,-1,1060,1875
12486733374,12486733376,2,1577,1407
12488040169,12488040189,20,911,1858
12489506627,12489506626,-1,886,1585
12490568705,12490568702,-3,1279,2053
12493139436,12493139427,-9,1119,3357
12499388518,12499388517,-1,1471,2170
12500971171,12500971169,-2,872,2171
12503573263,12503573261,-2,1178,2678
12504161077,12504161074,-3,1256,1905
12516480747,12516480746,-1,1169,1996
12522428851,12522428846,-5,921,1396
12525716744,12525716742,-2,1047,2465
12529242131,12529242128,-3,781,2160
12530120027,12530120025,-2,1374,2018
12537462027,12537462026,-1,1140,2193
12538723773,12538723791,18,884,2642
12539298723,12539298718,-5,1057,2074
12542517603,12542517598,-5,1269,2054
12543179628,12543179626,-2,1630,3264
12543969401,12543969397,-4,1392,1926
12544588622,12544588642,20,548,1495
12546581501,12546581498,-3,794,1493
12547514540,12547514535,-5,723,1389
12548086279,12548086276,-3,1050,2299
12550476301,12550476297,-4,1196,2050
12556142386,12556142392,6,12596,25918
12556393037,12556393040,3,1167,1298
12561583439,12561583436,-3,1220,2885
12561732693,12561732687,-6,1037,3142
12563181881,12563181885,4,2334,1361
12566574618,12566574615,-3,1327,2083
12566867959,12566867953,-6,778,3251
12567390985,12567390981,-4,1113,2370
12568269866,12568269861,-5,1050,1942
12568922132,12568922130,-2,1604,2707
12570720457,12570720462,5,2115,1348
12572616828,12572616831,3,2389,1651
12573906539,12573906538,-1,1217,2748
12576990991,12576990990,-1,1288,2536
12582990515,12582990519,4,2836,1489
12584917258,12584917253,-5,953,2690
12587517438,12587517437,-1,1124,2351
12589045432,12589045430,-2,1299,2451
12593687962,12593687958,-4,1087,3042
12596157812,12596157814,2,2139,1939
12602080290,12602080291,1,823,1771
12612789781,12612789781,0,2043,1531
12613497166,12613497162,-4,1448,1815
12617587245,12617587243,-2,1255,2039
12624578794,12624578790,-4,1187,2435
12624998645,12624998642,-3,1421,2450
12625811903,12625811910,7,2534,1716
12626272682,12626272676,-6,1036,1745
12627533357,12627533354,-3,1072,2631
12633913467,12633913464,-3,1191,2417
12635382657,12635382655,-2,1412,2350
12635526226,12635526234,8,11269,25279
12637240664,12637240661,-3,1311,3091
12638412530,12638412525,-5,1322,1942
12645971728,12645971726,-2,1398,1417
12646635649,12646635645,-4,1350,2170
12649211283,12649211278,-5,1300,3283
12649493535,12649493533,-2,907,1813
12649603734,12649603729,-5,808,2973
12651077019,12651077018,-1,1361,2423
12655979798,12655979797,-1,1107,2048
12657233506,12657233503,-3,1041,2177
12657998057,12657998056,-1,1137,2089
12666503746,12666503744,-2,1834,2119
12671412314,12671412311,-3,972,2252
12675358851,12675358850,-1,1238,2209
12680547094,12680547091,-3,1136,2814
12682067199,12682067197,-2,1094,2253
12682741573,12682741570,-3,1072,2422
12689257690,12689257686,-4,715,1655
12692616315,12692616311,-4,1491,2973
12693904161,12693904161,0,848,1829
12695801929,12695801926,-3,1640,2116
12696858716,12696858712,-4,1649,3539
12706066842,12706066840,-2,1241,2253
12709497217,12709497215,-2,933,2076
12710967110,12710967113,3,2404,2304
12714502639,12714502637,-2,1344,3078
12716605595,12716605591,-4,1134,2469
12727703796,12727703793,-3,1143,2399
12728690463,12728690447,-16,941,1751
12730355082,12730355081,-1,972,1630
12736927886,12736927885,-1,1194,2094
12741213882,12741213880,-2,946,2899
12743859904,12743859918,14,685,3994
12747288682,12747288682,0,1269,1543
12747561934,12747561930,-4,1062,2318
12751082674,12751082670,-4,1059,2148
12751418219,12751418224,5,1946,1638
12752681923,12752681920,-3,1319,2052
12754964334,12754964330,-4,1144,2364
12756039146,12756039148,2,3140,2722
12759641967,12759641963,-4,1114,2116
12760814903,12760814911,8,1372,1988
12765362182,12765362182,0,1101,1103
12766227014,12766227013,-1,1085,2006
12767967309,12767967309,0,992,2011
12770816742,12770816739,-3,1179,2366
12770898002,12770898006,4,3092,2464
12773282327,12773282325,-2,836,2212
12775751546,12775751550,4,1148,833
12778260823,12778260820,-3,1184,2273
12781828242,12781828239,-3,1377,2318
12782002644,12782002627,-17,908,1972
12785814670,12785814667,-3,783,1453
12787928105,12787928105,0,39903,17584
12788827599,12788827594,-5,1227,2423
12790132188,12790132187,-1,1635,2263
12792647667,12792647662,-5,1122,2569
12794118047,12794118045,-2,1025,1983
12794565169,12794565166,-3,964,2235
12796342743,12796342742,-1,833,1625
12806640472,12806640469,-3,1233,2580
12812655051,12812655051,0,1053,808
12813156793,12813156789,-4,1049,2067
12813898999,12813898995,-4,1390,2298
12814611591,12814611589,-2,933,1922
12816291068,12816291052,-16,913,2880
12818889324,12818889321,-3,1815,2235
12826944050,12826944046,-4,1216,2180
12827085189,12827085186,-3,97,611
12828979730,12828979725,-5,1536,6842
12836730158,12836730154,-4,1186,2444
12837307275,12837307273,-2,1161,2843
12838331875,12838331869,-6,929,2515
12847045418,12847045417,-1,1157,2348
12847551597,12847551594,-3,1161,2223
12850716441,12850716439,-2,1281,2504
12854836603,12854836598,-5,1057,2804
12855891004,12855891002,-2,1086,1769
12862178782,12862178779,-3,1579,2868
12862571491,12862571489,-2,939,1804
12869579177,12869579173,-4,981,1635
12870561575,12870561574,-1,1157,1602
12877463466,12877463461,-5,1414,9662
12880395536,12880395534,-2,1557,2494
12881163619,12881163618,-1,1027,1607
12885747337,12885747334,-3,1024,2551
12888680794,12888680793,-1,532,1410
12889610494,12889610494,0,926,2774
12897788965,12897788964,-1,1313,1348
12908940838,12908940833,-5,2111,9053
12914543487,12914543483,-4,947,1879
12918147343,12918147342,-1,988,1818
12919875057,12919875054,-3,1045,2115
12929873714,12929873711,-3,895,1516
12930256447,12930256445,-2,1227,2830
12931933351,12931933346,-5,1034,1710
12932576201,12932576197,-4,1398,2708
12945630079,12945630078,-1,1252,2166
12947248696,12947248697,1,27680,86722
12950228141,12950228140,-1,1348,1914
12952171331,12952171331,0,2256,1367
12953896960,12953896958,-2,1222,1949
12957252010,12957252010,0,995,2263
12959596421,12959596421,0,1457,2419
12961450734,12961450729,-5,1150,2233
12966398213,12966398203,-10,616,3133
12966481422,12966481441,19,506,1849
12967337557,12967337554,-3,1050,1866
12969805410,12969805407,-3,1068,1744
12971941675,12971941683,8,8757,29902
12976942074,12976942073,-1,1061,1969
12981290282,12981290282,0,1013,1072
12984029791,12984029790,-1,1125,2231
12997665744,12997665737,-7,1282,3048
13001182151,13001182148,-3,1235,2436
13007827062,13007827060,-2,993,2206
13011631897,13011631892,-5,1481,3281
13013627326,13013627319,-7,3578,10216
13014062875,13014062873,-2,1238,1913
13015198077,13015198083,6,14040,6199
13018389506,13018389503,-3,1410,2753
13020319437,13020319435,-2,1028,2448
13021952390,13021952387,-3,918,2228
13024134066,13024134066,0,1275,2396
13025203179,13025203177,-2,959,2334
13030622699,13030622696,-3,828,2059
13031052570,13031052565,-5,928,1841
13032541599,13032541597,-2,783,1129
13034678138,13034678135,-3,1057,1900
13043670971,13043670969,-2,1035,2396
13043736670,13043736666,-4,1242,3372
13044613594,13044613593,-1,1225,1748
13047573534,13047573543,9,10992,25670
13052709365,13052709361,-4,1603,3035
13053386638,13053386636,-2,1031,3173
13054513653,13054513642,-11,809,1752
13057305229,13057305226,-3,1286,2007
13058103830,13058103827,-3,959,2164
13067760746,13067760745,-1,1372,1900
13067811350,13067811348,-2,865,1967
13068015134,13068015118,-16,1025,2020
13068953761,13068953755,-6,698,1796
13075321466,13075321464,-2,1230,2493
13076410035,13076410033,-2,1163,2121
13076699089,13076699086,-3,1346,2715
13080629820,13080629822,2,1939,1631
13082948014,13082948018,4,2350,1789
13084832994,13084832992,-2,1383,2686
13085482830,13085482826,-4,1086,2603
13085553398,13085553396,-2,1251,1901
13089071694,13089071691,-3,866,2177
13093533297,13093533297,0,21654,6582
13093952843,13093952841,-2,737,1538
13096884131,13096884129,-2,1291,2480
13097213587,13097213581,-6,915,4965
13098865601,13098865597,-4,1256,2949
13100380013,13100380009,-4,1435,3091
13104027708,13104027701,-7,1713,9263
13109404134,13109404133,-1,1046,2053
13113229850,13113229847,-3,1794,3066
13115991798,13115991794,-4,630,3338
13117467598,13117467596,-2,1041,2334
13133347818,13133347813,-5,1463,6942
13133551570,13133551566,-4,1244,1998
13135033267,13135033263,-4,1000,1661
13138890264,13138890262,-2,1298,1988
13147916721,13147916718,-3,1200,2483
13151527448,13151527445,-3,1145,2545
13154737284,13154737281,-3,1134,2376
13161092275,13161092274,-1,1223,3003
13162534448,13162534448,0,1342,1902
13164155635,13164155632,-3,854,2350
13164300944,13164300942,-2,1032,2046
13169859097,13169859094,-3,1009,2641
13170072311,13170072311,0,1604,1473
13173789654,13173789653,-1,678,1796
13174386539,13174386536,-3,1131,2668
13175600421,13175600419,-2,1332,1768
13182294011,13182294009,-2,997,1711
13182771526,13182771525,-1,845,1814
13189344274,13189344274,0,1607,1558
13189704546,13189704541,-5,1030,2728
13191147543,13191147542,-1,983,3229
13191182413,13191182433,20,1107,2073
13192594796,13192594801,5,2256,1573
13192731107,13192731104,-3,920,2242
13194867121,13194867117,-4,1281,1922
13195334683,13195334683,0,1097,1409
13195505292,13195505286,-6,849,2380
13208874988,13208874989,1,1360,2056
13211435281,13211435278,-3,1518,2685
13215198133,13215198130,-3,1116,2046
13224059015,13224059009,-6,754,1870
13226228330,13226228326,-4,1080,2175
13226402157,13226402178,21,1036,2118
13230715643,13230715641,-2,934,2440
13233200146,13233200142,-4,960,2766
13234883377,13234883375,-2,1210,2161
13234923154,13234923152,-2,1251,2051
13242397442,13242397446,4,1398,1139
13242473465,13242473465,0,1300,1822
13243565485,13243565506,21,1112,2360
13246764254,13246764273,19,1110,2099
13247520696,13247520692,-4,1004,2042
13248838526,13248838505,-21,1134,4697
13250566257,13250566253,-4,1018,2944
13253209470,13253209469,-1,1018,1710
13254344391,13254344389,-2,1210,2158
13257073733,13257073754,21,338,986
13257720646,13257720642,-4,1165,1757
13258643666,13258643663,-3,1147,2391
13260761197,13260761196,-1,1243,2507
13263436523,13263436522,-1,935,1420
13264217641,13264217644,3,1924,1500
13269347174,13269347170,-4,1121,4046
13270868359,13270868359,0,3206,2506
13279013011,13279013006,-5,908,2328
13279127755,13279127750,-5,839,2497
13281546394,13281546391,-3,1213,2224
13283991307,13283991302,-5,972,2251
13289527086,13289527085,-1,1231,2016
13294998877,13294998883,6,8263,3034
13298390876,13298390873,-3,1157,1838
13298678424,13298678442,18,1145,2425
13301863243,13301863234,-9,35953,9427
13303176287,13303176283,-4,965,2398
13304084088,13304084103,15,417,807
13318149005,13318149006,1,1335,1271
13318373432,13318373428,-4,1542,3126
13328484682,13328484680,-2,782,2047
13336650962,13336650960,-2,1336,2505
13337985881,13337985879,-2,1703,1951
13343098986,13343098984,-2,1100,2015
13351398898,13351398894,-4,918,2166
13351796758,13351796754,-4,846,2477
13354185298,13354185294,-4,1168,1748
13357654695,13357654691,-4,689,3494
13360007802,13360007799,-3,1234,2032
13363854474,13363854471,-3,878,2511
13365118222,13365118217,-5,1354,2687
13365853746,13365853744,-2,1464,3174
13370155741,13370155740,-1,897,2395
13370246679,13370246661,-18,54,729
13371551923,13371551921,-2,903,2531
13375875069,13375875067,-2,979,1709
13376441179,13376441178,-1,1322,2431
13376873550,13376873557,7,3404,1549
13383242273,13383242271,-2,1106,2506
13386680239,13386680237,-2,1898,3081
13387054246,13387054245,-1,777,2213
13389588049,13389588048,-1,954,1701
13394287229,13394287225,-4,1383,2190
13394561812,13394561794,-18,1022,2357
13395675654,13395675652,-2,1326,2206
13397275293,13397275292,-1,745,2004
13398612903,13398612901,-2,790,2420
13401051612,13401051606,-6,1276,1816
13402397178,13402397177,-1,1528,2507
13409567162,13409567159,-3,727,1745
13413415210,13413415206,-4,997,1494
13416338878,13416338885,7,6580,2634
13424469510,13424469509,-1,998,2766
13425674913,13425674912,-1,1008,2456
13425966149,13425966171,22,783,1581
13428239474,13428239468,-6,912,1176
13429178414,13429178409,-5,1376,2678
13429538464,13429538461,-3,887,1983
13433944662,13433944660,-2,1303,2425
13434758914,13434758913,-1,1427,1939
13437160121,13437160118,-3,996,2009
13440430189,13440430189,0,1597,2014
13443333230,13443333226,-4,1153,1826
13445477869,13445477868,-1,1361,2552
13451102082,13451102081,-1,2259,3502
13458088182,13458088182,0,994,3097
13470382872,13470382877,5,124,860
13471701470,13471701473,3,1304,1464
13475914426,13475914422,-4,1118,1990
13478488593,13478488590,-3,1006,2328
13478804812,13478804811,-1,49439,25609
13484649495,13484649500,5,1561,683
13485855392,13485855389,-3,1416,1589
13491432271,13491432268,-3,834,2562
13493459485,13493459481,-4,1067,2023
13496141575,13496141574,-1,9118,11508
13502286778,13502286775,-3,758,1239
13505346649,13505346643,-6,1263,2973
13506234355,13506234353,-2,969,1310
13506886802,13506886800,-2,1267,2034
13514792142,13514792141,-1,1116,1684
13514970295,13514970286,-9,1151,1779
13522610678,13522610677,-1,884,1808
13523639019,13523639016,-3,1280,1783
13529314793,13529314790,-3,1329,3194
13529979317,13529979322,5,3239,1825
13534851677,13534851674,-3,1019,1860
13537934054,13537934052,-2,988,1786
13539402803,13539402800,-3,1351,2265
13539478138,13539478133,-5,1322,5440
13540527968,13540527967,-1,887,1842
13541371535,13541371527,-8,820,3173
13545091379,13545091375,-4,1006,2320
13547386036,13547386038,2,1134,1860
13550855889,13550855885,-4,951,2357
13555945952,13555945950,-2,1038,2111
13557762728,13557762725,-3,1072,1930
13560759093,13560759091,-2,1162,1444
13561385277,13561385257,-20,1087,1728
13562955599,13562955597,-2,1127,2106
13566801702,13566801697,-5,1157,1716
13571067026,13571067023,-3,1287,2467
13578010927,13578010922,-5,1445,3337
13578120295,13578120290,-5,1154,2042
13580507022,13580507021,-1,964,1460
13582939917,13582939915,-2,1647,2264
13590853666,13590853662,-4,1257,1913
13592098815,13592098810,-5,805,2198
13592181170,13592181165,-5,633,1074
13593890330,13593890324,-6,1625,7518
13595655782,13595655786,4,2070,1528
13596283257,13596283254,-3,1108,2689
13596492031,13596492028,-3,1309,2561
13596609078,13596609077,-1,244,964
13597850417,13597850414,-3,687,1032
13600113973,13600113994,21,978,2709
13610288578,13610288574,-4,1224,2959
13610481559,13610481578,19,583,1317
13616388581,13616388580,-1,1167,2380
13621369630,13621369627,-3,807,1728
13623027811,13623027813,2,1830,1347
13623210135,13623210133,-2,1115,2062
13624022514,13624022519,5,2868,1472
13625966139,13625966158,19,1336,1713
13634388938,13634388935,-3,655,1561
13636281501,13636281499,-2,1669,2654
13637573189,13637573197,8,22736,56682
13638656200,13638656198,-2,875,2135
13640546223,13640546218,-5,1054,3041
13642381802,13642381803,1,3938,3114
13642654250,13642654248,-2,1397,2296
13652145682,13652145682,0,733,1953
13655257424,13655257423,-1,1542,2149
13658027767,13658027764,-3,845,1614
13661986401,13661986397,-4,1210,2417
13662398740,13662398736,-4,597,2098
13664683613,13664683610,-3,1072,2096
13670377686,13670377684,-2,1185,2144
13670489615,13670489604,-11,909,2047
13671460214,13671460211,-3,1285,1823
13673115669,13673115666,-3,1183,2440
13673204204,13673204186,-18,925,1351
13673882585,13673882583,-2,1341,2623
13676739598,13676739598,0,25274,25405
13678261594,13678261592,-2,966,2045
13680107615,13680107600,-15,1928,807
13681881182,13681881180,-2,1103,1520
13682190544,13682190560,16,1265,2596
13685551946,13685551948,2,1221,1956
13697995985,13697995982,-3,2309,4108
13698130114,13698130112,-2,1099,1819
13699124024,13699124038,14,443,951
13701884970,13701884970,0,837,1863
13705494338,13705494345,7,13024,4142
13709034174,13709034169,-5,1060,1872
13709637562,13709637557,-5,851,1562
13712431149,13712431154,5,1879,1194
13712927654,13712927639,-15,1411,1048
13715534709,13715534707,-2,1316,2374
13720679378,13720679376,-2,976,1341
13727449989,13727449987,-2,1197,2248
13730938395,13730938402,7,2375,1134
13731320617,13731320615,-2,1142,1903
13737074154,13737074151,-3,2680,4751
13739246647,13739246643,-4,1204,2429
13740806823,13740806821,-2,1122,2043
13742433727,13742433730,3,1923,1365
13743490903,13743490899,-4,938,2052
13745946059,13745946055,-4,806,1897
13749256800,13749256799,-1,1337,1670
13754274761,13754274758,-3,1362,3229
13761594883,13761594882,-1,852,2186
13765328862,13765328859,-3,1188,2786
13766070005,13766070015,10,289,909
13767541758,13767541756,-2,997,2436
13769650674,13769650671,-3,938,1879
13775134851,13775134848,-3,637,1561
13776164037,13776164018,-19,1121,2130
13789067127,13789067124,-3,701,1303
13791004894,13791004892,-2,1034,1999
13794835693,13794835689,-4,1126,3400
13794987939,13794987938,-1,831,1335
13796472550,13796472548,-2,1168,1913
13797676523,13797676520,-3,1259,2283
13798231509,13798231506,-3,1235,1379
13799011135,13799011134,-1,876,1953
13802194365,13802194366,1,1389,2173
13811838825,13811838826,1,1706,2470
13814871955,13814871953,-2,1283,2083
13816678975,13816678976,1,1587,1922
13817486829,13817486826,-3,1047,1333
13817530792,13817530774,-18,15441,51854
13817693184,13817693181,-3,777,1762
13822324857,13822324859,2,19825,23285
13822721364,13822721361,-3,1412,3266
13828070742,13828070739,-3,1257,1925
13829137318,13829137314,-4,1009,2637
13830502443,13830502439,-4,2415,6984
13833717586,13833717583,-3,1068,1408
13834450191,13834450190,-1,1347,2378
13836681030,13836681029,-1,766,1864
13837484767,13837484760,-7,203,884
13839347358,13839347356,-2,1187,1882
13844303241,13844303259,18,436,1554
13848045914,13848045909,-5,1291,1777
13848620493,13848620510,17,550,1497
13851112118,13851112117,-1,913,2240
13853036694,13853036693,-1,1144,2178
13853369518,13853369522,4,21391,19636
13855339850,13855339846,-4,467,1210
13866023917,13866023915,-2,966,2467
13868223666,13868223663,-3,699,2375
13870591046,13870591042,-4,905,2680
13873231052,13873231050,-2,1109,1506
13878441993,13878441998,5,2096,1448
13879559034,13879559032,-2,1457,1916
13882944889,13882944889,0,1201,2089
13891955190,13891955188,-2,977,2546
13899027062,13899027061,-1,820,1519
13902444486,13902444483,-3,1059,1673
13902477824,13902477841,17,1222,2381
13903683009,13903683006,-3,1364,2426
13904330600,13904330614,14,331,1281
13906410902,13906410902,0,867,1082
13906501919,13906501917,-2,1305,2125
13912372732,13912372727,-5,1088,1656
13920552408,13920552405,-3,1286,2458
13922855109,13922855109,0,1637,2094
13923101709,13923101694,-15,1049,2360
13924003162,13924003158,-4,1134,2043
13925089114,13925089110,-4,955,2686
13925696429,13925696448,19,1045,2571
13926054484,13926054484,0,1567,2661
13928811097,13928811095,-2,836,925
13937478567,13937478565,-2,818,1921
13942300781,13942300778,-3,536,1036
13944010138,13944010135,-3,1046,2372
13948024445,13948024444,-1,925,1736
13949626943,13949626940,-3,1398,1564
13952020210,13952020205,-5,1158,4949
13959953866,13959953865,-1,914,2044
13961735577,13961735571,-6,1216,3666
13972164149,13972164146,-3,1099,3131
13976759942,13976759937,-5,1872,6679
13981648925,13981648922,-3,948,2483
13985295458,13985295454,-4,840,2060
13990196851,13990196844,-7,1367,3345
13991879147,13991879163,16,1193,2315
13995453547,13995453545,-2,1021,1827
13995903450,13995903447,-3,1253,2042
13997567726,13997567722,-4,1324,2006
14000363621,14000363620,-1,1238,2360
14002181158,14002181157,-1,781,1512
14002465459,14002465457,-2,1409,2431
14002543366,14002543361,-5,707,2426
14003574854,14003574852,-2,1349,2961
14004212639,14004212633,-6,1859,7490
14009291631,14009291629,-2,1336,2667
14010684070,14010684066,-4,1499,2128
14017170630,14017170627,-3,688,1180
14017292445,14017292441,-4,1188,1776
14022492079,14022492076,-3,1404,2138
14032185334,14032185335,1,1135,1298
14037840339,14037840338,-1,1110,1441
14040873953,14040873949,-4,1346,2164
14043188829,14043188832,3,787,1020
14044948158,14044948154,-4,1388,1861
14046586245,14046586242,-3,1590,2287
14047425227,14047425227,0,1716,2050
14050447142,14050447138,-4,1205,3644
14050732093,14050732115,22,1384,2804
14051211159,14051211158,-1,1197,1554
14054720268,14054720266,-2,1359,1741
14056964835,14056964830,-5,807,2170
14059158311,14059158306,-5,1153,4486
14061391771,14061391768,-3,978,2321
14063865200,14063865198,-2,1247,2397
14064747922,14064747919,-3,1207,2098
14065131390,14065131389,-1,1105,2038
14065588887,14065588884,-3,791,2296
14067537726,14067537723,-3,1345,2632
14069118274,14069118275,1,1062,1521
14070224631,14070224631,0,1235,1095
14072156501,14072156508,7,5250,2096
14073400595,14073400593,-2,894,1834
14074043936,14074043933,-3,881,2306
14077013383,14077013377,-6,1212,5492
14079680645,14079680642,-3,1277,2366
14080129466,14080129463,-3,1397,2143
14080332572,14080332567,-5,1545,3041
14080394566,14080394565,-1,921,1216
14081862790,14081862787,-3,1132,2042
14083556179,14083556179,0,1101,1936
14083721606,14083721618,12,330,884
14084795071,14084795066,-5,1025,2487
14086497449,14086497445,-4,1023,3041
14090248579,14090248573,-6,1195,3341
14094160625,14094160622,-3,987,1633
14095601462,14095601457,-5,19637,14163
14096096545,14096096542,-3,1365,2583
14096855374,14096855370,-4,1053,1847
14097025086,14097025083,-3,718,2501
14111104329,14111104325,-4,1004,1287
14112397659,14112397654,-5,887,1540
14112511749,14112511771,22,1812,3974
14122008383,14122008377,-6,1127,2472
14123816509,14123816506,-3,1011,2292
14126466206,14126466202,-4,1196,2569
14126505425,14126505422,-3,1309,3141
14126566022,14126566042,20,316,1000
14127890287,14127890285,-2,1135,2042
14128809077,14128809073,-4,988,1233
14133785882,14133785877,-5,1045,1778
14137122066,14137122064,-2,888,2114
14145207869,14145207853,-16,723,302
14145259545,14145259542,-3,799,1180
14154914822,14154914819,-3,1374,2592
14161125563,14161125564,1,1114,1433
14163253097,14163253094,-3,1229,1768
14166813078,14166813075,-3,602,846
14170691777,14170691776,-1,1572,2183
14175003399,14175003395,-4,1600,1930
14180738205,14180738201,-4,968,2331
14187664658,14187664653,-5,940,2706
14194069891,14194069888,-3,733,2120
14199338560,14199338557,-3,1168,2353
14201913967,14201913964,-3,1042,2072
14204170185,14204170182,-3,829,2243
14204798115,14204798113,-2,723,2095
14205308664,14205308677,13,665,1752
14207740865,14207740870,5,2287,1266
14211251727,14211251724,-3,1567,2617
14211427678,14211427677,-1,874,2164
14214213458,14214213457,-1,1481,2541
14215158266,14215158262,-4,943,2581
14215954490,14215954487,-3,1222,2562
14218246493,14218246492,-1,1774,2078
14219844083,14219844082,-1,1540,3015
14220263767,14220263763,-4,885,1329
14220779290,14220779286,-4,894,2030
14221891461,14221891458,-3,868,1724
14228510122,14228510121,-1,1334,2349
14230785912,14230785911,-1,1253,2332
14233554691,14233554690,-1,1086,1926
14238896206,14238896205,-1,704,1904
14243522319,14243522326,7,1713,835
14244994323,14244994322,-1,1226,1656
14245315557,14245315576,19,1232,1751
14249096086,14249096085,-1,989,1972
14253191423,14253191421,-2,759,1802
14256927850,14256927848,-2,1344,1878
14258563263,14258563258,-5,1220,2237
14260973109,14260973104,-5,1433,2750
14261323454,14261323452,-2,930,2132
14262042856,14262042872,16,607,2130
14265437030,14265437027,-3,1055,2873
14267968774,14267968771,-3,814,1444
14268275718,14268275713,-5,1308,2542
14269328258,14269328254,-4,1591,2964
14276963961,14276963965,4,2217,1378
14283189290,14283189287,-3,1346,2341
14286125675,14286125672,-3,1301,2383
14289672131,14289672130,-1,1201,1925
14291643139,14291643137,-2,1409,3101
14295054803,14295054802,-1,1051,1243
14305153790,14305153787,-3,1159,1720
14306070274,14306070271,-3,1387,3069
14311800103,14311800101,-2,1349,2293
14312982638,14312982646,8,8142,29620
14319040704,14319040704,0,1593,1457
14323206634,14323206629,-5,897,2555
14323266174,14323266161,-13,182,990
14324141688,14324141685,-3,1040,2635
14325035616,14325035633,17,1162,2276
14326767735,14326767735,0,1197,2739
14329012054,14329012053,-1,1001,2366
14335400138,14335400138,0,929,2003
14336412933,14336412930,-3,1252,2793
14340077862,14340077861,-1,842,2702
14343078069,14343078062,-7,731,2854
14344541841,14344541841,0,2066,2142
14345335327,14345335326,-1,820,1498
14346982675,14346982674,-1,1364,2566
14352299955,14352299957,2,917,1069
14366724083,14366724081,-2,1123,2368
14367315916,14367315911,-5,1499,3901
14369545233,14369545229,-4,1958,5171
14374166399,14374166396,-3,1363,2591
14376320477,14376320473,-4,1459,2439
14379313154,14379313152,-2,902,1745
14379445894,14379445911,17,646,2358
14382489102,14382489102,0,1180,2267
14386772987,14386772982,-5,832,1543
14387139696,14387139694,-2,1119,2296
14393654797,14393654793,-4,1005,2320
14396699617,14396699615,-2,916,2130
14399501832,14399501819,-13,23343,29740
14400247988,14400247986,-2,1758,3583
14401120471,14401120470,-1,1325,2415
14401624448,14401624467,19,795,1367
14404091899,14404091897,-2,958,1666
14404190365,14404190386,21,392,981
14404659603,14404659600,-3,925,3064
14409852098,14409852096,-2,1277,2881
14410409750,14410409749,-1,1129,2143
14411313087,14411313083,-4,787,1685
14414824802,14414824800,-2,1194,2679
14415072646,14415072643,-3,1036,2114
14421108320,14421108319,-1,2617,3206
14422087602,14422087620,18,5560,1986
14423747370,14423747370,0,1343,1718
14425262487,14425262484,-3,1011,2133
14429125342,14429125341,-1,1370,2748
14429988238,14429988234,-4,1105,2927
14432837514,14432837513,-1,1115,2429
14433225007,14433225006,-1,1226,1888
14435151708,14435151706,-2,1021,2460
14436402046,14436402050,4,2090,1584
14439018785,14439018782,-3,1289,2181
14440144165,14440144163,-2,1221,1912
14446350397,14446350401,4,2303,2037
14456891855,14456891862,7,4601,1906
14457823509,14457823511,2,1578,1681
14460017830,14460017829,-1,926,1719
14461953975,14461953973,-2,736,2608
14462538260,14462538256,-4,1452,2043
14468100185,14468100182,-3,1642,2731
14468733611,14468733608,-3,1484,2766
14469681375,14469681370,-5,1054,2115
14470835894,14470835891,-3,189,593
14474097031,14474097026,-5,1232,6415
14481929731,14481929730,-1,1325,2778
14485686493,14485686489,-4,674,1527
14485740577,14485740574,-3,879,1582
14487360858,14487360857,-1,1032,3268
14489585002,14489584998,-4,863,2795
14492416107,14492416104,-3,1650,2952
14494967749,14494967751,2,2077,1797
14495055863,14495055859,-4,1279,1851
14495176011,14495176010,-1,1554,2312
14497545536,14497545532,-4,1240,2655
14498804781,14498804776,-5,2317,8031
14500317356,14500317353,-3,1048,2051
14505145417,14505145412,-5,1506,2343
14510064135,14510064134,-1,1310,2070
14512795851,14512795846,-5,651,2434
14517050650,14517050648,-2,655,1684
14519443178,14519443176,-2,2548,5544
14520675178,14520675185,7,2583,1068
14521432339,14521432336,-3,1422,2460
14527096362,14527096357,-5,1196,2198
14528541010,14528541008,-2,1067,2750
14531329097,14531329093,-4,1170,1869
14532909895,14532909894,-1,592,1529
14534126767,14534126763,-4,791,1575
14535021142,14535021141,-1,1086,1896
14537042806,14537042804,-2,1609,2066
14537749031,14537749025,-6,1354,2070
14540250599,14540250593,-6,858,3953
14541300848,14541300845,-3,1251,2263
14547628582,14547628582,0,1557,2146
14548035335,14548035332,-3,825,2034
14550135331,14550135334,3,1923,1285
14553045293,14553045291,-2,1351,2225
14554792679,14554792673,-6,1217,1992
14559189515,14559189511,-4,1074,2726
14559239644,14559239629,-15,1220,3272
14566700550,14566700571,21,1489,3639
14566909970,14566909970,0,1432,1581
14571067526,14571067530,4,2352,1357
14573935099,14573935097,-2,1336,2019
14582509974,14582509978,4,1866,1299
14583028503,14583028501,-2,1284,1978
14585307061,14585307058,-3,1241,2748
14588117622,14588117622,0,1504,2024
14598575817,14598575814,-3,879,1225
14601787066,14601787065,-1,1665,2591
14602244762,14602244759,-3,1105,1624
14604681863,14604681858,-5,839,1835
14607971399,14607971396,-3,1334,2681
14610799954,14610799953,-1,899,1620
14613713783,14613713781,-2,1004,2185
14618657356,14618657353,-3,1160,2631
14621698946,14621698942,-4,561,1750
14621964438,14621964435,-3,1195,1994
14623302066,14623302062,-4,5447,14389
14623460904,14623460902,-2,1338,2006
14624567769,14624567772,3,1126,1226
14641678038,14641678043,5,1246,1553
14641967255,14641967258,3,8071,20469
14649399519,14649399517,-2,1482,2259
14649678999,14649678996,-3,1361,2052
14654387990,14654387988,-2,1011,1423
14655822444,14655822442,-2,1276,2202
14656477638,14656477633,-5,914,1661
14656790816,14656790817,1,35831,33567
14657176025,14657176025,0,2111,2936
14659377686,14659377691,5,1171,608
14662165926,14662165925,-1,916,1939
14662301357,14662301337,-20,759,2263
14663434730,14663434727,-3,862,1860
14664932127,14664932122,-5,1069,1655
14667054919,14667054918,-1,1121,1987
14671414202,14671414198,-4,807,1922
14674483076,14674483078,2,3634,2996
14681290357,14681290354,-3,1137,2306
14684278886,14684278886,0,1105,2046
14690337712,14690337710,-2,1564,2337
14694787519,14694787515,-4,1075,2348
14697723401,14697723398,-3,1643,2485
14699107667,14699107672,5,2860,1236
14702919266,14702919262,-4,1418,2889
14703304463,14703304460,-3,1138,2358
14704694426,14704694425,-1,920,1499
14707579363,14707579360,-3,1530,2968
14708087680,14708087677,-3,1040,3175
14709467086,14709467084,-2,985,1897
14709541609,14709541612,3,2771,1687
14713040013,14713040011,-2,1142,2858
14715932596,14715932601,5,2322,1651
14723050621,14723050623,2,3245,2822
14724353474,14724353470,-4,534,2423
14724776302,14724776298,-4,1237,2090
14725170261,14725170249,-12,978,2356
14727069489,14727069487,-2,1746,2605
14729296431,14729296429,-2,1144,2320
14734017067,14734017064,-3,993,2315
14739730570,14739730570,0,808,1650
14742221821,14742221813,-8,1184,4343
14748813849,14748813846,-3,1415,2693
14748845273,14748845266,-7,1141,2301
14751422048,14751422045,-3,717,1599
14756739641,14756739638,-3,1063,1656
14761370834,14761370831,-3,1296,2504
14761594689,14761594688,-1,1364,2319
14764344271,14764344270,-1,1087,2340
14764372709,14764372727,18,260,1332
14766802797,14766802803,6,2251,1209
14769862567,14769862566,-1,1088,2130
14777950482,14777950472,-10,790,586
14781998818,14781998814,-4,1141,1755
14786630706,14786630702,-4,1137,2046
14792838094,14792838091,-3,929,2342
14793527008,14793527006,-2,1345,2734
14797101026,14797101022,-4,1530,2127
14797373545,14797373545,0,1525,1683
14798288036,14798288033,-3,1713,2756
14803487225,14803487223,-2,796,1682
14805953775,14805953769,-6,682,2395
14817883918,14817883915,-3,1064,2563
14821216178,14821216176,-2,1097,2230
14823608857,14823608857,0,36687,53967
14824131334,14824131335,1,933,1801
14826901842,14826901838,-4,813,2314
14827996359,14827996351,-8,999,2133
14828309288,14828309277,-11,8172,19219
14829478448,14829478444,-4,1592,2566
14829695953,14829695950,-3,1637,2911
14832626270,14832626274,4,1919,1114
14833144652,14833144648,-4,1167,2134
14850562182,14850562181,-1,874,1584
14853780022,14853780017,-5,1009,3944
14855814783,14855814782,-1,1122,2219
14858301221,14858301217,-4,1385,4072
14858974325,14858974322,-3,1570,1772
14863790306,14863790305,-1,2693,3299
14864307058,14864307054,-4,639,2441
14864720807,14864720807,0,1120,2039
14865590279,14865590277,-2,1066,1579
14868715255,14868715252,-3,1171,2315
14869192695,14869192692,-3,1030,2213
14869341673,14869341674,1,1336,1616
14869814478,14869814475,-3,1248,2139
14871987105,14871987110,5,2570,1302
14872109334,14872109336,2,1484,1502
14874631762,14874631766,4,2462,1753
14877254261,14877254258,-3,1387,2232
14877624554,14877624553,-1,984,1497
14880278049,14880278049,0,3497,15334
14885483118,14885483117,-1,1222,2098
14886204612,14886204610,-2,1165,2333
14886645587,14886645586,-1,1424,3228
14888033116,14888033113,-3,1293,3620
14889649162,14889649162,0,1017,1576
14893023810,14893023806,-4,1003,2516
14895933938,14895933937,-1,978,1820
14897990075,14897990072,-3,1251,2926
14899975632,14899975629,-3,1095,2087
14900835727,14900835728,1,1114,2092
14902758186,14902758186,0,915,1723
14907408806,14907408805,-1,1672,3076
14910973509,14910973506,-3,1105,2325
14911978380,14911978382,2,1754,1200
14915458482,14915458478,-4,1123,2275
14918527541,14918527542,1,2039,2357
14921911382,14921911381,-1,1128,2229
14924297216,14924297218,2,74,441
14925976996,14925977002,6,10720,33796
14927706258,14927706254,-4,1277,3009
14928671151,14928671150,-1,1029,1006
14931871213,14931871219,6,2474,959
14932488870,14932488870,0,1069,1465
14935348289,14935348286,-3,650,1753
14944934253,14944934250,-3,1244,2968
14945229530,14945229526,-4,1011,2127
14945766823,14945766826,3,8533,6452
14947764922,14947764921,-1,1389,3242
14952361251,14952361249,-2,864,1996
14953928188,14953928205,17,977,2010
14955043078,14955043083,5,65,787
14957194497,14957194495,-2,949,1633
14964802963,14964802960,-3,501,1081
14974977470,14974977468,-2,1259,1820
14976437752,14976437750,-2,820,1877
14977491079,14977491075,-4,1419,2319
14979353250,14979353249,-1,911,1394
14980209111,14980209106,-5,1212,1785
14984271767,14984271762,-5,1285,1575
14989827074,14989827071,-3,1429,2050
14991336630,14991336630,0,1000,1714
14994849622,14994849617,-5,1427,3268
14996160693,14996160691,-2,1098,1811
15009774614,15009774614,0,42688,5302
15012983770,15012983767,-3,1542,2642
15015316378,15015316376,-2,1322,1755
15016697957,15016697955,-2,1731,2768
15019918839,15019918837,-2,819,2531
15020484918,15020484917,-1,982,1567
15021452304,15021452302,-2,1404,2043
15022294162,15022294165,3,3082,2461
15024242643,15024242637,-6,887,3313
15025578474,15025578470,-4,1255,2094
15026233799,15026233799,0,1152,2194
15036972183,15036972179,-4,1512,3423
15037701163,15037701161,-2,1649,3068
15037819042,15037819040,-2,759,2543
15039376598,15039376598,0,1260,2093
15045184475,15045184472,-3,1292,2022
15046080742,15046080739,-3,1283,1965
15046262843,15046262841,-2,1077,2054
15048466464,15048466461,-3,1049,3326
15056345822,15056345819,-3,1361,2464
15057918219,15057918216,-3,923,2294
15060051103,15060051100,-3,1417,2709
15060473618,15060473617,-1,980,1809
15067389495,15067389490,-5,960,2277
15071922241,15071922238,-3,992,1947
15074151658,15074151658,0,1528,2246
15075316427,15075316424,-3,1685,2863
15075589423,15075589420,-3,1040,2595
15079593064,15079593062,-2,1562,2927
15080182550,15080182548,-2,1182,2036
15086122916,15086122913,-3,1562,2832
15088233611,15088233608,-3,920,1647
15091757974,15091757972,-2,1536,2344
15092082523,15092082522,-1,1270,1883
15093859542,15093859543,1,2505,2087
15098425527,15098425522,-5,1169,1925
15100047046,15100047044,-2,1070,2268
15100806162,15100806159,-3,1137,2987
15104388837,15104388835,-2,382,1724
15110082806,15110082803,-3,899,1864
15112212418,15112212414,-4,1215,1815
15114594414,15114594411,-3,966,1788
15114809537,15114809536,-1,647,2029
15115770025,15115770022,-3,1448,2878
15116905322,15116905320,-2,1116,2157
15117801791,15117801788,-3,1116,1816
15125078643,15125078649,6,1635,1406
15127536693,15127536689,-4,1035,1964
15127868733,15127868753,20,1169,1480
15129048166,15129048165,-1,922,2580
15132638976,15132638974,-2,1070,2978
15132670782,15132670789,7,1369,958
15133949638,15133949635,-3,1283,2954
15134757166,15134757173,7,11762,3708
15136461133,15136461130,-3,1208,2071
15136560949,15136560966,17,1455,2767
15139767475,15139767474,-1,650,1882
15147075114,15147075112,-2,761,1861
15151641134,15151641133,-1,1002,2260
15151719444,15151719443,-1,1295,2163
15154230315,15154230311,-4,1264,2455
15154610734,15154610746,12,379,2141
15163616703,15163616702,-1,1059,2320
15168331813,15168331814,1,1190,1374
15168541439,15168541437,-2,1087,2264
15170400219,15170400210,-9,1312,3433
15175106742,15175106738,-4,1392,3271
15176100682,15176100680,-2,1223,2046
15178857926,15178857925,-1,857,2024
15181190874,15181190874,0,1380,2343
15183092506,15183092513,7,1472,2016
15186703653,15186703649,-4,1022,1823
15189468743,15189468741,-2,1093,2727
15191708599,15191708595,-4,1946,3000
15193307615,15193307614,-1,919,1649
15197917351,15197917348,-3,1875,3366
15200685758,15200685754,-4,1299,3054
15202965349,15202965346,-3,1095,2899
15208595578,15208595577,-1,1151,2310
15210519439,15210519437,-2,742,2140
15213483238,15213483240,2,1225,2035
15221246985,15221246982,-3,1100,2258
15221604368,15221604366,-2,771,2175
15223333248,15223333246,-2,1009,1695
15224978970,15224978969,-1,1372,2014
15229195779,15229195773,-6,1005,1505
15229448285,15229448280,-5,874,2617
15230298871,15230298887,16,727,883
15236843161,15236843167,6,3098,1476
15241255310,15241255306,-4,1506,2707
15241911179,15241911174,-5,867,1638
15247282462,15247282458,-4,1244,2109
15256135733,15256135734,1,1233,2213
15258785274,15258785269,-5,1001,2169
15261418997,15261418996,-1,1146,1673
15263068069,15263068066,-3,1453,3532
15271056910,15271056906,-4,1689,2302
15271310372,15271310361,-11,288,1050
15277808362,15277808362,0,1293,1973
15279831125,15279831119,-6,823,3257
15284745549,15284745547,-2,1354,2091
15286168926,15286168922,-4,823,2478
15291165721,15291165720,-1,1327,3375
15293968931,15293968931,0,1003,1244
15297405953,15297405950,-3,1244,1575
15306492091,15306492088,-3,1293,2336
15309254729,15309254734,5,1640,1577
15311472555,15311472554,-1,1358,2025
15316783638,15316783634,-4,1337,2979
15318502659,15318502657,-2,1096,1857
15320619486,15320619485,-1,986,1694
15321385359,15321385352,-7,215,720
15330705482,15330705481,-1,1558,3354
15331750875,15331750871,-4,591,1981
15335307902,15335307899,-3,1703,2658
15339748203,15339748199,-4,1027,1715
15348026350,15348026347,-3,1368,2167
15349174751,15349174748,-3,1024,2187
15352349271,15352349267,-4,860,1524
15358419089,15358419094,5,2857,1995
15363140129,15363140128,-1,1196,2775
15363403630,15363403630,0,1196,1467
15363494904,15363494917,13,610,1177
15369175255,15369175253,-2,733,1888
15371054636,15371054635,-1,1117,2642
15372911638,15372911638,0,1592,1599
15373334287,15373334284,-3,966,2619
15374921271,15374921269,-2,913,2236
15378912856,15378912854,-2,1141,2291
15385037694,15385037692,-2,1066,1912
15385200102,15385200123,21,134,544
15392029444,15392029442,-2,1122,2327
15396675940,15396675937,-3,674,2086
15397818418,15397818417,-1,1108,2020
15398020805,15398020799,-6,1364,1858
15399658529,15399658530,1,977,1310
15401398034,15401398033,-1,1589,3190
15402008922,15402008922,0,1644,1867
15404120427,15404120424,-3,844,1177
15406804965,15406804963,-2,1128,2569
15413817703,15413817701,-2,1019,1624
15415607685,15415607685,0,951,2328
15417719279,15417719279,0,1285,1851
15419261155,15419261151,-4,676,2715
15420000054,15420000050,-4,1154,2473
15420541677,15420541674,-3,1014,1797
15425682539,15425682536,-3,1022,2346
15443214142,15443214139,-3,915,2223
15444591290,15444591286,-4,831,2099
15445029068,15445029089,21,762,1222
15445067183,15445067177,-6,1140,2979
15446154664,15446154665,1,1088,1396
15448823723,15448823722,-1,971,2448
15451813309,15451813306,-3,636,2247
15453600518,15453600517,-1,990,1917
15454695778,15454695773,-5,783,2021
15458768683,15458768676,-7,1253,5100
15459599993,15459599996,3,2239,1727
15466124523,15466124519,-4,1365,3219
15471966794,15471966795,1,1288,1360
15475218503,15475218502,-1,1987,3311
15476948574,15476948572,-2,1026,3114
15477286409,15477286405,-4,1538,3234
15481301426,15481301423,-3,1406,1547
15481723200,15481723217,17,1051,4573
15485111263,15485111261,-2,1259,1801
15486019255,15486019256,1,1495,2306
15486076146,15486076142,-4,996,1824
15488268936,15488268933,-3,1408,2665
15489790781,15489790776,-5,961,3168
15493963687,15493963685,-2,1322,2605
15496643202,15496643199,-3,968,2163
15496946005,15496946005,0,1324,3038
15497137363,15497137362,-1,1372,2104
15498282352,15498282349,-3,1066,1667
15502627206,15502627204,-2,1330,2035
15503143163,15503143161,-2,1239,2274
15508781046,15508781042,-4,1751,3221
15509327180,15509327178,-2,1074,2103
15524291602,15524291598,-4,943,1517
15526614137,15526614137,0,1341,1980
15526984093,15526984088,-5,739,1454
15527580902,15527580902,0,814,1893
15533975456,15533975454,-2,1661,2291
15534651411,15534651415,4,1937,1395
15540651399,15540651395,-4,876,1860
15545641683,15545641682,-1,742,1598
15546529575,15546529582,7,2064,826
15547567391,15547567396,5,11596,7950
15548034107,15548034104,-3,1373,2627
15556379436,15556379434,-2,1635,1344
15563341414,15563341413,-1,1510,2309
15568132790,15568132787,-3,1035,2041
15570883767,15570883765,-2,987,2398
15571028863,15571028858,-5,929,2475
15571792910,15571792907,-3,1120,3090
15571872641,15571872636,-5,786,985
15573436807,15573436799,-8,1265,7809
15574228703,15574228701,-2,1095,1917
15575675655,15575675655,0,1267,2158
15579656562,15579656558,-4,1073,2167
15580453129,15580453126,-3,1326,1794
15581355113,15581355112,-1,1032,1806
15585144106,15585144106,0,1717,2042
15598438007,15598438005,-2,1054,2110
15598903746,15598903741,-5,1022,3117
15599386309,15599386305,-4,1348,2962
15600467242,15600467246,4,2018,1641
15609444533,15609444521,-12,1098,2000
15611075668,15611075665,-3,1583,2379
15612399845,15612399841,-4,1108,2315
15614131125,15614131128,3,4014,3327
15617349119,15617349117,-2,985,2646
15620714350,15620714346,-4,1222,2354
15623733484,15623733482,-2,632,2498
15625478286,15625478282,-4,1124,2816
15625914411,15625914410,-1,938,1807
15629326989,15629327002,13,459,1785
15629564239,15629564242,3,1811,1540
15631263427,15631263423,-4,655,2001
15633305427,15633305426,-1,872,1598
15633945238,15633945246,8,183,616
15637573183,15637573177,-6,1201,4456
15638131609,15638131605,-4,1417,1853
15638697928,15638697925,-3,1991,3324
15640974009,15640974008,-1,1085,1482
15649590040,15649590038,-2,1292,2605
15651491484,15651491482,-2,1091,2238
15651567686,15651567674,-12,1284,1982
15654274631,15654274630,-1,696,2040
15656084979,15656084976,-3,844,2677
15664986630,15664986630,0,999,2085
15666753676,15666753673,-3,916,1614
15670421897,15670421895,-2,1000,1637
15671070975,15671070992,17,853,1998
15672036430,15672036427,-3,863,2288
15677348969,15677348967,-2,1336,1753
15678790958,15678790962,4,2378,1442
15679066781,15679066777,-4,1368,3372
15680301898,15680301894,-4,1362,2031
15680828469,15680828465,-4,1013,2252
15680901404,15680901414,10,186,773
15683008886,15683008887,1,1620,1728
15683247667,15683247663,-4,992,2309
15684765396,15684765395,-1,1085,1857
15686027795,15686027793,-2,1346,1990
15686102864,15686102863,-1,1013,1599
15687886584,15687886582,-2,969,1795
15694991806,15694991803,-3,1286,2844
15695737564,15695737562,-2,1132,2433
15698901147,15698901142,-5,1153,2197
15700418421,15700418425,4,2746,1961
15705600362,15705600360,-2,1233,2288
15709327665,15709327662,-3,1216,1834
15711656745,15711656745,0,915,1179
15712178582,15712178577,-5,34046,13965
15713880103,15713880106,3,1504,1976
15714919559,15714919555,-4,1781,2394
15720958722,15720958719,-3,852,1868
15721408046,15721408043,-3,1057,1347
15722658772,15722658769,-3,1150,2367
15723740332,15723740328,-4,168,1018
15727947351,15727947348,-3,1149,2456
15728328831,15728328831,0,944,1269
15729071148,15729071145,-3,1274,2173
15732172394,15732172390,-4,1506,3405
15735243534,15735243533,-1,1676,1793
15735801141,15735801137,-4,875,1180
15743646850,15743646847,-3,756,1733
15745139803,15745139801,-2,1268,2853
15749626265,15749626262,-3,866,2162
15750895821,15750895818,-3,825,1531
15751501290,15751501285,-5,785,2323
15752319903,15752319922,19,1361,3192
15753617493,15753617490,-3,1205,2283
15757898654,15757898651,-3,902,2381
15760479950,15760479949,-1,1102,2758
15762730883,15762730880,-3,1186,2315
15763251653,15763251633,-20,1225,1910
15763747125,15763747125,0,1024,1018
15767645435,15767645430,-5,974,1863
15769823252,15769823251,-1,1653,2112
15771232291,15771232286,-5,1003,2334
15776654650,15776654645,-5,3370,11312
15777492278,15777492274,-4,1201,3456
15778798149,15778798149,0,1192,1780
15781406334,15781406331,-3,1071,1516
15782064143,15782064141,-2,1105,2037
15784758334,15784758330,-4,915,1968
15789190033,15789190030,-3,1136,2953
15792408935,15792408933,-2,1490,2130
15792887217,15792887225,8,3772,1609
15795449241,15795449241,0,1278,1693
15803928345,15803928342,-3,1152,1342
15805088074,15805088071,-3,1168,1897
15805651374,15805651369,-5,1234,1543
15805821176,15805821194,18,1105,2781
15809095813,15809095810,-3,1744,2616
15809434898,15809434893,-5,702,1677
15811432870,15811432867,-3,1030,2190
15813573349,15813573346,-3,1125,2024
15813890388,15813890389,1,1824,1512
15824093837,15824093826,-11,1469,177
15837479726,15837479725,-1,1303,2089
15846208193,15846208190,-3,1532,2827
15847163618,15847163618,0,932,1665
15850962902,15850962901,-1,1240,2516
15853521190,15853521189,-1,1398,2071
15853575731,15853575737,6,2664,1489
15854171865,15854171862,-3,1389,2660
15855371584,15855371581,-3,1111,2829
15858204649,15858204651,2,1299,1531
15860979597,15860979594,-3,1004,2084
15865295178,15865295174,-4,1136,1721
15876913401,15876913397,-4,1202,1781
15878863198,15878863195,-3,1437,3587
15879994030,15879994023,-7,869,5441
15883427268,15883427264,-4,1548,2484
15889835633,15889835642,9,3575,1412
15893718754,15893718753,-1,1404,2100
15894890082,15894890082,0,626,1088
15903065838,15903065838,0,1279,1409
15904442348,15904442342,-6,919,2054
15906759177,15906759174,-3,1283,2391
15908286710,15908286706,-4,1593,2415
15911201034,15911201030,-4,1055,2420
15912461494,15912461494,0,957,2124
15912610813,15912610809,-4,940,2520
15923327749,15923327747,-2,1324,2142
15923459870,15923459883,13,46,1095
15925041556,15925041553,-3,809,1980
15927823930,15927823926,-4,919,2766
15929572942,15929572941,-1,1093,2368
15934409893,15934409890,-3,1136,2457
15935013237,15935013236,-1,1506,2118
15937827495,15937827494,-1,1903,3462
15937888067,15937888065,-2,1180,2136
15939971080,15939971081,1,1479,1945
15942379973,15942379969,-4,994,2159
15947546300,15947546297,-3,1228,1715
15948863059,15948863057,-2,1097,1867
15949125067,15949125065,-2,804,1465
15949907001,15949906999,-2,1056,2162
15950995403,15950995406,3,1798,1689
15952828866,15952828864,-2,1100,2327
15953617022,15953617019,-3,1056,2024
15969278279,15969278273,-6,2001,6772
15973993625,15973993623,-2,1533,2603
15975759305,15975759301,-4,1005,1815
15978738533,15978738534,1,1334,1387
15981676442,15981676446,4,2243,1623
15985118218,15985118217,-1,1123,1936
15991293278,15991293276,-2,505,1557
15991996092,15991996097,5,2615,1105
15994040707,15994040703,-4,982,2838
15996983446,15996983442,-4,1098,1940
16000136381,16000136378,-3,1079,2420
16000601470,16000601465,-5,1950,6632
16001757670,16001757666,-4,1066,2663
16001823313,16001823311,-2,1140,2043
16001861941,16001861939,-2,1655,2258
16008004007,16008004004,-3,1566,1953
16009697740,16009697738,-2,901,2565
16013747138,16013747137,-1,1128,2075
16016087331,16016087329,-2,946,1364
16016419422,16016419421,-1,1014,2221
16017998778,16017998778,0,1085,2502
16020810281,16020810277,-4,1181,1777
16037733137,16037733137,0,1043,1524
16038439275,16038439274,-1,1468,2542
16040656755,16040656753,-2,518,1063
16041645503,16041645497,-6,779,1930
16044874114,16044874116,2,2151,1504
16045008449,16045008447,-2,1484,2630
16054684976,16054684977,1,27825,30732
16055255610,16055255607,-3,984,1832
16055707551,16055707550,-1,1079,2428
16059106758,16059106755,-3,1292,2654
16060465905,16060465903,-2,918,990
16060492343,16060492341,-2,688,1790
16062604414,16062604397,-17,896,1518
16063107956,16063107979,23,194,947
16066778571,16066778570,-1,1161,1779
16073706130,16073706126,-4,1485,3576
16077034687,16077034686,-1,813,2176
16078002154,16078002153,-1,1373,3229
16079799123,16079799120,-3,1123,2058
16087143977,16087143971,-6,1179,2254
16093185559,16093185557,-2,877,1878
16096074147,16096074146,-1,630,1819
16096958675,16096958668,-7,696,4482
16098584423,16098584422,-1,1240,2108
16099755110,16099755109,-1,1186,2079
16102658741,16102658737,-4,1314,2119
16108901044,16108901043,-1,1049,2015
16111913483,16111913479,-4,1237,3552
16112158254,16112158251,-3,1121,1936
16112534355,16112534352,-3,1133,2038
16112910187,16112910185,-2,1204,2544
16113106506,16113106506,0,962,1705
16113262586,16113262585,-1,1079,2479
16120602079,16120602075,-4,920,2055
16122526745,16122526742,-3,968,2642
16127966767,16127966764,-3,919,2158
16130272802,16130272801,-1,1221,2880
16134933524,16134933521,-3,972,1680
16135640590,16135640586,-4,872,1527
16143421852,16143421847,-5,1245,2641
16146963693,16146963697,4,1989,1283
16147439198,16147439200,2,12581,11087
16147820814,16147820815,1,2806,2865
16147952890,16147952888,-2,1308,2901
16148472366,16148472383,17,1310,3048
16148781703,16148781702,-1,797,1717
16148817206,16148817202,-4,1022,2649
16153244599,16153244598,-1,742,1634
16163244062,16163244059,-3,1093,2371
16165382119,16165382116,-3,1187,1892
16166555963,16166555962,-1,1385,2218
16169146199,16169146194,-5,1463,1772
16170919870,16170919868,-2,1291,2754
16170957621,16170957615,-6,1220,2054
16175183270,16175183266,-4,1407,3048
16175670976,16175670973,-3,1300,2179
16182672623,16182672622,-1,1201,1941
16183461187,16183461187,0,1095,2495
16184207266,16184207266,0,1487,1500
16187939090,16187939089,-1,789,1374
16192668185,16192668197,12,446,1368
16195634029,16195634027,-2,1453,2692
16205963365,16205963364,-1,1487,2876
16208529373,16208529371,-2,1025,2328
16212922186,16212922183,-3,1502,3096
16214880366,16214880365,-1,907,1365
16216307279,16216307276,-3,1615,3361
16216944372,16216944371,-1,1137,1849
16217113799,16217113796,-3,956,2230
16217263679,16217263658,-21,1372,1611
16219794666,16219794674,8,2352,1137
16222768222,16222768219,-3,1675,2746
16228594223,16228594222,-1,884,1578
16230948626,16230948624,-2,1085,2594
16232664052,16232664050,-2,1144,2195
16235299514,16235299512,-2,23607,9029
16239014117,16239014116,-1,1314,2408
16246489288,16246489284,-4,1004,2396
16246687661,16246687659,-2,1596,1461
16247664950,16247664949,-1,1033,2055
16251154913,16251154910,-3,844,1916
16254080107,16254080107,0,1327,2315
16255432778,16255432775,-3,1576,1736
16256782563,16256782561,-2,746,920
16263333567,16263333562,-5,1142,3446
16266093521,16266093518,-3,1245,2410
16269007994,16269007992,-2,1689,2242
16272246217,16272246214,-3,1155,2908
16280876698,16280876695,-3,1230,2476
16281035839,16281035835,-4,888,1223
16284143430,16284143426,-4,1314,3040
16286234537,16286234535,-2,713,1504
16288937486,16288937483,-3,736,2934
16289600001,16289599998,-3,832,1338
16290626491,16290626489,-2,968,1935
16290802000,16290802017,17,1167,1913
16291381199,16291381205,6,1323,672
16296788115,16296788115,0,849,2296
16298037821,16298037818,-3,960,2483
16300509914,16300509912,-2,1298,3021
16302007932,16302007929,-3,1193,2044
16304374601,16304374600,-1,1313,2174
16307969250,16307969249,-1,1753,2556
16312542774,16312542771,-3,1073,2354
16313252336,16313252333,-3,1096,2083
16314457950,16314457946,-4,1396,2286
16317170198,16317170193,-5,1009,1911
16318115055,16318115053,-2,1468,3036
16319163455,16319163455,0,1009,1435
16319582471,16319582449,-22,2515,3977
16322561145,16322561142,-3,891,2474
16325086094,16325086092,-2,673,2531
16333050198,16333050196,-2,1388,2897
16335428742,16335428743,1,2876,2051
16336378496,16336378494,-2,883,2071
16339351382,16339351378,-4,1137,1267
16343639609,16343639606,-3,742,1757
16345825983,16345825999,16,13523,43651
16348045254,16348045252,-2,849,1688
16350867309,16350867307,-2,1081,1760
16351749967,16351749961,-6,908,3472
16353119341,16353119341,0,700,1617
16353343359,16353343377,18,695,1644
16353744995,16353744994,-1,691,1146
16359240462,16359240459,-3,1352,3095
16360217188,16360217209,21,556,2159
16362458490,16362458485,-5,723,1720
16362550789,16362550787,-2,976,1644
16363517285,16363517281,-4,1359,3699
16364222192,16364222189,-3,655,817
16371439250,16371439246,-4,2135,4432
16372968431,16372968429,-2,620,1890
16373255596,16373255594,-2,1314,2582
16379096139,16379096135,-4,1042,2476
16380074442,16380074439,-3,1156,1968
16383866777,16383866773,-4,1030,2487
16386657133,16386657130,-3,1145,2131
16393836803,16393836802,-1,811,2412
16397611330,16397611328,-2,1211,2684
16398950654,16398950650,-4,799,1823
16401130467,16401130467,0,1507,2288
16403111342,16403111337,-5,1124,2724
16403393716,16403393722,6,4196,1634
16404847794,16404847794,0,1228,2694
16405746174,16405746170,-4,894,1971
16406068888,16406068886,-2,1293,3282
16412430287,16412430284,-3,1155,2065
16412548824,16412548842,18,820,1949
16413430414,16413430411,-3,874,2268
16416025443,16416025438,-5,912,1877
16420634242,16420634239,-3,1810,3140
16421610246,16421610244,-2,1471,1725
16430560912,16430560915,3,3126,2650
16432214637,16432214641,4,2533,1326
16433215075,16433215071,-4,759,2551
16434040847,16434040841,-6,773,4111
16437841496,16437841489,-7,1514,9230
16438503898,16438503896,-2,821,2452
16441440127,16441440122,-5,1048,2541
16441915671,16441915669,-2,1026,1451
16445363277,16445363275,-2,1288,2519
16446211367,16446211355,-12,1104,1338
16446462581,16446462579,-2,1099,2176
16448956725,16448956706,-19,798,384
16449513498,16449513493,-5,651,1678
16455594667,16455594665,-2,1007,2063
16455978924,16455978946,22,1349,2747
16458534481,16458534477,-4,1260,3574
16461467080,16461467077,-3,951,3180
16470050165,16470050163,-2,1269,1602
16471483997,16471483977,-20,979,2084
16472354415,16472354411,-4,1150,2313
16477317699,16477317698,-1,754,1474
16483268539,16483268535,-4,780,2543
16484190316,16484190314,-2,1051,2243
16485752965,16485752966,1,1328,1738
16499111005,16499111003,-2,856,1671
16499863467,16499863466,-1,1071,1536
16501632608,16501632603,-5,1128,2294
16503315063,16503315061,-2,1743,1932
16503701287,16503701285,-2,750,1745
16504089248,16504089266,18,739,2329
16505302051,16505302049,-2,1478,2478
16508964671,16508964673,2,23267,21779
16509168663,16509168662,-1,1379,2547
16510802850,16510802846,-4,1419,2096
16515858631,16515858630,-1,1333,2421
16518226861,16518226858,-3,1030,1990
16522959862,16522959877,15,201,1239
16523409760,16523409777,17,895,1973
16524522906,16524522904,-2,1337,2430
16524916546,16524916543,-3,1099,1473
16525738719,16525738718,-1,881,1285
16526642050,16526642037,-13,2750,787
16531988251,16531988250,-1,1106,2524
16533136242,16533136238,-4,1120,2115
16534030117,16534030113,-4,535,2202
16534644962,16534644958,-4,995,2177
16535280001,16535279997,-4,1387,2667
16535384037,16535384037,0,354,440
16545558121,16545558114,-7,943,3456
16545854118,16545854118,0,1021,2053
16548372485,16548372507,22,622,1289
16549134873,16549134870,-3,1039,2082
16552203677,16552203677,0,1088,1634
16560353498,16560353497,-1,944,2747
16564061202,16564061200,-2,1293,2392
16572381019,16572381018,-1,862,1788
16577387217,16577387212,-5,1328,3538
16580476971,16580476969,-2,1194,2343
16581966455,16581966450,-5,1387,2751
16584796866,16584796865,-1,792,1854
16585055943,16585055963,20,62,1049
16586434002,16586434008,6,2481,1347
16587826911,16587826918,7,3696,1494
16589772045,16589772044,-1,1544,2137
16593987178,16593987177,-1,1373,1680
16595751471,16595751469,-2,997,2479
16598863210,16598863209,-1,1473,3015
16599559177,16599559175,-2,1300,1814
16602502078,16602502075,-3,853,2544
16606888098,16606888094,-4,1093,2115
16612540385,16612540381,-4,763,1485
16613776389,16613776387,-2,972,2396
16615074807,16615074802,-5,1034,2149
16615524907,16615524904,-3,958,1694
16616720303,16616720304,1,1722,1759
16617274203,16617274202,-1,1259,1952
16619294318,16619294319,1,894,1549
16620317979,16620317977,-2,1065,1944
16620781185,16620781182,-3,1315,2514
16621201503,16621201501,-2,1738,2557
16627704029,16627704028,-1,1109,1715
16633332577,16633332573,-4,836,1987
16634413085,16634413082,-3,1099,2057
16637208529,16637208525,-4,1230,1576
16638109985,16638109982,-3,1433,2367
16640382359,16640382355,-4,6028,12659
16642444257,16642444256,-1,1285,2130
16642679733,16642679730,-3,1275,2315
16651025237,16651025234,-3,1100,1788
16657230389,16657230386,-3,1411,2094
16660975942,16660975941,-1,1809,2350
16662759292,16662759289,-3,1464,2239
16662834242,16662834237,-5,887,3073
16664375075,16664375074,-1,1063,2685
16665995307,16665995306,-1,1584,2593
16666380072,16666380070,-2,1382,2564
16670993469,16670993463,-6,1557,6557
16673208755,16673208751,-4,1074,1715
16674963732,16674963730,-2,908,2198
16685342051,16685342046,-5,714,2621
16685829153,16685829151,-2,1280,2544
16688521591,16688521588,-3,955,2629
16689289723,16689289722,-1,1330,2011
16692104573,16692104571,-2,1045,1607
16693098898,16693098903,5,3383,2323
16697140123,16697140119,-4,1247,2636
16699890928,16699890923,-5,1298,2173
16709950982,16709950983,1,1576,2190
16712284322,16712284318,-4,1248,1822
16714008678,16714008678,0,1000,2137
16717341314,16717341310,-4,1008,1960
16719909235,16719909231,-4,1445,2503
16722713015,16722713012,-3,1211,2321
16726116663,16726116659,-4,873,1783
16728356946,16728356942,-4,1119,2608
16729894074,16729894073,-1,829,1892
16733436259,16733436257,-2,1226,2038
16735910367,16735910365,-2,1261,2597
16740253806,16740253802,-4,1181,1978
16742712997,16742712994,-3,784,1462
16743312880,16743312895,15,1008,2148
16747093850,16747093845,-5,860,1618
16749281211,16749281209,-2,1509,2511
16757216858,16757216855,-3,876,1411
16761840223,16761840222,-1,1269,2540
16763710183,16763710180,-3,540,2116
16765229472,16765229469,-3,1541,3158
16765477879,16765477878,-1,1293,1763
16765901469,16765901466,-3,891,1999
16769380022,16769380021,-1,1336,2063
16773204808,16773204806,-2,1080,2149
16773273198,16773273194,-4,1294,2219
16774510018,16774510019,1,1518,1416
16775456722,16775456719,-3,713,1461
16775676849,16775676846,-3,1669,3767
16779535718,16779535715,-3,1585,2795
16787932174,16787932169,-5,1159,2357
16788293386,16788293382,-4,1236,2068
16790460175,16790460172,-3,766,2180
16791895752,16791895750,-2,1368,1969
16793218551,16793218548,-3,1173,2707
16793273677,16793273689,12,256,1067
16795506567,16795506565,-2,1006,1422
16796737054,16796737049,-5,812,3329
16800216405,16800216400,-5,1093,2341
16804349993,16804349990,-3,980,2430
16805662926,16805662925,-1,808,1283
16808856283,16808856281,-2,1135,2235
16810058551,16810058546,-5,706,1402
16810199598,16810199615,17,632,1551
16814369736,16814369733,-3,1398,2651
16817001270,16817001269,-1,1558,2349
16819112271,16819112267,-4,865,1602
16819402840,16819402855,15,423,857
16822155278,16822155274,-4,909,1985
16826942518,16826942515,-3,639,1845
16827886590,16827886585,-5,1102,2186
16828752710,16828752709,-1,952,1561
16830913361,16830913358,-3,910,2165
16831634678,16831634696,18,395,1079
16833093324,16833093322,-2,1310,2707
16835905372,16835905371,-1,2486,2548
16838239526,16838239525,-1,1447,1795
16841388237,16841388235,-2,1505,2417
16842431579,16842431577,-2,1362,2207
16846631042,16846631041,-1,1095,2589
16850059344,16850059341,-3,1160,2560
16850538130,16850538128,-2,1052,1634
16854118034,16854118030,-4,1849,3184
16858677619,16858677616,-3,1251,2090
16869395966,16869395963,-3,1116,2951
16869461990,16869462010,20,639,1269
16871039509,16871039506,-3,1105,2165
16873555639,16873555638,-1,1279,1621
16874961771,16874961770,-1,833,1964
16877173742,16877173742,0,973,2400
16877326318,16877326315,-3,1376,1776
16880506558,16880506555,-3,917,1567
16880955010,16880955009,-1,1224,1819
16881425900,16881425896,-4,1105,1543
16882165447,16882165446,-1,1487,2244
16882659934,16882659933,-1,948,1212
16884530857,16884530854,-3,1245,1870
16886650964,16886650961,-3,1472,3221
16888217570,16888217590,20,942,1350
16894618055,16894618050,-5,22432,10410
16895183457,16895183454,-3,1051,2178
16896732868,16896732866,-2,1399,3155
16897469142,16897469136,-6,1265,6814
16904850867,16904850871,4,3837,3177
16905043521,16905043520,-1,1203,1859
16909774231,16909774225,-6,2163,6728
16910405281,16910405277,-4,1089,1779
16913395453,16913395452,-1,1294,2349
16914256854,16914256849,-5,1147,2236
16917517765,16917517762,-3,1034,1753
16918932350,16918932347,-3,1009,2051
16919804628,16919804611,-17,1209,1511
16921605983,16921605979,-4,902,2022
16923905952,16923905949,-3,1144,2890
16924519748,16924519742,-6,5,588
16927732167,16927732165,-2,1014,1983
16935523991,16935523986,-5,1151,3729
16937008116,16937008114,-2,1898,4123
16938828242,16938828239,-3,1075,2197
16939349290,16939349289,-1,1130,2089
16940998705,16940998704,-1,1257,1904
16941910279,16941910261,-18,2990,1716
16946342790,16946342789,-1,1963,3548
16947298697,16947298694,-3,7143,16161
16950274848,16950274845,-3,1067,1710
16955174958,16955174971,13,1729,3834
16956630238,16956630235,-3,1329,2672
16959472606,16959472602,-4,823,2001
16960953961,16960953965,4,3423,2276
16961033871,16961033869,-2,962,2093
16963612118,16963612119,1,1343,1227
16966403426,16966403424,-2,1199,2159
16967803290,16967803286,-4,1465,2267
16967900961,16967900962,1,2455,2151
16968330510,16968330508,-2,925,2185
16969137142,16969137138,-4,609,1756
16969588368,16969588381,13,328,1780
16971013768,16971013766,-2,1394,2559
16974921181,16974921177,-4,642,1619
16978048999,16978048996,-3,817,2001
16981986869,16981986870,1,1368,1245
16983629339,16983629337,-2,1338,2752
16985369646,16985369635,-11,1989,23961
16986006483,16986006481,-2,1213,1609
16988198375,16988198373,-2,1300,2337
16990704953,16990704950,-3,1225,2011
16991036799,16991036818,19,989,2423
16991240174,16991240169,-5,1346,3320
16995757936,16995757933,-3,922,1812
16997054487,16997054505,18,905,1846
16998052851,16998052847,-4,1069,2157
17002678271,17002678270,-1,1299,1271
17002882776,17002882775,-1,83,828
17005971367,17005971361,-6,1005,2711
17012345203,17012345213,10,1013,1962
17018571489,17018571486,-3,1218,3045
17023527907,17023527908,1,870,1981
17025154078,17025154075,-3,1341,2668
17026364474,17026364467,-7,698,2195
17030926774,17030926771,-3,792,1694
17032540045,17032540041,-4,1704,3334
17039548962,17039548959,-3,1255,3662
17040095094,17040095090,-4,1426,2783
17048660392,17048660391,-1,1320,1605
17049044331,17049044329,-2,865,2606
17050992429,17050992446,17,1064,2267
17052966832,17052966829,-3,982,1941
17053324179,17053324174,-5,1039,2002
17054161571,17054161571,0,900,1215
17057439842,17057439840,-2,1102,1546
17059107197,17059107194,-3,1040,1837
17062088332,17062088337,5,2548,1247
17063098543,17063098540,-3,1073,2036
17065906349,17065906345,-4,1274,2489
17068143315,17068143317,2,8705,8052
17072556341,17072556338,-3,1538,2980
17073863133,17073863133,0,1556,1927
17074401241,17074401237,-4,1119,2432
17074780174,17074780162,-12,1083,2180
17078891762,17078891757,-5,2153,7513
17084672990,17084672989,-1,1044,1824
17088900247,17088900242,-5,1114,2030
17090240602,17090240597,-5,1487,3279
17093136038,17093136037,-1,1405,2388
17094684919,17094684916,-3,1073,2036
17100294982,17100294980,-2,1341,2224
17101175246,17101175250,4,2299,1449
17101529206,17101529206,0,1286,2900
17102913994,17102914001,7,5837,1280
17104637827,17104637826,-1,1181,2609
17105652806,17105652803,-3,1175,2450
17107995706,17107995703,-3,1128,2531
17111445950,17111445956,6,2740,1874
17119481294,17119481292,-2,896,2279
17125064354,17125064352,-2,1414,1955
17127445758,17127445757,-1,1365,2035
17132576647,17132576644,-3,736,1913
17133238068,17133238062,-6,835,1696
17137066066,17137066071,5,4136,3253
17139118607,17139118611,4,1672,900
17140047514,17140047510,-4,1046,2487
17145965782,17145965786,4,11000,7188
17150848067,17150848066,-1,1193,2509
17150895195,17150895194,-1,999,1494
17160735902,17160735900,-2,1087,2137
17162361151,17162361146,-5,949,2265
17163205053,17163205059,6,3410,1912
17164629826,17164629821,-5,774,1817
17165150240,17165150237,-3,1755,2427
17165924325,17165924325,0,1433,2827
17166676615,17166676615,0,961,2215
17166966463,17166966462,-1,223,1007
17175644802,17175644797,-5,961,1894
17177327350,17177327349,-1,1248,1820
17177673187,17177673182,-5,745,1523
17180434927,17180434923,-4,774,2627
17183276451,17183276449,-2,1138,2487
17184225413,17184225413,0,1360,1689
17184296192,17184296209,17,542,1213
17185847529,17185847525,-4,1362,2863
17193365067,17193365060,-7,1027,1674
17193581509,17193581507,-2,1228,1199
17194112387,17194112386,-1,1262,2392
17194193643,17194193639,-4,1060,2101
17195987777,17195987776,-1,1340,1870
17197231238,17197231234,-4,683,1179
17198237802,17198237800,-2,769,1617
17201587802,17201587799,-3,831,2331
17211111213,17211111216,3,1624,1138
17212191801,17212191816,15,14843,40527
17213922520,17213922516,-4,405,1789
17216288883,17216288881,-2,897,1564
17216820849,17216820846,-3,1182,1975
17219837949,17219837946,-3,1281,3663
17219900758,17219900746,-12,518,1517
17221369923,17221369936,13,1031,1395
17221630235,17221630233,-2,3714,16209
17222266084,17222266081,-3,770,2126
17225783193,17225783191,-2,1066,1800
17234572581,17234572584,3,1421,1710
17235351927,17235351925,-2,1379,2322
17237564675,17237564670,-5,964,3029
17237613079,17237613083,4,205,912
17240105985,17240105990,5,4158,2112
17240304641,17240304638,-3,1026,2408
17242668431,17242668426,-5,1079,2644
17251355303,17251355302,-1,729,1934
17255091790,17255091786,-4,1015,1932
17255983607,17255983604,-3,1074,2504
17257463936,17257463941,5,1430,1147
17262024082,17262024080,-2,993,1486
17262485790,17262485799,9,11195,29095
17266240210,17266240204,-6,1227,3324
17270588061,17270588059,-2,788,901
17274664334,17274664333,-1,1083,2162
17275153074,17275153070,-4,901,2902
17277574163,17277574160,-3,1280,2229
17277767765,17277767761,-4,1150,2986
17277852126,17277852110,-16,246,1126
17279644619,17279644615,-4,1330,3018
17282709459,17282709457,-2,1317,2184
17283754634,17283754633,-1,1086,2410
17286055949,17286055946,-3,860,2529
17289543191,17289543188,-3,1038,2863
17292182461,17292182459,-2,2097,3010
17297693089,17297693087,-2,1033,1641
17299979617,17299979618,1,1489,1383
17302440780,17302440777,-3,893,1922
17304372814,17304372810,-4,1460,2839
17305068840,17305068834,-6,618,1925
17305743694,17305743698,4,250,1044
17306637622,17306637620,-2,1439,2801
17307360721,17307360721,0,1071,1952
17311208891,17311208895,4,9671,18006
17312019424,17312019422,-2,1233,2040
17314357805,17314357800,-5,1530,2871
17324166875,17324166873,-2,801,2049
17325276686,17325276682,-4,581,1618
17328829790,17328829788,-2,1159,1930
17332051010,17332051007,-3,765,2180
17333390282,17333390279,-3,1050,2922
17340748215,17340748214,-1,749,1793
17352401634,17352401629,-5,880,1913
17352619034,17352619035,1,2264,2252
17352833838,17352833838,0,1506,3295
17352990223,17352990221,-2,1363,2541
17355437186,17355437180,-6,1209,3278
17358543019,17358543017,-2,1068,2104
17364402671,17364402667,-4,1324,3958
17366255007,17366254999,-8,1246,2663
17366698711,17366698711,0,1718,1607
17372176121,17372176118,-3,1272,1965
17373357205,17373357205,0,1194,2123
17374394730,17374394730,0,1225,1611
17382977681,17382977696,15,1254,1683
17395041095,17395041090,-5,979,2459
17399901394,17399901392,-2,652,1948
17400011443,17400011446,3,1612,1651
17405894151,17405894149,-2,723,1637
17411702497,17411702494,-3,1335,2246
17413230037,17413230031,-6,1367,2218
17414935906,17414935902,-4,1888,3509
17419899778,17419899785,7,2877,1188
17420368470,17420368468,-2,1627,2191
17424274787,17424274783,-4,899,2193
17427016164,17427016158,-6,2123,7179
17428699819,17428699820,1,1807,2709
17432301303,17432301302,-1,1021,1854
17433242240,17433242235,-5,1775,2536
17433495938,17433495937,-1,1025,1767
17435199237,17435199234,-3,1163,1584
17436187977,17436187982,5,20405,34634
17436780453,17436780452,-1,1156,2262
17437270450,17437270447,-3,1097,1574
17442688661,17442688658,-3,865,2660
17444980395,17444980393,-2,1878,2676
17450232213,17450232210,-3,1533,2114
17456934398,17456934395,-3,991,2037
17459376969,17459376972,3,1540,1991
17460404680,17460404683,3,2333,1636
17461179182,17461179180,-2,1540,1971
17461326874,17461326870,-4,919,1849
17469570965,17469570963,-2,1360,2220
17475182694,17475182693,-1,1386,2677
17476294403,17476294401,-2,1418,1872
17477473542,17477473540,-2,1105,1877
17477892021,17477892020,-1,1219,2316
17478161138,17478161134,-4,1350,2535
17485163674,17485163674,0,919,2693
17493587085,17493587081,-4,1285,2295
17494864574,17494864571,-3,1263,2739
17495442819,17495442815,-4,855,2504
17502755203,17502755200,-3,1053,2537
17503407735,17503407720,-15,699,1811
17503993142,17503993139,-3,1355,2478
17506536223,17506536221,-2,1422,3121
17507411090,17507411090,0,1389,1860
17508495956,17508495947,-9,1019,1803
17509935211,17509935189,-22,428,586
17510515789,17510515788,-1,956,1591
17514775411,17514775414,3,1788,1066
17522142100,17522142097,-3,1397,1982
17523783910,17523783909,-1,1115,2501
17526710831,17526710828,-3,1075,2233
17528444618,17528444618,0,1104,1780
17540214944,17540214942,-2,971,2248
17540952309,17540952306,-3,1229,2834
17543802790,17543802786,-4,1076,1870
17543953637,17543953634,-3,1379,2323
17552594972,17552594970,-2,1396,2517
17555948082,17555948080,-2,1155,2313
17556554587,17556554584,-3,1066,1619
17558168576,17558168574,-2,1183,2541
17558365440,17558365437,-3,1057,2838
17558807410,17558807409,-1,1591,2780
17559908065,17559908062,-3,1629,2695
17560163619,17560163613,-6,1346,2502
17560401635,17560401633,-2,1060,1823
17562532084,17562532079,-5,1000,1527
17564577498,17564577495,-3,849,2068
17564969461,17564969460,-1,1373,2382
17575053955,17575053954,-1,1130,1456
17575952723,17575952722,-1,1234,2172
17576563511,17576563509,-2,935,2049
17577341163,17577341158,-5,876,1879
17577502748,17577502768,20,977,2152
17577675157,17577675174,17,189,814
17578422687,17578422691,4,1924,1831
17581933552,17581933548,-4,1275,2742
17582957209,17582957205,-4,1663,2865
17585167126,17585167105,-21,2826,2753
17587292109,17587292103,-6,863,2383
17591813768,17591813785,17,689,3584
17597705150,17597705146,-4,1278,2012
17598255022,17598255018,-4,890,2372
17598831045,17598831041,-4,1250,2066
17599204509,17599204493,-16,1022,1707
17599446637,17599446634,-3,1206,2532
17601277105,17601277102,-3,954,2212
17603986285,17603986280,-5,1389,2111
17604039530,17604039529,-1,1175,1752
17604831891,17604831886,-5,1126,1926
17609903897,17609903893,-4,1177,2606
17611811146,17611811142,-4,1117,1810
17616610578,17616610577,-1,1489,1762
17619861922,17619861921,-1,949,1574
17622765081,17622765076,-5,1114,4170
17625294299,17625294296,-3,1121,2887
17625433231,17625433227,-4,260,686
17625729798,17625729811,13,939,3399
17628520189,17628520185,-4,1223,2720
17630080043,17630080040,-3,1590,2555
17637545475,17637545473,-2,1197,1572
17637616969,17637616968,-1,1145,1956
17641584034,17641584037,3,1297,813
17641705450,17641705449,-1,1399,2310
17642417509,17642417509,0,1414,2871
17642463134,17642463129,-5,1267,2637
17642698644,17642698660,16,421,2587
17646353846,17646353844,-2,1162,2140
17647303172,17647303170,-2,910,2357
17653449657,17653449654,-3,1241,2151
17660737568,17660737562,-6,1251,2817
17663693143,17663693142,-1,1201,2162
17663848896,17663848890,-6,954,2419
17664494663,17664494662,-1,1463,2755
17666876814,17666876815,1,1333,1984
17668076633,17668076631,-2,1269,2257
17668995181,17668995179,-2,132,629
17671288901,17671288901,0,933,2507
17673649690,17673649688,-2,982,1672
17674564790,17674564788,-2,1223,2399
17674716912,17674716910,-2,1000,2334
17676413580,17676413578,-2,1057,2553
17677238871,17677238867,-4,998,2319
17679465171,17679465176,5,50306,26673
17680072237,17680072238,1,1029,2542
17683379240,17683379237,-3,1098,1930
17684217198,17684217194,-4,1443,2689
17685605983,17685605978,-5,901,3066
17687747273,17687747273,0,1008,2003
17690968149,17690968146,-3,994,2773
17691976915,17691976911,-4,924,2642
17693644492,17693644488,-4,1183,1970
17694495229,17694495226,-3,860,1931
17697454730,17697454726,-4,2323,6648
17702738411,17702738410,-1,1668,2578
17703484178,17703484176,-2,1325,2609
17705360619,17705360617,-2,1080,2615
17707450961,17707450958,-3,1126,2040
17710822099,17710822097,-2,639,1797
17711715494,17711715493,-1,925,2340
17713205468,17713205467,-1,691,1904
17713766110,17713766109,-1,1133,1904
17719460658,17719460657,-1,1349,2810
17720914779,17720914774,-5,1178,2412
17721314349,17721314369,20,559,8820
17721952686,17721952683,-3,1093,2708
17722346852,17722346849,-3,1080,2107
17723496175,17723496173,-2,1108,1853
17731520734,17731520731,-3,926,2150
17733297277,17733297275,-2,1039,2131
17735164381,17735164377,-4,1318,2397
17735665417,17735665413,-4,1109,2589
17736833071,17736833071,0,1306,1980
17747443811,17747443809,-2,1094,2051
17748962667,17748962662,-5,809,2164
17751810177,17751810174,-3,1308,2573
17755567083,17755567081,-2,1022,1693
17762705277,17762705274,-3,1315,1701
17767777706,17767777702,-4,841,1686
17769311333,17769311328,-5,936,3227
17769799468,17769799491,23,398,895
17775774443,17775774444,1,4837,17886
17776371367,17776371359,-8,1155,2834
17781696225,17781696221,-4,1198,2661
17783934676,17783934683,7,7631,29269
17787048763,17787048754,-9,1334,6584
17798705943,17798705942,-1,1468,2726
17800858730,17800858726,-4,968,1891
17807238611,17807238609,-2,890,2030
17814430298,17814430295,-3,840,1132
17817095358,17817095357,-1,1295,2392
17820406114,17820406110,-4,1014,2483
17820792090,17820792089,-1,1110,1768
17828526637,17828526635,-2,1127,2437
17830432947,17830432965,18,15182,54195
17832521241,17832521239,-2,1623,2585
17836490375,17836490372,-3,1295,2080
17839160154,17839160153,-1,900,2307
17841116495,17841116494,-1,1291,3081
17841656598,17841656602,4,2705,1787
17841898910,17841898908,-2,1175,2152
17842770834,17842770831,-3,1078,3395
17844273352,17844273358,6,1218,1337
17846698073,17846698067,-6,1203,2287
17848464697,17848464692,-5,1170,2158
17858450050,17858450046,-4,1290,2757
17859591642,17859591639,-3,1364,2629
17861817143,17861817139,-4,1610,2920
17864966283,17864966284,1,5892,5429
17865623245,17865623243,-2,953,2109
17865960271,17865960269,-2,928,2410
17867481629,17867481628,-1,1023,2517
17870721142,17870721140,-2,1194,2367
17873089517,17873089514,-3,1312,2585
17874990279,17874990275,-4,1018,1932
17875462275,17875462270,-5,801,2074
17885367587,17885367585,-2,988,1802
17886940298,17886940294,-4,831,2046
17892557976,17892557974,-2,869,2145
17896421199,17896421197,-2,838,2314
17900307450,17900307455,5,1883,1038
17908242194,17908242192,-2,946,2688
17909819027,17909819027,0,701,2098
17912617406,17912617405,-1,960,2226
17913437226,17913437222,-4,809,2258
17917331154,17917331153,-1,1364,2763
17917878277,17917878274,-3,1155,1868
17918260779,17918260776,-3,1072,1554
17922541462,17922541463,1,1254,1428
17924307235,17924307232,-3,1412,2350
17929599323,17929599321,-2,1468,2662
17930951523,17930951516,-7,714,2635
17931164182,17931164175,-7,977,2147
17934596173,17934596170,-3,1474,3099
17935535860,17935535858,-2,907,1760
17935712007,17935711997,-10,908,316
17936649839,17936649838,-1,1096,1786
17942058388,17942058386,-2,1508,2207
17950128385,17950128381,-4,1080,2113
17954185581,17954185579,-2,866,1711
17954236054,17954236052,-2,1015,1652
17955481306,17955481302,-4,778,2119
17956118522,17956118519,-3,1247,2388
17956288567,17956288566,-1,973,1739
17964291467,17964291482,15,1095,3865
17966725751,17966725749,-2,1097,2472
17976769610,17976769608,-2,940,3091
17977130588,17977130573,-15,763,2160
17978443206,17978443203,-3,950,1816
17981432314,17981432311,-3,1010,2279
17981905574,17981905573,-1,1189,3046
17984158887,17984158895,8,4101,2754
17984930974,17984930972,-2,1221,2168
17985034037,17985034035,-2,1278,1613
17992675829,17992675826,-3,1396,3181
17994021651,17994021650,-1,913,2062
17994429000,17994429002,2,2357,2954
17996664754,17996664757,3,1298,1394
17998383222,17998383218,-4,473,1256
17999794302,17999794303,1,3023,2783
18001055833,18001055829,-4,1541,1933
18006280457,18006280460,3,26951,56707
18010641948,18010641945,-3,1143,1529
18014733826,18014733823,-3,1088,1908
18014856490,18014856486,-4,1263,2132
18015204661,18015204659,-2,1337,2329
18023637039,18023637038,-1,1093,1857
18026315515,18026315514,-1,1082,2211
18030674051,18030674049,-2,1466,2286
18033915391,18033915389,-2,1332,2229
18042487645,18042487643,-2,1391,3465
18046258326,18046258322,-4,835,1587
18047267806,18047267805,-1,1021,2420
18047563745,18047563740,-5,1256,2360
18050949902,18050949902,0,1048,1868
18052131211,18052131208,-3,1013,2900
18053691534,18053691533,-1,839,1457
18057881230,18057881233,3,1065,1217
18064186355,18064186354,-1,1009,1960
18066718193,18066718191,-2,880,1439
18070685526,18070685523,-3,1150,2051
18074011287,18074011285,-2,1087,3508
18081353265,18081353263,-2,1164,2282
18082108942,18082108942,0,1294,2110
18082876820,18082876832,12,102,895
18088341774,18088341773,-1,1574,2224
18093275850,18093275850,0,1189,2608
18096340035,18096340035,0,1082,1411
18099273439,18099273434,-5,972,1295
18103887489,18103887486,-3,1055,1518
18105386234,18105386234,0,1162,1605
18109297007,18109297003,-4,1038,1807
18109943511,18109943507,-4,1224,1913
18112978238,18112978238,0,2086,2702
18115265295,18115265293,-2,852,1687
18115520577,18115520575,-2,1091,2117
18116599086,18116599081,-5,790,2849
18116795983,18116795981,-2,1033,2026
18118383115,18118383111,-4,1331,2687
18118653070,18118653066,-4,1257,2683
18122069566,18122069562,-4,1638,2702
18122454391,18122454385,-6,1059,5654
18124342502,18124342501,-1,987,2055
18127566558,18127566554,-4,1721,5424
18128197309,18128197306,-3,1099,2206
18132716270,18132716267,-3,1137,2746
18132821989,18132822008,19,873,2246
18135376724,18135376723,-1,1562,2125
18135778172,18135778177,5,1605,1567
18136511366,18136511361,-5,1076,2223
18137632998,18137632995,-3,900,1671
18141126852,18141126850,-2,752,1404
18141630151,18141630145,-6,789,3002
18145806787,18145806785,-2,986,1808
18148222335,18148222334,-1,1738,2361
18152210970,18152210967,-3,854,3580
18153411470,18153411467,-3,1148,1692
18154132419,18154132417,-2,1194,2389
18155403649,18155403645,-4,1185,3000
18157347206,18157347203,-3,931,1678
18160851865,18160851862,-3,1399,2315
18161246242,18161246241,-1,1377,2042
18161301894,18161301882,-12,896,1756
18161769103,18161769105,2,187,834
18164484729,18164484726,-3,1148,2577
18171978251,18171978249,-2,1449,2121
18173783258,18173783254,-4,1020,2247
18176035548,18176035546,-2,1262,3127
18177322898,18177322897,-1,1341,2184
18177582935,18177582925,-10,255,1128
18178925403,18178925399,-4,558,1781
18180515614,18180515614,0,669,1917
18189133076,18189133072,-4,999,2302
18189429219,18189429215,-4,1025,2307
18195607773,18195607770,-3,1447,3002
18199088394,18199088385,-9,1301,1849
18199267182,18199267176,-6,1257,7405
18199453491,18199453489,-2,1148,1951
18212892638,18212892638,0,1444,2031
18214992787,18214992785,-2,866,1719
18219123198,18219123193,-5,1122,3156
18221822154,18221822152,-2,1344,2056
18223201454,18223201454,0,2669,3844
18231873779,18231873777,-2,1252,1641
18240644706,18240644704,-2,1342,2149
18244093946,18244093941,-5,1511,2885
18251775197,18251775195,-2,1583,2619
18253725295,18253725290,-5,1298,3080
18254723466,18254723465,-1,1355,1697
18254878627,18254878625,-2,1322,2773
18256135570,18256135571,1,1111,968
18257245396,18257245382,-14,882,1708
18260625591,18260625588,-3,1219,2103
18261004040,18261004038,-2,1500,2598
18264565365,18264565362,-3,841,2689
18264850187,18264850185,-2,1043,2120
18267200575,18267200574,-1,1113,2446
18267644693,18267644715,22,307,2065
18271802125,18271802122,-3,1183,2254
18271894741,18271894737,-4,1125,2877
18272841998,18272842014,16,614,2100
18273862879,18273862876,-3,1562,2438
18275826474,18275826470,-4,1214,2761
18289651672,18289651674,2,9431,18443
18289685440,18289685455,15,257,970
18291632117,18291632113,-4,1208,1818
18291850354,18291850361,7,5693,42149
18291971615,18291971613,-2,940,1989
18292054725,18292054744,19,1037,1436
18292738137,18292738135,-2,975,2225
18293992578,18293992574,-4,1253,2228
18294126333,18294126330,-3,1476,2524
18297081017,18297081015,-2,1183,1743
18300963606,18300963603,-3,1375,2578
18302109669,18302109667,-2,1109,1637
18302344701,18302344707,6,2186,1134
18308430124,18308430122,-2,1167,2193
18309106517,18309106522,5,5229,2650
18309285482,18309285482,0,1577,1645
18313777501,18313777501,0,1121,1561
18315056790,18315056786,-4,1539,2653
18315594902,18315594903,1,1297,1209
18319589897,18319589895,-2,1541,1926
18320269550,18320269549,-1,1267,2254
18321471077,18321471077,0,886,685
18326054690,18326054688,-2,1270,2420
18328912452,18328912448,-4,895,2052
18328961728,18328961745,17,14,746
18331965559,18331965558,-1,1317,2435
18340185570,18340185570,0,1119,1597
18341778463,18341778460,-3,1216,3369
18343163330,18343163328,-2,724,2036
18343221687,18343221685,-2,932,2207
18344056320,18344056318,-2,1816,1931
18345600214,18345600210,-4,953,1919
18346584286,18346584281,-5,703,2942
18351327206,18351327203,-3,1990,3299
18352554839,18352554834,-5,1092,1970
18353759287,18353759282,-5,434,816
18355345157,18355345155,-2,1298,2653
18356628946,18356628942,-4,1015,1847
18359952252,18359952233,-19,1033,1551
18361099918,18361099923,5,2369,1142
18362275982,18362275983,1,2505,3083
18363042031,18363042031,0,712,2273
18363325748,18363325744,-4,1272,2786
18372295433,18372295429,-4,1033,1895
18373210960,18373210973,13,281,636
18374516589,18374516591,2,2266,2351
18375511657,18375511657,0,1845,2469
18376756365,18376756362,-3,1019,1942
18377538357,18377538354,-3,1124,2337
18378277142,18378277140,-2,1132,1838
18382111728,18382111733,5,2244,1154
18386535018,18386535017,-1,1067,2562
18387706054,18387706052,-2,1260,2004
18391365048,18391365045,-3,1596,2743
18401458989,18401458989,0,1419,1696
18401774603,18401774598,-5,1267,1741
18403833193,18403833194,1,1195,1950
18404538098,18404538096,-2,1072,2113
18408998075,18408998073,-2,904,2398
18413744102,18413744101,-1,835,2052
18414819767,18414819763,-4,1179,2516
18416195017,18416195014,-3,1581,2783
18419237842,18419237841,-1,1329,1961
18420459268,18420459266,-2,1723,1607
18420953991,18420953987,-4,815,2435
18422192297,18422192296,-1,1417,2614
18424249645,18424249643,-2,908,2588
18430685750,18430685748,-2,1768,2933
18431702075,18431702078,3,4150,2691
18434003310,18434003305,-5,1008,3102
18434819312,18434819330,18,1117,3236
18442620777,18442620776,-1,1247,2600
18444530624,18444530642,18,1073,1285
18449283010,18449283008,-2,1183,1803
18449575323,18449575324,1,1633,1794
18451653998,18451653995,-3,1327,2199
18455820720,18455820727,7,2970,1063
18456252608,18456252601,-7,27369,17585
18459796073,18459796072,-1,1437,2250
18468884066,18468884066,0,48987,60574
18470266462,18470266461,-1,1018,2238
18486416654,18486416656,2,18053,18261
18489004219,18489004218,-1,1248,3035
18493248651,18493248647,-4,1097,2098
18498583655,18498583652,-3,1340,2040
18499311024,18499311042,18,531,1932
18500217924,18500217924,0,1944,1664
18503656964,18503656961,-3,1021,2261
18505231624,18505231620,-4,1041,2175
18509270579,18509270577,-2,1309,2352
18510197719,18510197717,-2,1106,2090
18512146359,18512146356,-3,1520,2621
18513070765,18513070757,-8,29205,17518
18513144239,18513144236,-3,1695,2733
18518123658,18518123655,-3,1091,1209
18518958254,18518958273,19,888,1875
18519877994,18519877991,-3,1271,3108
18521621094,18521621098,4,2197,1502
18527855260,18527855258,-2,1078,2075
18528079684,18528079707,23,814,1857
18528580919,18528580918,-1,948,2346
18530316630,18530316610,-20,888,1630
18532185877,18532185879,2,1758,2272
18532887491,18532887488,-3,1439,2652
18536048067,18536048064,-3,832,2258
18540538661,18540538663,2,1296,1650
18543345589,18543345588,-1,1450,1916
18543817921,18543817919,-2,836,1861
18545496186,18545496183,-3,1070,2162
18552971019,18552971017,-2,1023,3594
18554752874,18554752871,-3,1100,2047
18559324679,18559324678,-1,1175,2336
18559518638,18559518637,-1,1549,2146
18564005637,18564005635,-2,1129,2533
18567751270,18567751266,-4,1825,2229
18569963263,18569963270,7,3303,1224
18570435463,18570435460,-3,1364,2747
18570481075,18570481071,-4,951,2146
18571429670,18571429690,20,795,1351
18574474014,18574474013,-1,1226,2170
18580287067,18580287072,5,1215,785
18581976946,18581976945,-1,1805,2781
18583531390,18583531388,-2,2575,4858
18584148501,18584148499,-2,1349,2110
18585915225,18585915222,-3,980,2114
18587907514,18587907510,-4,1166,2418
18590549286,18590549287,1,1085,1786
18590765309,18590765330,21,760,2300
18591931071,18591931069,-2,2163,3391
18595250762,18595250766,4,2919,1820
18596467500,18596467498,-2,723,1776
18599331390,18599331388,-2,974,2950
18601236077,18601236075,-2,1367,2587
18602774687,18602774686,-1,1557,1942
18605796480,18605796483,3,1683,2116
18606192015,18606192013,-2,1109,1940
18608282943,18608282939,-4,1038,2472
18609016546,18609016542,-4,1054,1569
18616274566,18616274563,-3,915,2030
18618180429,18618180428,-1,882,1315
18620306800,18620306786,-14,2187,745
18626056635,18626056633,-2,1844,2710
18629532365,18629532364,-1,3194,5640
18638593725,18638593724,-1,1638,2099
18639762381,18639762379,-2,1069,2651
18639980852,18639980846,-6,1320,1821
18641744654,18641744654,0,1233,1639
18643647818,18643647817,-1,868,1946
18644438118,18644438115,-3,906,2882
18644617615,18644617595,-20,1013,2121
18652338076,18652338082,6,5788,2563
18652587155,18652587156,1,747,1125
18654165675,18654165670,-5,1356,2238
18655097901,18655097897,-4,1101,1317
18655842135,18655842132,-3,1676,3184
18656667594,18656667591,-3,770,1956
18657446119,18657446116,-3,800,1787
18660505387,18660505383,-4,1454,2139
18667737239,18667737238,-1,1163,1721
18670688758,18670688756,-2,535,1073
18678211387,18678211392,5,4346,3318
18678563154,18678563154,0,2015,1725
18680414606,18680414605,-1,1470,3787
18681422686,18681422686,0,1536,2290
18682330226,18682330223,-3,1187,1736
18685069139,18685069137,-2,1022,2320
18686840193,18686840191,-2,793,2477
18689131895,18689131894,-1,1409,3076
18689369894,18689369895,1,1118,1342
18690336862,18690336861,-1,1568,2423
18696532882,18696532879,-3,1232,2569
18699699023,18699699022,-1,865,1803
18700865878,18700865878,0,1641,2016
18702977478,18702977476,-2,1630,2576
18709788175,18709788172,-3,1228,2225
18712426075,18712426073,-2,1541,2050
18712822493,18712822498,5,2164,1535
18715802893,18715802890,-3,1076,2219
18720042187,18720042186,-1,1238,2266
18725746651,18725746645,-6,2180,6295
18726850946,18726850959,13,1058,1656
18729142398,18729142399,1,1007,1632
18730551020,18730551017,-3,992,1565
18732353413,18732353413,0,1347,1265
18732721131,18732721126,-5,1055,2351
18736022595,18736022591,-4,1163,4270
18736511119,18736511115,-4,1080,1205
18736819878,18736819876,-2,1136,2081
18739735337,18739735335,-2,1120,2641
18740336273,18740336270,-3,874,1861
18742184593,18742184592,-1,826,1868
18742833999,18742833998,-1,1189,2673
18745657012,18745657009,-3,1189,1958
18745745891,18745745888,-3,871,2143
18746496583,18746496599,16,1339,2777
18747236346,18747236345,-1,1118,1944
18747601231,18747601237,6,1845,1392
18748094009,18748094007,-2,1677,2484
18748332443,18748332443,0,1587,1417
18749634362,18749634358,-4,1146,1829
18751751868,18751751866,-2,1191,1941
18754228507,18754228506,-1,1433,2975
18769667482,18769667480,-2,999,1584
18772234311,18772234310,-1,1332,2435
18776321146,18776321143,-3,1443,3344
18776616956,18776616952,-4,1204,2281
18779599914,18779599913,-1,1570,2423
18781818494,18781818499,5,5886,2386
18785655033,18785655039,6,1385,1024
18788143221,18788143219,-2,879,2335
18798387613,18798387609,-4,989,2479
18800306445,18800306442,-3,856,2311
18801507412,18801507409,-3,900,1995
18801841607,18801841613,6,1676,1453
18805961363,18805961362,-1,1148,1857
18806511873,18806511869,-4,1235,1582
18807241255,18807241272,17,477,1668
18809357743,18809357741,-2,1336,3164
18810297396,18810297392,-4,1071,1578
18810646237,18810646220,-17,1132,3190
18811458206,18811458204,-2,1714,2611
18813555574,18813555576,2,1603,2154
18815237989,18815237986,-3,1297,2694
18821995757,18821995754,-3,698,1329
18827312519,18827312517,-2,1152,2163
18827620257,18827620257,0,1044,1637
18832068722,18832068716,-6,2835,10751
18832403718,18832403718,0,1658,1663
18838165102,18838165098,-4,1303,2408
18847775681,18847775675,-6,971,3518
18852427614,18852427619,5,1725,1120
18853988092,18853988096,4,4318,2343
18854075235,18854075227,-8,977,18037
18854915369,18854915371,2,2455,2610
18868971098,18868971093,-5,945,2875
18874412589,18874412586,-3,1083,1850
18876379759,18876379760,1,1479,1830
18879682463,18879682462,-1,1200,1340
18880265686,18880265674,-12,657,1449
18881354075,18881354084,9,2096,2297
18881786357,18881786353,-4,390,997
18883689430,18883689430,0,2249,3441
18886340361,18886340359,-2,44946,21607
18887570917,18887570914,-3,1212,3046
18887629618,18887629615,-3,1369,2059
18887878480,18887878475,-5,774,2343
18891188291,18891188286,-5,758,2425
18894316333,18894316329,-4,1205,3049
18895376044,18895376042,-2,1432,2262
18898364269,18898364269,0,1200,1509
18900558050,18900558046,-4,1035,2531
18904956026,18904956024,-2,1534,2730
18907165014,18907165013,-1,1554,1621
18909025311,18909025306,-5,542,1243
18916286498,18916286496,-2,841,2335
18920845621,18920845619,-2,1290,2382
18924444498,18924444495,-3,1103,3008
18931008954,18931008950,-4,846,2020
18931758126,18931758121,-5,1004,2445
18931839866,18931839863,-3,760,2109
18938925667,18938925666,-1,1579,2753
18940815946,18940815944,-2,977,1782
18944733270,18944733270,0,1023,1754
18945924633,18945924641,8,3142,1502
18950696357,18950696354,-3,978,1896
18955626862,18955626859,-3,1061,2050
18959497964,18959497961,-3,1856,4481
18969104069,18969104066,-3,1432,1760
18970274815,18970274812,-3,935,1821
18974878711,18974878712,1,1253,1445
18976056493,18976056473,-20,1039,1736
18982688515,18982688512,-3,1057,1594
18983553228,18983553242,14,551,2147
18983932254,18983932251,-3,880,2007
18984952721,18984952718,-3,1117,3084
18996483357,18996483356,-1,572,1167
19008222677,19008222697,20,666,1326
19010353286,19010353282,-4,1127,2604
19010583761,19010583758,-3,1177,2490
19026563240,19026563239,-1,1161,1641
19028549424,19028549425,1,2398,1619
19030772439,19030772436,-3,931,1661
19030909743,19030909753,10,153,1750
19035715461,19035715462,1,1987,2745
19036551093,19036551086,-7,756,2587
19037406143,19037406157,14,342,1303
19041961851,19041961848,-3,1026,2024
19046856949,19046856946,-3,794,2128
19047559753,19047559749,-4,1147,2208
19048229615,19048229605,-10,1362,1974
19049248715,19049248715,0,1003,1613
19053862253,19053862249,-4,1385,2359
19053969630,19053969627,-3,1291,2205
19055845156,19055845136,-20,1364,2944
19057071666,19057071666,0,945,1162
19058003914,19058003909,-5,812,1474
19058799166,19058799167,1,1230,1074
19059614339,19059614334,-5,915,2507
19061761650,19061761650,0,1527,2149
19062354085,19062354082,-3,1400,1298
19064493197,19064493201,4,1083,1671
19066998993,19066998993,0,17668,19721
19067051978,19067051977,-1,1343,2646
19067927930,19067927927,-3,872,2733
19068969994,19068969992,-2,973,1727
19074594410,19074594409,-1,1162,2415
19076795628,19076795634,6,2263,839
19077588626,19077588626,0,1051,1378
19078833998,19078833994,-4,1076,2235
19079838415,19079838421,6,67890,25028
19081852663,19081852662,-1,1025,2015
19085217381,19085217381,0,1514,1563
19087943926,19087943924,-2,1192,1974
19089022606,19089022603,-3,1848,2619
19091346610,19091346609,-1,1293,2172
19091874672,19091874669,-3,1325,2396
19096333554,19096333553,-1,917,2386
19097123360,19097123357,-3,1673,2465
19099332025,19099332024,-1,1273,1970
19100248782,19100248778,-4,1096,2511
19100594213,19100594194,-19,1353,2896
19105476542,19105476539,-3,1069,2777
19112395627,19112395624,-3,1733,3025
19114092986,19114092986,0,1153,1999
19119925266,19119925266,0,1106,1614
19122005047,19122005046,-1,1132,2629
19127618558,19127618550,-8,36007,13535
19128156586,19128156584,-2,1305,3082
19128393594,19128393593,-1,1123,2418
19129672838,19129672838,0,3212,3329
19131907499,19131907495,-4,959,1719
19132313291,19132313287,-4,1151,2503
19132557578,19132557574,-4,1411,2990
19136949235,19136949233,-2,914,2087
19143732922,19143732919,-3,926,2373
19144335060,19144335058,-2,1112,2173
19147016922,19147016918,-4,721,1232
19148910991,19148910988,-3,1079,2463
19149692786,19149692785,-1,1519,2040
19154357054,19154357054,0,843,1281
19158850877,19158850873,-4,810,1842
19161093413,19161093406,-7,330,823
19163346288,19163346288,0,1149,2311
19165602278,19165602278,0,1238,2091
19165911323,19165911324,1,1224,2012
19166614864,19166614860,-4,1506,2602
19166730374,19166730353,-21,861,1576
19168642512,19168642509,-3,1022,2234
19176432370,19176432370,0,1209,2146
19179390966,19179390960,-6,1433,2223
19184282651,19184282657,6,6594,31685
19191968218,19191968215,-3,784,1788
19192341069,19192341069,0,911,1710
19196065071,19196065069,-2,1355,2235
19199393835,19199393834,-1,791,1817
19201443050,19201443054,4,4756,3248
19201859106,19201859104,-2,1233,1997
19203463112,19203463111,-1,1174,2652
19203760891,19203760889,-2,1437,1759
19203800230,19203800240,10,10888,36464
19207351035,19207351032,-3,1129,2729
19208629525,19208629522,-3,879,2609
19214401553,19214401554,1,1690,1057
19216256972,19216256974,2,3972,2812
19218164122,19218164119,-3,816,2215
19218531534,19218531555,21,827,1771
19219013804,19219013799,-5,1256,2296
19219645114,19219645113,-1,1218,1754
19224368482,19224368482,0,1192,2216
19230544676,19230544676,0,1275,1304
19230687409,19230687407,-2,1437,1875
19235879054,19235879053,-1,1499,2336
19246261971,19246261970,-1,906,2259
19249573847,19249573846,-1,1198,1300
19251178626,19251178645,19,40190,14190
19251504304,19251504311,7,4707,1447
19253177494,19253177493,-1,1025,1805
19262617851,19262617847,-4,1127,2727
19265410759,19265410757,-2,830,1495
19267747025,19267747023,-2,1357,2396
19268664818,19268664816,-2,1266,1857
19269175717,19269175715,-2,976,1849
19270891123,19270891121,-2,1239,1963
19271771135,19271771134,-1,1234,2581
19274036315,19274036315,0,1078,1489
19277523982,19277523979,-3,1386,2120
19278641034,19278641039,5,1959,1444
19280741230,19280741228,-2,1038,2474
19280868984,19280868990,6,3033,2010
19282991421,19282991417,-4,1192,2626
19283554874,19283554870,-4,1163,1566
19284053533,19284053530,-3,1237,1944
19284828906,19284828902,-4,1201,2006
19285074030,19285074026,-4,1120,2248
19286270022,19286270018,-4,1322,2501
19291753607,19291753604,-3,983,1578
19293048860,19293048853,-7,1236,2076
19293168694,19293168714,20,709,1340
19293380526,19293380522,-4,1115,2663
19293441032,19293441049,17,586,1050
19295941946,19295941945,-1,1113,2391
19301226667,19301226663,-4,1139,2856
19302869366,19302869367,1,1699,1393
19304054269,19304054269,0,1434,2517
19307587159,19307587158,-1,1436,2549
19308749311,19308749307,-4,1111,2523
19309274047,19309274044,-3,961,1647
19310636314,19310636312,-2,1102,1907
19313125703,19313125700,-3,902,1671
19315832507,19315832503,-4,698,1710
19322236242,19322236242,0,753,2100
19326052735,19326052734,-1,1100,2401
19329386981,19329386977,-4,1099,2110
19329809856,19329809850,-6,1432,4729
19329874497,19329874497,0,1206,1343
19331746734,19331746731,-3,1028,2173
19331855769,19331855766,-3,801,1821
19334285424,19334285433,9,86,1048
19335058529,19335058528,-1,1212,1540
19336876278,19336876274,-4,757,1344
19342807457,19342807468,11,10151,45997
19342929954,19342929952,-2,751,1827
19344368336,19344368333,-3,1480,1962
19345268271,19345268271,0,1427,1699
19346030154,19346030149,-5,989,2754
19346716869,19346716867,-2,1176,2189
19351826543,19351826542,-1,1094,2350
19355015478,19355015475,-3,1083,2392
19355386228,19355386225,-3,1486,2375
19356205725,19356205722,-3,972,3110
19363138212,19363138206,-6,939,4251
19363441741,19363441759,18,892,2200
19365168215,19365168214,-1,1048,2200
19365309965,19365309962,-3,967,1766
19365936106,19365936104,-2,1205,1652
19368581674,19368581670,-4,1077,2214
19369453691,19369453688,-3,984,1896
19375581462,19375581454,-8,1312,5925
19378240947,19378240945,-2,1052,1999
19380741750,19380741735,-15,964,13903
19385513141,19385513137,-4,1122,2148
19386151165,19386151170,5,269,738
19387833075,19387833071,-4,1260,2943
19393559830,19393559825,-5,932,2077
19396335924,19396335922,-2,1032,1919
19399966214,19399966211,-3,1126,3020
19403448882,19403448883,1,1837,2286
19406150199,19406150202,3,1837,1432
19415674604,19415674600,-4,1501,2225
19416790174,19416790170,-4,1278,2470
19421056922,19421056919,-3,1140,1849
19424229441,19424229437,-4,1211,2490
19429607134,19429607133,-1,1513,1825
19432445030,19432445027,-3,1033,2608
19438718735,19438718731,-4,814,2540
19442297710,19442297706,-4,1028,1735
19443296727,19443296723,-4,1388,2675
19447891073,19447891070,-3,1345,3056
19448518607,19448518607,0,869,1174
19448691838,19448691837,-1,1382,3143
19453264270,19453264268,-2,3306,3832
19458118052,19458118049,-3,1038,2461
19458929450,19458929449,-1,1047,2704
19462872047,19462872044,-3,791,1873
19474283247,19474283245,-2,1269,2779
19477590626,19477590621,-5,1237,2081
19478413170,19478413169,-1,1995,2505
19479889011,19479889009,-2,654,1814
19489495901,19489495898,-3,1303,2501
19489644734,19489644733,-1,922,2137
19491745527,19491745526,-1,846,920
19493381292,19493381274,-18,1287,1239
19494592024,19494592021,-3,1417,2083
19496316164,19496316163,-1,1669,2714
19497625890,19497625886,-4,887,2199
19499321987,19499321985,-2,1185,3027
19499470662,19499470659,-3,1036,2082
19500309631,19500309651,20,1077,1791
19502143454,19502143452,-2,1132,1834
19505240957,19505240956,-1,998,1660
19506804103,19506804100,-3,493,1558
19507931126,19507931125,-1,1291,2866
19511374617,19511374625,8,3300,1285
19513124102,19513124100,-2,1373,2244
19513263952,19513263966,14,643,1638
19524830674,19524830673,-1,1146,1889
19528782729,19528782728,-1,972,1845
19529578841,19529578838,-3,1031,2272
19540303230,19540303227,-3,940,1614
19541388314,19541388312,-2,1175,1455
19543947558,19543947564,6,3105,1538
19549920831,19549920829,-2,1230,1855
19552708508,19552708506,-2,1050,1753
19555728574,19555728573,-1,842,1935
19557173218,19557173217,-1,1087,1954
19563277560,19563277557,-3,1282,1787
19563771207,19563771203,-4,812,2005
19573526001,19573526000,-1,964,1993
19573584918,19573584926,8,199,724
19576662072,19576662068,-4,1356,3002
19578648038,19578648036,-2,1661,2737
19581235330,19581235330,0,1129,1306
19582525626,19582525625,-1,1523,2224
19582819157,19582819150,-7,2125,6242
19592627815,19592627813,-2,1179,2189
19597705362,19597705361,-1,1069,1928
19603818416,19603818410,-6,825,2889
19604716666,19604716663,-3,1561,2000
19607247655,19607247673,18,1267,3119
19614630546,19614630546,0,1101,1908
19616215547,19616215544,-3,1102,2339
19616359453,19616359449,-4,743,1725
19620367507,19620367502,-5,1086,3123
19624557194,19624557192,-2,1429,1896
19625051787,19625051784,-3,954,2306
19630409953,19630409950,-3,1274,2652
19630772590,19630772588,-2,1885,5121
19633294936,19633294933,-3,1910,4293
19637680637,19637680634,-3,1418,3050
19641557011,19641557012,1,876,1311
19646041218,19646041217,-1,1025,2238
19647804223,19647804221,-2,1015,2103
19649097177,19649097174,-3,1175,3098
19651747489,19651747486,-3,1361,2339
19653397479,19653397481,2,1268,2257
19654010240,19654010237,-3,1039,3345
19662992063,19662992061,-2,1463,2890
19663019493,19663019511,18,1243,5800
19663111995,19663111992,-3,1011,1814
19668467733,19668467731,-2,902,2062
19668638446,19668638444,-2,1596,2797
19668763718,19668763716,-2,1247,2204
19672571290,19672571290,0,2168,2432
19677891975,19677891970,-5,1071,2132
19685560538,19685560534,-4,928,2443
19687445062,19687445065,3,1945,1493
19689569042,19689569043,1,1458,2424
19696701441,19696701439,-2,1474,1743
19703349386,19703349382,-4,1759,3210
19711070466,19711070462,-4,1541,2412
19712970390,19712970387,-3,1204,2330
19715675370,19715675370,0,1238,3042
19718407658,19718407657,-1,1025,2003
19719497067,19719497065,-2,1012,2154
19719779232,19719779229,-3,705,2548
19726087075,19726087073,-2,1358,2533
19729756670,19729756670,0,1245,2344
19734805623,19734805621,-2,1387,2895
19735537159,19735537154,-5,1464,2188
19737584897,19737584895,-2,842,1888
19738376912,19738376910,-2,1160,2377
19745264367,19745264384,17,1155,1714
19746351775,19746351771,-4,1045,2260
19748175218,19748175217,-1,955,1950
19748476518,19748476516,-2,1622,2152
19751464990,19751464986,-4,1025,2890
19751651362,19751651370,8,11095,20540
19761623559,19761623556,-3,870,1513
19761790909,19761790907,-2,1373,1928
19770176844,19770176840,-4,1590,3165
19771239157,19771239162,5,5628,2749
19774373964,19774373959,-5,985,2264
19778807511,19778807508,-3,845,1978
19781759926,19781759924,-2,922,2908
19784988359,19784988357,-2,851,1976
19785435639,19785435633,-6,1065,1821
19786174142,19786174122,-20,784,1370
19786668886,19786668882,-4,1241,2778
19789672073,19789672070,-3,736,1867
19790025297,19790025292,-5,1431,3268
19790862301,19790862298,-3,1004,1994
19792382091,19792382089,-2,752,1475
19793290050,19793290049,-1,928,2018
19795021227,19795021206,-21,184,995
19798179626,19798179631,5,2266,935
19801493793,19801493790,-3,1158,1658
19807534247,19807534246,-1,1186,2086
19811508510,19811508507,-3,947,1939
19811967663,19811967662,-1,1010,1771
19814558417,19814558413,-4,1097,2384
19819407347,19819407351,4,1245,1025
19819490534,19819490536,2,36737,32175
19820526377,19820526375,-2,1368,2571
19821369499,19821369494,-5,1509,2677
19823786929,19823786926,-3,1322,2836
19826035219,19826035222,3,4475,3101
19827057341,19827057339,-2,1136,1757
19827322701,19827322700,-1,1771,3437
19828531562,19828531558,-4,1028,1584
19834470462,19834470458,-4,987,1901
19836683585,19836683582,-3,1300,2195
19842251186,19842251186,0,1208,2052
19845971076,19845971074,-2,1158,2003
19847368846,19847368841,-5,823,1499
19847763609,19847763608,-1,1306,2645
19849353696,19849353694,-2,1211,2046
19849961846,19849961851,5,1678,985
19854879974,19854879971,-3,826,2048
19859380975,19859380972,-3,951,1779
19860750777,19860750779,2,3634,3098
19864242117,19864242113,-4,856,1883
19864426470,19864426466,-4,1241,2302
19867318984,19867318981,-3,1555,2373
19868638282,19868638279,-3,980,2592
19869574741,19869574742,1,1649,1891
19873473674,19873473673,-1,883,2140
19876606755,19876606750,-5,1198,1314
19879093278,19879093274,-4,759,2557
19886136181,19886136185,4,1317,1634
19887990332,19887990329,-3,955,1580
19892127454,19892127449,-5,1197,4437
19894432531,19894432532,1,1808,1543
19895722118,19895722116,-2,1341,2495
19898291257,19898291254,-3,1038,2907
19898554509,19898554526,17,1040,1856
19899658971,19899658967,-4,835,3212
19902277785,19902277782,-3,958,2637
19903605503,19903605506,3,1760,871
19904549859,19904549856,-3,853,2730
19906651407,19906651406,-1,930,2538
19908919701,19908919699,-2,925,2305
19911102250,19911102250,0,974,1485
19911164239,19911164229,-10,1251,2522
19911844245,19911844244,-1,1086,1751
19916878113,19916878119,6,1091,1099
19920103499,19920103498,-1,771,1987
19920916810,19920916809,-1,1183,1912
19927474898,19927474894,-4,946,2016
19931092214,19931092218,4,2905,1372
19933046498,19933046494,-4,983,2195
19935472483,19935472483,0,2104,3569
19937346834,19937346834,0,1558,2683
19939405652,19939405648,-4,936,1865
19940827919,19940827933,14,495,2035
19942358463,19942358462,-1,1151,1559
19952857221,19952857218,-3,1005,2033
19955320697,19955320694,-3,1118,2637
19961526621,19961526618,-3,1149,1736
19961639924,19961639915,-9,746,1449
19964464881,19964464879,-2,1605,2383
19965623494,19965623494,0,702,1127
19973615170,19973615167,-3,825,1171
19975711557,19975711554,-3,1426,2507
19984408439,19984408436,-3,818,1986
19985922503,19985922502,-1,923,1905
19987442293,19987442293,0,816,1362
19988720871,19988720873,2,2548,2517
19989265378,19989265376,-2,1008,2618
19990709395,19990709390,-5,871,1899
19991201079,19991201093,14,662,1971
19991910995,19991910993,-2,1040,1225
19992520114,19992520112,-2,952,1474
20000333030,20000333027,-3,1375,1781
20010810745,20010810745,0,1074,1776
20012568838,20012568839,1,1507,2139
20013796308,20013796306,-2,975,1733
20018598962,20018598979,17,851,1940
20020955742,20020955738,-4,1673,2931
20031905591,20031905586,-5,1311,2356
20033347375,20033347374,-1,1220,2185
20035752586,20035752585,-1,964,1898
20040172589,20040172585,-4,827,1585
20048407415,20048407413,-2,879,2911
20049012841,20049012838,-3,826,1604
20052925838,20052925837,-1,1441,2670
20052977697,20052977694,-3,894,2128
20058566780,20058566790,10,1020,2108
20060983037,20060983031,-6,752,1588
20062427257,20062427254,-3,1164,2318
20065426285,20065426283,-2,1007,2784
20068434049,20068434048,-1,1572,2996
20070852746,20070852745,-1,1826,2040
20073136899,20073136896,-3,1242,2091
20073394610,20073394609,-1,1038,1872
20079851088,20079851086,-2,1299,1948
20081944911,20081944909,-2,968,1903
20083443988,20083443986,-2,1183,2976
20087830025,20087830021,-4,949,2148
20092806889,20092806890,1,2130,1455
20099609982,20099609980,-2,1241,1972
20100892674,20100892681,7,2593,2394
20101193834,20101193830,-4,1455,2378
20101242142,20101242163,21,613,1202
20102471874,20102471873,-1,1163,1680
20108475301,20108475298,-3,1098,1404
20109869454,20109869451,-3,1551,2236
20111743730,20111743727,-3,1332,2412
20115957278,20115957276,-2,808,1461
20119230679,20119230677,-2,951,2292
20121953698,20121953706,8,1008,1791
20124149295,20124149293,-2,1157,2487
20126017660,20126017657,-3,1716,3050
20126170467,20126170465,-2,981,1636
20129319586,20129319583,-3,1173,1600
20134311159,20134311157,-2,1011,1807
20135870545,20135870541,-4,1574,3255
20136841246,20136841245,-1,1087,1860
20137479858,20137479853,-5,1348,3105
20140649650,20140649649,-1,1156,2019
20141486258,20141486254,-4,810,2552
20142595377,20142595371,-6,1716,4212
20144865391,20144865388,-3,1034,2273
20146250916,20146250915,-1,1412,1669
20152463172,20152463170,-2,1577,2818
20156371802,20156371799,-3,656,1922
20157780766,20157780787,21,425,1451
20160522061,20160522057,-4,1339,1975
20161116548,20161116547,-1,1233,2167
20167937641,20167937638,-3,1238,2790
20169592405,20169592403,-2,1169,2267
20175209942,20175209950,8,1062,2143
20177423219,20177423216,-3,638,1551
20179061289,20179061286,-3,1382,2223
20183710446,20183710441,-5,1131,2802
20184077374,20184077371,-3,982,2028
20186644398,20186644396,-2,1284,2103
20191365303,20191365303,0,958,1148
20193940974,20193940979,5,1591,988
20201021811,20201021809,-2,1037,2081
20202723260,20202723256,-4,690,2215
20202922630,20202922628,-2,1147,1967
20203088541,20203088559,18,374,1410
20203606722,20203606719,-3,1048,2265
20206586154,20206586154,0,883,1243
20208174449,20208174449,0,1661,2816
20209804667,20209804664,-3,1107,2153
20210701227,20210701223,-4,668,1415
20211868785,20211868775,-10,83,737
20213739522,20213739518,-4,1325,2230
20214701483,20214701481,-2,1214,2417
20219641011,20219641010,-1,1617,2806
20219914567,20219914566,-1,791,1588
20222052654,20222052651,-3,1208,2155
20224378614,20224378612,-2,1156,2394
20224633012,20224633017,5,4417,2698
20234564306,20234564304,-2,1137,1935
20243336154,20243336155,1,1597,1769
20245401342,20245401358,16,6853,51734
20245922134,20245922130,-4,837,1784
20246151440,20246151438,-2,913,2121
20251058966,20251058964,-2,877,1398
20252923858,20252923856,-2,1264,2271
20256368236,20256368231,-5,805,1916
20256589776,20256589772,-4,1652,2218
20256634653,20256634649,-4,1778,2117
20260495980,20260495978,-2,1169,2511
20261874671,20261874665,-6,1010,3336
20265061205,20265061207,2,1767,2062
20265164927,20265164925,-2,1371,2743
20266013599,20266013597,-2,1258,2374
20267678106,20267678102,-4,1635,3177
20267907132,20267907121,-11,1108,2251
20269285985,20269285983,-2,982,1884
20274265118,20274265121,3,652,1872
20275648150,20275648148,-2,1207,2400
20276292422,20276292417,-5,2860,12404
20278666271,20278666268,-3,981,2153
20280380239,20280380238,-1,908,2019
20281169141,20281169161,20,370,1015
20281658586,20281658580,-6,1153,2410
20283610086,20283610081,-5,1370,4666
20286157447,20286157446,-1,709,1903
20289206786,20289206782,-4,1124,1657
20291188317,20291188315,-2,561,2054
20291491418,20291491417,-1,968,1342
20295104965,20295104962,-3,1664,2967
20296729212,20296729210,-2,1172,1431
20301974097,20301974094,-3,686,2291
20302305889,20302305886,-3,1275,1808
20302667285,20302667284,-1,1290,2122
20303384622,20303384618,-4,1262,2700
20303704811,20303704807,-4,845,1936
20304464921,20304464919,-2,1491,2466
20304752266,20304752271,5,2893,1400
20305677601,20305677599,-2,999,1967
20305901798,20305901795,-3,1797,2596
20306231620,20306231624,4,16693,34964
20306276208,20306276207,-1,1466,2235
20308603618,20308603613,-5,1396,2806
20309846048,20309846042,-6,2228,7551
20310489584,20310489589,5,2211,1394
20310610298,20310610303,5,2218,995
20311807870,20311807868,-2,1030,1999
20314861222,20314861230,8,4603,1389
20318632498,20318632497,-1,822,1348
20320252422,20320252417,-5,1457,4408
20326545482,20326545478,-4,856,3103
20329912138,20329912136,-2,1159,2877
20330567689,20330567689,0,1111,2139
20334706794,20334706790,-4,1170,2811
20338503899,20338503897,-2,1035,1758
20339397235,20339397233,-2,1222,2319
20341311741,20341311742,1,1346,1578
20345593602,20345593601,-1,779,1126
20359843005,20359842999,-6,1136,2739
20362024034,20362024031,-3,728,1858
20369350351,20369350349,-2,1271,2354
20372693253,20372693249,-4,1571,2184
20372887316,20372887313,-3,1262,2464
20373149424,20373149422,-2,914,2266
20374272362,20374272358,-4,1118,3321
20375787104,20375787099,-5,1498,3585
20376093871,20376093868,-3,925,1806
20376766882,20376766881,-1,1158,2339
20382707483,20382707480,-3,883,674
20383540854,20383540847,-7,1280,2104
20384808038,20384808035,-3,1304,1991
20389911391,20389911391,0,383,871
20390495814,20390495797,-17,262,650
20392972795,20392972787,-8,1173,2038
20393560485,20393560482,-3,1336,2070
20393951393,20393951390,-3,1054,2344
20394936506,20394936505,-1,1351,1491
20395760077,20395760073,-4,1648,2964
20397725010,20397725006,-4,1346,3406
20399812153,20399812150,-3,986,2130
20402530495,20402530491,-4,817,2609
20413219732,20413219750,18,930,1792
20416964966,20416964961,-5,1005,3218
20422757866,20422757865,-1,966,1469
20429533097,20429533093,-4,1094,2482
20430513213,20430513211,-2,1326,2642
20432089802,20432089799,-3,712,1806
20439189682,20439189679,-3,893,1406
20440893382,20440893381,-1,1047,2066
20442008494,20442008491,-3,1323,2260
20445433516,20445433538,22,308,682
20448293191,20448293186,-5,1306,2992
20449017457,20449017459,2,1914,1154
20449888043,20449888043,0,718,1219
20452121700,20452121697,-3,1129,3025
20458780556,20458780555,-1,1676,33089
20459902310,20459902315,5,4323,15911
20464895005,20464895002,-3,1458,2503
20465005000,20465005018,18,274,830
20466618232,20466618231,-1,1241,1626
20472232224,20472232245,21,1252,1508
20474353886,20474353887,1,4016,3376
20479425170,20479425172,2,824,1343
20480297356,20480297349,-7,945,1686
20483258741,20483258738,-3,849,1684
20484255998,20484255997,-1,1113,2227
20485555473,20485555469,-4,1148,2233
20486623534,20486623530,-4,981,2486
20489439093,20489439089,-4,871,1223
20489929893,20489929915,22,601,937
20490404906,20490404903,-3,1066,2312
20490927922,20490927918,-4,1040,1433
20496458007,20496458006,-1,992,2508
20500627371,20500627368,-3,845,1809
20504094614,20504094613,-1,1360,1855
20507010334,20507010333,-1,1358,2662
20508067086,20508067083,-3,1019,1600
20516026317,20516026317,0,1227,2119
20521602449,20521602446,-3,1523,2529
20524781300,20524781294,-6,1261,3554
20529126179,20529126177,-2,885,1753
20530873276,20530873273,-3,1149,2889
20533675760,20533675762,2,2089,1660
20534605435,20534605433,-2,1078,1921
20536379712,20536379712,0,1570,1704
20541103865,20541103863,-2,772,2144
20541524522,20541524527,5,2110,837
20543680094,20543680091,-3,1117,1931
20544699786,20544699784,-2,1095,1739
20546241274,20546241269,-5,1227,1672
20548902242,20548902240,-2,1165,2379
20549455794,20549455790,-4,1020,2018
20551829091,20551829090,-1,1687,3280
20552396976,20552396973,-3,672,1426
20553386872,20553386889,17,1269,2385
20553594967,20553594962,-5,695,2119
20554847743,20554847730,-13,1043,2842
20558579383,20558579378,-5,547,2318
20562752840,20562752838,-2,966,2657
20565166694,20565166690,-4,985,1874
20565741422,20565741420,-2,917,2374
20566546363,20566546362,-1,695,1734
20567580028,20567580026,-2,1526,1692
20568160471,20568160469,-2,991,1972
20572401585,20572401583,-2,1521,2669
20573128007,20573128004,-3,859,2442
20574293858,20574293857,-1,720,2295
20576847039,20576847036,-3,1204,2352
20580320242,20580320238,-4,1404,2398
20580699731,20580699731,0,589,1366
20581871574,20581871570,-4,1183,2339
20583569610,20583569613,3,1275,716
20586679554,20586679551,-3,1778,3223
20587643538,20587643534,-4,1104,1582
20591215837,20591215835,-2,1025,1723
20593397854,20593397854,0,1308,2257
20596732171,20596732169,-2,1020,1847
20601283963,20601283959,-4,1225,1455
20603029406,20603029404,-2,1304,2095
20605088031,20605088029,-2,1195,2562
20605219368,20605219365,-3,1653,2916
20605252822,20605252819,-3,1086,1727
20606106258,20606106257,-1,1421,1816
20606462258,20606462258,0,1621,1612
20607366617,20607366613,-4,1252,2517
20608279326,20608279324,-2,952,2311
20624655662,20624655641,-21,1412,2525
20626420224,20626420226,2,1549,1703
20627924391,20627924389,-2,1231,2016
20628013214,20628013235,21,1281,2713
20630309828,20630309827,-1,1306,1306
20630513315,20630513314,-1,738,2258
20636164363,20636164360,-3,1604,2617
20639857062,20639857060,-2,787,1205
20643169318,20643169313,-5,1071,2145
20643365763,20643365759,-4,630,1384
20643470562,20643470558,-4,1039,2399
20645882397,20645882392,-5,1762,7653
20646821502,20646821500,-2,1002,2505
20652343978,20652343978,0,1200,3267
20654451619,20654451618,-1,716,1845
20660700002,20660700000,-2,1355,2150
20673753499,20673753503,4,1906,834
20674084199,20674084203,4,1776,1332
20674374447,20674374446,-1,1477,2160
20677323446,20677323445,-1,1327,2239
20682652278,20682652276,-2,1304,2374
20682700081,20682700077,-4,701,1559
20683037853,20683037851,-2,1094,1343
20684256306,20684256305,-1,1086,1766
20684579839,20684579834,-5,1722,2496
20688701654,20688701651,-3,877,1809
20689277985,20689277982,-3,1294,2627
20690040178,20690040176,-2,1146,2435
20690957698,20690957695,-3,1172,2134
20697051989,20697051986,-3,817,1460
20698671376,20698671374,-2,1495,2874
20699508653,20699508648,-5,2287,5243
20704376607,20704376605,-2,1166,2082
20716217995,20716217998,3,2329,1864
20720237766,20720237762,-4,785,2033
20721105393,20721105399,6,3180,897
20722171075,20722171073,-2,1525,2407
20728164119,20728164118,-1,1328,2122
20741197443,20741197440,-3,1522,2545
20742299956,20742299955,-1,1079,1704
20745849333,20745849332,-1,752,1471
20756663166,20756663164,-2,798,2189
20758135046,20758135044,-2,1055,2106
20766569288,20766569286,-2,1772,2980
20769409209,20769409206,-3,1150,2449
20771143747,20771143745,-2,733,1173
20772365176,20772365186,10,203,933
20774550653,20774550649,-4,723,2178
20782808530,20782808528,-2,939,2254
20783955706,20783955705,-1,1558,1947
20784834738,20784834737,-1,1760,2707
20787507467,20787507464,-3,1586,3437
20791150833,20791150838,5,2147,1164
20791400518,20791400523,5,6111,30153
20792941585,20792941585,0,1192,2681
20802087298,20802087296,-2,1152,1770
20802641065,20802641062,-3,1177,2300
20804147715,20804147710,-5,1353,3032
20805071014,20805071034,20,710,1804
20805170270,20805170266,-4,1151,2580
20809551110,20809551113,3,1296,1161
20817816039,20817816034,-5,917,1971
20817936694,20817936689,-5,989,1983
20823648616,20823648620,4,1722,1531
20828497541,20828497547,6,2344,1378
20830268667,20830268663,-4,2308,5590
20831878347,20831878346,-1,1037,1824
20832242928,20832242910,-18,816,1226
20832758868,20832758866,-2,978,2143
20835349349,20835349347,-2,810,1362
20839119549,20839119544,-5,1127,1839
20841079751,20841079750,-1,1060,1776
20842532527,20842532525,-2,908,2436
20843595493,20843595491,-2,1245,1668
20847893483,20847893501,18,1235,1417
20848566469,20848566466,-3,1123,2235
20849993539,20849993538,-1,1019,2422
20850071641,20850071640,-1,878,2001
20852341726,20852341724,-2,733,1613
20854579961,20854579958,-3,1207,3212
20857023563,20857023561,-2,1262,2276
20857163838,20857163836,-2,1180,1797
20858189255,20858189250,-5,797,1501
20858464841,20858464838,-3,1233,1555
20859981224,20859981222,-2,1749,1627
20861152771,20861152769,-2,801,1636
20863250450,20863250447,-3,1378,2671
20868231021,20868231041,20,992,2071
20868891814,20868891811,-3,1002,2774
20869413358,20869413349,-9,940,2605
20873635742,20873635743,1,13175,12679
20873821622,20873821618,-4,688,1886
20876969823,20876969821,-2,1843,2507
20879866235,20879866230,-5,1064,3125
20890259222,20890259218,-4,1016,2092
20890788734,20890788733,-1,1121,2203
20894341604,20894341599,-5,1289,2317
20899396917,20899396914,-3,1011,1077
20899937564,20899937562,-2,1457,2982
20901911214,20901911211,-3,1117,1889
20913509787,20913509790,3,2545,1514
20917162163,20917162159,-4,1705,1320
20920207738,20920207738,0,1376,1262
20922472826,20922472827,1,1698,1760
20923128142,20923128139,-3,1466,2860
20926062027,20926062022,-5,946,1567
20931285086,20931285082,-4,1377,2349
20934439250,20934439247,-3,2023,2869
20936773678,20936773696,18,1055,1559
20943034263,20943034262,-1,1322,2697
20944124442,20944124442,0,1148,1683
20949001693,20949001694,1,7230,6221
20949694802,20949694799,-3,1563,3262
20959000663,20959000659,-4,929,1759
20960988330,20960988329,-1,1188,2552
20962440698,20962440697,-1,831,2729
20962517421,20962517410,-11,325,871
20964434653,20964434650,-3,969,2016
20969608842,20969608838,-4,1211,2872
20969735570,20969735574,4,2594,1724
20969863191,20969863194,3,2404,2138
20972418711,20972418707,-4,1149,2195
20977118685,20977118682,-3,1035,1647
20977703734,20977703733,-1,1004,1803
20978351711,20978351719,8,259,963
20979438346,20979438347,1,1387,1829
20981444652,20981444647,-5,1034,2945
20983511126,20983511119,-7,1149,2801
20985303122,20985303120,-2,1334,2038
20985344166,20985344165,-1,1146,1422
20985999366,20985999365,-1,970,1685
20987830311,20987830310,-1,1223,1739
20988435333,20988435335,2,2091,1674
20988686407,20988686404,-3,1189,1800
20991625571,20991625570,-1,806,1406
20992742603,20992742592,-11,1525,2336
20995235937,20995235935,-2,1036,2165
20996078294,20996078287,-7,1769,9804
21001264187,21001264183,-4,582,1723
21003213232,21003213228,-4,721,1671
21005534823,21005534821,-2,931,2841
21006491727,21006491721,-6,1071,3608
21009236363,21009236361,-2,2157,4008
21011772662,21011772659,-3,1297,1945
21015445749,21015445745,-4,1166,2696
21015996482,21015996480,-2,1128,1512
21016186227,21016186222,-5,969,2440
21019827944,21019827965,21,504,1603
21027665261,21027665259,-2,1298,2240
21030594284,21030594278,-6,1323,2076
21032409152,21032409147,-5,1187,3286
21034308458,21034308453,-5,941,2663
21041186201,21041186218,17,883,1645
21044148470,21044148470,0,2528,3868
21044295347,21044295344,-3,1043,1598
21045261854,21045261851,-3,522,1068
21045452994,21045452992,-2,1470,2363
21048259058,21048259054,-4,2012,4761
21052299472,21052299471,-1,1419,2571
21060904138,21060904135,-3,1242,2704
21064759290,21064759288,-2,837,1585
21070978126,21070978123,-3,1087,2009
21071139527,21071139542,15,222,1143
21073312410,21073312409,-1,1073,2403
21075397541,21075397539,-2,940,1924
21083485234,21083485232,-2,1180,1643
21083809222,21083809219,-3,2100,4460
21084748683,21084748680,-3,1171,2705
21088251449,21088251449,0,1198,2114
21090047541,21090047538,-3,1580,2654
21094011454,21094011455,1,1282,1862
21094263222,21094263218,-4,1412,2676
21094892974,21094892970,-4,1142,2680
21102609460,21102609466,6,4092,1498
21103090084,21103090080,-4,1093,3901
21103852642,21103852644,2,1028,798
21110385201,21110385197,-4,1720,2449
21113664251,21113664249,-2,1008,2015
21117549222,21117549218,-4,733,2244
21124647417,21124647414,-3,1051,2395
21129458895,21129458891,-4,839,2618
21133379944,21133379942,-2,1408,2771
21136812182,21136812182,0,954,1860
21143648407,21143648405,-2,831,2086
21150183058,21150183053,-5,1716,5539
21153357753,21153357750,-3,1248,1772
21154200653,21154200646,-7,1144,1701
21155630129,21155630130,1,909,1497
21156950242,21156950237,-5,810,1853
21158946746,21158946739,-7,747,1911
21161102918,21161102914,-4,1667,2968
21168294646,21168294643,-3,1199,1404
21172617190,21172617189,-1,1325,3065
21174735170,21174735167,-3,1042,2322
21175454735,21175454718,-17,1045,2622
21177484758,21177484756,-2,844,1916
21177686651,21177686650,-1,910,1128
21179034610,21179034609,-1,1381,2317
21182842406,21182842405,-1,1190,2280
21184894859,21184894855,-4,1579,3976
21189578759,21189578757,-2,1083,2141
21192549426,21192549423,-3,1046,1732
21198288801,21198288806,5,2189,1327
21204542254,21204542251,-3,1210,2099
21205050027,21205050023,-4,990,2029
21208815086,21208815084,-2,1508,2731
21217975510,21217975507,-3,1040,2714
21219936597,21219936595,-2,1318,1736
21232703403,21232703401,-2,1216,2268
21233994101,21233994095,-6,1291,2607
21240247958,21240247955,-3,1448,2336
21242521895,21242521892,-3,1075,2512
21242803239,21242803236,-3,1180,2121
21243665743,21243665740,-3,1191,1939
21245213979,21245213976,-3,1596,2317
21245454817,21245454815,-2,1222,1915
21246478891,21246478891,0,1182,2062
21246780809,21246780808,-1,1583,1584
21251206307,21251206305,-2,1298,3548
21253398403,21253398402,-1,1378,2474
21254429398,21254429403,5,2569,1645
21254472038,21254472037,-1,1083,2014
21255395942,21255395942,0,3350,3390
21257116479,21257116478,-1,1459,1881
21260769102,21260769110,8,4527,1525
21262095891,21262095891,0,701,1333
21263593466,21263593466,0,1476,1636
21264422922,21264422917,-5,1236,2414
21264871111,21264871107,-4,17392,47735
21266770642,21266770639,-3,1592,3221
21274240339,21274240337,-2,878,2018
21278437583,21278437581,-2,1360,3231
21281432730,21281432727,-3,862,2098
21284248257,21284248253,-4,973,2157
21285622882,21285622881,-1,34546,20945
21286961159,21286961158,-1,953,1887
21290020923,21290020922,-1,985,2456
21297470333,21297470331,-2,1470,2194
21298268202,21298268198,-4,1409,4300
21298480620,21298480641,21,794,2424
21298550070,21298550070,0,1696,2552
21300383688,21300383686,-2,1773,2887
21300750014,21300750011,-3,1231,2431
21305976919,21305976915,-4,990,3756
21306902790,21306902786,-4,971,1304
21307178870,21307178865,-5,1504,5062
21308581966,21308581962,-4,1396,2265
21309788088,21309788086,-2,904,1722
21311015405,21311015399,-6,1358,3826
21311565132,21311565129,-3,871,1758
21313809099,21313809097,-2,1318,2357
21313956290,21313956289,-1,815,2609
21314679381,21314679397,16,309,528
21315761218,21315761212,-6,1664,5675
21315942871,21315942889,18,912,1193
21318638934,21318638931,-3,1170,1887
21321272274,21321272273,-1,1413,1867
21324260884,21324260884,0,2352,2548
21324453320,21324453321,1,1776,1568
21324575587,21324575583,-4,756,2623
21324784086,21324784082,-4,1483,2521
21330548478,21330548476,-2,1053,1920
21330910450,21330910447,-3,1384,2137
21331551321,21331551318,-3,1135,2516
21331821641,21331821639,-2,1807,2861
21333971510,21333971509,-1,1659,2693
21338257078,21338257074,-4,958,2320
21340563221,21340563226,5,2330,1500
21343065543,21343065540,-3,1014,1952
21343966976,21343966960,-16,561,274
21346481635,21346481641,6,3325,1581
21348738921,21348738921,0,1495,2105
21351333314,21351333310,-4,951,2523
21358591953,21358591951,-2,1255,2105
21358828811,21358828817,6,3468,1303
21364320385,21364320383,-2,1362,2209
21369737210,21369737205,-5,938,2715
21371200855,21371200853,-2,1432,1994
21379176978,21379176978,0,1389,1853
21380223750,21380223746,-4,1283,2701
21380370822,21380370822,0,1104,1369
21381953338,21381953335,-3,976,2831
21387221594,21387221590,-4,1061,1909
21387346413,21387346426,13,345,858
21389098602,21389098600,-2,1376,1870
21390923733,21390923751,18,837,2521
21403125541,21403125537,-4,1341,2124
21405005674,21405005672,-2,1593,1586
21406811026,21406811025,-1,1351,2366
21406849358,21406849358,0,1443,1930
21408387620,21408387616,-4,997,2304
21411907903,21411907900,-3,767,2121
21413820519,21413820518,-1,1416,2671
21417826932,21417826928,-4,1201,2427
21425125567,21425125566,-1,1185,1373
21437867874,21437867872,-2,1685,2978
21440581290,21440581292,2,1472,1752
21441601670,21441601668,-2,1335,1951
21442593421,21442593419,-2,1268,2147
21443080642,21443080639,-3,1087,1792
21445689914,21445689909,-5,1947,5967
21445749542,21445749542,0,29185,34548
21447503570,21447503569,-1,1815,2372
21450826270,21450826267,-3,549,2350
21453157067,21453157061,-6,1088,2792
21454502272,21454502269,-3,963,1620
21458745870,21458745869,-1,986,1794
21462556569,21462556568,-1,1422,2230
21464693358,21464693354,-4,1025,1519
21468303686,21468303682,-4,1242,2594
21478832647,21478832642,-5,967,2391
21480415987,21480415986,-1,918,2737
21483943577,21483943575,-2,1125,1790
21486136553,21486136549,-4,1013,2679
21492666150,21492666145,-5,985,2187
21494717871,21494717866,-5,1275,2309
21498092545,21498092542,-3,1157,2439
21498391992,21498392011,19,513,1304
21499618857,21499618857,0,1124,1951
21501552426,21501552425,-1,1307,2520
21504346442,21504346449,7,2506,1336
21505640588,21505640593,5,1661,911
21507577739,21507577739,0,893,1617
21511357979,21511357977,-2,1071,2907
21511492678,21511492677,-1,1249,3044
21511819355,21511819351,-4,1306,2586
21517710327,21517710325,-2,914,1746
21520289422,21520289422,0,1276,2885
21524911874,21524911882,8,1245,1052
21527593321,21527593319,-2,1767,3439
21529556035,21529556031,-4,1298,1908
21531141919,21531141918,-1,22340,21509
21533598476,21533598470,-6,678,2394
21539107986,21539107984,-2,926,2590
21541841673,21541841670,-3,913,2208
21542821515,21542821522,7,5737,1672
21543282597,21543282597,0,1657,2161
21545323561,21545323562,1,1813,2096
21550460390,21550460389,-1,773,2064
21553474000,21553473998,-2,1490,2145
21560618509,21560618507,-2,900,1392
21563598410,21563598407,-3,1116,2503
21563815185,21563815181,-4,1412,2936
21565741159,21565741156,-3,1439,2096
21569118070,21569118069,-1,1400,2037
21571726660,21571726662,2,1875,1456
21573411369,21573411365,-4,917,1634
21575200879,21575200877,-2,1962,3046
21577129718,21577129715,-3,1641,3333
21577396332,21577396330,-2,1112,1820
21579119587,21579119586,-1,1219,2192
21583923375,21583923373,-2,1358,2302
21586492813,21586492810,-3,1433,2374
21593546501,21593546496,-5,670,2294
21593600782,21593600779,-3,1052,1856
21594499505,21594499501,-4,1233,1722
21596397846,21596397843,-3,1385,2348
21597016653,21597016660,7,10125,40112
21601343164,21601343180,16,1366,1517
21601827622,21601827621,-1,600,1284
21603043295,21603043294,-1,1316,1846
21610867727,21610867726,-1,777,1541
21615372194,21615372193,-1,861,1925
21615782547,21615782544,-3,849,1865
21620044641,21620044639,-2,1172,1886
21621034473,21621034470,-3,1597,2998
21621942685,21621942682,-3,1003,2005
21628287215,21628287213,-2,922,1852
21629618517,21629618538,21,914,3214
21633608429,21633608433,4,1777,1692
21634690344,21634690340,-4,1029,2339
21636023444,21636023440,-4,1118,2205
21636591634,21636591631,-3,1163,2217
21641272751,21641272747,-4,548,1693
21642519399,21642519394,-5,850,2059
21648911642,21648911635,-7,883,3804
21654738954,21654738953,-1,1363,3235
21656271469,21656271470,1,2971,2160
21658668494,21658668499,5,2148,965
21658880450,21658880452,2,1618,1761
21663938182,21663938179,-3,1331,2351
21664444707,21664444705,-2,1349,2514
21666111072,21666111069,-3,1314,1530
21669500319,21669500317,-2,1156,1845
21671139607,21671139605,-2,844,2183
21671820122,21671820121,-1,1269,2095
21671993616,21671993635,19,1283,2587
21674052594,21674052591,-3,911,2172
21680308411,21680308422,11,586,1579
21688630783,21688630791,8,4288,1756
21690058946,21690058945,-1,759,1767
21690917582,21690917586,4,4565,3499
21694360183,21694360195,12,1104,1290
21695615509,21695615505,-4,1195,1892
21698117133,21698117130,-3,1684,2479
21699001174,21699001170,-4,1980,3524
21700638567,21700638566,-1,1741,2074
21701738946,21701738942,-4,924,2132
21702561530,21702561538,8,9616,38436
21706366630,21706366627,-3,1255,2129
21707469003,21707468998,-5,603,1941
21716244341,21716244342,1,1450,1049
21719118210,21719118206,-4,883,2883
21720597225,21720597224,-1,1162,2166
21721251397,21721251395,-2,1432,2344
21721294149,21721294145,-4,1414,2651
21726618137,21726618124,-13,1336,520
21727709062,21727709059,-3,1763,2510
21729415577,21729415574,-3,1090,1546
21735007458,21735007455,-3,972,2084
21736307700,21736307686,-14,199,1358
21738841201,21738841200,-1,1292,2653
21741091280,21741091278,-2,1068,1970
21741389000,21741389017,17,665,1250
21741816484,21741816481,-3,1585,3028
21742207112,21742207108,-4,21936,16758
21744259361,21744259360,-1,1586,2205
21745192863,21745192861,-2,1462,2337
21746670746,21746670744,-2,1327,2502
21750580718,21750580714,-4,1231,2438
21754892423,21754892420,-3,1387,2449
21755364524,21755364524,0,946,2317
21757761884,21757761891,7,3635,1356
21762863639,21762863638,-1,1595,2276
21766494166,21766494166,0,844,1592
21766922978,21766922974,-4,1201,3201
21773083125,21773083122,-3,1123,2556
21780736088,21780736087,-1,1024,1938
21784849010,21784849008,-2,957,2061
21788100151,21788100146,-5,1365,3013
21789145261,21789145258,-3,1322,2889
21789470045,21789470042,-3,1023,1847
21790607593,21790607591,-2,1170,2152
21793251360,21793251358,-2,1254,1939
21794644489,21794644486,-3,803,1677
21796863144,21796863151,7,12179,19677
21797619247,21797619246,-1,1106,2483
21799574475,21799574470,-5,1769,2815
21801629074,21801629071,-3,861,2658
21802715549,21802715547,-2,1077,1806
21803733730,21803733728,-2,1366,2326
21805308775,21805308773,-2,349,915
21811499522,21811499520,-2,1469,2083
21811959333,21811959351,18,1163,1909
21816362638,21816362636,-2,985,2895
21816723767,21816723754,-13,200,897
21817652719,21817652717,-2,1001,2366
21822125162,21822125161,-1,922,1967
21833657522,21833657518,-4,1168,2823
21833873866,21833873863,-3,930,3214
21835340211,21835340218,7,3637,1335
21836542157,21836542154,-3,911,2222
21844781445,21844781443,-2,1431,2357
21845270234,21845270232,-2,1304,2302
21846385893,21846385890,-3,1203,1841
21847125082,21847125081,-1,1236,1995
21847262639,21847262635,-4,968,1887
21849518646,21849518642,-4,864,1832
21851220154,21851220150,-4,1156,1839
21852678578,21852678585,7,2655,669
21855643543,21855643540,-3,1148,2362
21857211679,21857211675,-4,1178,1331
21858022034,21858022037,3,1969,1734
21859600879,21859600877,-2,992,1467
21860659465,21860659465,0,1324,1704
21863841806,21863841807,1,1519,1841
21864214883,21864214882,-1,1052,1864
21867073815,21867073807,-8,550,5440
21875607614,21875607612,-2,701,2364
21875902802,21875902798,-4,1252,1805
21876523052,21876523055,3,2704,1630
21877612701,21877612701,0,1823,2871
21878214135,21878214134,-1,1186,1195
21881622849,21881622847,-2,1257,1857
21882202054,21882202052,-2,1018,2414
21882731927,21882731908,-19,1410,2990
21883390457,21883390450,-7,1882,5942
21886556491,21886556489,-2,1441,1746
21887583807,21887583805,-2,1286,2220
21888949565,21888949562,-3,1359,2175
21889296064,21889296063,-1,1478,1994
21892424429,21892424451,22,1452,1686
21894074816,21894074813,-3,1091,2556
21894638615,21894638609,-6,819,1893
21899050664,21899050660,-4,634,1027
21912319675,21912319674,-1,1206,1845
21912825086,21912825085,-1,1313,2291
21913669918,21913669918,0,1740,1406
21914611797,21914611797,0,1223,2299
21919237652,21919237648,-4,777,1414
21920316288,21920316285,-3,1197,2330
21928097035,21928097030,-5,817,1211
21930679641,21930679641,0,16359,9552
21933807770,21933807766,-4,985,2209
21936643831,21936643839,8,3237,1032
21938653178,21938653176,-2,1305,2160
21941616564,21941616561,-3,1168,2175
21942287547,21942287545,-2,954,1647
21944323602,21944323599,-3,649,1650
21947160750,21947160748,-2,988,1586
21948836882,21948836879,-3,1217,2095
21958796161,21958796160,-1,1073,1778
21967974150,21967974146,-4,834,2283
21971672938,21971672935,-3,1487,2125
21973621266,21973621265,-1,913,2319
21973736870,21973736861,-9,1452,1635
21977165344,21977165343,-1,1126,2256
21979737043,21979737038,-5,760,1916
21983309122,21983309117,-5,2094,3724
21991723914,21991723914,0,954,2243
21992955425,21992955423,-2,1161,1637
22000277918,22000277927,9,1277,575
22004026348,22004026343,-5,919,1187
22009301703,22009301698,-5,1148,3139
22009783846,22009783842,-4,1031,2282
22014888046,22014888043,-3,1109,1981
22017065846,22017065858,12,12209,25657
22018774722,22018774721,-1,953,2837
22019761534,22019761533,-1,1623,1816
22020103280,22020103277,-3,1209,2646
22021135145,22021135141,-4,1283,2287
22024877450,22024877445,-5,1117,2652
22032056493,22032056490,-3,1246,2996
22038329678,22038329677,-1,1070,1973
22038596853,22038596850,-3,1142,2626
22043945374,22043945366,-8,1206,3744
22044682974,22044682973,-1,885,1458
22048898914,22048898911,-3,828,2423
22051703146,22051703142,-4,1510,2062
22053717023,22053717020,-3,1087,2031
22057345394,22057345393,-1,951,2441
22057864737,22057864734,-3,813,1646
22065838323,22065838321,-2,1089,1611
22069193002,22069193000,-2,1022,1465
22075808431,22075808429,-2,912,2697
22078305022,22078305019,-3,1654,2830
22080673707,22080673702,-5,998,3131
22089794143,22089794144,1,977,1460
22090238908,22090238905,-3,5984,14467
22094311354,22094311350,-4,926,1426
22095425889,22095425885,-4,1132,2806
22096514567,22096514564,-3,1508,2324
22097577913,22097577911,-2,1037,1694
22098476546,22098476542,-4,850,1752
22100414791,22100414789,-2,1415,2646
22103540809,22103540806,-3,854,2043
22105525857,22105525856,-1,969,1207
22107218293,22107218298,5,4196,1941
22109126840,22109126835,-5,1297,2340
22111995851,22111995849,-2,705,1990
22114469578,22114469591,13,14575,35826
22115856596,22115856592,-4,978,3155
22132067173,22132067172,-1,1207,2033
22134275913,22134275913,0,828,1119
22136766199,22136766206,7,6331,4600
22139828522,22139828521,-1,1312,2349
22140487087,22140487086,-1,1827,3051
22142474203,22142474222,19,875,1801
22142687997,22142687996,-1,1324,2046
22144121037,22144121039,2,1916,1431
22145252881,22145252862,-19,538,394
22145722917,22145722914,-3,525,1081
22148661323,22148661319,-4,1257,2549
22149487854,22149487854,0,942,2400
22150221766,22150221762,-4,1013,1708
22156154015,22156154011,-4,1131,2683
22156336694,22156336686,-8,2499,6079
22163875234,22163875230,-4,906,1274
22164721033,22164721027,-6,860,1585
22165504703,22165504702,-1,661,1789
22170015979,22170015978,-1,850,1689
22170111134,22170111132,-2,1295,1492
22170866714,22170866713,-1,1318,2280
22171518695,22171518695,0,1087,2045
22174043293,22174043289,-4,912,2731
22177612617,22177612615,-2,1234,2177
22178665910,22178665908,-2,823,2165
22180634078,22180634073,-5,813,2015
22181434078,22181434075,-3,1694,4284
22185328694,22185328692,-2,1137,2052
22185843856,22185843871,15,1001,2860
22186684126,22186684123,-3,652,1582
22186720440,22186720458,18,1075,2290
22188334833,22188334831,-2,1227,2416
22188906064,22188906061,-3,1311,1672
22190701476,22190701470,-6,331,1240
22192020078,22192020078,0,827,2150
22192144406,22192144404,-2,1504,2989
22192247411,22192247414,3,3807,2380
22197159603,22197159600,-3,1210,2207
22201068796,22201068793,-3,1152,2084
22203535845,22203535841,-4,1173,2218
22204174866,22204174863,-3,1153,2394
22206446094,22206446094,0,2619,3039
22208442034,22208442031,-3,951,2366
22209163927,22209163927,0,286,854
22210222686,22210222685,-1,670,1656
22210847426,22210847424,-2,1083,1923
22211389846,22211389845,-1,1199,2499
22213079960,22213079957,-3,1401,2589
22214319982,22214319980,-2,749,2205
22215428091,22215428091,0,1069,1358
22216104927,22216104925,-2,1079,1781
22218391441,22218391438,-3,1316,2560
22219772729,22219772727,-2,911,1206
22223966693,22223966690,-3,1376,2624
22232501526,22232501531,5,44544,29256
22234941433,22234941430,-3,1203,2123
22237255048,22237255046,-2,859,1815
22237709791,22237709785,-6,1023,3860
22241092071,22241092068,-3,585,1902
22243143349,22243143354,5,3422,2296
22249412154,22249412150,-4,671,1371
22252343314,22252343314,0,1327,1884
22256928407,22256928406,-1,1491,2424
22257798524,22257798511,-13,1040,1835
22260916410,22260916408,-2,836,1338
22262846006,22262846004,-2,1049,1649
22263681855,22263681865,10,329,905
22264236590,22264236589,-1,1066,1509
22265371238,22265371234,-4,1417,2130
22266146899,22266146898,-1,951,2056
22274393598,22274393590,-8,939,1488
22277851975,22277851977,2,1189,1362
22278742111,22278742125,14,135,3313
22279529695,22279529693,-2,1492,2012
22289387123,22289387122,-1,693,1437
22299332844,22299332842,-2,1319,3303
22302768133,22302768132,-1,768,1397
22303199299,22303199297,-2,980,1610
22304142346,22304142345,-1,1047,2066
22309347731,22309347728,-3,1260,1590
22310020228,22310020211,-17,1886,28161
22312359693,22312359689,-4,1212,2933
22313171351,22313171351,0,809,1406
22313946871,22313946865,-6,1859,7867
22316501663,22316501660,-3,1210,1757
22318297008,22318297024,16,15343,19845
22320992079,22320992077,-2,905,1192
22324767366,22324767362,-4,1122,1343
22331727415,22331727408,-7,1605,3789
22337346107,22337346110,3,924,1210
22338518621,22338518619,-2,734,1667
22341314759,22341314756,-3,1081,2040
22348808281,22348808279,-2,888,2501
22350671222,22350671221,-1,881,1148
22353745084,22353745090,6,5508,2440
22359292253,22359292250,-3,1277,2686
22360056054,22360056044,-10,1253,2846
22360409929,22360409936,7,2940,1594
22360777819,22360777825,6,1520,1202
22369383235,22369383232,-3,998,1639
22370412937,22370412933,-4,1326,1937
22370445778,22370445774,-4,1506,1909
22374032503,22374032499,-4,1020,2013
22381347745,22381347744,-1,912,2059
22383443310,22383443310,0,882,1551
22383779881,22383779881,0,1364,2339
22384091679,22384091676,-3,617,2348
22387158007,22387158000,-7,944,3715
22387297902,22387297898,-4,1139,2955
22388954622,22388954621,-1,1155,1804
22389459734,22389459733,-1,900,1842
22390396526,22390396546,20,746,1705
22391373358,22391373354,-4,776,1695
22392204807,22392204805,-2,1314,2399
22398384586,22398384583,-3,1021,2470
22398887307,22398887305,-2,1678,2280
22409108037,22409108027,-10,14302,29791
22410882703,22410882704,1,1535,1971
22411529194,22411529190,-4,1527,2626
22411663361,22411663358,-3,1011,2215
22411746283,22411746279,-4,1153,2012
22415411282,22415411280,-2,1095,2028
22416924106,22416924102,-4,955,1911
22423057565,22423057560,-5,1149,2196
22423559109,22423559106,-3,1135,2055
22423611782,22423611780,-2,1348,2412
22430424387,22430424383,-4,1975,4021
22431664543,22431664541,-2,1023,2143
22432143900,22432143898,-2,1396,2730
22443613386,22443613383,-3,1259,3240
22446691309,22446691307,-2,1217,2700
22448089384,22448089383,-1,1414,1810
22452106317,22452106315,-2,962,1794
22457191369,22457191365,-4,1454,2786
22457818312,22457818312,0,2571,1932
22462144197,22462144194,-3,1663,2004
22462991288,22462991286,-2,1702,2835
22466548179,22466548178,-1,1335,1862
22467823998,22467823993,-5,2001,4390
22470657683,22470657688,5,3507,2468
22472230165,22472230186,21,803,1306
22472684909,22472684905,-4,1019,2168
22476226320,22476226318,-2,869,2576
22480015458,22480015455,-3,1013,1552
22480841450,22480841446,-4,903,2330
22482071483,22482071481,-2,1860,2573
22484023086,22484023086,0,1691,1934
22484192175,22484192173,-2,1008,2708
22484310043,22484310040,-3,721,1610
22491880042,22491880037,-5,1029,2206
22502849299,22502849298,-1,763,1414
22503341759,22503341757,-2,835,1420
22504985135,22504985132,-3,1163,2351
22506764702,22506764697,-5,892,2420
22509121098,22509121097,-1,1179,2721
22510445996,22510445993,-3,895,1867
22512482687,22512482685,-2,1045,1242
22512539170,22512539166,-4,1161,2227
22514943183,22514943178,-5,846,2217
22516267257,22516267254,-3,1067,2652
22519531726,22519531723,-3,1174,2454
22520521821,22520521818,-3,1675,2226
22520749243,22520749241,-2,1077,1808
22521443570,22521443569,-1,1210,2192
22526752920,22526752916,-4,1301,2805
22527212888,22527212885,-3,797,1807
22530878182,22530878180,-2,1245,1645
22533027850,22533027847,-3,768,2498
22536181657,22536181654,-3,1298,2272
22536449058,22536449056,-2,1282,2043
22537414751,22537414747,-4,1305,2009
22540932519,22540932519,0,799,1193
22543112882,22543112879,-3,1202,2431
22544854751,22544854749,-2,1658,2003
22547385066,22547385061,-5,1417,3573
22548974900,22548974887,-13,4646,37008
22558920889,22558920907,18,582,2118
22562608239,22562608237,-2,952,2829
22562957370,22562957370,0,743,1340
22566688662,22566688661,-1,1171,2414
22568512999,22568512994,-5,1262,2363
22570630438,22570630434,-4,1012,1989
22571091888,22571091902,14,244,1671
22573541486,22573541482,-4,1090,2034
22573638954,22573638953,-1,1069,2087
22581475568,22581475565,-3,1147,1949
22586380212,22586380196,-16,926,2074
22588976448,22588976454,6,3835,1796
22594979167,22594979164,-3,693,1894
22596551402,22596551401,-1,882,1804
22599030843,22599030839,-4,724,1414
22599765987,22599765984,-3,969,2144
22603810752,22603810749,-3,1053,2488
22604752599,22604752597,-2,1177,1994
22607425999,22607425997,-2,906,2443
22610953541,22610953542,1,2430,2207
22614822705,22614822703,-2,1218,2290
22615110830,22615110825,-5,1204,4288
22616118335,22616118331,-4,863,2429
22616580731,22616580730,-1,908,1897
22620901829,22620901826,-3,1271,2557
22626057243,22626057241,-2,1403,2663
22628626121,22628626118,-3,1127,1265
22634243406,22634243404,-2,1477,2821
22636724042,22636724040,-2,1204,2564
22641278418,22641278414,-4,953,2192
22643211399,22643211398,-1,1072,1495
22649276526,22649276524,-2,658,2131
22650909554,22650909557,3,1466,1509
22651085210,22651085213,3,1653,1924
22651174764,22651174763,-1,1189,2109
22653613335,22653613333,-2,1238,1847
22655677723,22655677725,2,1579,2616
22657202195,22657202191,-4,1228,3101
22658429790,22658429787,-3,2083,4357
22658552447,22658552443,-4,1055,2760
22660012663,22660012660,-3,951,3420
22662527109,22662527107,-2,744,2147
22663307830,22663307826,-4,1044,2465
22667845070,22667845066,-4,978,2148
22668114269,22668114266,-3,205,618
22670164215,22670164212,-3,926,1592
22674244617,22674244614,-3,3433,5834
22674919075,22674919077,2,1514,1424
22678928167,22678928164,-3,1580,2201
22681604876,22681604874,-2,1040,2663
22683874160,22683874173,13,669,3782
22684673984,22684673978,-6,1377,6076
22685710040,22685710033,-7,882,2949
22686643617,22686643613,-4,1133,2876
22688936760,22688936765,5,4124,2756
22697074292,22697074298,6,4293,1449
22698208164,22698208162,-2,712,1721
22700444127,22700444126,-1,728,1919
22704882739,22704882736,-3,755,2159
22713224338,22713224334,-4,1160,2756
22714315616,22714315622,6,5713,2130
22716154026,22716154025,-1,1009,2461
22719150638,22719150636,-2,1748,2524
22720468570,22720468567,-3,1258,2873
22722318317,22722318337,20,1074,2592
22725352371,22725352369,-2,1069,2449
22726514250,22726514253,3,2724,1906
22728879472,22728879469,-3,1214,3194
22734574606,22734574605,-1,849,2334
22737561404,22737561404,0,3051,3716
22738804153,22738804150,-3,984,976
22739864642,22739864641,-1,677,2710
22743052484,22743052482,-2,1131,2574
22745192109,22745192109,0,862,1491
22750402060,22750402057,-3,1167,2212
22750653848,22750653863,15,975,1996
22756648387,22756648390,3,1748,1399
22760709401,22760709395,-6,994,2523
22763174339,22763174336,-3,1149,2309
22763354029,22763354033,4,1368,1427
22764554361,22764554374,13,13126,38812
22766044328,22766044325,-3,1279,2537
22766128352,22766128359,7,335,1700
22769598261,22769598282,21,494,2237
22773095209,22773095208,-1,1279,2047
22775574014,22775574010,-4,878,3171
22779325059,22779325057,-2,1268,2762
22784460179,22784460174,-5,1156,2902
22785269369,22785269365,-4,917,2787
22787713737,22787713742,5,11013,26533
22787833622,22787833639,17,1072,2193
22789304902,22789304901,-1,1330,2118
22795021344,22795021341,-3,942,2412
22796306149,22796306147,-2,1016,1720
22796643629,22796643629,0,891,1498
22798695034,22798695034,0,965,1795
22808439338,22808439334,-4,947,1965
22812863108,22812863104,-4,1099,2493
22815352896,22815352894,-2,1133,1665
22818697177,22818697174,-3,1141,2316
22820410279,22820410276,-3,1323,2577
22822374922,22822374920,-2,781,2125
22822782798,22822782796,-2,1160,2174
22824177463,22824177464,1,1585,1549
22824227998,22824227997,-1,1013,1907
22824260439,22824260438,-1,2034,1753
22825335123,22825335121,-2,688,1417
22836194382,22836194378,-4,741,2413
22837812150,22837812150,0,1217,2248
22843495230,22843495229,-1,1331,2349
22852458635,22852458634,-1,1075,1297
22855810307,22855810305,-2,907,2097
22856281106,22856281103,-3,1013,1582
22857823174,22857823171,-3,1303,2235
22861645143,22861645138,-5,957,2073
22867088322,22867088318,-4,944,1488
22869247762,22869247767,5,1800,1582
22874638286,22874638286,0,2716,3440
22875007750,22875007747,-3,824,1800
22878114835,22878114833,-2,813,1837
22883838293,22883838290,-3,1306,2714
22887825805,22887825801,-4,1528,3438
22889908590,22889908597,7,5477,2172
22890793969,22890793966,-3,1257,2265
22892786968,22892786963,-5,1070,2366
22893179106,22893179104,-2,1397,2770
22895348254,22895348252,-2,1141,2299
22898124463,22898124467,4,2813,1925
22899957472,22899957467,-5,373,1321
22901515709,22901515706,-3,1098,2473
22902248674,22902248670,-4,953,2364
22905756610,22905756607,-3,1394,3298
22905811724,22905811721,-3,1053,2336
22906995215,22906995213,-2,1323,1782
22912446934,22912446935,1,832,1447
22921747380,22921747378,-2,1412,2419
22927242501,22927242498,-3,21637,12507
22927934353,22927934350,-3,660,2604
22937906616,22937906615,-1,1316,1341
22943779761,22943779758,-3,1594,2414
22945403095,22945403094,-1,1058,2575
22947558153,22947558154,1,1561,1538
22950856906,22950856902,-4,901,1562
22953673119,22953673115,-4,817,2632
22953763097,22953763094,-3,1411,1638
22955403000,22955402997,-3,1156,1947
22957774720,22957774719,-1,1651,1887
22960645517,22960645515,-2,856,930
22961977725,22961977721,-4,1083,1738
22962594474,22962594471,-3,1267,2039
22966737318,22966737317,-1,1135,2437
22982148381,22982148379,-2,1271,2618
22987570869,22987570868,-1,1284,1846
22990211663,22990211661,-2,1010,2702
22994580138,22994580133,-5,714,5319
22995673005,22995673008,3,14449,19576
22996259985,22996259981,-4,1493,2373
22997951813,22997951808,-5,730,2383
23000012127,23000012107,-20,538,778
23000617866,23000617863,-3,1264,2476
23001867151,23001867146,-5,1042,2436
23002844670,23002844668,-2,989,2345
23004169218,23004169215,-3,823,1302
23005043566,23005043562,-4,875,2726
23008116993,23008116989,-4,1261,2429
23011562806,23011562805,-1,1302,2116
23017263887,23017263885,-2,929,2007
23019423307,23019423285,-22,2848,1336
23022649380,23022649378,-2,1383,2273
23023574013,23023574010,-3,1602,1924
23024664426,23024664422,-4,703,1811
23025068961,23025068955,-6,1459,2654
23025175336,23025175335,-1,1382,1578
23029177301,23029177298,-3,1060,2039
23031788671,23031788669,-2,1166,1988
23038213987,23038213982,-5,785,3754
23039109755,23039109751,-4,857,3079
23041871909,23041871909,0,1840,2000
23042914303,23042914300,-3,766,2299
23044090461,23044090456,-5,1225,2355
23044922434,23044922434,0,1294,1582
23045286850,23045286848,-2,996,2087
23050848768,23050848765,-3,991,2065
23054016114,23054016113,-1,1202,1535
23066973122,23066973118,-4,1157,2575
23069997759,23069997754,-5,926,1841
23079471539,23079471535,-4,1112,2200
23080641467,23080641465,-2,1224,1555
23082564393,23082564391,-2,1708,2791
23086954190,23086954187,-3,989,1479
23087178526,23087178522,-4,1017,2501
23089745937,23089745933,-4,1611,3948
23096624769,23096624766,-3,1108,1946
23096851167,23096851163,-4,1348,2657
23100822817,23100822814,-3,887,2245
23100968965,23100968963,-2,1629,2854
23103820435,23103820433,-2,1015,1662
23105165848,23105165863,15,1332,2672
23107542195,23107542194,-1,1104,2087
23113788789,23113788786,-3,939,1748
23114759883,23114759881,-2,993,1544
23117118377,23117118397,20,966,2645
23120770990,23120770979,-11,12481,26165
23121185123,23121185121,-2,1626,2587
23121474785,23121474784,-1,2018,2109
23122588721,23122588717,-4,1013,1480
23123776782,23123776778,-4,968,2575
23126927050,23126927050,0,1007,1383
23128601580,23128601577,-3,1156,2592
23133175071,23133175069,-2,1159,2113
23137223578,23137223573,-5,1442,1971
23140782829,23140782827,-2,1098,1940
23140879623,23140879607,-16,1259,2794
23141322445,23141322443,-2,780,1413
23142668118,23142668115,-3,964,1969
23143275654,23143275649,-5,1638,5538
23145119527,23145119530,3,2637,2381
23145988974,23145988973,-1,1255,2028
23149656899,23149656897,-2,1049,2197
23151426210,23151426206,-4,1051,1819
23153852761,23153852760,-1,29344,18805
23154818085,23154818081,-4,1511,2299
23156745494,23156745490,-4,1104,1846
23159284929,23159284926,-3,925,1889
23160594002,23160593998,-4,1273,1622
23165082773,23165082770,-3,1406,2281
23172993786,23172993786,0,1091,2071
23173402546,23173402551,5,3006,1352
23176211229,23176211227,-2,1361,2372
23179996333,23179996330,-3,930,2849
23185056830,23185056829,-1,570,1377
23187047944,23187047942,-2,720,1077
23187704574,23187704568,-6,885,1936
23189283013,23189283006,-7,913,2078
23189530912,23189530922,10,177,3630
23193212553,23193212551,-2,1363,3132
23197197209,23197197205,-4,1077,2704
23197526097,23197526098,1,1250,2290
23198640366,23198640364,-2,1919,2368
23199264619,23199264622,3,2348,2303
23201704834,23201704833,-1,1638,2805
23203432699,23203432698,-1,1129,3044
23215190894,23215190894,0,978,2032
23218006323,23218006319,-4,1171,3099
23219669963,23219669957,-6,1007,3001
23220968299,23220968298,-1,949,2906
23223788375,23223788370,-5,716,1468
23227713887,23227713895,8,9536,2263
23228794366,23228794359,-7,1085,3238
23229202777,23229202776,-1,1244,2141
23229296398,23229296412,14,722,2831
23229755442,23229755442,0,870,1955
23230943683,23230943678,-5,1110,1900
23231094747,23231094746,-1,949,2618
23236912395,23236912392,-3,1248,2389
23237739925,23237739925,0,931,2171
23237889549,23237889545,-4,1033,2668
23239980941,23239980937,-4,1234,2573
23241793843,23241793838,-5,1211,1506
23242032370,23242032369,-1,1007,2329
23244676108,23244676105,-3,1463,3030
23246141522,23246141521,-1,1063,1804
23247649883,23247649878,-5,1102,1635
23257703555,23257703553,-2,1319,3117
23262273106,23262273105,-1,1173,2367
23262585515,23262585514,-1,761,1655
23267339965,23267339963,-2,1339,2278
23267517109,23267517125,16,564,768
23271826075,23271826070,-5,1035,3239
23271967406,23271967400,-6,1125,2076
23272172097,23272172097,0,2163,2954
23279363318,23279363314,-4,897,2945
23283200352,23283200332,-20,1425,394
23292159896,23292159895,-1,546,1773
23294385855,23294385853,-2,1290,2197
23297536240,23297536241,1,1696,1778
23301156630,23301156628,-2,1149,2242
23303127743,23303127740,-3,988,2288
23303932371,23303932368,-3,1436,2173
23309248681,23309248679,-2,1061,1527
23309435900,23309435922,22,612,2171
23314449730,23314449726,-4,1393,2595
23315575895,23315575894,-1,812,2749
23318803686,23318803684,-2,1315,2045
23320161778,23320161777,-1,1255,1890
23320252689,23320252683,-6,556,2138
23321351911,23321351904,-7,1177,2766
23329350134,23329350133,-1,1013,1982
23332925563,23332925562,-1,1380,2323
23334849180,23334849161,-19,145,1782
23339662786,23339662783,-3,799,1382
23341332389,23341332387,-2,576,1766
23343043082,23343043079,-3,1000,1802
23345103129,23345103134,5,2229,1231
23345270267,23345270266,-1,1563,1911
23348788358,23348788354,-4,811,1554
23350386987,23350386990,3,2214,1564
23351256079,23351256077,-2,1463,1932
23352129233,23352129231,-2,1212,1271
23353694444,23353694442,-2,674,1411
23356542539,23356542536,-3,894,1830
23358063838,23358063835,-3,868,1515
23360040955,23360040950,-5,1085,1940
23361404713,23361404718,5,1486,1254
23362421082,23362421077,-5,2162,5866
23367062706,23367062703,-3,1141,2380
23369144286,23369144288,2,1533,1497
23372050643,23372050640,-3,1145,1947
23372950219,23372950217,-2,1100,1775
23374438067,23374438074,7,4297,2178
23376619374,23376619372,-2,878,2356
23381199237,23381199235,-2,1063,2024
23382777675,23382777673,-2,999,1714
23384728409,23384728406,-3,1014,2443
23384989462,23384989459,-3,1079,2016
23388693654,23388693651,-3,1391,1944
23390431195,23390431193,-2,1361,2854
23393669910,23393669908,-2,916,1640
23396154415,23396154415,0,1038,2046
23399609875,23399609870,-5,1546,2945
23401772558,23401772558,0,817,2512
23404682308,23404682306,-2,746,1610
23412759034,23412759032,-2,1270,2256
23413746494,23413746487,-7,2272,7839
23415839746,23415839745,-1,948,2173
23422074581,23422074580,-1,1493,3604
23422549756,23422549749,-7,1404,5546
23429917542,23429917539,-3,1380,2562
23438057445,23438057442,-3,1436,2179
23441257207,23441257202,-5,1100,1749
23442685494,23442685490,-4,905,1583
23443405303,23443405301,-2,989,1896
23443482750,23443482745,-5,1163,2035
23444168869,23444168865,-4,1128,1879
23446305484,23446305481,-3,1291,2548
23446919668,23446919656,-12,1136,2911
23449507645,23449507642,-3,768,1611
23449905718,23449905715,-3,1054,1886
23450091135,23450091132,-3,1104,1611
23451574359,23451574357,-2,1176,2147
23458313503,23458313501,-2,1212,2384
23459058791,23459058789,-2,750,1910
23460478434,23460478430,-4,1197,1942
23460582133,23460582120,-13,298,1149
23463799013,23463799010,-3,1072,2198
23464577186,23464577183,-3,849,3012
23464984774,23464984773,-1,331,1035
23473680768,23473680766,-2,1110,2131
23478596394,23478596391,-3,33508,50073
23478761290,23478761286,-4,1426,2492
23483403787,23483403790,3,2215,1364
23484664676,23484664670,-6,997,2130
23486926498,23486926495,-3,1290,2061
23491047357,23491047354,-3,961,2118
23491174009,23491174006,-3,1126,2057
23491328060,23491328054,-6,1159,2185
23491888491,23491888494,3,2007,1258
23496549891,23496549887,-4,1454,2182
23498485416,23498485422,6,1192,983
23503604131,23503604129,-2,1105,2363
23507330737,23507330735,-2,779,1262
23507832295,23507832295,0,858,2054
23510412799,23510412797,-2,826,1850
23515108166,23515108162,-4,1106,1882
23516051874,23516051879,5,2037,1117
23516258182,23516258178,-4,1028,1806
23518267911,23518267909,-2,1222,1366
23519371211,23519371209,-2,1200,2499
23520476192,23520476209,17,1412,2026
23520664138,23520664135,-3,850,1482
23524836685,23524836682,-3,868,2475
23528492558,23528492558,0,787,1928
23530332319,23530332316,-3,1062,2329
23530451890,23530451884,-6,620,1720
23530780258,23530780255,-3,701,1932
23531040014,23531040014,0,956,1998
23534262508,23534262504,-4,931,1800
23543641204,23543641201,-3,1038,2310
23545873083,23545873082,-1,1605,3449
23552433917,23552433915,-2,1248,3326
23558223950,23558223946,-4,708,1307
23562703447,23562703446,-1,1409,2485
23563914183,23563914188,5,4018,2466
23565887287,23565887283,-4,1146,2809
23566156593,23566156588,-5,1035,2167
23570155090,23570155085,-5,1057,2712
23574504895,23574504895,0,2003,1649
23575208294,23575208290,-4,1247,2165
23575683577,23575683577,0,1245,1993
23578514950,23578514950,0,916,1538
23583957349,23583957349,0,1328,1630
23584523414,23584523413,-1,983,1975
23584878102,23584878098,-4,1167,2622
23586341377,23586341378,1,2501,1729
23587405741,23587405748,7,2410,32317
23591345698,23591345695,-3,695,1898
23597198755,23597198753,-2,1063,1439
23600346386,23600346382,-4,615,1528
23601225877,23601225873,-4,1255,2687
23610022642,23610022641,-1,1631,2349
23612475768,23612475765,-3,764,1112
23615638082,23615638082,0,1054,1723
23619065479,23619065477,-2,1296,2756
23622730703,23622730700,-3,1675,3313
23623642586,23623642585,-1,1657,2062
23624575785,23624575782,-3,1021,2045
23628439386,23628439386,0,893,1465
23628534253,23628534274,21,900,3236
23634242015,23634242012,-3,1319,2560
23643583669,23643583668,-1,1377,2792
23643673820,23643673817,-3,812,1592
23645192478,23645192477,-1,872,1744
23645642285,23645642282,-3,1424,2708
23650669606,23650669603,-3,1164,2040
23657581926,23657581923,-3,947,1774
23661718239,23661718241,2,1422,1614
23676166750,23676166746,-4,860,2133
23676518903,23676518898,-5,31,532
23679199771,23679199771,0,1450,2230
23679573519,23679573515,-4,1563,2439
23680734994,23680734993,-1,1096,2018
23685471872,23685471869,-3,981,2478
23691647279,23691647273,-6,1136,2449
23693556339,23693556339,0,903,2037
23698799366,23698799363,-3,1029,3069
23703100103,23703100102,-1,1401,2021
23703706027,23703706025,-2,1264,2650
23703955804,23703955798,-6,834,2060
23704144242,23704144241,-1,880,2121
23705321153,23705321150,-3,1202,2523
23706415546,23706415542,-4,1644,2546
23706481485,23706481482,-3,1124,2136
23711125618,23711125613,-5,2020,6595
23715151192,23715151189,-3,1002,1937
23717703249,23717703246,-3,1156,2702
23719610672,23719610670,-2,1117,2221
23721244578,23721244575,-3,1265,2587
23722955351,23722955349,-2,1093,2036
23727805867,23727805865,-2,1202,2135
23727954693,23727954689,-4,1366,2455
23729926350,23729926348,-2,1603,2844
23731619874,23731619873,-1,1130,1610
23736030930,23736030929,-1,1713,2299
23736712166,23736712162,-4,1020,1440
23736829070,23736829067,-3,1171,2090
23736932637,23736932642,5,2762,1599
23738823085,23738823081,-4,1399,2193
23739537680,23739537678,-2,1375,1789
23741990469,23741990466,-3,927,1988
23742445534,23742445533,-1,1007,2020
23743670877,23743670876,-1,1512,1503
23744738723,23744738722,-1,1012,2011
23747484503,23747484501,-2,1296,2403
23747755507,23747755508,1,948,1319
23748465046,23748465045,-1,885,1784
23749419910,23749419908,-2,1204,2550
23751611906,23751611905,-1,968,2529
23751755443,23751755442,-1,1099,2266
23754094273,23754094269,-4,1204,2387
23755047362,23755047358,-4,946,2982
23756315079,23756315078,-1,1256,1880
23756614962,23756614958,-4,1521,2779
23756857138,23756857135,-3,1103,2086
23758791794,23758791789,-5,836,2610
23759238211,23759238208,-3,1795,3718
23759903171,23759903169,-2,1203,2140
23761799789,23761799787,-2,1219,2799
23761870441,23761870436,-5,1388,1370
23763943830,23763943829,-1,994,1718
23767331075,23767331075,0,1109,1709
23769238863,23769238859,-4,1085,2438
23770242344,23770242344,0,1389,1576
23773170146,23773170143,-3,1117,2313
23774284994,23774284991,-3,959,2599
23778951841,23778951837,-4,1229,2320
23786135313,23786135311,-2,1390,2907
23790300505,23790300504,-1,1080,2620
23791411687,23791411685,-2,1203,1901
23792207775,23792207774,-1,1722,2852
23793449159,23793449159,0,1187,2238
23795964488,23795964487,-1,1329,2310
23796313521,23796313518,-3,1328,2854
23800749994,23800749993,-1,868,1526
23807261515,23807261510,-5,1503,3329
23817217120,23817217117,-3,1187,2500
23820763529,23820763529,0,1099,2742
23821794738,23821794736,-2,1081,1756
23823676574,23823676569,-5,1024,2562
23827726307,23827726309,2,1239,1377
23829945513,23829945511,-2,1405,2508
23837788810,23837788815,5,2135,1104
23838849609,23838849606,-3,1029,2074
23844734184,23844734189,5,2738,1219
23847397871,23847397870,-1,1107,2483
23850821196,23850821193,-3,1145,2660
23855461194,23855461190,-4,1328,2431
23856634838,23856634840,2,1199,2314
23858428098,23858428095,-3,1801,3140
23859370527,23859370525,-2,1476,2546
23868820509,23868820507,-2,783,2178
23872578815,23872578812,-3,1025,1982
23873019084,23873019083,-1,1189,2670
23879157479,23879157474,-5,1076,1978
23881810999,23881810998,-1,1809,2443
23895222962,23895222957,-5,995,2087
23896057705,23896057703,-2,1137,1813
23897138145,23897138143,-2,1312,2611
23897506728,23897506749,21,1357,2145
23897877219,23897877212,-7,974,3284
23900462765,23900462762,-3,1398,3045
23902333850,23902333854,4,1906,2231
23906678085,23906678082,-3,1608,2178
23914450699,23914450699,0,1057,1905
23916867322,23916867322,0,1258,1991
23917821543,23917821539,-4,627,1313
23925799697,23925799694,-3,1092,2637
23933040083,23933040082,-1,1001,2048
23937934206,23937934206,0,720,1364
23940074020,23940074017,-3,1091,1835
23946068267,23946068265,-2,1519,2758
23953613161,23953613160,-1,1297,2222
23955107821,23955107818,-3,1150,2048
23959576672,23959576666,-6,909,2118
23959954613,23959954619,6,3645,1412
23965313993,23965314005,12,12750,44817
23966241375,23966241370,-5,1273,4777
23969647959,23969647958,-1,1343,2134
23970349433,23970349430,-3,1333,2693
23971915651,23971915646,-5,708,2110
23973218946,23973218942,-4,964,2859
23974387479,23974387499,20,787,1219
23975918140,23975918137,-3,913,2367
23977261089,23977261086,-3,841,2027
23980118426,23980118422,-4,1012,1894
23980802923,23980802926,3,1693,1418
23987439199,23987439197,-2,1221,2131
23989641804,23989641801,-3,1130,1835
23991246402,23991246400,-2,513,1447
23993078394,23993078392,-2,633,1733
24006335345,24006335343,-2,1284,2029
24013264898,24013264898,0,1798,2512
24015513652,24015513648,-4,1880,3518
24023914186,24023914183,-3,1196,1946
24024993194,24024993192,-2,1258,3249
24026851300,24026851297,-3,781,1892
24029642655,24029642654,-1,1161,1876
24030957557,24030957563,6,3178,1442
24032616295,24032616290,-5,638,1521
24034734558,24034734558,0,1217,1493
24037094478,24037094474,-4,1065,2462
24037801991,24037801989,-2,1290,3158
24039236674,24039236674,0,1026,1799
24041637039,24041637035,-4,896,1995
24042038152,24042038149,-3,814,2321
24042212625,24042212622,-3,1421,1867
24049461176,24049461173,-3,1337,2502
24050319150,24050319137,-13,1093,2385
24051293206,24051293203,-3,1111,1728
24051997408,24051997405,-3,768,1299
24054443356,24054443353,-3,1015,2320
24057808633,24057808626,-7,982,2706
24058541709,24058541728,19,1164,2367
24060154935,24060154932,-3,1004,2642
24065852634,24065852638,4,1668,1078
24068411850,24068411848,-2,1579,2530
24068507898,24068507894,-4,923,2337
24076821117,24076821098,-19,1390,643
24078753527,24078753524,-3,877,2530
24080801618,24080801615,-3,1226,2105
24082448892,24082448891,-1,549,1491
24087680554,24087680551,-3,1559,2923
24097294006,24097294003,-3,755,2217
24097662341,24097662338,-3,1584,2489
24099301605,24099301598,-7,2618,9293
24099531112,24099531108,-4,2324,6270
24101871841,24101871840,-1,1516,2779
24102480555,24102480562,7,4601,1679
24103986311,24103986310,-1,728,1900
24104477537,24104477536,-1,1466,2256
24105573586,24105573583,-3,1506,2482
24108782750,24108782744,-6,1256,3911
24108964653,24108964650,-3,929,2244
24117497979,24117497978,-1,1258,1444
24118120343,24118120341,-2,1050,2041
24118390983,24118390982,-1,1307,1709
24121505966,24121505966,0,1314,2149
24122174089,24122174089,0,1416,2332
24124158797,24124158811,14,556,894
24125426352,24125426350,-2,767,2937
24126235002,24126234998,-4,1291,1921
24133540628,24133540622,-6,1100,1690
24136615982,24136615985,3,3456,2547
24138335101,24138335095,-6,709,1652
24139364083,24139364081,-2,764,1740
24141327831,24141327829,-2,1134,2599
24143392711,24143392710,-1,1200,2288
24143496179,24143496176,-3,1158,2339
24145287289,24145287287,-2,1657,2286
24146534497,24146534495,-2,1364,1874
24147816198,24147816193,-5,974,4422
24148542376,24148542372,-4,1008,2968
24149367845,24149367843,-2,1448,2350
24149772327,24149772322,-5,730,1829
24150122758,24150122754,-4,753,924
24151612884,24151612880,-4,1184,2282
24153298149,24153298146,-3,1351,1848
24153916231,24153916229,-2,1130,2684
24155503899,24155503894,-5,1238,5445
24155963955,24155963954,-1,875,2423
24158462161,24158462164,3,2389,1932
24158822561,24158822576,15,13170,51863
24159224230,24159224230,0,1673,1559
24162538451,24162538447,-4,958,2719
24170665034,24170665032,-2,833,1854
24172602343,24172602341,-2,701,1920
24173872945,24173872942,-3,1026,2468
24179345956,24179345954,-2,1375,2609
24180864243,24180864240,-3,788,1909
24182034232,24182034229,-3,1413,1915
24183460587,24183460584,-3,835,2283
24184304851,24184304849,-2,1090,2320
24184836566,24184836561,-5,1039,2161
24185542010,24185542006,-4,1449,2786
24186140779,24186140776,-3,1458,2362
24186804200,24186804197,-3,1471,3235
24191481618,24191481616,-2,1420,2218
24193130624,24193130638,14,1146,2367
24194392282,24194392279,-3,630,2190
24197318344,24197318338,-6,1223,2296
24202947991,24202947990,-1,25740,20918
24205115822,24205115827,5,2718,1133
24210593868,24210593865,-3,1198,1832
24212577966,24212577961,-5,1711,2803
24215658844,24215658840,-4,831,1659
24228193846,24228193845,-1,1250,2574
24229539261,24229539255,-6,460,1755
24230646263,24230646277,14,630,2658
24232645038,24232645042,4,2439,1653
24235376365,24235376363,-2,1565,1998
24239867238,24239867236,-2,968,2257
24244217902,24244217897,-5,572,1545
24244330139,24244330136,-3,948,2217
24249494302,24249494301,-1,1055,2267
24249620612,24249620594,-18,915,2819
24251867126,24251867129,3,2882,1854
24256173474,24256173491,17,30672,28671
24258304304,24258304299,-5,1050,2783
24260081926,24260081920,-6,1152,3630
24261471598,24261471595,-3,962,2994
24262504383,24262504381,-2,1042,2392
24263467944,24263467939,-5,1188,2881
24268510278,24268510276,-2,996,1321
24269731449,24269731441,-8,1556,8100
24277267243,24277267243,0,1818,2227
24279086983,24279086981,-2,741,1380
24281156835,24281156834,-1,741,1088
24281930566,24281930561,-5,1161,1688
24282080197,24282080197,0,765,2389
24285950704,24285950699,-5,1166,2257
24294909762,24294909761,-1,1338,1871
24295445286,24295445280,-6,2186,6842
24297003911,24297003911,0,1282,1938
24297570914,24297570914,0,630,1297
24299044402,24299044398,-4,1673,2671
24300704691,24300704708,17,232,956
24301453499,24301453511,12,1164,1568
24304767149,24304767150,1,1523,1536
24305542322,24305542323,1,932,2099
24308159556,24308159554,-2,1059,2513
24312204267,24312204264,-3,938,2992
24312557184,24312557201,17,1085,2373
24313622493,24313622490,-3,1816,2591
24314821997,24314821994,-3,1216,1857
24316908710,24316908708,-2,1017,1646
24317631563,24317631540,-23,1405,2241
24320885747,24320885743,-4,963,1744
24322750950,24322750949,-1,1053,2476
24323945891,24323945889,-2,794,1959
24328207606,24328207603,-3,1461,2722
24331880250,24331880247,-3,1078,1400
24336965312,24336965309,-3,2340,5782
24342209846,24342209855,9,160,832
24344929082,24344929086,4,743,1227
24348439250,24348439245,-5,1213,4678
24352472042,24352472041,-1,1017,2590
24355424650,24355424648,-2,1207,2653
24356974198,24356974197,-1,960,1471
24359405727,24359405727,0,1030,1051
24361766032,24361766031,-1,1441,2636
24364878718,24364878718,0,3419,3270
24367094463,24367094459,-4,933,2265
24368086605,24368086603,-2,819,1922
24372886538,24372886535,-3,1426,2861
24375472181,24375472180,-1,982,2435
24375719702,24375719697,-5,1209,1755
24380221255,24380221253,-2,1279,2302
24381110358,24381110350,-8,1826,9585
24381521117,24381521135,18,461,1436
24386026823,24386026819,-4,1159,2998
24386375650,24386375649,-1,1428,3270
24389765130,24389765127,-3,1137,2185
24390484013,24390484006,-7,602,1648
24390751733,24390751713,-20,859,1166
24394226093,24394226088,-5,2055,7879
24395082387,24395082384,-3,982,1701
24403039656,24403039654,-2,1250,2674
24405902553,24405902550,-3,1282,2613
24408702901,24408702898,-3,1293,1854
24410732242,24410732247,5,1538,1142
24411132127,24411132124,-3,806,1838
24411644601,24411644598,-3,1474,3209
24414960797,24414960776,-21,916,1680
24419442883,24419442882,-1,1396,2323
24422045603,24422045600,-3,829,2222
24424779908,24424779905,-3,2449,5122
24430938877,24430938873,-4,1656,2446
24431831031,24431831031,0,1141,2266
24432705568,24432705584,16,618,1513
24434315558,24434315554,-4,1038,2292
24435518904,24435518898,-6,1244,3924
24435622634,24435622632,-2,1271,3512
24436987641,24436987638,-3,1216,2978
24437528541,24437528546,5,4436,2122
24438058535,24438058533,-2,1080,2488
24438866189,24438866186,-3,627,1250
24445664955,24445664950,-5,883,1310
24448397618,24448397617,-1,1058,2142
24449084887,24449084886,-1,1322,2001
24451970191,24451970190,-1,1624,2135
24456619518,24456619514,-4,977,1942
24457487453,24457487450,-3,850,2417
24457933311,24457933308,-3,1006,1675
24457980909,24457980906,-3,1713,2762
24463487892,24463487889,-3,1292,1835
24467192153,24467192150,-3,822,1906
24468435238,24468435234,-4,1512,2097
24468697466,24468697463,-3,1264,2521
24469583019,24469583016,-3,1819,2412
24470282591,24470282589,-2,951,1940
24474625390,24474625388,-2,1171,2328
24475062378,24475062377,-1,20377,22822
24478574986,24478574983,-3,867,2222
24480148766,24480148764,-2,1239,2309
24482793710,24482793709,-1,977,2162
24482900731,24482900724,-7,29701,14720
24488041501,24488041497,-4,1033,3050
24488109333,24488109330,-3,1278,2534
24489304946,24489304945,-1,1425,2373
24490590486,24490590482,-4,1185,1888
24490710988,24490711006,18,404,1444
24491832933,24491832931,-2,1504,1943
24493583501,24493583504,3,1249,1447
24495485009,24495485014,5,1437,1623
24496286104,24496286101,-3,1337,2243
24501129641,24501129638,-3,851,1486
24505343917,24505343936,19,1163,2537
24507824428,24507824425,-3,616,1839
24509346349,24509346348,-1,824,1674
24510176810,24510176808,-2,1017,1705
24510815797,24510815803,6,5916,3079
24516207327,24516207332,5,2105,2115
24524102863,24524102861,-2,1292,2259
24524509427,24524509426,-1,1066,2498
24525851238,24525851257,19,613,1397
24528543513,24528543512,-1,1537,2455
24530382998,24530382995,-3,879,2734
24533429513,24533429506,-7,1746,9367
24544074129,24544074123,-6,852,1759
24547021994,24547021998,4,1826,1152
24547788557,24547788554,-3,1084,1794
24548768094,24548768093,-1,1322,2059
24549967015,24549967013,-2,1346,1905
24554454438,24554454441,3,3115,1976
24555588059,24555588056,-3,1607,2329
24557618182,24557618181,-1,682,1591
24558521151,24558521149,-2,1428,2104
24559903959,24559903953,-6,1132,2952
24561011064,24561011061,-3,1596,2178
24561200782,24561200797,15,603,1124
24562146562,24562146562,0,663,1146
24563879598,24563879596,-2,706,2107
24571287763,24571287752,-11,287,50
24573746961,24573746967,6,2612,968
24585353154,24585353151,-3,683,1439
24587100635,24587100632,-3,1155,2313
24587678554,24587678549,-5,1732,8398
24587811344,24587811339,-5,20906,76566
24588210990,24588210987,-3,1261,2212
24589117463,24589117462,-1,1243,1680
24590587618,24590587614,-4,731,1775
24591503611,24591503609,-2,1642,2446
24595093192,24595093188,-4,1186,2432
24598782527,24598782522,-5,31205,14590
24600958271,24600958256,-15,24671,1250
24602568255,24602568253,-2,828,2427
24603024325,24603024347,22,568,1522
24603300010,24603300009,-1,1232,1795
24609849351,24609849347,-4,1848,2789
24614086583,24614086585,2,1191,1751
24615396386,24615396384,-2,1170,2378
24617069925,24617069932,7,3183,1086
24620199863,24620199862,-1,23087,18067
24624380515,24624380514,-1,1540,2075
24627264261,24627264263,2,1876,1521
24630011652,24630011653,1,2042,2370
24633293556,24633293555,-1,1314,2265
24633396573,24633396570,-3,819,2021
24637468231,24637468228,-3,572,1221
24639572899,24639572897,-2,1026,2081
24652002388,24652002394,6,3566,880
24655076151,24655076149,-2,1099,2709
24662685923,24662685922,-1,1040,1725
24664859327,24664859328,1,1733,2613
24665068998,24665068997,-1,885,1815
24666074766,24666074766,0,1103,1493
24668850139,24668850138,-1,2052,2005
24671452113,24671452110,-3,1288,2061
24673891186,24673891185,-1,921,2369
24678262981,24678262976,-5,1561,3172
24681305332,24681305330,-2,1906,3302
24685187615,24685187614,-1,1216,2846
24691528437,24691528434,-3,1316,2827
24693370390,24693370389,-1,981,1652
24698547374,24698547371,-3,1066,1302
24702511778,24702511773,-5,1296,1705
24713543634,24713543630,-4,1535,2858
24717686088,24717686084,-4,825,1941
24719829130,24719829127,-3,679,1548
24724690367,24724690365,-2,1146,2169
24727536163,24727536161,-2,1418,2242
24728823122,24728823121,-1,1034,1047
24731094438,24731094433,-5,602,687
24735916336,24735916333,-3,838,1866
24736569566,24736569562,-4,1235,2579
24740172366,24740172363,-3,806,2285
24746169917,24746169918,1,1442,888
24751672722,24751672722,0,1339,2218
24752786585,24752786583,-2,956,2226
24753600527,24753600525,-2,986,1734
24754528561,24754528561,0,1458,2357
24756131550,24756131546,-4,1034,2797
24764209869,24764209868,-1,1331,1861
24768176587,24768176585,-2,1810,2850
24770901509,24770901511,2,1075,1922
24771904102,24771904097,-5,1811,6391
24775350515,24775350514,-1,1193,2106
24775547585,24775547582,-3,1227,2739
24778960495,24778960494,-1,1053,1923
24797585998,24797585999,1,592,1206
24800878791,24800878785,-6,1176,2826
24804286043,24804286039,-4,953,2142
24807742074,24807742084,10,15340,30912
24810197695,24810197695,0,1587,1818
24820427971,24820427967,-4,894,1959
24823240239,24823240237,-2,958,2227
24823763939,24823763934,-5,823,1461
24825240947,24825240945,-2,1281,1958
24826930828,24826930835,7,35691,5329
24831208474,24831208471,-3,1069,2406
24834104806,24834104802,-4,1345,2167
24841384462,24841384462,0,928,2124
24845040497,24845040493,-4,867,1827
24845812406,24845812425,19,867,1444
24856218637,24856218634,-3,1477,2797
24860510367,24860510368,1,1051,1820
24862226902,24862226902,0,671,1932
24863103811,24863103826,15,1006,1657
24863262911,24863262906,-5,972,2012
24867044772,24867044769,-3,647,1013
24868988719,24868988715,-4,1333,1667
24871427030,24871427026,-4,980,2084
24872787669,24872787671,2,1582,1301
24873606048,24873606045,-3,1007,2046
24875810945,24875810948,3,1436,999
24877483419,24877483417,-2,957,1799
24879487275,24879487274,-1,892,1901
24882140381,24882140378,-3,1152,2150
24883669918,24883669914,-4,475,1438
24884487933,24884487928,-5,1390,2502
24885682066,24885682062,-4,1041,2246
24886102021,24886102022,1,1855,1818
24887264954,24887264951,-3,1390,1739
24887701561,24887701569,8,3664,1249
24890236251,24890236249,-2,1035,2670
24898495043,24898495042,-1,1370,2260
24900788882,24900788881,-1,920,1721
24904613027,24904613022,-5,1114,2291
24906353598,24906353597,-1,805,2084
24914432954,24914432953,-1,1255,2561
24915861935,24915861941,6,1117,1660
24922253928,24922253949,21,834,2273
24922559410,24922559409,-1,943,1944
24923053571,24923053571,0,1095,2556
24925557650,24925557647,-3,826,1994
24926700382,24926700373,-9,25927,16882
24930717579,24930717578,-1,1036,1473
24931758291,24931758289,-2,1327,2850
24931825654,24931825638,-16,838,1484
24932224047,24932224045,-2,761,1704
24933823862,24933823882,20,306,884
24938731941,24938731940,-1,1403,2009
24938930599,24938930598,-1,1045,1555
24939587195,24939587194,-1,1194,1470
24940715408,24940715407,-1,2082,1589
24941637371,24941637369,-2,1445,2887
24944489153,24944489150,-3,1202,1889
24946330629,24946330635,6,2309,757
24947353843,24947353842,-1,1412,2243
24953044637,24953044635,-2,1232,2446
24956758519,24956758518,-1,1191,2173
24957801518,24957801519,1,1029,2247
24965803068,24965803067,-1,962,1731
24966086594,24966086591,-3,1281,2071
24967059734,24967059749,15,15483,40006
24968963157,24968963153,-4,1117,2316
24979192721,24979192719,-2,1578,2637
24980740015,24980740014,-1,1144,1843
24981966535,24981966534,-1,1012,2128
24985740895,24985740892,-3,982,1226
24986032702,24986032701,-1,755,2064
24987558707,24987558704,-3,1273,2658
24988243877,24988243879,2,235,910
24991422318,24991422317,-1,1349,2618
24993500594,24993500598,4,2723,1391
24993635703,24993635695,-8,1132,2169
25000335656,25000335653,-3,746,2024
25003013243,25003013241,-2,910,2650
25006639808,25006639806,-2,2105,5166
25008458441,25008458438,-3,1004,1995
25015569182,25015569183,1,866,2959
25016561862,25016561861,-1,1165,1899
25017751183,25017751173,-10,714,1591
25030555969,25030555964,-5,1183,2625
25034333457,25034333454,-3,1387,1952
25035529881,25035529902,21,1757,3109
25036903663,25036903661,-2,786,2180
25044592873,25044592869,-4,1177,3037
25045059662,25045059681,19,1156,2175
25051882298,25051882296,-2,1301,1826
25057753287,25057753285,-2,1196,2843
25057886998,25057886998,0,1173,2079
25062279871,25062279869,-2,1143,2848
25065603425,25065603423,-2,1081,1980
25066835749,25066835746,-3,1186,2030
25070002622,25070002603,-19,568,1800
25070194747,25070194744,-3,1114,2803
25081289869,25081289865,-4,1407,2768
25081445837,25081445834,-3,2018,2415
25082895461,25082895466,5,11997,4403
25085153899,25085153898,-1,1479,1618
25091291942,25091291940,-2,1119,2538
25096900631,25096900628,-3,958,2240
25103701407,25103701403,-4,1409,2263
25103811809,25103811806,-3,1361,3122
25104888750,25104888750,0,1259,1517
25105596017,25105596013,-4,1158,2930
25115937424,25115937425,1,957,1516
25117173265,25117173270,5,2298,1274
25117829286,25117829284,-2,991,2311
25120406228,25120406228,0,1281,1718
25126856493,25126856488,-5,1947,2938
25131622609,25131622612,3,2908,1479
25133747590,25133747589,-1,598,1950
25134197038,25134197053,15,1085,2445
25135386665,25135386662,-3,814,1827
25139220263,25139220261,-2,1748,2736
25141576019,25141576017,-2,652,1447
25142134678,25142134675,-3,1208,2260
25142230621,25142230618,-3,864,2127
25143779642,25143779638,-4,1018,2371
25145254669,25145254668,-1,1043,2273
25151968359,25151968354,-5,749,2277
25154471327,25154471334,7,2698,1515
25163432140,25163432137,-3,1253,3264
25165518394,25165518389,-5,1323,1753
25170935690,25170935694,4,3204,1857
25173885347,25173885344,-3,1054,1765
25182088614,25182088632,18,886,1870
25184222113,25184222112,-1,1177,2656
25195275898,25195275894,-4,1334,2182
25198398736,25198398733,-3,1022,2378
25199333240,25199333237,-3,1050,1824
25200618242,25200618240,-2,1273,2152
25201227420,25201227418,-2,1740,3169
25204075014,25204075013,-1,1323,2760
25211188357,25211188354,-3,1398,3130
25213079289,25213079286,-3,1237,1508
25215513470,25215513465,-5,606,2108
25218571287,25218571284,-3,540,1345
25219377990,25219377986,-4,945,1738
25220740833,25220740830,-3,1184,1727
25221300407,25221300402,-5,2545,4799
25222114142,25222114141,-1,1135,2285
25224240895,25224240889,-6,480,1975
25226495200,25226495195,-5,792,2003
25227252612,25227252609,-3,815,1481
25229319658,25229319657,-1,998,1659
25233661369,25233661365,-4,1049,2322
25234547088,25234547107,19,965,2025
25236953766,25236953765,-1,1108,2743
25237235818,25237235816,-2,1043,2165
25238097526,25238097525,-1,881,2285
25239120417,25239120415,-2,1163,2017
25241017302,25241017306,4,2812,2105
25243432044,25243432041,-3,1018,1835
25244534200,25244534218,18,268,1615
25246089766,25246089762,-4,866,2212
25247272725,25247272722,-3,1560,2585
25252714986,25252714981,-5,1370,2385
25257527683,25257527684,1,1642,1870
25258118480,25258118483,3,1807,1410
25258885461,25258885459,-2,1264,1945
25259884662,25259884661,-1,1241,2282
25269399991,25269399990,-1,1299,2285
25270157951,25270157950,-1,869,1581
25272064643,25272064642,-1,1030,1709
25273311080,25273311078,-2,847,2551
25274045834,25274045833,-1,1261,1381
25274669037,25274669035,-2,1314,1842
25274856763,25274856760,-3,1333,2289
25276479249,25276479248,-1,1515,2730
25279100940,25279100940,0,25,676
25285460602,25285460598,-4,966,2314
25288910875,25288910872,-3,1245,2042
25289265846,25289265843,-3,1368,2561
25290194965,25290194961,-4,1278,2672
25292350103,25292350101,-2,1074,1901
25293429479,25293429478,-1,1283,2199
25299239074,25299239071,-3,1002,1647
25299814827,25299814823,-4,1270,2459
25303618420,25303618417,-3,1842,3031
25303750322,25303750321,-1,1029,2877
25304231797,25304231795,-2,979,2057
25314619059,25314619054,-5,1118,2473
25314735959,25314735962,3,478,953
25316763126,25316763123,-3,871,1986
25317170816,25317170835,19,1130,2382
25323594211,25323594210,-1,974,2823
25324250746,25324250744,-2,1181,1826
25324790334,25324790349,15,1121,2420
25325303892,25325303889,-3,1944,3086
25329634633,25329634629,-4,895,2257
25329963276,25329963274,-2,1344,2363
25337517119,25337517118,-1,946,1972
25339959910,25339959908,-2,1246,1986
25342396907,25342396905,-2,1140,2518
25347553130,25347553126,-4,1282,1948
25348075749,25348075743,-6,841,2668
25348619391,25348619389,-2,1583,2878
25348722691,25348722688,-3,877,2365
25350929550,25350929549,-1,853,1823
25352299670,25352299674,4,3050,2978
25353694345,25353694343,-2,765,1603
25354235800,25354235797,-3,1423,2284
25354627918,25354627919,1,1336,1644
25356011907,25356011905,-2,1488,1992
25357519656,25357519651,-5,1396,2071
25359915414,25359915413,-1,1154,3196
25361722303,25361722301,-2,846,2372
25366018783,25366018781,-2,1043,2730
25374723567,25374723558,-9,37448,16300
25375222239,25375222237,-2,774,1393
25378579505,25378579512,7,3604,1532
25380137129,25380137126,-3,1162,1627
25381128135,25381128130,-5,1226,3446
25395384471,25395384469,-2,1493,2406
25395707039,25395707037,-2,1392,3386
25398242386,25398242382,-4,874,2166
25403599266,25403599261,-5,1299,2334
25403849446,25403849446,0,1799,1791
25404234887,25404234886,-1,1064,1490
25408313485,25408313481,-4,660,2038
25408569169,25408569166,-3,1331,2279
25409281318,25409281317,-1,1141,2292
25416740244,25416740241,-3,1007,2291
25421505625,25421505623,-2,1189,2135
25428132106,25428132106,0,1264,2115
25432237543,25432237542,-1,1256,2769
25433325598,25433325595,-3,1137,1754
25433763739,25433763740,1,2029,2169
25446164982,25446164978,-4,805,1655
25450604912,25450604920,8,38267,7563
25450659506,25450659502,-4,1473,2076
25455641670,25455641667,-3,1094,2636
25457201261,25457201282,21,351,789
25458344497,25458344493,-4,1352,2532
25458775370,25458775370,0,1042,1302
25462347366,25462347365,-1,1513,2251
25463045574,25463045568,-6,719,3284
25465103601,25465103598,-3,807,1765
25471681970,25471681969,-1,1222,1491
25474137303,25474137296,-7,410,2516
25476867694,25476867691,-3,1019,2238
25478771877,25478771875,-2,1566,2740
25481020791,25481020790,-1,1281,2832
25484610394,25484610394,0,1497,2540
25488174334,25488174332,-2,1190,1893
25490510230,25490510226,-4,1188,2109
25492462090,25492462088,-2,1041,2044
25494156469,25494156466,-3,1376,2246
25494865006,25494865002,-4,945,1888
25494998471,25494998474,3,2288,4088
25495292241,25495292245,4,2928,1361
25504788747,25504788743,-4,1143,2461
25505350246,25505350242,-4,1344,3129
25507417775,25507417772,-3,1058,2385
25513399413,25513399409,-4,714,2766
25514925413,25514925410,-3,953,1233
25516119568,25516119566,-2,1617,2109
25519406069,25519406066,-3,1037,2563
25520239872,25520239869,-3,1144,2079
25524529600,25524529598,-2,1577,3324
25529593378,25529593374,-4,1172,2036
25530227697,25530227695,-2,1553,2269
25535349846,25535349842,-4,1201,2157
25535558143,25535558142,-1,1084,2471
25536343206,25536343202,-4,1355,3730
25537893073,25537893071,-2,1338,2161
25539442315,25539442313,-2,1637,3015
25543115215,25543115214,-1,1155,2069
25548443698,25548443697,-1,901,1418
25548568373,25548568360,-13,719,1260
25553862657,25553862650,-7,883,2677
25554103675,25554103673,-2,1613,2444
25555946077,25555946078,1,1207,1371
25565132452,25565132450,-2,1046,3280
25565316895,25565316914,19,951,1772
25567928735,25567928734,-1,868,1540
25573998518,25573998517,-1,969,1954
25575324686,25575324685,-1,1287,2183
25576824247,25576824245,-2,1423,3023
25581661345,25581661344,-1,1163,1691
25582540194,25582540190,-4,1083,2269
25585020066,25585020062,-4,1218,2057
25585720813,25585720811,-2,1439,2462
25589012792,25589012789,-3,1239,2174
25590838275,25590838273,-2,1127,1723
25595623587,25595623583,-4,902,2364
25596112717,25596112715,-2,939,2284
25596918576,25596918574,-2,1043,1661
25602824557,25602824561,4,31951,19021
25602923663,25602923661,-2,708,1961
25606258525,25606258528,3,4464,3864
25606606618,25606606614,-4,1669,3598
25607797105,25607797103,-2,1366,2422
25608817570,25608817566,-4,1084,2171
25609254091,25609254090,-1,956,1473
25613241771,25613241769,-2,1068,2154
25624220952,25624220950,-2,969,1726
25624447869,25624447862,-7,1871,5998
25627646975,25627646974,-1,1144,1554
25631650147,25631650145,-2,1284,1989
25633786710,25633786705,-5,1174,5934
25634334847,25634334854,7,3070,1799
25634933623,25634933630,7,2876,1265
25639789921,25639789918,-3,1656,3396
25640379550,25640379545,-5,1018,1559
25643666869,25643666862,-7,1426,7968
25653526602,25653526605,3,9800,8460
25654169103,25654169100,-3,1855,3110
25655855550,25655855549,-1,1397,2760
25659184719,25659184715,-4,1063,2294
25666718231,25666718228,-3,1332,2278
25674794377,25674794374,-3,1476,2588
25675483200,25675483199,-1,1066,1623
25679902828,25679902825,-3,673,2306
25680482449,25680482445,-4,1022,1603
25681345838,25681345835,-3,1273,2421
25682909962,25682909960,-2,1552,2594
25682935387,25682935382,-5,781,1678
25683980769,25683980766,-3,1539,3071
25685928975,25685928973,-2,1419,2458
25687740901,25687740898,-3,1159,1955
25690036340,25690036338,-2,1738,2844
25693228407,25693228403,-4,1106,1684
25696074315,25696074314,-1,47349,27761
25697689624,25697689621,-3,1686,2796
25701514714,25701514708,-6,999,2585
25705200023,25705200021,-2,928,2045
25709434203,25709434202,-1,1019,1616
25711730823,25711730819,-4,780,3710
25715519899,25715519897,-2,936,2732
25718346567,25718346563,-4,1377,2945
25718543125,25718543125,0,982,1402
25722771710,25722771708,-2,1740,2966
25723784811,25723784807,-4,967,2738
25731220518,25731220514,-4,1149,3255
25731501212,25731501206,-6,935,3897
25732632023,25732632022,-1,782,1933
25732801820,25732801801,-19,1141,1609
25732833190,25732833211,21,27,898
25735653383,25735653380,-3,806,1807
25740541268,25740541263,-5,1216,1670
25740883639,25740883634,-5,1074,1564
25745565579,25745565576,-3,1169,2496
25747184703,25747184701,-2,1085,2575
25751941219,25751941218,-1,1465,1771
25761383122,25761383119,-3,1374,2274
25763067658,25763067657,-1,1216,2037
25763248095,25763248089,-6,1798,6222
25763579874,25763579874,0,970,1807
25766508838,25766508833,-5,782,2027
25772039855,25772039853,-2,976,2153
25772748131,25772748128,-3,1397,2371
25774637882,25774637879,-3,819,2125
25777966105,25777966107,2,44949,28210
25778025308,25778025323,15,1,1320
25783406957,25783406955,-2,5746,10509
25784202342,25784202339,-3,934,2244
25785906394,25785906387,-7,1484,2922
25788861733,25788861730,-3,1254,2928
25794730075,25794730073,-2,974,1949
25796522200,25796522202,2,1893,1175
25799087538,25799087535,-3,1130,1974
25807707952,25807707950,-2,1311,1680
25809085995,25809085998,3,1157,1235
25809494369,25809494365,-4,1485,2870
25816822360,25816822354,-6,1429,2130
25820016255,25820016253,-2,1564,2485
25822351753,25822351761,8,534,84
25824221463,25824221470,7,5794,3160
25826228663,25826228662,-1,1248,2009
25826545635,25826545633,-2,1137,1518
25830080865,25830080862,-3,1046,1412
25830863599,25830863596,-3,999,2405
25831899344,25831899351,7,1977,1120
25836386251,25836386249,-2,1014,1363
25837469968,25837469965,-3,907,3024
25839310714,25839310710,-4,716,1681
25840961747,25840961745,-2,1020,2102
25844283854,25844283849,-5,1035,3044
25845687530,25845687526,-4,931,2360
25846123734,25846123733,-1,1363,2065
25854464586,25854464582,-4,1216,3761
25863724959,25863724955,-4,851,2329
25864908409,25864908407,-2,1129,2114
25869789621,25869789622,1,3380,3743
25871149250,25871149246,-4,1203,2506
25872460230,25872460227,-3,945,2090
25872808014,25872807992,-22,732,1501
25875639402,25875639401,-1,1216,2387
25878514049,25878514047,-2,1033,2382
25881979062,25881979061,-1,1258,2370
25884207697,25884207710,13,17900,30469
25884948694,25884948689,-5,777,2436
25886531322,25886531322,0,1496,2607
25897270581,25897270579,-2,919,1665
25901998427,25901998438,11,1206,1824
25908159346,25908159342,-4,379,871
25909107997,25909107993,-4,1594,3957
25917313187,25917313186,-1,1087,2299
25917688986,25917688983,-3,1288,1582
25917809726,25917809743,17,532,1683
25918524350,25918524347,-3,1167,2205
25918670046,25918670043,-3,1482,3243
25920595025,25920595025,0,22468,8704
25925546385,25925546382,-3,1078,2084
25925806778,25925806775,-3,914,1956
25928643225,25928643222,-3,1065,2166
25929815277,25929815275,-2,699,1378
25932839195,25932839193,-2,1177,1582
25936868099,25936868096,-3,977,2086
25939531285,25939531281,-4,1361,2400
25946285393,25946285390,-3,1623,1704
25952562762,25952562761,-1,1516,2594
25954956627,25954956626,-1,1502,2254
25958151121,25958151120,-1,1337,2101
25959376315,25959376313,-2,1202,1600
25960794825,25960794821,-4,1223,3417
25962638054,25962638050,-4,1306,1821
25967643871,25967643870,-1,1177,2773
25974031170,25974031168,-2,816,1857
25974880325,25974880325,0,1764,1788
25979765338,25979765334,-4,659,2533
25980884463,25980884457,-6,1213,4305
25982680311,25982680309,-2,2452,2927
25985174244,25985174245,1,1502,1767
25986234343,25986234344,1,1650,1522
25986785014,25986785013,-1,924,1674
25988168265,25988168264,-1,28711,25969
25989771898,25989771896,-2,1089,2096
25996771438,25996771435,-3,1355,2828
26001091384,26001091382,-2,1317,1882
26001557555,26001557558,3,1403,1605
26003497571,26003497570,-1,1092,1998
26007809727,26007809721,-6,1347,2310
26007851863,26007851863,0,1519,1487
26015049005,26015049023,18,1067,3805
26019016742,26019016737,-5,716,2855
26028359860,26028359879,19,781,2232
26033945661,26033945658,-3,750,2108
26034885903,26034885901,-2,1574,2355
26036820726,26036820723,-3,1196,2119
26037425722,26037425718,-4,1313,1891
26037553114,26037553110,-4,1617,1965
26037760174,26037760169,-5,732,2368
26037952821,26037952835,14,215,1060
26041204891,26041204885,-6,1123,2554
26044158140,26044158137,-3,1125,2028
26046147063,26046147058,-5,944,2013
26048001407,26048001403,-4,1046,2365
26048746594,26048746591,-3,1035,2014
26058247945,26058247953,8,654,1348
26058793142,26058793142,0,1951,2450
26060309521,26060309518,-3,920,2782
26060992469,26060992466,-3,1278,2240
26069031743,26069031738,-5,999,2225
26071564287,26071564284,-3,874,1540
26072446386,26072446387,1,2228,2248
26073058973,26073058975,2,1054,1232
26073641442,26073641439,-3,697,1570
26077916616,26077916613,-3,1231,3239
26080724393,26080724390,-3,1257,2225
26088139665,26088139662,-3,1287,2166
26099806546,26099806545,-1,865,3099
26101978527,26101978522,-5,876,1166
26109974958,26109974958,0,1127,2673
26110480475,26110480471,-4,976,3978
26112939422,26112939418,-4,1073,2694
26113177061,26113177058,-3,998,2553
26113800367,26113800382,15,1084,2591
26114138526,26114138526,0,885,1405
26115591746,26115591743,-3,1205,2807
26117356151,26117356146,-5,1241,2625
26131276053,26131276050,-3,1015,1960
26131960283,26131960278,-5,1244,2795
26135425763,26135425761,-2,1552,2175
26137050900,26137050899,-1,1353,2730
26149924395,26149924390,-5,2119,6901
26157585293,26157585294,1,1936,1456
26159685431,26159685428,-3,1204,2927
26162416605,26162416602,-3,866,2299
26168999162,26168999158,-4,844,1737
26169511574,26169511582,8,1169,1328
26170378010,26170378007,-3,824,2154
26175396925,26175396920,-5,765,2403
26179333937,26179333933,-4,988,2328
26180202110,26180202109,-1,1047,2182
26180644994,26180644993,-1,1458,2365
26184876594,26184876591,-3,1574,2121
26185426084,26185426082,-2,1172,1694
26191520021,26191520020,-1,1198,1727
26193615442,26193615446,4,1565,1521
26196060483,26196060485,2,1257,980
26198847297,26198847294,-3,1173,2268
26201930485,26201930482,-3,935,2468
26208810231,26208810229,-2,1218,1711
26209282209,26209282207,-2,1164,3155
26212029661,26212029661,0,551,1476
26212854359,26212854354,-5,1270,2744
26219108339,26219108337,-2,1086,1438
26223278734,26223278731,-3,1567,3406
26224377374,26224377375,1,1874,1928
26225081040,26225081038,-2,1250,2539
26225189080,26225189074,-6,1127,2468
26227472046,26227472042,-4,1388,2776
26229214477,26229214476,-1,1241,1769
26230285899,26230285895,-4,927,1957
26235169807,26235169806,-1,1077,1305
26239465647,26239465645,-2,1164,2478
26240305817,26240305813,-4,1024,1839
26243454238,26243454238,0,2003,2707
26244959760,26244959757,-3,1137,2378
26259460994,26259460992,-2,889,2212
26259663635,26259663634,-1,1019,2084
26260067766,26260067778,12,630,1977
26260437166,26260437163,-3,1018,2239
26262238826,26262238822,-4,1253,2551
26263581179,26263581177,-2,1224,2986
26264069089,26264069085,-4,2023,4389
26264182030,26264182029,-1,1596,2378
26268332974,26268332969,-5,841,2460
26274774643,26274774639,-4,1188,2528
26275963155,26275963153,-2,767,1581
26290580515,26290580514,-1,995,2142
26291161286,26291161286,0,1355,2295
26296069624,26296069622,-2,1082,1845
26296403805,26296403803,-2,1021,1877
26297312086,26297312083,-3,993,1523
26297623518,26297623516,-2,1810,2000
26297985033,26297985029,-4,966,2821
26301835958,26301835956,-2,1144,2465
26302013535,26302013520,-15,981,2232
26305203253,26305203250,-3,1015,1771
26305594687,26305594681,-6,1443,3379
26309231223,26309231217,-6,739,3140
26310321932,26310321930,-2,1087,2203
26311266839,26311266838,-1,979,1830
26315140936,26315140933,-3,886,2578
26316306275,26316306275,0,1544,2013
26316785778,26316785776,-2,999,2082
26320260418,26320260414,-4,1199,1767
26322098319,26322098314,-5,1229,4111
26324290477,26324290475,-2,1247,1673
26327700799,26327700804,5,8500,40264
26328533273,26328533283,10,9945,34645
26330580193,26330580190,-3,900,2021
26330945847,26330945845,-2,937,2355
26332080594,26332080594,0,1074,2228
26334186237,26334186234,-3,1250,2622
26336556192,26336556199,7,3727,1694
26337560552,26337560553,1,1912,1344
26346548241,26346548240,-1,1334,2379
26351815981,26351815977,-4,1246,2134
26355211567,26355211573,6,3219,1768
26363426987,26363426986,-1,1050,2248
26364057909,26364057911,2,1403,1157
26365570982,26365570976,-6,1317,2439
26370483157,26370483171,14,19942,23374
26372808358,26372808361,3,1125,1148
26376593690,26376593686,-4,1205,2016
26381523411,26381523410,-1,1037,2288
26382941746,26382941743,-3,1231,2572
26384440067,26384440061,-6,1035,4556
26385750262,26385750267,5,1586,25449
26389569447,26389569450,3,4131,2093
26390531510,26390531506,-4,1384,2374
26391139648,26391139651,3,36779,20834
26395334323,26395334318,-5,825,2671
26400058418,26400058416,-2,1328,1751
26406306198,26406306194,-4,1174,2011
26415118745,26415118742,-3,1630,3036
26418052189,26418052187,-2,1296,2565
26428709486,26428709485,-1,1313,2596
26429472381,26429472379,-2,869,2133
26430629298,26430629294,-4,1943,3282
26431116994,26431116993,-1,1679,2631
26431286382,26431286381,-1,1196,2195
26431469380,26431469402,22,439,1197
26436812676,26436812674,-2,1411,1232
26438696451,26438696449,-2,1149,2405
26439392031,26439392027,-4,1632,2836
26440091691,26440091686,-5,1793,4335
26440849150,26440849147,-3,1526,2286
26441582006,26441582004,-2,1304,1611
26442499298,26442499295,-3,1276,1540
26443823779,26443823774,-5,717,1312
26447769975,26447769977,2,1308,1178
26448340473,26448340472,-1,978,2039
26448560717,26448560710,-7,980,2114
26449136754,26449136748,-6,810,1385
26449824614,26449824607,-7,1084,3005
26450143774,26450143776,2,1363,1924
26450824833,26450824831,-2,1060,2576
26453250822,26453250826,4,1594,1267
26456619362,26456619361,-1,1528,2427
26460366839,26460366837,-2,937,1952
26461970699,26461970697,-2,1023,3051
26462850259,26462850259,0,2099,2675
26466043200,26466043201,1,16726,24696
26467074427,26467074426,-1,1011,2640
26469281527,26469281524,-3,1345,2639
26470447816,26470447813,-3,1698,1814
26471792741,26471792739,-2,1222,2631
26476398590,26476398586,-4,757,2426
26480298886,26480298884,-2,741,2289
26485142259,26485142257,-2,1127,1890
26486239918,26486239938,20,695,1753
26489174131,26489174128,-3,967,2506
26490855463,26490855462,-1,990,1733
26500749687,26500749684,-3,1137,2277
26501847511,26501847510,-1,1115,2323
26504164586,26504164585,-1,1038,1296
26505067628,26505067645,17,1111,3579
26505846037,26505846059,22,1091,2398
26507356906,26507356905,-1,1021,1639
26507421243,26507421239,-4,909,2483
26508105705,26508105703,-2,1223,2779
26508881910,26508881906,-4,1001,1939
26513223231,26513223230,-1,1248,1465
26515424500,26515424515,15,760,2285
26516004994,26516005011,17,2010,1376
26516162314,26516162310,-4,1100,2249
26518826324,26518826321,-3,2265,4085
26532418149,26532418146,-3,1480,3033
26533052328,26533052325,-3,920,1675
26533173831,26533173832,1,2231,3256
26537990891,26537990887,-4,1170,2496
26539026633,26539026631,-2,1476,1988
26540654211,26540654207,-4,827,1602
26544768566,26544768565,-1,1599,2427
26545925723,26545925724,1,1100,1844
26546856889,26546856884,-5,2067,5331
26550625493,26550625490,-3,981,1789
26553475581,26553475585,4,10901,21345
26556230846,26556230842,-4,1030,2271
26558145545,26558145541,-4,1111,2584
26558295962,26558295959,-3,936,1986
26561808000,26561808006,6,6690,1809
26565309193,26565309186,-7,1298,2116
26569752830,26569752826,-4,745,1536
26570288532,26570288555,23,376,1686
26570751238,26570751232,-6,1415,3321
26573707058,26573707055,-3,1147,2656
26574578614,26574578614,0,999,2564
26575530567,26575530564,-3,1182,2731
26577890711,26577890708,-3,1084,3379
26580641828,26580641827,-1,1178,1204
26580825982,26580825978,-4,1516,1497
26582613783,26582613780,-3,1142,2345
26589868977,26589868998,21,183,741
26591705965,26591705961,-4,1087,2541
26591818050,26591818047,-3,1187,2038
26592082906,26592082906,0,3095,3399
26592788378,26592788372,-6,1371,1980
26597258165,26597258162,-3,1596,2206
26604634490,26604634487,-3,1050,2812
26604921405,26604921422,17,316,1267
26606746030,26606746030,0,1399,2286
26607024547,26607024546,-1,1116,1865
26608185616,26608185615,-1,1813,1329
26610703294,26610703291,-3,973,2088
26611511638,26611511622,-16,180,1252
26611757915,26611757913,-2,1275,2232
26611786303,26611786322,19,1250,1883
26617626662,26617626660,-2,1366,2240
26624254899,26624254897,-2,576,1497
26626870164,26626870162,-2,1387,2298
26631205776,26631205777,1,3988,16834
26639341061,26639341059,-2,739,1468
26642610834,26642610832,-2,825,1940
26644473001,26644472999,-2,1669,2505
26649187955,26649187954,-1,1194,1811
26654177781,26654177779,-2,1008,1198
26656035014,26656035010,-4,1412,2735
26657252013,26657252010,-3,1282,2048
26660025242,26660025238,-4,785,2392
26660279091,26660279090,-1,1188,2361
26660543110,26660543110,0,1432,1364
26665514166,26665514163,-3,1171,1868
26665754970,26665754966,-4,964,2465
26666046014,26666046035,21,534,769
26668914569,26668914569,0,815,1564
26671887445,26671887442,-3,1947,3690
26672553657,26672553654,-3,913,2046
26682275922,26682275919,-3,891,1715
26684650149,26684650153,4,4617,2477
26684808520,26684808518,-2,1427,2198
26692264402,26692264397,-5,1690,2803
26698177326,26698177325,-1,1476,2692
26699663587,26699663585,-2,1019,2577
26700039013,26700039035,22,815,2286
26702267108,26702267104,-4,1189,1618
26704244910,26704244907,-3,917,3437
26706213502,26706213501,-1,1024,2100
26707412740,26707412737,-3,1616,2460
26711257112,26711257108,-4,1034,2462
26712688498,26712688495,-3,908,2152
26714373351,26714373351,0,1687,2603
26715459774,26715459772,-2,1574,2482
26716337847,26716337845,-2,1516,1826
26718008678,26718008675,-3,979,2055
26721808131,26721808128,-3,1281,2349
26726298167,26726298163,-4,1133,2544
26726968655,26726968658,3,2062,1430
26735224203,26735224202,-1,870,2113
26740188507,26740188505,-2,998,2384
26740821317,26740821314,-3,1744,3083
26742680146,26742680142,-4,1144,2404
26750807381,26750807377,-4,1084,2254
26752058558,26752058555,-3,990,2516
26758949050,26758949049,-1,1013,1643
26759671327,26759671310,-17,881,1781
26760841030,26760841030,0,1134,1611
26761270702,26761270696,-6,1595,4141
26761343419,26761343419,0,769,1894
26767667884,26767667881,-3,781,2615
26767956436,26767956454,18,782,1781
26768385310,26768385305,-5,898,2251
26772175973,26772175969,-4,956,2443
26776095531,26776095532,1,1138,1557
26778293721,26778293716,-5,1226,1704
26781583819,26781583821,2,2224,1454
26786574530,26786574526,-4,1131,2548
26791351499,26791351496,-3,1246,2751
26792508557,26792508554,-3,793,2007
26800846259,26800846257,-2,626,1438
26801746858,26801746857,-1,733,2502
26811428162,26811428160,-2,876,2070
26812465314,26812465310,-4,1035,2200
26812566808,26812566819,11,331,1827
26813965401,26813965398,-3,952,2742
26815430739,26815430735,-4,807,1672
26817307698,26817307705,7,2820,1279
26824694571,26824694569,-2,547,1350
26825562949,26825562949,0,1047,2639
26827503458,26827503457,-1,1094,1737
26827750898,26827750898,0,255,796
26828413964,26828413986,22,459,1413
26829930008,26829930004,-4,827,1878
26831032789,26831032786,-3,924,2112
26831312847,26831312832,-15,1388,2549
26831345331,26831345328,-3,1153,1689
26833407266,26833407263,-3,1565,2497
26833937486,26833937482,-4,677,1795
26836118219,26836118215,-4,1194,2435
26836164063,26836164057,-6,1175,5653
26836821221,26836821217,-4,863,1927
26837351214,26837351214,0,1671,2649
26850157278,26850157282,4,3918,3037
26850328990,26850328986,-4,1314,3136
26851476938,26851476938,0,1073,939
26856843556,26856843553,-3,1261,2364
26857260033,26857260031,-2,681,1991
26861034801,26861034801,0,928,1732
26862211601,26862211617,16,1058,1057
26864513418,26864513426,8,3001,1057
26865497919,26865497913,-6,1379,3178
26870607163,26870607159,-4,1267,2625
26871446213,26871446210,-3,1195,2983
26877298643,26877298639,-4,1395,2802
26881340887,26881340884,-3,1386,2701
26883057555,26883057552,-3,1020,2284
26886727918,26886727915,-3,980,3202
26887070689,26887070689,0,1407,2273
26887363003,26887363006,3,1293,1038
26891695111,26891695110,-1,803,1784
26892075393,26892075390,-3,1345,2532
26892741526,26892741522,-4,1697,2338
26894463002,26894463003,1,874,1605
26897338514,26897338518,4,1443,1682
26901034816,26901034813,-3,1198,2176
26909227310,26909227310,0,1608,2160
26914758272,26914758275,3,25758,25332
26915134311,26915134319,8,4046,1117
26917435703,26917435697,-6,1131,2360
26923335640,26923335639,-1,3221,4441
26930407417,26930407418,1,1023,1701
26938979365,26938979362,-3,1314,2472
26939558221,26939558203,-18,789,1703
26941085870,26941085866,-4,1332,2738
26941563147,26941563146,-1,1205,2006
26942719178,26942719178,0,1070,1321
26950793571,26950793566,-5,1932,5737
26951299223,26951299224,1,1194,1273
26952433888,26952433887,-1,1199,2189
26954714535,26954714530,-5,1305,2502
26957050384,26957050381,-3,1145,2875
26959572635,26959572632,-3,1312,1520
26967141982,26967141980,-2,1116,1907
26968955209,26968955206,-3,1395,2951
26970082092,26970082091,-1,1467,2652
26970319577,26970319576,-1,941,1477
26970840509,26970840508,-1,1415,2285
26972749154,26972749151,-3,607,1370
26973359608,26973359608,0,1423,2278
26974028756,26974028753,-3,1574,3046
26977260401,26977260399,-2,1304,2411
26978128203,26978128201,-2,1186,2376
26979492626,26979492626,0,1020,1964
26982584786,26982584785,-1,1376,2611
26994405031,26994405031,0,418,792
26994854294,26994854291,-3,859,1626
26996021341,26996021339,-2,1208,2530
26997841858,26997841852,-6,2585,11115
27001927047,27001927044,-3,1012,2292
27002739090,27002739086,-4,1630,3452
27006079463,27006079461,-2,1293,2855
27009344749,27009344746,-3,1731,2486
27013371141,27013371135,-6,1661,1895
27016158223,27016158220,-3,1287,2811
27022112563,27022112561,-2,1873,3469
27022383534,27022383538,4,2622,1299
27022707259,27022707258,-1,1264,2714
27026982090,27026982086,-4,1006,2846
27029576867,27029576868,1,1578,1863
27029798659,27029798657,-2,940,1845
27029876171,27029876167,-4,981,1628
27030221289,27030221287,-2,1341,2048
27032541050,27032541047,-3,1210,2617
27033846722,27033846721,-1,1240,2311
27035225512,27035225509,-3,1458,2715
27038767578,27038767575,-3,898,2657
27043280377,27043280377,0,1234,1859
27046415714,27046415711,-3,1393,2369
27046878796,27046878793,-3,1189,2480
27051105879,27051105878,-1,1509,1784
27052763386,27052763385,-1,1579,2372
27054026870,27054026870,0,1294,1367
27060669363,27060669358,-5,972,1114
27062990182,27062990179,-3,840,2247
27065939196,27065939194,-2,1306,1812
27067075904,27067075902,-2,568,2004
27068145980,27068145976,-4,1829,3910
27069636871,27069636869,-2,997,2070
27075850955,27075850952,-3,902,1721
27082076653,27082076653,0,1095,1781
27086881798,27086881795,-3,1473,1914
27087944663,27087944659,-4,867,1541
27091214754,27091214761,7,10030,2617
27092515938,27092515935,-3,1233,3289
27095935931,27095935946,15,9381,51343
27096834039,27096834036,-3,1509,2293
27102749858,27102749856,-2,1232,2627
27105890291,27105890290,-1,912,1821
27109240761,27109240757,-4,1047,1820
27112578559,27112578557,-2,1347,2087
27114506210,27114506207,-3,1255,1786
27117122055,27117122049,-6,1066,2478
27118339932,27118339951,19,1321,2161
27119493526,27119493525,-1,1191,2548
27128690518,27128690519,1,925,2290
27129887955,27129887953,-2,1018,2280
27130951151,27130951149,-2,1274,2085
27135213676,27135213673,-3,1046,1921
27136693577,27136693573,-4,1265,1764
27138851920,27138851917,-3,942,2282
27143547219,27143547214,-5,1060,1837
27144089814,27144089814,0,1285,1976
27146076069,27146076067,-2,1117,1906
27147701767,27147701762,-5,1171,2916
27149751289,27149751286,-3,1396,2458
27150928736,27150928733,-3,1001,2368
27155158993,27155158990,-3,1068,2913
27156027038,27156027037,-1,1001,1346
27157798209,27157798206,-3,1243,2617
27158420847,27158420844,-3,848,2382
27160713933,27160713930,-3,1130,2190
27161187102,27161187102,0,1282,2529
27166696081,27166696078,-3,1237,3654
27167736042,27167736041,-1,1201,2824
27170935620,27170935608,-12,1267,1131
27172597858,27172597855,-3,1428,2183
27175024286,27175024284,-2,681,1242
27175633889,27175633886,-3,1965,3607
27178231052,27178231061,9,5205,932
27186555868,27186555866,-2,1272,2120
27188824434,27188824437,3,1820,1898
27190660117,27190660114,-3,957,2270
27191894882,27191894880,-2,1129,1661
27194075693,27194075690,-3,796,1612
27195695941,27195695939,-2,989,2979
27197300711,27197300717,6,3215,1673
27199154649,27199154647,-2,2954,5050
27200070406,27200070404,-2,848,2175
27201637102,27201637108,6,20764,39878
27205258514,27205258514,0,1329,1810
27211129200,27211129195,-5,1226,2244
27214651857,27214651856,-1,910,1657
27220155475,27220155472,-3,1016,2028
27221512671,27221512669,-2,679,1378
27222495782,27222495769,-13,1015,2426
27222886806,27222886805,-1,1034,2334
27223920518,27223920511,-7,1104,4715
27224109434,27224109430,-4,1534,2889
27225146505,27225146502,-3,1030,2246
27226662469,27226662470,1,1036,867
27231065470,27231065467,-3,1272,2953
27231240122,27231240118,-4,1265,1486
27233653101,27233653097,-4,1093,2763
27234277072,27234277070,-2,1806,3031
27237633678,27237633677,-1,910,2028
27245631894,27245631890,-4,1164,2619
27251314628,27251314624,-4,1202,2264
27252149987,27252149984,-3,1479,2562
27253760634,27253760634,0,1284,2284
27254419271,27254419267,-4,843,2056
27255381040,27255381034,-6,1237,2885
27255557076,27255557074,-2,1367,3491
27256030381,27256030378,-3,1389,3829
27257768611,27257768606,-5,690,1897
27263491765,27263491762,-3,1558,2283
27264802517,27264802515,-2,1702,2385
27267021830,27267021829,-1,1481,2408
27268097633,27268097631,-2,1165,1556
27271308190,27271308188,-2,960,1995
27275592948,27275592946,-2,844,1787
27277050714,27277050712,-2,1520,2216
27288702578,27288702574,-4,974,2466
27292412150,27292412148,-2,995,2080
27294952284,27294952281,-3,1011,2037
27295400343,27295400339,-4,1147,2643
27295898498,27295898494,-4,1001,1567
27297147080,27297147074,-6,1106,2329
27305071698,27305071695,-3,1175,1711
27306468871,27306468869,-2,669,2539
27306659657,27306659663,6,2086,773
27308131026,27308131023,-3,783,1556
27309326122,27309326121,-1,1258,1973
27319469635,27319469633,-2,1187,1816
27320989724,27320989722,-2,1388,2672
27321960150,27321960149,-1,1436,2355
27324651823,27324651822,-1,1298,1916
27325048711,27325048707,-4,553,1175
27329387633,27329387629,-4,1392,3326
27335629535,27335629533,-2,1381,2119
27336498695,27336498691,-4,1587,3172
27342244344,27342244341,-3,604,2158
27342893375,27342893390,15,822,1685
27350518035,27350518032,-3,915,1624
27350853013,27350853009,-4,965,2302
27351230598,27351230597,-1,883,1963
27361152533,27361152530,-3,945,1653
27362072427,27362072424,-3,1144,1630
27364167371,27364167367,-4,1150,2390
27365695950,27365695947,-3,959,1540
27368018822,27368018817,-5,753,2674
27370464982,27370464989,7,800,1619
27371086364,27371086362,-2,1263,2098
27371253831,27371253825,-6,745,2146
27379366619,27379366618,-1,1102,977
27380261238,27380261238,0,2133,3366
27383149294,27383149292,-2,959,1948
27383666039,27383666018,-21,993,1863
27384096067,27384096066,-1,789,1563
27386091910,27386091906,-4,1442,2732
27389580168,27389580164,-4,1032,1996
27390233310,27390233309,-1,1280,2444
27395118978,27395118977,-1,857,1375
27398046868,27398046866,-2,607,1845
27401448620,27401448618,-2,1119,2234
27402471582,27402471579,-3,1353,2682
27409565991,27409565989,-2,1331,2015
27411652162,27411652161,-1,1014,1937
27414372282,27414372280,-2,965,2048
27416025084,27416025092,8,3105,1066
27416474056,27416474054,-2,1009,1519
27417907214,27417907211,-3,1145,2644
27418141190,27418141211,21,1296,1912
27418894298,27418894297,-1,1002,1713
27420124752,27420124750,-2,1421,2264
27421051067,27421051065,-2,961,1764
27424874596,27424874590,-6,1003,2163
27425147900,27425147905,5,2617,1985
27425422164,27425422162,-2,1200,2521
27426543826,27426543824,-2,1135,2081
27426698789,27426698783,-6,673,1726
27426953692,27426953712,20,1334,2905
27427695501,27427695498,-3,1075,2774
27427777906,27427777902,-4,895,2024
27428647770,27428647766,-4,768,1402
27429244909,27429244929,20,626,1468
27436512426,27436512424,-2,1234,2052
27436638303,27436638282,-21,1056,2507
27439551218,27439551217,-1,662,2079
27443234456,27443234453,-3,1027,1920
27444440073,27444440070,-3,929,2038
27449499269,27449499263,-6,1262,2580
27449611270,27449611268,-2,750,1689
27454666404,27454666402,-2,1232,1773
27456289367,27456289366,-1,745,1236
27458784989,27458784989,0,1157,2228
27461658593,27461658589,-4,977,2429
27461924923,27461924920,-3,813,2159
27466546538,27466546535,-3,1248,2479
27468682767,27468682765,-2,947,2059
27470240722,27470240720,-2,934,1512
27482393684,27482393683,-1,863,2191
27483519894,27483519894,0,1095,1728
27495671655,27495671654,-1,1194,2690
27497441891,27497441886,-5,1251,2689
27499010983,27499010981,-2,1096,2008
27500930360,27500930358,-2,1127,2010
27503443770,27503443766,-4,1075,1975
27504739019,27504739018,-1,1065,2415
27504778349,27504778343,-6,1755,5654
27505708182,27505708175,-7,945,1583
27507598623,27507598622,-1,1198,1898
27509952919,27509952915,-4,1434,2050
27510377636,27510377634,-2,954,1861
27512558147,27512558144,-3,1348,2249
27518527977,27518527980,3,2509,2039
27522239802,27522239800,-2,1356,3168
27522707730,27522707727,-3,1124,2242
27528734001,27528733999,-2,909,1949
27529275009,27529275011,2,1784,1602
27529385622,27529385620,-2,1286,2445
27533255883,27533255881,-2,963,1627
27534367799,27534367797,-2,1024,2211
27534617025,27534617021,-4,1493,3403
27536414833,27536414829,-4,826,1923
27537241850,27537241856,6,1404,2212
27543522019,27543522017,-2,1285,2315
27549111335,27549111334,-1,943,1876
27553123395,27553123390,-5,1144,3438
27557385963,27557385961,-2,1821,2540
27560960762,27560960758,-4,766,2349
27561580370,27561580373,3,2061,1719
27563896905,27563896901,-4,912,2102
27565269875,27565269875,0,737,1716
27566744409,27566744406,-3,1004,1724
27567530813,27567530813,0,1045,2201
27569919743,27569919742,-1,918,1633
27581044534,27581044533,-1,893,2080
27582383615,27582383635,20,560,946
27584214578,27584214581,3,1026,1726
27587147477,27587147474,-3,1235,2441
27587866950,27587866966,16,454,1318
27589683930,27589683926,-4,1019,1971
27591962718,27591962719,1,1298,2106
27593433662,27593433661,-1,1315,2839
27596552354,27596552353,-1,1189,2285
27597690267,27597690262,-5,1416,2191
27598460157,27598460153,-4,1323,2382
27599680870,27599680874,4,2805,1629
27602857965,27602857964,-1,1332,1796
27604336894,27604336893,-1,1081,2219
27611170665,27611170667,2,3648,3190
27612255821,27612255820,-1,1097,2367
27613238245,27613238245,0,689,1991
27614523927,27614523914,-13,1307,2718
27621955231,27621955229,-2,870,1977
27623325826,27623325822,-4,895,1730
27625504618,27625504617,-1,1697,1863
27627344414,27627344411,-3,1553,3478
27627905019,27627905017,-2,1154,1739
27628790150,27628790147,-3,1188,2207
27629484131,27629484128,-3,1136,2234
27631196868,27631196862,-6,523,886
27631755710,27631755729,19,1423,2183
27632361723,27632361722,-1,1025,1608
27633921845,27633921846,1,7868,10611
27634571309,27634571329,20,896,2049
27635124127,27635124125,-2,501,1213
27637904794,27637904791,-3,1478,2639
27638057987,27638057986,-1,871,3027
27638704400,27638704401,1,1114,1421
27641882407,27641882405,-2,965,1799
27643828947,27643828945,-2,1390,2779
27647437005,27647437002,-3,1153,2536
27649081990,27649082006,16,794,2924
27653303210,27653303209,-1,1226,2731
27656472303,27656472302,-1,881,2534
27660713691,27660713688,-3,1273,2466
27661375177,27661375178,1,1837,1900
27668190123,27668190123,0,1278,1916
27670632634,27670632630,-4,1153,2060
27671150850,27671150849,-1,1358,2357
27678473941,27678473937,-4,799,2310
27680118470,27680118466,-4,1652,2425
27680470251,27680470250,-1,1182,1922
27681228617,27681228615,-2,1179,2278
27681546549,27681546545,-4,1162,2032
27682516659,27682516657,-2,1392,2944
27683200401,27683200402,1,1295,1086
27685438394,27685438393,-1,1029,2096
27686752421,27686752435,14,14776,35578
27686824310,27686824306,-4,1237,2833
27687562277,27687562283,6,3325,1538
27691713083,27691713078,-5,1143,2298
27692030688,27692030686,-2,2621,5298
27694017389,27694017369,-20,894,2082
27694295965,27694295961,-4,828,3240
27703358442,27703358440,-2,1463,2901
27705608454,27705608451,-3,1183,1853
27713221823,27713221821,-2,1413,1815
27718600083,27718600081,-2,1080,2577
27720844607,27720844605,-2,1242,2384
27721039870,27721039866,-4,881,1685
27723585701,27723585698,-3,1582,2489
27724904773,27724904768,-5,1276,3016
27725837689,27725837686,-3,714,1347
27726315243,27726315242,-1,1032,2563
27727246285,27727246286,1,3778,4583
27729850466,27729850466,0,7157,9180
27731972570,27731972566,-4,972,2421
27737057751,27737057750,-1,1208,2043
27738350590,27738350587,-3,1065,2318
27738584578,27738584576,-2,697,1563
27738870290,27738870286,-4,1227,2285
27741340726,27741340723,-3,1220,3387
27745855858,27745855857,-1,1299,2116
27749131569,27749131567,-2,927,2564
27751086517,27751086521,4,9393,26312
27753415121,27753415127,6,2133,1527
27755347186,27755347184,-2,890,1802
27755556629,27755556639,10,224,860
27755946589,27755946594,5,2326,1048
27758035170,27758035165,-5,950,2278
27758915786,27758915786,0,1482,2731
27765081487,27765081483,-4,1042,1402
27768466053,27768466050,-3,830,2013
27768620828,27768620831,3,58,1299
27771741443,27771741441,-2,891,1450
27781066278,27781066278,0,945,2275
27781388909,27781388924,15,251,1127
27786211543,27786211541,-2,964,2084
27788090003,27788090000,-3,1133,1959
27792852235,27792852230,-5,1154,3109
27794479681,27794479678,-3,1451,2486
27795023366,27795023366,0,834,1386
27796825199,27796825195,-4,1332,2027
27803919834,27803919830,-4,2049,5044
27808081354,27808081353,-1,841,2047
27808111244,27808111242,-2,992,2704
27812221222,27812221222,0,1502,1909
27812447989,27812447986,-3,1393,2056
27815174314,27815174314,0,2273,3641
27818066916,27818066913,-3,648,2008
27818171101,27818171119,18,790,1283
27821566708,27821566703,-5,745,2799
27823666041,27823666042,1,1585,1887
27826949526,27826949524,-2,1192,1829
27828430606,27828430603,-3,950,1452
27829055422,27829055418,-4,1173,3124
27830521978,27830521977,-1,1856,1954
27833690845,27833690845,0,1847,1589
27840970540,27840970539,-1,1022,2735
27841627914,27841627914,0,1226,1815
27844641482,27844641479,-3,590,2014
27844748725,27844748722,-3,1270,2093
27846421047,27846421046,-1,848,1401
27847123459,27847123455,-4,1346,2358
27849334310,27849334305,-5,938,2120
27851660767,27851660766,-1,571,1365
27853325306,27853325305,-1,1063,2229
27854613309,27854613307,-2,728,1410
27856709091,27856709090,-1,1132,1758
27857454863,27857454861,-2,987,1672
27857508183,27857508181,-2,1111,2067
27859976587,27859976585,-2,1326,3143
27860604750,27860604750,0,792,2255
27862830318,27862830316,-2,1033,2285
27867289123,27867289121,-2,1091,1804
27868873614,27868873615,1,1434,1876
27870243197,27870243194,-3,746,1531
27870638182,27870638178,-4,1408,2399
27874991745,27874991743,-2,1487,2503
27876624374,27876624370,-4,1064,1965
27878754215,27878754213,-2,807,1911
27882327551,27882327548,-3,1384,1939
27882845046,27882845049,3,1417,1082
27884192900,27884192897,-3,1754,2851
27885979110,27885979107,-3,1141,1984
27886282447,27886282429,-18,738,1397
27898257731,27898257727,-4,1120,2681
27899054443,27899054441,-2,1354,2055
27901389478,27901389477,-1,1176,2067
27905373177,27905373178,1,1251,1302
27906021265,27906021262,-3,1071,1976
27908324705,27908324706,1,1285,816
27909625646,27909625642,-4,1411,2950
27914719491,27914719489,-2,1048,2229
27916152964,27916152961,-3,1021,2257
27918850637,27918850655,18,690,1573
27919436235,27919436231,-4,1005,2470
27922466383,27922466381,-2,1163,2032
27925182192,27925182190,-2,1121,2203
27926041278,27926041275,-3,1198,2264
27926664778,27926664777,-1,1063,2000
27927785868,27927785860,-8,952,1994
27928162984,27928162965,-19,268,1087
27928417523,27928417517,-6,1578,2702
27932276530,27932276530,0,1933,2073
27932557319,27932557315,-4,1088,2065
27934121581,27934121582,1,725,1189
27937371414,27937371412,-2,791,1892
27938692642,27938692639,-3,1335,2657
27939993529,27939993526,-3,1186,2041
27940689024,27940689043,19,948,2256
27945006661,27945006659,-2,1459,2106
27945465331,27945465331,0,1258,1676
27947063030,27947063028,-2,900,3037
27948003655,27948003656,1,3111,3100
27950851013,27950851010,-3,696,1785
27951942583,27951942581,-2,1848,2656
27954881688,27954881683,-5,2019,2803
27955112493,27955112510,17,1249,4300
27961052807,27961052805,-2,1316,2210
27962040839,27962040836,-3,540,1238
27962672314,27962672313,-1,1194,2581
27962783326,27962783322,-4,1209,2364
27965927614,27965927610,-4,1214,2336
27970773548,27970773546,-2,1371,2005
27971301515,27971301513,-2,993,1530
27977605383,27977605381,-2,1172,2273
27979569413,27979569410,-3,877,2236
27982768034,27982768032,-2,1015,2510
27983147159,27983147172,13,919,2267
27984358139,27984358136,-3,1468,2521
27986791629,27986791628,-1,1791,2557
27987114782,27987114778,-4,1033,2246
27987742693,27987742676,-17,1030,2328
27989362512,27989362516,4,2134,2077
27989888453,27989888453,0,12977,14696
27991789423,27991789421,-2,1187,2222
27995051884,27995051879,-5,1225,1730
27995522177,27995522174,-3,1008,2070
27997821949,27997821947,-2,980,1956
27999383186,27999383184,-2,1214,2452
28007425291,28007425289,-2,1050,2391
28011792114,28011792114,0,760,1848
28015481663,28015481668,5,999,1455
28021299051,28021299057,6,4243,1972
28024109123,28024109122,-1,1023,2426
28025495782,28025495778,-4,1410,3460
28033341873,28033341870,-3,935,1823
28036396853,28036396853,0,1008,1761
28039682114,28039682111,-3,1443,2825
28046666101,28046666098,-3,1071,2426
28048246810,28048246809,-1,785,2198
28049092428,28049092426,-2,1705,2716
28053128486,28053128484,-2,1013,1931
28054800830,28054800829,-1,1397,2302
28058869605,28058869601,-4,1265,3112
28059083327,28059083346,19,716,1619
28060847741,28060847737,-4,1128,2387
28062154155,28062154154,-1,902,1796
28065816977,28065816976,-1,1262,2582
28067385753,28067385750,-3,1575,2023
28070028778,28070028774,-4,1929,3232
28079004617,28079004614,-3,1194,1516
28081302662,28081302659,-3,761,977
28084745410,28084745407,-3,1583,2391
28085524651,28085524647,-4,972,2091
28092719713,28092719709,-4,1475,1625
28095908133,28095908129,-4,1362,2954
28100418138,28100418137,-1,639,1249
28108995954,28108995950,-4,1277,2522
28110876711,28110876705,-6,598,1308
28115882426,28115882422,-4,1011,1755
28117275183,28117275186,3,2308,2347
28120739827,28120739826,-1,1511,2004
28123255570,28123255567,-3,1368,1913
28130002578,28130002578,0,1415,2277
28133278296,28133278294,-2,1141,2689
28135806919,28135806917,-2,824,2198
28136108237,28136108218,-19,1078,1859
28136449972,28136449978,6,420,1058
28139268381,28139268373,-8,1619,2617
28143342153,28143342145,-8,816,6938
28146239796,28146239793,-3,1590,2271
28154872303,28154872298,-5,1458,2625
28156641496,28156641494,-2,900,1696
28160343707,28160343706,-1,866,1726
28162197470,28162197466,-4,1273,2690
28165693367,28165693365,-2,2098,5082
28165766442,28165766441,-1,1582,1910
28171270399,28171270401,2,1332,1485
28175117689,28175117686,-3,863,1870
28179571878,28179571874,-4,1715,3209
28180016074,28180016071,-3,1281,1887
28184629135,28184629132,-3,755,1210
28187941391,28187941390,-1,926,2087
28194755928,28194755923,-5,1207,3634
28196147602,28196147601,-1,1282,2783
28199769382,28199769378,-4,698,1662
28203909831,28203909830,-1,1393,2669
28203958179,28203958178,-1,1754,2180
28205388726,28205388725,-1,836,2232
28208923337,28208923334,-3,739,1984
28211145695,28211145693,-2,1088,2125
28211659330,28211659326,-4,1137,2014
28212718033,28212718030,-3,1179,1712
28213369043,28213369039,-4,1043,2281
28215776885,28215776882,-3,1217,1888
28218183870,28218183868,-2,1372,2309
28221198559,28221198557,-2,1525,2986
28221784304,28221784301,-3,1582,3342
28224953619,28224953626,7,9618,2385
28227849042,28227849038,-4,1113,2502
28230492942,28230492939,-3,984,1802
28231620469,28231620465,-4,743,1741
28233767912,28233767909,-3,1345,3573
28241710209,28241710206,-3,845,1427
28244257478,28244257473,-5,1319,1931
28247695574,28247695572,-2,957,1960
28248777154,28248777150,-4,1492,1939
28249141234,28249141232,-2,1398,2401
28259747821,28259747818,-3,1337,2758
28262069508,28262069503,-5,1204,2349
28262140095,28262140082,-13,1142,1750
28264609163,28264609162,-1,1237,1103
28266370205,28266370202,-3,807,2347
28266484230,28266484226,-4,1042,1511
28267949437,28267949436,-1,1271,1642
28274646883,28274646878,-5,970,1517
28290628594,28290628591,-3,1171,2914
28295865508,28295865519,11,169,818
28296325596,28296325594,-2,999,2182
28296357691,28296357688,-3,822,1527
28303889307,28303889306,-1,765,1555
28304172533,28304172553,20,552,942
28308792565,28308792586,21,2074,1594
28309171710,28309171706,-4,1075,2348
28314280388,28314280387,-1,1664,2378
28316047746,28316047743,-3,1699,2197
28319168575,28319168571,-4,1088,2863
28321746241,28321746246,5,2366,927
28324102313,28324102309,-4,1530,2352
28324885657,28324885678,21,783,2016
28327039830,28327039826,-4,1103,2890
28331431778,28331431775,-3,762,1963
28336073171,28336073169,-2,1490,2526
28336348228,28336348214,-14,339,913
28339495443,28339495441,-2,1101,2801
28342258526,28342258525,-1,8336,14631
28345810117,28345810113,-4,921,2338
28348032905,28348032902,-3,911,2848
28352662502,28352662508,6,2992,11174
28357431637,28357431637,0,1497,2389
28363367659,28363367654,-5,897,1645
28364582313,28364582315,2,1831,1400
28364818872,28364818870,-2,936,2146
28370364070,28370364069,-1,1829,3503
28372599981,28372599978,-3,1167,1371
28373257508,28373257531,23,938,2142
28375018432,28375018429,-3,1088,1917
28376899855,28376899854,-1,852,1598
28378784542,28378784538,-4,1362,2103
28380358097,28380358094,-3,1370,2633
28385813319,28385813319,0,988,1698
28392813186,28392813192,6,14755,25436
28398615662,28398615661,-1,875,1883
28399618678,28399618674,-4,1043,1837
28402122807,28402122803,-4,799,2114
28404726010,28404726005,-5,956,1607
28406351579,28406351577,-2,954,2206
28406930133,28406930129,-4,795,2195
28408910462,28408910459,-3,1519,2507
28414742882,28414742887,5,3187,1097
28419222201,28419222202,1,2229,1437
28420032481,28420032477,-4,1048,1493
28424622182,28424622180,-2,929,1687
28428662698,28428662697,-1,911,1465
28429991015,28429991014,-1,1140,1932
28430536725,28430536722,-3,1143,2329
28432839002,28432839003,1,1676,1695
28434554502,28434554498,-4,819,1557
28437694618,28437694616,-2,930,1656
28440481821,28440481830,9,11793,24405
28440548249,28440548245,-4,1375,2464
28442481949,28442481937,-12,981,1773
28442664446,28442664434,-12,1434,2416
28443876088,28443876085,-3,852,2009
28445380526,28445380525,-1,936,1743
28446791868,28446791867,-1,1961,2382
28447801108,28447801110,2,1867,2000
28451177724,28451177722,-2,1406,2668
28451381378,28451381376,-2,1255,3097
28461034516,28461034513,-3,1220,1893
28462832700,28462832697,-3,1177,2483
28464015127,28464015125,-2,1229,1829
28464644711,28464644708,-3,778,2312
28464778183,28464778181,-2,779,1572
28470181477,28470181483,6,3000,1091
28471787824,28471787819,-5,822,3206
28472341685,28472341685,0,1247,2334
28472388540,28472388537,-3,1031,2242
28472722310,28472722331,21,624,1337
28473523611,28473523609,-2,1245,2658
28474358586,28474358583,-3,829,1847
28474987976,28474987971,-5,878,2420
28478899334,28478899331,-3,1379,2992
28485047336,28485047333,-3,1382,3169
28486164705,28486164703,-2,940,1654
28489211691,28489211690,-1,824,2603
28493251195,28493251193,-2,900,1682
28495221646,28495221641,-5,973,3153
28495318813,28495318812,-1,1218,2033
28496946564,28496946553,-11,1211,1931
28496978510,28496978493,-17,1217,2574
28500420412,28500420410,-2,950,2503
28503436234,28503436232,-2,742,1826
28505954539,28505954536,-3,1142,1952
28506052074,28506052070,-4,930,2265
28507571081,28507571078,-3,1076,2037
28508855087,28508855083,-4,1596,2761
28511888718,28511888717,-1,968,2119
28521638701,28521638703,2,2182,1394
28522218879,28522218899,20,1883,1887
28523999515,28523999513,-2,761,2097
28526356728,28526356725,-3,1837,2645
28526797135,28526797133,-2,1544,2124
28529212731,28529212727,-4,833,2523
28529925071,28529925061,-10,1126,2153
28544685218,28544685216,-2,885,1796
28551507571,28551507567,-4,547,1178
28553041637,28553041634,-3,871,2054
28557870739,28557870738,-1,1378,2046
28557917458,28557917458,0,1251,1948
28563735036,28563735038,2,3234,2775
28567849030,28567849027,-3,893,2101
28568673157,28568673152,-5,1124,2228
28569730405,28569730407,2,1655,939
28572554775,28572554773,-2,1094,2061
28578622131,28578622129,-2,488,1196
28579901125,28579901121,-4,1241,2254
28583978390,28583978397,7,3758,1553
28585561398,28585561395,-3,1038,1596
28586203354,28586203353,-1,3403,4317
28589454741,28589454739,-2,845,1730
28589546589,28589546581,-8,932,5367
28594926202,28594926199,-3,1506,2887
28596337533,28596337530,-3,1279,2632
28596528042,28596528037,-5,855,1609
28597962611,28597962608,-3,1694,2547
28598104822,28598104819,-3,988,1680
28598196430,28598196426,-4,186,1044
28600426353,28600426350,-3,1282,2724
28602985185,28602985182,-3,951,2156
28603517670,28603517686,16,758,1330
28609685507,28609685502,-5,911,1690
28615259074,28615259074,0,1351,1829
28621959291,28621959275,-16,1761,616
28624186638,28624186633,-5,1318,2790
28624603728,28624603724,-4,807,1459
28628712853,28628712851,-2,1213,2128
28629365152,28629365171,19,870,2208
28630132395,28630132389,-6,1012,2349
28631359959,28631359958,-1,1424,2384
28636950629,28636950650,21,1041,2928
28639172339,28639172337,-2,1195,2020
28647592095,28647592094,-1,923,1808
28652561399,28652561396,-3,1202,2373
28657152930,28657152929,-1,1685,1912
28657534674,28657534675,1,1123,1907
28658917197,28658917194,-3,652,2074
28662057055,28662057050,-5,924,1807
28663736330,28663736325,-5,1717,2851
28664218519,28664218514,-5,1315,3605
28666387215,28666387214,-1,1125,1602
28668240069,28668240066,-3,1471,2306
28675150042,28675150041,-1,880,1895
28675708906,28675708902,-4,1409,2505
28677789414,28677789411,-3,1393,2585
28684851628,28684851624,-4,1006,3066
28686181326,28686181324,-2,1273,2074
28686222754,28686222754,0,854,1691
28691661391,28691661387,-4,1193,2463
28692461822,28692461818,-4,1577,3633
28701534318,28701534314,-4,893,1478
28712640110,28712640109,-1,1160,2299
28717762174,28717762172,-2,1008,1285
28718738878,28718738883,5,561,870
28720866397,28720866396,-1,1313,1733
28721780522,28721780522,0,3663,3774
28721882621,28721882618,-3,1067,2245
28723388269,28723388267,-2,1066,1873
28724550941,28724550939,-2,1098,2308
28724900072,28724900086,14,1091,2477
28729253890,28729253886,-4,1383,2185
28729908084,28729908082,-2,918,2334
28730039687,28730039685,-2,1112,1735
28731290969,28731290967,-2,816,1722
28734413070,28734413069,-1,1339,2971
28735948426,28735948422,-4,1270,3653
28737985742,28737985738,-4,942,1317
28743749354,28743749349,-5,1207,3576
28743783680,28743783678,-2,1529,2026
28743860089,28743860084,-5,1306,1559
28744435849,28744435855,6,2520,1673
28744475823,28744475822,-1,1536,2492
28745991353,28745991357,4,6881,33896
28751956730,28751956726,-4,1280,2558
28752284256,28752284273,17,1037,2772
28754667345,28754667342,-3,1463,2269
28757192531,28757192528,-3,1345,1992
28764009849,28764009849,0,1230,2022
28771787090,28771787089,-1,741,2176
28776580501,28776580498,-3,1338,2746
28779653063,28779653058,-5,1249,2358
28780135790,28780135788,-2,985,1594
28780752167,28780752165,-2,1094,2420
28786706150,28786706149,-1,1728,2578
28793632794,28793632789,-5,1210,1977
28796393218,28796393215,-3,1679,2747
28799290166,28799290162,-4,657,2105
28802670059,28802670058,-1,601,1000
28805081882,28805081881,-1,767,2060
28809650133,28809650130,-3,1203,3440
28814199048,28814199047,-1,1430,2108
28815471133,28815471130,-3,729,2134
28819561981,28819561979,-2,1172,1642
28821426981,28821426977,-4,1106,1954
28824642668,28824642662,-6,1002,2401
28824779400,28824779418,18,697,1564
28825361695,28825361697,2,1186,948
28826892766,28826892764,-2,843,2990
28830302454,28830302451,-3,1057,2415
28834282350,28834282347,-3,1091,1976
28835878310,28835878306,-4,1254,2030
28839063895,28839063893,-2,1476,2286
28840553795,28840553801,6,6119,2659
28841303124,28841303121,-3,1455,3037
28842957458,28842957455,-3,1460,2456
28843815535,28843815529,-6,907,1336
28845031927,28845031925,-2,869,2853
28848867714,28848867713,-1,1215,2294
28851095518,28851095513,-5,2157,6896
28851561318,28851561313,-5,932,1383
28852391818,28852391815,-3,1156,1920
28852490814,28852490806,-8,1441,3678
28852548486,28852548473,-13,982,1980
28853407311,28853407307,-4,1103,2030
28854556275,28854556272,-3,870,1860
28856476980,28856476977,-3,1161,2207
28858869719,28858869717,-2,716,2474
28858995308,28858995290,-18,1268,1588
28859557346,28859557346,0,636,1559
28864081374,28864081379,5,3979,2855
28864156201,28864156196,-5,1112,2597
28864194719,28864194725,6,418,1297
28870486687,28870486687,0,1067,2248
28872081830,28872081840,10,13970,51965
28872702870,28872702867,-3,1667,3316
28879130643,28879130641,-2,891,2452
28881453459,28881453457,-2,819,2510
28883090638,28883090634,-4,1242,2476
28885642484,28885642479,-5,1091,2122
28888941012,28888941010,-2,999,1849
28891317006,28891317002,-4,1366,2742
28896503330,28896503329,-1,1135,3024
28899541799,28899541799,0,1261,1282
28904993845,28904993841,-4,2124,2649
28905750954,28905750951,-3,1066,2599
28906039803,28906039798,-5,1019,2072
28906161938,28906161937,-1,1479,1822
28907310071,28907310067,-4,1052,2391
28908628359,28908628358,-1,973,1994
28910672499,28910672497,-2,881,1815
28913448190,28913448189,-1,1444,1989
28914146071,28914146069,-2,1377,2660
28916437722,28916437719,-3,1548,2599
28926130158,28926130157,-1,1229,2544
28929709801,28929709798,-3,952,2237
28931267954,28931267951,-3,1484,2293
28933249074,28933249067,-7,1082,4056
28933475862,28933475862,0,2475,3429
28939951571,28939951569,-2,1005,2095
28940287305,28940287301,-4,1116,3825
28949891963,28949891958,-5,38273,20069
28952819609,28952819612,3,2340,1701
28956810095,28956810094,-1,1440,2513
28960192395,28960192393,-2,1343,2257
28962330502,28962330503,1,726,1532
28962485538,28962485537,-1,864,2136
28973411454,28973411456,2,3346,3683
28973441359,28973441372,13,26699,15119
28973802789,28973802786,-3,916,2065
28983365344,28983365341,-3,1398,3665
28984797034,28984797030,-4,632,1932
28985854799,28985854796,-3,1417,2962
28986093764,28986093761,-3,1147,4129
28991074755,28991074752,-3,1209,2772
28993409658,28993409654,-4,860,1673
28996614018,28996614023,5,2146,1587
28997517653,28997517652,-1,842,1272
29000282210,29000282205,-5,51365,18781
29001188427,29001188420,-7,1352,6254
29003415747,29003415745,-2,1573,2675
29003996218,29003996215,-3,1496,1814
29010391675,29010391673,-2,1132,2491
29011485400,29011485398,-2,828,1637
29016629174,29016629173,-1,1460,2821
29020994662,29020994658,-4,766,1453
29026190367,29026190363,-4,959,2145
29026830206,29026830210,4,1458,1968
29031895502,29031895494,-8,1464,2741
29042076669,29042076666,-3,1742,2857
29042420074,29042420069,-5,1233,1979
29043908034,29043908030,-4,1124,2214
29045625495,29045625493,-2,1072,2168
29046297126,29046297122,-4,1529,1746
29047586141,29047586139,-2,1162,2070
29050312892,29050312890,-2,870,2396
29051899882,29051899875,-7,1083,1659
29055414471,29055414469,-2,1124,2691
29055730417,29055730414,-3,840,1663
29057269258,29057269279,21,655,1078
29066997958,29066997957,-1,1173,2264
29068716547,29068716542,-5,1031,2535
29071627433,29071627432,-1,1243,1764
29075375841,29075375838,-3,1009,1891
29079211847,29079211846,-1,836,1911
29083218325,29083218320,-5,1328,3911
29083522445,29083522442,-3,1438,2871
29086391167,29086391164,-3,1086,1595
29086891874,29086891872,-2,999,2446
29088856886,29088856886,0,1732,2871
29089157346,29089157342,-4,806,1407
29098914608,29098914604,-4,1682,2621
29102529696,29102529693,-3,1393,2196
29110013518,29110013513,-5,924,2749
29111183623,29111183621,-2,909,1824
29111778149,29111778165,16,65,973
29118186914,29118186915,1,822,1013
29120683615,29120683615,0,2376,3340
29124448542,29124448541,-1,1062,2295
29127303491,29127303489,-2,751,2346
29127932868,29127932867,-1,1185,1963
29128426096,29128426114,18,218,1109
29132699167,29132699165,-2,778,1952
29133553231,29133553229,-2,1043,2336
29136019965,29136019964,-1,1415,2186
29137986614,29137986612,-2,1436,2063
29141854199,29141854194,-5,1162,2281
29142960542,29142960540,-2,1499,3558
29144133105,29144133102,-3,1441,2212
29150815383,29150815382,-1,1138,2271
29154360144,29154360137,-7,1660,6051
29155656203,29155656200,-3,721,1184
29157525662,29157525657,-5,1159,3531
29159108161,29159108158,-3,1343,2400
29160378959,29160378956,-3,573,1719
29161568828,29161568823,-5,1419,3121
29167070659,29167070657,-2,908,2021
29169020802,29169020803,1,1491,1639
29171230609,29171230608,-1,1435,2424
29175567143,29175567139,-4,1358,3142
29176047646,29176047666,20,1461,3027
29176204941,29176204939,-2,1137,1442
29176258093,29176258099,6,3281,1710
29185178865,29185178863,-2,1595,2328
29187049407,29187049404,-3,1067,2126
29187973214,29187973212,-2,1404,2272
29190434427,29190434423,-4,723,1635
29196333659,29196333657,-2,828,1867
29200835779,29200835776,-3,889,2773
29203620491,29203620488,-3,1189,2441
29210230555,29210230551,-4,1089,2426
29211251924,29211251921,-3,1072,2214
29211435951,29211435947,-4,1177,2609
29212305325,29212305321,-4,1204,1946
29213733094,29213733090,-4,1620,2660
29216847494,29216847493,-1,1344,2790
29216873982,29216873978,-4,1457,3146
29219353923,29219353939,16,4245,1304
29222912435,29222912435,0,1520,2889
29227157179,29227157178,-1,1087,2089
29234210334,29234210332,-2,1142,2161
29238854768,29238854765,-3,1144,2600
29242145331,29242145329,-2,1085,2276
29243969104,29243969103,-1,981,1546
29244301895,29244301899,4,35202,43849
29249763783,29249763779,-4,1042,1991
29253090809,29253090805,-4,1312,2605
29256427744,29256427742,-2,1264,1905
29271456351,29271456347,-4,1141,2099
29272773631,29272773629,-2,1358,1999
29276888571,29276888569,-2,1410,3205
29277531799,29277531793,-6,1048,5644
29279419987,29279419986,-1,1086,1877
29281103155,29281103151,-4,1085,3179
29283406215,29283406213,-2,1395,2757
29287895362,29287895362,0,1322,1883
29294499093,29294499088,-5,755,2126
29297857797,29297857814,17,1117,2146
29301791850,29301791848,-2,1095,2888
29303720691,29303720690,-1,908,1954
29305709809,29305709805,-4,1301,2307
29306654666,29306654666,0,1063,2277
29307571650,29307571648,-2,1213,2326
29313555965,29313555962,-3,1254,2025
29313611486,29313611483,-3,1315,3539
29314552564,29314552562,-2,1597,2315
29315301234,29315301230,-4,1116,2556
29316838127,29316838125,-2,1420,1909
29323267875,29323267871,-4,1673,1901
29331674062,29331674058,-4,841,1695
29332566138,29332566143,5,2403,1407
29338870325,29338870329,4,4277,1957
29341668395,29341668390,-5,771,2254
29350386622,29350386618,-4,1144,2466
29351339994,29351339992,-2,1047,1797
29357281442,29357281438,-4,1151,2014
29357970038,29357970037,-1,1254,2127
29359561379,29359561376,-3,1161,3051
29363078306,29363078303,-3,698,1791
29363538062,29363538062,0,1413,2210
29371426951,29371426947,-4,1249,2947
29376438953,29376438950,-3,1092,2524
29378779002,29378778998,-4,1431,2402
29379662559,29379662558,-1,1044,1640
29381930137,29381930134,-3,900,1976
29382445953,29382445950,-3,1395,2818
29387773586,29387773582,-4,1349,2206
29391630413,29391630410,-3,1276,3078
29395651130,29395651125,-5,1033,2360
29398151873,29398151870,-3,1460,1958
29403109597,29403109603,6,1497,954
29403520403,29403520398,-5,908,2125
29404482718,29404482714,-4,1364,2497
29408668054,29408668053,-1,1312,1927
29410096869,29410096866,-3,1410,2609
29410175093,29410175089,-4,667,2094
29410598662,29410598658,-4,1109,2048
29411959325,29411959323,-2,1471,2665
29417271371,29417271368,-3,1189,3327
29419694447,29419694444,-3,1113,1838
29421348662,29421348658,-4,1031,1575
29422337290,29422337282,-8,1230,4488
29424407823,29424407819,-4,1209,2544
29427784092,29427784091,-1,1233,1974
29430535323,29430535322,-1,1124,2075
29431452099,29431452098,-1,728,1518
29434436719,29434436717,-2,1454,3161
29434462304,29434462304,0,1397,2226
29435852308,29435852317,9,336,948
29436603142,29436603140,-2,1423,2783
29437907578,29437907575,-3,19000,13431
29441486077,29441486082,5,3734,2001
29442280153,29442280150,-3,2394,2930
29445659645,29445659643,-2,982,2148
29449405106,29449405103,-3,1098,2245
29457248051,29457248049,-2,1239,1946
29461515022,29461515024,2,1103,1712
29464882851,29464882850,-1,1398,1359
29464931043,29464931041,-2,1157,2483
29467973163,29467973161,-2,1248,2060
29468177237,29468177234,-3,1340,1877
29471740625,29471740625,0,1552,2174
29472391898,29472391894,-4,1065,2233
29472426815,29472426834,19,632,985
29474508110,29474508107,-3,1517,2970
29477335434,29477335433,-1,1450,2645
29479955807,29479955807,0,668,1028
29485526741,29485526738,-3,1214,2268
29489723944,29489723941,-3,1398,2322
29489994111,29489994106,-5,1188,2119
29490120902,29490120922,20,1106,3287
29492949633,29492949635,2,2372,2100
29493034387,29493034386,-1,1095,2350
29499275117,29499275115,-2,1044,2871
29503671162,29503671158,-4,1083,2405
29507483821,29507483817,-4,1103,2741
29512986319,29512986317,-2,1120,1985
29513365203,29513365202,-1,1544,2998
29517595888,29517595893,5,25308,21056
29518767455,29518767453,-2,861,1671
29524656745,29524656742,-3,1275,1975
29525872417,29525872414,-3,2335,5582
29526710474,29526710478,4,4608,1942
29529124470,29529124468,-2,1369,2397
29530116743,29530116741,-2,1493,1762
29534933264,29534933262,-2,1353,1911
29535279086,29535279084,-2,1130,2944
29536386922,29536386921,-1,987,1638
29543654170,29543654169,-1,1199,1435
29547093546,29547093542,-4,873,2544
29547479868,29547479865,-3,1531,2997
29548512090,29548512086,-4,1075,2227
29548742371,29548742366,-5,1219,1560
29549163972,29549163969,-3,1160,2440
29549414173,29549414189,16,332,1359
29552083264,29552083265,1,1625,1714
29552933317,29552933315,-2,946,1723
29553253785,29553253782,-3,1241,2404
29560266630,29560266626,-4,1252,2300
29560421334,29560421330,-4,1661,2853
29565732806,29565732803,-3,1404,2558
29567803489,29567803489,0,1242,2278
29568990738,29568990735,-3,2003,2595
29573748327,29573748324,-3,1176,2066
29581539975,29581539973,-2,840,1157
29584138139,29584138137,-2,1037,1959
29585617385,29585617382,-3,1761,3571
29593239635,29593239635,0,1061,1666
29595484563,29595484559,-4,1093,2578
29598311453,29598311449,-4,32986,16528
29598954234,29598954231,-3,1649,2548
29599390181,29599390178,-3,1215,2834
29603211428,29603211427,-1,1476,2163
29610776379,29610776378,-1,376,499
29615294930,29615294926,-4,850,2563
29619634794,29619634790,-4,804,1565
29620956025,29620956021,-4,608,1723
29625379125,29625379123,-2,1550,1855
29625509326,29625509323,-3,1237,1784
29626941598,29626941595,-3,606,1549
29637815811,29637815810,-1,1132,2116
29648021236,29648021236,0,1040,1914
29648118225,29648118225,0,1873,2539
29648333987,29648333985,-2,1183,2371
29648749832,29648749830,-2,1448,2783
29650944531,29650944530,-1,1268,2601
29651675075,29651675071,-4,1363,2397
29651975019,29651975018,-1,944,2406
29658840534,29658840532,-2,1382,2369
29664478800,29664478806,6,6685,32795
29668785481,29668785479,-2,1628,2557
29668962620,29668962606,-14,148,1744
29674094102,29674094099,-3,1295,2932
29675697641,29675697638,-3,1211,2657
29677219708,29677219705,-3,1468,2234
29680269634,29680269635,1,1448,2395
29681651317,29681651320,3,3553,2832
29682678686,29682678685,-1,1168,1638
29685743443,29685743443,0,1323,1809
29690764297,29690764295,-2,1753,2727
29690956093,29690956090,-3,1364,3558
29692298770,29692298766,-4,975,2911
29692556467,29692556463,-4,1194,1850
29694397178,29694397177,-1,953,1370
29696338903,29696338900,-3,1653,2445
29698689956,29698689954,-2,1179,1949
29700090338,29700090335,-3,1378,2531
29704431046,29704431042,-4,1174,2205
29706592050,29706592048,-2,985,1811
29707979195,29707979192,-3,1245,3074
29711033466,29711033465,-1,1318,2182
29711662745,29711662751,6,4803,1767
29713412807,29713412803,-4,940,1697
29714965805,29714965809,4,1797,1278
29716317685,29716317682,-3,763,1769
29719235382,29719235378,-4,1295,2160
29724069896,29724069894,-2,1232,2015
29724946591,29724946577,-14,68,808
29727443283,29727443281,-2,1093,1966
29729068583,29729068580,-3,1511,3269
29729804422,29729804422,0,942,2075
29730700150,29730700145,-5,843,2271
29730979641,29730979637,-4,926,2005
29731146438,29731146435,-3,890,2296
29734535826,29734535826,0,1070,1318
29736851067,29736851067,0,1415,1639
29737317721,29737317717,-4,839,2013
29737851246,29737851244,-2,1227,2006
29738995513,29738995510,-3,828,1596
29745790218,29745790206,-12,1071,2258
29753072223,29753072222,-1,821,1575
29759926378,29759926375,-3,1058,1942
29764739783,29764739781,-2,1776,3995
29765729591,29765729592,1,2053,1922
29768081607,29768081603,-4,1365,2196
29769398702,29769398701,-1,1172,2212
29779421523,29779421522,-1,986,1455
29781149199,29781149197,-2,1221,2481
29781941159,29781941160,1,1255,1978
29787121201,29787121201,0,1164,1766
29787386325,29787386313,-12,1207,2691
29787828109,29787828106,-3,1133,3337
29797579739,29797579737,-2,1295,2865
29797923959,29797923958,-1,2248,4229
29799200123,29799200121,-2,1118,2716
29801695242,29801695241,-1,1575,1979
29804560032,29804560030,-2,1331,2557
29805939234,29805939236,2,1580,1708
29807948003,29807947998,-5,1332,2205
29808184036,29808184034,-2,1071,2179
29809283272,29809283294,22,383,1048
29809885299,29809885297,-2,1646,2800
29811911443,29811911442,-1,1220,2010
29812543814,29812543834,20,1005,2088
29814203222,29814203220,-2,976,1998
29827062551,29827062551,0,1496,2406
29827571051,29827571048,-3,1141,2717
29836669737,29836669736,-1,1290,3192
29840846223,29840846220,-3,1050,2975
29842259699,29842259698,-1,807,2959
29846851458,29846851455,-3,1163,2263
29849630531,29849630538,7,4877,2063
29850021339,29850021335,-4,1101,2160
29850713295,29850713293,-2,1585,1662
29852328068,29852328065,-3,877,2530
29856707606,29856707602,-4,1192,2858
29857007333,29857007333,0,805,1729
29863932789,29863932785,-4,1324,1971
29865731351,29865731345,-6,838,2713
29866466975,29866466955,-20,943,2069
29866851875,29866851873,-2,935,2285
29868157399,29868157394,-5,850,1752
29868269375,29868269374,-1,1274,2013
29868436454,29868436453,-1,1259,1618
29871148334,29871148333,-1,745,2182
29874317122,29874317121,-1,1086,2293
29877420498,29877420494,-4,954,2076
29879190266,29879190266,0,1458,2630
29881528166,29881528163,-3,1177,2234
29885081042,29885081042,0,1483,1582
29885156435,29885156430,-5,1303,1870
29893344374,29893344374,0,1255,2334
29901397078,29901397078,0,974,2098
29904111346,29904111343,-3,1054,2259
29907778085,29907778082,-3,1209,2673
29911844318,29911844315,-3,1371,2311
29915076741,29915076738,-3,890,2790
29916629084,29916629082,-2,1123,2188
29918698576,29918698570,-6,1462,3206
29920176117,29920176115,-2,1050,1872
29920912277,29920912276,-1,1736,2539
29922255604,29922255602,-2,1374,2276
29925709915,29925709916,1,1260,1635
29927280537,29927280541,4,3049,1822
29933736898,29933736895,-3,1013,1868
29935192771,29935192774,3,1760,1932
29939401372,29939401369,-3,1895,3315
29939584660,29939584654,-6,782,1713
29939719161,29939719163,2,34071,22710
29941308061,29941308059,-2,1319,1933
29942345523,29942345521,-2,1109,2292
29945156095,29945156093,-2,1522,2723
29950208157,29950208156,-1,1135,1849
29952879167,29952879167,0,1035,1146
29953526886,29953526886,0,1658,2624
29953912256,29953912255,-1,1204,2819
29957790226,29957790222,-4,1035,2290
29964541608,29964541603,-5,3073,9412
29965033479,29965033474,-5,1135,2137
29982794010,29982794008,-2,1104,1525
29984969110,29984969107,-3,1132,2429
29987403712,29987403726,14,218,901
29992330464,29992330482,18,768,1582
29993820586,29993820582,-4,1351,2780
29994816362,29994816359,-3,1980,3659
29996023486,29996023485,-1,1293,2264
29996396532,29996396530,-2,1315,2738
29999561742,29999561741,-1,1311,2203
30000590602,30000590601,-1,1234,2249
30001696649,30001696647,-2,1380,2386
30003375294,30003375290,-4,1310,2163
30004287389,30004287386,-3,1235,1988
30006215446,30006215443,-3,1332,2462
30012682902,30012682898,-4,908,1595
30018679743,30018679737,-6,1293,4778
30019002675,30019002670,-5,1086,2862
30022832963,30022832959,-4,1196,2719
30024414666,30024414662,-4,1180,2394
30027209478,30027209477,-1,1256,2551
30027519823,30027519839,16,230,848
30027960466,30027960463,-3,1426,2347
30038776398,30038776395,-3,1034,2826
30042914766,30042914764,-2,1384,1726
30046104047,30046104042,-5,1657,2787
30046739989,30046739989,0,1042,1844
30052690602,30052690598,-4,694,2602
30054836643,30054836641,-2,747,1659
30060150730,30060150736,6,3907,2659
30060979033,30060979028,-5,1226,3435
30064386177,30064386174,-3,1257,2240
30068060914,30068060915,1,1883,1730
30071149896,30071149899,3,1919,1252
30073461962,30073461960,-2,1019,3320
30073628735,30073628729,-6,823,4961
30079468666,30079468668,2,1338,2248
30079793595,30079793592,-3,967,2363
30081756173,30081756175,2,2358,2048
30082572890,30082572885,-5,679,2489
30084517966,30084517963,-3,1399,2060
30086956207,30086956206,-1,1388,2775
30088543684,30088543681,-3,834,3009
30088707056,30088707053,-3,1269,2212
30090545528,30090545535,7,15060,18475
30094967112,30094967111,-1,939,1711
30096496410,30096496409,-1,1250,2456
30096727701,30096727698,-3,1043,1390
30103655017,30103655014,-3,1049,2441
30104181863,30104181862,-1,1114,2060
30104930510,30104930507,-3,1070,2627
30105614534,30105614513,-21,659,2067
30112970142,30112970138,-4,1736,3092
30113838698,30113838697,-1,1135,2661
30118151566,30118151584,18,1516,1846
30118584922,30118584919,-3,1343,2852
30119407855,30119407855,0,1096,1126
30120126489,30120126486,-3,1183,1931
30122557027,30122557023,-4,1286,2308
30123535482,30123535479,-3,1397,2465
30125143006,30125143006,0,919,2031
30131845255,30131845254,-1,1132,2103
30133480826,30133480822,-4,721,2448
30134528244,30134528243,-1,867,1787
30135032711,30135032710,-1,1020,2940
30135777439,30135777437,-2,1111,2358
30136951986,30136951985,-1,1295,2548
30138331567,30138331563,-4,799,1652
30139723645,30139723642,-3,784,1581
30142338186,30142338183,-3,1501,1992
30143703227,30143703224,-3,1259,2946
30146056675,30146056674,-1,1417,1896
30147739480,30147739477,-3,1138,2251
30151517061,30151517057,-4,1616,2269
30157249655,30157249651,-4,965,1984
30158332070,30158332067,-3,1002,1668
30158878054,30158878054,0,33744,38006
30159009813,30159009813,0,1134,1832
30159733954,30159733951,-3,1387,1717
30160074611,30160074606,-5,954,3228
30162087050,30162087046,-4,2429,4609
30162614599,30162614595,-4,915,1918
30168729926,30168729924,-2,1372,2474
30173065426,30173065424,-2,1151,1926
30177613019,30177613015,-4,1061,1626
30180285553,30180285551,-2,1159,1639
30181628202,30181628201,-1,755,1692
30182545660,30182545658,-2,1351,2263
30183023423,30183023421,-2,1386,2281
30184760785,30184760782,-3,1074,2028
30193700394,30193700395,1,1091,842
30194998321,30194998318,-3,1153,1976
30201083403,30201083399,-4,2173,3275
30201640164,30201640162,-2,1174,2529
30201799994,30201799988,-6,1082,4768
30205395474,30205395474,0,2206,3253
30205698959,30205698957,-2,1360,1878
30208098558,30208098554,-4,1072,2011
30212424833,30212424830,-3,1592,2841
30215292131,30215292129,-2,1259,1882
30216103593,30216103591,-2,934,1864
30221624894,30221624895,1,2367,2631
30225638042,30225638038,-4,818,1485
30227635553,30227635550,-3,1177,3629
30228985789,30228985787,-2,1238,2093
30230586990,30230586986,-4,1668,2581
30232605881,30232605881,0,2359,3314
30238553507,30238553503,-4,1056,2089
30244519101,30244519097,-4,1261,2429
30244577590,30244577573,-17,1266,2463
30246564630,30246564626,-4,1308,2653
30248603412,30248603411,-1,9970,13676
30251558403,30251558401,-2,889,2018
30254489274,30254489271,-3,991,2015
30258312618,30258312615,-3,1340,2390
30261013297,30261013291,-6,864,1970
30264056134,30264056130,-4,1309,3030
30265701983,30265701983,0,77,586
30272114934,30272114929,-5,1089,2424
30273476558,30273476554,-4,1290,2343
30276188152,30276188147,-5,920,2719
30277917790,30277917787,-3,1335,2795
30278142858,30278142855,-3,1203,2098
30282049754,30282049752,-2,1549,2965
30288671478,30288671476,-2,983,2354
30291238158,30291238154,-4,1566,2968
30295559278,30295559292,14,12169,53128
30295701541,30295701538,-3,1169,2164
30296893222,30296893222,0,1165,1294
30298063702,30298063705,3,1487,845
30300873917,30300873920,3,3181,2806
30302435209,30302435212,3,1506,1169
30302601125,30302601144,19,1464,1763
30302842190,30302842186,-4,975,1915
30303399006,30303398993,-13,31016,15409
30310092362,30310092360,-2,1567,2794
30311369918,30311369919,1,1249,1799
30311561523,30311561521,-2,1774,1915
30313982950,30313982948,-2,921,1758
30315776964,30315776963,-1,995,1892
30315846590,30315846610,20,285,1206
30316779142,30316779138,-4,1048,2328
30319486648,30319486645,-3,1438,2756
30321507155,30321507153,-2,848,2240
30328474261,30328474258,-3,1168,2688
30330229757,30330229754,-3,1219,2007
30332219051,30332219049,-2,1311,2083
30336524333,30336524332,-1,1119,2048
30338063414,30338063411,-3,799,2241
30341290535,30341290533,-2,1412,1961
30344898721,30344898720,-1,1129,2473
30345612422,30345612420,-2,1215,1969
30347491138,30347491135,-3,1119,1989
30348443379,30348443377,-2,806,2143
30348614519,30348614519,0,819,1235
30352120679,30352120677,-2,1076,2521
30353704779,30353704775,-4,919,2817
30356055591,30356055589,-2,1126,1775
30357007495,30357007493,-2,1055,1665
30364582698,30364582695,-3,986,2022
30371399709,30371399706,-3,508,1812
30373030241,30373030246,5,1811,1329
30374937833,30374937830,-3,1055,2277
30379731269,30379731268,-1,1357,2323
30381783189,30381783186,-3,1382,1767
30386138167,30386138166,-1,1151,2102
30387801737,30387801734,-3,873,1058
30390289791,30390289787,-4,716,1652
30390943031,30390943030,-1,1580,2396
30391345466,30391345459,-7,1819,7279
30392530441,30392530448,7,4273,1373
30399612237,30399612243,6,1941,1012
30400141296,30400141295,-1,1455,1291
30403592013,30403592009,-4,1091,4603
30404735733,30404735725,-8,1257,1308
30407515542,30407515541,-1,605,1492
30410385066,30410385062,-4,913,2150
30412568762,30412568759,-3,836,2362
30416272047,30416272045,-2,842,1720
30418961626,30418961625,-1,1110,1596
30422246409,30422246406,-3,1314,2011
30429683535,30429683539,4,112,643
30433297768,30433297765,-3,1127,2479
30436293231,30436293233,2,9915,9117
30437714094,30437714094,0,1162,1800
30438245074,30438245073,-1,1168,2726
30440195296,30440195293,-3,1413,4339
30444124749,30444124746,-3,1157,1920
30446198678,30446198674,-4,1541,2341
30447115401,30447115398,-3,1117,2319
30451608398,30451608395,-3,1429,2107
30453501759,30453501755,-4,911,1200
30453841082,30453841087,5,1498,1324
30455994103,30455994101,-2,907,1950
30464217995,30464217993,-2,987,2683
30467081426,30467081447,21,1087,1202
30469314721,30469314718,-3,700,1721
30471501778,30471501776,-2,1162,1715
30472378451,30472378449,-2,1042,1559
30473050975,30473050954,-21,833,1767
30475109551,30475109550,-1,1013,1709
30475616100,30475616097,-3,1064,1748
30479388566,30479388563,-3,639,1639
30483904446,30483904445,-1,787,1266
30488586006,30488586004,-2,969,2817
30491985475,30491985475,0,994,2100
30493027105,30493027111,6,3794,1695
30497603963,30497603961,-2,960,2373
30499778661,30499778658,-3,976,1515
30505473126,30505473129,3,1709,1582
30506139773,30506139773,0,1147,1814
30507761027,30507761024,-3,1090,1889
30508420758,30508420757,-1,1139,1848
30508686949,30508686942,-7,1165,3190
30512123434,30512123430,-4,1063,2149
30512397648,30512397646,-2,24403,39293
30514549514,30514549512,-2,1097,2163
30515373063,30515373061,-2,1333,2553
30518061523,30518061522,-1,1036,1976
30520443962,30520443961,-1,1304,2222
30521733967,30521733961,-6,963,4904
30528348003,30528347996,-7,1488,4834
30529980125,30529980131,6,2046,1162
30535415443,30535415440,-3,848,2175
30538968478,30538968482,4,1899,957
30542105279,30542105282,3,1302,1085
30546013645,30546013642,-3,1796,3491
30546663082,30546663082,0,1298,2286
30558494001,30558494001,0,776,1321
30561493082,30561493079,-3,1122,1792
30562879605,30562879602,-3,1405,2894
30563237775,30563237775,0,1147,2190
30564417987,30564417989,2,1255,1351
30567766738,30567766735,-3,1449,2217
30568618852,30568618869,17,335,901
30575028050,30575028054,4,2194,1412
30579214247,30579214244,-3,1191,2449
30579863996,30579863993,-3,1361,2767
30580748731,30580748730,-1,541,1521
30581906159,30581906156,-3,1028,2876
30584073617,30584073617,0,1164,1985
30585059264,30585059262,-2,1324,2312
30593646309,30593646306,-3,1643,3143
30595900506,30595900502,-4,1214,2372
30597535774,30597535773,-1,1184,2294
30598937799,30598937798,-1,913,2271
30599287946,30599287942,-4,951,2027
30600204576,30600204586,10,253,950
30601728905,30601728902,-3,1223,2856
30604394783,30604394788,5,2227,1562
30606762051,30606762049,-2,1081,1913
30607681892,30607681914,22,916,1762
30608209273,30608209270,-3,1192,2429
30614913448,30614913443,-5,1027,2018
30615238926,30615238925,-1,1777,3327
30619952026,30619952023,-3,1062,2129
30621152054,30621152054,0,1074,1688
30623131906,30623131905,-1,1673,2382
30626215405,30626215411,6,5385,1790
30627009455,30627009451,-4,906,1503
30632299281,30632299286,5,2370,1553
30636625626,30636625622,-4,1005,1398
30637363141,30637363142,1,1057,1594
30638472074,30638472073,-1,1315,1909
30639274323,30639274319,-4,1042,1720
30640325559,30640325557,-2,909,1742
30641225795,30641225791,-4,925,2677
30644842462,30644842460,-2,1256,1658
30646180790,30646180786,-4,1002,3019
30647824323,30647824321,-2,502,1525
30652902670,30652902668,-2,1171,1760
30657812205,30657812206,1,1653,1980
30658789079,30658789076,-3,196,1020
30659787759,30659787757,-2,790,2206
30661197498,30661197494,-4,948,1787
30661759421,30661759419,-2,1288,2282
30662902821,30662902818,-3,1079,2419
30663828394,30663828395,1,2032,1815
30666785146,30666785150,4,2370,2241
30669150562,30669150561,-1,2273,4912
30669419518,30669419516,-2,1213,3051
30669821771,30669821767,-4,1001,2030
30672377589,30672377588,-1,1506,2079
30673180123,30673180120,-3,1364,1919
30673412791,30673412796,5,860,1569
30673862710,30673862708,-2,1270,2335
30675292058,30675292059,1,2395,2712
30683888096,30683888094,-2,1175,2984
30684548914,30684548909,-5,1284,2468
30685379598,30685379596,-2,1749,2953
30685872631,30685872627,-4,1323,2828
30687104099,30687104098,-1,932,2260
30689600179,30689600176,-3,1056,2945
30691216785,30691216785,0,1046,2003
30693981482,30693981478,-4,1356,1657
30694613327,30694613342,15,554,1858
30702146606,30702146609,3,1929,1990
30705967283,30705967281,-2,1368,2491
30712001771,30712001769,-2,1022,2659
30719738177,30719738178,1,1217,1789
30720656486,30720656485,-1,1619,2572
30722488455,30722488461,6,2200,1390
30725652958,30725652954,-4,2292,5494
30726869751,30726869743,-8,1203,2141
30727751766,30727751762,-4,906,1657
30731928931,30731928928,-3,708,2206
30732819478,30732819475,-3,1538,3019
30734225663,30734225660,-3,777,1911
30735893719,30735893714,-5,1120,2789
30736334505,30736334501,-4,1217,2176
30736734105,30736734100,-5,1180,2362
30744082054,30744082051,-3,1216,2954
30745181478,30745181474,-4,1114,3000
30745638775,30745638775,0,1860,2246
30746256930,30746256928,-2,1375,2754
30750545700,30750545693,-7,1481,5232
30751815282,30751815278,-4,1289,2064
30752030679,30752030670,-9,1065,1660
30758740576,30758740574,-2,1543,3025
30759992435,30759992432,-3,1229,2678
30760236333,30760236330,-3,810,1670
30761052424,30761052422,-2,1162,2472
30765607806,30765607805,-1,1224,2060
30780521337,30780521334,-3,1199,2829
30782758222,30782758216,-6,1000,3979
30784821870,30784821869,-1,1007,2547
30785479199,30785479197,-2,874,1968
30792802363,30792802361,-2,1231,2688
30793754455,30793754452,-3,1092,2033
30794586765,30794586762,-3,1106,2905
30797274262,30797274259,-3,1205,2076
30799503570,30799503565,-5,1153,2436
30803497711,30803497706,-5,1019,2049
30803997608,30803997604,-4,1163,2079
30804241772,30804241770,-2,1220,1777
30804537842,30804537840,-2,768,1174
30805984341,30805984359,18,1147,2458
30808969306,30808969300,-6,925,2065
30814427995,30814427991,-4,988,1626
30819374748,30819374746,-2,837,1691
30820536037,30820536033,-4,1514,2778
30822920971,30822920969,-2,1128,2115
30824844687,30824844687,0,1488,2382
30825957189,30825957191,2,1805,1576
30826285610,30826285609,-1,628,1399
30827712893,30827712890,-3,1506,2581
30829521391,30829521387,-4,1344,2349
30835617944,30835617938,-6,1449,2696
30836645996,30836645993,-3,1397,2798
30839248157,30839248155,-2,1087,1367
30841701733,30841701734,1,2062,2264
30844176207,30844176203,-4,1031,2329
30855017365,30855017362,-3,1201,1872
30855604698,30855604693,-5,2012,8549
30855958219,30855958217,-2,1711,2597
30856183791,30856183788,-3,990,2154
30862448810,30862448805,-5,799,3001
30862515409,30862515405,-4,1550,2162
30865616036,30865616030,-6,1342,2992
30868123791,30868123792,1,4058,3422
30870500535,30870500543,8,3307,1399
30871776113,30871776107,-6,1255,2394
30873305589,30873305586,-3,748,2179
30881604902,30881604901,-1,1201,1821
30883307701,30883307710,9,182,1141
30886496856,30886496853,-3,970,1972
30887869199,30887869195,-4,1028,1885
30889008190,30889008189,-1,1412,1777
30900028299,30900028298,-1,995,1724
30901816517,30901816513,-4,1314,2703
30902228892,30902228899,7,4436,2162
30904363133,30904363129,-4,1001,2227
30908215802,30908215797,-5,1657,5845
30912531869,30912531862,-7,1056,2383
30913528577,30913528573,-4,940,2213
30917540866,30917540870,4,5851,20755
30917658788,30917658786,-2,1297,2785
30919853618,30919853615,-3,1042,1874
30922723751,30922723746,-5,973,2462
30925907634,30925907632,-2,1033,2600
30927516568,30927516585,17,801,2321
30928117271,30928117270,-1,632,1303
30928700817,30928700815,-2,1375,3006
30944834418,30944834413,-5,862,2872
30952202174,30952202170,-4,1219,2989
30953160446,30953160451,5,5200,2642
30954946701,30954946697,-4,1058,2160
30958393862,30958393865,3,1749,1981
30972176615,30972176611,-4,925,1749
30974614670,30974614669,-1,889,1836
30974746405,30974746426,21,999,1355
30975042419,30975042415,-4,857,2534
30975838999,30975839013,14,1301,2328
30976772425,30976772423,-2,1303,1961
30978523431,30978523428,-3,1377,2054
30981793254,30981793254,0,1423,1741
30984393742,30984393738,-4,697,1660
30986642486,30986642482,-4,1161,2127
30989095542,30989095542,0,985,1378
30989152062,30989152083,21,1194,1989
30991950559,30991950561,2,1041,1920
30992294071,30992294088,17,1058,2491
30993705753,30993705750,-3,1732,2322
30996046601,30996046597,-4,1327,2172
30996370349,30996370345,-4,1156,2160
30996475833,30996475835,2,1673,1208
30997755073,30997755070,-3,1070,1777
30999334482,30999334478,-4,1305,2605
31008227131,31008227134,3,1651,1575
31008629477,31008629478,1,1850,1797
31009072983,31009072981,-2,943,2961
31010486234,31010486230,-4,1163,2257
31010721962,31010721958,-4,1019,2562
31016540407,31016540410,3,1408,1315
31017505063,31017505061,-2,974,2511
31022490190,31022490186,-4,910,3988
31024964066,31024964062,-4,1466,2986
31026546914,31026546911,-3,419,1134
31028080547,31028080546,-1,1131,2364
31029711695,31029711688,-7,1384,6976
31032905325,31032905331,6,1862,847
31033416705,31033416698,-7,1025,1291
31033746193,31033746173,-20,6418,6343
31035385030,31035385031,1,913,1072
31035859955,31035859953,-2,1156,2605
31038358693,31038358690,-3,1347,2386
31043815467,31043815463,-4,921,1361
31044596930,31044596926,-4,1342,2993
31045707972,31045707969,-3,887,2171
31047008445,31047008443,-2,783,1838
31047785781,31047785778,-3,1304,1550
31048404476,31048404473,-3,1593,1925
31050444536,31050444539,3,1070,1841
31058441703,31058441702,-1,1004,1419
31059410109,31059410104,-5,1233,2862
31065098459,31065098457,-2,739,1742
31073587712,31073587713,1,1926,1960
31074410043,31074410040,-3,1190,2522
31074663500,31074663490,-10,993,2142
31075326839,31075326826,-13,1335,2326
31076790218,31076790213,-5,1047,2147
31085969257,31085969254,-3,1122,2200
31086766945,31086766945,0,1667,2195
31088383222,31088383227,5,4361,2034
31092784250,31092784248,-2,1609,1980
31093934944,31093934942,-2,1346,2343
31094191106,31094191099,-7,1460,6518
31096859618,31096859614,-4,1035,2478
31100208216,31100208213,-3,690,2013
31104003472,31104003471,-1,1017,1713
31104546518,31104546507,-11,303,735
31107130292,31107130289,-3,1535,1730
31109915701,31109915698,-3,1241,1983
31110589785,31110589787,2,1861,1863
31118501090,31118501088,-2,1136,1749
31119298920,31119298918,-2,1583,1988
31120130397,31120130385,-12,992,1667
31120937925,31120937920,-5,1476,2473
31123027564,31123027558,-6,795,2287
31124902125,31124902123,-2,835,2131
31125582646,31125582630,-16,1037,2206
31126833804,31126833803,-1,1732,1994
31127376319,31127376313,-6,642,1222
31130713529,31130713525,-4,1119,2920
31137925327,31137925326,-1,57991,56369
31150266170,31150266173,3,10424,6414
31153406531,31153406536,5,822,1612
31153928359,31153928355,-4,1158,2782
31154249034,31154249042,8,4414,974
31156570766,31156570764,-2,1424,2267
31160451538,31160451538,0,736,1872
31160564119,31160564102,-17,934,2180
31160763590,31160763590,0,1193,2398
31161051573,31161051571,-2,1036,2388
31163884271,31163884270,-1,1132,2168
31171958075,31171958075,0,1121,1746
31176766368,31176766363,-5,1150,2736
31179280073,31179280067,-6,1135,3052
31179361813,31179361809,-4,1335,2252
31180353175,31180353172,-3,1272,2057
31185188786,31185188784,-2,964,2266
31185368820,31185368816,-4,792,1518
31186870442,31186870439,-3,1032,2105
31188016746,31188016744,-2,1517,2432
31197454455,31197454449,-6,891,3993
31197976806,31197976801,-5,1330,4032
31199147641,31199147646,5,2919,1890
31199481488,31199481485,-3,1337,2399
31205668084,31205668082,-2,38795,2513
31217223670,31217223663,-7,19709,12402
31220663066,31220663062,-4,1513,3283
31223512108,31223512105,-3,1024,1710
31227054234,31227054229,-5,768,1641
31228202892,31228202913,21,849,1472
31229632543,31229632523,-20,522,1132
31240877737,31240877735,-2,1191,2585
31241235655,31241235650,-5,1300,2552
31241498314,31241498314,0,1669,2508
31241626175,31241626170,-5,1623,5314
31242510019,31242510016,-3,725,1478
31243493738,31243493734,-4,1014,2026
31248190352,31248190349,-3,1510,1350
31249244067,31249244062,-5,1580,2880
31249966655,31249966674,19,1331,734
31250763656,31250763662,6,4258,1383
31251309463,31251309461,-2,1097,2314
31251425936,31251425955,19,405,1094
31262785393,31262785391,-2,1183,2227
31263897518,31263897516,-2,1135,2882
31265409262,31265409261,-1,1405,2806
31271965082,31271965079,-3,1797,3569
31272326801,31272326799,-2,1183,2641
31272842282,31272842281,-1,759,1869
31273065840,31273065851,11,483,2636
31275833994,31275833990,-4,1122,3070
31276118267,31276118265,-2,1105,2259
31277111294,31277111289,-5,1047,2448
31279259963,31279259962,-1,961,1942
31281313703,31281313698,-5,1092,2316
31282265352,31282265352,0,1552,1889
31288182463,31288182463,0,1132,1245
31293963455,31293963449,-6,939,4660
31298577800,31298577798,-2,1368,2227
31299148672,31299148670,-2,817,1996
31300151420,31300151413,-7,905,2423
31303084611,31303084606,-5,924,2136
31303572951,31303572946,-5,1320,2662
31307040718,31307040718,0,956,2358
31307723799,31307723795,-4,1434,2621
31308918670,31308918666,-4,1123,3281
31309264735,31309264732,-3,1241,2672
31311685165,31311685163,-2,913,2175
31320613593,31320613589,-4,978,2328
31321407061,31321407059,-2,1069,1507
31322431836,31322431819,-17,109,718
31324836862,31324836861,-1,930,1686
31325020549,31325020546,-3,1136,2103
31329415814,31329415813,-1,1431,2582
31329451694,31329451700,6,25,723
31329657260,31329657258,-2,1244,2334
31330564982,31330564980,-2,927,1334
31334459563,31334459560,-3,1272,1441
31338766545,31338766547,2,1586,1245
31341586466,31341586465,-1,1332,2612
31346433390,31346433386,-4,1196,2310
31346898727,31346898711,-16,956,1794
31349078231,31349078228,-3,1159,2519
31353092318,31353092318,0,1454,2062
31355047310,31355047309,-1,1035,1976
31356590245,31356590244,-1,1343,2823
31358867870,31358867868,-2,1076,2353
31362234773,31362234779,6,3398,1549
31363541153,31363541157,4,4214,2874
31367547377,31367547376,-1,717,1184
31368592623,31368592614,-9,721,2127
31368819610,31368819607,-3,1561,2000
31369528718,31369528697,-21,1170,1878
31369802725,31369802743,18,286,802
31373435176,31373435170,-6,55759,26325
31373924199,31373924194,-5,945,2184
31376249147,31376249143,-4,1024,1947
31378192320,31378192319,-1,980,2411
31378815635,31378815636,1,1428,1839
31381021582,31381021577,-5,791,1425
31384086528,31384086533,5,38917,56252
31384678854,31384678853,-1,1195,3144
31385939453,31385939450,-3,1407,1794
31390171426,31390171425,-1,934,1560
31390549250,31390549256,6,15449,18664
31394923625,31394923621,-4,1083,2068
31397919764,31397919768,4,1618,1311
31398375627,31398375622,-5,801,3086
31402446890,31402446888,-2,846,2048
31403430803,31403430801,-2,1094,2151
31403678934,31403678954,20,946,2420
31405801250,31405801246,-4,986,1924
31409810802,31409810801,-1,863,1471
31410662031,31410662028,-3,784,1575
31412195428,31412195426,-2,1008,2386
31415740930,31415740930,0,1197,2097
31416884938,31416884942,4,4045,2744
31418435552,31418435557,5,2367,1598
31424411881,31424411881,0,917,1531
31431684728,31431684726,-2,1235,2743
31434418459,31434418454,-5,1109,2854
31441552513,31441552509,-4,1332,2208
31442582002,31442582003,1,951,1267
31443687919,31443687915,-4,1015,2291
31448246602,31448246601,-1,1277,2339
31448517903,31448517902,-1,760,1436
31450795398,31450795398,0,782,1859
31453353365,31453353365,0,2208,3839
31457114021,31457114019,-2,1032,1779
31458243074,31458243076,2,1435,2056
31463009015,31463009014,-1,836,1207
31464065199,31464065198,-1,1276,1936
31466382257,31466382253,-4,956,1908
31466975853,31466975850,-3,1335,2553
31474898390,31474898390,0,1198,1695
31475845105,31475845103,-2,782,2719
31479331451,31479331453,2,1336,1869
31479837986,31479837984,-2,1050,1769
31481389754,31481389759,5,2261,1398
31488516647,31488516642,-5,973,2644
31491871232,31491871233,1,809,1680
31495321227,31495321224,-3,811,2548
31502061795,31502061793,-2,1195,1893
31503769574,31503769573,-1,692,2045
31520312167,31520312166,-1,953,1719
31530282893,31530282888,-5,1120,1814
31532027598,31532027596,-2,853,2056
31535189366,31535189364,-2,878,2431
31539502612,31539502610,-2,1212,2004
31543161167,31543161164,-3,1264,2458
31546766434,31546766442,8,10585,25912
31550195462,31550195466,4,2088,1460
31551173104,31551173102,-2,1006,1816
31552119961,31552119955,-6,1232,2915
31555515380,31555515378,-2,1254,2713
31562471780,31562471780,0,947,2029
31568898306,31568898304,-2,943,1755
31570195768,31570195765,-3,1298,2452
31570899821,31570899818,-3,1328,2585
31573804251,31573804249,-2,723,2080
31586603630,31586603630,0,1099,2096
31587493859,31587493856,-3,1322,2115
31591867111,31591867110,-1,887,2137
31592318908,31592318929,21,1075,1906
31592523241,31592523239,-2,878,1966
31593612015,31593612013,-2,807,1224
31594662026,31594662026,0,1042,1924
31600757643,31600757638,-5,1305,2528
31601181142,31601181138,-4,1235,2181
31602257967,31602257964,-3,1265,3280
31603266138,31603266134,-4,699,2073
31608862925,31608862932,7,3447,1560
31609874045,31609874042,-3,1235,2146
31610633338,31610633334,-4,683,2456
31611761232,31611761225,-7,1774,6071
31613693619,31613693618,-1,1472,2428
31615195527,31615195526,-1,1031,2404
31616638694,31616638697,3,2262,1249
31617937477,31617937474,-3,1150,3022
31623098350,31623098347,-3,1230,2020
31626700765,31626700766,1,1449,1437
31631149970,31631149967,-3,1227,1370
31633632745,31633632742,-3,1250,2508
31640834231,31640834230,-1,1105,2019
31641838029,31641838013,-16,110,983
31643896202,31643896199,-3,1463,1607
31646478853,31646478854,1,1393,1695
31648280489,31648280487,-2,874,1895
31654509350,31654509346,-4,1235,2517
31658979322,31658979322,0,1999,1820
31665312151,31665312146,-5,872,2328
31665781436,31665781434,-2,1191,2007
31666647010,31666647007,-3,1267,2355
31668493525,31668493522,-3,1350,2915
31668616910,31668616908,-2,1394,1598
31670361375,31670361375,0,1248,1826
31670480469,31670480463,-6,811,1674
31671956255,31671956252,-3,891,2286
31677472133,31677472126,-7,1771,8449
31686938946,31686938943,-3,811,1444
31689775949,31689775946,-3,787,1532
31692332507,31692332502,-5,927,2230
31694355485,31694355478,-7,1443,7514
31694669286,31694669274,-12,1417,2913
31697636443,31697636441,-2,1025,2643
31699535426,31699535422,-4,1320,2382
31705176057,31705176051,-6,1104,2217
31714801578,31714801577,-1,1161,1675
31717629557,31717629553,-4,977,2178
31717972014,31717972033,19,871,1793
31718581570,31718581566,-4,864,1520
31718677350,31718677333,-17,1221,2016
31725689074,31725689078,4,2051,1651
31726158812,31726158811,-1,1010,2151
31726403506,31726403503,-3,834,2092
31727386367,31727386362,-5,1878,2776
31733872060,31733872057,-3,1151,2482
31734571123,31734571121,-2,1095,2454
31738995646,31738995644,-2,1016,2037
31739031046,31739031045,-1,1122,2042
31741612183,31741612179,-4,1343,2443
31741838534,31741838533,-1,1230,1517
31744984587,31744984586,-1,904,3151
31745631974,31745631973,-1,1208,2035
31764982126,31764982126,0,889,1977
31766554938,31766554937,-1,1222,2152
31769606376,31769606374,-2,1541,1540
31770529802,31770529798,-4,1530,2411
31770662118,31770662126,8,14213,22447
31772720539,31772720535,-4,1013,3240
31773431894,31773431889,-5,1155,3199
31780489779,31780489776,-3,1082,1881
31790286127,31790286122,-5,87,1089
31790519814,31790519809,-5,1278,2000
31791163862,31791163861,-1,1142,2081
31794213430,31794213426,-4,1012,1802
31794479486,31794479487,1,1229,1345
31797565742,31797565740,-2,732,2290
31799869576,31799869573,-3,1006,1983
31800872572,31800872571,-1,758,1126
31803405962,31803405957,-5,1288,2688
31807901906,31807901903,-3,848,2023
31811432279,31811432275,-4,1202,2170
31815603159,31815603157,-2,1017,2916
31816190127,31816190112,-15,1269,2700
31821975939,31821975938,-1,1323,1976
31824803987,31824803986,-1,451,741
31827842050,31827842054,4,1570,1661
31836636471,31836636477,6,2227,1081
31836714616,31836714621,5,2024,1385
31839638535,31839638534,-1,389,827
31840112762,31840112763,1,647,1207
31840655996,31840655993,-3,1011,1708
31842270742,31842270734,-8,1223,1858
31843547791,31843547787,-4,1069,2496
31850436669,31850436657,-12,593,1863
31851899106,31851899105,-1,1477,2037
31852258175,31852258169,-6,1125,2348
31852858771,31852858767,-4,791,1723
31854133332,31854133326,-6,1912,8029
31855058266,31855058261,-5,824,2201
31855251198,31855251219,21,678,1479
31858833497,31858833494,-3,1231,2324
31858863627,31858863625,-2,841,2088
31860954956,31860954954,-2,1138,1770
31862575571,31862575570,-1,940,1463
31865136266,31865136263,-3,1463,2682
31866292965,31866292958,-7,1073,3204
31867575919,31867575917,-2,1143,1821
31867853990,31867853985,-5,745,3005
31874489485,31874489484,-1,1097,2110
31875314270,31875314261,-9,888,1688
31888381996,31888381991,-5,948,1993
31891327202,31891327196,-6,923,1759
31891761678,31891761675,-3,987,1714
31893074428,31893074426,-2,877,2390
31893205306,31893205304,-2,1177,1831
31893744614,31893744611,-3,1248,2006
31902216153,31902216150,-3,937,1971
31903178478,31903178470,-8,1503,2796
31912342311,31912342309,-2,1160,1806
31913072650,31913072649,-1,952,1166
31915113894,31915113890,-4,1014,3148
31916047374,31916047369,-5,1262,2735
31916830266,31916830266,0,1211,1853
31918387037,31918387037,0,1107,2005
31919925534,31919925530,-4,805,1642
31924222218,31924222215,-3,1008,1941
31927250663,31927250662,-1,1265,1823
31927567054,31927567075,21,560,1259
31932519653,31932519650,-3,1069,1958
31934460058,31934460055,-3,1104,1849
31936135356,31936135355,-1,1259,1292
31937508688,31937508685,-3,868,2184
31939252711,31939252708,-3,1295,2420
31941606162,31941606159,-3,947,2522
31941781190,31941781189,-1,1354,2544
31944876226,31944876225,-1,1098,1919
31944923378,31944923377,-1,1575,1795
31947453614,31947453611,-3,979,2281
31956177792,31956177795,3,1082,1037
31959103112,31959103118,6,4780,2943
31966652643,31966652641,-2,1055,1512
31967261349,31967261368,19,1118,1614
31973959963,31973959962,-1,1307,2771
31978508830,31978508827,-3,1296,1954
31984780142,31984780139,-3,834,1235
31986558357,31986558355,-2,1690,3043
31988160833,31988160831,-2,1189,1754
31988214103,31988214102,-1,992,2439
31988669730,31988669738,8,1831,700
31990355187,31990355183,-4,534,1935
31991120311,31991120314,3,1864,1069
31992636344,31992636341,-3,903,1677
31993002222,31993002220,-2,816,1507
31995858270,31995858268,-2,1435,1800
31996052459,31996052456,-3,899,1796
32000875235,32000875233,-2,1230,1968
32001125249,32001125246,-3,864,1932
32002766255,32002766253,-2,1099,2221
32012526454,32012526450,-4,822,2022
32013650810,32013650807,-3,1065,2118
32014984098,32014984078,-20,1844,1124
32016675389,32016675386,-3,1439,3068
32020635261,32020635258,-3,1142,2173
32029722933,32029722933,0,988,1049
32032001983,32032001982,-1,936,1955
32041749345,32041749341,-4,21429,13986
32044560151,32044560148,-3,1570,2891
32049051292,32049051290,-2,806,1993
32058444887,32058444885,-2,797,1141
32064925601,32064925601,0,695,1552
32066076575,32066076593,18,822,1730
32066932330,32066932327,-3,1162,2077
32068284931,32068284928,-3,1012,2194
32069062555,32069062553,-2,787,2302
32072612169,32072612166,-3,1540,2219
32075199554,32075199561,7,2763,1432
32078439022,32078439033,11,17893,26758
32083163233,32083163222,-11,1030,431
32088922016,32088922010,-6,1128,2492
32089098584,32089098602,18,403,967
32090197555,32090197568,13,462,935
32090868894,32090868914,20,1426,1843
32093568687,32093568686,-1,1125,2481
32097181498,32097181499,1,3095,2758
32104643541,32104643542,1,1458,2465
32111008911,32111008914,3,1849,1015
32111948749,32111948742,-7,1529,3870
32112532357,32112532354,-3,1443,2190
32113630063,32113630059,-4,907,2233
32114041611,32114041606,-5,665,1533
32122411518,32122411514,-4,1564,2910
32122621309,32122621305,-4,2282,5339
32123229831,32123229826,-5,1325,3273
32123390314,32123390310,-4,621,1632
32124841426,32124841432,6,2826,39346
32125104338,32125104333,-5,936,2900
32128216933,32128216932,-1,1134,2216
32133709381,32133709380,-1,1280,2264
32134928510,32134928507,-3,1452,2814
32136352469,32136352469,0,594,1828
32139551402,32139551403,1,1352,1486
32140991356,32140991353,-3,1172,2484
32143153866,32143153863,-3,1015,1539
32146526159,32146526179,20,570,938
32160538098,32160538095,-3,1238,2330
32164545717,32164545722,5,2932,2203
32168007161,32168007159,-2,1702,2995
32171499217,32171499215,-2,1052,1442
32172208673,32172208680,7,2855,1285
32173124588,32173124584,-4,1308,3760
32174142997,32174142993,-4,832,2317
32175383747,32175383753,6,3596,1805
32176459529,32176459534,5,5115,1746
32179116905,32179116903,-2,2394,4999
32180613009,32180613006,-3,1314,2209
32183626681,32183626676,-5,964,4288
32187119063,32187119060,-3,876,1802
32191665559,32191665558,-1,983,2223
32193717335,32193717334,-1,2416,4208
32193972575,32193972571,-4,1064,2538
32200011773,32200011776,3,1430,1027
32200920019,32200919999,-20,7250,945
32200969999,32200969997,-2,1393,1338
32207506180,32207506174,-6,867,3032
32212550382,32212550382,0,1323,2364
32213084213,32213084211,-2,1192,1678
32213312118,32213312115,-3,1247,1936
32214550625,32214550622,-3,1384,2531
32218910810,32218910806,-4,761,1990
32219509104,32219509118,14,841,1270
32221196234,32221196230,-4,1025,2898
32225643198,32225643194,-4,900,1331
32225942002,32225941997,-5,828,2888
32229702243,32229702239,-4,1240,3316
32230351922,32230351919,-3,698,2926
32238054073,32238054066,-7,1544,7893
32238317615,32238317622,7,253,1563
32242640879,32242640875,-4,1151,1973
32243171407,32243171405,-2,1275,3020
32243431398,32243431394,-4,983,2647
32245936417,32245936414,-3,861,1932
32246117210,32246117205,-5,1078,3009
32248297154,32248297150,-4,939,2178
32248350315,32248350313,-2,614,1065
32257800665,32257800662,-3,1134,1978
32261114972,32261114970,-2,1292,2818
32263763886,32263763884,-2,1558,2225
32265716297,32265716294,-3,1027,1422
32266363162,32266363159,-3,966,1841
32270031785,32270031782,-3,1127,2956
32272606002,32272605998,-4,1597,2485
32272973642,32272973638,-4,1140,2601
32273161455,32273161454,-1,831,1760
32274246567,32274246562,-5,1246,4080
32274610302,32274610299,-3,1486,2778
32281295862,32281295858,-4,870,1540
32298097018,32298097038,20,1544,1287
32308424500,32308424499,-1,1080,1560
32316535319,32316535314,-5,1109,1273
32316968897,32316968901,4,3291,1490
32319090923,32319090921,-2,894,1683
32319668978,32319668978,0,1689,1583
32321970402,32321970401,-1,1098,1506
32322590940,32322590960,20,1440,2290
32326060334,32326060339,5,3462,1512
32330921294,32330921289,-5,794,1963
32333436766,32333436765,-1,954,2227
32334557359,32334557355,-4,1051,2076
32339897752,32339897751,-1,906,2361
32341825165,32341825161,-4,968,1077
32343023466,32343023466,0,1180,1914
32346422117,32346422114,-3,1352,1760
32347310143,32347310134,-9,871,1256
32348748730,32348748727,-3,1154,1856
32350173022,32350173020,-2,983,2243
32352353540,32352353536,-4,825,1826
32353372707,32353372703,-4,704,1076
32355056019,32355056013,-6,1048,3506
32355974243,32355974240,-3,630,2035
32360217360,32360217340,-20,882,722
32361182295,32361182294,-1,920,2162
32364730294,32364730291,-3,1431,1615
32366138373,32366138370,-3,1289,1647
32367010719,32367010717,-2,1416,1885
32368332199,32368332194,-5,778,3466
32374060192,32374060189,-3,728,1328
32375045369,32375045366,-3,1655,2486
32375091414,32375091413,-1,1080,1534
32375369035,32375369031,-4,1506,1851
32375757701,32375757704,3,2989,2537
32376963198,32376963194,-4,1047,2094
32378502203,32378502200,-3,1083,2463
32379063309,32379063306,-3,1334,2708
32379834098,32379834090,-8,1121,6931
32383006957,32383006952,-5,1247,1788
32383988353,32383988351,-2,549,1803
32384765650,32384765643,-7,819,3326
32386140394,32386140396,2,1742,1695
32386299337,32386299334,-3,794,2547
32386612221,32386612243,22,520,1790
32386917855,32386917854,-1,1163,1754
32389359639,32389359635,-4,1053,3029
32391847461,32391847460,-1,1273,1931
32393252699,32393252697,-2,1079,1994
32396348395,32396348391,-4,842,2263
32399734938,32399734936,-2,1417,2045
32403314831,32403314834,3,1777,1672
32411236714,32411236710,-4,846,1959
32412021249,32412021246,-3,1170,1651
32412051879,32412051874,-5,1437,4575
32415638006,32415638001,-5,1139,2293
32418340686,32418340683,-3,1335,2675
32420374707,32420374705,-2,975,2192
32420590437,32420590435,-2,1195,2199
32421351227,32421351226,-1,1186,2916
32421435264,32421435261,-3,1259,3098
32421920375,32421920379,4,35,1124
32425739191,32425739189,-2,1151,2451
32428623025,32428623022,-3,1795,3158
32429176267,32429176266,-1,1019,1793
32432216982,32432216982,0,992,1893
32437325190,32437325186,-4,1116,1790
32437746652,32437746673,21,998,2064
32439001859,32439001854,-5,1043,2380
32442149581,32442149580,-1,1069,1840
32445765148,32445765142,-6,840,1333
32453955037,32453955036,-1,943,1945
32455640631,32455640627,-4,813,1862
32459192649,32459192645,-4,2022,2736
32462819835,32462819837,2,677,885
32465577174,32465577180,6,32417,51566
32465737103,32465737102,-1,1155,2021
32470521483,32470521482,-1,983,2135
32474125259,32474125255,-4,971,2440
32474276230,32474276226,-4,1571,2648
32475502471,32475502469,-2,1298,2165
32476638979,32476638978,-1,1385,2376
32477821349,32477821346,-3,961,1716
32479145152,32479145150,-2,1129,2407
32481012636,32481012633,-3,1107,2037
32481939798,32481939797,-1,749,1388
32482740718,32482740720,2,1427,1619
32486906294,32486906290,-4,616,1380
32492319292,32492319289,-3,597,1489
32494975431,32494975426,-5,1106,2866
32495610351,32495610371,20,1243,2897
32500376601,32500376597,-4,1144,2401
32505470639,32505470638,-1,886,1486
32505832494,32505832501,7,3796,1701
32508529046,32508529042,-4,1350,2936
32513396131,32513396129,-2,1022,1388
32514642968,32514642966,-2,1213,2702
32515937815,32515937811,-4,1065,2181
32518897114,32518897110,-4,1334,1706
32523491343,32523491338,-5,1080,2389
32524316942,32524316939,-3,784,1706
32525873474,32525873472,-2,1437,2150
32526749176,32526749183,7,3171,1397
32526868207,32526868206,-1,986,1565
32532782352,32532782350,-2,941,2047
32533234439,32533234442,3,2776,2292
32537855114,32537855110,-4,1036,2250
32539953046,32539953042,-4,1094,3196
32540092088,32540092086,-2,941,1039
32540568866,32540568863,-3,946,1812
32543005053,32543005054,1,1047,2045
32544168801,32544168803,2,1482,1682
32546966262,32546966258,-4,899,2330
32548840385,32548840383,-2,846,2032
32555338497,32555338495,-2,772,2298
32557096691,32557096687,-4,843,1981
32558523580,32558523579,-1,1222,1914
32560558573,32560558592,19,1583,1541
32562791070,32562791071,1,1108,1211
32564943319,32564943315,-4,1020,1961
32565535765,32565535761,-4,1398,2884
32572916735,32572916736,1,1959,2208
32576030206,32576030205,-1,1156,2365
32576312434,32576312437,3,1941,1900
32576980944,32576980943,-1,1719,1920
32577197463,32577197461,-2,1375,2661
32580810815,32580810794,-21,994,4450
32583663768,32583663765,-3,3163,7459
32583827662,32583827659,-3,1236,1406
32585311772,32585311769,-3,769,1928
32587957254,32587957253,-1,1305,2615
32591623947,32591623945,-2,1143,1823
32597381444,32597381439,-5,763,2546
32599075830,32599075826,-4,1309,2908
32600458350,32600458329,-21,1421,2789
32606866671,32606866669,-2,889,2632
32607139757,32607139753,-4,1222,2838
32607377549,32607377548,-1,1022,2264
32607656389,32607656386,-3,938,1809
32611433401,32611433398,-3,1146,1698
32613005945,32613005942,-3,1348,1878
32617558652,32617558650,-2,1070,2618
32622868813,32622868810,-3,892,2417
32625454762,32625454760,-2,959,2696
32625569031,32625569029,-2,1183,1929
32627526198,32627526197,-1,1129,1727
32629599439,32629599438,-1,1140,1746
32640322534,32640322531,-3,1464,3032
32645445978,32645445977,-1,1174,2530
32645845370,32645845368,-2,975,1702
32650799023,32650799025,2,1016,1697
32653367438,32653367435,-3,1261,2672
32660286545,32660286545,0,1187,1780
32663416807,32663416805,-2,854,1717
32663834879,32663834876,-3,1541,2563
32665525430,32665525428,-2,1486,3042
32666976926,32666976922,-4,1399,2119
32669163625,32669163628,3,10027,7642
32671642374,32671642371,-3,952,1899
32675181347,32675181342,-5,1870,6732
32675334790,32675334788,-2,851,1791
32680398677,32680398673,-4,1834,5818
32684068159,32684068154,-5,1082,1983
32685942975,32685942972,-3,1272,2483
32685971577,32685971569,-8,1280,3209
32689136373,32689136376,3,4357,19543
32691403645,32691403661,16,947,2674
32697109653,32697109650,-3,1452,2944
32698114183,32698114178,-5,839,2635
32701637458,32701637456,-2,1045,2552
32703569714,32703569712,-2,4451,18651
32707594767,32707594763,-4,1312,3449
32710456825,32710456820,-5,1173,2826
32710541859,32710541858,-1,1504,1597
32712170646,32712170645,-1,1289,1688
32717621134,32717621130,-4,1091,1798
32719878543,32719878542,-1,1431,2191
32724613026,32724613022,-4,1246,2264
32726033262,32726033259,-3,1374,1806
32728263725,32728263721,-4,1218,2742
32731837325,32731837325,0,1600,1641
32732824898,32732824894,-4,1457,2442
32735941870,32735941869,-1,979,2141
32738440277,32738440275,-2,1538,1656
32740136227,32740136233,6,2904,1411
32744772930,32744772928,-2,1762,2380
32746137286,32746137285,-1,811,2276
32754660321,32754660319,-2,1276,2462
32758789582,32758789580,-2,1011,1782
32764764437,32764764438,1,13629,15800
32780499081,32780499078,-3,927,1607
32794719850,32794719842,-8,722,9650
32794989400,32794989396,-4,1057,2520
32807339765,32807339764,-1,1427,2209
32809441270,32809441268,-2,1017,2223
32813596405,32813596401,-4,1212,1965
32814547270,32814547269,-1,1286,2066
32818738844,32818738841,-3,1473,2532
32819185267,32819185265,-2,1127,2180
32820467986,32820467985,-1,1039,2530
32822292291,32822292289,-2,926,1822
32828526199,32828526198,-1,631,1030
32829681650,32829681647,-3,1101,2200
32836310767,32836310766,-1,1195,1872
32837383838,32837383835,-3,1194,1982
32844186239,32844186240,1,1216,1856
32845569194,32845569192,-2,1569,2095
32847555875,32847555870,-5,744,1774
32850509181,32850509178,-3,1188,2219
32854633003,32854632999,-4,1026,2034
32860977471,32860977470,-1,1118,2243
32861807266,32861807263,-3,944,2291
32865396418,32865396414,-4,1129,2737
32866533087,32866533093,6,4196,2164
32867013700,32867013698,-2,1622,2518
32867403512,32867403509,-3,1008,2196
32868085902,32868085898,-4,918,2919
32871975942,32871975942,0,1361,2440
32874184303,32874184304,1,2028,1177
32875992963,32875992959,-4,862,2409
32876507736,32876507753,17,954,2543
32877328041,32877328039,-2,1843,2151
32877981433,32877981429,-4,1029,2284
32879449807,32879449806,-1,788,2114
32879629318,32879629314,-4,1390,2115
32879970350,32879970348,-2,1340,2036
32889906378,32889906377,-1,1416,1577
32890827521,32890827518,-3,1038,2413
32891411379,32891411375,-4,1341,2597
32894866290,32894866287,-3,865,2064
32897192258,32897192256,-2,1093,1773
32899938143,32899938141,-2,1211,1734
32902700194,32902700193,-1,1393,2407
32903032835,32903032834,-1,1058,2494
32903653159,32903653159,0,862,869
32905798173,32905798170,-3,750,2090
32911893963,32911893961,-2,1509,2054
32912067538,32912067538,0,952,1867
32912378963,32912378957,-6,1048,2078
32913801267,32913801264,-3,1385,3266
32917707371,32917707370,-1,1048,1184
32921815111,32921815110,-1,1358,2841
32924093558,32924093562,4,1674,1799
32926987495,32926987493,-2,1268,2645
32930185103,32930185100,-3,1499,2275
32940452211,32940452209,-2,1268,2101
32943296634,32943296630,-4,1030,2007
32943672784,32943672774,-10,173,807
32945696158,32945696163,5,2836,1140
32950898489,32950898485,-4,1395,2873
32957764359,32957764354,-5,921,1519
32960692363,32960692360,-3,1103,2577
32964779758,32964779754,-4,1120,2300
32973813377,32973813377,0,1310,1543
32975035994,32975035991,-3,1193,1951
32975404271,32975404260,-11,1186,1110
32978993268,32978993264,-4,1151,2398
32982703646,32982703645,-1,1015,2455
32987792618,32987792617,-1,1364,2029
32989057403,32989057401,-2,1099,1310
32994533740,32994533737,-3,907,2392
32999313806,32999313804,-2,906,1884
33005318066,33005318061,-5,863,2089
33008084206,33008084202,-4,1149,2173
33009340437,33009340437,0,1076,1453
33010963596,33010963598,2,2043,1700
33011146693,33011146712,19,338,908
33013097717,33013097716,-1,1410,2246
33018770923,33018770922,-1,1095,2133
33020175487,33020175483,-4,1110,2289
33020388341,33020388339,-2,1322,1492
33024017487,33024017484,-3,1348,1686
33025086678,33025086673,-5,1251,2043
33026011634,33026011633,-1,1276,2322
33026211209,33026211206,-3,1723,2520
33027803971,33027803969,-2,1400,2249
33030360318,33030360308,-10,772,2830
33030685638,33030685656,18,974,2384
33033865798,33033865798,0,1010,1575
33036010030,33036010025,-5,1008,2184
33038244359,33038244359,0,1341,2379
33040828946,33040828945,-1,1197,1685
33041788731,33041788730,-1,1285,1934
33053343365,33053343372,7,32505,98071
33055290187,33055290189,2,1379,1170
33056874888,33056874885,-3,1564,2509
33059473474,33059473470,-4,961,1938
33061786305,33061786302,-3,979,2338
33074770099,33074770094,-5,961,2102
33074881142,33074881133,-9,953,2003
33078665351,33078665349,-2,917,1577
33078941450,33078941443,-7,1015,3995
33084251911,33084251909,-2,648,1998
33088016705,33088016703,-2,1406,1883
33089000834,33089000833,-1,873,2211
33089565329,33089565324,-5,1050,2823
33089590456,33089590470,14,823,2126
33094357795,33094357790,-5,1029,2211
33105048339,33105048336,-3,1001,2314
33108014107,33108014106,-1,1195,2058
33111174781,33111174786,5,3037,1036
33114445715,33114445708,-7,1012,4936
33127565215,33127565208,-7,1089,3803
33131606293,33131606273,-20,2189,1384
33132854234,33132854234,0,1310,1236
33133522047,33133522046,-1,1103,2692
33140881461,33140881462,1,987,949
33143140234,33143140232,-2,957,2188
33146662486,33146662485,-1,932,1595
33147092027,33147092023,-4,1026,2028
33151144133,33151144130,-3,1348,1844
33153210300,33153210298,-2,1287,3142
33155007339,33155007338,-1,1298,1488
33156706898,33156706896,-2,982,1602
33159468833,33159468830,-3,1172,2902
33160092950,33160092947,-3,1055,2610
33161124994,33161124992,-2,957,2329
33161621293,33161621289,-4,1034,2469
33167097254,33167097251,-3,649,2362
33167907762,33167907758,-4,647,2015
33169544351,33169544349,-2,1476,2286
33171809345,33171809351,6,2741,1355
33177787238,33177787234,-4,1430,2433
33185510226,33185510224,-2,1364,2735
33189972246,33189972243,-3,1096,1958
33194665250,33194665248,-2,1226,2067
33195952754,33195952750,-4,1493,2882
33198342055,33198342051,-4,1611,3377
33201011667,33201011666,-1,1499,1905
33201797831,33201797830,-1,500,967
33202225572,33202225570,-2,1485,2909
33203963696,33203963693,-3,2005,5395
33206129401,33206129399,-2,1455,3218
33207478502,33207478501,-1,893,2276
33208254016,33208254019,3,3545,2544
33209058566,33209058565,-1,1512,1969
33209538228,33209538225,-3,809,1871
33218012258,33218012256,-2,1358,2802
33220013747,33220013743,-4,930,2358
33221407597,33221407602,5,2688,1305
33223707006,33223707011,5,1520,24249
33224583551,33224583550,-1,1673,2384
33224937866,33224937862,-4,1254,2765
33225367524,33225367521,-3,675,1852
33227094898,33227094897,-1,967,1073
33228231038,33228231035,-3,1207,1930
33232981630,33232981629,-1,945,1363
33236690668,33236690665,-3,1351,2476
33238494638,33238494634,-4,1150,2336
33242329874,33242329870,-4,1522,2243
33242415971,33242415969,-2,756,1534
33253192043,33253192042,-1,1308,1947
33254735514,33254735512,-2,1331,2319
33256257550,33256257546,-4,772,1615
33257352912,33257352910,-2,1203,1831
33257688396,33257688394,-2,1280,2456
33258261085,33258261081,-4,1323,2209
33265210379,33265210377,-2,1408,3222
33266136145,33266136141,-4,1248,1740
33268518847,33268518843,-4,1603,2802
33269160209,33269160231,22,1023,2287
33270654974,33270654971,-3,915,2110
33276525240,33276525237,-3,1387,2455
33277757087,33277757081,-6,1495,5355
33279319958,33279319958,0,1418,2063
33282620637,33282620635,-2,1340,2594
33286647490,33286647487,-3,947,1577
33286985815,33286985813,-2,787,1923
33287976032,33287976030,-2,912,1635
33290064308,33290064312,4,1705,1583
33292540614,33292540612,-2,1380,2077
33295983909,33295983906,-3,1054,2905
33299692122,33299692118,-4,1080,1836
33305217391,33305217389,-2,1010,2375
33316102919,33316102919,0,1130,2354
33317666590,33317666587,-3,1485,3516
33319200495,33319200493,-2,1495,2612
33319927607,33319927605,-2,1774,1596
33324045540,33324045538,-2,1251,2005
33326713750,33326713748,-2,984,1444
33327281711,33327281708,-3,1396,2119
33329184458,33329184456,-2,1222,2534
33330737146,33330737149,3,3937,2616
33330821854,33330821851,-3,1411,2061
33335845234,33335845234,0,1004,1920
33336897211,33336897210,-1,926,2162
33347784364,33347784363,-1,1050,2229
33350341009,33350341006,-3,2499,5263
33353655026,33353655021,-5,1177,2972
33353843249,33353843247,-2,964,2464
33357609842,33357609841,-1,1174,1762
33361773525,33361773523,-2,494,676
33365098798,33365098797,-1,1539,2443
33365909096,33365909094,-2,1237,3008
33368528301,33368528297,-4,1259,2469
33371615426,33371615424,-2,886,1648
33373194560,33373194566,6,2265,1287
33374573278,33374573277,-1,1133,2383
33374925140,33374925162,22,364,1009
33376263954,33376263949,-5,802,1549
33389557646,33389557651,5,2501,1039
33392494399,33392494398,-1,865,1847
33392580630,33392580611,-19,1209,1269
33393676280,33393676278,-2,1047,1852
33394666752,33394666749,-3,1117,1715
33404097662,33404097659,-3,1485,2132
33404558390,33404558409,19,472,1900
33410154070,33410154069,-1,1206,1691
33412082193,33412082189,-4,1094,2662
33413805293,33413805290,-3,1252,2472
33415883099,33415883097,-2,1223,2906
33418409058,33418409055,-3,966,1971
33419068889,33419068883,-6,1112,3958
33419897175,33419897174,-1,1137,2245
33420326233,33420326228,-5,1249,3063
33423239126,33423239125,-1,1043,1574
33423602164,33423602164,0,1098,2329
33423941901,33423941896,-5,975,2545
33424843166,33424843178,12,12606,43235
33428194413,33428194409,-4,1498,3376
33432217300,33432217300,0,1172,1830
33433549163,33433549157,-6,657,1345
33439348899,33439348898,-1,838,1656
33449871599,33449871604,5,3268,1025
33451343641,33451343637,-4,1285,2027
33451381310,33451381309,-1,1243,1951
33452501232,33452501230,-2,1204,1926
33452591401,33452591398,-3,1476,3177
33456756468,33456756464,-4,862,1639
33457263930,33457263926,-4,1228,1684
33460678917,33460678914,-3,1375,2467
33461486883,33461486881,-2,1142,2375
33467126086,33467126083,-3,1497,3090
33470124719,33470124716,-3,1070,2132
33472900626,33472900623,-3,1084,2769
33474243018,33474243017,-1,1186,3384
33474316750,33474316747,-3,507,2762
33476332402,33476332400,-2,1200,2929
33487302482,33487302478,-4,1440,1836
33492723359,33492723357,-2,1157,3221
33498177303,33498177299,-4,1274,1801
33498800033,33498800027,-6,2149,6281
33499168702,33499168701,-1,829,1393
33504077118,33504077117,-1,1005,1821
33505268137,33505268134,-3,1534,2055
33505308471,33505308465,-6,440,1633
33507435756,33507435752,-4,1735,6553
33513593050,33513593046,-4,1587,2788
33515385398,33515385394,-4,1005,2084
33515545891,33515545889,-2,1204,2572
33520588347,33520588342,-5,1574,2491
33523538114,33523538113,-1,2101,1673
33525578275,33525578270,-5,976,2298
33527010806,33527010790,-16,982,2180
33528447231,33528447219,-12,931,1244
33534298329,33534298325,-4,990,2349
33534802867,33534802867,0,1084,1960
33536056546,33536056547,1,1233,1715
33536605459,33536605458,-1,1197,2083
33537117596,33537117593,-3,1313,2568
33541106382,33541106378,-4,846,1364
33548364321,33548364321,0,1578,1406
33549309519,33549309518,-1,1322,2294
33550932529,33550932526,-3,1283,2757
33551576546,33551576545,-1,1624,1504
33556554950,33556554953,3,1830,1246
33563192490,33563192495,5,1611,936
33564808557,33564808564,7,2931,1195
33569433461,33569433458,-3,1216,2734
33569622639,33569622636,-3,756,1552
33570023749,33570023769,20,1392,6998
33574301954,33574301952,-2,1055,2337
33575045594,33575045590,-4,674,1512
33579297369,33579297367,-2,1561,2328
33581022514,33581022513,-1,1097,2104
33582840279,33582840277,-2,789,1055
33584946550,33584946550,0,1212,1514
33590024665,33590024660,-5,1376,4486
33590661314,33590661315,1,1199,2245
33594833602,33594833600,-2,1325,2322
33595630518,33595630521,3,1513,1703
33595749858,33595749857,-1,931,1431
33602203351,33602203353,2,1130,1540
33606662139,33606662138,-1,1188,1864
33608617998,33608617993,-5,1064,1248
33611680976,33611680989,13,359,655
33612001746,33612001745,-1,1209,2080
33614325255,33614325252,-3,814,2192
33617883043,33617883037,-6,1084,1948
33620451105,33620451102,-3,996,1223
33624673219,33624673218,-1,1373,2328
33626041362,33626041362,0,992,1605
33630800397,33630800394,-3,1124,2569
33639551235,33639551232,-3,939,1973
33642823854,33642823858,4,5016,3125
33643343092,33643343091,-1,1564,1950
33648978368,33648978364,-4,1012,2443
33651470450,33651470447,-3,1640,4603
33653293104,33653293102,-2,1059,2255
33657445121,33657445118,-3,1099,2572
33665471117,33665471113,-4,1016,1913
33669014250,33669014249,-1,1234,1775
33670984423,33670984419,-4,1073,2447
33671068778,33671068776,-2,1096,1518
33672536924,33672536919,-5,927,1885
33673259125,33673259118,-7,959,3296
33673428060,33673428078,18,922,1743
33676211737,33676211735,-2,1275,2545
33678683770,33678683769,-1,1107,2295
33680331116,33680331118,2,2145,1785
33681373223,33681373221,-2,673,1344
33684452859,33684452855,-4,791,2383
33685558470,33685558466,-4,1528,2542
33687296758,33687296755,-3,1061,2056
33690537162,33690537159,-3,1381,2613
33690730778,33690730774,-4,942,1563
33694967053,33694967051,-2,1320,1968
33698625321,33698625319,-2,1376,2106
33701951035,33701951033,-2,1420,2766
33702844722,33702844718,-4,629,2416
33704760651,33704760651,0,2359,3097
33707161670,33707161666,-4,1300,2133
33708516310,33708516308,-2,796,1415
33712342453,33712342450,-3,1126,1967
33712439871,33712439887,16,282,847
33716520345,33716520342,-3,1222,2089
33719626198,33719626195,-3,966,1576
33724096422,33724096417,-5,1246,3014
33725572731,33725572728,-3,1206,2586
33726872793,33726872794,1,811,1328
33734504082,33734504078,-4,1414,3726
33742021985,33742021982,-3,1623,2301
33748565086,33748565085,-1,1504,2520
33749360138,33749360139,1,557,1525
33750014170,33750014166,-4,1361,3052
33750341175,33750341173,-2,1032,1625
33751747027,33751747026,-1,1069,1414
33752078397,33752078394,-3,1044,2322
33759630009,33759630007,-2,1200,2562
33760764354,33760764350,-4,941,1988
33764226062,33764226062,0,1178,1670
33766763963,33766763959,-4,1483,2297
33771285302,33771285299,-3,1157,3524
33771467437,33771467417,-20,255,1157
33772203081,33772203083,2,1605,2373
33774529049,33774529045,-4,1393,3652
33774745597,33774745578,-19,190,530
33775332807,33775332805,-2,1046,2076
33776611401,33776611399,-2,1133,2340
33780674504,33780674506,2,1819,1483
33782642393,33782642391,-2,1041,2135
33783648464,33783648462,-2,1316,2269
33784758589,33784758586,-3,1368,2334
33786059799,33786059802,3,1884,2668
33787917769,33787917765,-4,828,1900
33788006581,33788006578,-3,1191,2137
33789918537,33789918532,-5,894,1664
33793292169,33793292164,-5,700,1424
33795895258,33795895255,-3,1330,2927
33796333959,33796333955,-4,1332,3276
33798316784,33798316779,-5,1515,2484
33802879096,33802879094,-2,1049,2595
33806366779,33806366777,-2,929,2107
33813648902,33813648898,-4,929,2058
33815934749,33815934746,-3,1133,1936
33819949806,33819949805,-1,893,1962
33822677370,33822677367,-3,962,1029
33826357451,33826357447,-4,1264,2055
33826804253,33826804275,22,212,2991
33828249007,33828248999,-8,32989,13439
33829974059,33829974054,-5,898,1836
33837692440,33837692436,-4,1634,3401
33842854140,33842854137,-3,910,1527
33843719614,33843719615,1,1207,1249
33846853882,33846853899,17,2166,908
33849959762,33849959758,-4,923,2269
33852367745,33852367742,-3,959,2153
33852843789,33852843787,-2,743,1416
33853922110,33853922108,-2,760,1667
33855101613,33855101614,1,1963,1624
33857565346,33857565353,7,2748,1081
33869990685,33869990682,-3,1281,2452
33871234566,33871234564,-2,1173,2199
33871323087,33871323085,-2,1187,2660
33871591369,33871591366,-3,1150,2888
33875657138,33875657139,1,1180,1670
33876985478,33876985475,-3,637,1152
33880905096,33880905093,-3,1267,2869
33883184681,33883184678,-3,1172,2838
33888594197,33888594194,-3,1473,2597
33888784793,33888784791,-2,1262,1604
33890340803,33890340799,-4,1278,3834
33891143986,33891143986,0,1391,1759
33896054095,33896054092,-3,1406,2501
33896756686,33896756683,-3,1041,1758
33897549246,33897549245,-1,1505,2208
33897984015,33897984013,-2,975,2380
33899204743,33899204739,-4,1309,2653
33904193717,33904193723,6,9649,3678
33904671394,33904671392,-2,1125,1840
33909026763,33909026760,-3,1443,1755
33911423843,33911423835,-8,1299,3169
33919549454,33919549461,7,2504,923
33920649022,33920649021,-1,1114,1617
33921060854,33921060851,-3,1056,2352
33922256826,33922256825,-1,1078,1914
33926270685,33926270682,-3,1094,2365
33929884752,33929884750,-2,822,2050
33930926808,33930926814,6,49,769
33931402902,33931402893,-9,1510,2221
33931484741,33931484739,-2,1051,1918
33932935476,33932935472,-4,663,2051
33936819870,33936819869,-1,1120,1988
33940055426,33940055423,-3,1091,1751
33943609547,33943609546,-1,1205,1611
33945111876,33945111870,-6,2650,11536
33945986314,33945986314,0,1472,1620
33948773445,33948773438,-7,1221,5718
33950746701,33950746698,-3,1321,2771
33952793243,33952793241,-2,1630,1823
33954856978,33954856974,-4,1169,1861
33956935327,33956935331,4,3308,2626
33960268821,33960268817,-4,846,1938
33963790623,33963790619,-4,459,1522
33964123864,33964123879,15,159,695
33967555801,33967555801,0,1254,2118
33968437617,33968437615,-2,644,1881
33969006725,33969006721,-4,1312,3710
33970300889,33970300886,-3,1304,2684
33971479692,33971479710,18,287,727
33975834711,33975834711,0,799,2381
33984214228,33984214230,2,1621,1447
33987285551,33987285550,-1,948,1883
33991971205,33991971202,-3,1379,3227
33993090593,33993090602,9,1300,442
33994617909,33994617908,-1,1354,1543
34001734386,34001734381,-5,889,1918
34005561631,34005561630,-1,1184,2932
34009446923,34009446920,-3,1367,3129
34014116643,34014116638,-5,1204,1905
34015486957,34015486955,-2,1298,2524
34020310630,34020310626,-4,1169,2296
34021138827,34021138827,0,1023,1533
34025108198,34025108196,-2,1063,1542
34025857555,34025857557,2,2295,1965
34027948459,34027948454,-5,1084,2818
34029866157,34029866154,-3,906,2135
34036404121,34036404118,-3,938,1751
34038801821,34038801817,-4,910,3672
34044875313,34044875319,6,6531,2659
34045762474,34045762475,1,1133,1689
34046119327,34046119324,-3,1155,1757
34048356851,34048356849,-2,676,1677
34051771028,34051771029,1,28643,17759
34054203185,34054203183,-2,1463,2639
34054693039,34054693037,-2,1415,2433
34054719970,34054719969,-1,968,1881
34055139028,34055139050,22,926,1455
34057495064,34057495061,-3,1299,2393
34057925519,34057925515,-4,1063,1510
34060329710,34060329708,-2,1147,1748
34062332622,34062332618,-4,755,2185
34062717469,34062717487,18,1307,1855
34066066216,34066066230,14,69,1136
34067468035,34067468039,4,75448,48871
34067884945,34067884953,8,11013,35891
34071399959,34071399958,-1,1321,2595
34072283399,34072283395,-4,1516,3780
34074173279,34074173277,-2,1034,2451
34076010711,34076010709,-2,1002,2378
34077526422,34077526420,-2,1321,2440
34079730728,34079730725,-3,1197,3177
34083226585,34083226582,-3,741,1980
34087683390,34087683389,-1,802,1447
34088708224,34088708222,-2,929,1659
34094245771,34094245767,-4,1250,2553
34095858391,34095858383,-8,835,2428
34096412207,34096412204,-3,1256,2655
34101373723,34101373721,-2,1238,2367
34106053399,34106053395,-4,1176,2122
34107387197,34107387194,-3,784,2598
34110994723,34110994721,-2,1210,1898
34111925286,34111925284,-2,1151,1705
34113408421,34113408418,-3,960,1124
34114296791,34114296789,-2,1337,2448
34118665845,34118665842,-3,1059,1839
34125065894,34125065890,-4,1803,5011
34126811979,34126811974,-5,1351,2800
34132846230,34132846231,1,2001,2269
34132938475,34132938474,-1,859,2145
34135396733,34135396730,-3,1280,2005
34137671642,34137671640,-2,921,2118
34141254525,34141254527,2,3539,2884
34143481250,34143481248,-2,973,2062
34145967662,34145967661,-1,1317,2520
34148436097,34148436102,5,3679,1498
34150556713,34150556709,-4,1745,3916
34159810020,34159810017,-3,1350,2825
34160046869,34160046871,2,32260,23453
34166108815,34166108810,-5,1031,2161
34175640676,34175640673,-3,1485,2602
34180866602,34180866601,-1,1241,1983
34186458197,34186458197,0,1686,1995
34186529722,34186529719,-3,1118,2324
34187970581,34187970576,-5,878,4638
34190067058,34190067041,-17,1057,2303
34196843537,34196843533,-4,1440,1951
34196945154,34196945151,-3,974,1870
34204041001,34204041000,-1,1328,2650
34205749359,34205749357,-2,1035,1878
34209610570,34209610570,0,1266,1580
34210974330,34210974330,0,782,1411
34211421995,34211421993,-2,1211,1988
34212629805,34212629801,-4,969,1936
34220351418,34220351415,-3,1149,2083
34221720619,34221720616,-3,1316,1872
34223269882,34223269879,-3,906,1619
34226613447,34226613444,-3,924,1839
34227062167,34227062164,-3,1138,1712
34231659469,34231659469,0,1240,1658
34233832702,34233832701,-1,1385,2487
34238268682,34238268690,8,3351,1583
34238937857,34238937855,-2,1123,1732
34242044189,34242044183,-6,1380,2653
34244897426,34244897423,-3,1405,2659
34247028377,34247028374,-3,1129,1920
34252184896,34252184895,-1,1173,2176
34254655753,34254655750,-3,911,2489
34257816862,34257816861,-1,749,1980
34257916176,34257916173,-3,1029,1660
34269179905,34269179903,-2,1283,2410
34275743827,34275743826,-1,31091,39852
34276310991,34276310988,-3,1029,2491
34276540422,34276540421,-1,832,2441
34277621880,34277621874,-6,1039,2689
34283137322,34283137318,-4,1255,2522
34284968850,34284968847,-3,1213,1717
34285189978,34285189975,-3,1369,2486
34285825887,34285825885,-2,1495,1939
34290150655,34290150650,-5,1238,2436
34294084522,34294084520,-2,1460,2818
34303147929,34303147926,-3,1116,1986
34313469550,34313469548,-2,890,1261
34317743906,34317743904,-2,1436,2137
34320051130,34320051127,-3,1480,3809
34321491231,34321491227,-4,770,1525
34322748894,34322748892,-2,1433,2509
34324558130,34324558125,-5,879,1517
34329858435,34329858433,-2,1009,2106
34330423726,34330423718,-8,2327,7092
34330686635,34330686634,-1,1263,1342
34332564274,34332564271,-3,1015,2157
34336345549,34336345546,-3,1032,2429
34340935298,34340935297,-1,1220,2602
34342723571,34342723568,-3,969,1612
34344804802,34344804798,-4,1208,2162
34346649494,34346649490,-4,893,1730
34348681095,34348681092,-3,412,1546
34357756428,34357756427,-1,1048,1832
34358782241,34358782238,-3,873,2481
34360278516,34360278538,22,564,1353
34361156457,34361156457,0,1014,1587
34361603852,34361603851,-1,1055,1932
34362531098,34362531091,-7,980,3200
34364572095,34364572091,-4,1136,2695
34365184451,34365184468,17,1034,2509
34368600473,34368600470,-3,1445,1631
34371299964,34371299961,-3,919,2368
34373559969,34373559972,3,1490,1567
34381676874,34381676870,-4,1198,2976
34384876644,34384876643,-1,3214,3629
34387717070,34387717068,-2,1082,2476
34388529981,34388529977,-4,1039,2097
34388807467,34388807466,-1,968,2698
34389499778,34389499777,-1,2020,2769
34390772029,34390772025,-4,1009,2311
34399204057,34399204057,0,1487,2313
34404173103,34404173102,-1,1557,2505
34404636789,34404636785,-4,1217,2469
34417220154,34417220151,-3,1306,2353
34421093798,34421093795,-3,1164,2174
34421239338,34421239336,-2,1134,2211
34424168432,34424168430,-2,1862,3046
34426257206,34426257202,-4,789,2700
34427790882,34427790878,-4,1231,2124
34428340319,34428340318,-1,981,1893
34433442317,34433442312,-5,1319,2612
34439081478,34439081477,-1,1644,1848
34446479012,34446479011,-1,1504,3103
34447638812,34447638807,-5,1120,2624
34451110110,34451110108,-2,1079,2097
34453798922,34453798918,-4,1022,2204
34459255782,34459255778,-4,1099,2134
34462102501,34462102494,-7,952,5497
34463533407,34463533406,-1,1992,2947
34465940537,34465940534,-3,1290,2519
34469740438,34469740434,-4,1206,2797
34469900111,34469900108,-3,271,782
34470664849,34470664847,-2,1085,2428
34472071490,34472071490,0,1194,2454
34473750789,34473750787,-2,993,2168
34475175954,34475175950,-4,704,1109
34476029796,34476029813,17,668,3471
34478118165,34478118163,-2,1275,1971
34479452624,34479452623,-1,847,1394
34482471688,34482471687,-1,1922,1682
34482553022,34482553018,-4,23958,10632
34483828082,34483828079,-3,1456,2209
34485217348,34485217348,0,1235,1592
34487381643,34487381641,-2,1093,2189
34494252031,34494252028,-3,1246,2587
34494757601,34494757598,-3,1349,3389
34499363799,34499363794,-5,907,1579
34499616975,34499616993,18,1248,2467
34501653445,34501653458,13,336,709
34502591444,34502591440,-4,1517,3911
34503210506,34503210508,2,1726,1790
34503466533,34503466530,-3,1759,2920
34504794223,34504794221,-2,806,1319
34509607509,34509607506,-3,1031,2395
34516640807,34516640802,-5,999,1660
34517198407,34517198404,-3,937,1673
34517454066,34517454064,-2,1453,2320
34520692929,34520692926,-3,1263,2135
34522641074,34522641079,5,1683,1136
34527280306,34527280304,-2,997,1769
34527622304,34527622302,-2,1083,1939
34530788535,34530788533,-2,1342,2810
34540305424,34540305421,-3,1474,2908
34545512418,34545512415,-3,1223,2418
34546129380,34546129397,17,291,997
34547918817,34547918814,-3,591,1179
34552913370,34552913375,5,2286,1205
34553085688,34553085671,-17,1935,870
34557235038,34557235034,-4,1158,3136
34576537554,34576537551,-3,1032,2716
34580677088,34580677077,-11,223,1311
34589573093,34589573090,-3,951,2737
34590032861,34590032881,20,1041,4719
34591657374,34591657371,-3,1036,2120
34595446421,34595446420,-1,1574,1891
34596820246,34596820245,-1,1244,2259
34598737973,34598737970,-3,1042,1838
34603033102,34603033099,-3,871,2087
34605448271,34605448269,-2,1074,2754
34607776882,34607776881,-1,964,2614
34608599372,34608599370,-2,1183,2647
34613209819,34613209818,-1,1414,3219
34613235252,34613235258,6,2872,1565
34616160617,34616160617,0,1002,2456
34616562527,34616562525,-2,1315,2081
34621175733,34621175730,-3,923,1322
34621805511,34621805506,-5,1136,2586
34622188338,34622188337,-1,969,1861
34627572647,34627572645,-2,1590,2199
34639328870,34639328866,-4,1131,3093
34640463371,34640463370,-1,1657,2203
34640714001,34640713999,-2,764,1557
34641520574,34641520572,-2,1393,1860
34643856326,34643856321,-5,1129,3360
34649621869,34649621864,-5,994,1723
34651203606,34651203605,-1,1519,3392
34652141223,34652141223,0,1307,2231
34653531580,34653531582,2,1190,910
34655552867,34655552866,-1,1133,1865
34657177776,34657177774,-2,1824,2813
34659574339,34659574339,0,996,1724
34660649308,34660649310,2,1522,1691
34667808998,34667808996,-2,743,1373
34670826178,34670826176,-2,1324,2527
34672817951,34672817948,-3,1459,3105
34673478449,34673478445,-4,1609,2463
34673565542,34673565527,-15,1432,3113
34678085864,34678085861,-3,1093,1676
34678270525,34678270521,-4,1651,2231
34687748579,34687748576,-3,996,2414
34689847731,34689847730,-1,903,2638
34692896216,34692896214,-2,807,1398
34694403594,34694403590,-4,1385,2202
34696287835,34696287830,-5,949,2149
34696822739,34696822737,-2,1279,1902
34706628175,34706628170,-5,1417,1958
34707611634,34707611632,-2,1011,2369
34712791309,34712791305,-4,1032,2715
34717620071,34717620070,-1,649,1583
34719516231,34719516226,-5,1193,2255
34720769722,34720769722,0,2638,4034
34722051742,34722051738,-4,2049,3956
34723784914,34723784913,-1,780,2167
34724871111,34724871114,3,3359,2731
34725816702,34725816699,-3,1780,2854
34728826903,34728826901,-2,1308,2686
34730667981,34730667979,-2,995,2277
34730848810,34730848808,-2,1009,1959
34736240450,34736240450,0,1302,2165
34738504279,34738504278,-1,1190,2359
34739295447,34739295442,-5,1268,2289
34742178639,34742178638,-1,1042,2246
34743516305,34743516301,-4,1002,2584
34745779230,34745779226,-4,932,2211
34750641533,34750641531,-2,1145,1705
34755008047,34755008046,-1,725,1100
34756104549,34756104546,-3,922,2308
34756684473,34756684471,-2,1224,1836
34765118283,34765118281,-2,704,1110
34768702907,34768702905,-2,989,2891
34770081633,34770081629,-4,1003,2000
34770541737,34770541734,-3,1062,2378
34772431372,34772431368,-4,1046,1903
34773042245,34773042265,20,445,2357
34775876609,34775876601,-8,326,897
34779025550,34779025548,-2,1363,2741
34779964402,34779964398,-4,1053,1975
34780676933,34780676949,16,424,1458
34783579427,34783579434,7,3939,1599
34785176922,34785176921,-1,1093,1581
34786901492,34786901488,-4,766,1700
34788539052,34788539050,-2,1370,1646
34792108356,34792108354,-2,1734,2500
34795719191,34795719190,-1,974,2227
34798232835,34798232832,-3,1374,3084
34799203906,34799203904,-2,1243,2604
34810945279,34810945273,-6,1218,1975
34811101205,34811101190,-15,1295,2393
34811860058,34811860054,-4,573,1294
34812915787,34812915785,-2,852,2361
34817530578,34817530574,-4,1251,2488
34824098671,34824098670,-1,1212,2502
34829764059,34829764056,-3,975,1498
34833359198,34833359193,-5,801,1634
34835149980,34835149977,-3,965,2294
34838423030,34838423028,-2,1184,2137
34840796262,34840796261,-1,577,1680
34844592854,34844592851,-3,1088,2037
34845124044,34845124067,23,478,1473
34845460438,34845460434,-4,1091,2974
34845995236,34845995233,-3,1383,2604
34846054876,34846054867,-9,1105,2226
34846801183,34846801178,-5,1753,3106
34849142331,34849142331,0,1552,1364
34850754347,34850754344,-3,1002,2115
34851242839,34851242837,-2,1032,2273
34851667951,34851667930,-21,406,1533
34853426286,34853426283,-3,991,2568
34856293819,34856293815,-4,1218,3298
34856815485,34856815482,-3,1324,2662
34859728122,34859728117,-5,725,1156
34860647237,34860647234,-3,1223,2044
34863416310,34863416306,-4,1400,2108
34869818709,34869818708,-1,732,1733
34871562675,34871562673,-2,1309,2534
34872377509,34872377507,-2,942,1667
34873460142,34873460139,-3,1235,1626
34873730644,34873730627,-17,1164,1666
34876049343,34876049341,-2,1516,2590
34878955389,34878955386,-3,1251,2949
34885575734,34885575733,-1,1465,2410
34894083824,34894083801,-23,1199,3231
34894997727,34894997725,-2,1010,1587
34902902154,34902902153,-1,1024,2516
34903503470,34903503487,17,834,2708
34903692717,34903692726,9,3479,787
34904621583,34904621579,-4,632,2354
34905437269,34905437269,0,1610,1930
34906352699,34906352698,-1,1421,1930
34910305131,34910305128,-3,1123,2238
34914206152,34914206152,0,1339,2083
34921682301,34921682297,-4,977,2331
34922020968,34922020984,16,710,1597
34925972999,34925972996,-3,1562,3129
34928400926,34928400924,-2,1000,1696
34929959463,34929959461,-2,1009,1572
34933788221,34933788217,-4,1223,1886
34935007641,34935007639,-2,1076,1664
34936527698,34936527695,-3,1313,2723
34939473718,34939473715,-3,1239,2191
34939520465,34939520462,-3,941,2066
34940174295,34940174311,16,1178,2236
34940446061,34940446045,-16,822,1846
34940867733,34940867730,-3,1328,2437
34942733181,34942733178,-3,1171,2552
34943209670,34943209670,0,1192,2010
34951820312,34951820317,5,17577,9283
34953324327,34953324322,-5,1768,2845
34953947073,34953947070,-3,995,1414
34956845131,34956845129,-2,1474,2504
34959653438,34959653435,-3,1095,1982
34962599176,34962599173,-3,1502,2677
34963175725,34963175743,18,917,1405
34967565531,34967565528,-3,1206,2453
34971883677,34971883675,-2,1766,2657
34975261873,34975261879,6,2961,1212
34978035091,34978035092,1,1228,1791
34980941410,34980941408,-2,1357,2754
34982410290,34982410289,-1,857,1575
34983179942,34983179962,20,1110,2154
34984315194,34984315192,-2,1056,1430
34985874855,34985874853,-2,1048,1531
34987832231,34987832232,1,30914,32087
34990665077,34990665079,2,3818,4016
34990948290,34990948288,-2,921,2416
34992782761,34992782758,-3,1013,2710
34995098963,34995098960,-3,1050,2400
34995612269,34995612266,-3,1062,1190
34995641154,34995641153,-1,1040,1914
34997423845,34997423844,-1,1816,2374
34997563708,34997563704,-4,1112,2877
34997886798,34997886795,-3,990,2491
34999716359,34999716356,-3,843,2056
35004727239,35004727236,-3,854,2424
35005111854,35005111850,-4,721,1195
35008746247,35008746246,-1,1664,2777
35010206328,35010206326,-2,1210,2097
35012613534,35012613531,-3,1103,1734
35013492857,35013492855,-2,1502,2283
35016501385,35016501381,-4,1548,2493
35020471382,35020471381,-1,1539,2152
35020527838,35020527835,-3,763,1604
35020591320,35020591337,17,432,904
35025197179,35025197177,-2,982,1825
35025615635,35025615631,-4,1399,2224
35028314103,35028314097,-6,1461,1856
35030372346,35030372345,-1,1440,2124
35032574220,35032574217,-3,933,1833
35034718878,35034718877,-1,1330,2949
35036058538,35036058535,-3,1230,2188
35042522457,35042522454,-3,789,1511
35043783369,35043783369,0,822,1473
35046024786,35046024783,-3,1613,3155
35050916008,35050916006,-2,1570,2765
35055675982,35055675981,-1,1035,2040
35056466966,35056466962,-4,1145,3667
35057034651,35057034649,-2,1447,2435
35057748094,35057748090,-4,832,2395
35061121010,35061121006,-4,1520,2787
35061239206,35061239205,-1,1282,2159
35067813222,35067813222,0,1035,2532
35070117461,35070117460,-1,3600,15127
35070703179,35070703176,-3,690,1450
35072810176,35072810176,0,1059,2656
35073113357,35073113354,-3,1053,1734
35074944838,35074944835,-3,1152,1994
35079255706,35079255703,-3,1384,2646
35079463995,35079463990,-5,1353,3779
35082044818,35082044818,0,1523,1731
35082498172,35082498170,-2,1458,2779
35083146156,35083146154,-2,1293,2352
35084658809,35084658807,-2,1491,1928
35085670944,35085670947,3,1790,1719
35089253983,35089253982,-1,1267,1515
35089602088,35089602086,-2,941,2495
35090749628,35090749630,2,1217,1057
35093477117,35093477114,-3,1338,2323
35094211776,35094211774,-2,990,2094
35100664025,35100664022,-3,885,1690
35101478902,35101478895,-7,816,3198
35103225226,35103225221,-5,791,1989
35104253631,35104253627,-4,1126,1864
35104364601,35104364598,-3,790,2782
35105358287,35105358284,-3,1020,2187
35105512380,35105512378,-2,1187,2008
35110989429,35110989426,-3,1070,2656
35113131545,35113131542,-3,1463,2357
35114401277,35114401274,-3,1078,2525
35114738814,35114738812,-2,1159,1349
35115021975,35115021973,-2,1198,1893
35116097987,35116097984,-3,1579,2305
35116759302,35116759297,-5,270,743
35122051553,35122051549,-4,1257,2344
35124734681,35124734678,-3,1313,2156
35128433698,35128433706,8,2100,965
35132596961,35132596959,-2,1149,2876
35134884222,35134884218,-4,934,2472
35137173914,35137173914,0,1116,2568
35140530198,35140530194,-4,1292,3114
35151295586,35151295583,-3,1338,2751
35157950447,35157950446,-1,1597,1293
35161724762,35161724758,-4,1194,1914
35164689737,35164689734,-3,1817,2635
35167590379,35167590386,7,4498,3094
35168453447,35168453444,-3,1202,2063
35170688254,35170688253,-1,1079,2652
35173830385,35173830384,-1,948,1496
35178012026,35178012025,-1,1091,2340
35182595251,35182595249,-2,1116,1731
35183778718,35183778716,-2,987,1569
35186006895,35186006893,-2,1159,1550
35188387811,35188387810,-1,1302,2537
35188732709,35188732696,-13,867,1966
35189592558,35189592578,20,701,1803
35197642090,35197642089,-1,1135,1606
35199208419,35199208418,-1,894,1984
35199770535,35199770533,-2,1000,2300
35199829022,35199829011,-11,241,717
35200502237,35200502233,-4,816,2018
35202112668,35202112665,-3,1367,2109
35202394263,35202394262,-1,1314,2484
35203202929,35203202926,-3,845,2190
35206690906,35206690903,-3,1020,2198
35206937029,35206937028,-1,833,1379
35208149950,35208149947,-3,801,2477
35209923674,35209923670,-4,1550,1906
35210122892,35210122889,-3,1038,1928
35210465349,35210465347,-2,1269,2252
35214573743,35214573740,-3,911,1318
35217501583,35217501582,-1,1407,1784
35219826234,35219826232,-2,1026,2294
35221783900,35221783895,-5,1105,4244
35233535624,35233535621,-3,1376,3184
35234634839,35234634837,-2,1241,2093
35236439705,35236439701,-4,759,2125
35240345255,35240345253,-2,791,2040
35242581170,35242581174,4,5386,2825
35243590722,35243590719,-3,1348,1756
35247577762,35247577762,0,1133,2171
35253505436,35253505431,-5,1298,1590
35253766119,35253766116,-3,1074,2427
35255377242,35255377238,-4,1079,2103
35261305842,35261305841,-1,817,1271
35265707773,35265707775,2,1010,801
35266119984,35266119981,-3,918,3013
35266274149,35266274151,2,2680,3082
35266363197,35266363194,-3,1470,3633
35267034021,35267034019,-2,1099,2409
35269076305,35269076302,-3,852,1707
35269243217,35269243214,-3,1267,2447
35269788493,35269788490,-3,1331,2698
35277578635,35277578634,-1,896,1970
35279746194,35279746189,-5,1070,2128
35282783685,35282783683,-2,1104,1937
35284125451,35284125448,-3,1733,2038
35288004875,35288004879,4,1905,31827
35289656232,35289656231,-1,1441,1976
35291069098,35291069094,-4,1686,3537
35293981578,35293981576,-2,869,1682
35299503722,35299503722,0,1391,1856
35300338685,35300338682,-3,1369,2187
35304375771,35304375768,-3,901,2286
35305195575,35305195573,-2,789,1819
35305769369,35305769365,-4,1072,2272
35305991306,35305991306,0,1113,1216
35306649486,35306649500,14,1013,1239
35307704249,35307704246,-3,1056,1989
35309549374,35309549373,-1,997,1819
35310590334,35310590331,-3,1569,2478
35318817284,35318817288,4,1870,1460
35322285283,35322285279,-4,1367,2636
35325682897,35325682918,21,683,1710
35334624994,35334624992,-2,910,2010
35337150190,35337150187,-3,1153,2070
35339328773,35339328769,-4,822,2325
35341520786,35341520788,2,2051,1558
35341894527,35341894525,-2,1146,2269
35344327790,35344327785,-5,694,2405
35349026098,35349026093,-5,901,2794
35361162970,35361162969,-1,908,1469
35364461358,35364461354,-4,1185,2061
35366565614,35366565609,-5,1022,3320
35371911934,35371911932,-2,1279,1989
35372412936,35372412918,-18,1214,1885
35373651988,35373651995,7,1607,924
35376389607,35376389606,-1,1071,2198
35377616070,35377616072,2,1243,1473
35383026569,35383026566,-3,1158,1591
35383397264,35383397262,-2,1324,2381
35389020516,35389020515,-1,1470,2400
35389188352,35389188366,14,750,1643
35390348015,35390348011,-4,435,1159
35391621915,35391621909,-6,1295,3876
35395003054,35395003060,6,3866,1894
35398151592,35398151588,-4,1565,3822
35399190410,35399190414,4,2313,1131
35402434991,35402434990,-1,1262,1921
35409896098,35409896094,-4,1173,2045
35412691514,35412691499,-15,1709,930
35417811926,35417811924,-2,853,1657
35419884585,35419884581,-4,1508,3744
35425571395,35425571391,-4,1091,2399
35425608662,35425608682,20,1111,2130
35428339802,35428339798,-4,1326,2785
35429279934,35429279930,-4,989,2915
35429974311,35429974307,-4,430,1034
35433810622,35433810619,-3,964,2075
35435461703,35435461698,-5,861,1684
35436512747,35436512745,-2,1435,2812
35436836099,35436836097,-2,1328,2217
35436915327,35436915326,-1,966,1355
35438856550,35438856548,-2,1003,1653
35442791291,35442791287,-4,1678,2817
35444207003,35444207000,-3,963,2245
35445529991,35445529990,-1,1174,2140
35449791757,35449791754,-3,1197,1190
35454941764,35454941759,-5,1284,2674
35460403813,35460403811,-2,1116,2916
35463861542,35463861537,-5,821,2207
35470366989,35470366985,-4,787,1457
35473008050,35473008049,-1,966,1934
35473937194,35473937193,-1,1063,2548
35475175354,35475175350,-4,966,2456
35480446430,35480446421,-9,861,2563
35486800698,35486800694,-4,1253,2608
35488066827,35488066825,-2,1187,3025
35491482685,35491482682,-3,895,2137
35493679371,35493679366,-5,933,1677
35496898731,35496898730,-1,751,1116
35498616889,35498616886,-3,1025,2185
35504431062,35504431061,-1,1028,2572
35508981382,35508981379,-3,979,2613
35509277578,35509277577,-1,994,2102
35509788612,35509788610,-2,1576,3113
35511906486,35511906484,-2,1018,1892
35516909316,35516909314,-2,1363,2635
35523293977,35523293978,1,1226,1342
35525654107,35525654103,-4,1243,3415
35526704342,35526704341,-1,832,1853
35529521105,35529521102,-3,1401,2609
35530806879,35530806893,14,988,2024
35531071775,35531071770,-5,982,1403
35537191119,35537191117,-2,1121,2272
35539806834,35539806833,-1,1365,2478
35540267763,35540267761,-2,1006,2311
35540600951,35540600941,-10,1370,2978
35542678401,35542678399,-2,1889,2433
35542989388,35542989386,-2,1935,3875
35544279483,35544279481,-2,1410,2381
35544587178,35544587176,-2,1013,1916
35545812373,35545812370,-3,850,1877
35545950465,35545950463,-2,2345,2939
35547587082,35547587077,-5,1126,2958
35547929963,35547929962,-1,1530,2019
35552389999,35552389995,-4,666,2031
35556388961,35556388958,-3,1456,2350
35557193046,35557193045,-1,712,1458
35557665495,35557665494,-1,1275,1668
35558425289,35558425286,-3,828,2367
35558506334,35558506331,-3,1455,1712
35558583075,35558583070,-5,1121,3003
35565024996,35565024990,-6,956,2293
35565865846,35565865844,-2,754,1375
35572383757,35572383754,-3,1420,2114
35573188124,35573188122,-2,973,2657
35576456013,35576456019,6,2999,1044
35577499318,35577499316,-2,1394,2910
35580424986,35580424987,1,1245,1192
35583062133,35583062131,-2,1206,1747
35588096195,35588096189,-6,1321,2348
35598331321,35598331313,-8,749,3144
35598699695,35598699693,-2,787,1827
35600622248,35600622245,-3,1192,1867
35601939331,35601939330,-1,1341,1885
35602384068,35602384065,-3,1474,2108
35604729719,35604729717,-2,942,2520
35614853294,35614853288,-6,961,5718
35617004666,35617004664,-2,1458,2907
35618314580,35618314578,-2,1581,2439
35628055506,35628055505,-1,1387,2479
35629512167,35629512163,-4,1000,2879
35630634467,35630634465,-2,1230,2377
35631615100,35631615098,-2,1166,1798
35633555947,35633555946,-1,913,1498
35634199204,35634199202,-2,1645,2672
35636457963,35636457961,-2,871,1949
35640561493,35640561491,-2,1393,2290
35640610429,35640610416,-13,940,2783
35645277443,35645277441,-2,1266,2856
35645390885,35645390882,-3,930,2465
35647227693,35647227690,-3,810,1660
35648257447,35648257444,-3,1200,2758
35649653790,35649653811,21,806,3779
35650765507,35650765503,-4,1087,2184
35651454238,35651454237,-1,1001,2141
35651998970,35651998966,-4,1195,2227
35656871832,35656871834,2,1467,1219
35660970211,35660970207,-4,804,2463
35661316741,35661316737,-4,1260,2480
35661564655,35661564654,-1,1539,2278
35663560374,35663560371,-3,1305,2816
35663726964,35663726962,-2,1274,2318
35671807302,35671807297,-5,1238,2726
35672538712,35672538707,-5,1132,1371
35673580538,35673580535,-3,1318,1996
35674566970,35674566949,-21,583,1315
35674797569,35674797569,0,1682,1986
35674959267,35674959265,-2,584,1403
35676270813,35676270834,21,1009,2210
35684014205,35684014202,-3,919,2242
35686993175,35686993169,-6,1563,4600
35690124772,35690124770,-2,898,2467
35691579641,35691579640,-1,923,2353
35692457262,35692457258,-4,865,1634
35693141454,35693141454,0,1418,1182
35694680571,35694680567,-4,1131,2609
35695109037,35695109022,-15,86,583
35696135751,35696135750,-1,922,1662
35696414556,35696414554,-2,690,1722
35697156559,35697156558,-1,725,1429
35699411950,35699411950,0,1170,1276
35700040258,35700040256,-2,1166,2046
35704713754,35704713753,-1,1300,2059
35706890995,35706890989,-6,1226,4906
35708804023,35708804019,-4,1046,1920
35712004891,35712004889,-2,1015,2340
35715286844,35715286842,-2,1502,2164
35716348257,35716348255,-2,889,1834
35721623798,35721623796,-2,1221,1772
35722504922,35722504918,-4,1375,2255
35725908018,35725908016,-2,1122,1575
35728294426,35728294425,-1,838,1426
35728375033,35728375030,-3,1123,1794
35737167447,35737167446,-1,1016,1631
35737263724,35737263726,2,3438,3879
35744179266,35744179256,-10,971,2081
35746838903,35746838901,-2,1392,2665
35751357957,35751357959,2,31015,30618
35753792998,35753792995,-3,1235,2157
35756793018,35756793015,-3,1096,2355
35763471907,35763471905,-2,936,2211
35766781099,35766781094,-5,1303,2685
35771690478,35771690474,-4,956,2334
35771797063,35771797053,-10,966,2269
35778481076,35778481074,-2,947,2699
35781522098,35781522098,0,1075,2003
35783878182,35783878178,-4,992,3343
35785200920,35785200917,-3,1584,2366
35793366862,35793366861,-1,1319,2353
35800006228,35800006225,-3,1385,2537
35803331738,35803331735,-3,1246,2733
35803806286,35803806302,16,364,859
35806140413,35806140396,-17,972,1885
35809030154,35809030149,-5,982,2013
35810930623,35810930622,-1,772,1661
35818587198,35818587196,-2,1187,1934
35820269973,35820269971,-2,881,2081
35826081650,35826081644,-6,718,3966
35826580310,35826580307,-3,774,1426
35826988958,35826988950,-8,799,1492
35828745329,35828745345,16,370,1462
35829453663,35829453658,-5,991,3112
35831782339,35831782337,-2,1567,2492
35832212414,35832212413,-1,1130,2283
35832530413,35832530411,-2,1351,1814
35838048156,35838048154,-2,1118,2459
35839025957,35839025954,-3,1183,1471
35842490346,35842490346,0,1069,1548
35842645356,35842645342,-14,784,1989
35847033683,35847033678,-5,1086,2601
35849529059,35849529057,-2,694,1363
35849571605,35849571627,22,351,834
35865568555,35865568562,7,1852,1290
35866791082,35866791080,-2,1323,2857
35868654241,35868654239,-2,642,2112
35871059822,35871059818,-4,908,1586
35872392710,35872392706,-4,1472,2451
35888683252,35888683247,-5,2159,9060
35888872389,35888872393,4,2136,1503
35893200678,35893200677,-1,841,1868
35894636682,35894636678,-4,1168,2255
35896211529,35896211526,-3,1233,1986
35896540062,35896540046,-16,271,932
35896978661,35896978663,2,2385,2252
35897110413,35897110412,-1,848,1782
35898494872,35898494870,-2,1390,3367
35900095042,35900095041,-1,765,1809
35902492721,35902492718,-3,1053,2536
35903153217,35903153213,-4,1440,2098
35904991350,35904991353,3,2580,2121
35905968346,35905968344,-2,2152,3208
35920020990,35920020988,-2,1091,2124
35925095274,35925095271,-3,1270,2518
35929596626,35929596625,-1,1353,2239
35930547702,35930547704,2,1760,1719
35932484534,35932484530,-4,695,1398
35934596391,35934596380,-11,1247,2631
35940663999,35940664000,1,1614,1745
35942153986,35942153986,0,1459,2036
35943149733,35943149733,0,1023,2069
35950712815,35950712814,-1,1384,1897
35962324856,35962324850,-6,863,2090
35963866221,35963866224,3,35914,38282
35969375813,35969375813,0,641,1612
35974596254,35974596250,-4,1921,4233
35979100733,35979100729,-4,1416,3152
35981147418,35981147415,-3,1161,2882
35981215232,35981215229,-3,1617,2319
35983328447,35983328454,7,1907,959
35985250638,35985250634,-4,1232,2495
35988822791,35988822787,-4,1332,1883
35999622514,35999622506,-8,1071,9563
36000198728,36000198746,18,659,1279
36000566710,36000566695,-15,774,1650
36002113279,36002113276,-3,1042,1856
36003159920,36003159917,-3,1289,3037
36003233189,36003233182,-7,1459,1728
36004763894,36004763892,-2,1047,2320
36008448633,36008448634,1,1056,1320
36010239192,36010239199,7,3712,880
36011846482,36011846481,-1,1128,1801
36014135022,36014135019,-3,928,1800
36019776999,36019776997,-2,1279,3308
36021432628,36021432625,-3,1216,2541
36024516319,36024516316,-3,988,2284
36025583105,36025583111,6,3375,1718
36026348639,36026348658,19,922,1857
36032134782,36032134761,-21,1191,2839
36032943762,36032943758,-4,1321,3492
36041226415,36041226410,-5,966,2105
36041332615,36041332635,20,337,737
36042289517,36042289515,-2,1310,2219
36045028261,36045028266,5,6338,2565
36050046044,36050046041,-3,1124,2727
36051741300,36051741295,-5,1084,2182
36051905724,36051905726,2,333,1358
36054615731,36054615727,-4,925,1919
36054711065,36054711061,-4,1046,1933
36059402265,36059402262,-3,1461,2665
36059902700,36059902707,7,2688,1005
36066800407,36066800404,-3,1249,2298
36067020186,36067020184,-2,1136,2180
36067417854,36067417851,-3,1361,2740
36067567301,36067567310,9,167,754
36070833399,36070833418,19,532,1087
36072005049,36072005043,-6,1067,2556
36072091765,36072091764,-1,1315,2652
36073174274,36073174273,-1,1093,1504
36074507974,36074507969,-5,720,2364
36074950402,36074950404,2,1432,1497
36084409638,36084409637,-1,707,1239
36084866006,36084866010,4,1773,1601
36086009748,36086009746,-2,1124,2912
36087178806,36087178803,-3,1228,2212
36104742743,36104742741,-2,1325,2879
36111180261,36111180260,-1,1002,1975
36112419415,36112419415,0,901,1418
36113197351,36113197348,-3,549,1177
36115401093,36115401088,-5,1009,2264
36117016486,36117016484,-2,870,1517
36119589895,36119589890,-5,897,1440
36120672892,36120672914,22,823,2091
36121424465,36121424462,-3,1134,2181
36122533146,36122533143,-3,1004,1598
36128244761,36128244758,-3,986,1889
36133922000,36133921997,-3,1467,2808
36133949046,36133949034,-12,196,865
36135109275,36135109270,-5,1114,2349
36141793680,36141793687,7,4303,2238
36145498370,36145498379,9,13558,31010
36149093448,36149093464,16,1151,1568
36149173123,36149173122,-1,1201,2245
36152242304,36152242303,-1,1452,1699
36152596042,36152596037,-5,1070,2599
36154229678,36154229675,-3,1051,2665
36155904738,36155904734,-4,1241,2847
36164554986,36164554985,-1,964,1912
36172485030,36172485030,0,1535,2095
36177181994,36177181993,-1,1085,2706
36177364922,36177364919,-3,1357,2106
36178943799,36178943798,-1,1371,1764
36182579411,36182579409,-2,850,1205
36186014763,36186014762,-1,7289,9654
36191033518,36191033515,-3,1376,2885
36193549927,36193549925,-2,1085,1939
36194177922,36194177920,-2,1483,2415
36195542263,36195542261,-2,1110,2323
36201147842,36201147841,-1,1221,2056
36201724655,36201724654,-1,1457,1991
36204071829,36204071850,21,320,963
36207139139,36207139138,-1,1207,2509
36207407227,36207407225,-2,1035,2094
36208287533,36208287531,-2,1243,1761
36214576067,36214576062,-5,797,4408
36223580706,36223580705,-1,1093,1999
36224076110,36224076106,-4,1066,2143
36224161047,36224161063,16,740,1890
36227009800,36227009798,-2,1326,1906
36238653714,36238653714,0,1095,1591
36239962614,36239962610,-4,581,2435
36241064721,36241064719,-2,965,1611
36245362967,36245362966,-1,1236,2074
36246190721,36246190718,-3,820,1598
36252509975,36252509972,-3,1308,2627
36252999159,36252999156,-3,1220,2579
36254421284,36254421281,-3,919,1982
36255058093,36255058086,-7,1060,3783
36260344489,36260344483,-6,817,1872
36264897550,36264897545,-5,1086,1906
36265729513,36265729509,-4,17260,38903
36265838179,36265838178,-1,1099,1992
36268982232,36268982229,-3,1896,3331
36269823995,36269823991,-4,1346,2397
36271056842,36271056839,-3,1014,2013
36271865119,36271865118,-1,1005,1446
36273884029,36273884031,2,3728,2055
36274696921,36274696920,-1,1191,2148
36278804343,36278804340,-3,1270,2948
36281599030,36281599029,-1,1120,1771
36293578838,36293578838,0,939,2209
36296131930,36296131927,-3,609,1119
36297292387,36297292389,2,1273,1870
36303204951,36303204947,-4,1444,1669
36306947766,36306947762,-4,913,1419
36307924838,36307924834,-4,684,2392
36310159948,36310159946,-2,999,2364
36311349347,36311349345,-2,1241,2677
36312428371,36312428367,-4,965,2244
36315517048,36315517045,-3,1205,1570
36317531014,36317531014,0,1169,1894
36318879555,36318879549,-6,759,2690
36319446442,36319446441,-1,1482,2031
36320371111,36320371109,-2,1272,2159
36321617694,36321617692,-2,1130,1960
36321739505,36321739505,0,1305,2112
36328431179,36328431175,-4,1190,2624
36328962989,36328962971,-18,881,2127
36329995687,36329995690,3,29031,29538
36330679941,36330679937,-4,1059,1926
36331852050,36331852050,0,1410,1509
36334276497,36334276494,-3,1297,1936
36342205079,36342205074,-5,1292,1848
36342805978,36342805974,-4,1255,2903
36343610172,36343610171,-1,1082,2593
36343636077,36343636072,-5,1102,2742
36344367232,36344367239,7,6738,2578
36344399523,36344399521,-2,581,1538
36344640695,36344640713,18,384,907
36346824927,36346824935,8,1094,1889
36347509262,36347509261,-1,718,1810
36357388587,36357388586,-1,1784,2040
36358542358,36358542370,12,806,1365
36359548714,36359548713,-1,975,2734
36360914429,36360914428,-1,1107,1938
36364420549,36364420546,-3,961,2212
36367570630,36367570628,-2,1423,2628
36370591565,36370591562,-3,1231,2275
36371590582,36371590579,-3,1261,2482
36375034917,36375034916,-1,1680,1769
36379599777,36379599777,0,1310,2658
36381217377,36381217374,-3,1001,1333
36381889374,36381889370,-4,916,2083
36386015225,36386015222,-3,725,1510
36393016168,36393016165,-3,947,2309
36393745996,36393745991,-5,1273,2192
36400917668,36400917672,4,4391,3093
36402184158,36402184157,-1,998,2252
36404553083,36404553082,-1,528,1308
36404660863,36404660840,-23,1046,1558
36405163925,36405163945,20,932,2374
36405685785,36405685782,-3,870,1536
36407585502,36407585499,-3,1138,2902
36411496387,36411496384,-3,1781,3148
36413254300,36413254298,-2,1198,1717
36415902108,36415902104,-4,1455,2255
36418745671,36418745666,-5,1281,1280
36419112951,36419112950,-1,1161,2983
36420852479,36420852477,-2,1000,2372
36424303296,36424303292,-4,1150,2003
36427817381,36427817375,-6,885,3389
36432624409,36432624405,-4,887,1325
36436205594,36436205591,-3,727,1287
36445457368,36445457365,-3,1126,2297
36448022398,36448022393,-5,1417,3136
36450176927,36450176923,-4,966,3856
36451935935,36451935934,-1,1029,1861
36452278793,36452278787,-6,1057,1885
36454051169,36454051174,5,3373,1433
36457140309,36457140307,-2,1526,2940
36458288283,36458288280,-3,1531,1961
36461664041,36461664038,-3,1213,2059
36463238434,36463238430,-4,856,1627
36464791610,36464791607,-3,1478,2797
36468998119,36468998118,-1,841,1138
36471934294,36471934291,-3,1383,2893
36473781262,36473781258,-4,1141,2419
36478579506,36478579505,-1,933,1591
36479614627,36479614623,-4,1101,2741
36487609219,36487609217,-2,958,1670
36488346598,36488346597,-1,974,1704
36492928009,36492928006,-3,950,2595
36500777187,36500777183,-4,870,1390
36501093954,36501093951,-3,873,1816
36503075521,36503075518,-3,1213,2914
36503190645,36503190664,19,654,1938
36506181267,36506181266,-1,36826,16847
36506436973,36506436970,-3,1201,1971
36511088965,36511088963,-2,1489,1554
36512422976,36512422978,2,1361,954
36522055639,36522055637,-2,1139,2464
36523141249,36523141250,1,1636,1866
36525915497,36525915490,-7,2473,7272
36526075781,36526075779,-2,1099,1950
36528889598,36528889601,3,2249,2047
36530163479,36530163478,-1,942,1418
36530551122,36530551125,3,1238,1649
36531967293,36531967290,-3,1457,2593
36535889739,36535889737,-2,1226,2508
36538462217,36538462215,-2,1627,2380
36541247409,36541247408,-1,1121,1753
36543513015,36543513013,-2,1316,2271
36545826710,36545826718,8,2615,1176
36549714954,36549714951,-3,1397,2354
36551817191,36551817189,-2,932,1831
36553179286,36553179282,-4,1137,2138
36557327569,36557327566,-3,1350,2082
36558244458,36558244454,-4,960,2189
36558389540,36558389540,0,1128,2036
36558505931,36558505927,-4,1053,2324
36565155907,36565155905,-2,1243,1640
36569092355,36569092352,-3,934,2980
36569534378,36569534374,-4,1001,2554
36570455266,36570455269,3,2275,3235
36572364174,36572364171,-3,1251,2385
36580116026,36580116024,-2,926,2143
36582289939,36582289936,-3,1224,2127
36582438430,36582438426,-4,1083,2347
36586159969,36586159967,-2,1208,1932
36592569601,36592569598,-3,1680,2617
36593522290,36593522290,0,1144,1527
36603118226,36603118225,-1,1533,1589
36603492817,36603492819,2,758,1701
36608906878,36608906873,-5,833,2322
36610460196,36610460194,-2,1830,2399
36612003807,36612003804,-3,1284,3575
36612913087,36612913085,-2,1159,1898
36618028598,36618028598,0,868,1725
36619357127,36619357125,-2,910,1999
36621908730,36621908734,4,2151,1924
36622165618,36622165616,-2,952,2278
36626148800,36626148806,6,1669,997
36629042783,36629042780,-3,930,2543
36632036443,36632036441,-2,1103,2318
36633388357,36633388355,-2,877,1437
36634288089,36634288087,-2,1221,2033
36634886417,36634886415,-2,1194,1924
36642432722,36642432719,-3,931,2180
36643927005,36643927003,-2,1306,2512
36650368526,36650368524,-2,1050,1716
36652196971,36652196966,-5,994,2430
36655598542,36655598541,-1,1521,1964
36655810670,36655810666,-4,1044,2885
36656449534,36656449540,6,3124,2011
36656574371,36656574370,-1,1373,2174
36657781768,36657781778,10,15143,22162
36657933791,36657933787,-4,1149,2386
36663752533,36663752530,-3,1006,1887
36664929869,36664929867,-2,1621,1563
36668854259,36668854258,-1,994,2121
36669222343,36669222343,0,1423,1626
36672003798,36672003793,-5,1527,3151
36672102047,36672102043,-4,737,1128
36676436466,36676436471,5,2190,1384
36677222315,36677222310,-5,20000,16087
36679912934,36679912931,-3,1432,2601
36682267443,36682267439,-4,763,1899
36684370437,36684370436,-1,1331,2494
36685310878,36685310876,-2,1197,1944
36687281538,36687281536,-2,1108,2365
36687647431,36687647430,-1,896,1849
36691884224,36691884221,-3,1354,1568
36699570398,36699570397,-1,927,1929
36700159237,36700159259,22,950,2231
36706246841,36706246839,-2,1185,1656
36706450102,36706450106,4,905,724
36709250159,36709250157,-2,942,2236
36711181078,36711181078,0,1277,1680
36717387126,36717387126,0,899,1270
36722998323,36722998321,-2,934,1887
36723884972,36723884970,-2,1598,3273
36724789946,36724789945,-1,1071,2068
36726038496,36726038502,6,2544,1143
36726126179,36726126177,-2,1099,2119
36728134815,36728134810,-5,854,2028
36729676314,36729676314,0,1067,2087
36732650531,36732650530,-1,1050,2203
36734221546,36734221544,-2,929,2393
36734746121,36734746116,-5,1421,2863
36735456357,36735456354,-3,1264,3108
36739795998,36739795995,-3,1946,2949
36740730094,36740730094,0,1240,1516
36743314785,36743314782,-3,1262,2873
36747674410,36747674406,-4,1344,2407
36748971162,36748971161,-1,918,2102
36751654413,36751654413,0,1183,2494
36756707735,36756707732,-3,1235,1732
36759308788,36759308786,-2,1297,3509
36760442542,36760442539,-3,1144,1608
36760726476,36760726474,-2,1969,3889
36761266868,36761266868,0,722,2082
36765835890,36765835903,13,80,1282
36771565831,36771565830,-1,1175,2274
36773634666,36773634665,-1,1064,2129
36775580108,36775580106,-2,1064,922
36778487586,36778487588,2,8455,8510
36779380010,36779380009,-1,695,2234
36780655646,36780655643,-3,1112,2952
36784689734,36784689741,7,3306,1215
36785791896,36785791892,-4,916,2097
36786222047,36786222025,-22,408,3028
36791308726,36791308723,-3,677,1772
36791458031,36791458050,19,1165,2699
36792386337,36792386334,-3,1430,2327
36795689790,36795689786,-4,788,3314
36799390782,36799390778,-4,814,1340
36801160427,36801160426,-1,1473,2877
36802894322,36802894317,-5,642,1995
36803673248,36803673246,-2,1553,1911
36806354067,36806354063,-4,781,1711
36806628110,36806628106,-4,808,1842
36808297462,36808297462,0,1135,1451
36809240055,36809240053,-2,1402,2611
36809401075,36809401072,-3,1160,2105
36810343469,36810343468,-1,1017,1585
36816595823,36816595820,-3,1198,2118
36816925473,36816925471,-2,673,1607
36824629011,36824629010,-1,1313,2160
36830048295,36830048293,-2,793,2822
36831592619,36831592618,-1,711,1573
36831889431,36831889431,0,1026,2880
36834657877,36834657875,-2,715,1623
36839723106,36839723103,-3,1774,2587
36842030153,36842030151,-2,1185,2689
36842126318,36842126297,-21,975,1707
36843637719,36843637715,-4,981,2165
36843999970,36843999968,-2,1484,2215
36849918899,36849918897,-2,1435,2614
36856606786,36856606784,-2,846,2422
36859712866,36859712865,-1,1153,2730
36859829046,36859829044,-2,913,1195
36862316263,36862316261,-2,1027,1507
36864443307,36864443306,-1,984,2350
36870245045,36870245044,-1,1191,3328
36874622055,36874622053,-2,1198,2861
36875158343,36875158341,-2,1264,1970
36875795758,36875795741,-17,950,2672
36876165582,36876165583,1,1459,1469
36878631337,36878631334,-3,1484,2237
36880983656,36880983651,-5,814,1964
36883930032,36883930030,-2,1507,2238
36885997063,36885997060,-3,1256,2761
36886681616,36886681633,17,460,1740
36887159581,36887159581,0,1232,1747
36891303890,36891303889,-1,1549,2979
36894740166,36894740165,-1,1184,1470
36897885740,36897885736,-4,1363,1981
36899779289,36899779281,-8,1289,4702
36899996707,36899996706,-1,1007,1976
36901100728,36901100725,-3,931,2117
36903724633,36903724629,-4,1510,1748
36905191535,36905191531,-4,977,2437
36905236150,36905236166,16,883,2360
36906844551,36906844549,-2,1035,2176
36909839055,36909839054,-1,1181,1455
36911902545,36911902545,0,618,33
36912060721,36912060717,-4,2545,4941
36914877044,36914877042,-2,1183,2559
36919825377,36919825372,-5,777,2945
36923416956,36923416952,-4,28531,14722
36924190407,36924190405,-2,1052,1864
36929605515,36929605512,-3,41905,20342
36930704596,36930704605,9,23462,55117
36934567279,36934567275,-4,913,2450
36939567022,36939567022,0,1330,2190
36940603711,36940603706,-5,992,1697
36941414186,36941414184,-2,834,1945
36945194439,36945194437,-2,1018,2140
36949437093,36949437094,1,2394,2419
36950917978,36950917974,-4,920,2591
36955368050,36955368048,-2,1451,3157
36956143935,36956143933,-2,962,2095
36963144494,36963144489,-5,1379,3048
36963563896,36963563910,14,287,541
36967003416,36967003412,-4,1440,3741
36970185681,36970185679,-2,1143,1705
36970357842,36970357841,-1,1219,1601
36973358461,36973358458,-3,1810,2505
36976976822,36976976819,-3,724,1387
36978810423,36978810419,-4,742,2946
36979792671,36979792671,0,1035,2043
36980183698,36980183697,-1,1731,1956
36981765538,36981765546,8,9897,39372
36984316888,36984316885,-3,1105,3661
36987228602,36987228598,-4,1369,2774
36988289250,36988289247,-3,762,2479
36991215394,36991215390,-4,931,2060
36991811122,36991811121,-1,1303,2936
36995031770,36995031767,-3,847,1264
36995186256,36995186242,-14,1275,2028
37005358554,37005358550,-4,926,2311
37008458577,37008458577,0,1003,1724
37010226965,37010226965,0,1262,2378
37010335196,37010335193,-3,589,1795
37012644325,37012644321,-4,1160,2504
37012869468,37012869450,-18,1317,2524
37015354501,37015354498,-3,1607,2841
37016305295,37016305293,-2,643,1763
37018428652,37018428650,-2,912,2813
37024571689,37024571687,-2,1325,2497
37026970034,37026970030,-4,911,2244
37031804718,37031804715,-3,846,2488
37041782280,37041782278,-2,1440,2162
37042103605,37042103603,-2,795,1400
37047079704,37047079702,-2,1103,1976
37047133724,37047133745,21,1709,2526
37055945366,37055945366,0,1215,2987
37057333624,37057333622,-2,1146,1968
37063404574,37063404570,-4,1259,2352
37065263175,37065263173,-2,951,2174
37067697169,37067697170,1,1734,1708
37069057946,37069057943,-3,1098,2439
37071710215,37071710212,-3,634,1738
37072728689,37072728686,-3,1426,2427
37074408318,37074408318,0,1307,2682
37076494137,37076494135,-2,1418,1893
37076756575,37076756573,-2,816,1477
37085817505,37085817504,-1,1390,1808
37090659201,37090659200,-1,1198,1693
37098962014,37098962010,-4,1471,3025
37102058915,37102058914,-1,938,2016
37103364131,37103364129,-2,1427,2329
37104187997,37104187995,-2,1230,2349
37105841229,37105841222,-7,1008,2728
37110174839,37110174838,-1,445,1183
37111461339,37111461332,-7,2137,6027
37111881430,37111881445,15,2022,1097
37118155851,37118155850,-1,1056,2096
37122863090,37122863086,-4,807,2013
37124881174,37124881179,5,2793,1279
37125854734,37125854735,1,1513,2365
37134111141,37134111134,-7,1030,3910
37138200263,37138200260,-3,1084,2315
37143602186,37143602185,-1,1185,2460
37143918988,37143918987,-1,1345,3000
37150221664,37150221661,-3,1230,2175
37150873877,37150873873,-4,1017,3244
37152518470,37152518469,-1,1162,1723
37155013983,37155013981,-2,755,1402
37158798991,37158798989,-2,864,1781
37159423160,37159423158,-2,1220,2603
37164823538,37164823536,-2,1054,2569
37169829995,37169829991,-4,1274,1932
37171465530,37171465527,-3,1321,2696
37171763830,37171763826,-4,886,1830
37177722906,37177722907,1,992,1413
37177960026,37177960023,-3,1582,2976
37178496285,37178496283,-2,1110,2356
37183585439,37183585445,6,1406,1158
37184049631,37184049629,-2,993,2378
37188245494,37188245490,-4,917,1782
37188735548,37188735537,-11,731,2880
37190296059,37190296054,-5,892,2740
37190564735,37190564750,15,883,2687
37190929723,37190929718,-5,1015,1750
37192857973,37192857972,-1,1081,2691
37196427161,37196427157,-4,930,2505
37196674679,37196674675,-4,1022,1606
37200330630,37200330630,0,1827,3193
37205101043,37205101042,-1,1348,2056
37208459890,37208459885,-5,1001,2070
37209706875,37209706873,-2,1149,1698
37210306653,37210306662,9,309,1116
37213563206,37213563206,0,646,1433
37214209223,37214209221,-2,1124,2066
37214474025,37214474020,-5,1890,8186
37217560949,37217560946,-3,1131,2527
37220639301,37220639301,0,1547,1831
37230253415,37230253413,-2,918,1443
37233431014,37233431014,0,1180,2522
37234378521,37234378522,1,2152,1499
37235949326,37235949323,-3,992,1432
37237482533,37237482530,-3,1165,2284
37238323347,37238323345,-2,1412,2680
37242823138,37242823136,-2,1524,2967
37243065858,37243065855,-3,732,1061
37244281538,37244281546,8,9600,2584
37245907811,37245907815,4,1625,1015
37245986074,37245986075,1,1757,1838
37246404213,37246404212,-1,955,2104
37247362509,37247362506,-3,1195,2041
37247586456,37247586475,19,1522,1491
37250064994,37250064990,-4,1056,2116
37252105354,37252105351,-3,1161,1863
37257799068,37257799066,-2,1009,1889
37258007810,37258007806,-4,1385,2064
37258930567,37258930565,-2,978,2896
37262039654,37262039651,-3,1400,3250
37262703206,37262703202,-4,1083,2595
37268183489,37268183485,-4,913,2362
37268246533,37268246535,2,150,1174
37271905707,37271905706,-1,918,1790
37277510788,37277510785,-3,1273,2264
37284077958,37284077937,-21,879,2712
37288531799,37288531794,-5,1445,3372
37290704775,37290704771,-4,1205,3183
37290968872,37290968870,-2,928,2164
37292442780,37292442769,-11,1182,2277
37297608396,37297608393,-3,1469,3293
37300907487,37300907486,-1,975,1529
37302860197,37302860190,-7,1164,1963
37304491464,37304491462,-2,1466,2688
37313172215,37313172221,6,3349,1395
37314409798,37314409795,-3,1325,2428
37314491573,37314491566,-7,1508,4893
37315907098,37315907095,-3,1169,2636
37316952699,37316952698,-1,1358,2370
37317370775,37317370774,-1,1570,2857
37317767006,37317767001,-5,954,2579
37318807794,37318807792,-2,1263,2350
37319856912,37319856911,-1,1117,2857
37320041108,37320041129,21,475,838
37322438906,37322438905,-1,1314,2065
37323638019,37323638019,0,1088,1537
37324252866,37324252869,3,36103,26752
37324578400,37324578407,7,5305,2113
37324797469,37324797466,-3,1058,2222
37325364361,37325364366,5,1169,896
37330144489,37330144502,13,11925,34594
37337245881,37337245882,1,1034,2012
37341484562,37341484561,-1,1234,1433
37344117770,37344117762,-8,1308,4616
37344665470,37344665486,16,946,1323
37345476398,37345476402,4,264,825
37346253552,37346253549,-3,1280,2397
37347770319,37347770317,-2,1231,1367
37348327722,37348327719,-3,1026,1479
37350402959,37350402957,-2,1050,1589
37351720826,37351720824,-2,1105,1959
37355077359,37355077356,-3,1311,1757
37358472844,37358472842,-2,1222,1849
37364729398,37364729394,-4,1168,1592
37365956630,37365956626,-4,1049,1986
37366579362,37366579361,-1,998,2009
37370991529,37370991525,-4,974,1957
37372678581,37372678578,-3,1073,2953
37376325490,37376325484,-6,894,3269
37380276343,37380276342,-1,922,1982
37381110518,37381110515,-3,1133,2754
37381362715,37381362713,-2,732,1658
37382132954,37382132951,-3,1003,1393
37386508101,37386508099,-2,1053,1837
37388884631,37388884630,-1,1065,1487
37399022951,37399022948,-3,1242,2650
37403685022,37403685018,-4,1050,1895
37407350817,37407350814,-3,1271,3412
37407729367,37407729371,4,199,1222
37408237856,37408237870,14,1087,1938
37411103163,37411103162,-1,1023,1585
37411511577,37411511574,-3,770,1654
37411789805,37411789800,-5,32,653
37412984423,37412984422,-1,1147,2502
37418987875,37418987872,-3,969,3359
37424800616,37424800614,-2,1464,3296
37424967197,37424967214,17,400,876
37425693668,37425693667,-1,2487,4040
37425743317,37425743323,6,2977,39009
37432531774,37432531769,-5,1202,3754
37433100869,37433100869,0,960,2139
37433598852,37433598850,-2,1109,2403
37435055773,37435055770,-3,1446,2402
37437420910,37437420907,-3,1121,2279
37439191897,37439191895,-2,1320,2139
37439462383,37439462391,8,2655,1245
37442659761,37442659778,17,948,1358
37444540765,37444540762,-3,982,2217
37446411695,37446411692,-3,1334,2705
37449563345,37449563342,-3,1414,2847
37450895082,37450895082,0,1451,2156
37452497910,37452497907,-3,965,1371
37455313333,37455313330,-3,1410,2359
37456322691,37456322688,-3,946,3090
37463301775,37463301782,7,5797,2745
37463623902,37463623899,-3,1725,2630
37463761063,37463761078,15,841,2393
37464941794,37464941794,0,1074,1494
37465594558,37465594561,3,3356,3186
37477147169,37477147166,-3,1496,2781
37479412666,37479412660,-6,1130,3428
37480711055,37480711054,-1,1130,2182
37484386609,37484386608,-1,1052,1978
37487548311,37487548309,-2,1064,1825
37488617136,37488617130,-6,1131,2492
37494076066,37494076066,0,944,1452
37495516924,37495516923,-1,1712,2255
37496246391,37496246389,-2,984,2089
37496479646,37496479633,-13,242,566
37498136402,37498136403,1,1218,1422
37504955498,37504955496,-2,1049,1712
37505496342,37505496340,-2,1098,2092
37511937782,37511937774,-8,1518,6454
37513996793,37513996791,-2,933,2480
37516626150,37516626150,0,1370,1491
37521944337,37521944337,0,1629,2087
37522692244,37522692242,-2,899,2038
37526320021,37526320021,0,748,1419
37529143314,37529143311,-3,1083,2502
37533968786,37533968782,-4,783,1738
37536272015,37536272010,-5,1258,2417
37537943033,37537943031,-2,1385,2377
37540813104,37540813105,1,1292,1635
37542272573,37542272570,-3,1238,2967
37549919592,37549919590,-2,1199,1652
37553050105,37553050126,21,360,559
37553787834,37553787834,0,5587,8852
37554192396,37554192393,-3,1226,3660
37556889076,37556889074,-2,1092,2175
37557668014,37557668014,0,1002,1462
37559896370,37559896367,-3,1058,2278
37560536686,37560536682,-4,1498,3080
37561332298,37561332296,-2,920,2109
37562030637,37562030633,-4,1214,2712
37562593234,37562593230,-4,415,1948
37562845060,37562845057,-3,825,1066
37563992677,37563992675,-2,1621,3271
37569325961,37569325955,-6,1327,3389
37572376679,37572376675,-4,1051,1943
37574768802,37574768798,-4,1079,2036
37575203236,37575203234,-2,1303,2144
37578171781,37578171777,-4,22655,60392
37580045349,37580045349,0,1185,2392
37581429118,37581429114,-4,1002,3018
37587671230,37587671227,-3,1162,2383
37593014602,37593014602,0,2228,2440
37593072239,37593072237,-2,900,1768
37596314057,37596314051,-6,861,2763
37597472127,37597472145,18,1355,3079
37597844977,37597844975,-2,901,1514
37603828726,37603828725,-1,1111,2202
37610337095,37610337087,-8,808,1630
37612540666,37612540663,-3,1161,2183
37617086970,37617086966,-4,951,2810
37619391363,37619391367,4,1398,1311
37623439611,37623439607,-4,1426,2046
37625795282,37625795278,-4,1188,2487
37626112150,37626112146,-4,1465,2560
37629152966,37629152963,-3,769,1767
37630672075,37630672074,-1,843,1914
37631618586,37631618584,-2,1100,2006
37636512510,37636512507,-3,1361,2257
37637394874,37637394880,6,1078,913
37639323073,37639323068,-5,2216,4301
37642632987,37642632985,-2,1197,1222
37644019407,37644019405,-2,1137,2130
37647520213,37647520211,-2,993,1562
37648342151,37648342145,-6,1144,1763
37649851343,37649851342,-1,1656,3063
37651283329,37651283325,-4,930,1625
37656877005,37656877003,-2,825,2240
37667278306,37667278301,-5,699,1445
37670053427,37670053425,-2,1423,2817
37673629842,37673629837,-5,718,2210
37675558091,37675558089,-2,1468,1945
37687731918,37687731916,-2,1019,2853
37688381171,37688381170,-1,1338,1753
37692951770,37692951768,-2,733,1491
37695120871,37695120869,-2,962,1919
37696076455,37696076451,-4,973,1878
37696551112,37696551109,-3,547,1394
37702380166,37702380163,-3,940,2474
37707058491,37707058486,-5,1085,3072
37707377954,37707377953,-1,1012,2118
37709229630,37709229629,-1,1102,2742
37711441950,37711441948,-2,1209,2374
37713475087,37713475085,-2,925,1707
37718797484,37718797482,-2,1760,2939
37718837422,37718837421,-1,1339,3044
37722980684,37722980681,-3,1563,2411
37725784054,37725784047,-7,1355,6073
37728190533,37728190529,-4,705,1941
37729710934,37729710932,-2,1182,2142
37731271826,37731271828,2,3825,4509
37732260518,37732260514,-4,1202,2052
37733812891,37733812887,-4,1226,2478
37733946942,37733946939,-3,861,2142
37737510009,37737510007,-2,1121,2196
37738033654,37738033650,-4,1179,2581
37739650143,37739650141,-2,974,2995
37740991433,37740991430,-3,1421,2698
37741873894,37741873898,4,2865,3349
37744554578,37744554578,0,1126,2104
37746850489,37746850494,5,2316,884
37749296539,37749296534,-5,882,2357
37751672138,37751672137,-1,760,1781
37752644485,37752644491,6,2234,1277
37761627314,37761627310,-4,956,3100
37764759651,37764759653,2,1153,1510
37765401250,37765401245,-5,1091,2175
37768004594,37768004590,-4,1284,2600
37768436896,37768436895,-1,21312,4361
37769435607,37769435604,-3,955,2163
37770261879,37770261877,-2,1411,1387
37770488584,37770488582,-2,1180,2259
37771831169,37771831166,-3,1015,2512
37773016103,37773016103,0,918,1271
37774311519,37774311517,-2,927,2167
37776321629,37776321627,-2,1502,2066
37779997739,37779997739,0,741,1305
37782793910,37782793909,-1,926,1131
37788965457,37788965453,-4,1036,1915
37791011943,37791011941,-2,973,2296
37795877035,37795877032,-3,1004,2118
37797190354,37797190352,-2,769,1652
37798536274,37798536273,-1,1579,2360
37799028731,37799028730,-1,1062,2845
37800572965,37800572962,-3,1180,1953
37803765231,37803765230,-1,1196,1973
37805827986,37805827984,-2,18825,19565
37810976116,37810976113,-3,1143,2342
37815343645,37815343643,-2,1458,3287
37815695462,37815695463,1,1497,1571
37815864397,37815864378,-19,211,727
37819812310,37819812307,-3,1039,2419
37820393939,37820393935,-4,1277,2811
37830007406,37830007418,12,9649,47539
37832218577,37832218576,-1,880,1451
37836094623,37836094622,-1,594,1847
37836562114,37836562111,-3,1532,3093
37836587801,37836587793,-8,1772,6968
37837515584,37837515581,-3,1684,3592
37838427758,37838427757,-1,1565,2429
37838974066,37838974071,5,1977,1023
37842226377,37842226380,3,3483,3623
37843822663,37843822660,-3,985,2003
37854754739,37854754736,-3,1174,2207
37861649107,37861649103,-4,1131,2641
37863507388,37863507389,1,21155,7649
37864170161,37864170157,-4,777,1635
37865886959,37865886957,-2,1477,3022
37865983155,37865983150,-5,987,2883
37869862732,37869862727,-5,1442,4040
37870266850,37870266851,1,1290,963
37870981085,37870981065,-20,1441,2415
37873356122,37873356120,-2,1095,1550
37879043389,37879043386,-3,1261,1842
37879178421,37879178418,-3,872,1795
37879318223,37879318206,-17,975,2029
37879477286,37879477285,-1,857,1387
37883037471,37883037468,-3,970,2806
37886345086,37886345085,-1,1158,1557
37888246394,37888246390,-4,1236,1653
37894622679,37894622672,-7,1172,4284
37895024617,37895024614,-3,1582,2175
37895823083,37895823081,-2,1305,2245
37897845382,37897845381,-1,1005,1494
37902253835,37902253834,-1,1400,2834
37908318679,37908318679,0,1441,1730
37908712966,37908712965,-1,1097,2420
37910177199,37910177195,-4,836,2692
37911974455,37911974453,-2,1266,2613
37918619727,37918619728,1,3069,3612
37928004749,37928004746,-3,1293,2337
37929843012,37929843027,15,1077,2143
37930597438,37930597445,7,2878,1378
37936609739,37936609735,-4,1138,2456
37937689620,37937689623,3,1625,1536
37940264046,37940264043,-3,1073,2445
37942581425,37942581408,-17,1332,1836
37942999308,37942999307,-1,1259,2347
37945914699,37945914693,-6,1038,2811
37947559657,37947559654,-3,1253,3119
37948594893,37948594879,-14,819,2023
37950945978,37950945974,-4,1700,2479
37951400014,37951400010,-4,830,3666
37953802559,37953802556,-3,1134,1658
37955483614,37955483612,-2,1294,2627
37957502877,37957502874,-3,1466,3195
37957643230,37957643230,0,985,2268
37962154692,37962154690,-2,780,1872
37963134171,37963134169,-2,576,1040
37964986682,37964986678,-4,1076,1321
37973872286,37973872285,-1,1016,1894
37974467642,37974467649,7,2112,1328
37974568233,37974568232,-1,760,1527
37976617874,37976617871,-3,1115,1720
37983060162,37983060159,-3,1103,2617
37983587520,37983587518,-2,1096,2283
37992480832,37992480830,-2,1195,1956
37997352109,37997352114,5,3037,1778
38001127209,38001127208,-1,1379,1960
38001473683,38001473675,-8,1757,8872
38002545251,38002545248,-3,1066,2135
38006427842,38006427839,-3,1374,2528
38007836051,38007836049,-2,1210,2159
38008815709,38008815713,4,1739,1352
38019496546,38019496546,0,1046,2468
38019858645,38019858643,-2,1198,2189
38020622254,38020622267,13,12,912
38021145059,38021145058,-1,775,1537
38029670810,38029670809,-1,855,2310
38033299626,38033299631,5,4041,24489
38044046166,38044046169,3,1465,1172
38046606770,38046606768,-2,1100,1719
38046785258,38046785255,-3,1431,2337
38049350843,38049350839,-4,1471,2674
38054486110,38054486117,7,3877,1695
38054540421,38054540427,6,9140,30096
38054783664,38054783681,17,842,1939
38056275070,38056275066,-4,1232,3513
38059392531,38059392528,-3,898,2022
38061047645,38061047643,-2,1000,2323
38061607243,38061607254,11,1999,2023
38062580707,38062580705,-2,1337,1995
38065737064,38065737062,-2,924,3450
38071356169,38071356169,0,1314,1703
38072743970,38072743968,-2,1047,1940
38079920394,38079920393,-1,1115,1474
38080480291,38080480290,-1,757,2283
38082590518,38082590515,-3,1310,2290
38082956398,38082956397,-1,1063,2065
38084465591,38084465590,-1,1077,1592
38085419111,38085419110,-1,5432,6956
38088883463,38088883463,0,1194,1817
38092671546,38092671546,0,2322,11367
38101813097,38101813101,4,1681,1853
38102317518,38102317514,-4,847,2089
38102933191,38102933181,-10,1275,2267
38103745467,38103745463,-4,779,2391
38107514566,38107514563,-3,957,2313
38108958547,38108958542,-5,1016,2181
38112957595,38112957591,-4,1165,2673
38114390706,38114390703,-3,1521,3482
38119966171,38119966170,-1,901,1762
38120399941,38120399938,-3,838,2327
38128620725,38128620723,-2,857,1740
38129212159,38129212150,-9,999,1465
38129445975,38129445972,-3,1679,2522
38130054811,38130054806,-5,1443,1880
38130251101,38130251099,-2,1545,2285
38130638304,38130638302,-2,1000,1969
38132726934,38132726932,-2,1190,2812
38136445374,38136445374,0,1012,1744
38137919583,38137919578,-5,1329,3192
38138484270,38138484278,8,1062,1361
38139528714,38139528713,-1,691,2282
38143617415,38143617414,-1,861,1788
38146205277,38146205275,-2,996,2873
38149876684,38149876703,19,467,823
38160888829,38160888828,-1,1352,1692
38161855120,38161855118,-2,1891,2723
38166822147,38166822146,-1,929,1698
38167623051,38167623051,0,1027,1889
38171580185,38171580181,-4,1192,1837
38172329231,38172329227,-4,1059,2082
38175144931,38175144931,0,838,1547
38179051631,38179051629,-2,1278,2133
38179923161,38179923159,-2,973,2176
38182184697,38182184694,-3,793,2307
38187316012,38187316007,-5,808,2982
38192368274,38192368273,-1,1121,1977
38194674277,38194674274,-3,1124,3425
38196058299,38196058294,-5,1407,2637
38196419425,38196419421,-4,1430,3091
38203906862,38203906859,-3,1162,2780
38205877790,38205877788,-2,887,2248
38206735253,38206735250,-3,1409,2179
38211985651,38211985655,4,2687,1649
38216540151,38216540146,-5,1088,1998
38217090846,38217090845,-1,850,1711
38225102806,38225102802,-4,643,1385
38227787813,38227787810,-3,940,1958
38229104871,38229104869,-2,922,2044
38234129859,38234129857,-2,940,1788
38238774810,38238774806,-4,1241,1558
38242027626,38242027623,-3,922,1949
38243535722,38243535719,-3,1037,2256
38245415875,38245415870,-5,1153,1707
38249744550,38249744547,-3,1246,2704
38250417582,38250417581,-1,1089,1607
38250686326,38250686322,-4,1064,2532
38252493722,38252493719,-3,1181,2203
38259177101,38259177099,-2,1394,2296
38263842655,38263842652,-3,1934,2242
38264578591,38264578589,-2,1464,1965
38265173973,38265173984,11,9569,49682
38268052853,38268052851,-2,1202,2068
38269150447,38269150443,-4,781,1421
38271602431,38271602429,-2,1492,2984
38275746155,38275746154,-1,1436,1903
38281319489,38281319486,-3,906,1633
38291016320,38291016329,9,13913,42585
38291969562,38291969560,-2,619,1860
38295549788,38295549787,-1,2924,4351
38299901528,38299901529,1,1376,1782
38301037714,38301037719,5,5252,3012
38303313474,38303313472,-2,1363,2480
38306569001,38306568998,-3,1010,2567
38310804171,38310804170,-1,1182,2662
38311892105,38311892103,-2,2178,3620
38313443971,38313443969,-2,851,1828
38323743569,38323743577,8,20095,56134
38324485902,38324485898,-4,958,2230
38324605879,38324605894,15,1323,3542
38328403492,38328403489,-3,1223,2449
38329609800,38329609798,-2,570,1321
38342469491,38342469489,-2,1344,1932
38343499363,38343499362,-1,1432,1587
38343945657,38343945655,-2,1108,2000
38344467100,38344467081,-19,889,1322
38345756279,38345756276,-3,1208,2219
38345950175,38345950159,-16,885,2765
38352800161,38352800158,-3,1527,2015
38365663642,38365663638,-4,590,1393
38366760282,38366760282,0,1566,3012
38366852658,38366852655,-3,821,1561
38370501779,38370501778,-1,570,1020
38371794914,38371794912,-2,725,2014
38377585718,38377585714,-4,852,3016
38377767487,38377767485,-2,1349,2609
38378689150,38378689146,-4,1181,2770
38378745963,38378745959,-4,1114,2696
38379966960,38379966973,13,392,1527
38383556999,38383557001,2,1016,1119
38384387943,38384387941,-2,1238,2534
38385231227,38385231224,-3,1177,2537
38388076613,38388076613,0,1342,1990
38395474790,38395474787,-3,1083,2631
38396402622,38396402619,-3,694,2395
38397521869,38397521865,-4,1394,2169
38398466665,38398466665,0,1375,2446
38414059061,38414059057,-4,1203,2150
38414631916,38414631913,-3,965,2356
38417888770,38417888766,-4,1203,2066
38431440025,38431440020,-5,22196,12648
38433580722,38433580722,0,964,2639
38434704315,38434704311,-4,1081,1935
38440200793,38440200791,-2,907,2258
38444626585,38444626584,-1,1527,1927
38453123867,38453123862,-5,976,2305
38455625490,38455625497,7,6527,2660
38455959227,38455959226,-1,1077,1987
38458899734,38458899731,-3,1310,2178
38463722715,38463722711,-4,1027,1959
38463823581,38463823581,0,1510,1204
38464052630,38464052627,-3,1115,1836
38466467835,38466467821,-14,420,1742
38470556917,38470556922,5,6089,2473
38474205266,38474205263,-3,1580,1984
38478604862,38478604870,8,2091,1087
38481065957,38481065954,-3,1063,2997
38481711499,38481711497,-2,1066,1914
38484941030,38484941028,-2,873,1910
38490080251,38490080249,-2,870,1946
38493345313,38493345314,1,1278,1647
38495506130,38495506130,0,825,1480
38497496611,38497496617,6,2282,1332
38498721706,38498721706,0,1346,2900
38499628899,38499628900,1,1231,1212
38499821854,38499821853,-1,1188,2304
38504505423,38504505422,-1,1632,2369
38507063566,38507063565,-1,1031,2227
38507824664,38507824662,-2,754,2004
38510178859,38510178857,-2,1282,1670
38511378522,38511378521,-1,1701,2682
38512165354,38512165353,-1,1053,2105
38512219231,38512219220,-11,1327,4463
38514399765,38514399762,-3,1510,2880
38517824621,38517824618,-3,970,2179
38522813573,38522813569,-4,973,2225
38522954480,38522954494,14,1263,2371
38526460521,38526460520,-1,1284,2498
38526773260,38526773283,23,635,852
38537805826,38537805822,-4,1176,2109
38544898474,38544898469,-5,1072,2146
38545028222,38545028219,-3,1222,1696
38548220109,38548220130,21,777,1863
38549524487,38549524487,0,1159,1639
38553229331,38553229326,-5,1436,2977
38553482648,38553482631,-17,1007,2372
38554201229,38554201239,10,224,1307
38554810207,38554810201,-6,896,2326
38555452979,38555452977,-2,1040,2478
38556237468,38556237463,-5,1124,2852
38556311271,38556311269,-2,1305,2469
38557065053,38557065050,-3,1048,3224
38558119619,38558119618,-1,1180,2053
38560314783,38560314779,-4,1146,1760
38562054074,38562054071,-3,772,2164
38563118086,38563118084,-2,791,1693
38565105283,38565105278,-5,1423,3035
38567948115,38567948112,-3,548,1061
38571144603,38571144601,-2,1180,2368
38572306282,38572306277,-5,992,2013
38574478616,38574478614,-2,1099,1890
38577616206,38577616202,-4,796,2318
38581794392,38581794389,-3,1008,2289
38582246194,38582246190,-4,1015,2627
38582866471,38582866469,-2,1068,2457
38586440915,38586440913,-2,1046,1968
38587217923,38587217922,-1,934,1824
38588090125,38588090124,-1,1028,1791
38590252644,38590252640,-4,1535,2629
38593662204,38593662202,-2,697,2351
38599406796,38599406793,-3,1023,2364
38599444026,38599444022,-4,1137,2170
38600701114,38600701111,-3,827,1895
38602851798,38602851799,1,2772,2371
38607038251,38607038250,-1,983,2549
38607506443,38607506440,-3,1159,1876
38610529195,38610529193,-2,830,2133
38613538831,38613538837,6,6703,2705
38613607042,38613607041,-1,1145,1621
38619018126,38619018125,-1,785,2576
38620369458,38620369453,-5,972,3394
38621047050,38621047049,-1,994,2226
38625954407,38625954403,-4,1046,2408
38634860074,38634860073,-1,1285,2134
38639543289,38639543286,-3,1157,1647
38639704414,38639704412,-2,977,2345
38645237288,38645237286,-2,1008,2188
38645755404,38645755402,-2,943,2525
38647429618,38647429622,4,1621,1177
38653363451,38653363445,-6,839,2514
38654455003,38654455001,-2,798,1403
38660013107,38660013104,-3,1074,2724
38660211940,38660211929,-11,1332,2356
38663232827,38663232825,-2,767,1631
38670651913,38670651911,-2,912,1964
38675839487,38675839485,-2,1340,1988
38676985982,38676985982,0,945,1524
38677347638,38677347638,0,2306,3184
38679162990,38679162986,-4,906,1605
38679902207,38679902204,-3,1172,1750
38683006751,38683006749,-2,1557,2952
38684808533,38684808534,1,2826,2535
38687174110,38687174106,-4,1001,2761
38687385957,38687385954,-3,1219,2700
38687855295,38687855291,-4,1444,3092
38689726538,38689726535,-3,832,2249
38690045967,38690045966,-1,1314,2375
38692076868,38692076850,-18,1073,1233
38692531310,38692531329,19,733,2204
38692891141,38692891138,-3,1007,1812
38697810358,38697810353,-5,1438,3562
38697885022,38697885019,-3,1742,2395
38699930365,38699930365,0,1373,1325
38701909547,38701909545,-2,635,1837
38702474390,38702474387,-3,870,1401
38703180830,38703180825,-5,1177,2861
38703457572,38703457568,-4,166,384
38704417608,38704417605,-3,1185,2670
38705295878,38705295876,-2,1337,2200
38705539844,38705539842,-2,1437,1759
38707243630,38707243635,5,4688,2210
38707957877,38707957874,-3,2098,3270
38708202295,38708202290,-5,1037,1926
38708673321,38708673316,-5,1166,2152
38708938111,38708938089,-22,1446,2950
38716206381,38716206385,4,1697,1633
38720746394,38720746393,-1,1310,1936
38726178795,38726178793,-2,1304,2017
38726211410,38726211406,-4,1395,2190
38726666083,38726666082,-1,1444,1845
38729738236,38729738248,12,815,2440
38735554579,38735554558,-21,1191,2437
38736057540,38736057561,21,670,1880
38738424123,38738424125,2,1367,1213
38741092952,38741092947,-5,1839,4190
38744737585,38744737588,3,1385,1228
38750638793,38750638790,-3,1164,2176
38753598017,38753598015,-2,1317,1673
38753840869,38753840870,1,942,2562
38757057541,38757057540,-1,1288,1843
38758452157,38758452154,-3,1108,2072
38758641158,38758641158,0,2210,2135
38759215440,38759215438,-2,1465,1826
38759357866,38759357867,1,2311,1538
38759774554,38759774553,-1,1455,2106
38760510975,38760510972,-3,1225,1893
38766789416,38766789410,-6,1055,1612
38768088749,38768088769,20,335,1016
38775372055,38775372052,-3,1369,3131
38776524069,38776524066,-3,1388,2246
38777061546,38777061543,-3,1303,2629
38778573183,38778573181,-2,1212,1591
38780324818,38780324814,-4,1247,2091
38782358389,38782358386,-3,1129,2678
38783221830,38783221827,-3,1336,2526
38783271727,38783271719,-8,383,1480
38785075227,38785075222,-5,1135,2269
38785252037,38785252034,-3,1063,1944
38785522606,38785522602,-4,1083,2157
38802361623,38802361619,-4,819,1499
38814564726,38814564725,-1,912,1700
38820145895,38820145892,-3,1209,2663
38821273370,38821273367,-3,913,2198
38826322646,38826322654,8,3532,2954
38834792549,38834792546,-3,1333,2583
38834982080,38834982074,-6,1810,8545
38836024494,38836024490,-4,1023,1983
38836523647,38836523643,-4,1109,2126
38836669829,38836669841,12,14,2640
38838105370,38838105369,-1,862,2057
38842973898,38842973894,-4,952,2114
38843647853,38843647849,-4,1398,2531
38847777577,38847777575,-2,987,2599
38851064046,38851064046,0,880,1605
38852121289,38852121286,-3,755,1906
38854072934,38854072933,-1,1241,1926
38864753093,38864753090,-3,1111,3061
38869977769,38869977769,0,1246,1457
38871675581,38871675578,-3,1201,2518
38873448533,38873448554,21,501,3814
38873598971,38873598969,-2,1036,2378
38876197823,38876197822,-1,1338,2240
38877831203,38877831202,-1,1169,3049
38878880345,38878880343,-2,1004,2376
38878965147,38878965145,-2,1199,2093
38880443791,38880443790,-1,899,1494
38882154806,38882154805,-1,1473,2344
38886524341,38886524338,-3,1506,2397
38889822466,38889822462,-4,1074,1250
38892170262,38892170261,-1,1941,3016
38893353256,38893353252,-4,1249,2758
38894183878,38894183880,2,1998,3242
38894872855,38894872852,-3,1471,2306
38896623258,38896623252,-6,988,2620
38897772686,38897772682,-4,1188,2999
38897958614,38897958610,-4,1058,1930
38903913613,38903913611,-2,1930,2728
38904704562,38904704562,0,1666,2362
38909505371,38909505366,-5,1100,2998
38913735386,38913735385,-1,1195,1919
38916706531,38916706550,19,17326,41038
38920191808,38920191805,-3,1575,2835
38921806973,38921806970,-3,1465,2456
38924148117,38924148114,-3,783,1985
38924280108,38924280105,-3,1005,2082
38927896123,38927896119,-4,805,1807
38937554498,38937554497,-1,1046,2025
38939090838,38939090835,-3,1372,2349
38942770394,38942770394,0,840,1169
38944558194,38944558193,-1,1105,1615
38946624246,38946624244,-2,1133,1891
38954069934,38954069932,-2,1261,2197
38956339648,38956339642,-6,863,2090
38956996551,38956996549,-2,819,1861
38960053718,38960053718,0,1175,2157
38960516402,38960516402,0,1613,2159
38962815758,38962815755,-3,1342,1767
38965047322,38965047320,-2,1058,2377
38967255446,38967255444,-2,1493,2222
38968356818,38968356816,-2,1327,2286
38972069770,38972069767,-3,1344,2167
38975680482,38975680480,-2,904,2163
38981444235,38981444232,-3,19133,19428
38981552464,38981552462,-2,456,1197
38988066872,38988066870,-2,1318,3223
38989305968,38989305982,14,343,1318
38996092950,38996092956,6,119,917
39002449988,39002449985,-3,1292,2404
39003214062,39003214061,-1,1355,2044
39003321183,39003321177,-6,945,1629
39008287258,39008287254,-4,1145,2217
39008486917,39008486924,7,1495,743
39009913687,39009913685,-2,1051,2313
39011341634,39011341632,-2,1577,2321
39011521904,39011521903,-1,1567,2917
39015533589,39015533586,-3,1202,1993
39017442195,39017442194,-1,1298,1906
39018835211,39018835206,-5,1137,2532
39018907457,39018907457,0,980,3367
39023088739,39023088736,-3,1198,2427
39026232223,39026232243,20,260,557
39032967173,39032967169,-4,742,2060
39036250681,39036250678,-3,1352,1773
39040762989,39040762987,-2,649,1624
39044302478,39044302478,0,1219,1564
39049293279,39049293277,-2,1137,2453
39049483999,39049484006,7,5265,4520
39057011715,39057011713,-2,1265,2084
39057610113,39057610112,-1,782,2076
39059689242,39059689238,-4,1208,2334
39061816029,39061816025,-4,1065,3134
39062721090,39062721085,-5,1086,1993
39067003585,39067003581,-4,1295,3225
39068457386,39068457384,-2,1118,3110
39069401906,39069401905,-1,1286,3175
39071906861,39071906857,-4,1074,2434
39075727130,39075727129,-1,1097,2312
39081749317,39081749309,-8,760,8749
39082236283,39082236279,-4,948,3805
39083228342,39083228338,-4,1039,2394
39083956311,39083956307,-4,1423,2984
39085629347,39085629343,-4,1034,2667
39092354633,39092354630,-3,1489,3075
39093679319,39093679317,-2,990,2740
39097426963,39097426961,-2,919,1593
39098687583,39098687581,-2,1911,3058
39101816538,39101816537,-1,1450,2263
39106409035,39106409031,-4,758,1793
39107155520,39107155516,-4,1178,1792
39108458550,39108458548,-2,1189,2451
39111858062,39111858057,-5,1017,3232
39117338035,39117338031,-4,1111,2414
39118826205,39118826214,9,12680,24481
39122940911,39122940909,-2,732,2333
39123558188,39123558185,-3,927,2482
39125898142,39125898147,5,1790,1060
39126091305,39126091302,-3,833,1974
39127963886,39127963885,-1,991,1832
39129868655,39129868654,-1,1010,1364
39131738102,39131738099,-3,843,2376
39132152606,39132152601,-5,1054,2368
39141188821,39141188814,-7,2921,7237
39147816450,39147816446,-4,961,1588
39150699101,39150699100,-1,1314,2525
39154833753,39154833750,-3,1578,3232
39156155980,39156155979,-1,1124,2564
39158784351,39158784349,-2,1181,2006
39158969717,39158969713,-4,1200,2598
39164096116,39164096116,0,833,2069
39164674995,39164674994,-1,1280,1870
39167774394,39167774390,-4,1358,3147
39168401745,39168401746,1,1063,1153
39171920910,39171920907,-3,973,2189
39177269930,39177269927,-3,1065,2077
39182157661,39182157660,-1,851,2041
39183860966,39183860975,9,1803,956
39184603514,39184603515,1,1096,2929
39188276371,39188276369,-2,1244,2351
39189966370,39189966367,-3,623,1528
39197040462,39197040459,-3,1187,2940
39198800223,39198800223,0,820,1508
39202953311,39202953313,2,1462,1611
39215907938,39215907936,-2,1023,2014
39217099562,39217099560,-2,23548,53917
39218473372,39218473369,-3,1028,1860
39219472743,39219472742,-1,1319,2113
39220554410,39220554405,-5,847,3092
39222169469,39222169466,-3,1343,2591
39222227839,39222227845,6,1490,3935
39225813274,39225813270,-4,1009,2410
39230694958,39230694955,-3,1476,2446
39231822570,39231822569,-1,1168,2261
39232838680,39232838677,-3,1596,2908
39235135687,39235135683,-4,1117,2939
39235771097,39235771096,-1,1129,2007
39237393251,39237393249,-2,1267,2512
39238622867,39238622863,-4,1362,2434
39241702279,39241702276,-3,928,2023
39245114421,39245114419,-2,1330,2147
39247215310,39247215308,-2,1207,1730
39248620022,39248620019,-3,1204,3066
39248822669,39248822668,-1,1018,2240
39252723015,39252723012,-3,744,1761
39253642678,39253642676,-2,1317,1905
39253804478,39253804473,-5,1271,1744
39257977983,39257977979,-4,1314,3469
39259792898,39259792897,-1,980,2294
39260741653,39260741650,-3,1321,2502
39262275619,39262275618,-1,854,1362
39263919516,39263919514,-2,1147,1801
39267788763,39267788761,-2,1048,2216
39267818477,39267818486,9,6045,44540
39269420281,39269420277,-4,1265,2669
39270310347,39270310346,-1,975,1079
39271024954,39271024952,-2,1189,1400
39274021821,39274021814,-7,1174,2298
39276989190,39276989188,-2,1286,2090
39278749016,39278749014,-2,1297,1965
39284584548,39284584545,-3,1375,2580
39285301621,39285301619,-2,1277,2193
39286255670,39286255667,-3,1126,2338
39290270890,39290270888,-2,1320,1711
39296022538,39296022547,9,15979,23473
39303551102,39303551093,-9,40571,16681
39308206750,39308206747,-3,1220,1777
39311653970,39311653969,-1,672,1915
39312016773,39312016783,10,2711,1175
39315359255,39315359254,-1,1101,2945
39316580646,39316580642,-4,918,2738
39319830734,39319830734,0,1064,1717
39330060087,39330060083,-4,1206,2297
39331842871,39331842870,-1,1172,1645
39332407014,39332407011,-3,1081,3136
39334126659,39334126658,-1,1245,1657
39339508939,39339508938,-1,1032,1343
39341053822,39341053817,-5,1266,3317
39341132810,39341132809,-1,983,2035
39341201519,39341201514,-5,800,1969
39342641747,39342641759,12,11956,42489
39346969870,39346969866,-4,811,2362
39350488231,39350488225,-6,1018,2073
39350514364,39350514354,-10,283,1025
39351145560,39351145558,-2,1392,2853
39353939466,39353939466,0,2020,2589
39357615453,39357615450,-3,1544,3017
39359672833,39359672837,4,2417,1523
39366355966,39366355949,-17,1665,2106
39367237934,39367237931,-3,1252,1768
39367304102,39367304093,-9,1320,3420
39371872056,39371872053,-3,876,2548
39376994403,39376994401,-2,849,1663
39378636749,39378636744,-5,1390,3822
39381524809,39381524813,4,3208,3129
39382502487,39382502486,-1,592,1289
39385081397,39385081394,-3,936,1724
39386200860,39386200857,-3,1484,2951
39389547832,39389547837,5,2224,1657
39390017858,39390017857,-1,1316,1956
39395169006,39395169002,-4,1469,2634
39399724951,39399724944,-7,1668,6584
39403341766,39403341764,-2,1357,2807
39405581809,39405581807,-2,764,1433
39408715685,39408715684,-1,1361,2125
39413113793,39413113799,6,2964,1427
39414514690,39414514686,-4,1397,2643
39414853662,39414853658,-4,1259,2734
39417581027,39417581023,-4,953,2468
39419365004,39419365001,-3,1054,2340
39423460086,39423460092,6,10829,20772
39428371264,39428371263,-1,1030,1258
39431277730,39431277729,-1,1092,2027
39431776404,39431776398,-6,1104,1586
39432196570,39432196567,-3,1646,3189
39432505852,39432505870,18,819,2425
39438135318,39438135309,-9,731,2232
39438228738,39438228737,-1,1158,1768
39438999331,39438999329,-2,1253,1737
39444411858,39444411858,0,1307,2352
39445306120,39445306139,19,888,1740
39452311009,39452311015,6,6344,2544
39453186195,39453186198,3,1238,1466
39453953117,39453953139,22,797,1652
39457007509,39457007507,-2,1287,2575
39458454402,39458454402,0,961,1495
39459341113,39459341111,-2,1126,2117
39463958417,39463958419,2,1897,2504
39469016196,39469016193,-3,1443,2673
39469330165,39469330160,-5,822,2756
39471050346,39471050344,-2,1398,2295
39474938943,39474938937,-6,1084,3226
39475889497,39475889495,-2,913,1867
39477731780,39477731775,-5,1177,2190
39481444102,39481444101,-1,861,2376
39484395566,39484395561,-5,1127,3099
39486039165,39486039163,-2,805,2150
39488248164,39488248163,-1,996,1654
39498910006,39498910001,-5,1239,1904
39499232314,39499232312,-2,1115,2077
39501100898,39501100897,-1,1200,2018
39501858470,39501858477,7,15232,4722
39512564877,39512564874,-3,1322,1999
39513005595,39513005594,-1,1116,1365
39513038783,39513038803,20,1105,1937
39513132155,39513132153,-2,1010,2435
39514417571,39514417571,0,773,2496
39524058039,39524058035,-4,1098,2050
39531718030,39531718029,-1,1378,2766
39533112903,39533112899,-4,950,1935
39534638348,39534638351,3,2893,1779
39536220830,39536220826,-4,1357,2609
39538026271,39538026270,-1,844,2117
39541293077,39541293074,-3,804,1840
39546079028,39546079025,-3,1427,3230
39547839971,39547839968,-3,771,2439
39548460598,39548460598,0,1217,2665
39552467014,39552467010,-4,1111,2061
39553755987,39553755985,-2,1247,2348
39555412534,39555412533,-1,1415,3157
39557645997,39557645994,-3,1059,1991
39564336974,39564336970,-4,1774,3013
39564558225,39564558221,-4,1067,3129
39565010212,39565010201,-11,954,1901
39570765219,39570765218,-1,540,1263
39573746943,39573746941,-2,754,1847
39574941348,39574941346,-2,170,983
39575320470,39575320469,-1,1232,2227
39577231710,39577231709,-1,633,2161
39586788279,39586788277,-2,1618,3236
39589834958,39589834957,-1,1523,1694
39589884505,39589884509,4,1671,1769
39590603769,39590603768,-1,1775,2813
39591355467,39591355465,-2,1169,2000
39591777947,39591777943,-4,1203,3071
39594590586,39594590589,3,1632,1548
39594826539,39594826537,-2,1254,2855
39596059711,39596059705,-6,1030,4623
39596877091,39596877087,-4,1149,2406
39597977576,39597977574,-2,1104,2310
39604978494,39604978491,-3,1168,2699
39606224546,39606224545,-1,1152,1960
39608507436,39608507437,1,890,1369
39609064405,39609064423,18,762,1572
39609640717,39609640712,-5,451,1765
39610426589,39610426586,-3,1494,2308
39612119948,39612119943,-5,816,1638
39613957407,39613957405,-2,1139,2371
39616076577,39616076576,-1,966,1715
39618845655,39618845651,-4,876,1806
39620457705,39620457702,-3,1105,2243
39620759460,39620759461,1,1338,2342
39620980053,39620980051,-2,1864,2834
39621398602,39621398600,-2,1037,2064
39624574508,39624574510,2,1795,2599
39626438829,39626438829,0,1480,2082
39627517426,39627517422,-4,1403,3274
39627959214,39627959211,-3,1648,2619
39629268973,39629268971,-2,953,2325
39643069100,39643069099,-1,1214,2037
39645238554,39645238550,-4,938,2320
39650339610,39650339607,-3,589,1184
39650778204,39650778202,-2,1076,2370
39650873803,39650873798,-5,1330,3393
39653500606,39653500605,-1,783,2004
39657050029,39657050029,0,961,1574
39658511959,39658511957,-2,1294,2591
39658818903,39658818901,-2,1213,1562
39659739739,39659739735,-4,1084,2879
39661505174,39661505171,-3,858,1064
39668659790,39668659789,-1,1404,2011
39671362505,39671362502,-3,1389,1927
39678730718,39678730714,-4,807,1887
39685467346,39685467342,-4,1184,2229
39686666584,39686666587,3,3372,3194
39688356249,39688356249,0,1979,2168
39689018497,39689018499,2,1662,824
39690160183,39690160182,-1,997,2500
39690666389,39690666396,7,15610,20015
39695685595,39695685594,-1,1259,1576
39697999270,39697999275,5,1874,1132
39698771458,39698771462,4,2439,2275
39702186357,39702186354,-3,933,2431
39702274798,39702274815,17,467,1157
39702717324,39702717326,2,1442,1295
39704902438,39704902434,-4,962,1722
39705610652,39705610670,18,266,1179
39705934814,39705934813,-1,1312,2286
39706966981,39706966978,-3,1276,2231
39721247171,39721247169,-2,961,1736
39722948671,39722948668,-3,892,2276
39727621194,39727621200,6,2498,1927
39729098010,39729098008,-2,829,1501
39730148886,39730148885,-1,1140,2896
39730813912,39730813909,-3,1471,2390
39735787824,39735787822,-2,1341,2992
39737723561,39737723558,-3,1573,3037
39740079813,39740079810,-3,1601,2796
39740765795,39740765801,6,1038,2283
39741109182,39741109190,8,466,1090
39743186466,39743186463,-3,1010,2698
39743460762,39743460758,-4,1439,2324
39744975454,39744975461,7,2744,1034
39750890340,39750890337,-3,1440,2338
39754494525,39754494523,-2,911,1493
39755316455,39755316455,0,2645,3221
39757858320,39757858316,-4,1931,4433
39762304475,39762304473,-2,1597,2661
39764572695,39764572692,-3,654,1200
39768972118,39768972114,-4,1379,2128
39772642637,39772642635,-2,1321,2641
39775106238,39775106240,2,1358,1826
39783750543,39783750539,-4,772,3034
39786365132,39786365129,-3,806,2140
39786721767,39786721766,-1,973,2520
39793131011,39793131009,-2,1063,2340
39795260209,39795260201,-8,1108,5247
39795356420,39795356406,-14,35,780
39798778503,39798778501,-2,1001,1851
39799687389,39799687387,-2,1355,1919
39801189257,39801189253,-4,1216,2055
39802860874,39802860881,7,2810,876
39804775250,39804775249,-1,1091,1499
39805086675,39805086672,-3,1184,2726
39807551174,39807551165,-9,30894,9575
39807678983,39807678982,-1,1687,2527
39808888263,39808888260,-3,1184,2313
39809117479,39809117477,-2,1026,2535
39817815021,39817815017,-4,1802,4758
39831496495,39831496491,-4,795,1425
39831665332,39831665343,11,154,842
39833683890,39833683887,-3,1214,1980
39838446718,39838446723,5,4071,1506
39839822810,39839822809,-1,1301,2561
39840910169,39840910166,-3,1891,2610
39842207730,39842207727,-3,1544,3125
39842868899,39842868897,-2,984,2832
39844793092,39844793089,-3,1207,1660
39849452470,39849452466,-4,1466,1922
39852733962,39852733959,-3,924,2840
39855621054,39855621052,-2,824,1746
39856995407,39856995405,-2,1633,2888
39857594343,39857594341,-2,752,1789
39859853910,39859853910,0,762,1425
39859970674,39859970682,8,3507,1313
39862087745,39862087744,-1,1349,2173
39863759851,39863759847,-4,920,1992
39865443403,39865443403,0,1101,1761
39866604539,39866604534,-5,1241,2115
39867428524,39867428515,-9,919,2664
39873559088,39873559085,-3,1219,2848
39874542186,39874542193,7,6316,2021
39875436657,39875436654,-3,1176,1500
39881161173,39881161170,-3,851,1892
39885941446,39885941441,-5,1252,3633
39893928170,39893928165,-5,1553,3437
39894045886,39894045894,8,4904,1219
39894328610,39894328602,-8,1157,2516
39896473192,39896473188,-4,1284,2653
39897714506,39897714502,-4,1000,1472
39906601951,39906601947,-4,854,1937
39911380531,39911380528,-3,1080,2093
39912871530,39912871529,-1,797,1568
39913503957,39913503962,5,1915,1541
39914213198,39914213197,-1,1397,2125
39916746046,39916746042,-4,1089,2469
39917891511,39917891510,-1,1390,3497
39918085222,39918085219,-3,1372,2233
39925082354,39925082350,-4,1068,1812
39936712850,39936712848,-2,979,2421
39943550961,39943550957,-4,1360,2258
39946685367,39946685364,-3,1237,2146
39947297928,39947297924,-4,804,1607
39949027023,39949027021,-2,1022,2238
39950747818,39950747814,-4,951,1909
39952959626,39952959623,-3,855,2195
39954714906,39954714903,-3,944,2511
39956447663,39956447658,-5,1345,2953
39959314697,39959314693,-4,878,2427
39962149410,39962149408,-2,1109,2770
39963051458,39963051456,-2,1227,3003
39963570727,39963570725,-2,847,1849
39963676975,39963676968,-7,995,2004
39964083595,39964083593,-2,1437,4045
39966552636,39966552634,-2,4642,10151
39969148246,39969148243,-3,1160,1864
39969618081,39969618078,-3,968,2017
39970175718,39970175739,21,896,1935
39975705099,39975705102,3,2009,1531
39981560284,39981560281,-3,1667,2702
39983504820,39983504812,-8,1049,2625
39989434673,39989434670,-3,1338,2222
39999544676,39999544673,-3,1827,3092
40002124811,40002124808,-3,1247,2347
40006306330,40006306335,5,1115,1536
40017961646,40017961648,2,1987,1953
40019688911,40019688909,-2,1216,2642
40020326027,40020326025,-2,705,1565
40022296502,40022296499,-3,1591,3059
40029372612,40029372608,-4,1210,2539
40032186788,40032186785,-3,1177,2207
40044462938,40044462935,-3,945,2754
40056662609,40056662606,-3,1056,1900
40058327047,40058327047,0,1055,2084
40061199837,40061199837,0,1147,2123
40067060322,40067060318,-4,1121,1822
40068798278,40068798276,-2,1006,3061
40075916900,40075916898,-2,1252,2457
40077165596,40077165594,-2,1242,2745
40081710774,40081710774,0,1377,2096
40084547213,40084547211,-2,1577,2798
40086006472,40086006469,-3,1231,1995
40088235586,40088235585,-1,803,1465
40092987294,40092987290,-4,1260,2181
40094962566,40094962551,-15,787,1369
40096244650,40096244648,-2,1146,1651
40096981250,40096981248,-2,868,1062
40098722511,40098722507,-4,871,2742
40099525662,40099525660,-2,1069,2347
40101339125,40101339114,-11,799,3867
40101544494,40101544481,-13,1073,1572
40101971249,40101971245,-4,1415,2248
40102782713,40102782713,0,909,1964
40106794866,40106794862,-4,1012,1445
40107378349,40107378347,-2,30751,52932
40107735674,40107735671,-3,993,2600
40110875958,40110875958,0,2057,1890
40111272263,40111272258,-5,1378,2959
40112301142,40112301141,-1,1180,1740
40113840182,40113840178,-4,893,1986
40116932870,40116932874,4,33441,31290
40117396942,40117396937,-5,960,3053
40119808891,40119808883,-8,1223,6246
40120310696,40120310693,-3,853,2191
40125524855,40125524851,-4,994,1316
40126545131,40126545128,-3,1204,2206
40130722033,40130722027,-6,1155,3452
40133507945,40133507945,0,1217,2027
40135423435,40135423431,-4,1017,2480
40138321053,40138321057,4,798,325
40139067693,40139067715,22,369,512
40141880553,40141880551,-2,1268,2587
40145020787,40145020786,-1,1075,2213
40145984025,40145984022,-3,1138,2086
40146223324,40146223321,-3,29,1129
40149621776,40149621773,-3,1158,2354
40151719506,40151719501,-5,2113,7153
40153738293,40153738291,-2,1419,2778
40154042973,40154042963,-10,1077,2884
40154727755,40154727754,-1,1288,2413
40157206671,40157206666,-5,820,2673
40157441607,40157441625,18,622,1114
40159459242,40159459241,-1,1436,2397
40160128099,40160128097,-2,1336,2242
40162523546,40162523543,-3,731,3230
40165782202,40165782198,-4,676,2090
40174779436,40174779433,-3,1306,2989
40175172780,40175172792,12,14921,45905
40183747241,40183747241,0,1337,1960
40184516993,40184516990,-3,1212,1939
40185548253,40185548250,-3,1362,2263
40188680677,40188680674,-3,1245,2694
40190694625,40190694622,-3,1304,2486
40191521834,40191521837,3,1765,2178
40194788021,40194788018,-3,1400,2223
40197052182,40197052181,-1,1002,2052
40203761583,40203761582,-1,808,1528
40208886511,40208886509,-2,1553,2642
40210545206,40210545206,0,939,1706
40213775762,40213775760,-2,818,1952
40217572933,40217572930,-3,1327,3052
40219167789,40219167786,-3,1355,2560
40222134677,40222134675,-2,1101,1732
40228267770,40228267769,-1,1276,2104
40229683362,40229683358,-4,1168,2535
40230508490,40230508487,-3,1195,2145
40232052299,40232052296,-3,1180,2866
40234088402,40234088399,-3,1263,2273
40236346689,40236346686,-3,504,1947
40239636902,40239636898,-4,1180,2690
40244773782,40244773778,-4,1800,2823
40245371693,40245371697,4,3109,2063
40246707787,40246707783,-4,1456,2134
40253820933,40253820931,-2,1307,1909
40255157017,40255157015,-2,1567,2699
40255245022,40255245021,-1,1331,1519
40257806618,40257806614,-4,1231,2637
40259728356,40259728377,21,920,1853
40260456814,40260456820,6,12432,38116
40261722570,40261722566,-4,1142,2299
40266914270,40266914267,-3,1218,1798
40267917182,40267917181,-1,808,2082
40269808288,40269808285,-3,1429,2456
40272176142,40272176142,0,1406,1689
40274467329,40274467327,-2,1209,2431
40274670198,40274670214,16,887,2561
40275306906,40275306904,-2,1843,2824
40277330959,40277330961,2,1215,1583
40278391292,40278391291,-1,1050,963
40279893267,40279893265,-2,1066,1743
40283289256,40283289252,-4,1191,3104
40285708359,40285708362,3,2457,1647
40290603889,40290603886,-3,1360,1926
40291436217,40291436217,0,1196,2291
40291774235,40291774227,-8,18487,14526
40291904436,40291904434,-2,1389,2669
40292434914,40292434910,-4,726,2735
40299116836,40299116833,-3,1228,1974
40299166934,40299166942,8,3200,1390
40299201982,40299201983,1,37230,20253
40301465047,40301465044,-3,766,1929
40303649735,40303649733,-2,998,2196
40305135034,40305135031,-3,1361,2226
40306142028,40306142025,-3,1296,1871
40309051498,40309051495,-3,1644,3458
40311750499,40311750497,-2,1330,2404
40321036830,40321036828,-2,1435,1867
40329905341,40329905338,-3,1092,1953
40333724918,40333724916,-2,1317,2541
40343766667,40343766663,-4,1273,2731
40346618047,40346618045,-2,917,2209
40348687969,40348687966,-3,1614,3076
40352037245,40352037241,-4,17514,12140
40357790955,40357790953,-2,977,2069
40358017650,40358017649,-1,1606,2295
40361348767,40361348765,-2,1424,2859
40365240859,40365240859,0,1324,2252
40367463182,40367463182,0,1275,1755
40371718150,40371718149,-1,745,2125
40372254616,40372254613,-3,1543,3398
40374180172,40374180170,-2,890,2710
40385408346,40385408342,-4,981,3213
40387996744,40387996740,-4,1113,2687
40390050121,40390050121,0,1789,2264
40391406354,40391406350,-4,1207,2410
40397300915,40397300911,-4,1193,1788
40398625201,40398625184,-17,41802,20076
40403265238,40403265235,-3,1009,1718
40404449464,40404449466,2,2273,1305
40407423858,40407423854,-4,1132,2292
40409602998,40409602997,-1,1051,2220
40413094682,40413094679,-3,1308,2436
40413716269,40413716270,1,1286,1188
40415105318,40415105327,9,280,1254
40420190593,40420190591,-2,1272,2315
40422925226,40422925222,-4,1283,3320
40428902641,40428902639,-2,1056,2146
40429447171,40429447170,-1,1119,1976
40430580877,40430580873,-4,1632,2779
40431137931,40431137926,-5,999,2199
40431355713,40431355711,-2,1155,2653
40432423086,40432423082,-4,876,1708
40433104199,40433104197,-2,924,2321
40434242873,40434242870,-3,917,1798
40435765851,40435765850,-1,1260,2420
40437405909,40437405905,-4,1299,2370
40443575850,40443575839,-11,1067,216
40451084115,40451084113,-2,962,2334
40452053971,40452053970,-1,1201,2132
40455806426,40455806426,0,1306,1442
40457930409,40457930406,-3,1700,3129
40458435878,40458435873,-5,963,2712
40459159295,40459159293,-2,962,1870
40461419465,40461419462,-3,746,1947
40464496952,40464496945,-7,824,2719
40464572620,40464572610,-10,1055,1953
40468000519,40468000518,-1,1194,2809
40468864671,40468864670,-1,1577,2180
40471486346,40471486344,-2,724,2442
40471561906,40471561903,-3,1129,1900
40475556348,40475556346,-2,1148,2368
40477519479,40477519475,-4,1762,4300
40477644698,40477644698,0,922,1566
40478118984,40478118999,15,764,1416
40478154218,40478154217,-1,1360,2476
40479402910,40479402907,-3,1274,2216
40481509545,40481509545,0,1576,2463
40484781925,40484781924,-1,1141,2017
40488556836,40488556832,-4,4063,7701
40488752764,40488752765,1,1570,2131
40490026110,40490026107,-3,1797,2302
40494834998,40494834997,-1,1234,1457
40498628931,40498628925,-6,980,3943
40498833206,40498833201,-5,1534,3002
40506771827,40506771824,-3,1365,1921
40507544046,40507544045,-1,1271,1643
40509386533,40509386531,-2,1229,2332
40509658237,40509658234,-3,200,1069
40511434524,40511434528,4,1124,1804
40518282590,40518282589,-1,1258,1591
40521477802,40521477801,-1,848,2091
40522852956,40522852972,16,732,1758
40525637803,40525637801,-2,1328,2016
40526375081,40526375074,-7,1307,3282
40527590983,40527590982,-1,1385,2770
40544442894,40544442893,-1,1072,2129
40546838074,40546838072,-2,1143,2371
40551431859,40551431857,-2,1241,2579
40553575775,40553575771,-4,1307,2019
40555226809,40555226807,-2,1846,2504
40558699676,40558699674,-2,1084,1849
40562951916,40562951915,-1,852,1726
40564570034,40564570030,-4,411,2250
40568373354,40568373351,-3,1104,2197
40575097686,40575097685,-1,1023,1431
40575886806,40575886787,-19,1274,4283
40576207519,40576207539,20,747,1954
40577868167,40577868170,3,3813,2664
40578206213,40578206211,-2,1447,2510
40580504671,40580504669,-2,797,1104
40583895990,40583895988,-2,1333,2678
40586780018,40586780018,0,1134,2554
40587144267,40587144264,-3,1338,2019
40587864943,40587864942,-1,1133,1867
40590541457,40590541453,-4,908,2142
40595907238,40595907234,-4,651,1627
40597723906,40597723904,-2,1169,2311
40598190727,40598190727,0,1062,2132
40598260829,40598260848,19,562,1237
40604491535,40604491533,-2,926,1227
40607405593,40607405586,-7,521,3585
40607543352,40607543349,-3,705,1841
40608774050,40608774048,-2,1618,3088
40608965367,40608965364,-3,1605,2157
40616074510,40616074507,-3,2829,4056
40616727322,40616727342,20,561,1555
40618574487,40618574482,-5,1139,1901
40622995959,40622995954,-5,897,2126
40626305309,40626305310,1,23004,32114
40635511351,40635511350,-1,815,1525
40636198373,40636198369,-4,1161,2185
40639516589,40639516586,-3,1031,2534
40641881930,40641881927,-3,559,1225
40643115238,40643115235,-3,980,1589
40643839365,40643839362,-3,1535,2320
40646566294,40646566290,-4,924,2181
40647209094,40647209094,0,1067,1596
40649932291,40649932289,-2,1404,2003
40659949326,40659949330,4,5449,3632
40663591369,40663591368,-1,1079,1823
40663750089,40663750086,-3,1395,2885
40666644167,40666644159,-8,594,1749
40669486271,40669486270,-1,1077,1649
40675851449,40675851446,-3,939,2368
40677219865,40677219865,0,1512,2504
40681098318,40681098314,-4,1309,2795
40681850058,40681850053,-5,907,3725
40681956879,40681956874,-5,1168,3753
40682051502,40682051502,0,999,1737
40682812710,40682812729,19,221,949
40685907819,40685907818,-1,884,2095
40686011775,40686011773,-2,889,1756
40688420681,40688420676,-5,1075,3036
40690974348,40690974346,-2,807,1401
40692830979,40692830977,-2,964,1794
40694619651,40694619650,-1,1212,2645
40698001695,40698001692,-3,1256,2867
40699455015,40699455014,-1,181,830
40700126918,40700126906,-12,1126,1582
40703518668,40703518663,-5,1108,2157
40707853208,40707853205,-3,1101,1467
40711912526,40711912522,-4,783,1766
40717536975,40717536973,-2,1268,3273
40718819503,40718819503,0,1131,2168
40721098556,40721098553,-3,771,1475
40723090698,40723090694,-4,918,1988
40729672521,40729672522,1,1148,2373
40729769671,40729769668,-3,1268,2970
40731341055,40731341050,-5,1150,2790
40734733205,40734733201,-4,717,1527
40737295589,40737295587,-2,1582,2026
40746143813,40746143809,-4,1503,2279
40747064554,40747064553,-1,1179,3055
40749883581,40749883579,-2,1114,2149
40750032879,40750032878,-1,1329,1545
40754388081,40754388078,-3,1468,2200
40755931789,40755931808,19,1205,1688
40757281778,40757281775,-3,1058,2423
40757314440,40757314457,17,206,925
40759780143,40759780138,-5,1347,2696
40765996547,40765996545,-2,719,2002
40767709062,40767709059,-3,1018,1878
40769461379,40769461376,-3,968,2018
40771693010,40771693007,-3,1079,2080
40774879608,40774879605,-3,847,2224
40775288014,40775288013,-1,1158,2141
40784543962,40784543960,-2,1382,2232
40786163724,40786163733,9,16353,52887
40787828265,40787828261,-4,1198,2203
40788530516,40788530512,-4,1444,2813
40796577291,40796577293,2,1239,999
40797169051,40797169047,-4,981,2433
40797590317,40797590308,-9,1085,2218
40799694029,40799694027,-2,977,2068
40805334484,40805334480,-4,1017,2638
40807882617,40807882614,-3,1140,2123
40808328586,40808328590,4,2153,1322
40809129862,40809129861,-1,765,2116
40809977567,40809977573,6,311,844
40810724266,40810724263,-3,1176,1820
40810967886,40810967901,15,460,827
40814467791,40814467790,-1,756,1704
40815418934,40815418929,-5,2976,9118
40820777823,40820777821,-2,725,1775
40823500986,40823500985,-1,1831,2333
40823773438,40823773435,-3,1957,2571
40826346641,40826346639,-2,1386,1890
40826701203,40826701199,-4,1028,1764
40826995989,40826996009,20,1590,2568
40829194081,40829194084,3,1839,2028
40831766763,40831766762,-1,917,1623
40837418202,40837418201,-1,1334,2805
40840318622,40840318623,1,1408,1188
40843527099,40843527097,-2,1150,2630
40845231918,40845231913,-5,927,2407
40846055728,40846055723,-5,1118,2491
40846226642,40846226637,-5,1101,4108
40848682525,40848682522,-3,843,1690
40849715138,40849715135,-3,1642,2394
40850587834,40850587832,-2,895,2379
40854571810,40854571811,1,1222,1639
40859790301,40859790299,-2,833,1925
40863425093,40863425104,11,12132,51108
40866149947,40866149946,-1,1027,1893
40867968734,40867968731,-3,987,1864
40870977830,40870977825,-5,1088,2524
40872018221,40872018213,-8,1244,1842
40873769454,40873769450,-4,1913,5142
40876987360,40876987355,-5,1003,2061
40881247019,40881247014,-5,1233,3259
40881810920,40881810917,-3,1251,3037
40883825695,40883825693,-2,1563,2993
40884749866,40884749862,-4,1989,2731
40887708482,40887708480,-2,752,1230
40888727713,40888727717,4,2367,2135
40888753027,40888753022,-5,1338,2480
40895726574,40895726570,-4,895,3184
40901625503,40901625502,-1,976,1847
40903836447,40903836442,-5,1571,2908
40904028148,40904028145,-3,994,2222
40906149977,40906149974,-3,1136,2714
40907228006,40907228003,-3,1140,2163
40913384418,40913384417,-1,1483,2117
40921382006,40921382005,-1,965,2019
40928729069,40928729067,-2,1037,2275
40933185973,40933185971,-2,1038,1164
40934868777,40934868774,-3,658,2279
40936307742,40936307738,-4,941,2085
40938679459,40938679457,-2,834,1687
40939448252,40939448250,-2,1569,3414
40943695842,40943695838,-4,1455,2658
40954813365,40954813366,1,42747,4610
40959645734,40959645731,-3,961,2577
40964283450,40964283446,-4,979,3871
40964573724,40964573722,-2,1366,3164
40968405347,40968405343,-4,1084,2116
40972634965,40972634962,-3,1669,3219
40974328434,40974328433,-1,1347,2571
40978712774,40978712773,-1,1049,2405
40980300414,40980300414,0,1060,2076
40981649369,40981649362,-7,993,2254
40981838280,40981838273,-7,972,2327
40988147782,40988147779,-3,1145,2305
40990375219,40990375218,-1,2243,10101
40991751603,40991751602,-1,1215,1789
40992433462,40992433459,-3,910,2531
40993470871,40993470869,-2,1111,2271
40996897889,40996897883,-6,822,1570
41001196743,41001196740,-3,1139,2140
41002959095,41002959093,-2,1414,2100
41013322327,41013322327,0,802,1941
41014715070,41014715067,-3,989,1830
41015646703,41015646701,-2,1162,2227
41016911502,41016911501,-1,662,2046
41021570067,41021570062,-5,1091,2207
41033944097,41033944093,-4,1755,2110
41041479226,41041479225,-1,721,1805
41045043830,41045043830,0,1683,2105
41049938199,41049938215,16,540,1814
41051160593,41051160590,-3,1640,3349
41051605495,41051605493,-2,952,2609
41054435251,41054435246,-5,1293,2517
41055770290,41055770291,1,991,1293
41056115299,41056115296,-3,668,2478
41056998757,41056998751,-6,1244,1252
41059568982,41059568979,-3,799,2144
41073738266,41073738261,-5,899,1848
41076962536,41076962533,-3,1563,2087
41078312349,41078312346,-3,1310,2337
41081043194,41081043192,-2,1057,2519
41084486467,41084486463,-4,1242,2302
41090277590,41090277586,-4,1204,2026
41090642649,41090642655,6,2203,830
41091223507,41091223501,-6,842,2352
41091979559,41091979557,-2,1278,2570
41100149382,41100149386,4,4149,2651
41100599793,41100599793,0,1446,1579
41101196442,41101196440,-2,1383,3061
41103836590,41103836586,-4,1880,2665
41107108797,41107108795,-2,1064,1466
41107217637,41107217657,20,1060,2017
41107667179,41107667177,-2,858,1239
41109574349,41109574349,0,1585,1696
41112064087,41112064086,-1,1129,2423
41115864884,41115864897,13,477,1110
41118590290,41118590287,-3,1320,2450
41124194143,41124194133,-10,36311,16534
41125252912,41125252917,5,19470,16343
41129217427,41129217425,-2,814,1707
41130852451,41130852448,-3,1292,2827
41131522737,41131522735,-2,730,2620
41131559287,41131559291,4,257,856
41134385953,41134385952,-1,1272,1738
41135249291,41135249286,-5,20776,15840
41137528543,41137528537,-6,768,2001
41137677943,41137677959,16,649,1987
41138366319,41138366316,-3,1179,1411
41146226459,41146226457,-2,1236,2419
41146659724,41146659747,23,1471,2218
41151729082,41151729082,0,1210,2140
41155207138,41155207136,-2,1220,3304
41157592434,41157592430,-4,1052,2214
41158809621,41158809618,-3,1397,1828
41160245655,41160245651,-4,1146,2439
41160628190,41160628188,-2,935,1715
41167128330,41167128328,-2,1167,1800
41167627363,41167627360,-3,1286,1910
41170585535,41170585554,19,919,1596
41174392792,41174392790,-2,1628,3178
41179971548,41179971546,-2,1734,3473
41183215434,41183215431,-3,1117,1684
41183332478,41183332498,20,124,408
41183521923,41183521919,-4,717,1244
41186618002,41186617999,-3,1746,2376
41190340738,41190340737,-1,1338,2251
41192613094,41192613090,-4,1097,2759
41194051125,41194051123,-2,1428,2944
41197870683,41197870679,-4,684,1474
41198837479,41198837474,-5,1310,2881
41200276850,41200276847,-3,953,2079
41201219565,41201219561,-4,1566,2395
41201872066,41201872061,-5,935,1899
41205089910,41205089927,17,886,2809
41206040218,41206040224,6,3694,1756
41206099015,41206099014,-1,1122,2323
41209050371,41209050368,-3,1025,2021
41213026226,41213026222,-4,1307,2089
41215902096,41215902093,-3,1315,2595
41218406233,41218406230,-3,725,1673
41232440946,41232440944,-2,1255,2084
41236965445,41236965444,-1,749,1232
41245107854,41245107852,-2,1389,2470
41249237688,41249237686,-2,1224,2257
41251057017,41251057013,-4,913,1920
41254956957,41254956975,18,1543,3316
41256699538,41256699536,-2,1083,1874
41262040834,41262040831,-3,1494,2270
41263857934,41263857931,-3,1152,2976
41272340465,41272340466,1,728,946
41276024135,41276024129,-6,2245,6534
41285235889,41285235886,-3,1224,2238
41287721893,41287721890,-3,1018,1961
41287910325,41287910321,-4,971,2970
41289359913,41289359909,-4,1104,1587
41290155562,41290155561,-1,703,1218
41293999426,41293999423,-3,1204,2490
41294185847,41294185843,-4,930,1582
41299862884,41299862882,-2,1153,3714
41300239663,41300239661,-2,1089,1909
41302493742,41302493739,-3,866,1981
41306341095,41306341094,-1,1451,2012
41311148575,41311148574,-1,1191,1598
41311270998,41311271005,7,359,2448
41312456141,41312456139,-2,1010,1483
41314719605,41314719626,21,771,1431
41314999087,41314999086,-1,1027,2201
41316343912,41316343910,-2,1053,2576
41316648311,41316648310,-1,2407,3948
41316956167,41316956165,-2,1422,3600
41319946292,41319946287,-5,1629,4347
41321279686,41321279685,-1,1278,2085
41326717957,41326717950,-7,1150,3095
41330294531,41330294526,-5,1252,3569
41336801363,41336801361,-2,1152,2176
41337557189,41337557187,-2,848,1561
41337910510,41337910505,-5,1325,1585
41338816663,41338816660,-3,1337,2125
41339215874,41339215881,7,2678,922
41346001903,41346001902,-1,834,1793
41352340410,41352340408,-2,1145,3629
41356046642,41356046638,-4,932,1584
41360422203,41360422197,-6,1103,5015
41366969395,41366969393,-2,645,1701
41367584458,41367584454,-4,1016,1480
41372055370,41372055368,-2,443,1564
41377133540,41377133537,-3,1514,3169
41378001739,41378001734,-5,1000,1915
41378094063,41378094052,-11,1079,1727
41386562163,41386562161,-2,928,2274
41388631542,41388631537,-5,847,2634
41393951678,41393951674,-4,1202,1632
41394990841,41394990838,-3,1276,2760
41395777551,41395777549,-2,1356,2686
41412638566,41412638562,-4,1414,2732
41416119131,41416119129,-2,1278,3337
41419766486,41419766482,-4,1210,2151
41420265615,41420265607,-8,1201,1982
41426528627,41426528626,-1,940,1368
41427887755,41427887753,-2,1017,2089
41434915466,41434915467,1,706,1783
41435995917,41435995914,-3,1489,2351
41436662195,41436662193,-2,865,1638
41440234892,41440234889,-3,1103,2690
41442388701,41442388697,-4,1330,1717
41450996760,41450996757,-3,1093,2428
41455602391,41455602393,2,1417,1344
41459208978,41459208977,-1,1418,2072
41460730315,41460730312,-3,1267,1939
41462659603,41462659602,-1,488,1484
41465787016,41465787013,-3,920,1823
41466568429,41466568450,21,1039,1951
41469931771,41469931766,-5,1352,2649
41471904515,41471904514,-1,981,1884
41475914698,41475914697,-1,835,2150
41476697442,41476697439,-3,779,2173
41478916226,41478916221,-5,1655,7887
41480581932,41480581927,-5,1446,3220
41484880695,41484880701,6,4088,2468
41485273941,41485273939,-2,1527,2543
41485993991,41485993986,-5,1303,2489
41493383786,41493383785,-1,882,2113
41494611887,41494611884,-3,1132,2406
41499994460,41499994456,-4,967,1970
41501235574,41501235573,-1,1896,2239
41501303299,41501303296,-3,1043,2884
41501354899,41501354897,-2,1306,2249
41501499186,41501499190,4,1980,1275
41502519786,41502519785,-1,577,967
41508747500,41508747497,-3,1166,2014
41515205679,41515205677,-2,892,1797
41515529522,41515529509,-13,5916,46197
41523926244,41523926241,-3,1251,1769
41525826501,41525826510,9,16063,20240
41526039013,41526039014,1,1437,1770
41529942911,41529942903,-8,1063,3469
41530569090,41530569087,-3,1244,2119
41531373863,41531373860,-3,1159,2483
41532991061,41532991057,-4,1283,2357
41535996009,41535996007,-2,1555,3185
41536432789,41536432786,-3,1178,2099
41541290567,41541290565,-2,1155,2476
41563817755,41563817751,-4,1317,2496
41565069545,41565069542,-3,844,1967
41568620364,41568620363,-1,1758,2866
41569562330,41569562325,-5,799,2185
41570132367,41570132362,-5,667,1519
41573445485,41573445486,1,996,1866
41574538819,41574538825,6,1025,909
41574875036,41574875057,21,1040,2261
41579580830,41579580833,3,2163,1640
41580565446,41580565449,3,1979,1337
41583780032,41583780025,-7,1100,3419
41584605243,41584605239,-4,766,2105
41585115807,41585115806,-1,740,1674
41586507659,41586507658,-1,1049,2150
41591109195,41591109190,-5,1116,1667
41593227470,41593227468,-2,1049,2152
41593971248,41593971244,-4,1141,1397
41595243371,41595243370,-1,1058,1980
41598086594,41598086593,-1,881,2734
41598372520,41598372517,-3,1058,1923
41598429279,41598429293,14,697,1691
41602642478,41602642476,-2,1221,1900
41603883402,41603883398,-4,1678,3042
41605472737,41605472734,-3,1538,2495
41611528136,41611528129,-7,852,2113
41616082097,41616082094,-3,1562,2466
41616247675,41616247674,-1,1456,2257
41618379256,41618379253,-3,1212,2810
41621859709,41621859714,5,1148,722
41623752207,41623752206,-1,1519,1988
41624719451,41624719450,-1,1351,2479
41625340050,41625340046,-4,664,1993
41629782567,41629782565,-2,1088,2439
41630474290,41630474288,-2,1127,2466
41632159282,41632159283,1,1104,1492
41637904630,41637904626,-4,1143,2482
41638311554,41638311553,-1,1945,2480
41638618249,41638618246,-3,1214,1977
41642141985,41642141980,-5,1979,4760
41649202495,41649202493,-2,937,1720
41649317365,41649317363,-2,939,1848
41650261069,41650261069,0,1345,1754
41657191780,41657191780,0,22791,8729
41659756726,41659756722,-4,1092,2799
41659875323,41659875318,-5,950,1721
41662931648,41662931647,-1,1232,1678
41664962054,41664962049,-5,626,1946
41666464308,41666464310,2,74,521
41677934784,41677934780,-4,1242,2202
41681445987,41681445984,-3,889,1966
41685290504,41685290501,-3,1205,2321
41686397377,41686397375,-2,1207,2472
41689738726,41689738733,7,7297,2540
41695186894,41695186894,0,1360,1745
41697491853,41697491850,-3,1453,2967
41710305639,41710305637,-2,1696,2711
41711431090,41711431087,-3,664,1591
41715581705,41715581701,-4,770,3175
41716224941,41716224938,-3,1079,2105
41722625269,41722625270,1,1986,2572
41725220679,41725220677,-2,1412,3576
41725876430,41725876419,-11,778,1312
41730174621,41730174628,7,5790,1242
41733932609,41733932603,-6,708,3027
41737819319,41737819316,-3,1083,2088
41745392119,41745392117,-2,692,1883
41747079154,41747079150,-4,605,1240
41748611361,41748611362,1,1610,1409
41756561443,41756561441,-2,898,1760
41762314627,41762314627,0,942,2386
41762502150,41762502149,-1,1211,2726
41764123187,41764123183,-4,1219,2069
41764290404,41764290402,-2,1580,2387
41764805442,41764805439,-3,862,2453
41765040277,41765040258,-19,412,1458
41769252057,41769252055,-2,1246,3360
41772255207,41772255201,-6,939,2547
41776220077,41776220082,5,1270,885
41779648831,41779648829,-2,1320,2397
41784701071,41784701052,-19,1040,618
41786214173,41786214171,-2,1128,2428
41788143478,41788143474,-4,1481,2946
41790474155,41790474151,-4,1352,1883
41793002576,41793002573,-3,1471,2331
41795762185,41795762185,0,752,1728
41797772843,41797772841,-2,1232,2202
41803321965,41803321964,-1,1873,2027
41805753451,41805753449,-2,1258,3097
41805810301,41805810282,-19,945,1382
41808335552,41808335548,-4,1368,2351
41816933449,41816933449,0,830,1815
41818075335,41818075333,-2,1088,1224
41818663129,41818663131,2,1600,961
41821861911,41821861909,-2,1047,1770
41822551617,41822551616,-1,1544,2342
41823606134,41823606130,-4,1118,1865
41826682983,41826682982,-1,757,905
41844761818,41844761814,-4,1121,2256
41851381135,41851381133,-2,1252,2234
41851501482,41851501480,-2,934,2367
41854604538,41854604534,-4,1158,1628
41858693625,41858693622,-3,1222,2709
41858822766,41858822768,2,1705,1261
41859916741,41859916739,-2,827,2119
41861299857,41861299857,0,878,1746
41863359527,41863359522,-5,1457,1832
41866386995,41866386990,-5,1053,2231
41870939246,41870939245,-1,955,2123
41871748135,41871748134,-1,1033,2447
41881401128,41881401126,-2,1975,3060
41881611579,41881611580,1,1082,1357
41886361086,41886361083,-3,817,2383
41889627370,41889627368,-2,933,1787
41891573458,41891573452,-6,1433,7406
41892035147,41892035146,-1,1482,2011
41901190146,41901190142,-4,1330,2782
41901436958,41901436953,-5,1370,5058
41904177901,41904177894,-7,1426,2116
41904300579,41904300577,-2,1329,2842
41912008651,41912008650,-1,951,1373
41912288894,41912288910,16,550,1617
41912470894,41912470900,6,1151,2024
41914362280,41914362278,-2,1002,1831
41917427829,41917427829,0,1070,2821
41924279926,41924279922,-4,968,1423
41925168681,41925168676,-5,1335,2698
41925972171,41925972169,-2,1250,1956
41927619933,41927619930,-3,1145,2285
41931133498,41931133478,-20,1963,562
41931633083,41931633081,-2,1100,2264
41938198687,41938198685,-2,890,2971
41938504746,41938504744,-2,1216,1834
41938975089,41938975085,-4,1179,2057
41940254585,41940254582,-3,1209,2711
41942990748,41942990733,-15,105,814
41950596297,41950596293,-4,1560,4225
41954522969,41954522967,-2,1008,1393
41957912304,41957912301,-3,1126,1793
41960285255,41960285253,-2,1411,2467
41967219210,41967219217,7,3989,1830
41969730673,41969730669,-4,1446,2899
41972652977,41972652974,-3,951,1655
41973867191,41973867185,-6,749,2823
41974318670,41974318666,-4,977,2166
41982338270,41982338270,0,926,1702
41986779931,41986779926,-5,981,2234
41990369155,41990369154,-1,897,2128
41990505512,41990505509,-3,1140,3231
41992429787,41992429781,-6,1280,2733
41992889549,41992889546,-3,838,2234
41993856157,41993856154,-3,1135,1591
41996254958,41996254954,-4,734,1820
41997311243,41997311238,-5,637,2100
41997941527,41997941546,19,573,2772
41998335554,41998335551,-3,1055,2100
41998481747,41998481746,-1,1044,2139
42001436099,42001436097,-2,1086,2562
42002826591,42002826589,-2,644,1426
42012775625,42012775629,4,7759,4812
42013100797,42013100796,-1,825,2316
42014125759,42014125757,-2,1142,2370
42016861283,42016861278,-5,1335,2448
42017849918,42017849924,6,2334,726
42020957033,42020957030,-3,1297,2639
42021665686,42021665687,1,1458,1276
42025055390,42025055387,-3,1227,2891
42028126115,42028126113,-2,740,1668
42032339675,42032339672,-3,758,1779
42035973948,42035973945,-3,1368,2107
42037393118,42037393114,-4,1366,2874
42039349000,42039348998,-2,1050,1903
42040116991,42040116990,-1,1508,2478
42040802157,42040802153,-4,1018,2127
42043276381,42043276378,-3,1313,2066
42045600134,42045600130,-4,1139,1947
42063243214,42063243211,-3,1216,2078
42069312178,42069312177,-1,1398,2091
42075351102,42075351105,3,2121,1688
42076351380,42076351374,-6,1318,2744
42076754915,42076754912,-3,1344,2471
42077982290,42077982286,-4,1320,2676
42078988945,42078988949,4,1800,1191
42079176614,42079176612,-2,1323,1916
42081582898,42081582895,-3,1409,2430
42085369600,42085369598,-2,1132,2281
42085622716,42085622711,-5,1388,2249
42085972698,42085972694,-4,891,1674
42086220150,42086220147,-3,1207,2371
42087128232,42087128231,-1,1654,2316
42090145310,42090145306,-4,897,1365
42092287174,42092287172,-2,1024,2337
42097260769,42097260766,-3,1400,4292
42103599274,42103599270,-4,1073,3098
42104999911,42104999910,-1,854,2259
42110219205,42110219213,8,4550,2225
42111317098,42111317094,-4,1248,1778
42113254469,42113254463,-6,1302,4013
42114529846,42114529844,-2,1075,1950
42115585042,42115585041,-1,1146,2116
42118808069,42118808066,-3,1015,1302
42122338900,42122338896,-4,1362,2431
42127281510,42127281505,-5,1514,6609
42130821860,42130821854,-6,874,7036
42132390162,42132390161,-1,1019,1960
42135991866,42135991864,-2,1305,1673
42136630138,42136630136,-2,1555,2948
42138333873,42138333870,-3,808,1876
42140175949,42140175950,1,1513,1418
42140313543,42140313557,14,762,2591
42142090345,42142090344,-1,1502,2061
42149322726,42149322722,-4,1208,2203
42150124461,42150124458,-3,1212,2958
42150303579,42150303574,-5,1104,2829
42152744949,42152744943,-6,1065,2135
42152891919,42152891917,-2,699,2605
42156116761,42156116757,-4,1525,2511
42157507839,42157507839,0,1392,1468
42159294163,42159294161,-2,1021,2284
42165542873,42165542869,-4,662,1236
42170535863,42170535861,-2,939,2051
42172442538,42172442537,-1,2589,3784
42184078274,42184078273,-1,1284,2463
42188222345,42188222342,-3,820,1852
42196013206,42196013203,-3,1098,2069
42198560087,42198560089,2,1872,2020
42198674018,42198674016,-2,836,1775
42200055770,42200055766,-4,1309,3114
42201232067,42201232065,-2,1317,2679
42203164849,42203164848,-1,1136,2235
42206194981,42206194980,-1,1341,1912
42206815106,42206815116,10,11964,43904
42207671348,42207671345,-3,736,1716
42208104238,42208104234,-4,178,828
42208805752,42208805749,-3,1015,1895
42210837201,42210837198,-3,958,2087
42218302207,42218302204,-3,1526,2303
42218555828,42218555823,-5,1508,3317
42219205521,42219205518,-3,829,2364
42223125663,42223125658,-5,1228,2491
42223954441,42223954438,-3,1003,2801
42225424637,42225424634,-3,1457,1913
42226828427,42226828424,-3,1192,2472
42230143618,42230143617,-1,1120,2529
42233717582,42233717583,1,1130,1160
42244521902,42244521904,2,4110,2781
42253210075,42253210074,-1,742,2305
42258019839,42258019835,-4,1626,2912
42259158490,42259158487,-3,1327,3087
42259712381,42259712402,21,604,1470
42260320635,42260320635,0,1301,2398
42261740474,42261740470,-4,1112,1639
42262947246,42262947240,-6,3334,8507
42263623226,42263623225,-1,1259,2426
42268092609,42268092605,-4,1012,2024
42271144611,42271144609,-2,1232,2277
42273278517,42273278514,-3,717,2559
42276349606,42276349605,-1,1084,1865
42278833442,42278833439,-3,1925,2529
42279773570,42279773566,-4,889,2634
42281267267,42281267265,-2,659,1971
42284393470,42284393463,-7,1031,1794
42290432106,42290432102,-4,1493,3065
42292505622,42292505626,4,11180,8652
42293471319,42293471320,1,1376,1736
42297179192,42297179186,-6,905,2430
42298178238,42298178222,-16,720,1729
42306220008,42306220005,-3,1439,2772
42306413199,42306413195,-4,1214,2223
42306939543,42306939529,-14,1212,2143
42308814791,42308814788,-3,879,1612
42311191211,42311191209,-2,1453,2053
42312408269,42312408266,-3,1587,2329
42316114462,42316114461,-1,655,1492
42318715386,42318715383,-3,970,2288
42320468322,42320468318,-4,1100,2629
42322020787,42322020782,-5,1159,2548
42328364389,42328364383,-6,1588,3846
42332092157,42332092154,-3,1306,2724
42332735447,42332735444,-3,1017,2028
42335296074,42335296073,-1,937,2007
42338845458,42338845453,-5,1083,1651
42343303377,42343303374,-3,1632,2483
42344485111,42344485108,-3,601,1297
42345940397,42345940394,-3,1272,2734
42346161970,42346161965,-5,1131,2597
42347886742,42347886741,-1,1061,2343
42350558958,42350558956,-2,1094,2574
42351398651,42351398646,-5,679,1362
42355169213,42355169211,-2,1454,2995
42362894374,42362894371,-3,1758,2456
42365426062,42365426059,-3,1409,2558
42365980606,42365980604,-2,1151,2879
42368302901,42368302900,-1,1034,1847
42372216608,42372216605,-3,1433,2752
42372345349,42372345346,-3,1172,1704
42376090918,42376090917,-1,997,2594
42381737827,42381737825,-2,966,2462
42383915872,42383915869,-3,1094,2661
42385398402,42385398400,-2,1140,2218
42387151358,42387151354,-4,1301,2474
42390820772,42390820769,-3,1415,2700
42396252502,42396252502,0,924,1984
42397765748,42397765746,-2,1049,2029
42398778670,42398778675,5,1412,949
42402568026,42402568023,-3,1082,3252
42407281098,42407281092,-6,1472,2466
42407915439,42407915457,18,1229,1773
42411341871,42411341875,4,1916,1389
42412190010,42412190007,-3,875,1671
42413564019,42413564002,-17,5886,2441
42416016431,42416016427,-4,1181,3573
42418629772,42418629769,-3,1458,2482
42419281209,42419281208,-1,1491,2563
42427798340,42427798335,-5,1518,4111
42428320886,42428320885,-1,1337,2873
42430695642,42430695644,2,2047,2060
42430758432,42430758430,-2,974,2269
42432285795,42432285798,3,1306,1086
42433545818,42433545816,-2,1428,3044
42434133738,42434133757,19,575,649
42441118074,42441118079,5,2144,911
42443871285,42443871282,-3,1032,2483
42448223515,42448223513,-2,1016,1990
42448675393,42448675390,-3,1710,2757
42455544486,42455544506,20,156,652
42455972483,42455972482,-1,747,2129
42462649413,42462649411,-2,1003,2046
42462775619,42462775617,-2,907,1772
42463029671,42463029670,-1,1653,2873
42465488799,42465488797,-2,890,2317
42471950783,42471950779,-4,700,1955
42478297308,42478297303,-5,890,2654
42490447930,42490447926,-4,1313,2189
42491329222,42491329225,3,1121,962
42494058602,42494058600,-2,1288,2483
42501064481,42501064485,4,9578,17534
42502745259,42502745258,-1,1272,2191
42502824641,42502824638,-3,888,2265
42502881926,42502881946,20,764,1988
42505106771,42505106769,-2,1099,2969
42505331215,42505331211,-4,1872,2444
42509539292,42509539289,-3,1418,1576
42510703821,42510703818,-3,1519,2202
42513535058,42513535054,-4,929,2301
42515921035,42515921031,-4,1027,3024
42517741454,42517741451,-3,1389,2351
42521659618,42521659613,-5,824,1637
42522188659,42522188655,-4,1003,2909
42525341879,42525341874,-5,947,2722
42533078985,42533078982,-3,1707,2806
42538945139,42538945116,-23,1052,208
42540680651,42540680649,-2,1115,3043
42542279425,42542279422,-3,1190,2322
42545589555,42545589554,-1,931,1471
42545709199,42545709198,-1,978,1682
42546091949,42546091947,-2,765,1246
42546472231,42546472229,-2,769,1718
42547546855,42547546859,4,2175,2075
42549661379,42549661375,-4,880,1747
42550704982,42550704980,-2,756,2672
42553209717,42553209718,1,915,2435
42553450045,42553450043,-2,1261,1970
42556205231,42556205225,-6,892,2880
42556286324,42556286323,-1,448,907
42557807636,42557807636,0,800,2135
42559170895,42559170890,-5,994,1717
42559847622,42559847642,20,651,1514
42563484475,42563484470,-5,1148,2523
42566806518,42566806514,-4,1027,2274
42567252301,42567252302,1,1762,1474
42569938415,42569938411,-4,1489,2740
42570549905,42570549903,-2,1204,2698
42573110734,42573110733,-1,1029,1667
42577873736,42577873735,-1,945,1570
42578166268,42578166274,6,387,1275
42578966036,42578966034,-2,1122,2910
42583037822,42583037820,-2,1367,2332
42583294865,42583294862,-3,1207,1856
42583376055,42583376053,-2,993,2999
42583593246,42583593244,-2,1023,2280
42584954138,42584954134,-4,1213,2235
42588049782,42588049789,7,1998,846
42590896669,42590896667,-2,795,1636
42594727998,42594727999,1,1158,2143
42599914178,42599914183,5,2155,1587
42610099949,42610099945,-4,1057,2424
42610779573,42610779577,4,16854,13419
42611931339,42611931346,7,3830,1798
42614155800,42614155798,-2,737,1496
42614711751,42614711755,4,1234,971
42618726370,42618726369,-1,1270,2377
42618827016,42618827016,0,940,1830
42619665903,42619665921,18,891,2357
42621460155,42621460154,-1,1256,1834
42624210743,42624210743,0,1073,1821
42625736070,42625736077,7,3663,958
42628554901,42628554897,-4,1373,2136
42629536222,42629536221,-1,1220,2124
42632165462,42632165458,-4,919,2088
42634536399,42634536397,-2,1098,2683
42635324438,42635324455,17,649,1127
42640141632,42640141625,-7,1285,5952
42648914925,42648914923,-2,935,2035
42650105989,42650105986,-3,1038,2648
42651644139,42651644137,-2,733,1629
42653737533,42653737529,-4,1076,2392
42654506084,42654506103,19,976,2164
42654623097,42654623094,-3,1362,3189
42654899502,42654899500,-2,1137,2392
42655532311,42655532310,-1,1036,2512
42656673171,42656673169,-2,1161,3064
42661486870,42661486869,-1,1565,2106
42664334731,42664334730,-1,1581,1713
42666336356,42666336354,-2,1420,2609
42672231786,42672231786,0,1358,2098
42673265422,42673265420,-2,1203,2482
42674878342,42674878338,-4,942,1978
42683816865,42683816865,0,1372,2758
42684656938,42684656934,-4,1422,2547
42684855592,42684855590,-2,1324,2754
42690877390,42690877387,-3,1222,2252
42692154299,42692154294,-5,956,2343
42693278939,42693278946,7,2978,1401
42693646985,42693646985,0,1329,1745
42695483545,42695483539,-6,1568,3175
42695721525,42695721528,3,15275,18505
42702228880,42702228879,-1,1369,2678
42705791653,42705791650,-3,721,2165
42708022534,42708022530,-4,1309,2076
42711882425,42711882422,-3,1464,2672
42713962584,42713962593,9,12988,39723
42715442259,42715442257,-2,711,2344
42716818743,42716818741,-2,1013,2336
42719150531,42719150530,-1,1020,2102
42719653720,42719653717,-3,752,1775
42720193062,42720193059,-3,1201,2809
42720904446,42720904466,20,596,1004
42722563710,42722563711,1,929,995
42724044573,42724044578,5,2455,1096
42727321858,42727321860,2,1075,1376
42727621887,42727621886,-1,958,2684
42728698347,42728698345,-2,890,1611
42732298522,42732298521,-1,1007,2260
42734748210,42734748207,-3,1602,2631
42738276703,42738276698,-5,923,1853
42740662089,42740662087,-2,919,2386
42747284700,42747284697,-3,1067,2236
42747626960,42747626958,-2,1371,2194
42747826277,42747826274,-3,1075,2543
42748323390,42748323372,-18,1451,3110
42753433827,42753433823,-4,784,2568
42754298453,42754298449,-4,1583,2381
42754722896,42754722915,19,668,1930
42756346632,42756346626,-6,771,1663
42765421517,42765421513,-4,842,2249
42770489205,42770489207,2,1600,1447
42771440142,42771440141,-1,11203,17156
42774693478,42774693474,-4,1223,2138
42779463359,42779463337,-22,298,283
42780089093,42780089093,0,2329,3701
42780554478,42780554475,-3,1505,2633
42783193997,42783193998,1,1543,1799
42785766406,42785766404,-2,1211,2198
42785810950,42785810947,-3,819,2373
42786247567,42786247565,-2,1235,2415
42787692837,42787692833,-4,1102,1962
42792215059,42792215055,-4,1050,2804
42794553107,42794553105,-2,1371,2957
42797256994,42797256992,-2,1198,2369
42800573651,42800573649,-2,970,1879
42800859150,42800859146,-4,1357,2251
42803123415,42803123413,-2,1175,2257
42804570725,42804570721,-4,917,2393
42807228477,42807228474,-3,1237,2168
42809182535,42809182533,-2,762,1390
42812991434,42812991430,-4,877,2279
42814555640,42814555639,-1,947,1318
42818894883,42818894878,-5,1337,1893
42827991579,42827991578,-1,1336,2465
42832285194,42832285190,-4,1000,2569
42833704340,42833704337,-3,1182,2897
42834659935,42834659933,-2,1005,1942
42843113747,42843113742,-5,479,993
42843945978,42843945974,-4,1118,2222
42845937610,42845937607,-3,946,2774
42848027757,42848027756,-1,972,1834
42848375406,42848375405,-1,1115,1614
42850718022,42850718021,-1,1101,2198
42852352887,42852352889,2,2299,2306
42855400414,42855400410,-4,1170,2039
42858207030,42858207026,-4,1089,2028
42859685830,42859685828,-2,981,1694
42861319019,42861319016,-3,1177,2326
42862401173,42862401173,0,890,1580
42867489827,42867489825,-2,856,1442
42871057516,42871057518,2,1592,1636
42872827919,42872827917,-2,940,1739
42874006899,42874006892,-7,34817,15561
42874446267,42874446265,-2,1164,2858
42877085491,42877085488,-3,871,2095
42877134038,42877134018,-20,948,2451
42877532219,42877532217,-2,1095,2351
42880836755,42880836759,4,2381,1774
42884043663,42884043662,-1,1184,2088
42897105648,42897105647,-1,1102,2335
42901793698,42901793695,-3,1224,1729
42903085424,42903085422,-2,1477,2696
42905458401,42905458397,-4,1213,1938
42906232449,42906232455,6,3042,1269
42911394206,42911394202,-4,646,1182
42911654352,42911654349,-3,1073,2280
42913076465,42913076462,-3,890,1986
42913641215,42913641218,3,1981,1405
42915870621,42915870620,-1,1461,1983
42919910116,42919910123,7,3844,1272
42920103190,42920103186,-4,641,1561
42920808800,42920808799,-1,3143,3867
42922108926,42922108923,-3,1206,2369
42926718177,42926718171,-6,938,1945
42928674514,42928674511,-3,974,2116
42930938538,42930938535,-3,1329,2234
42932788654,42932788653,-1,1916,1614
42933172881,42933172877,-4,1022,2440
42933523161,42933523164,3,1104,1582
42936054204,42936054209,5,2118,1349
42937392144,42937392142,-2,1602,2396
42940602010,42940601996,-14,1076,2462
42941225742,42941225728,-14,603,1343
42944665330,42944665330,0,545,1378
42945258249,42945258246,-3,1661,2348
42950406971,42950406970,-1,1118,2698
42954819731,42954819729,-2,1251,2503
42956234118,42956234117,-1,1207,2404
42957233633,42957233629,-4,1187,2212
42958850163,42958850162,-1,2565,3314
42962728550,42962728554,4,2071,1415
42964119962,42964119960,-2,1310,2626
42965336190,42965336186,-4,1631,3113
42967376608,42967376605,-3,1126,2169
42967404749,42967404747,-2,1070,2376
42967440535,42967440530,-5,969,2567
42968287732,42968287728,-4,1293,2475
42979377202,42979377201,-1,957,2142
42979755076,42979755072,-4,1309,2300
42980075888,42980075906,18,854,1909
42984326698,42984326697,-1,925,1757
42990481770,42990481770,0,989,1956
42991232572,42991232570,-2,1293,2134
42998417291,42998417289,-2,588,1268
42999783440,42999783436,-4,1270,2518
42999858021,42999858019,-2,1404,2246
42999988874,42999988871,-3,1320,1608
43000495266,43000495265,-1,1246,2695
43002938981,43002938977,-4,1486,3739
43003820314,43003820310,-4,1284,1952
43006550756,43006550753,-3,1097,1891
43006695941,43006695940,-1,1604,2597
43011017603,43011017598,-5,836,1622
43013080495,43013080497,2,8717,8493
43014214370,43014214365,-5,1133,2693
43018758232,43018758226,-6,1054,3294
43022584268,43022584285,17,1076,3045
43028784675,43028784673,-2,1342,3558
43034923346,43034923345,-1,1082,1951
43035197879,43035197877,-2,1123,2121
43035989383,43035989380,-3,1199,1979
43039579517,43039579517,0,752,1733
43045058561,43045058558,-3,1582,2668
43046850637,43046850634,-3,1189,1851
43047912703,43047912699,-4,1178,2187
43049171623,43049171602,-21,1059,2100
43049546959,43049546957,-2,842,1481
43049906549,43049906569,20,718,1853
43050976783,43050976781,-2,1195,2566
43051136521,43051136518,-3,1284,1748
43052457890,43052457887,-3,1129,2329
43059280826,43059280823,-3,533,1078
43062202695,43062202699,4,12124,8389
43062601779,43062601774,-5,1235,2536
43063829707,43063829705,-2,1577,2287
43068026604,43068026601,-3,831,1596
43069193569,43069193568,-1,951,2351
43069375037,43069375042,5,2861,2189
43074629799,43074629795,-4,829,1916
43076197214,43076197209,-5,1758,1980
43079934383,43079934381,-2,1301,2354
43080244247,43080244246,-1,1685,2181
43086330626,43086330620,-6,825,2156
43086632613,43086632600,-13,1395,2086
43089843952,43089843949,-3,1057,1917
43090152995,43090152993,-2,877,2015
43095800405,43095800403,-2,1409,2648
43102445474,43102445471,-3,866,1258
43103280784,43103280782,-2,919,1302
43104458484,43104458482,-2,1366,2640
43107868142,43107868145,3,2519,1587
43109361630,43109361627,-3,1259,1685
43111351891,43111351889,-2,893,1543
43126443018,43126443016,-2,1124,2022
43126506086,43126506085,-1,1307,3122
43127607247,43127607245,-2,1002,2529
43127872629,43127872626,-3,957,1969
43129181061,43129181058,-3,1068,2444
43132991891,43132991889,-2,1502,2721
43136120760,43136120758,-2,818,1709
43136310726,43136310727,1,1597,1870
43140348925,43140348921,-4,1303,2201
43145939650,43145939647,-3,1146,1377
43146753983,43146753978,-5,772,1916
43149379719,43149379718,-1,1407,2334
43149770919,43149770913,-6,1111,3171
43152206057,43152206054,-3,1917,3363
43152774243,43152774241,-2,1130,2695
43154763805,43154763802,-3,1563,3395
43163972321,43163972318,-3,1089,1974
43164942707,43164942702,-5,1124,2748
43165038782,43165038778,-4,664,2080
43166997563,43166997562,-1,1041,2567
43174474462,43174474458,-4,1205,3175
43176687789,43176687786,-3,1075,2041
43179575017,43179575016,-1,1397,1582
43182032875,43182032874,-1,2088,3016
43182719373,43182719368,-5,1478,2379
43183398634,43183398632,-2,998,1725
43183657182,43183657172,-10,995,2516
43190380336,43190380341,5,6163,28611
43190839669,43190839667,-2,1177,3093
43203441941,43203441946,5,2177,1370
43210436837,43210436836,-1,1478,2227
43210825223,43210825222,-1,1468,2399
43211791812,43211791809,-3,1116,1877
43213716816,43213716814,-2,1194,1697
43225276270,43225276268,-2,1162,1977
43227238263,43227238262,-1,1362,2893
43232362374,43232362371,-3,1340,1977
43232620350,43232620344,-6,85,4909
43234262552,43234262550,-2,794,2102
43236304976,43236304973,-3,971,1931
43239636863,43239636860,-3,820,2313
43242078232,43242078229,-3,1346,1672
43244960062,43244960060,-2,980,2242
43246942539,43246942533,-6,966,2009
43247343281,43247343274,-7,2201,7301
43248249122,43248249118,-4,1144,2377
43254193674,43254193673,-1,1365,2652
43258028931,43258028929,-2,1287,1328
43258946314,43258946312,-2,1128,1618
43261671419,43261671416,-3,1332,1851
43265139061,43265139057,-4,1415,2223
43266856318,43266856315,-3,952,2415
43271197873,43271197874,1,3104,2995
43271820290,43271820288,-2,817,2472
43277784283,43277784282,-1,1189,1408
43286963922,43286963921,-1,1335,2424
43290495183,43290495178,-5,995,2318
43290870864,43290870859,-5,1249,3209
43298872311,43298872307,-4,1300,2527
43299555373,43299555369,-4,961,2871
43300564223,43300564202,-21,133,1001
43301591746,43301591741,-5,1504,3392
43302459633,43302459631,-2,1423,2237
43303582607,43303582604,-3,591,1742
43304045709,43304045706,-3,1130,1500
43308055322,43308055323,1,2572,1806
43310091798,43310091794,-4,964,1897
43310357118,43310357114,-4,830,2412
43313287246,43313287243,-3,1755,2745
43313844622,43313844618,-4,970,2431
43316816710,43316816707,-3,1157,2241
43320345298,43320345297,-1,703,2312
43320758650,43320758649,-1,1384,2752
43322427627,43322427625,-2,1231,1685
43325091918,43325091918,0,1328,2131
43326955562,43326955556,-6,680,3161
43336538410,43336538407,-3,918,1740
43337085067,43337085071,4,2437,1799
43344770118,43344770116,-2,1202,1877
43348708919,43348708899,-20,265,565
43352480153,43352480150,-3,1341,2857
43352796695,43352796694,-1,1505,3216
43355934255,43355934253,-2,593,1911
43358214209,43358214207,-2,1017,1802
43361373730,43361373726,-4,780,1542
43366439054,43366439051,-3,903,2033
43366899491,43366899490,-1,919,2539
43370995837,43370995835,-2,644,979
43371891105,43371891101,-4,1338,2251
43380903846,43380903844,-2,764,2028
43386760667,43386760665,-2,969,1900
43390378302,43390378299,-3,1243,2698
43395783605,43395783602,-3,1348,2074
43398857602,43398857600,-2,1498,3005
43401773587,43401773585,-2,1085,2048
43402329253,43402329249,-4,1456,2877
43405335263,43405335261,-2,1660,2640
43411031388,43411031385,-3,1918,2677
43414148494,43414148491,-3,939,1490
43418240027,43418240026,-1,1045,1980
43419953027,43419953025,-2,1112,1783
43431422785,43431422784,-1,1142,1631
43436300778,43436300777,-1,851,1870
43436723595,43436723594,-1,1170,2829
43437411776,43437411794,18,1281,1241
43437845160,43437845173,13,509,732
43437988767,43437988768,1,1335,1900
43444394753,43444394750,-3,1133,2071
43447182049,43447182048,-1,1062,2690
43453128817,43453128813,-4,1079,2315
43454627559,43454627554,-5,1339,3240
43468742758,43468742755,-3,987,2275
43471688155,43471688153,-2,1267,1820
43473238289,43473238287,-2,924,1889
43475567348,43475567352,4,2804,1390
43475768205,43475768203,-2,960,2011
43476715920,43476715917,-3,875,2511
43479247027,43479247024,-3,1298,2214
43482575882,43482575880,-2,1157,2748
43486399829,43486399826,-3,798,2462
43487135286,43487135285,-1,974,2336
43488657546,43488657541,-5,942,2026
43488848517,43488848513,-4,1108,2809
43491668087,43491668085,-2,1213,3122
43493750285,43493750282,-3,1338,2663
43495364671,43495364664,-7,1062,4132
43497504871,43497504866,-5,1169,1814
43498906224,43498906222,-2,1092,1975
43499169143,43499169142,-1,1470,2236
43503076317,43503076316,-1,1067,1583
43504166365,43504166364,-1,1418,2544
43513795857,43513795859,2,1599,1562
43519435163,43519435164,1,968,1733
43519919102,43519919094,-8,722,1365
43522978337,43522978337,0,1147,1664
43523692270,43523692268,-2,765,1025
43524224022,43524224019,-3,956,1580
43524310825,43524310822,-3,1475,1845
43526240697,43526240697,0,1046,1546
43527501503,43527501507,4,1852,805
43527961374,43527961370,-4,1933,2775
43528210838,43528210833,-5,1012,2226
43529178718,43529178717,-1,1461,1515
43531615158,43531615155,-3,908,1866
43533496209,43533496213,4,25014,33929
43543757114,43543757109,-5,1253,1753
43546416800,43546416798,-2,1617,2605
43551658203,43551658200,-3,1363,2646
43553170441,43553170438,-3,681,1629
43557441247,43557441231,-16,57262,12275
43561313617,43561313613,-4,5910,14649
43562663695,43562663692,-3,933,2303
43565018255,43565018253,-2,1802,2319
43569992591,43569992589,-2,1299,2682
43570883864,43570883862,-2,1299,2457
43572601793,43572601794,1,1728,1642
43576760073,43576760067,-6,1370,2588
43578036781,43578036783,2,1708,1229
43582967348,43582967345,-3,974,2110
43590697423,43590697419,-4,693,1554
43591278775,43591278772,-3,955,1946
43596241858,43596241839,-19,389,827
43597307642,43597307639,-3,1509,2598
43598290679,43598290677,-2,984,2178
43598970098,43598970107,9,12052,19206
43600297723,43600297721,-2,986,1889
43602425646,43602425643,-3,1440,2584
43602593192,43602593209,17,990,1567
43604835789,43604835788,-1,1256,1714
43608533811,43608533810,-1,1202,2072
43610506535,43610506534,-1,1161,2066
43613773586,43613773593,7,3207,2478
43616217405,43616217402,-3,819,981
43616592443,43616592454,11,904,2024
43616681661,43616681654,-7,1066,2451
43621937372,43621937367,-5,1355,2387
43625310168,43625310162,-6,1542,2786
43627479390,43627479390,0,1256,1838
43633364210,43633364205,-5,1093,2572
43633814123,43633814120,-3,544,1825
43636657046,43636657040,-6,1150,1953
43643035319,43643035319,0,1457,1870
43643435035,43643435034,-1,784,1772
43643837295,43643837290,-5,92,1461
43644644605,43644644604,-1,919,2067
43645221715,43645221713,-2,1451,1880
43646963593,43646963589,-4,1257,2767
43647235395,43647235393,-2,938,1792
43648371035,43648371034,-1,1274,1898
43649931085,43649931086,1,1378,1874
43653910698,43653910697,-1,1251,1813
43657083558,43657083554,-4,1198,1839
43658493388,43658493386,-2,83,827
43660690465,43660690462,-3,1401,3447
43661870885,43661870881,-4,1234,2954
43662389309,43662389303,-6,774,2518
43667428213,43667428210,-3,937,2210
43667765211,43667765212,1,1777,1549
43672646443,43672646440,-3,879,1945
43676141404,43676141403,-1,1651,3036
43680263853,43680263846,-7,1483,2726
43681087935,43681087931,-4,1135,2374
43685580134,43685580133,-1,1148,1986
43685815898,43685815896,-2,1077,1698
43689048965,43689048962,-3,1219,1979
43690150983,43690150982,-1,1210,1620
43694296400,43694296396,-4,1237,1727
43694830427,43694830422,-5,1463,2525
43695886578,43695886576,-2,836,1610
43696619094,43696619093,-1,1407,2495
43698814383,43698814379,-4,1418,2328
43700905694,43700905690,-4,1078,2215
43703441925,43703441922,-3,926,1768
43708088917,43708088913,-4,1182,3155
43708756332,43708756319,-13,1192,2074
43710351898,43710351896,-2,1140,1783
43711629233,43711629227,-6,1178,2891
43719436611,43719436606,-5,890,2125
43719873791,43719873789,-2,1011,1870
43720974574,43720974571,-3,751,1618
43728058271,43728058270,-1,1161,1713
43730300838,43730300835,-3,1050,2039
43735779367,43735779365,-2,1550,3645
43736395326,43736395322,-4,1354,2856
43740697678,43740697674,-4,827,1861
43742616386,43742616389,3,36503,32028
43744626288,43744626287,-1,1345,2427
43745703867,43745703871,4,1079,1141
43747028143,43747028142,-1,1102,2517
43747714419,43747714417,-2,1032,1681
43750709379,43750709374,-5,895,2722
43753999592,43753999593,1,1225,1585
43760142432,43760142432,0,1000,2281
43763518713,43763518701,-12,691,222
43764039000,43764039005,5,4981,2773
43765360418,43765360414,-4,1499,2331
43765420478,43765420474,-4,1440,2594
43765454832,43765454828,-4,1135,1680
43767304771,43767304769,-2,1143,2015
43767947271,43767947274,3,3108,2995
43769932127,43769932142,15,10974,49015
43770223880,43770223877,-3,1293,2812
43772370813,43772370810,-3,1357,1896
43772407907,43772407905,-2,1276,2258
43774241186,43774241182,-4,2045,2452
43775557182,43775557185,3,3063,2174
43776601549,43776601547,-2,1851,3135
43778086487,43778086489,2,1750,1782
43778500309,43778500307,-2,1219,1757
43779719046,43779719045,-1,1597,3401
43780182748,43780182745,-3,1218,2585
43781574883,43781574882,-1,1092,1440
43787294747,43787294743,-4,1092,2605
43789078255,43789078255,0,1106,2628
43791774842,43791774839,-3,749,1927
43795269885,43795269864,-21,1296,447
43795928365,43795928364,-1,1054,2659
43796229494,43796229510,16,1366,2373
43804807288,43804807279,-9,450,642
43805349829,43805349827,-2,167,602
43808715765,43808715770,5,1997,1480
43810447888,43810447885,-3,1263,2409
43811338715,43811338712,-3,599,1259
43812510317,43812510313,-4,1481,2801
43818795803,43818795803,0,772,1470
43819733925,43819733922,-3,973,2320
43825527755,43825527751,-4,1164,2269
43826772913,43826772910,-3,1356,2400
43829198459,43829198455,-4,717,1619
43830126826,43830126824,-2,732,1876
43830288028,43830288009,-19,785,1427
43832222441,43832222438,-3,1305,1856
43832889283,43832889281,-2,865,2062
43833003935,43833003931,-4,1082,1973
43836056922,43836056929,7,6862,2489
43839869277,43839869274,-3,1015,2340
43843112651,43843112645,-6,1184,2419
43844029003,43844029001,-2,997,1987
43845406606,43845406605,-1,1773,2258
43847814715,43847814713,-2,1104,1805
43854974260,43854974256,-4,711,1949
43856348466,43856348464,-2,797,1237
43857307447,43857307445,-2,1077,1916
43861632182,43861632177,-5,1192,2100
43866449460,43866449459,-1,1523,2670
43868707767,43868707766,-1,764,1441
43869779782,43869779779,-3,827,2237
43870944293,43870944287,-6,979,3372
43872460806,43872460805,-1,1172,1895
43872516234,43872516230,-4,1207,2455
43872942867,43872942863,-4,1487,2651
43873546378,43873546376,-2,688,1705
43875054878,43875054871,-7,719,2037
43878658183,43878658179,-4,1449,2863
43879633542,43879633538,-4,1215,2554
43880136272,43880136279,7,2141,1014
43880629018,43880629016,-2,1605,2410
43882992057,43882992053,-4,1387,2885
43883071132,43883071123,-9,97,568
43885001409,43885001408,-1,1294,2501
43889291649,43889291646,-3,770,1562
43898703737,43898703735,-2,1593,2486
43900025247,43900025229,-18,1191,2831
43903127378,43903127374,-4,1442,2745
43906581284,43906581280,-4,995,1805
43906647118,43906647138,20,659,1861
43907754498,43907754495,-3,882,1996
43909003554,43909003553,-1,876,2318
43918197462,43918197455,-7,1489,5700
43918426303,43918426318,15,435,1464
43920183594,43920183594,0,1182,2041
43923140850,43923140849,-1,1244,2172
43923309879,43923309879,0,1005,1607
43924602010,43924602007,-3,981,3080
43928500894,43928500893,-1,864,1634
43930181898,43930181896,-2,929,1449
43932125195,43932125195,0,704,1768
43932900817,43932900816,-1,1056,2240
43937116456,43937116452,-4,1109,2514
43937634421,43937634418,-3,1581,2289
43938251211,43938251208,-3,1570,2311
43943781980,43943781978,-2,1533,2300
43946950473,43946950470,-3,871,1864
43952814971,43952814969,-2,1055,2223
43952854878,43952854868,-10,1521,1983
43959250334,43959250332,-2,1450,1997
43963019198,43963019197,-1,895,2463
43968858784,43968858780,-4,884,2253
43968934927,43968934929,2,2030,1515
43973688056,43973688053,-3,1357,2616
43975347834,43975347831,-3,1090,2971
43980030169,43980030168,-1,789,2342
43980504087,43980504089,2,1379,1477
43983314673,43983314669,-4,1005,1570
43987517767,43987517766,-1,1329,3217
43987592166,43987592166,0,970,2192
43988816037,43988816037,0,1138,1991
43990594371,43990594370,-1,825,1085
44000945903,44000945898,-5,1134,1650
44004133459,44004133456,-3,1080,2648
44008367243,44008367239,-4,1045,3131
44009635059,44009635053,-6,29429,10225
44010153094,44010153091,-3,989,1849
44010814917,44010814914,-3,1248,2430
44011987672,44011987655,-17,155,958
44016169722,44016169718,-4,1593,2757
44016465123,44016465121,-2,929,1705
44019820021,44019820018,-3,1311,2215
44021981796,44021981794,-2,1117,2075
44024273022,44024273021,-1,870,2379
44024711283,44024711282,-1,1410,2183
44031844426,44031844429,3,2311,1644
44037308588,44037308584,-4,932,1893
44040002533,44040002526,-7,37007,12894
44042837506,44042837502,-4,792,1699
44046638976,44046638973,-3,1239,2648
44046749278,44046749276,-2,1267,2670
44048890851,44048890847,-4,1097,2674
44053167484,44053167481,-3,1449,2638
44056923438,44056923433,-5,1959,5192
44060096183,44060096179,-4,1296,2234
44063245103,44063245101,-2,1005,1451
44066586192,44066586190,-2,1665,2968
44069643862,44069643858,-4,1360,3229
44069926509,44069926525,16,765,3960
44070428769,44070428764,-5,871,2807
44074574563,44074574562,-1,1066,2454
44079289909,44079289914,5,2294,1441
44080010965,44080010962,-3,1095,2509
44087125683,44087125681,-2,1258,1720
44094676302,44094676301,-1,1019,1888
44097075047,44097075046,-1,1163,2558
44103284838,44103284837,-1,1050,1855
44105826206,44105826201,-5,1022,1753
44107886305,44107886302,-3,1012,1276
44108768789,44108768788,-1,884,2266
44109090198,44109090198,0,1146,1692
44113581618,44113581616,-2,1421,1741
44115476975,44115476974,-1,1440,2552
44117899619,44117899615,-4,1177,2314
44118207685,44118207682,-3,1034,2306
44119733308,44119733305,-3,993,2432
44121188267,44121188266,-1,1263,1948
44124938393,44124938389,-4,1011,1873
44125510810,44125510807,-3,991,2251
44127402087,44127402086,-1,841,2394
44130383906,44130383905,-1,1171,2102
44133123198,44133123197,-1,1356,2758
44133222250,44133222250,0,970,1649
44133289353,44133289374,21,1343,1811
44134378996,44134378994,-2,1610,2568
44139782939,44139782936,-3,1550,2914
44140630175,44140630173,-2,916,2125
44142213038,44142213036,-2,1713,2275
44144621545,44144621562,17,835,2228
44146592449,44146592446,-3,1090,1910
44147440021,44147440019,-2,1415,2773
44149252842,44149252841,-1,1340,1709
44153711496,44153711494,-2,807,1682
44154139844,44154139839,-5,1606,2120
44155409739,44155409738,-1,1127,2067
44168157542,44168157541,-1,1346,1580
44171124755,44171124750,-5,925,2058
44172978405,44172978402,-3,1261,2520
44176369807,44176369803,-4,820,1616
44178769745,44178769742,-3,1060,2040
44180566875,44180566873,-2,1065,2656
44180662139,44180662137,-2,919,1356
44181489162,44181489161,-1,1244,2758
44185292211,44185292209,-2,1093,1859
44192843930,44192843928,-2,1484,1949
44192925954,44192925952,-2,707,2867
44206231062,44206231058,-4,1041,1650
44208611511,44208611507,-4,1031,2427
44210303275,44210303272,-3,895,2647
44213844010,44213844007,-3,1345,2429
44215825181,44215825181,0,1041,1603
44217029035,44217029034,-1,1133,1700
44217869334,44217869334,0,548,1091
44220681842,44220681838,-4,1505,2032
44220740487,44220740486,-1,907,2280
44222252134,44222252130,-4,1223,1948
44227007619,44227007617,-2,1296,2619
44232821320,44232821318,-2,1371,2831
44238869098,44238869110,12,11098,50703
44241190491,44241190486,-5,1118,1878
44243949046,44243949042,-4,703,1733
44247358889,44247358888,-1,1556,2173
44248819244,44248819241,-3,1316,3374
44255984229,44255984226,-3,1016,2010
44259049117,44259049118,1,1281,2251
44260991422,44260991419,-3,1408,2245
44262475051,44262475055,4,869,661
44264426491,44264426485,-6,881,1547
44265879613,44265879611,-2,1108,2411
44267359754,44267359748,-6,1786,5569
44274001913,44274001910,-3,1521,2840
44274661264,44274661257,-7,691,3616
44276516397,44276516394,-3,1268,1981
44277343172,44277343175,3,258,491
44279859946,44279859947,1,4615,5414
44284373258,44284373263,5,2808,1375
44284785966,44284785962,-4,1156,3032
44285324268,44285324266,-2,1082,2602
44286519493,44286519489,-4,1379,3094
44294898890,44294898886,-4,688,2027
44297100687,44297100686,-1,1085,1679
44297384692,44297384689,-3,1185,2139
44298566717,44298566735,18,344,1211
44300406864,44300406864,0,18,615
44303482594,44303482593,-1,1387,2795
44310281986,44310281982,-4,1068,1944
44310408007,44310408020,13,435,1266
44310818464,44310818462,-2,646,1238
44312018097,44312018094,-3,1207,2471
44313538143,44313538141,-2,1242,2435
44316454790,44316454787,-3,760,1510
44317271016,44317271011,-5,1562,4614
44319832199,44319832196,-3,1118,2414
44321359141,44321359139,-2,936,1578
44324471958,44324471960,2,940,1644
44325362554,44325362552,-2,930,2218
44330842430,44330842427,-3,1498,3000
44331046912,44331046907,-5,1337,3235
44331200968,44331200954,-14,969,1298
44342087329,44342087325,-4,1103,2649
44342142980,44342143002,22,1234,2328
44349375963,44349375959,-4,1111,2140
44352141333,44352141330,-3,1183,1805
44352767360,44352767359,-1,2287,3148
44353850478,44353850471,-7,1171,2020
44357106251,44357106250,-1,874,2394
44363549061,44363549057,-4,785,3457
44367077131,44367077126,-5,1287,3191
44368335209,44368335210,1,825,1336
44370312359,44370312357,-2,1058,2845
44376123609,44376123614,5,4683,2601
44380970491,44380970489,-2,954,1924
44383516623,44383516619,-4,1339,2854
44389301247,44389301244,-3,1347,3066
44391092351,44391092347,-4,963,1979
44391667239,44391667236,-3,1106,2423
44394314346,44394314342,-4,1183,2703
44394977227,44394977226,-1,1148,1633
44404748327,44404748318,-9,31178,12676
44405459177,44405459170,-7,2253,6977
44405526841,44405526839,-2,1112,1779
44412371089,44412371086,-3,749,1884
44412457981,44412457979,-2,1132,2914
44420081337,44420081332,-5,963,2014
44422077609,44422077603,-6,1566,3181
44423636204,44423636185,-19,819,1870
44426245691,44426245690,-1,1204,2379
44428706159,44428706156,-3,1334,2611
44434720974,44434720972,-2,792,2390
44434771349,44434771332,-17,926,2890
44437249886,44437249885,-1,1012,1645
44437375580,44437375581,1,28336,21915
44438796875,44438796874,-1,962,1712
44439289245,44439289240,-5,900,3771
44440641672,44440641681,9,174,567
44442471269,44442471267,-2,1559,2435
44444642067,44444642065,-2,969,1399
44451177590,44451177587,-3,1275,2543
44454889750,44454889747,-3,670,1548
44455208421,44455208419,-2,1194,2260
44456748507,44456748506,-1,752,2170
44462898434,44462898433,-1,1298,2585
44467731586,44467731583,-3,1400,2466
44474553710,44474553707,-3,1523,2595
44478142301,44478142299,-2,1455,3255
44480670629,44480670626,-3,855,1608
44482074897,44482074903,6,4371,1849
44486289050,44486289049,-1,1163,2649
44493975684,44493975681,-3,1078,1856
44497059349,44497059346,-3,703,1726
44497951694,44497951713,19,268,834
44499464233,44499464231,-2,1285,2102
44500866999,44500866997,-2,1264,2545
44501316554,44501316551,-3,1428,2764
44503598241,44503598239,-2,1119,2320
44509827159,44509827155,-4,1230,1850
44511629618,44511629614,-4,561,1347
44515610679,44515610675,-4,906,2256
44519402781,44519402779,-2,1382,2075
44520595684,44520595686,2,3920,5160
44525404594,44525404591,-3,918,2073
44527048548,44527048554,6,4754,3008
44528287018,44528287018,0,863,1455
44528841470,44528841467,-3,1118,2656
44532388587,44532388589,2,11175,11090
44535594012,44535594015,3,1861,1753
44536097565,44536097563,-2,941,1593
44537003504,44537003501,-3,950,1555
44540058220,44540058216,-4,1017,2347
44541627503,44541627508,5,2500,1346
44542826903,44542826911,8,3423,1460
44542937751,44542937746,-5,1070,2064
44543039725,44543039721,-4,1146,2690
44543460486,44543460484,-2,1312,2822
44552748571,44552748569,-2,1054,1587
44555489554,44555489551,-3,996,2470
44556085986,44556085983,-3,1101,1859
44561638894,44561638887,-7,1166,6165
44562249933,44562249931,-2,822,1655
44567479305,44567479302,-3,1333,1765
44573197659,44573197671,12,1048,6017
44574879945,44574879938,-7,1951,7477
44578475768,44578475763,-5,1374,2509
44581152654,44581152651,-3,987,2070
44582233702,44582233700,-2,749,2024
44582330492,44582330512,20,1279,2449
44584754150,44584754148,-2,1022,2584
44584785597,44584785594,-3,1138,2303
44585235215,44585235213,-2,1338,2842
44586181367,44586181375,8,212,592
44589785063,44589785062,-1,1006,1708
44593399666,44593399665,-1,1159,1876
44598227046,44598227042,-4,1454,3317
44598846001,44598845997,-4,1451,2846
44602426561,44602426559,-2,1924,2495
44604439926,44604439921,-5,1449,3318
44606374727,44606374722,-5,866,2659
44609127463,44609127460,-3,992,1425
44609524148,44609524146,-2,1033,2036
44615047065,44615047062,-3,1758,2701
44615950158,44615950157,-1,1055,2782
44616324401,44616324398,-3,942,2231
44620444981,44620444989,8,796,980
44621919185,44621919182,-3,909,1864
44624330877,44624330874,-3,1284,2186
44625878630,44625878629,-1,918,2516
44627428923,44627428921,-2,1143,1787
44630511668,44630511665,-3,1228,2185
44630799530,44630799526,-4,1061,1475
44634725367,44634725365,-2,1199,1458
44635980134,44635980133,-1,1069,1657
44638812897,44638812894,-3,1222,1828
44648047512,44648047510,-2,824,2518
44648432302,44648432321,19,814,1807
44648721340,44648721337,-3,731,1206
44649303415,44649303413,-2,1267,1725
44651512326,44651512322,-4,1246,2383
44651967357,44651967352,-5,2101,3534
44657077132,44657077134,2,1244,1138
44662149203,44662149203,0,744,2298
44662233131,44662233130,-1,519,1581
44666928742,44666928738,-4,1570,3272
44667893485,44667893482,-3,1371,2251
44668268046,44668268046,0,1367,1430
44668930658,44668930657,-1,866,1625
44670594471,44670594469,-2,1422,2144
44674802683,44674802685,2,2624,1976
44675199412,44675199408,-4,1266,2335
44675367077,44675367075,-2,1578,1670
44678740809,44678740809,0,31893,45248
44678879705,44678879703,-2,1485,1932
44684048071,44684048069,-2,1002,1576
44684852238,44684852234,-4,1097,2050
44687319598,44687319596,-2,855,1569
44694390193,44694390197,4,2028,1362
44694745794,44694745789,-5,1075,2506
44694784207,44694784204,-3,1236,2579
44696578847,44696578848,1,2142,1939
44698088739,44698088733,-6,1116,4444
44699437891,44699437887,-4,565,1525
44699738244,44699738239,-5,855,1496
44700266681,44700266678,-3,1283,3008
44707057877,44707057874,-3,1065,2393
44715248879,44715248877,-2,1133,2249
44724565727,44724565725,-2,734,1191
44731397553,44731397548,-5,1001,2102
44732355902,44732355907,5,3633,1966
44732394845,44732394843,-2,1539,2304
44739948644,44739948642,-2,822,1519
44742694126,44742694126,0,864,1746
44745256574,44745256569,-5,1210,2134
44746585291,44746585290,-1,934,2855
44755226451,44755226450,-1,1393,1988
44755723926,44755723922,-4,662,1880
44756104252,44756104247,-5,886,3729
44759906333,44759906329,-4,992,2497
44760914698,44760914694,-4,1107,2788
44763561142,44763561147,5,1597,1356
44765568214,44765568221,7,11365,1494
44768765894,44768765893,-1,1542,2594
44772729748,44772729744,-4,1682,1591
44773659187,44773659185,-2,1830,2686
44775083191,44775083186,-5,995,2019
44775119860,44775119857,-3,721,1354
44776253181,44776253178,-3,772,2096
44778394803,44778394801,-2,844,1180
44780807054,44780807051,-3,997,1977
44782657778,44782657770,-8,607,2243
44787216847,44787216845,-2,1606,2359
44787463454,44787463455,1,833,1357
44789854030,44789854030,0,1166,1184
44796035184,44796035183,-1,614,1163
44796662269,44796662268,-1,1035,2016
44797429539,44797429537,-2,932,1948
44797997012,44797997010,-2,1081,2376
44805040731,44805040728,-3,1159,2685
44807102871,44807102870,-1,789,1915
44815341993,44815341996,3,1267,1363
44830736891,44830736889,-2,1234,2162
44830818582,44830818580,-2,774,1888
44832449866,44832449866,0,1365,1828
44835353750,44835353748,-2,711,1640
44836756963,44836756958,-5,2028,6948
44837270585,44837270583,-2,1438,2123
44845488879,44845488877,-2,938,1808
44848373134,44848373132,-2,1708,2304
44850178768,44850178765,-3,882,1870
44853401643,44853401641,-2,1022,2029
44862694080,44862694083,3,2433,2042
44864377076,44864377082,6,14,722
44868932039,44868932035,-4,1146,2356
44878705534,44878705532,-2,1411,2474
44878784973,44878784971,-2,1169,2993
44891769685,44891769691,6,1150,1913
44898115602,44898115600,-2,989,2002
44898233181,44898233178,-3,996,1953
44901156431,44901156430,-1,1249,1890
44903730599,44903730597,-2,1440,1598
44906866671,44906866671,0,1645,2282
44909691666,44909691672,6,3126,1555
44913626486,44913626484,-2,774,1096
44915766235,44915766231,-4,1051,2050
44916332250,44916332247,-3,1133,2419
44919980366,44919980366,0,1148,1941
44924542902,44924542898,-4,1161,2836
44929307821,44929307820,-1,1181,2056
44931822518,44931822517,-1,1704,2378
44934146843,44934146841,-2,1020,2513
44937832530,44937832534,4,1732,1508
44938387004,44938387008,4,1721,1519
44938906586,44938906590,4,6882,25504
44943072282,44943072282,0,2219,2207
44946609166,44946609165,-1,852,1842
44950162928,44950162926,-2,1500,2443
44950551798,44950551777,-21,1420,1777
44951166268,44951166262,-6,377,1213
44956303079,44956303077,-2,669,1607
44958291446,44958291442,-4,1406,1928
44958914275,44958914275,0,1201,2194
44960606490,44960606486,-4,890,2353
44961564085,44961564080,-5,1101,3954
44963092609,44963092606,-3,1340,2365
44967970016,44967970037,21,483,1132
44968039124,44968039122,-2,1270,2797
44972768630,44972768626,-4,863,1924
44982576617,44982576613,-4,1339,3447
44982766106,44982766113,7,10674,38337
44993687184,44993687187,3,31316,18970
44995489240,44995489243,3,2138,1855
44997224961,44997224958,-3,1065,1869
45001363959,45001363957,-2,1523,3154
45003114562,45003114557,-5,1293,3919
45008539940,45008539934,-6,1440,2869
45012293249,45012293242,-7,1385,2761
45017974983,45017974977,-6,570,1996
45018413645,45018413642,-3,1329,2127
45018522526,45018522526,0,1265,2662
45022280368,45022280366,-2,1448,2501
45023459130,45023459127,-3,990,2344
45024095515,45024095514,-1,823,1982
45027130070,45027130066,-4,1043,1767
45027379214,45027379192,-22,1052,2082
45030496312,45030496310,-2,1044,2254
45035346690,45035346685,-5,783,1352
45035601399,45035601393,-6,932,2406
45035939390,45035939371,-19,1106,1679
45036557656,45036557666,10,731,1417
45037581479,45037581478,-1,1070,1474
45038426047,45038426046,-1,1362,1898
45042340577,45042340574,-3,1213,2521
45043693509,45043693502,-7,900,3430
45046176214,45046176215,1,3273,3264
45047584542,45047584540,-2,1147,2225
45049965549,45049965545,-4,1120,1703
45052778343,45052778341,-2,1262,2510
45058698673,45058698672,-1,1252,1930
45061660165,45061660162,-3,1222,2393
45067288781,45067288779,-2,1064,1825
45071534082,45071534078,-4,1730,3090
45075610014,45075610015,1,2142,1202
45085147609,45085147604,-5,936,2208
45085194029,45085194027,-2,4133,6880
45085822566,45085822581,15,479,945
45086019794,45086019790,-4,731,1352
45092417134,45092417133,-1,1244,3182
45092485173,45092485155,-18,1198,2390
45093097210,45093097203,-7,1015,4220
45097906517,45097906513,-4,1576,2032
45099588937,45099588936,-1,977,1593
45100280417,45100280414,-3,1526,3058
45103375853,45103375850,-3,829,2515
45107827330,45107827330,0,1185,1985
45108772363,45108772362,-1,940,1765
45112574355,45112574353,-2,1460,2435
45112601806,45112601805,-1,1048,2163
45116159969,45116159967,-2,936,1971
45118584173,45118584171,-2,1453,2214
45121075047,45121075046,-1,1152,2373
45121571192,45121571215,23,320,551
45122545064,45122545061,-3,939,1951
45123990323,45123990322,-1,1227,23082
45124411323,45124411321,-2,1143,2370
45127743891,45127743889,-2,1260,2745
45130366571,45130366569,-2,859,1682
45131106567,45131106573,6,8940,27399
45133015424,45133015418,-6,1324,4536
45134616565,45134616570,5,7617,3675
45137049496,45137049493,-3,1104,2063
45140552223,45140552220,-3,1120,2060
45141882103,45141882104,1,2204,1990
45142372298,45142372295,-3,1151,1797
45147982482,45147982487,5,2619,1617
45150450535,45150450534,-1,973,1774
45150774176,45150774194,18,744,1653
45154298222,45154298221,-1,1101,2326
45155554745,45155554742,-3,1258,2489
45161849750,45161849748,-2,1567,2679
45163737823,45163737821,-2,1234,2006
45165200603,45165200603,0,1315,2182
45167793259,45167793257,-2,1421,2743
45168551452,45168551449,-3,21797,13632
45169019183,45169019183,0,1499,3194
45169856022,45169856018,-4,1552,3255
45172207401,45172207400,-1,1283,1898
45176743119,45176743117,-2,575,1213
45176780055,45176780073,18,576,720
45177491563,45177491565,2,1240,1290
45181353702,45181353699,-3,935,3182
45183203642,45183203640,-2,972,2000
45186674414,45186674416,2,1179,2548
45189266371,45189266368,-3,1214,1749
45192891838,45192891835,-3,1154,1995
45193578453,45193578442,-11,292,783
45194461398,45194461396,-2,1025,1713
45195603531,45195603530,-1,1485,2447
45195865099,45195865096,-3,936,2556
45197017357,45197017354,-3,1026,1782
45197359359,45197359357,-2,1590,1999
45212681529,45212681525,-4,1391,2417
45213651378,45213651377,-1,11848,16705
45214168294,45214168294,0,1039,2316
45215908354,45215908353,-1,837,1240
45225757260,45225757258,-2,1421,2426
45229396806,45229396805,-1,1604,2140
45232771418,45232771417,-1,1055,2256
45232860190,45232860182,-8,89,863
45234339718,45234339735,17,625,1274
45241721186,45241721182,-4,134,983
45247334320,45247334319,-1,907,1735
45247657265,45247657265,0,882,1534
45249977958,45249977956,-2,1122,2220
45255239091,45255239090,-1,1126,1741
45256849434,45256849433,-1,1172,2416
45257950531,45257950529,-2,967,1984
45264088009,45264088014,5,4291,2360
45264595237,45264595242,5,1439,1695
45265300557,45265300554,-3,1382,3192
45266041579,45266041574,-5,1743,3042
45266864776,45266864784,8,2300,718
45274920650,45274920649,-1,1336,2101
45275714630,45275714629,-1,898,1992
45276525433,45276525431,-2,1500,2591
45278609626,45278609625,-1,969,2004
45282461854,45282461852,-2,749,1748
45284461983,45284461982,-1,915,1529
45293920093,45293920099,6,1571,1157
45294884632,45294884629,-3,1591,2554
45295691255,45295691254,-1,1098,1826
45296758227,45296758225,-2,1481,2592
45297203654,45297203653,-1,941,1650
45305273563,45305273558,-5,756,1827
45307360751,45307360749,-2,1075,2093
45308143606,45308143625,19,870,1841
45308649285,45308649281,-4,755,1875
45310763285,45310763283,-2,993,1033
45316116814,45316116812,-2,977,2456
45318422023,45318422020,-3,1043,1492
45320647590,45320647587,-3,1296,2642
45320722366,45320722374,8,2384,1038
45323691305,45323691301,-4,1223,2037
45329266802,45329266798,-4,951,1541
45332207216,45332207215,-1,1103,2277
45334909529,45334909522,-7,567,3148
45336327989,45336327986,-3,849,1455
45336389600,45336389618,18,704,1873
45338884062,45338884058,-4,917,2544
45339824640,45339824637,-3,1146,1849
45352104182,45352104181,-1,1065,2707
45354513018,45354513017,-1,837,1314
45355489949,45355489947,-2,1033,1735
45359996431,45359996430,-1,859,2029
45360803817,45360803817,0,1081,1059
45363251164,45363251161,-3,1110,1537
45365142520,45365142518,-2,1506,1606
45365860575,45365860575,0,1050,2334
45368963732,45368963729,-3,1173,2003
45369194967,45369194963,-4,1147,2093
45370040126,45370040146,20,511,987
45372730188,45372730181,-7,2267,6452
45374529798,45374529806,8,5873,835
45376146199,45376146196,-3,814,1239
45377345118,45377345114,-4,1603,2671
45382828357,45382828355,-2,1353,2329
45385566329,45385566325,-4,1470,3558
45385922826,45385922823,-3,1442,2190
45393658611,45393658612,1,1194,1982
45403102330,45403102328,-2,1350,2385
45404468585,45404468581,-4,1309,2731
45408545349,45408545347,-2,599,1424
45409926499,45409926497,-2,1113,2615
45411145735,45411145734,-1,788,1518
45415094898,45415094894,-4,862,1219
45418815258,45418815255,-3,837,1626
45420814114,45420814113,-1,1289,1941
45423441920,45423441916,-4,1113,2486
45428763983,45428763981,-2,689,1075
45434924441,45434924443,2,2341,1592
45438792306,45438792304,-2,3430,7055
45445186767,45445186763,-4,1882,5848
45450078434,45450078429,-5,1298,2898
45450527443,45450527440,-3,1000,2214
45454596581,45454596579,-2,1448,1892
45454907296,45454907294,-2,1001,2565
45466533630,45466533626,-4,1161,2005
45468404822,45468404818,-4,899,2921
45469727895,45469727892,-3,826,2186
45472009166,45472009165,-1,1284,2217
45476159850,45476159846,-4,1275,2726
45476440487,45476440483,-4,1178,2809
45477374499,45477374497,-2,1080,2355
45479808554,45479808549,-5,1330,2276
45482424898,45482424898,0,789,1190
45483559523,45483559521,-2,959,2058
45483886480,45483886479,-1,1089,1428
45483921254,45483921271,17,622,1343
45489254126,45489254122,-4,901,2357
45489830795,45489830790,-5,1063,2654
45489943156,45489943152,-4,877,2361
45494575458,45494575455,-3,969,2400
45495928198,45495928198,0,1016,1719
45498636334,45498636335,1,1110,1332
45500927610,45500927606,-4,882,1766
45504445640,45504445637,-3,938,1956
45505481132,45505481130,-2,1283,3189
45507767238,45507767241,3,1302,1196
45508715094,45508715090,-4,1274,2168
45511141482,45511141478,-4,1309,2141
45518960914,45518960913,-1,853,1856
45521145563,45521145558,-5,1034,2276
45525940954,45525940952,-2,928,3065
45526561952,45526561970,18,714,1788
45527855423,45527855420,-3,826,1718
45533035618,45533035614,-4,1331,2275
45534738454,45534738451,-3,933,3247
45537425862,45537425860,-2,1094,2189
45538574678,45538574677,-1,1020,2191
45540508435,45540508433,-2,1000,2178
45541362647,45541362642,-5,1057,2024
45545410382,45545410386,4,655,842
45546018253,45546018251,-2,1155,2101
45546234682,45546234689,7,3087,1427
45547520963,45547520961,-2,1157,1780
45551938177,45551938173,-4,985,2154
45553979314,45553979308,-6,1269,5409
45561845438,45561845434,-4,2197,7157
45570400367,45570400363,-4,1252,3021
45573259410,45573259409,-1,1215,1784
45575108714,45575108714,0,1273,2049
45577912255,45577912252,-3,1373,2444
45579073278,45579073278,0,1043,1228
45588371402,45588371400,-2,1523,2146
45588746022,45588746022,0,780,1605
45589244674,45589244671,-3,1183,2770
45593477068,45593477071,3,13939,11885
45593569242,45593569238,-4,869,1396
45598885129,45598885126,-3,23666,12199
45602766175,45602766170,-5,1007,2192
45606248449,45606248447,-2,1212,2344
45607379254,45607379253,-1,1371,2250
45608929194,45608929191,-3,1226,1842
45612637868,45612637867,-1,1247,2217
45618326539,45618326538,-1,959,2208
45628161562,45628161561,-1,1453,1998
45632760167,45632760165,-2,1212,2165
45635720887,45635720879,-8,1418,4343
45636742974,45636742974,0,1164,1147
45644691174,45644691172,-2,1151,2694
45645390030,45645390026,-4,1342,2384
45646917720,45646917715,-5,1702,2933
45648325791,45648325788,-3,1148,2126
45655264553,45655264549,-4,1315,3040
45659334470,45659334468,-2,1035,2454
45660121351,45660121347,-4,1048,2322
45664612850,45664612847,-3,1646,3026
45665047319,45665047316,-3,1067,2677
45665324618,45665324615,-3,870,2474
45666420236,45666420258,22,1059,1163
45669680538,45669680539,1,1048,1934
45673825316,45673825317,1,1209,1447
45677163882,45677163878,-4,1467,3045
45680070871,45680070869,-2,931,2645
45680328854,45680328850,-4,1102,2038
45682274617,45682274623,6,2570,969
45683412783,45683412778,-5,765,2417
45693505505,45693505502,-3,1087,1962
45695501273,45695501271,-2,924,1416
45696162723,45696162719,-4,971,1764
45700829254,45700829254,0,1146,1554
45701299532,45701299550,18,1113,1950
45702799067,45702799053,-14,1087,2798
45705925630,45705925627,-3,809,1773
45706336870,45706336850,-20,773,1649
45708884074,45708884072,-2,946,1713
45709183038,45709183039,1,1411,3319
45710290988,45710290986,-2,1588,2910
45710449570,45710449569,-1,1039,2684
45711092450,45711092448,-2,917,1898
45711768728,45711768725,-3,741,2348
45712075046,45712075042,-4,1128,1465
45712884955,45712884954,-1,1071,1958
45714625914,45714625910,-4,1526,2928
45715184545,45715184542,-3,1557,3044
45715419766,45715419786,20,931,3031
45716254106,45716254106,0,1004,1854
45721819335,45721819341,6,3524,1518
45727872998,45727872995,-3,1256,2681
45728083790,45728083806,16,1260,2273
45728201335,45728201326,-9,1255,2088
45730787666,45730787665,-1,1134,1557
45732613052,45732613049,-3,954,2185
45733353877,45733353874,-3,1284,1677
45738879727,45738879722,-5,877,1725
45739831519,45739831518,-1,1234,1750
45741077905,45741077901,-4,1124,1903
45741247615,45741247614,-1,1535,1736
45745483860,45745483856,-4,1113,2394
45745719085,45745719082,-3,1204,2419
45748228674,45748228682,8,9934,3013
45748652322,45748652319,-3,1261,2005
45758182996,45758182995,-1,1174,2786
45759851058,45759851055,-3,1490,2893
45759925588,45759925586,-2,1345,1687
45761482777,45761482775,-2,1170,2435
45761649455,45761649440,-15,1234,1941
45763821791,45763821790,-1,1089,2024
45765714705,45765714701,-4,1001,2296
45766001813,45766001822,9,226,1320
45766688823,45766688814,-9,558,1729
45770257826,45770257825,-1,1204,1699
45773284618,45773284618,0,1180,2481
45773596198,45773596197,-1,1125,1862
45782815202,45782815200,-2,801,2230
45783016150,45783016133,-17,621,1890
45786275527,45786275527,0,893,1683
45786656674,45786656674,0,1997,1653
45787534787,45787534782,-5,1159,2025
45788190390,45788190388,-2,1157,1749
45789603383,45789603382,-1,898,1962
45793448766,45793448764,-2,949,2164
45793841238,45793841255,17,197,995
45796367933,45796367931,-2,825,1870
45797774889,45797774888,-1,1158,1669
45798761596,45798761594,-2,812,1116
45803400345,45803400343,-2,843,1752
45805290016,45805290017,1,1868,1837
45805665219,45805665217,-2,1466,2434
45805791687,45805791687,0,869,1529
45813281991,45813281990,-1,1329,2742
45820778309,45820778306,-3,1349,2741
45821308627,45821308623,-4,1124,2384
45822258738,45822258734,-4,915,2929
45823197370,45823197366,-4,1091,2599
45826046359,45826046355,-4,1183,2839
45829070257,45829070255,-2,1359,3024
45831028501,45831028502,1,973,1689
45840781670,45840781665,-5,1462,7012
45846108537,45846108533,-4,966,1384
45854222586,45854222585,-1,1390,2506
45855724079,45855724077,-2,1378,1978
45858562479,45858562475,-4,760,1723
45860146224,45860146221,-3,1172,2560
45861507722,45861507718,-4,1108,2357
45863878454,45863878453,-1,1339,2084
45864017918,45864017917,-1,3920,4824
45864067104,45864067102,-2,1011,1492
45870818978,45870818978,0,1806,1533
45876010010,45876010007,-3,885,1959
45879502988,45879502983,-5,1655,3117
45880476755,45880476753,-2,1071,1644
45880710202,45880710198,-4,1015,2334
45882969939,45882969937,-2,1404,3659
45890402261,45890402258,-3,1241,1952
45893325261,45893325257,-4,1368,4401
45893487289,45893487288,-1,1389,1373
45897443675,45897443672,-3,1265,3257
45897690347,45897690342,-5,680,1508
45901972727,45901972727,0,783,1178
45902113246,45902113264,18,641,1574
45903384396,45903384391,-5,547,1109
45903538452,45903538469,17,624,2302
45907913089,45907913083,-6,915,4201
45908371726,45908371722,-4,983,2176
45911281723,45911281719,-4,881,2363
45914473934,45914473931,-3,1084,1543
45915240035,45915240034,-1,1116,2074
45917475733,45917475732,-1,1076,2111
45920161886,45920161884,-2,1021,1567
45921470953,45921470958,5,2894,1530
45923122243,45923122241,-2,1689,2387
45933918531,45933918530,-1,1378,1994
45936168739,45936168737,-2,1035,1470
45947023164,45947023160,-4,1428,2755
45947221294,45947221291,-3,1021,2291
45947635431,45947635429,-2,1059,2298
45949641085,45949641082,-3,1594,2501
45950305330,45950305326,-4,824,2689
45952408438,45952408435,-3,1229,1741
45952934395,45952934393,-2,1417,2660
45955130353,45955130350,-3,1161,1382
45957399577,45957399574,-3,1421,2578
45962180127,45962180129,2,1339,1877
45972050582,45972050595,13,13347,38006
45974718014,45974718010,-4,827,2075
45975291109,45975291099,-10,1394,1964
45982583451,45982583450,-1,589,1486
45983629533,45983629534,1,1266,1629
45983958980,45983958970,-10,164,832
45986377422,45986377418,-4,893,3060
45992596587,45992596585,-2,1666,3615
45997718525,45997718530,5,4537,2929
45999323071,45999323071,0,1193,1926
46002898527,46002898526,-1,1122,1993
46003203923,46003203919,-4,1337,2206
46003286044,46003286041,-3,1595,3529
46005534560,46005534563,3,1842,1423
46005739014,46005739006,-8,1426,866
46006143039,46006143038,-1,968,2210
46007444454,46007444453,-1,1139,2598
46009236002,46009236001,-1,1026,1247
46012123543,46012123539,-4,1380,3172
46012179210,46012179205,-5,1243,3281
46014979347,46014979345,-2,542,1208
46017437083,46017437077,-6,1090,3378
46018034780,46018034775,-5,635,2067
46021002982,46021002981,-1,1418,2687
46022439941,46022439939,-2,1082,2821
46022931483,46022931480,-3,940,2346
46023983143,46023983145,2,1452,2620
46027418246,46027418242,-4,1332,2781
46036063791,46036063795,4,1630,1078
46039549490,46039549487,-3,1293,3119
46040100786,46040100783,-3,972,1667
46040201979,46040201977,-2,1416,1560
46041643371,46041643369,-2,1001,1589
46045491994,46045491997,3,1069,1421
46058970589,46058970586,-3,1523,2571
46059579625,46059579626,1,1701,2515
46060586606,46060586602,-4,970,1826
46062363044,46062363040,-4,3030,8106
46064462453,46064462458,5,3184,1347
46064650317,46064650315,-2,1072,1833
46064709133,46064709131,-2,1260,1960
46068365411,46068365407,-4,1110,2193
46069634751,46069634748,-3,1273,2104
46070113855,46070113854,-1,23064,32101
46078163789,46078163787,-2,667,2372
46078531421,46078531429,8,13431,22132
46080455445,46080455452,7,2786,1339
46086636174,46086636172,-2,1147,1769
46090236634,46090236632,-2,1365,3131
46093125695,46093125694,-1,1161,2111
46093487154,46093487151,-3,863,1629
46095995639,46095995636,-3,1149,2378
46099398915,46099398914,-1,928,2614
46100412087,46100412085,-2,1413,2027
46102647325,46102647325,0,1233,2260
46104070568,46104070565,-3,1143,2119
46104640677,46104640673,-4,819,2197
46112688383,46112688382,-1,1510,2897
46114419050,46114419048,-2,634,2069
46118135637,46118135633,-4,1121,2438
46119786559,46119786555,-4,1078,2182
46120012756,46120012754,-2,981,1797
46120757654,46120757661,7,3009,1586
46122295663,46122295661,-2,920,2106
46123318524,46123318521,-3,1440,2292
46123857553,46123857551,-2,959,2019
46124562875,46124562871,-4,967,2378
46132534512,46132534509,-3,1548,1677
46139717679,46139717675,-4,1364,3018
46147796251,46147796254,3,2314,1273
46149213054,46149213051,-3,1171,2678
46151556360,46151556358,-2,1025,2118
46154777106,46154777102,-4,1192,2385
46166897246,46166897244,-2,1069,1844
46168252639,46168252637,-2,1409,2704
46174278466,46174278467,1,1880,1753
46177149598,46177149597,-1,863,1449
46177764798,46177764797,-1,1091,2350
46178682250,46178682249,-1,950,2016
46184144465,46184144465,0,5015,17510
46184780078,46184780074,-4,1291,2290
46186950351,46186950349,-2,1177,1970
46191172536,46191172535,-1,1043,2003
46192014657,46192014654,-3,1129,1813
46194383895,46194383891,-4,2112,6582
46195428244,46195428237,-7,1229,2652
46198315081,46198315082,1,1446,2346
46198597971,46198597969,-2,1243,1483
46202509781,46202509778,-3,1321,2973
46202616533,46202616526,-7,3811,11568
46204906820,46204906819,-1,1278,2534
46206351159,46206351154,-5,1122,2938
46206662238,46206662233,-5,1059,2227
46208467267,46208467262,-5,719,2044
46208764761,46208764758,-3,1122,1974
46211547034,46211547031,-3,808,1424
46212447911,46212447910,-1,718,1873
46218751907,46218751904,-3,780,2372
46219343831,46219343826,-5,855,1892
46219429632,46219429650,18,1272,2350
46219753239,46219753238,-1,1298,3363
46228277760,46228277759,-1,1415,1968
46230928410,46230928407,-3,1096,3496
46234136721,46234136717,-4,996,1786
46236468320,46236468314,-6,1250,1936
46236585702,46236585723,21,209,594
46237698141,46237698139,-2,1612,2424
46240252086,46240252083,-3,1113,2401
46241194781,46241194769,-12,1542,2216
46242097644,46242097639,-5,850,3609
46242421046,46242421038,-8,911,1691
46242741546,46242741545,-1,1060,1659
46243008639,46243008654,15,594,1203
46245685231,46245685225,-6,1344,2385
46248322338,46248322337,-1,2314,5101
46249588194,46249588191,-3,797,1840
46255416183,46255416182,-1,1041,1356
46256053022,46256053035,13,167,1671
46256981950,46256981952,2,2936,2393
46257788278,46257788277,-1,1951,2374
46262563911,46262563908,-3,1224,2308
46265805659,46265805655,-4,1196,2329
46268394019,46268394017,-2,799,1575
46271835125,46271835122,-3,1000,3436
46275139050,46275139050,0,1337,1374
46278780993,46278780990,-3,1033,1371
46279493279,46279493274,-5,1016,4290
46287690838,46287690836,-2,1186,2303
46288717669,46288717666,-3,955,2149
46293528709,46293528707,-2,1145,2704
46295622402,46295622400,-2,884,1799
46297517686,46297517683,-3,1176,2718
46303018390,46303018390,0,1012,2578
46308113458,46308113455,-3,593,1485
46310311266,46310311262,-4,1103,1931
46310421112,46310421129,17,779,2705
46310575025,46310575018,-7,1451,7400
46310844899,46310844897,-2,852,2328
46313719149,46313719151,2,1580,1505
46314088346,46314088343,-3,1040,2045
46314225423,46314225420,-3,936,2822
46318553045,46318553041,-4,988,2039
46326985610,46326985608,-2,1386,2760
46328235974,46328235970,-4,1173,1990
46329869553,46329869550,-3,1665,2572
46330991770,46330991766,-4,987,1990
46332235714,46332235711,-3,1573,2749
46339654836,46339654835,-1,946,1882
46348339489,46348339485,-4,1076,1657
46350451410,46350451406,-4,1335,2673
46351404212,46351404208,-4,1038,2705
46353712406,46353712405,-1,1187,2034
46355909759,46355909755,-4,1323,1534
46356220820,46356220843,23,495,1326
46358198382,46358198380,-2,1515,2291
46361304255,46361304253,-2,1507,2870
46362315587,46362315589,2,927,1243
46365301330,46365301327,-3,1231,1983
46370310414,46370310412,-2,1093,2502
46371660271,46371660269,-2,939,2136
46376764762,46376764759,-3,1142,2209
46378223691,46378223689,-2,1265,3065
46381339082,46381339078,-4,1112,1700
46381369827,46381369824,-3,1080,2300
46392052113,46392052110,-3,1115,2721
46392459250,46392459250,0,887,1459
46397987723,46397987719,-4,1683,2647
46398087682,46398087682,0,1350,1641
46398410706,46398410702,-4,881,2425
46400611835,46400611835,0,913,2407
46411749299,46411749297,-2,824,1758
46418933097,46418933095,-2,1186,1109
46425373238,46425373233,-5,918,2922
46431610501,46431610497,-4,1070,2113
46432039407,46432039405,-2,1056,1451
46435616798,46435616794,-4,999,2121
46442989942,46442989937,-5,688,1740
46443985268,46443985265,-3,1472,1986
46450234559,46450234556,-3,1338,2179
46451820341,46451820342,1,1805,1742
46452515578,46452515574,-4,1803,2924
46453087267,46453087269,2,934,1207
46453377707,46453377702,-5,824,2176
46453947293,46453947309,16,713,2713
46457872154,46457872153,-1,902,1389
46462368286,46462368294,8,3534,1655
46464416190,46464416192,2,1477,1536
46466158719,46466158718,-1,1360,2968
46468920190,46468920186,-4,1067,2124
46470783709,46470783707,-2,884,2392
46473003074,46473003074,0,1255,1834
46473726871,46473726865,-6,953,2088
46475399224,46475399221,-3,1284,1741
46476741345,46476741343,-2,1188,2509
46487797592,46487797590,-2,1193,1525
46488333978,46488333976,-2,1116,2735
46489154271,46489154270,-1,1227,1905
46491003618,46491003614,-4,1009,2167
46494302227,46494302226,-1,1272,2403
46498013367,46498013365,-2,838,2001
46498230575,46498230573,-2,793,2174
46501246934,46501246933,-1,1343,2101
46501817225,46501817222,-3,875,2758
46511551318,46511551322,4,1430,1669
46515778312,46515778310,-2,1203,2171
46515804160,46515804178,18,582,1574
46520162031,46520162029,-2,1141,1859
46523190694,46523190694,0,984,1882
46525931249,46525931246,-3,979,1841
46525963083,46525963082,-1,1500,1738
46527669369,46527669368,-1,1097,1578
46530145539,46530145535,-4,1254,3383
46530400111,46530400109,-2,912,1569
46530766774,46530766773,-1,941,1530
46533505278,46533505276,-2,1264,2095
46538049776,46538049772,-4,34815,6268
46539780031,46539780027,-4,1259,2735
46541374320,46541374315,-5,1806,3895
46541469473,46541469475,2,743,940
46541754087,46541754106,19,704,3931
46545219907,46545219906,-1,1018,2192
46545312878,46545312875,-3,1475,3188
46550362420,46550362417,-3,1430,2197
46551615357,46551615355,-2,989,1762
46558180126,46558180125,-1,1254,2416
46572699927,46572699921,-6,20429,14143
46573356009,46573356014,5,2715,1348
46574487710,46574487709,-1,709,2277
46577684277,46577684274,-3,870,2523
46581267620,46581267617,-3,1623,2618
46581756896,46581756893,-3,1536,2134
46582696000,46582695998,-2,1310,2197
46584374931,46584374928,-3,880,3679
46589567079,46589567066,-13,1062,1812
46590153412,46590153413,1,36724,36498
46590339682,46590339678,-4,1160,2937
46594070960,46594070957,-3,1360,1981
46596563517,46596563515,-2,1643,3513
46598842763,46598842761,-2,985,1754
46599177247,46599177246,-1,1096,1334
46599882349,46599882344,-5,1091,3184
46601512282,46601512279,-3,2182,4425
46602572661,46602572667,6,3232,1260
46603066583,46603066582,-1,1373,2083
46603365997,46603365993,-4,1500,2364
46606865573,46606865566,-7,2056,5897
46610704792,46610704789,-3,1256,2602
46610834164,46610834157,-7,1425,1824
46613779323,46613779326,3,4014,3330
46621631781,46621631779,-2,1110,2317
46622614839,46622614836,-3,901,2250
46624684018,46624684017,-1,1508,2990
46624749370,46624749366,-4,1145,2273
46628188155,46628188154,-1,1330,2983
46628603420,46628603416,-4,1109,2038
46631611659,46631611658,-1,925,2081
46633712743,46633712742,-1,1490,2069
46640181867,46640181863,-4,984,1352
46640777569,46640777574,5,1737,926
46647401309,46647401308,-1,1127,2286
46649723915,46649723911,-4,1125,1909
46652479048,46652479046,-2,937,1602
46653307094,46653307090,-4,1194,3309
46653793164,46653793146,-18,856,1522
46655329227,46655329226,-1,930,1673
46655635963,46655635963,0,920,1253
46657047733,46657047730,-3,1409,2928
46657714201,46657714198,-3,836,2076
46661170565,46661170563,-2,883,1153
46664484755,46664484753,-2,804,1981
46666240698,46666240696,-2,1296,2214
46667279293,46667279291,-2,1640,3305
46669281851,46669281848,-3,1314,2367
46670270231,46670270228,-3,938,3097
46671001008,46671001010,2,1502,1390
46672804844,46672804841,-3,975,2456
46674025753,46674025750,-3,1227,3559
46675920960,46675920979,19,1141,2486
46676691937,46676691934,-3,1362,1909
46692150461,46692150457,-4,1095,2069
46693749179,46693749179,0,781,1326
46699515452,46699515449,-3,546,1408
46701051453,46701051452,-1,932,1931
46701258023,46701258003,-20,1001,2261
46702868007,46702868005,-2,977,2019
46704133382,46704133385,3,3250,2597
46705014183,46705014182,-1,1019,1566
46707301359,46707301356,-3,806,2409
46708498983,46708498973,-10,1096,2582
46709641270,46709641266,-4,780,1817
46712768427,46712768425,-2,1272,2266
46712960547,46712960546,-1,1075,2086
46721277928,46721277928,0,1410,2171
46723505065,46723505061,-4,1195,3080
46726832039,46726832035,-4,918,2894
46727759919,46727759916,-3,726,2299
46730687954,46730687952,-2,1689,3546
46734675829,46734675825,-4,1012,1955
46738020982,46738020979,-3,1070,2541
46744125206,46744125207,1,926,1715
46744708282,46744708281,-1,1221,2322
46746715030,46746715026,-4,1689,2071
46749011830,46749011829,-1,1458,2902
46751760167,46751760166,-1,1513,1815
46753230375,46753230371,-4,1548,2658
46759340053,46759340049,-4,1273,2772
46760725803,46760725802,-1,1162,2360
46760867574,46760867570,-4,997,1982
46762722627,46762722625,-2,1321,2788
46763310745,46763310742,-3,1095,2552
46764768165,46764768165,0,1005,1543
46765565165,46765565164,-1,1144,2421
46765889592,46765889590,-2,1463,2800
46767042255,46767042254,-1,801,940
46774247426,46774247422,-4,1417,1912
46775095281,46775095279,-2,1188,2908
46778843079,46778843078,-1,805,1368
46784241383,46784241381,-2,1551,2798
46784452510,46784452490,-20,1645,2008
46789268286,46789268282,-4,1103,3122
46798233905,46798233902,-3,1376,2808
46799527637,46799527634,-3,965,2408
46803998157,46803998157,0,1064,1823
46816364723,46816364719,-4,872,1939
46822729866,46822729862,-4,956,2710
46827131913,46827131912,-1,1512,3002
46832594161,46832594165,4,1825,1677
46834996576,46834996581,5,21195,23221
46838141927,46838141924,-3,988,1886
46839694492,46839694490,-2,1285,1971
46843703849,46843703845,-4,978,2290
46846886041,46846886045,4,2721,1526
46850771453,46850771451,-2,1002,2016
46851078390,46851078377,-13,248,1203
46852781041,46852781040,-1,1293,1981
46853945129,46853945127,-2,1147,2856
46858712822,46858712820,-2,3196,18231
46858782437,46858782438,1,1296,2208
46864110670,46864110668,-2,1065,2674
46876453394,46876453391,-3,886,2617
46884116306,46884116306,0,1632,2712
46884296384,46884296390,6,2059,1131
46885099798,46885099795,-3,907,1665
46895448042,46895448050,8,5151,1691
46897259875,46897259874,-1,1140,2050
46898080474,46898080470,-4,1319,2721
46898585986,46898585983,-3,1067,2463
46898658965,46898658949,-16,1286,1815
46898966960,46898966977,17,490,1663
46899071807,46899071806,-1,822,1982
46901271422,46901271418,-4,665,1585
46903371168,46903371166,-2,1023,1719
46904843531,46904843530,-1,1199,1343
46907390886,46907390897,11,12858,41805
46907781663,46907781661,-2,598,1800
46910271055,46910271049,-6,1298,1603
46913278282,46913278280,-2,845,2283
46915893410,46915893415,5,1746,1459
46917398345,46917398344,-1,33601,31430
46919994638,46919994635,-3,932,2155
46920938036,46920938038,2,1674,2762
46921775670,46921775670,0,876,1171
46923902628,46923902631,3,1943,1538
46928232311,46928232306,-5,1229,1928
46931025286,46931025286,0,1091,1369
46935732177,46935732173,-4,1297,2509
46936568821,46936568818,-3,1677,4335
46938108661,46938108661,0,1371,2102
46943315203,46943315200,-3,1027,2206
46943918250,46943918249,-1,921,1828
46945677535,46945677533,-2,1152,1592
46946081646,46946081635,-11,814,2048
46947670118,46947670117,-1,1080,2017
46952144758,46952144744,-14,579,1595
46957461522,46957461519,-3,1313,2818
46960337119,46960337126,7,2856,878
46962848836,46962848830,-6,1100,4191
46964936394,46964936391,-3,852,3109
46965660733,46965660717,-16,1600,2336
46968046667,46968046665,-2,1240,2486
46969071018,46969071014,-4,999,2945
46970341020,46970341015,-5,1142,2087
46974893435,46974893434,-1,1186,2013
46975757940,46975757940,0,1464,1886
46976437691,46976437689,-2,889,1824
46978595839,46978595835,-4,766,1493
46980651324,46980651321,-3,3586,16546
46981820819,46981820814,-5,916,2220
46983711162,46983711162,0,25550,34354
46984588999,46984588997,-2,633,1587
46991384674,46991384670,-4,1168,1760
46993309363,46993309364,1,30290,37111
47002427235,47002427232,-3,1725,3194
47002802972,47002802991,19,1137,1319
47004527299,47004527292,-7,29434,13683
47005725893,47005725890,-3,1044,2015
47008080889,47008080886,-3,1175,2234
47009521967,47009521962,-5,880,2050
47011577789,47011577786,-3,1134,2226
47017028711,47017028710,-1,1225,1498
47023165982,47023165981,-1,1186,1811
47025046127,47025046126,-1,1232,2473
47027209662,47027209659,-3,1445,3049
47028956354,47028956352,-2,1424,2228
47038764455,47038764462,7,3779,1333
47039541014,47039541010,-4,831,2021
47042174072,47042174070,-2,1125,2127
47043312594,47043312591,-3,810,1990
47052981601,47052981598,-3,1588,2333
47053655175,47053655166,-9,840,3799
47054806562,47054806556,-6,956,2487
47055682006,47055682003,-3,1238,2424
47059020610,47059020630,20,1092,2546
47064075602,47064075598,-4,1394,3123
47067848031,47067848029,-2,1726,2765
47068026142,47068026142,0,1398,2082
47071350130,47071350126,-4,1288,2971
47073251577,47073251575,-2,1375,2531
47073318905,47073318904,-1,552,1604
47074177404,47074177395,-9,954,1285
47074827689,47074827686,-3,1141,2217
47079561854,47079561858,4,1338,1076
47079821560,47079821569,9,208,1352
47086420583,47086420581,-2,1347,2539
47089221750,47089221745,-5,1230,4260
47089385162,47089385161,-1,1095,2233
47095926618,47095926615,-3,1481,2799
47096285764,47096285761,-3,1171,2223
47097495323,47097495321,-2,1071,2861
47103896602,47103896598,-4,854,2571
47106093467,47106093463,-4,1744,3401
47110161310,47110161309,-1,1050,2106
47110953419,47110953419,0,1275,1698
47115592987,47115592985,-2,1347,2990
47119335804,47119335801,-3,774,2292
47119362661,47119362656,-5,1380,2489
47123228519,47123228517,-2,889,2172
47125553362,47125553367,5,2720,1021
47125965957,47125965954,-3,1269,2791
47135415370,47135415367,-3,1423,2122
47136023773,47136023771,-2,1189,1692
47140398338,47140398334,-4,1044,2718
47144895829,47144895847,18,1183,2499
47148805155,47148805155,0,1192,1811
47149359375,47149359370,-5,1133,2000
47150680499,47150680494,-5,1112,1823
47156578170,47156578168,-2,1415,3044
47164437130,47164437127,-3,1261,1872
47166158431,47166158429,-2,1051,2052
47167030078,47167030097,19,1276,1647
47167568991,47167568989,-2,1599,2062
47168041672,47168041671,-1,1398,2895
47168988122,47168988123,1,1776,2098
47172271898,47172271903,5,2791,1531
47173503173,47173503169,-4,1319,2786
47175290627,47175290625,-2,1370,2703
47182941907,47182941904,-3,1318,2083
47189870705,47189870703,-2,1019,1930
47191067353,47191067350,-3,1259,1846
47192094611,47192094609,-2,1192,2508
47197466563,47197466557,-6,3139,12254
47197552653,47197552653,0,4140,382
47198908913,47198908909,-4,1186,1925
47203510042,47203510040,-2,786,1473
47207379308,47207379305,-3,1256,1841
47210148077,47210148074,-3,1457,1973
47213045883,47213045882,-1,1074,1788
47213219615,47213219614,-1,1589,2583
47213579619,47213579616,-3,1080,2048
47214973937,47214973931,-6,961,1255
47215301703,47215301717,14,981,1852
47219690130,47219690129,-1,1409,2729
47219870050,47219870047,-3,949,1288
47222431766,47222431762,-4,1207,2434
47223402394,47223402390,-4,1111,2290
47230229575,47230229573,-2,1217,2300
47232415573,47232415573,0,1014,2197
47233125229,47233125225,-4,907,1272
47235599711,47235599709,-2,901,1724
47236120159,47236120158,-1,1310,1287
47238559305,47238559306,1,3147,3453
47239098058,47239098057,-1,1242,1907
47240827139,47240827136,-3,982,1887
47241013111,47241013094,-17,970,1673
47248172457,47248172456,-1,1222,2345
47249481452,47249481455,3,2223,1404
47250766418,47250766417,-1,1308,1977
47252947443,47252947438,-5,945,2706
47253149256,47253149237,-19,117,883
47257001319,47257001319,0,1253,2170
47257646326,47257646324,-2,797,1495
47261411826,47261411822,-4,1720,2807
47266581094,47266581092,-2,1006,1908
47267549571,47267549568,-3,929,2457
47271022742,47271022741,-1,1411,1952
47277141483,47277141481,-2,998,1617
47277699825,47277699818,-7,2368,8367
47287872523,47287872521,-2,1228,2187
47288351995,47288351993,-2,1150,1754
47300298918,47300298917,-1,1103,2324
47303231028,47303231023,-5,648,3219
47306551610,47306551606,-4,1300,2018
47307627578,47307627574,-4,1195,2463
47309309325,47309309310,-15,657,1743
47310189014,47310189010,-4,1258,2682
47312176962,47312176962,0,845,1498
47314117646,47314117645,-1,1109,1734
47321233658,47321233661,3,3656,2544
47321580810,47321580806,-4,1506,2580
47322900890,47322900889,-1,820,1527
47324413646,47324413641,-5,838,2534
47328283394,47328283392,-2,1090,1380
47328374770,47328374769,-1,1008,1531
47334306798,47334306795,-3,1645,3073
47339085306,47339085305,-1,878,2244
47339117594,47339117601,7,2269,1381
47341146975,47341146974,-1,1139,2093
47341408570,47341408566,-4,1381,2039
47348687944,47348687942,-2,797,1473
47349615136,47349615155,19,1525,2490
47353119894,47353119892,-2,868,1729
47360276989,47360276986,-3,1087,2580
47362120546,47362120545,-1,1360,1854
47363139311,47363139309,-2,1174,2627
47367170550,47367170547,-3,787,1501
47367686106,47367686114,8,2190,969
47370616698,47370616694,-4,1066,1539
47372194759,47372194757,-2,1516,2812
47372255851,47372255857,6,1505,855
47375195607,47375195604,-3,1435,2576
47377217682,47377217676,-6,1696,8082
47379606671,47379606668,-3,1219,3588
47380291287,47380291286,-1,1426,2558
47383159983,47383159981,-2,947,2723
47383438212,47383438227,15,363,1338
47384795398,47384795395,-3,866,2014
47384931894,47384931894,0,535,1394
47386392403,47386392401,-2,910,1934
47389949097,47389949105,8,955,1890
47392518915,47392518913,-2,1118,2570
47392911014,47392911014,0,809,1469
47395135806,47395135801,-5,805,2654
47396630982,47396631000,18,348,883
47401129518,47401129514,-4,1243,2571
47401342871,47401342868,-3,1233,2387
47405694534,47405694533,-1,1567,2971
47408977384,47408977380,-4,1180,2121
47409062561,47409062559,-2,1283,2350
47411635090,47411635086,-4,1295,1705
47417630014,47417630011,-3,1012,2584
47418229537,47418229536,-1,1124,1858
47420716991,47420716988,-3,637,1303
47423525109,47423525106,-3,1381,1957
47426012546,47426012544,-2,1019,2802
47430601429,47430601422,-7,1369,4421
47432420150,47432420150,0,1232,1305
47436514766,47436514762,-4,1078,2572
47438961781,47438961778,-3,1214,2057
47444657650,47444657646,-4,954,1878
47446063739,47446063736,-3,1065,1849
47447305558,47447305554,-4,1115,2315
47450021251,47450021249,-2,703,1703
47450238326,47450238343,17,998,2304
47452252910,47452252916,6,3384,1355
47453094161,47453094159,-2,450,1507
47462162466,47462162462,-4,791,2141
47462991233,47462991239,6,3589,1570
47464654158,47464654157,-1,1147,1541
47465373254,47465373269,15,3091,1326
47468694281,47468694277,-4,1353,1663
47469555572,47469555566,-6,1007,2678
47475647727,47475647725,-2,1285,2683
47483664630,47483664630,0,1022,1387
47489932481,47489932478,-3,1484,2120
47491767166,47491767164,-2,904,1083
47495431503,47495431497,-6,931,4845
47496000261,47496000262,1,1260,1743
47498730845,47498730839,-6,1801,2784
47499422695,47499422690,-5,971,2477
47500457430,47500457434,4,1835,1216
47508161899,47508161898,-1,1405,2630
47508329275,47508329272,-3,916,3806
47508684599,47508684594,-5,1029,2602
47512043394,47512043393,-1,1384,1996
47515871398,47515871393,-5,1189,2449
47517169872,47517169869,-3,1243,2078
47517340163,47517340163,0,1143,1649
47518473206,47518473202,-4,1445,2806
47521811282,47521811278,-4,966,3237
47522432087,47522432082,-5,26989,55491
47525797829,47525797826,-3,1377,3607
47526284746,47526284745,-1,1158,1877
47532897810,47532897809,-1,1446,2158
47534985250,47534985249,-1,834,2279
47540236770,47540236765,-5,1086,3012
47543532490,47543532486,-4,1187,2448
47544146716,47544146702,-14,790,1978
47546758783,47546758779,-4,902,2999
47547263693,47547263690,-3,959,2033
47549501989,47549501985,-4,796,1345
47552222344,47552222338,-6,3303,13619
47555450650,47555450650,0,1562,2749
47556590667,47556590664,-3,1171,2399
47561565054,47561565063,9,7395,32753
47570276627,47570276626,-1,1187,2800
47576065249,47576065246,-3,1063,1860
47577507908,47577507908,0,31677,26245
47580432391,47580432390,-1,1377,2587
47588757308,47588757306,-2,1426,2809
47590747159,47590747157,-2,1239,1335
47591681462,47591681462,0,1207,1344
47592021641,47592021638,-3,1632,2475
47594305285,47594305282,-3,1037,2166
47596498344,47596498340,-4,1131,2719
47596560397,47596560404,7,11012,3676
47605696063,47605696060,-3,1382,1998
47605883566,47605883568,2,1025,1276
47608041530,47608041526,-4,1008,2378
47614533063,47614533058,-5,1371,2874
47617251314,47617251313,-1,1076,1811
47619504262,47619504259,-3,939,1343
47620973790,47620973787,-3,1116,2276
47625498482,47625498482,0,1878,3036
47626755100,47626755100,0,1585,2680
47628245565,47628245562,-3,997,2074
47629813942,47629813957,15,695,1871
47631930652,47631930649,-3,938,2139
47633892513,47633892510,-3,1537,3264
47634918449,47634918447,-2,1376,1887
47637596795,47637596791,-4,1184,2543
47640101903,47640101902,-1,1680,1908
47640185612,47640185611,-1,1062,2147
47640439030,47640439051,21,1054,1307
47640819137,47640819134,-3,1335,2351
47641973354,47641973359,5,2559,1690
47642732990,47642732988,-2,1390,2580
47642846054,47642846075,21,1004,1640
47644227841,47644227847,6,5638,1940
47644308652,47644308649,-3,1424,3754
47646483917,47646483915,-2,1903,2393
47648195994,47648195990,-4,1318,2913
47648696106,47648696103,-3,1016,1451
47650064582,47650064580,-2,870,1603
47652822082,47652822082,0,905,1603
47658842145,47658842141,-4,951,1925
47663035721,47663035720,-1,1513,2373
47665201202,47665201201,-1,1290,2694
47665614411,47665614410,-1,988,1940
47666791893,47666791891,-2,877,3847
47667465354,47667465355,1,850,2351
47669872862,47669872860,-2,1372,2626
47671200934,47671200934,0,1111,2150
47678456130,47678456128,-2,1201,1985
47679101038,47679101037,-1,1391,2839
47681116798,47681116798,0,1347,2450
47682794674,47682794672,-2,867,2732
47683891126,47683891142,16,2700,940
47685761874,47685761872,-2,1095,1908
47686052439,47686052455,16,825,1979
47686447833,47686447830,-3,876,2152
47686574574,47686574559,-15,1062,1539
47699034473,47699034470,-3,913,1513
47701533955,47701533956,1,1296,1913
47703254759,47703254756,-3,982,2662
47703558014,47703558010,-4,1232,2565
47704748461,47704748457,-4,1087,3107
47705439082,47705439081,-1,1120,2440
47709392570,47709392568,-2,1306,2405
47709982304,47709982302,-2,1375,2020
47711297312,47711297309,-3,1072,2261
47713284651,47713284649,-2,894,2039
47714489695,47714489693,-2,1404,2492
47717462935,47717462932,-3,1255,2379
47717777963,47717777960,-3,1194,2296
47718682582,47718682579,-3,1260,1997
47726371521,47726371517,-4,1348,2829
47729878496,47729878489,-7,1177,2487
47738538009,47738538008,-1,1468,3002
47744378261,47744378261,0,969,1884
47745706139,47745706138,-1,1408,2232
47746894577,47746894573,-4,1140,1998
47746966935,47746966922,-13,953,1775
47747461142,47747461129,-13,1220,2420
47749041834,47749041835,1,822,1353
47751969469,47751969468,-1,1489,2234
47752239496,47752239494,-2,1425,1752
47755456050,47755456049,-1,1282,2778
47756399425,47756399423,-2,1269,2126
47761352098,47761352094,-4,1023,2896
47762534333,47762534329,-4,764,1701
47763523803,47763523803,0,840,1387
47763761094,47763761088,-6,763,3182
47764042109,47764042107,-2,1271,2137
47770909205,47770909201,-4,1004,2634
47771188445,47771188467,22,1255,1745
47772832398,47772832395,-3,976,2421
47777082721,47777082717,-4,1432,2297
47777302610,47777302606,-4,1134,2549
47781380885,47781380884,-1,1101,2196
47781535861,47781535862,1,1192,1127
47788091264,47788091262,-2,999,2806
47788703071,47788703065,-6,1047,2740
47793717011,47793717008,-3,1440,3150
47793971613,47793971609,-4,890,2570
47795157863,47795157859,-4,1918,4205
47798214176,47798214172,-4,1031,3365
47803699566,47803699562,-4,804,1848
47804136861,47804136860,-1,974,1953
47808339058,47808339056,-2,1207,2200
47811149815,47811149814,-1,996,1934
47812798080,47812798099,19,972,1739
47816310830,47816310826,-4,1157,2780
47826185666,47826185663,-3,576,2016
47831187606,47831187605,-1,1672,2299
47833561769,47833561765,-4,1121,2511
47834486140,47834486139,-1,543,1240
47834555527,47834555522,-5,1989,4165
47836604754,47836604752,-2,1235,2313
47840692989,47840692990,1,1858,1744
47841219505,47841219503,-2,1248,1284
47842171559,47842171557,-2,1149,3302
47847373454,47847373453,-1,869,1352
47851844499,47851844496,-3,1239,2820
47856109971,47856109975,4,1018,17621
47857119234,47857119235,1,2330,2061
47858899770,47858899767,-3,696,1314
47860358935,47860358931,-4,1209,3093
47862208549,47862208546,-3,629,1321
47862971460,47862971443,-17,1174,2309
47863557568,47863557558,-10,277,1295
47868469464,47868469458,-6,1392,2204
47871640166,47871640159,-7,1445,4119
47873114601,47873114594,-7,1192,3474
47874671909,47874671906,-3,1308,2103
47878386984,47878387005,21,1135,1656
47879508856,47879508860,4,5027,2900
47879605192,47879605186,-6,912,2778
47883523619,47883523617,-2,1042,1850
47884702992,47884702995,3,1247,898
47886715503,47886715501,-2,823,2164
47889409698,47889409693,-5,1154,2619
47892751154,47892751150,-4,1285,2621
47892913367,47892913362,-5,220,1202
47893553595,47893553593,-2,1058,2515
47894146045,47894146042,-3,860,2411
47895498790,47895498787,-3,1262,1778
47897798487,47897798484,-3,939,1891
47899442772,47899442770,-2,942,2090
47902968307,47902968303,-4,1283,2208
47908274839,47908274845,6,13456,34299
47908454487,47908454484,-3,1205,1990
47911131796,47911131793,-3,982,2254
47912305367,47912305363,-4,1092,2191
47912655266,47912655265,-1,1046,2674
47913190929,47913190934,5,3109,1415
47913906421,47913906418,-3,740,1567
47915098461,47915098459,-2,638,1175
47921907001,47921907022,21,1097,1503
47923278550,47923278547,-3,1655,2760
47924426362,47924426354,-8,1061,5773
47928883094,47928883092,-2,1350,2584
47929121726,47929121714,-12,1022,2685
47929262975,47929262975,0,1027,1580
47929344062,47929344060,-2,1076,2835
47929416341,47929416337,-4,1059,1938
47930414749,47930414746,-3,1140,2181
47933417769,47933417764,-5,872,2257
47933627982,47933627973,-9,829,2151
47933774070,47933774068,-2,458,1312
47936367669,47936367666,-3,1089,2240
47939188310,47939188308,-2,1202,2429
47943090061,47943090059,-2,656,1756
47943956656,47943956653,-3,1367,2850
47947087884,47947087901,17,190,1332
47947907191,47947907187,-4,1339,3075
47948860795,47948860793,-2,1174,2092
47949402632,47949402629,-3,1265,2214
47950262810,47950262807,-3,1392,2152
47951344071,47951344071,0,1427,1725
47951664909,47951664910,1,1332,1835
47954811940,47954811938,-2,843,946
47962993830,47962993830,0,1741,2372
47977523018,47977523018,0,1000,1776
47977798615,47977798615,0,920,1687
47977828842,47977828841,-1,1102,2403
47979995035,47979995016,-19,1232,2158
47984029617,47984029597,-20,574,1655
47987241086,47987241083,-3,1283,2082
47987379878,47987379890,12,100,617
47987790716,47987790738,22,1121,2293
47992308702,47992308697,-5,1245,1656
47996292158,47996292155,-3,1451,2588
48004300053,48004300051,-2,1169,1873
48005453042,48005453041,-1,1537,3096
48007135076,48007135075,-1,890,1286
48010114064,48010114060,-4,1369,2441
48011514185,48011514187,2,2478,1832
48012131770,48012131767,-3,987,2739
48012507645,48012507645,0,1056,1439
48012598362,48012598342,-20,5499,1700
48013738579,48013738573,-6,1133,2177
48019506043,48019506041,-2,1093,1950
48022386370,48022386367,-3,838,2061
48023353034,48023353032,-2,1042,2506
48026265766,48026265764,-2,1119,2339
48030259062,48030259058,-4,1549,4201
48031310794,48031310794,0,1091,1523
48040870546,48040870543,-3,989,1665
48042438228,48042438226,-2,1450,2585
48046290839,48046290838,-1,1124,1453
48048229803,48048229799,-4,1298,2209
48048386035,48048386032,-3,1328,2514
48050564569,48050564566,-3,1190,2298
48050618108,48050618125,17,579,2105
48051101269,48051101266,-3,839,1658
48056085641,48056085641,0,1388,2092
48058744179,48058744178,-1,1145,2391
48058977343,48058977343,0,767,998
48073564774,48073564774,0,1071,2194
48075021169,48075021166,-3,1027,2270
48079292358,48079292358,0,1028,2319
48081011451,48081011450,-1,907,1865
48084188150,48084188145,-5,867,2229
48087224171,48087224165,-6,1203,5003
48089722006,48089722004,-2,1634,2699
48102229198,48102229198,0,1208,1961
48105646185,48105646178,-7,849,2178
48105817468,48105817459,-9,1354,3053
48110168525,48110168522,-3,1175,2147
48114475541,48114475537,-4,759,2697
48115305878,48115305878,0,746,1187
48116249825,48116249822,-3,1082,1810
48116749394,48116749390,-4,1284,1747
48117025029,48117025010,-19,1212,2045
48121562611,48121562610,-1,898,2552
48121999750,48121999747,-3,1137,2711
48123554286,48123554285,-1,1908,2147
48125831490,48125831487,-3,833,1623
48131160597,48131160595,-2,1262,2134
48132908710,48132908710,0,1329,2637
48136015499,48136015497,-2,744,1970
48136389835,48136389834,-1,1314,2133
48138597135,48138597131,-4,1275,5304
48143044058,48143044054,-4,1553,2916
48144730630,48144730625,-5,1499,3822
48145040257,48145040255,-2,1487,2384
48146484475,48146484469,-6,988,1788
48150605336,48150605334,-2,964,1671
48160069051,48160069047,-4,557,1580
48161508419,48161508418,-1,1042,1850
48163234219,48163234227,8,2360,1481
48166201802,48166201798,-4,1075,1657
48166793650,48166793652,2,12708,13739
48168191067,48168191062,-5,1093,2705
48168708925,48168708922,-3,903,2261
48168925957,48168925943,-14,199,1095
48169573298,48169573296,-2,868,2115
48170695331,48170695329,-2,1238,2464
48176197594,48176197594,0,906,1708
48176434061,48176434078,17,740,1931
48176841963,48176841962,-1,747,1244
48177765859,48177765856,-3,1361,2149
48177977508,48177977501,-7,1272,1908
48178958606,48178958627,21,1442,2031
48179188328,48179188326,-2,1429,3028
48179615497,48179615494,-3,968,2621
48186938281,48186938281,0,1313,2012
48191071143,48191071144,1,1317,1704
48192735063,48192735059,-4,1211,1693
48193986265,48193986262,-3,1073,1601
48199148390,48199148388,-2,981,2240
48201257709,48201257706,-3,807,1188
48202567840,48202567833,-7,838,2626
48203036546,48203036545,-1,1344,2458
48203135218,48203135216,-2,1327,3153
48216778724,48216778722,-2,1493,2159
48216920641,48216920638,-3,1439,3384
48230136786,48230136783,-3,954,2723
48233530671,48233530670,-1,1398,2908
48234016988,48234016986,-2,972,2196
48236544441,48236544438,-3,1416,3172
48237039351,48237039347,-4,860,2216
48241301114,48241301110,-4,894,1604
48243547137,48243547135,-2,1006,2147
48244366506,48244366502,-4,963,2085
48249148898,48249148895,-3,780,2671
48252401894,48252401894,0,997,2342
48253048711,48253048709,-2,931,1560
48255393538,48255393537,-1,796,2200
48257353019,48257353018,-1,1956,1432
48261594573,48261594570,-3,1429,2452
48263457603,48263457600,-3,1375,3021
48274718726,48274718723,-3,1075,2767
48277407183,48277407182,-1,1094,2079
48279738314,48279738309,-5,1956,6294
48284693724,48284693730,6,4167,1383
48285714972,48285714970,-2,1225,2384
48286224895,48286224890,-5,1364,3266
48289698865,48289698862,-3,1180,2229
48291222446,48291222444,-2,935,1826
48292926737,48292926733,-4,1726,2697
48293554406,48293554389,-17,1188,2115
48294027959,48294027955,-4,944,2121
48300428707,48300428705,-2,1317,2160
48301245978,48301245976,-2,1085,2252
48307607930,48307607936,6,1906,1766
48308111138,48308111135,-3,967,1459
48308740062,48308740058,-4,1104,2271
48309134534,48309134530,-4,884,3354
48311843641,48311843646,5,1810,1449
48315259943,48315259942,-1,1737,1575
48316703184,48316703193,9,8237,37148
48317888702,48317888701,-1,1193,2240
48324533082,48324533086,4,4392,2190
48328208487,48328208486,-1,822,1078
48337506862,48337506861,-1,660,1565
48339147777,48339147785,8,3265,1696
48339516444,48339516438,-6,1038,2081
48343542997,48343542993,-4,1560,3053
48345162139,48345162138,-1,1777,3209
48347304770,48347304767,-3,798,2093
48351552934,48351552934,0,1573,2299
48360148986,48360148978,-8,1745,9214
48367877295,48367877290,-5,1226,2773
48369407598,48369407598,0,1271,1971
48370966399,48370966390,-9,2152,2544
48374713164,48374713154,-10,933,2309
48376313642,48376313639,-3,755,1654
48376653319,48376653321,2,1143,1383
48378116319,48378116317,-2,776,1793
48378876661,48378876659,-2,1140,2264
48381346470,48381346467,-3,1305,2748
48383516107,48383516104,-3,857,1558
48388289374,48388289374,0,890,2117
48391364737,48391364733,-4,911,2369
48393721473,48393721470,-3,985,1782
48394544243,48394544240,-3,1302,2382
48398306745,48398306743,-2,983,1878
48400303900,48400303893,-7,3425,9242
48400377936,48400377932,-4,1220,2025
48405053930,48405053931,1,4,1341
48405488541,48405488562,21,796,1819
48406334930,48406334928,-2,1125,2132
48407188167,48407188164,-3,826,1382
48416806709,48416806706,-3,995,1773
48419798107,48419798115,8,7006,35230
48425728864,48425728864,0,1137,1968
48425820996,48425820989,-7,1167,2293
48429170542,48429170541,-1,1160,3009
48429747703,48429747680,-23,939,2590
48433249815,48433249813,-2,1043,3224
48436582847,48436582843,-4,1270,2354
48436792152,48436792171,19,542,745
48437795346,48437795345,-1,29022,19429
48442169533,48442169529,-4,1099,2069
48443875241,48443875237,-4,1151,3047
48447442170,48447442167,-3,1437,3033
48455671521,48455671504,-17,5960,2891
48457893761,48457893757,-4,1281,2506
48465347514,48465347512,-2,999,2159
48467030032,48467030046,14,939,2581
48468640238,48468640234,-4,1046,2099
48469659466,48469659460,-6,861,2523
48473471717,48473471714,-3,848,1456
48475277327,48475277325,-2,917,1857
48477123758,48477123753,-5,1050,2100
48481625206,48481625201,-5,645,1303
48483521867,48483521866,-1,1422,1578
48485208756,48485208752,-4,1030,2636
48485864857,48485864856,-1,1078,1950
48489600887,48489600884,-3,880,2010
48490643412,48490643429,17,1033,1731
48492112638,48492112635,-3,1208,1930
48494290343,48494290341,-2,1176,2030
48498931095,48498931102,7,1700,1093
48504358612,48504358609,-3,964,1874
48506671625,48506671623,-2,1495,2244
48509631056,48509631052,-4,901,2577
48509944414,48509944394,-20,877,2294
48513053743,48513053741,-2,1477,2268
48513196462,48513196462,0,808,1514
48513931080,48513931097,17,1453,2805
48515432230,48515432228,-2,1189,1845
48519664281,48519664277,-4,1064,1431
48522050222,48522050218,-4,978,2470
48524987971,48524987966,-5,847,2661
48527144657,48527144654,-3,874,2352
48529726261,48529726282,21,575,2984
48534283934,48534283935,1,698,1413
48535705839,48535705835,-4,831,1531
48540407190,48540407186,-4,1159,1929
48546826343,48546826338,-5,1052,2030
48546910102,48546910099,-3,1338,1951
48547612662,48547612660,-2,1173,2521
48548113366,48548113361,-5,961,1888
48551075027,48551075026,-1,1356,2137
48553034906,48553034903,-3,1274,1827
48559612254,48559612250,-4,1212,2353
48560046297,48560046301,4,3102,1783
48562889895,48562889891,-4,1190,2444
48569789448,48569789446,-2,1178,2427
48573338994,48573338990,-4,1384,2444
48573666554,48573666551,-3,501,2084
48575261702,48575261700,-2,1068,1493
48582419800,48582419802,2,6902,420
48584242539,48584242540,1,1326,1486
48585800306,48585800302,-4,932,1685
48586191398,48586191395,-3,1460,2486
48595916601,48595916598,-3,1200,1813
48599228731,48599228730,-1,1368,1861
48602447083,48602447081,-2,1120,1874
48603347248,48603347247,-1,1104,2351
48608438117,48608438110,-7,1914,6815
48613295400,48613295398,-2,914,1880
48616263490,48616263489,-1,1668,2769
48617929560,48617929557,-3,1387,2131
48623118311,48623118309,-2,1458,2618
48624263322,48624263318,-4,1348,2520
48624703310,48624703307,-3,1200,2222
48626288994,48626288991,-3,1320,2963
48627284230,48627284226,-4,1070,1938
48627311278,48627311289,11,262,837
48632368375,48632368374,-1,933,2394
48634209246,48634209244,-2,1115,2260
48644039804,48644039798,-6,1369,4966
48648389160,48648389153,-7,1249,6559
48660860959,48660860957,-2,680,1362
48662477826,48662477825,-1,1092,2073
48663122366,48663122363,-3,973,1382
48667787518,48667787514,-4,853,2177
48675090788,48675090785,-3,1190,2417
48676536116,48676536112,-4,1167,3780
48676799323,48676799324,1,1222,2344
48680422978,48680422979,1,3530,3633
48682496831,48682496828,-3,1120,2407
48684983070,48684983069,-1,856,2201
48686194302,48686194299,-3,931,2447
48686730834,48686730829,-5,1209,2806
48687696558,48687696556,-2,1043,2222
48690357818,48690357814,-4,1145,2160
48691260925,48691260923,-2,1114,2020
48693470990,48693470986,-4,913,1372
48693621230,48693621250,20,1234,2015
48694785879,48694785877,-2,1103,1961
48697229981,48697229978,-3,1234,1795
48697451909,48697451904,-5,775,2806
48698213703,48698213699,-4,839,1281
48699117620,48699117618,-2,1652,2284
48699339894,48699339887,-7,1865,7955
48701492233,48701492255,22,219,732
48707330837,48707330838,1,863,1256
48707856125,48707856105,-20,948,2772
48709028370,48709028367,-3,1821,2599
48712697747,48712697745,-2,1535,2329
48715406211,48715406209,-2,1036,1405
48717443723,48717443718,-5,1457,2730
48718767142,48718767142,0,1384,2521
48722967955,48722967953,-2,1099,2165
48727334247,48727334245,-2,1290,2957
48728984415,48728984412,-3,1600,2533
48734485018,48734485014,-4,1043,2052
48738021230,48738021228,-2,973,2300
48745276165,48745276162,-3,1290,2540
48746051445,48746051445,0,1244,1589
48746915129,48746915125,-4,1227,2828
48751164629,48751164626,-3,1174,1793
48752513490,48752513486,-4,1282,2946
48754733355,48754733352,-3,1063,2129
48759597706,48759597712,6,2600,1402
48769369772,48769369766,-6,1049,1962
48772965340,48772965338,-2,1399,2238
48777727399,48777727398,-1,1081,2211
48779629023,48779629023,0,1086,1953
48780834170,48780834166,-4,1355,2025
48781325883,48781325879,-4,1128,2271
48790373013,48790373021,8,12708,1365
48790526988,48790526987,-1,973,2111
48791984263,48791984262,-1,831,1470
48794744314,48794744318,4,904,990
48796885309,48796885307,-2,902,2009
48799361102,48799361101,-1,1122,2603
48799700458,48799700456,-2,1497,2743
48800394175,48800394174,-1,1041,1493
48803403494,48803403490,-4,1050,1992
48803546366,48803546365,-1,1402,2925
48804266436,48804266417,-19,1020,1828
48807846344,48807846341,-3,1035,2588
48808619046,48808619046,0,963,1514
48811092003,48811091999,-4,952,1922
48814167253,48814167250,-3,1259,1614
48818838232,48818838233,1,1518,1279
48820988005,48820988001,-4,1018,3465
48822522835,48822522837,2,1344,1267
48823531194,48823531189,-5,1061,1700
48826736402,48826736401,-1,955,2269
48830688894,48830688891,-3,21811,10126
48833043550,48833043554,4,3806,2277
48836248258,48836248256,-2,1341,2038
48838084797,48838084792,-5,790,1927
48838703877,48838703891,14,220,1245
48839647907,48839647903,-4,1055,1819
48841759106,48841759102,-4,1506,2718
48844148914,48844148911,-3,1323,2334
48845105412,48845105406,-6,1230,4722
48845429445,48845429445,0,1108,1451
48851514034,48851514032,-2,1249,1957
48859784130,48859784125,-5,1332,2717
48860720687,48860720686,-1,929,2100
48860764911,48860764918,7,45113,14655
48864643206,48864643211,5,3124,1624
48866880795,48866880789,-6,1062,3236
48867480691,48867480690,-1,1316,2430
48867745190,48867745189,-1,2443,4259
48873480044,48873480044,0,2964,4288
48874427542,48874427540,-2,931,2083
48878970265,48878970271,6,2340,1702
48881610572,48881610564,-8,57432,25148
48887778309,48887778305,-4,1092,2559
48892177647,48892177642,-5,1173,2341
48893279274,48893279274,0,1468,2346
48894144319,48894144325,6,2070,1795
48899510938,48899510933,-5,1025,2366
48902502986,48902502983,-3,1844,1798
48903631748,48903631752,4,25012,38356
48908701818,48908701814,-4,1354,2407
48911114625,48911114623,-2,1098,2740
48912178176,48912178173,-3,1136,2195
48919802155,48919802150,-5,879,2254
48920476363,48920476361,-2,1208,3138
48921565223,48921565220,-3,1193,1986
48925918334,48925918328,-6,1408,3443
48928260471,48928260483,12,13240,39719
48928475346,48928475342,-4,2475,5186
48929284588,48929284581,-7,44729,16468
48929510790,48929510790,0,806,1668
48929804740,48929804759,19,188,1226
48933530006,48933530005,-1,1550,2759
48933764237,48933764234,-3,1415,2012
48934760775,48934760774,-1,1164,2487
48938706689,48938706686,-3,983,1761
48940083035,48940083033,-2,1036,2676
48941453842,48941453840,-2,1107,1818
48945525474,48945525474,0,1046,1816
48947531662,48947531661,-1,1303,1942
48947897398,48947897398,0,774,1250
48950043094,48950043090,-4,1069,1792
48950172381,48950172368,-13,1007,1778
48958530876,48958530874,-2,1705,2765
48958590678,48958590677,-1,1115,1786
48960224490,48960224486,-4,1363,2093
48968090331,48968090344,13,1216,1378
48969126345,48969126342,-3,1131,2475
48969332812,48969332794,-18,1643,1627
48975484587,48975484586,-1,1040,2028
48976895001,48976894999,-2,1306,2296
48977440771,48977440769,-2,1050,2521
48982699654,48982699654,0,1182,1374
48983041261,48983041259,-2,994,2161
48985104941,48985104940,-1,997,2257
48986270325,48986270323,-2,1804,2594
48986394153,48986394152,-1,1501,2478
48987026494,48987026491,-3,807,2041
48991163098,48991163097,-1,31565,17532
48993707430,48993707429,-1,1155,2284
49000279258,49000279257,-1,1114,1795
49003613458,49003613458,0,881,1582
49004536547,49004536545,-2,1224,2498
49008404299,49008404299,0,1005,1807
49012625639,49012625635,-4,1479,2162
49015103237,49015103235,-2,856,1463
49020271698,49020271699,1,1213,2054
49021174598,49021174597,-1,1087,2596
49025192954,49025192950,-4,1311,3278
49029999156,49029999151,-5,952,2677
49031353097,49031353094,-3,1640,3213
49034466652,49034466651,-1,1463,1559
49039900330,49039900327,-3,1154,2668
49040226858,49040226858,0,1330,2354
49043227834,49043227831,-3,623,1180
49043670894,49043670900,6,4157,1694
49044084514,49044084511,-3,1134,2677
49046475139,49046475138,-1,1143,2351
49054629975,49054629973,-2,1012,2523
49056724931,49056724930,-1,982,2143
49059512777,49059512775,-2,1113,1919
49061528398,49061528395,-3,1037,1782
49065141035,49065141032,-3,896,1207
49067442211,49067442209,-2,573,1621
49070195343,49070195339,-4,888,2791
49073041953,49073041953,0,1027,1820
49075845631,49075845627,-4,1042,3483
49076136638,49076136637,-1,715,2017
49079858206,49079858201,-5,1068,2728
49080058773,49080058789,16,727,2171
49080417587,49080417586,-1,916,1482
49087648189,49087648188,-1,1108,1121
49088147659,49088147656,-3,1008,1962
49090151791,49090151789,-2,742,1773
49092690625,49092690622,-3,1022,2003
49096063602,49096063600,-2,1450,2476
49099485236,49099485237,1,4125,16414
49102909366,49102909366,0,1060,1923
49109868654,49109868653,-1,785,1618
49110281309,49110281307,-2,883,1929
49112424946,49112424952,6,1723,1977
49112774207,49112774205,-2,1009,1885
49118573229,49118573229,0,1194,1580
49123780251,49123780249,-2,1064,1754
49126875558,49126875554,-4,1381,2401
49127241299,49127241296,-3,1279,2637
49130434669,49130434666,-3,1028,2009
49130581758,49130581754,-4,1181,2580
49137638977,49137638982,5,1064,463
49138255847,49138255843,-4,1018,2079
49140561781,49140561778,-3,1472,3029
49150849178,49150849177,-1,1060,1978
49151129325,49151129347,22,776,2674
49152517951,49152517953,2,2349,2169
49153085269,49153085266,-3,1115,2557
49156491750,49156491747,-3,1185,1864
49163074527,49163074525,-2,1080,2533
49164313106,49164313103,-3,1174,2709
49167781887,49167781894,7,4304,1699
49167952219,49167952215,-4,992,2071
49169285129,49169285126,-3,1416,2065
49170703214,49170703214,0,2030,1685
49177793582,49177793577,-5,1136,4486
49178283171,49178283166,-5,884,3353
49180142606,49180142605,-1,1235,2224
49184909702,49184909702,0,1228,1728
49185097715,49185097714,-1,854,2353
49185443695,49185443691,-4,780,2091
49186255426,49186255425,-1,1384,2380
49187026409,49187026409,0,1545,2252
49188273694,49188273689,-5,1318,2337
49189555834,49189555832,-2,1215,1894
49190278510,49190278509,-1,1483,2282
49192158049,49192158044,-5,1196,2857
49198114550,49198114547,-3,1282,3195
49200173356,49200173352,-4,1040,1868
49201526955,49201526956,1,850,1288
49207438651,49207438647,-4,1461,2688
49208202782,49208202780,-2,1327,3348
49209466458,49209466457,-1,1365,2011
49210285302,49210285299,-3,1114,2220
49214412169,49214412166,-3,1055,2395
49218696651,49218696650,-1,915,2601
49221438770,49221438767,-3,1017,1978
49221820632,49221820651,19,1182,2274
49223250390,49223250387,-3,970,1631
49226256990,49226256986,-4,1447,3050
49230233154,49230233152,-2,1167,1936
49230543072,49230543095,23,268,824
49232990267,49232990268,1,946,1424
49233579521,49233579518,-3,703,2163
49237182122,49237182129,7,2977,1202
49237235602,49237235598,-4,1199,2271
49238669633,49238669630,-3,1394,2391
49238810542,49238810538,-4,1170,2870
49239182006,49239182004,-2,1742,2566
49239398446,49239398443,-3,1358,2355
49239581736,49239581755,19,768,1492
49239824866,49239824860,-6,2320,7193
49241716195,49241716195,0,643,852
49242797766,49242797765,-1,1015,1621
49245980388,49245980390,2,3517,2891
49255445198,49255445196,-2,1684,3184
49259859427,49259859423,-4,938,1923
49261339418,49261339416,-2,1041,1444
49264800014,49264800008,-6,1484,6084
49264926072,49264926069,-3,1527,2797
49266642547,49266642542,-5,877,2440
49266903841,49266903842,1,1525,1325
49269719717,49269719714,-3,1085,2483
49272351387,49272351386,-1,819,2594
49273246309,49273246309,0,1780,1750
49273324863,49273324878,15,363,888
49274043310,49274043308,-2,1236,2150
49280839419,49280839417,-2,878,2358
49284511239,49284511232,-7,1124,2545
49289938226,49289938225,-1,1440,1962
49291168102,49291168101,-1,1120,2590
49293230698,49293230697,-1,785,1136
49300063010,49300063006,-4,1167,2607
49305795003,49305795001,-2,1117,2238
49306664667,49306664666,-1,1176,1561
49307247070,49307247068,-2,1162,2381
49312647702,49312647700,-2,974,2104
49317110230,49317110229,-1,993,1966
49317239575,49317239572,-3,1331,2539
49317860244,49317860241,-3,1430,2301
49318490099,49318490098,-1,746,1937
49320978377,49320978375,-2,897,2065
49329760287,49329760283,-4,1054,1709
49331036586,49331036584,-2,1086,2132
49332678715,49332678712,-3,1051,2660
49332837459,49332837457,-2,764,1826
49332889510,49332889527,17,40,766
49337636042,49337636040,-2,1116,1529
49340824239,49340824234,-5,659,1191
49346144870,49346144867,-3,1062,2245
49351358333,49351358330,-3,1302,2238
49354279899,49354279896,-3,1304,2526
49356061525,49356061523,-2,793,1906
49356153904,49356153919,15,521,848
49358585069,49358585068,-1,750,1732
49358914327,49358914317,-10,1203,2305
49363986802,49363986800,-2,849,2484
49365170509,49365170506,-3,1399,2154
49366186181,49366186175,-6,1504,6234
49373337439,49373337437,-2,1275,2290
49375609082,49375609079,-3,959,2269
49380629663,49380629664,1,1542,1344
49382014658,49382014657,-1,812,2039
49382302459,49382302458,-1,978,2578
49384296782,49384296781,-1,1283,1678
49386213650,49386213649,-1,1040,2052
49388246637,49388246638,1,1129,1512
49389459931,49389459929,-2,1368,2147
49391251549,49391251546,-3,1490,2603
49392695338,49392695334,-4,1616,2585
49399757214,49399757216,2,2581,1914
49399964227,49399964223,-4,1699,3279
49400304288,49400304286,-2,1166,2450
49402462506,49402462500,-6,656,1885
49403103661,49403103682,21,778,1187
49405326530,49405326527,-3,851,1325
49408428760,49408428758,-2,901,2051
49412360315,49412360313,-2,1024,2459
49415222062,49415222066,4,1867,968
49417117959,49417117961,2,1129,1059
49420505378,49420505372,-6,1305,2136
49424383139,49424383136,-3,1107,2047
49425527050,49425527047,-3,1021,2313
49434730751,49434730749,-2,785,1993
49438084626,49438084625,-1,745,1479
49438273423,49438273418,-5,953,2562
49441725086,49441725082,-4,809,2092
49441769947,49441769946,-1,1142,1864
49447252289,49447252286,-3,837,2206
49447814333,49447814330,-3,1275,2337
49454085934,49454085934,0,1021,1787
49454284399,49454284393,-6,915,3330
49455476227,49455476225,-2,1009,1161
49456967061,49456967056,-5,1434,3262
49457231186,49457231186,0,4095,4884
49458187995,49458187994,-1,1432,1411
49458663629,49458663628,-1,888,1885
49459725931,49459725927,-4,1356,2487
49464153960,49464153958,-2,1241,1912
49468211602,49468211599,-3,1079,2100
49469244247,49469244242,-5,1028,2601
49470439179,49470439182,3,1329,1745
49471999819,49471999832,13,11080,52237
49472488839,49472488837,-2,1177,1595
49481070070,49481070069,-1,663,1417
49484811700,49484811697,-3,981,2208
49485570973,49485570969,-4,873,1895
49487076189,49487076183,-6,875,2752
49488157661,49488157658,-3,747,1436
49489382506,49489382506,0,1811,2966
49496770949,49496770947,-2,1474,2012
49498251746,49498251743,-3,1155,1851
49507991566,49507991569,3,13431,11387
49509121276,49509121272,-4,746,1573
49509800708,49509800703,-5,1021,2215
49510408655,49510408661,6,331,904
49511125057,49511125050,-7,1211,4731
49514602075,49514602073,-2,1344,2351
49515886434,49515886432,-2,1234,3516
49518128975,49518128970,-5,1113,2224
49519570564,49519570561,-3,924,2300
49520673546,49520673543,-3,1625,3000
49533481671,49533481669,-2,1046,2447
49535990375,49535990373,-2,1146,2009
49540369762,49540369758,-4,914,2220
49541542331,49541542340,9,583,1362
49547393386,49547393382,-4,1243,2748
49548129274,49548129272,-2,1047,2788
49551918374,49551918370,-4,1107,2245
49556814278,49556814274,-4,850,2197
49557348599,49557348588,-11,43421,8642
49558988336,49558988334,-2,1132,2069
49559609792,49559609786,-6,1462,8917
49567652669,49567652665,-4,991,1749
49568230661,49568230652,-9,938,2016
49570070294,49570070290,-4,1255,2310
49574473045,49574473041,-4,701,1790
49575050857,49575050857,0,995,1613
49576592866,49576592862,-4,825,1864
49579951831,49579951830,-1,2430,2478
49583287111,49583287109,-2,616,2012
49583560135,49583560131,-4,858,2457
49584709670,49584709667,-3,951,2329
49585870422,49585870417,-5,1370,3162
49586613582,49586613577,-5,878,2444
49587562221,49587562219,-2,1133,1749
49589856061,49589856061,0,716,1770
49590517422,49590517418,-4,1373,2365
49593957416,49593957417,1,1261,1589
49595964701,49595964698,-3,1213,1450
49597535367,49597535365,-2,1505,2468
49602840950,49602840948,-2,1727,1893
49603601019,49603601027,8,2843,988
49606844790,49606844786,-4,1150,1831
49607342646,49607342642,-4,956,2737
49607514364,49607514351,-13,174,1151
49608089702,49608089700,-2,1316,2848
49608427408,49608427403,-5,388,1189
49609669698,49609669697,-1,1190,2827
49625092340,49625092337,-3,1129,2343
49625865927,49625865926,-1,790,2247
49625942844,49625942834,-10,875,1733
49630406695,49630406692,-3,1064,1829
49632686830,49632686827,-3,1591,2396
49633296486,49633296483,-3,1301,2444
49635123411,49635123408,-3,832,2441
49639654650,49639654648,-2,1165,2524
49641077786,49641077792,6,2920,1485
49645392755,49645392752,-3,1221,2522
49649939611,49649939608,-3,1134,2162
49650454204,49650454201,-3,1067,3446
49654878953,49654878949,-4,1642,2588
49655292402,49655292401,-1,1188,2443
49655823684,49655823681,-3,1001,1662
49657907235,49657907232,-3,991,1960
49663871978,49663871976,-2,1295,2127
49667215300,49667215298,-2,1049,2758
49668390413,49668390393,-20,1125,1524
49672834790,49672834787,-3,1903,2183
49680658376,49680658374,-2,1095,1473
49683614921,49683614918,-3,1766,2481
49692837749,49692837730,-19,183,897
49693487647,49693487646,-1,352,833
49694585501,49694585502,1,4060,17806
49694887884,49694887881,-3,1362,4353
49698904554,49698904554,0,991,1391
49699365397,49699365394,-3,1334,2117
49710226642,49710226639,-3,1555,2947
49712345726,49712345724,-2,1192,2157
49713654599,49713654599,0,514,1492
49713792419,49713792414,-5,1010,2680
49717230753,49717230752,-1,995,2821
49719281779,49719281774,-5,852,2194
49719719129,49719719126,-3,372,1773
49719918109,49719918130,21,875,1996
49724541514,49724541513,-1,882,2175
49724655079,49724655076,-3,835,2429
49732943661,49732943659,-2,1377,2161
49733044197,49733044209,12,140,1065
49735153934,49735153933,-1,1202,1746
49735860289,49735860285,-4,1285,2264
49738801547,49738801545,-2,1334,3013
49739909033,49739909034,1,1095,1324
49743217215,49743217209,-6,1015,2772
49743347558,49743347546,-12,1120,2225
49744708682,49744708678,-4,767,1866
49745326347,49745326346,-1,1876,2253
49745393843,49745393837,-6,1003,2487
49747645462,49747645460,-2,971,2730
49749336082,49749336079,-3,1062,1523
49749650747,49749650746,-1,1292,1695
49750664754,49750664753,-1,1099,2074
49752025333,49752025354,21,537,1293
49755667506,49755667517,11,2906,45972
49758430430,49758430430,0,938,921
49760767899,49760767897,-2,1381,3136
49764346869,49764346866,-3,1276,2397
49767143180,49767143178,-2,1171,1444
49775510401,49775510398,-3,1098,2569
49779032958,49779032955,-3,1271,2284
49779714901,49779714907,6,2924,1905
49780970758,49780970757,-1,1094,1589
49784120042,49784120038,-4,722,1732
49784859887,49784859886,-1,849,1464
49785073610,49785073607,-3,814,2887
49790809601,49790809598,-3,1184,2057
49793436909,49793436906,-3,1673,2796
49801664443,49801664447,4,2945,2187
49803768860,49803768857,-3,1342,3256
49804297177,49804297174,-3,1397,1609
49807128586,49807128582,-4,947,3243
49807545130,49807545129,-1,1097,2591
49807925373,49807925373,0,530,1259
49809740774,49809740772,-2,1043,2091
49812488398,49812488394,-4,932,3109
49817965323,49817965321,-2,1212,3080
49821927999,49821927995,-4,794,1502
49825157539,49825157536,-3,1292,2418
49831126262,49831126262,0,1136,1611
49833249566,49833249558,-8,1289,5103
49833335694,49833335691,-3,771,1161
49837290950,49837290945,-5,1156,2073
49839688771,49839688770,-1,1264,2316
49840899524,49840899523,-1,931,2034
49843367575,49843367574,-1,838,2175
49844176666,49844176666,0,956,1519
49845528259,49845528255,-4,1102,3016
49845968248,49845968262,14,659,1195
49853054033,49853054037,4,1469,1768
49858267966,49858267960,-6,1138,3377
49864313715,49864313714,-1,1807,2781
49868594346,49868594343,-3,1066,1619
49872070558,49872070556,-2,557,873
49874468390,49874468386,-4,1183,2315
49875274869,49875274868,-1,2047,3158
49876965201,49876965200,-1,1215,1811
49879306637,49879306634,-3,1756,2908
49885123058,49885123055,-3,1087,2215
49893540061,49893540058,-3,794,2309
49896999519,49896999516,-3,1361,2985
49902157206,49902157202,-4,680,1854
49907298382,49907298384,2,11139,17963
49907381986,49907381983,-3,986,2721
49912055922,49912055918,-4,1408,2656
49919590426,49919590425,-1,2169,3692
49922482615,49922482611,-4,969,2172
49927386149,49927386146,-3,1206,2277
49928161823,49928161821,-2,1456,2795
49929225615,49929225612,-3,885,1783
49942232742,49942232738,-4,1089,1772
49947454117,49947454116,-1,788,1861
49947898926,49947898921,-5,1702,3583
49948208623,49948208620,-3,937,2254
49952442966,49952442962,-4,1061,3017
49952531407,49952531386,-21,1351,3183
49953454446,49953454445,-1,1290,2022
49955947207,49955947203,-4,1214,3037
49958474271,49958474268,-3,930,1971
49958685828,49958685846,18,1005,2041
49958829247,49958829266,19,2695,5491
49962967022,49962967018,-4,937,1960
49970382626,49970382622,-4,871,1510
49971359359,49971359355,-4,835,1817
49981130413,49981130412,-1,1340,2158
49982850118,49982850114,-4,859,1172
49983255562,49983255559,-3,1395,2333
49994502387,49994502385,-2,1113,2054
49996384726,49996384725,-1,1071,2495
50002135933,50002135931,-2,834,2164
50003222522,50003222528,6,3654,2220
50004070386,50004070383,-3,1469,3011
50006845801,50006845798,-3,685,1564
50009560665,50009560661,-4,685,1258
50010304734,50010304735,1,1985,2422
50012689627,50012689630,3,1339,2109
50020363198,50020363193,-5,1082,1400
50022939723,50022939721,-2,1076,1677
50025779306,50025779303,-3,1179,2241
50028335958,50028335951,-7,1326,3171
50028742707,50028742705,-2,902,2000
50033327095,50033327090,-5,1322,2357
50034453861,50034453860,-1,1243,1805
50047889801,50047889798,-3,1137,2823
50053483836,50053483834,-2,1049,2575
50053777533,50053777530,-3,1235,2077
50056859697,50056859695,-2,1302,2106
50058183786,50058183786,0,773,1672
50059182403,50059182401,-2,861,1973
50060034858,50060034858,0,896,1808
50064013862,50064013858,-4,1048,2132
50066174666,50066174666,0,959,2158
50070860411,50070860408,-3,1073,2079
50072212702,50072212700,-2,925,2525
50072855941,50072855940,-1,1196,1814
50076343853,50076343850,-3,990,2114
50077229282,50077229278,-4,955,2146
50078372752,50078372750,-2,1143,1930
50078654558,50078654557,-1,1116,2236
50081576368,50081576365,-3,1301,2188
50082075532,50082075530,-2,1229,1793
50082289488,50082289494,6,2569,1768
50086641440,50086641437,-3,971,1748
50088047946,50088047940,-6,2583,6906
50089873919,50089873917,-2,1366,2176
50093044522,50093044521,-1,985,1877
50100386134,50100386130,-4,1250,2806
50103138510,50103138506,-4,924,3391
50104219471,50104219469,-2,735,2465
50106129751,50106129750,-1,1330,2637
50108707771,50108707768,-3,999,1906
50110995262,50110995270,8,20295,56927
50113931830,50113931827,-3,1169,1785
50114560203,50114560201,-2,1037,2215
50115982842,50115982841,-1,835,1530
50118392122,50118392143,21,496,975
50133230969,50133230966,-3,1267,2146
50136829455,50136829460,5,3708,2993
50139184050,50139184045,-5,1311,4606
50140087609,50140087606,-3,1161,2728
50144129597,50144129598,1,1531,1837
50145986199,50145986195,-4,1232,3018
50151152697,50151152690,-7,906,2780
50153046353,50153046351,-2,1264,1420
50153959790,50153959790,0,1014,2087
50156383353,50156383356,3,1757,1464
50160731837,50160731834,-3,939,2211
50160822532,50160822549,17,947,2652
50162456375,50162456374,-1,736,2159
50164035579,50164035575,-4,1156,2321
50168609506,50168609501,-5,3426,11013
50172441518,50172441518,0,1058,2477
50175973529,50175973529,0,1161,1573
50176895250,50176895250,0,1274,1367
50180342856,50180342853,-3,1121,2084
50182954521,50182954518,-3,1342,1586
50185137507,50185137506,-1,1940,2668
50186684298,50186684290,-8,943,3713
50186730641,50186730637,-4,1052,1837
50187260882,50187260881,-1,926,1682
50192308788,50192308786,-2,1111,2340
50194351324,50194351324,0,1051,1667
50204181852,50204181847,-5,859,2130
50205593655,50205593653,-2,1124,1688
50206458561,50206458558,-3,1237,2638
50211468054,50211468053,-1,1338,1909
50216953676,50216953675,-1,927,2281
50228564270,50228564266,-4,1162,2601
50239667415,50239667411,-4,1210,2612
50243463994,50243463992,-2,1024,2207
50244046855,50244046852,-3,997,1779
50244202897,50244202895,-2,1447,1661
50245846013,50245846009,-4,1423,2073
50246084689,50246084688,-1,1062,1864
50246799389,50246799388,-1,1177,1751
50248923670,50248923669,-1,1448,2000
50249471612,50249471635,23,864,1140
50250678806,50250678804,-2,995,1696
50253034673,50253034680,7,3129,1182
50253272474,50253272472,-2,1481,2755
50255270998,50255270995,-3,1020,2260
50255755603,50255755602,-1,952,1516
50255818343,50255818343,0,831,1598
50256863946,50256863942,-4,1295,2159
50257429711,50257429715,4,1008,1761
50259134091,50259134110,19,1695,2060
50260048629,50260048627,-2,1146,2664
50263971570,50263971569,-1,233,947
50265688038,50265688035,-3,1086,2900
50269832654,50269832651,-3,1046,2023
50271541934,50271541931,-3,820,1622
50274363313,50274363306,-7,1135,3405
50281004834,50281004833,-1,1217,1880
50284700386,50284700381,-5,1285,1587
50287305507,50287305504,-3,1514,2098
50287997554,50287997560,6,1542,787
50291686669,50291686667,-2,1128,2346
50298320910,50298320911,1,1673,2558
50304174399,50304174398,-1,1234,2016
50305112765,50305112762,-3,1291,3013
50305397170,50305397166,-4,1256,2161
50305741933,50305741930,-3,873,1273
50306972498,50306972502,4,2113,1517
50308429088,50308429085,-3,1682,2519
50313185434,50313185430,-4,1021,2186
50315670601,50315670598,-3,993,1653
50316636441,50316636437,-4,881,1988
50323595327,50323595325,-2,1490,2248
50333459086,50333459083,-3,988,2252
50334626512,50334626509,-3,689,2134
50337609493,50337609490,-3,1192,2163
50337799550,50337799546,-4,1185,2281
50340040346,50340040343,-3,702,1893
50342239661,50342239658,-3,1170,2132
50344165801,50344165799,-2,1538,2436
50344460497,50344460497,0,1417,1273
50346012370,50346012375,5,2022,1471
50347256131,50347256128,-3,677,1618
50347666118,50347666138,20,333,1063
50348235866,50348235864,-2,1306,2579
50349400094,50349400090,-4,1126,2570
50349478884,50349478869,-15,990,1414
50350173806,50350173826,20,226,1009
50351206138,50351206138,0,937,2301
50354527769,50354527774,5,1634,1358
50355284762,50355284761,-1,1005,2085
50357430447,50357430441,-6,1083,2142
50359383306,50359383305,-1,1016,1271
50359982415,50359982433,18,626,1035
50362852239,50362852237,-2,1313,2408
50363238430,50363238430,0,1243,1492
50364260316,50364260318,2,1860,1432
50370949387,50370949384,-3,1214,2332
50371119090,50371119098,8,2208,964
50373089309,50373089305,-4,801,1916
50373247493,50373247514,21,970,1963
50374227069,50374227067,-2,624,1131
50379821419,50379821416,-3,617,2667
50380279771,50380279767,-4,1085,1640
50380344637,50380344654,17,749,1347
50386151741,50386151740,-1,1213,1841
50387838306,50387838303,-3,1115,1655
50391017774,50391017770,-4,1213,2639
50391260566,50391260562,-4,800,1588
50391739988,50391739983,-5,1206,1957
50392951541,50392951537,-4,880,2117
50394634643,50394634640,-3,924,2332
50397933681,50397933683,2,1578,1289
50400059477,50400059471,-6,1258,4312
50400353887,50400353901,14,627,1383
50403309770,50403309766,-4,839,2565
50405021406,50405021403,-3,1251,2427
50410062547,50410062547,0,666,1746
50412922034,50412922030,-4,678,1976
50415368546,50415368543,-3,1221,1947
50416490710,50416490708,-2,964,2041
50416533886,50416533903,17,474,3618
50417496481,50417496486,5,3868,2529
50417719123,50417719121,-2,1580,2901
50419369127,50419369125,-2,1118,2413
50420973451,50420973453,2,41553,48396
50422622034,50422622022,-12,241,1051
50425435270,50425435267,-3,1313,2279
50426212589,50426212587,-2,886,2284
50426444310,50426444297,-13,801,1682
50426963395,50426963394,-1,1184,1722
50427553610,50427553609,-1,1369,1844
50430339302,50430339298,-4,1179,2767
50438898535,50438898531,-4,1086,2694
50440073200,50440073197,-3,673,1952
50440443622,50440443619,-3,1409,2803
50444644630,50444644627,-3,1649,2183
50444816068,50444816066,-2,1235,2254
50445010879,50445010867,-12,800,2742
50452141471,50452141472,1,2456,2866
50453375863,50453375860,-3,779,1469
50456169277,50456169274,-3,1007,2742
50459487027,50459487023,-4,1191,2252
50461386010,50461386005,-5,1228,3431
50461524076,50461524095,19,262,760
50462697274,50462697274,0,1174,2028
50463231511,50463231509,-2,1184,1878
50467493649,50467493645,-4,1316,2462
50469530159,50469530156,-3,1022,1693
50473034070,50473034068,-2,1303,2669
50473749979,50473749974,-5,1010,3180
50474542217,50474542214,-3,1392,2714
50481624817,50481624816,-1,1113,1988
50487167129,50487167129,0,1148,1689
50489742495,50489742493,-2,730,1473
50497154690,50497154688,-2,1069,2357
50498282898,50498282891,-7,1419,5299
50506780798,50506780793,-5,781,1554
50513109057,50513109058,1,1345,1509
50513300030,50513300030,0,1034,1927
50516102671,50516102669,-2,1538,2040
50518588127,50518588123,-4,1067,2129
50526387371,50526387366,-5,1532,6980
50526986376,50526986375,-1,1289,2190
50527471068,50527471065,-3,1078,2294
50529871058,50529871056,-2,1325,2629
50530113097,50530113094,-3,958,2350
50531330771,50531330772,1,1416,1737
50533683510,50533683510,0,1662,1226
50535427687,50535427685,-2,1280,2212
50537705696,50537705691,-5,761,1184
50540767538,50540767534,-4,717,1394
50543459283,50543459282,-1,700,1599
50548852226,50548852222,-4,1234,3042
50549773826,50549773823,-3,1194,3378
50550168738,50550168738,0,1273,1870
50553628950,50553628945,-5,1060,2495
50558024866,50558024864,-2,2116,4100
50558473868,50558473866,-2,1288,2616
50558646259,50558646257,-2,1118,1915
50566635814,50566635812,-2,1198,2509
50567822141,50567822137,-4,1453,3195
50568342739,50568342735,-4,729,2053
50574220107,50574220105,-2,973,2054
50576898107,50576898103,-4,1116,2447
50577204557,50577204555,-2,1297,2061
50582136274,50582136273,-1,1302,2555
50583654169,50583654166,-3,1146,2207
50583781041,50583781038,-3,1397,2176
50584542821,50584542842,21,949,2644
50586019602,50586019598,-4,1262,2637
50593965893,50593965890,-3,1432,2549
50594664995,50594664994,-1,781,1541
50595333893,50595333911,18,688,876
50598716562,50598716555,-7,1068,2601
50603222123,50603222122,-1,873,1327
50609699574,50609699570,-4,1481,2520
50613011418,50613011417,-1,1445,1430
50613454717,50613454705,-12,1162,2345
50613704532,50613704520,-12,1236,2797
50613810781,50613810783,2,99,729
50615381306,50615381289,-17,778,2762
50624372677,50624372673,-4,1209,2631
50624561984,50624561978,-6,995,2248
50627010833,50627010833,0,1384,2021
50631799277,50631799274,-3,774,2012
50631879031,50631879015,-16,932,2098
50632259827,50632259827,0,876,1710
50633278815,50633278809,-6,894,2779
50633596308,50633596311,3,281,613
50640255975,50640255973,-2,1143,1901
50644860122,50644860121,-1,1028,2004
50645389262,50645389258,-4,1411,1834
50646396616,50646396598,-18,1076,1795
50646666125,50646666124,-1,1379,2052
50646998585,50646998583,-2,1299,2899
50652317844,50652317842,-2,942,2123
50655255737,50655255738,1,1001,1206
50665660146,50665660143,-3,932,1533
50665813143,50665813141,-2,964,2231
50666157026,50666157024,-2,1220,2650
50666863898,50666863896,-2,1111,1885
50674050613,50674050610,-3,1216,1922
50677932706,50677932708,2,1911,1378
50682243058,50682243056,-2,1298,2032
50683657613,50683657610,-3,1368,2667
50687502274,50687502275,1,1451,2013
50691171529,50691171524,-5,933,3757
50699480777,50699480775,-2,1074,3334
50700308461,50700308441,-20,1613,3324
50712863912,50712863909,-3,1278,1502
50722640308,50722640325,17,475,1707
50726181269,50726181268,-1,884,1902
50733253778,50733253772,-6,950,2127
50734722921,50734722921,0,1125,1772
50737033181,50737033182,1,1167,1687
50737772805,50737772801,-4,966,1923
50741271822,50741271821,-1,1010,1231
50741845886,50741845882,-4,1991,2781
50742748359,50742748357,-2,1036,1653
50743511005,50743511003,-2,727,736
50749036061,50749036059,-2,932,1497
50750186749,50750186745,-4,1040,3037
50753876893,50753876892,-1,1356,1906
50754465927,50754465925,-2,883,2642
50759008342,50759008341,-1,1412,1948
50759420780,50759420761,-19,1495,1699
50762378935,50762378933,-2,1401,2138
50763384766,50763384762,-4,942,1883
50766419485,50766419483,-2,1051,2694
50766516403,50766516400,-3,1377,2485
50767314763,50767314757,-6,570,2580
50767952134,50767952131,-3,1470,2068
50771156407,50771156409,2,1390,1532
50773843855,50773843852,-3,945,2287
50777835851,50777835848,-3,1300,2258
50778435151,50778435132,-19,1173,2526
50778706723,50778706721,-2,1223,2780
50781477446,50781477446,0,1096,2323
50784259768,50784259766,-2,1434,2073
50790364398,50790364398,0,1162,1489
50792748909,50792748906,-3,1111,1478
50797359275,50797359273,-2,1103,1738
50799542970,50799542966,-4,791,1967
50804910638,50804910634,-4,1503,3576
50806276126,50806276130,4,1712,1200
50806841173,50806841171,-2,910,1139
50808239422,50808239420,-2,1418,2459
50822128199,50822128198,-1,1013,2072
50822660009,50822660001,-8,1136,5101
50823070092,50823070091,-1,1342,2632
50825274430,50825274431,1,1409,1612
50826145287,50826145286,-1,1290,1404
50826398099,50826398097,-2,821,1726
50827434091,50827434087,-4,1020,2160
50830471263,50830471271,8,6659,30623
50834999789,50834999784,-5,581,1719
50836355463,50836355461,-2,951,2477
50837466947,50837466946,-1,1190,1932
50840149486,50840149485,-1,666,1363
50840242054,50840242053,-1,886,970
50841619503,50841619498,-5,864,2815
50842438980,50842438991,11,426,713
50842623280,50842623297,17,1181,2720
50843789566,50843789562,-4,1207,2773
50844142340,50844142327,-13,661,2285
50844347231,50844347250,19,894,2477
50845256965,50845256982,17,298,1397
50847893706,50847893702,-4,1017,1058
50848539573,50848539573,0,1748,2032
50849038998,50849038993,-5,1045,2421
50851089159,50851089157,-2,1019,2544
50852311317,50852311320,3,1439,1344
50858418918,50858418914,-4,1454,1974
50860133479,50860133475,-4,989,2231
50861444377,50861444374,-3,976,1595
50861491415,50861491395,-20,616,1477
50862675345,50862675341,-4,1402,1616
50864790901,50864790898,-3,650,1360
50864981549,50864981545,-4,817,1801
50868464838,50868464833,-5,1465,2230
50872752223,50872752219,-4,924,2486
50872846999,50872846990,-9,1170,2753
50874330702,50874330686,-16,967,2275
50876458115,50876458111,-4,1639,3194
50878404781,50878404778,-3,1243,2609
50879583789,50879583790,1,1276,1766
50894924948,50894924945,-3,1202,2469
50896348126,50896348147,21,820,2791
50897594610,50897594607,-3,1671,3078
50898951726,50898951726,0,3048,2748
50899880377,50899880375,-2,1507,2629
50908063954,50908063956,2,978,1095
50913977769,50913977766,-3,1053,2140
50915143646,50915143642,-4,1465,2642
50918057773,50918057770,-3,1338,3200
50919169685,50919169683,-2,1535,2929
50922484367,50922484364,-3,963,2391
50923425413,50923425410,-3,836,1906
50926635507,50926635515,8,3632,1271
50931304079,50931304074,-5,1394,2105
50934874635,50934874614,-21,1147,1853
50935058082,50935058081,-1,1071,1443
50937812982,50937812979,-3,1138,1905
50944549743,50944549741,-2,1155,2577
50944865713,50944865711,-2,1415,1684
50948247415,50948247413,-2,1073,1569
50948444748,50948444749,1,1686,1594
50956371497,50956371497,0,1224,1556
50958327009,50958327007,-2,1460,2671
50959903291,50959903287,-4,1131,1886
50961590311,50961590302,-9,32787,15658
50963339720,50963339718,-2,1301,2025
50970203012,50970203010,-2,1342,2714
50978387346,50978387345,-1,772,2362
50982861939,50982861939,0,2922,3337
50983981278,50983981274,-4,1250,2203
50986182228,50986182228,0,1173,1544
50990375867,50990375864,-3,885,1607
50991241451,50991241449,-2,1097,2282
50991862183,50991862181,-2,1098,1968
50992249830,50992249830,0,1289,1578
50995512578,50995512573,-5,1854,5803
51001425375,51001425370,-5,465,1464
51008404307,51008404303,-4,914,2426
51008656050,51008656047,-3,901,1920
51010946743,51010946739,-4,1177,2396
51012123025,51012123025,0,1361,1992
51014013490,51014013488,-2,1184,2426
51015111669,51015111670,1,3691,3435
51022988127,51022988130,3,3063,1988
51027375897,51027375895,-2,1498,1567
51031228798,51031228796,-2,2024,2328
51031904111,51031904110,-1,1752,2084
51039326507,51039326506,-1,845,2219
51041710543,51041710541,-2,1251,2067
51045737972,51045737970,-2,958,1788
51045793292,51045793286,-6,629,812
51046912542,51046912539,-3,961,2631
51049426141,51049426141,0,1853,2158
51050562544,51050562540,-4,936,3143
51051333074,51051333078,4,1620,1462
51054959372,51054959375,3,1245,595
51055437836,51055437848,12,12981,43136
51057095782,51057095779,-3,1456,2521
51057873166,51057873183,17,344,1525
51058803810,51058803812,2,1696,3127
51061995682,51061995683,1,1304,1191
51064549936,51064549932,-4,11200,42066
51065836747,51065836754,7,2415,1238
51067443783,51067443780,-3,1166,3062
51076975819,51076975818,-1,967,1401
51079800754,51079800751,-3,1186,2278
51087900831,51087900830,-1,1357,2304
51088715268,51088715248,-20,1272,2319
51091361480,51091361478,-2,1082,1683
51092391726,51092391725,-1,1248,2567
51098452875,51098452872,-3,1040,1648
51098975986,51098975983,-3,1151,2063
51104679141,51104679137,-4,972,1818
51105252191,51105252206,15,1014,2265
51112729342,51112729363,21,1066,2450
51114667647,51114667644,-3,926,2087
51114741349,51114741343,-6,977,1720
51116886590,51116886586,-4,872,1334
51118085037,51118085034,-3,997,1900
51120064498,51120064496,-2,1378,1444
51123008059,51123008057,-2,1322,2293
51123603226,51123603222,-4,923,2168
51124750783,51124750782,-1,1348,808
51126133490,51126133485,-5,1115,2615
51126648647,51126648665,18,827,2711
51129200955,51129200953,-2,821,1959
51131401794,51131401790,-4,1276,2892
51132100285,51132100285,0,1374,1890
51132222622,51132222618,-4,1475,3132
51133263386,51133263381,-5,2581,6068
51133602822,51133602821,-1,1827,2720
51135438117,51135438116,-1,1649,2924
51136639002,51136639000,-2,1187,2141
51141300451,51141300448,-3,1336,1966
51141439030,51141439026,-4,1753,2957
51141732133,51141732130,-3,966,1656
51144067274,51144067270,-4,821,1562
51145354798,51145354791,-7,1028,4714
51146167328,51146167324,-4,680,2104
51147407192,51147407190,-2,1062,2811
51148089114,51148089112,-2,1275,1843
51149629358,51149629355,-3,1193,2497
51149760327,51149760346,19,656,698
51153296690,51153296689,-1,1573,2412
51156735199,51156735197,-2,915,1634
51161498485,51161498482,-3,1031,2087
51163893059,51163893054,-5,495,1630
51165513231,51165513211,-20,790,1166
51173307625,51173307623,-2,1323,3199
51174946007,51174946006,-1,1013,1957
51175860450,51175860449,-1,1104,2087
51186364820,51186364818,-2,1174,2594
51189883500,51189883500,0,6079,28271
51192875012,51192875026,14,1137,2294
51194539160,51194539177,17,735,3392
51197831547,51197831554,7,2423,1349
51200597377,51200597374,-3,2731,4231
51202552631,51202552631,0,822,1858
51208854031,51208854030,-1,1222,2231
51209525283,51209525279,-4,1017,2256
51212083171,51212083168,-3,1052,2911
51214426343,51214426339,-4,1325,1474
51214609010,51214609017,7,5371,2213
51218186742,51218186742,0,1614,2601
51220579492,51220579486,-6,935,3746
51224327830,51224327824,-6,801,1965
51224452413,51224452421,8,3359,1438
51228565175,51228565171,-4,913,2283
51232736371,51232736370,-1,899,1818
51237173379,51237173375,-4,947,1845
51239891345,51239891340,-5,1198,2478
51246055899,51246055898,-1,988,1736
51250955267,51250955273,6,2470,1649
51251165605,51251165601,-4,944,2022
51251977119,51251977099,-20,315,566
51253669509,51253669510,1,3284,2933
51255341597,51255341597,0,955,1618
51265252925,51265252922,-3,1092,2344
51266841358,51266841356,-2,960,1931
51268123128,51268123146,18,1709,3430
51268425630,51268425628,-2,1355,2032
51270409676,51270409675,-1,1298,2286
51275544642,51275544639,-3,1560,2972
51282058670,51282058676,6,5876,2509
51287639334,51287639325,-9,1219,286
51288674156,51288674151,-5,1715,4698
51288864302,51288864301,-1,904,1738
51293728467,51293728466,-1,1188,2777
51295564721,51295564738,17,376,43
51298422198,51298422194,-4,829,2576
51300718137,51300718138,1,983,2233
51305974566,51305974563,-3,868,1891
51309113553,51309113558,5,2116,1227
51309488989,51309488987,-2,840,2466
51314375211,51314375215,4,1603,960
51317627611,51317627617,6,5394,2353
51319460019,51319460014,-5,1108,2624
51329155274,51329155273,-1,1294,1807
51335058134,51335058132,-2,1162,2988
51335433516,51335433515,-1,1608,2969
51344746043,51344746038,-5,990,2443
51348063815,51348063815,0,1514,2323
51348421347,51348421346,-1,991,2177
51348819764,51348819758,-6,1389,2511
51352734894,51352734890,-4,680,1260
51354417105,51354417101,-4,765,1925
51356150075,51356150073,-2,1077,1609
51362560379,51362560376,-3,1127,2734
51379888959,51379888954,-5,904,2430
51380260058,51380260057,-1,748,1448
51383256517,51383256515,-2,19594,12906
51385752526,51385752530,4,1943,1188
51387374630,51387374626,-4,1340,2655
51389046718,51389046716,-2,1122,2746
51392650324,51392650322,-2,913,2304
51393224226,51393224222,-4,1281,1667
51395845326,51395845323,-3,925,1170
51401218102,51401218098,-4,976,2210
51403101675,51403101675,0,1050,1443
51403136466,51403136463,-3,1599,3110
51404696021,51404696017,-4,1043,2571
51408233763,51408233761,-2,995,1952
51409218797,51409218793,-4,830,1788
51413981165,51413981162,-3,1464,2252
51414494703,51414494700,-3,1079,2777
51419213525,51419213522,-3,1033,2145
51420685182,51420685179,-3,1157,2088
51422650956,51422650954,-2,716,1760
51426543299,51426543295,-4,852,2059
51426809524,51426809526,2,586,976
51432610781,51432610761,-20,2097,1290
51433646316,51433646314,-2,1425,2664
51435620965,51435620970,5,2687,1669
51437710050,51437710047,-3,1335,2086
51438060081,51438060077,-4,1248,3367
51441617575,51441617574,-1,1201,2089
51443610051,51443610057,6,4448,2350
51444048646,51444048644,-2,996,2818
51446680710,51446680710,0,814,1685
51448338223,51448338219,-4,914,1305
51450482998,51450482993,-5,683,2130
51451751758,51451751778,20,1946,2685
51453729190,51453729189,-1,859,1568
51454261567,51454261566,-1,8853,12754
51455411218,51455411216,-2,1297,2417
51461642708,51461642705,-3,964,3051
51466644915,51466644910,-5,1994,6520
51467057647,51467057646,-1,704,1328
51473178542,51473178545,3,3478,2899
51473932413,51473932411,-2,1080,2583
51474708024,51474708041,17,1200,1539
51478301417,51478301414,-3,1032,1921
51478560139,51478560139,0,696,915
51482116802,51482116802,0,1905,2064
51483173426,51483173423,-3,1417,2309
51483488760,51483488756,-4,1127,2428
51491374067,51491374066,-1,1121,1923
51491935344,51491935342,-2,1532,2435
51493780229,51493780230,1,1414,1487
51504768954,51504768950,-4,947,2258
51505076158,51505076154,-4,823,1554
51508544161,51508544158,-3,1028,2551
51511180198,51511180197,-1,1560,1860
51513952370,51513952368,-2,987,1931
51514121111,51514121095,-16,1080,2367
51526389606,51526389606,0,1115,1916
51526988838,51526988836,-2,1456,2306
51534431682,51534431678,-4,1252,2361
51536691539,51536691536,-3,1094,2603
51536980401,51536980398,-3,1775,3760
51539711494,51539711496,2,1447,1461
51539865389,51539865385,-4,1110,2671
51544724366,51544724362,-4,2423,5324
51545265839,51545265838,-1,1675,2975
51546012458,51546012454,-4,1125,1557
51547593391,51547593388,-3,882,2330
51548738474,51548738471,-3,1293,2354
51551839567,51551839565,-2,1007,2053
51552938087,51552938083,-4,1605,3107
51554629107,51554629105,-2,673,1837
51555800134,51555800113,-21,1355,1612
51556504350,51556504346,-4,1068,1890
51560205010,51560205008,-2,1830,3264
51564364902,51564364901,-1,595,1276
51570470159,51570470154,-5,1071,2376
51570634340,51570634328,-12,982,2175
51572636278,51572636274,-4,915,1501
51575320511,51575320507,-4,474,1177
51575947223,51575947237,14,317,2504
51578247333,51578247329,-4,2177,3602
51578750334,51578750334,0,1304,1758
51583607602,51583607598,-4,788,2279
51584103460,51584103479,19,868,1859
51586418337,51586418335,-2,1060,1802
51594332542,51594332540,-2,1370,2480
51596519986,51596519984,-2,931,2709
51597064833,51597064831,-2,1065,3311
51600005178,51600005174,-4,919,1937
51601168621,51601168639,18,612,1270
51607642374,51607642383,9,6014,1199
51608891321,51608891318,-3,1143,2226
51609039667,51609039666,-1,1494,3094
51610409345,51610409344,-1,1068,2064
51613469022,51613469020,-2,808,2304
51618426399,51618426395,-4,1177,1886
51638632518,51638632515,-3,1348,2241
51643539255,51643539253,-2,907,1756
51649151183,51649151177,-6,996,2007
51654755718,51654755710,-8,964,1507
51655614505,51655614504,-1,775,2124
51657171015,51657171012,-3,1118,2445
51657442367,51657442365,-2,1229,2629
51664447481,51664447478,-3,1007,1864
51669540478,51669540492,14,16352,32518
51672069001,51672068998,-3,778,2335
51672436077,51672436074,-3,2628,3955
51673531269,51673531266,-3,6780,13097
51677695667,51677695665,-2,981,1903
51679101954,51679101950,-4,755,2816
51680409967,51680409962,-5,629,1616
51680696646,51680696643,-3,1353,2288
51681710780,51681710778,-2,1025,1820
51682491905,51682491900,-5,1278,2842
51684083787,51684083785,-2,686,1699
51691112055,51691112051,-4,869,1728
51693150865,51693150862,-3,1056,2750
51694630500,51694630498,-2,2071,3989
51695962117,51695962113,-4,1105,2220
51697728375,51697728371,-4,913,2412
51699806278,51699806257,-21,1392,1831
51702447235,51702447234,-1,1468,2828
51702519574,51702519573,-1,962,1302
51703404906,51703404902,-4,862,2303
51704025706,51704025702,-4,1413,2114
51709253843,51709253838,-5,1280,2626
51711463372,51711463370,-2,1293,2750
51715199597,51715199595,-2,1609,2487
51715431273,51715431269,-4,1162,1196
51719681485,51719681482,-3,1039,2425
51721893929,51721893929,0,1467,2316
51724956171,51724956170,-1,1759,2276
51725830653,51725830651,-2,1171,1970
51728394179,51728394175,-4,1347,1948
51732125220,51732125218,-2,924,2353
51733490519,51733490515,-4,1570,2358
51733645494,51733645493,-1,732,1434
51735401199,51735401197,-2,1214,1880
51742860413,51742860410,-3,1056,2273
51745137498,51745137503,5,3040,929
51749445669,51749445662,-7,1120,6184
51750225939,51750225935,-4,815,2041
51751288515,51751288513,-2,1058,1397
51759139960,51759139958,-2,932,1684
51760968068,51760968062,-6,1063,2347
51762773667,51762773667,0,1481,2289
51764535000,51764535000,0,971,2285
51764743965,51764743946,-19,221,760
51768367958,51768367961,3,3550,3136
51769131854,51769131849,-5,1258,2565
51769301466,51769301465,-1,1116,1417
51770153964,51770153987,23,724,3876
51777381741,51777381740,-1,1427,2138
51777559631,51777559638,7,2618,1212
51778145130,51778145127,-3,762,1117
51779516174,51779516190,16,533,1705
51786716781,51786716778,-3,976,2304
51789886947,51789886943,-4,1278,2497
51792721358,51792721354,-4,834,2311
51793354725,51793354722,-3,910,1881
51793752439,51793752438,-1,775,1568
51797403762,51797403761,-1,800,1141
51799058371,51799058369,-2,1373,2246
51799396358,51799396354,-4,695,1299
51800188030,51800188028,-2,1415,1974
51802568914,51802568911,-3,1022,1113
51803036407,51803036423,16,363,1073
51804533969,51804533969,0,1652,2134
51807866826,51807866822,-4,1146,2210
51813264258,51813264255,-3,1132,1638
51814310719,51814310719,0,1441,2382
51818601436,51818601433,-3,1247,2520
51820685126,51820685123,-3,1169,2762
51823535835,51823535831,-4,1193,1574
51823794544,51823794542,-2,1282,2008
51829707875,51829707874,-1,904,1797
51835712777,51835712778,1,1241,2019
51837199276,51837199274,-2,1156,2017
51837306200,51837306215,15,772,1912
51840449073,51840449070,-3,1079,2450
51840716110,51840716110,0,1901,2605
51842736402,51842736401,-1,872,1554
51843282470,51843282491,21,821,2260
51844608959,51844608954,-5,981,2824
51845853730,51845853728,-2,1007,2728
51850875280,51850875281,1,32176,23700
51854081404,51854081402,-2,1247,2212
51858203052,51858203047,-5,1218,2568
51858472476,51858472471,-5,1366,3214
51868273322,51868273321,-1,1462,2169
51869367846,51869367844,-2,962,2227
51872056595,51872056592,-3,990,1740
51874744099,51874744098,-1,937,1505
51876904405,51876904406,1,1196,1716
51877551938,51877551935,-3,1331,2334
51879338356,51879338353,-3,1376,1967
51879576077,51879576058,-19,1168,1776
51885708360,51885708355,-5,1084,2915
51886146287,51886146284,-3,520,1754
51891533071,51891533069,-2,1014,3439
51896287171,51896287169,-2,1033,2301
51899066191,51899066183,-8,1384,2366
51899235464,51899235462,-2,1303,2611
51901547874,51901547871,-3,1405,2647
51904270151,51904270149,-2,969,2504
51904671724,51904671721,-3,1471,2529
51905996123,51905996118,-5,899,2826
51911264754,51911264754,0,672,1501
51914062240,51914062242,2,3707,3156
51918310536,51918310542,6,1696,1111
51924613919,51924613914,-5,859,2246
51924692231,51924692227,-4,961,1974
51925558172,51925558155,-17,1256,2034
51925997243,51925997252,9,12945,36453
51930008091,51930008088,-3,905,2166
51930987234,51930987230,-4,1032,1857
51931802560,51931802558,-2,1609,2341
51932714166,51932714163,-3,1368,2697
51934544532,51934544529,-3,763,1476
51939207915,51939207914,-1,1284,1643
51943190314,51943190310,-4,877,2178
51943552765,51943552761,-4,1491,1622
51943749978,51943749980,2,1334,1427
51947955699,51947955695,-4,791,2361
51950946478,51950946476,-2,1472,3220
51951030595,51951030598,3,1471,1305
51951739421,51951739418,-3,1535,2494
51953302751,51953302750,-1,1231,1591
51953927938,51953927938,0,1179,2436
51954097198,51954097194,-4,1408,2128
51959277382,51959277378,-4,84,721
51963064024,51963064021,-3,1027,2111
51964280779,51964280778,-1,1094,3012
51965449433,51965449430,-3,2114,3054
51965519161,51965519158,-3,1066,2001
51970760686,51970760684,-2,1416,2038
51971609649,51971609645,-4,1300,2756
51972288826,51972288823,-3,1657,2186
51973100518,51973100515,-3,1138,1878
51973279178,51973279182,4,590,655
51975139368,51975139365,-3,1060,1846
51977667150,51977667149,-1,1324,2035
51981225301,51981225301,0,2518,3547
51983307773,51983307772,-1,1241,2368
51983841077,51983841064,-13,1252,2725
51989820147,51989820146,-1,1381,2567
51990325526,51990325522,-4,1381,3098
51993976367,51993976363,-4,822,1698
51994057460,51994057479,19,1377,2608
51994339992,51994339988,-4,1646,3076
51996734798,51996734797,-1,1200,1700
52010329543,52010329540,-3,762,2169
52012953691,52012953687,-4,1051,2353
52017110436,52017110421,-15,44196,18385
52018522103,52018522101,-2,1120,1618
52018743801,52018743797,-4,1786,2770
52018846988,52018846982,-6,2068,7020
52021998326,52021998329,3,2358,2172
52022876910,52022876906,-4,1397,2731
52027767531,52027767527,-4,1211,2336
52029805829,52029805826,-3,1290,2491
52035335614,52035335610,-4,1164,2198
52038404078,52038404074,-4,989,1581
52040146187,52040146183,-4,766,2243
52040328611,52040328608,-3,1303,2166
52046065515,52046065514,-1,1218,2083
52053443922,52053443920,-2,1111,2277
52053703911,52053703902,-9,888,2337
52056042899,52056042897,-2,1081,2473
52060764682,52060764679,-3,1271,1676
52062507059,52062507057,-2,981,3077
52062539302,52062539300,-2,1474,3213
52062597382,52062597381,-1,1130,1597
52065049378,52065049374,-4,1105,2222
52065391021,52065391017,-4,868,1539
52068705431,52068705426,-5,894,2194
52068795899,52068795897,-2,1374,3398
52072439408,52072439405,-3,965,2914
52072836823,52072836841,18,795,2727
52073656663,52073656661,-2,952,2618
52075899953,52075899950,-3,1383,2492
52080899338,52080899335,-3,1425,2144
52080972795,52080972790,-5,1475,4110
52081019170,52081019168,-2,1007,2211
52082893236,52082893233,-3,927,2481
52084674575,52084674573,-2,712,2438
52087462566,52087462565,-1,1879,2833
52089066022,52089066021,-1,1353,2603
52092267434,52092267429,-5,807,2703
52096895095,52096895093,-2,1156,2036
52105186239,52105186236,-3,922,1602
52109690354,52109690353,-1,635,1717
52111881455,52111881455,0,739,1682
52113606798,52113606795,-3,1188,2287
52115289454,52115289451,-3,1641,2687
52115484765,52115484762,-3,1116,2729
52120734061,52120734058,-3,884,1960
52125632117,52125632120,3,2350,2138
52127259326,52127259326,0,811,2381
52130873250,52130873250,0,1629,2134
52136298046,52136298045,-1,1496,2414
52141097812,52141097810,-2,1192,2139
52141822687,52141822671,-16,859,1332
52142324119,52142324113,-6,843,1557
52148449304,52148449302,-2,936,1866
52148513216,52148513234,18,858,2189
52149645226,52149645222,-4,1111,2068
52152177706,52152177701,-5,637,3498
52154819658,52154819655,-3,1129,1567
52156045064,52156045061,-3,1876,2467
52158145788,52158145782,-6,884,1826
52159671538,52159671535,-3,1014,2734
52163940870,52163940877,7,5151,2072
52171355257,52171355255,-2,914,1641
52173236080,52173236078,-2,23528,8850
52175463795,52175463794,-1,1966,2758
52178631796,52178631794,-2,759,1399
52179903629,52179903624,-5,1211,3043
52181532587,52181532581,-6,1042,1924
52182162799,52182162797,-2,1180,1699
52182501601,52182501597,-4,1506,2395
52185516525,52185516523,-2,1452,1974
52187609792,52187609790,-2,994,1980
52189098213,52189098211,-2,1707,3168
52203323182,52203323178,-4,1434,3013
52203441939,52203441937,-2,1116,3134
52206811353,52206811350,-3,1085,2502
52207039399,52207039395,-4,1194,3382
52207743967,52207743953,-14,228,636
52207958532,52207958533,1,1371,1058
52208759619,52208759618,-1,1388,2125
52214928646,52214928642,-4,1359,3216
52215107278,52215107266,-12,987,1648
52216765463,52216765462,-1,1481,2764
52219607334,52219607326,-8,1544,7773
52220717406,52220717405,-1,1640,1831
52223327971,52223327965,-6,1517,8338
52225014956,52225014963,7,2332,37026
52231067170,52231067165,-5,1446,3359
52232091850,52232091848,-2,1460,2375
52243105349,52243105344,-5,1013,2987
52250278198,52250278198,0,1335,2403
52255016245,52255016242,-3,1337,2463
52256671087,52256671082,-5,997,1465
52260165847,52260165855,8,4440,1318
52260815948,52260815951,3,1619,1802
52261114325,52261114321,-4,1362,2728
52264888354,52264888354,0,1039,2158
52265092526,52265092523,-3,1061,2276
52268181473,52268181471,-2,1017,1926
52277131996,52277131993,-3,935,2366
52278446505,52278446505,0,993,2088
52281367250,52281367246,-4,1237,1885
52281823368,52281823385,17,759,1786
52288984227,52288984226,-1,1045,1960
52292066956,52292066952,-4,1381,2926
52293383354,52293383352,-2,534,1829
52296874777,52296874770,-7,1016,3266
52303743365,52303743372,7,3838,1693
52305250238,52305250237,-1,1053,1453
52306375840,52306375853,13,325,663
52307503847,52307503846,-1,1106,1916
52308440417,52308440415,-2,811,1851
52309495982,52309495977,-5,1020,2202
52309853985,52309853984,-1,1175,2338
52316095087,52316095068,-19,944,1360
52318051995,52318051992,-3,1450,2919
52318696313,52318696305,-8,1044,5010
52320855383,52320855382,-1,1175,1145
52321266205,52321266202,-3,900,1443
52323346438,52323346434,-4,1051,1667
52324443777,52324443774,-3,1032,1636
52329518125,52329518121,-4,978,1632
52330174646,52330174644,-2,1271,2897
52333846875,52333846871,-4,939,1819
52333984078,52333984058,-20,992,1824
52335710922,52335710917,-5,1359,3107
52344489282,52344489278,-4,993,2593
52346234175,52346234173,-2,1332,2194
52349659731,52349659729,-2,1028,1737
52352775418,52352775424,6,3381,1233
52354888475,52354888475,0,1425,1682
52356109833,52356109829,-4,1100,1846
52363157966,52363157965,-1,1079,2845
52363380915,52363380919,4,2790,1958
52364896017,52364896014,-3,932,1806
52366923075,52366923078,3,2240,1674
52372171487,52372171484,-3,709,1654
52372482020,52372482018,-2,1241,2826
52373102146,52373102144,-2,988,1892
52376533075,52376533073,-2,613,1113
52377934174,52377934171,-3,1036,1911
52378120640,52378120642,2,32625,17898
52383748029,52383748026,-3,969,2544
52383808114,52383808110,-4,1366,2389
52389778995,52389778998,3,1138,1794
52389991447,52389991446,-1,670,1472
52390952422,52390952421,-1,985,1569
52403589884,52403589880,-4,1066,2356
52404975198,52404975195,-3,1209,1835
52407628410,52407628406,-4,1214,2387
52407887617,52407887613,-4,1019,2605
52409155433,52409155430,-3,1331,2512
52410164907,52410164902,-5,1324,2572
52422156110,52422156107,-3,698,2059
52424090651,52424090648,-3,851,2373
52424195587,52424195582,-5,736,2369
52424498969,52424498967,-2,1263,1969
52427612137,52427612134,-3,1015,2493
52431155918,52431155917,-1,942,2350
52431493915,52431493921,6,1325,1123
52434695674,52434695672,-2,1010,1943
52435101932,52435101926,-6,2079,7859
52446911083,52446911082,-1,1236,2699
52447285949,52447285953,4,1457,1264
52449410954,52449410952,-2,843,1953
52454656663,52454656661,-2,922,2193
52458259180,52458259175,-5,1177,1493
52461045751,52461045748,-3,772,2102
52462296991,52462296988,-3,414,2261
52465067061,52465067058,-3,1138,2710
52465842989,52465842985,-4,1228,3753
52471234058,52471234054,-4,1199,2142
52478064031,52478064027,-4,851,2212
52480121830,52480121830,0,494,1361
52482764539,52482764533,-6,1389,2744
52483598180,52483598177,-3,1000,1638
52488393356,52488393354,-2,978,1623
52488739522,52488739519,-3,1117,2025
52491293618,52491293614,-4,1383,2992
52491370929,52491370927,-2,1338,2233
52494952402,52494952400,-2,1233,3014
52497033091,52497033097,6,2558,1370
52498515662,52498515662,0,1044,1840
52503090262,52503090258,-4,954,2448
52509068362,52509068361,-1,1047,1848
52516810239,52516810234,-5,1404,2022
52522410275,52522410278,3,1319,1077
52526395330,52526395327,-3,1181,2134
52530986731,52530986726,-5,1148,2033
52534635338,52534635335,-3,772,1755
52536437011,52536437009,-2,1501,2803
52536737130,52536737130,0,914,1650
52544950728,52544950726,-2,1156,1804
52552969289,52552969293,4,1920,1043
52558735085,52558735082,-3,1288,3826
52565074937,52565074940,3,2266,1612
52566734444,52566734443,-1,1050,1816
52566942874,52566942869,-5,599,1381
52568634771,52568634770,-1,821,2208
52572366406,52572366405,-1,953,1990
52576217718,52576217715,-3,1324,2202
52578172586,52578172585,-1,681,1670
52578464351,52578464348,-3,665,1475
52579192764,52579192761,-3,1208,2227
52582964832,52582964815,-17,2005,820
52584226074,52584226072,-2,1001,2063
52584988603,52584988597,-6,863,1771
52586149249,52586149248,-1,1099,1789
52587321881,52587321877,-4,1525,2267
52589474816,52589474814,-2,1183,1584
52602219514,52602219518,4,2101,1595
52603566835,52603566830,-5,472,1554
52604226136,52604226138,2,3656,2978
52608212862,52608212866,4,4282,1388
52609117352,52609117349,-3,1309,2308
52609553814,52609553812,-2,1399,2256
52609684037,52609684036,-1,540,1827
52610787277,52610787277,0,1191,1084
52612270899,52612270897,-2,1255,1779
52615370631,52615370628,-3,1186,2584
52623047406,52623047401,-5,1909,7465
52623908155,52623908144,-11,41780,15562
52624976045,52624976043,-2,1291,2105
52630513589,52630513584,-5,982,2232
52635235046,52635235044,-2,954,2206
52635961761,52635961758,-3,1297,2842
52637639825,52637639819,-6,34312,12191
52646723499,52646723503,4,3897,3048
52651794107,52651794103,-4,582,1771
52653430282,52653430277,-5,996,2452
52653915055,52653915050,-5,928,1802
52655021273,52655021272,-1,1204,2042
52659829774,52659829770,-4,952,2294
52662792756,52662792753,-3,1294,1958
52664176289,52664176285,-4,1126,2947
52665659182,52665659178,-4,1201,2527
52666522768,52666522766,-2,1317,2245
52666673797,52666673818,21,1143,1957
52667598287,52667598286,-1,848,1471
52671000822,52671000818,-4,1240,3062
52673766551,52673766546,-5,1516,2481
52674714161,52674714166,5,6174,2880
52674820718,52674820715,-3,798,2013
52675019249,52675019243,-6,888,1751
52678774392,52678774389,-3,2028,3021
52681354391,52681354390,-1,2595,4151
52682611729,52682611726,-3,1192,1855
52682963350,52682963365,15,1756,5587
52687254195,52687254193,-2,882,2900
52692150178,52692150173,-5,1073,3620
52697208094,52697208093,-1,1167,2152
52700998447,52700998445,-2,1070,3073
52703588921,52703588916,-5,1160,3065
52704834624,52704834619,-5,917,1571
52704926087,52704926074,-13,1350,1566
52706972940,52706972942,2,1384,1273
52711413613,52711413610,-3,1036,2458
52714415593,52714415594,1,1195,1388
52717540198,52717540193,-5,973,2152
52718209511,52718209512,1,1257,1628
52721324530,52721324526,-4,1162,2094
52723681894,52723681890,-4,1062,1843
52726885111,52726885124,13,1034,1979
52731149481,52731149477,-4,1410,3819
52733917337,52733917337,0,1585,2745
52735253454,52735253455,1,823,1041
52735457674,52735457672,-2,1014,2185
52738734024,52738734022,-2,1383,2880
52739456937,52739456933,-4,1454,3483
52743935605,52743935603,-2,1121,2002
52744488433,52744488429,-4,1078,1917
52749775182,52749775178,-4,905,1777
52754755911,52754755909,-2,1333,2664
52757082836,52757082833,-3,1018,2542
52763252385,52763252383,-2,1300,2307
52763927338,52763927336,-2,1114,1722
52764641627,52764641625,-2,1392,1821
52774230265,52774230264,-1,1272,2280
52778726792,52778726790,-2,1034,1728
52783542575,52783542574,-1,1078,2133
52786425615,52786425610,-5,844,1865
52788582223,52788582219,-4,1507,3669
52791339922,52791339920,-2,987,2455
52794260462,52794260461,-1,1367,2077
52802453323,52802453320,-3,730,2668
52810416585,52810416587,2,1274,1152
52812870502,52812870497,-5,1072,2168
52813674229,52813674235,6,72864,30119
52813826592,52813826595,3,1726,1370
52818836577,52818836577,0,1892,2043
52818996509,52818996507,-2,1152,2038
52826185747,52826185742,-5,981,3547
52832398822,52832398819,-3,1222,2861
52834068753,52834068749,-4,1325,1885
52839121849,52839121845,-4,1061,2054
52839234490,52839234491,1,869,1984
52839376663,52839376664,1,1815,1211
52842842202,52842842199,-3,1355,1687
52844268720,52844268726,6,2847,1422
52847731457,52847731454,-3,1338,2723
52849392036,52849392034,-2,707,1324
52852499677,52852499675,-2,1127,3068
52862944843,52862944841,-2,2116,6083
52863359566,52863359563,-3,890,2411
52864183988,52864184010,22,274,639
52871204077,52871204075,-2,1060,1637
52871896749,52871896765,16,2649,1235
52873205087,52873205085,-2,1164,2258
52873548458,52873548460,2,1048,963
52877329487,52877329485,-2,889,1933
52879297653,52879297651,-2,926,2289
52879912899,52879912897,-2,770,1358
52882847129,52882847125,-4,883,1861
52884961566,52884961563,-3,1052,1710
52885640253,52885640254,1,2964,2946
52886263869,52886263869,0,4767,17190
52886628154,52886628149,-5,1296,2223
52891207960,52891207957,-3,28709,65809
52898958155,52898958151,-4,1750,2097
52899285886,52899285884,-2,1083,2084
52900446225,52900446223,-2,1340,3318
52902443838,52902443834,-4,1030,1872
52910260572,52910260567,-5,1059,2335
52912558826,52912558823,-3,852,1418
52915751545,52915751546,1,1594,1208
52917875001,52917875001,0,1278,2305
52924490950,52924490948,-2,1161,2868
52931637307,52931637305,-2,1570,2336
52932506206,52932506203,-3,1120,2524
52932835606,52932835598,-8,1201,3258
52933062046,52933062030,-16,1219,2298
52933735364,52933735361,-3,1867,2071
52938066943,52938066941,-2,1426,2645
52940658825,52940658822,-3,1075,1536
52952084180,52952084177,-3,1392,3098
52952522809,52952522808,-1,1338,2717
52953275856,52953275875,19,426,766
52962090831,52962090827,-4,1225,1889
52963285918,52963285914,-4,925,3901
52963404889,52963404887,-2,1147,2697
52964656259,52964656254,-5,1010,1805
52970687517,52970687514,-3,1157,1980
52971224762,52971224761,-1,1054,2006
52971911086,52971911079,-7,540,1583
52977228674,52977228673,-1,1220,2075
52980356922,52980356920,-2,975,2142
52980583182,52980583179,-3,1384,2327
52982699014,52982699010,-4,736,1785
52988805999,52988805998,-1,1526,2494
52990468309,52990468307,-2,1919,2404
52992441888,52992441886,-2,1019,2100
52993579050,52993579047,-3,1003,2904
52995194114,52995194111,-3,896,2090
53009009050,53009009050,0,749,2205
53012294599,53012294596,-3,1155,2114
53012923125,53012923123,-2,1097,2107
53013450762,53013450758,-4,1178,2742
53016012721,53016012714,-7,980,2106
53017016417,53017016411,-6,1034,2629
53018896354,53018896353,-1,1292,2762
53025144418,53025144416,-2,884,1448
53029490059,53029490057,-2,1778,3250
53030369224,53030369222,-2,1079,2189
53032509165,53032509165,0,1937,1393
53034879637,53034879634,-3,1736,2959
53034983781,53034983779,-2,770,1947
53036333419,53036333425,6,3228,2062
53043973821,53043973818,-3,977,2044
53050390297,53050390294,-3,1370,2791
53052048502,53052048499,-3,1365,1766
53054053000,53054053006,6,2644,1370
53058855877,53058855884,7,1905,923
53060420274,53060420273,-1,837,1528
53060472853,53060472836,-17,1103,2349
53065201463,53065201461,-2,1272,2071
53066781165,53066781162,-3,1333,1938
53068405875,53068405893,18,1371,2229
53071640584,53071640582,-2,1211,2813
53075057039,53075057036,-3,955,1737
53077108151,53077108150,-1,1261,1540
53083082950,53083082948,-2,1258,2337
53083351808,53083351809,1,1529,1740
53088855867,53088855866,-1,1319,2172
53091072966,53091072971,5,1206,701
53105207770,53105207766,-4,1366,2140
53111142967,53111142965,-2,1190,2261
53112611170,53112611170,0,1493,1193
53114002171,53114002169,-2,1354,2003
53114770530,53114770528,-2,1251,1480
53116398998,53116398995,-3,1535,2646
53118333406,53118333405,-1,1425,2713
53122377268,53122377266,-2,1342,2179
53122512370,53122512371,1,898,1150
53135259875,53135259870,-5,1209,2363
53135797969,53135797966,-3,1273,2347
53137007073,53137007070,-3,975,1949
53139105410,53139105409,-1,992,1454
53139341273,53139341269,-4,1179,2838
53144108445,53144108441,-4,1203,2735
53145316109,53145316107,-2,1312,1988
53155050247,53155050246,-1,663,1452
53158669035,53158669033,-2,733,1896
53161232604,53161232602,-2,2359,4519
53166441788,53166441786,-2,1093,2421
53169608253,53169608251,-2,1081,2138
53173985930,53173985926,-4,1105,2933
53175288638,53175288636,-2,537,1056
53177983757,53177983753,-4,1194,2361
53179979795,53179979794,-1,1439,2240
53181488303,53181488301,-2,1665,3275
53181646758,53181646755,-3,979,1517
53187609196,53187609190,-6,1304,2252
53189272030,53189272029,-1,934,1706
53196887363,53196887361,-2,1180,1950
53197068940,53197068938,-2,823,2356
53199682470,53199682467,-3,1195,2286
53205005709,53205005708,-1,1292,2343
53209611318,53209611313,-5,856,2404
53211872312,53211872313,1,2304,2385
53212831995,53212831993,-2,1085,2118
53215832650,53215832647,-3,1071,2735
53218332234,53218332237,3,1683,1777
53220463607,53220463601,-6,1119,2413
53221622902,53221622898,-4,910,1868
53226087150,53226087147,-3,1106,2224
53226344118,53226344137,19,725,1511
53227182515,53227182512,-3,884,1692
53229287298,53229287295,-3,963,1645
53230900023,53230900031,8,254,784
53237440950,53237440946,-4,2122,4111
53237857899,53237857901,2,2116,1925
53249505643,53249505641,-2,865,1681
53253498307,53253498305,-2,975,2254
53254164373,53254164372,-1,1293,2277
53254382269,53254382258,-11,186,912
53258160827,53258160825,-2,1549,2144
53262035899,53262035894,-5,944,2984
53265380103,53265380101,-2,874,1652
53267691038,53267691038,0,725,1745
53270096829,53270096832,3,1960,1640
53272460554,53272460550,-4,1256,3073
53274092631,53274092629,-2,1552,1769
53274277692,53274277677,-15,194,781
53279988645,53279988645,0,825,2001
53284527697,53284527694,-3,1063,1985
53295285354,53295285354,0,1159,1961
53296161301,53296161296,-5,1182,3133
53298091273,53298091271,-2,1176,2375
53301664429,53301664425,-4,1031,2000
53304293993,53304293990,-3,1160,2095
53305210181,53305210175,-6,1140,2488
53321828472,53321828470,-2,1819,2755
53322673925,53322673923,-2,1700,3071
53324617415,53324617414,-1,1212,2099
53325321191,53325321189,-2,964,2417
53328696156,53328696153,-3,905,2611
53333807939,53333807938,-1,24185,20441
53333895273,53333895269,-4,1063,2412
53334616682,53334616679,-3,801,2404
53336790235,53336790234,-1,1182,1986
53336968319,53336968316,-3,952,2278
53337522227,53337522225,-2,798,2092
53337634714,53337634713,-1,1001,1857
53340901732,53340901732,0,811,1541
53341614050,53341614046,-4,868,2069
53347896439,53347896437,-2,1198,2718
53350022858,53350022856,-2,969,2208
53352012811,53352012809,-2,721,1300
53352840159,53352840142,-17,1000,1561
53353862558,53353862565,7,5692,1945
53356347629,53356347626,-3,1253,2677
53357616779,53357616776,-3,1048,1834
53359080770,53359080769,-1,1184,2201
53360980330,53360980326,-4,794,1891
53362042958,53362042953,-5,1098,4440
53362307497,53362307494,-3,1214,2761
53362366966,53362366962,-4,764,1633
53368415975,53368415975,0,1309,1520
53371185677,53371185674,-3,1363,1953
53374028338,53374028337,-1,974,2055
53374633665,53374633670,5,2442,1752
53375686419,53375686416,-3,1253,2935
53380399002,53380398997,-5,807,1491
53382767568,53382767566,-2,1611,3394
53383606607,53383606603,-4,999,2258
53385735198,53385735197,-1,1404,1407
53390300214,53390300210,-4,1312,2103
53393115519,53393115518,-1,1090,1958
53394030027,53394030023,-4,942,2085
53396189362,53396189359,-3,1103,2204
53396577510,53396577525,15,1046,2161
53396835426,53396835422,-4,1347,2086
53397413990,53397413986,-4,852,1728
53400041694,53400041690,-4,1139,2318
53404918329,53404918325,-4,1176,2268
53405603908,53405603902,-6,1027,2424
53409097905,53409097902,-3,1333,2520
53410545667,53410545663,-4,894,1687
53415991271,53415991276,5,2871,1755
53416961069,53416961069,0,1519,1451
53419346259,53419346256,-3,1189,2451
53421226275,53421226273,-2,1588,2793
53423835854,53423835852,-2,1379,2750
53425024033,53425024031,-2,1221,1795
53426375385,53426375384,-1,1210,2116
53433615286,53433615283,-3,771,3144
53434916743,53434916739,-4,1410,2778
53435028961,53435028956,-5,1249,2592
53438670428,53438670425,-3,1073,1880
53439846100,53439846098,-2,1171,2504
53441005717,53441005714,-3,704,2310
53442651903,53442651923,20,590,983
53444754151,53444754149,-2,1059,2599
53445328722,53445328726,4,3473,2558
53447984744,53447984733,-11,1021,3125
53449972092,53449972088,-4,1481,2539
53450022618,53450022616,-2,1361,1453
53451122464,53451122470,6,2678,1164
53453684469,53453684462,-7,1049,3571
53455393623,53455393620,-3,812,2463
53455533182,53455533172,-10,1355,1885
53456237965,53456237946,-19,990,2680
53459284685,53459284684,-1,1144,2218
53459898493,53459898491,-2,934,2471
53465823259,53465823262,3,1992,1567
53467542793,53467542791,-2,1215,1963
53469767426,53469767422,-4,666,1430
53471403730,53471403729,-1,702,2520
53475602677,53475602675,-2,856,1313
53482203810,53482203807,-3,964,1574
53487869307,53487869307,0,1168,2335
53489645924,53489645921,-3,1353,2748
53490014035,53490014038,3,1889,1352
53500883237,53500883234,-3,1063,2332
53505692387,53505692385,-2,1452,2793
53506353203,53506353201,-2,1448,3168
53513498030,53513498031,1,1567,1019
53517920830,53517920826,-4,1191,2584
53521147835,53521147834,-1,1799,1529
53536122269,53536122271,2,1763,1543
53540598729,53540598725,-4,1680,2253
53548963209,53548963207,-2,2117,4636
53549681014,53549681014,0,1301,2299
53550142961,53550142959,-2,966,1550
53553126572,53553126569,-3,1271,2185
53555316200,53555316194,-6,1149,2476
53559150773,53559150775,2,1183,1493
53561153476,53561153490,14,130,975
53564562782,53564562781,-1,1080,2253
53570080316,53570080313,-3,951,2226
53572215415,53572215411,-4,1659,3753
53573146819,53573146817,-2,932,2274
53580413162,53580413160,-2,1295,1944
53582578549,53582578547,-2,1573,3691
53585902200,53585902212,12,15077,47353
53586311786,53586311785,-1,1036,2176
53587648846,53587648843,-3,1633,5132
53593074324,53593074321,-3,840,1276
53593947713,53593947712,-1,1392,1846
53598677278,53598677284,6,887,169
53602566793,53602566790,-3,937,4182
53614748471,53614748469,-2,1091,2071
53618213239,53618213243,4,1406,1517
53618923702,53618923702,0,1855,2186
53622890426,53622890430,4,2471,1354
53623222690,53623222687,-3,1262,1863
53624958147,53624958147,0,1301,1616
53627613104,53627613106,2,3814,2755
53629050095,53629050098,3,1084,1194
53629646412,53629646409,-3,1241,1797
53631974122,53631974120,-2,1269,1852
53634699891,53634699887,-4,1083,2455
53636866254,53636866252,-2,1236,2624
53637227574,53637227563,-11,412,1157
53637289294,53637289293,-1,1018,1843
53640061055,53640061049,-6,1431,5153
53643397211,53643397207,-4,1089,2088
53644081398,53644081394,-4,850,1797
53644481373,53644481371,-2,914,2362
53649019826,53649019823,-3,1436,2017
53651498946,53651498945,-1,1399,2119
53660662729,53660662725,-4,925,2195
53661223271,53661223270,-1,1078,1913
53662380305,53662380313,8,3604,1695
53663876378,53663876376,-2,1177,2696
53671665862,53671665859,-3,947,1637
53673457893,53673457889,-4,1165,1932
53679170844,53679170841,-3,1405,2283
53681226658,53681226653,-5,1123,1781
53687164998,53687164993,-5,1048,2368
53690454734,53690454730,-4,1380,1668
53695774546,53695774544,-2,1137,2439
53697881771,53697881777,6,22888,57506
53702389904,53702389901,-3,790,2501
53702588788,53702588811,23,575,1088
53712467545,53712467542,-3,1339,2110
53712942702,53712942702,0,1394,2068
53713900874,53713900874,0,1439,2188
53716061861,53716061858,-3,1264,1969
53716223469,53716223466,-3,1105,1904
53719561493,53719561479,-14,293,557
53719811719,53719811717,-2,968,1972
53723329665,53723329664,-1,1433,2061
53723532874,53723532873,-1,1213,1983
53727125790,53727125786,-4,629,798
53730429376,53730429374,-2,1373,2040
53737965397,53737965395,-2,1271,2552
53738048652,53738048663,11,221,1039
53738382428,53738382449,21,758,1495
53739594559,53739594557,-2,1213,2466
53739981483,53739981482,-1,1127,2385
53743027863,53743027861,-2,982,1725
53745984208,53745984206,-2,1180,2320
53746337221,53746337218,-3,994,2388
53757762650,53757762647,-3,1019,1796
53761573014,53761573012,-2,945,2201
53762619865,53762619862,-3,1214,2062
53763171915,53763171914,-1,1247,2429
53769199002,53769198997,-5,1395,3819
53773300934,53773300931,-3,1440,3533
53773594518,53773594514,-4,842,1695
53775313309,53775313302,-7,2283,5786
53775960018,53775960017,-1,890,2016
53779315405,53779315404,-1,1577,2701
53779493786,53779493783,-3,1680,2983
53784978975,53784978971,-4,1281,2482
53785244702,53785244698,-4,1389,1738
53787646095,53787646094,-1,1146,2459
53788601706,53788601705,-1,1287,2291
53790007493,53790007497,4,2363,1611
53799443846,53799443841,-5,1133,2249
53799734503,53799734505,2,1763,1904
53804563049,53804563053,4,2837,1715
53805761478,53805761474,-4,1172,1968
53808364503,53808364500,-3,1380,3506
53811411614,53811411610,-4,1886,3253
53813980598,53813980596,-2,1126,1583
53815810887,53815810882,-5,1029,2608
53820405271,53820405269,-2,1839,3360
53824324618,53824324617,-1,675,1733
53829488823,53829488825,2,2923,3611
53832653703,53832653695,-8,826,3755
53841728139,53841728137,-2,1287,2119
53842205486,53842205483,-3,958,2425
53842518879,53842518879,0,1057,2167
53842875405,53842875407,2,2464,2913
53843021297,53843021294,-3,1146,1911
53843630773,53843630756,-17,850,2106
53843707321,53843707325,4,5206,3019
53845764475,53845764475,0,916,1162
53848134963,53848134960,-3,1161,2028
53848182262,53848182260,-2,1011,1910
53850423294,53850423301,7,2511,1766
53852185357,53852185354,-3,1137,2288
53852860950,53852860949,-1,1148,1796
53853583867,53853583866,-1,952,2667
53857218164,53857218158,-6,42100,12041
53862348167,53862348165,-2,735,2233
53864855020,53864855018,-2,1777,3190
53864963945,53864963944,-1,1024,1438
53866117836,53866117833,-3,971,2260
53866351860,53866351865,5,130,791
53867434243,53867434243,0,982,1327
53869672081,53869672078,-3,877,2582
53870061495,53870061493,-2,1108,1721
53870393502,53870393499,-3,1522,2428
53872661815,53872661813,-2,1210,2089
53873265511,53873265510,-1,1421,2618
53873911670,53873911673,3,2230,2068
53874529644,53874529639,-5,810,3858
53874817668,53874817661,-7,959,2288
53876733985,53876733982,-3,1009,2398
53879816558,53879816558,0,1074,1116
53883767728,53883767724,-4,785,1978
53884940235,53884940235,0,774,1881
53888913628,53888913625,-3,1064,2039
53889210634,53889210631,-3,839,1836
53889832205,53889832227,22,671,1131
53890655058,53890655054,-4,978,2303
53893113871,53893113868,-3,1119,1829
53894734250,53894734250,0,839,1707
53896496232,53896496232,0,903,1758
53896789391,53896789390,-1,703,1822
53905548640,53905548638,-2,1410,1581
53911938898,53911938894,-4,1189,2188
53913803772,53913803766,-6,1117,1982
53914092939,53914092937,-2,1282,2099
53914595421,53914595439,18,805,2495
53914883318,53914883320,2,2031,1887
53918204682,53918204678,-4,1271,2242
53921470203,53921470200,-3,919,2185
53921680845,53921680866,21,331,937
53923983167,53923983162,-5,839,2968
53924563078,53924563065,-13,401,1687
53927540988,53927540986,-2,1445,2302
53928143216,53928143214,-2,1407,2591
53930336647,53930336645,-2,1123,2174
53936239607,53936239607,0,1424,2490
53938068922,53938068919,-3,1056,2318
53940911762,53940911759,-3,623,1833
53944648719,53944648719,0,1156,2389
53945723131,53945723133,2,2357,2281
53946920701,53946920699,-2,976,2283
53947780599,53947780617,18,407,696
53955768485,53955768464,-21,1743,2315
53960088413,53960088414,1,1398,1626
53961883485,53961883483,-2,638,1652
53962774952,53962774946,-6,1300,1854
53965907226,53965907225,-1,1205,3010
53970516131,53970516128,-3,1352,3241
53976201668,53976201665,-3,1016,2042
53979031567,53979031564,-3,1204,2014
53980709334,53980709334,0,1085,2172
53987596998,53987596997,-1,966,1906
53991551654,53991551653,-1,1240,1930
53992562961,53992562953,-8,1412,5679
53994902520,53994902520,0,1715,2003
53999347329,53999347326,-3,1178,2103
54000917014,54000917014,0,902,1724
54001819721,54001819718,-3,1101,2390
54008757623,54008757621,-2,790,1574
54010419693,54010419692,-1,1203,1692
54012157346,54012157342,-4,1574,1948
54023217682,54023217678,-4,1167,3407
54026448013,54026448011,-2,1225,3406
54030819735,54030819731,-4,1159,3136
54033950101,54033950103,2,1757,1239
54036641339,54036641336,-3,778,1824
54038657092,54038657091,-1,1508,1666
54040955790,54040955786,-4,28104,15401
54047265366,54047265372,6,5438,1990
54049953761,54049953758,-3,1296,2168
54052272933,54052272934,1,1352,1664
54053153890,54053153886,-4,1157,3216
54057382695,54057382691,-4,940,2212
54058726107,54058726104,-3,956,1868
54061348755,54061348754,-1,934,1892
54068564363,54068564361,-2,961,2675
54069844523,54069844527,4,2822,1728
54071672165,54071672162,-3,1610,1845
54074769659,54074769657,-2,793,2073
54076407484,54076407502,18,415,4425
54084902014,54084902012,-2,1271,2455
54084979352,54084979351,-1,1184,1818
54089443623,54089443622,-1,1130,1647
54090586181,54090586181,0,1247,2490
54091295406,54091295403,-3,846,2112
54092850683,54092850678,-5,1265,2638
54093085466,54093085462,-4,1600,2214
54095817626,54095817622,-4,1315,2544
54101830694,54101830693,-1,1729,2578
54103634738,54103634737,-1,1475,1987
54108881191,54108881187,-4,1122,2166
54109170797,54109170797,0,1512,1376
54115109158,54115109157,-1,906,1928
54117356062,54117356050,-12,577,1613
54126072330,54126072336,6,4076,1974
54128396323,54128396338,15,16541,36834
54129343608,54129343606,-2,1283,2101
54135400763,54135400772,9,1932,799
54136260477,54136260476,-1,1336,1761
54151375918,54151375917,-1,1154,1841
54151739966,54151739965,-1,1265,2041
54155541740,54155541737,-3,1481,2757
54158103706,54158103705,-1,1418,2335
54158306427,54158306422,-5,1091,2885
54158494320,54158494337,17,511,1632
54159148520,54159148518,-2,1531,2238
54159769174,54159769171,-3,1227,3085
54164326715,54164326713,-2,1162,2276
54164802715,54164802715,0,1221,1996
54170154985,54170154980,-5,1046,1842
54170215676,54170215674,-2,1054,1589
54174074403,54174074399,-4,353,1099
54176955671,54176955670,-1,1464,2607
54177137663,54177137677,14,307,1094
54178503069,54178503066,-3,624,1659
54179884359,54179884358,-1,908,1551
54181925725,54181925723,-2,1411,1955
54181977598,54181977595,-3,1279,1716
54182734312,54182734320,8,70561,25614
54185221011,54185221007,-4,1255,2366
54194252359,54194252356,-3,1322,2470
54194416559,54194416557,-2,1160,2517
54194682899,54194682898,-1,1259,2249
54204842510,54204842508,-2,1530,2078
54207704319,54207704322,3,2234,1092
54209628643,54209628641,-2,1395,2844
54212735066,54212735062,-4,1476,2495
54217652763,54217652761,-2,1070,2347
54219063198,54219063194,-4,1388,1989
54221099399,54221099396,-3,864,3508
54229190962,54229190961,-1,1588,2614
54232321569,54232321566,-3,763,2086
54237925979,54237925977,-2,695,2381
54238561934,54238561933,-1,1484,1727
54241101278,54241101275,-3,950,1377
54245106328,54245106327,-1,1188,2956
54259321114,54259321110,-4,1104,1871
54263801482,54263801494,12,14095,26430
54265579457,54265579453,-4,1346,2778
54267483594,54267483594,0,1142,1506
54288996027,54288996023,-4,633,1954
54289621246,54289621240,-6,295,833
54289679499,54289679494,-5,1017,2443
54290018975,54290018958,-17,1244,1944
54290409094,54290409085,-9,1123,2320
54291850449,54291850445,-4,804,2529
54300376365,54300376362,-3,793,1071
54300942023,54300942014,-9,695,1512
54301453722,54301453719,-3,563,2257
54304622835,54304622835,0,890,1507
54306643691,54306643688,-3,932,2605
54323358874,54323358881,7,3243,823
54323993402,54323993406,4,3782,964
54327491747,54327491743,-4,998,2087
54330420287,54330420286,-1,1030,2162
54343218859,54343218855,-4,1122,2017
54348990779,54348990776,-3,1128,2444
54350155158,54350155153,-5,1100,2907
54354889799,54354889801,2,2180,1969
54358069174,54358069173,-1,1010,2339
54359414537,54359414530,-7,1249,4277
54360461247,54360461246,-1,1346,1871
54365124839,54365124836,-3,1482,2195
54365806042,54365806038,-4,1224,2123
54370641291,54370641286,-5,1159,2182
54371049495,54371049491,-4,1095,1392
54374293543,54374293541,-2,1166,2528
54376437374,54376437372,-2,1149,3224
54377447293,54377447292,-1,1147,2222
54386165673,54386165671,-2,564,1880
54386563915,54386563910,-5,1197,3462
54388702551,54388702557,6,6039,2887
54393124397,54393124397,0,1479,1897
54396492104,54396492126,22,699,1151
54397732093,54397732093,0,1127,1794
54401668394,54401668391,-3,1274,2537
54405306547,54405306547,0,793,1890
54405690671,54405690670,-1,589,1137
54411683090,54411683085,-5,1057,2203
54412436738,54412436734,-4,932,1978
54412874675,54412874673,-2,996,2830
54415823812,54415823808,-4,23021,16279
54417985319,54417985319,0,977,1484
54419386907,54419386905,-2,619,756
54424815166,54424815163,-3,1329,1768
54426706455,54426706455,0,1129,1338
54428439395,54428439392,-3,1065,2449
54432944298,54432944294,-4,1410,1691
54433616847,54433616845,-2,969,1728
54434274891,54434274889,-2,854,1938
54434632109,54434632108,-1,1471,1759
54435927390,54435927388,-2,1170,2491
54436275509,54436275505,-4,945,1691
54440522683,54440522682,-1,1607,2375
54443389829,54443389826,-3,1066,2499
54445284631,54445284629,-2,1367,2565
54450928182,54450928179,-3,1278,1675
54451943291,54451943297,6,2694,2283
54452673859,54452673857,-2,1018,2760
54453461518,54453461514,-4,1122,2351
54459568043,54459568038,-5,1047,2305
54461612017,54461612016,-1,10057,18157
54462043703,54462043698,-5,971,1584
54463608099,54463608087,-12,10546,25386
54463941661,54463941657,-4,970,2260
54464050409,54464050405,-4,911,2296
54470786315,54470786313,-2,1396,2742
54474586119,54474586117,-2,1417,2684
54476468938,54476468934,-4,1186,1537
54478458402,54478458387,-15,3390,1415
54480248698,54480248698,0,985,1715
54483791687,54483791683,-4,1223,2139
54492442125,54492442119,-6,807,1904
54495744294,54495744292,-2,1195,2024
54501127781,54501127783,2,806,1625
54505182310,54505182306,-4,1199,1822
54505746071,54505746069,-2,1195,3085
54506492543,54506492537,-6,1101,1952
54507683582,54507683579,-3,1395,2899
54510978382,54510978378,-4,1282,2471
54512756434,54512756433,-1,1057,1610
54517289270,54517289266,-4,1314,2303
54521598119,54521598114,-5,1532,2907
54523270904,54523270897,-7,1089,4270
54525071659,54525071657,-2,756,1333
54525800579,54525800579,0,1635,1867
54526494201,54526494199,-2,1219,2493
54533789838,54533789836,-2,859,2374
54534355015,54534355006,-9,1103,2063
54534737377,54534737374,-3,1114,2422
54536544783,54536544781,-2,1029,1686
54536755669,54536755663,-6,1069,2741
54536988722,54536988719,-3,1223,2461
54537550821,54537550822,1,81,900
54541878356,54541878353,-3,904,1676
54550611963,54550611961,-2,863,2306
54551461199,54551461218,19,815,1071
54552414835,54552414836,1,1580,2160
54552965218,54552965215,-3,753,2481
54555417610,54555417609,-1,1032,2227
54556869469,54556869463,-6,1215,2685
54561054159,54561054154,-5,846,3588
54562423609,54562423606,-3,1572,2287
54564539016,54564539018,2,1529,1328
54566430359,54566430359,0,1393,2772
54566553478,54566553474,-4,1177,2525
54566800485,54566800489,4,2005,1626
54567645789,54567645788,-1,970,2282
54571281338,54571281336,-2,838,2285
54574191898,54574191893,-5,830,2431
54578970797,54578970796,-1,988,2547
54581456522,54581456520,-2,1106,1803
54582708743,54582708739,-4,1032,1998
54582964565,54582964564,-1,1771,2055
54583806266,54583806264,-2,2338,4179
54589161506,54589161510,4,1275,1322
54589469858,54589469855,-3,756,2526
54591883124,54591883114,-10,899,2570
54593422882,54593422879,-3,1170,1749
54593769951,54593769950,-1,1178,1963
54597195790,54597195788,-2,1170,2544
54599694555,54599694561,6,2773,1507
54603211214,54603211205,-9,1079,2614
54608282525,54608282530,5,1483,976
54609208074,54609208070,-4,1654,2318
54612023855,54612023853,-2,1406,1690
54612670025,54612670022,-3,1239,2448
54615427018,54615427016,-2,1116,2068
54615763856,54615763872,16,619,2015
54616913299,54616913297,-2,1007,1593
54618446621,54618446619,-2,1353,2336
54620838544,54620838540,-4,1199,2129
54622480225,54622480221,-4,839,2076
54623147518,54623147514,-4,1530,2379
54623572218,54623572218,0,2039,2466
54631146156,54631146154,-2,1250,2418
54631455496,54631455514,18,782,2226
54632352934,54632352931,-3,1612,3263
54638939531,54638939533,2,586,1199
54639354869,54639354870,1,1611,2213
54639749568,54639749566,-2,897,2187
54641384581,54641384582,1,1545,1328
54641636574,54641636574,0,1212,1966
54643436686,54643436686,0,611,1332
54648905619,54648905615,-4,1506,2942
54649933353,54649933352,-1,1606,1821
54651888024,54651888020,-4,651,2588
54653427231,54653427228,-3,1173,2819
54654383473,54654383479,6,2076,1029
54655442683,54655442681,-2,1332,2630
54656251372,54656251373,1,1710,2151
54658798578,54658798575,-3,964,1580
54659530550,54659530550,0,1098,1868
54659967705,54659967703,-2,1650,1893
54661364585,54661364583,-2,1174,2460
54666385536,54666385533,-3,1127,2467
54669843675,54669843671,-4,669,1934
54678625286,54678625292,6,14184,21400
54679859868,54679859866,-2,1197,2269
54682299510,54682299512,2,3380,2633
54693614007,54693614005,-2,1211,1951
54694988822,54694988820,-2,1225,2251
54695233370,54695233370,0,1060,2754
54695442574,54695442572,-2,773,2036
54698713992,54698713985,-7,699,4154
54702337008,54702337009,1,873,2219
54704436384,54704436394,10,5,1268
54708949262,54708949257,-5,1625,2981
54709275010,54709275008,-2,1507,3174
54709791797,54709791803,6,4078,1429
54710970783,54710970780,-3,1590,2974
54711571019,54711571018,-1,1215,1681
54713377259,54713377257,-2,1020,1969
54715345087,54715345086,-1,1133,1733
54716519797,54716519796,-1,1986,3086
54716959431,54716959429,-2,923,2251
54720919069,54720919066,-3,810,1199
54721555957,54721555958,1,1676,2533
54722334986,54722334984,-2,1418,2573
54723349878,54723349877,-1,1095,2142
54723798753,54723798746,-7,2350,7686
54724050430,54724050426,-4,1810,3085
54725000966,54725000965,-1,890,1524
54727956863,54727956859,-4,637,1347
54732840911,54732840910,-1,869,2216
54734141131,54734141125,-6,3484,41406
54740767755,54740767753,-2,466,1207
54742884415,54742884412,-3,947,2037
54749421913,54749421908,-5,1183,2780
54753244969,54753244970,1,2737,2097
54754408201,54754408197,-4,23187,12264
54755970741,54755970737,-4,903,1732
54759031318,54759031316,-2,1137,2071
54760414494,54760414492,-2,1005,2021
54770443709,54770443705,-4,1414,2725
54773522321,54773522317,-4,1068,2040
54775131066,54775131060,-6,1271,6017
54775863815,54775863813,-2,928,2055
54783820751,54783820749,-2,1103,3170
54784078677,54784078667,-10,736,2271
54789199268,54789199266,-2,1662,2749
54789270335,54789270353,18,1514,2627
54798678158,54798678157,-1,1327,2255
54803928626,54803928625,-1,818,2070
54809132859,54809132857,-2,3174,4253
54809966194,54809966189,-5,1021,2158
54810859731,54810859726,-5,1300,1847
54811129199,54811129195,-4,964,2697
54811826145,54811826142,-3,1397,2335
54813651531,54813651532,1,997,1315
54814968043,54814968047,4,2160,954
54818005027,54818005025,-2,895,2739
54818188024,54818188016,-8,766,1563
54819061654,54819061652,-2,1246,2931
54820364202,54820364198,-4,1080,2351
54823391807,54823391806,-1,1131,1977
54829072485,54829072484,-1,735,2092
54832571541,54832571538,-3,1199,2044
54833847970,54833847971,1,763,1255
54836102282,54836102277,-5,932,2281
54840139959,54840139957,-2,944,2340
54840999716,54840999714,-2,1104,1544
54844090771,54844090770,-1,1757,2461
54849730586,54849730580,-6,26408,11125
54850406209,54850406206,-3,1378,2784
54850661793,54850661789,-4,1284,3044
54852280718,54852280718,0,906,2161
54853886085,54853886082,-3,1116,2493
54856113118,54856113106,-12,737,1744
54858673907,54858673902,-5,1232,2578
54859301039,54859301038,-1,1770,1879
54860836850,54860836846,-4,932,2001
54864610145,54864610141,-4,934,2584
54866675846,54866675860,14,413,740
54872961426,54872961423,-3,1037,1901
54873029997,54873029993,-4,917,2292
54875097382,54875097381,-1,707,2501
54876153759,54876153758,-1,1114,1504
54879646324,54879646321,-3,1119,2045
54880750595,54880750591,-4,1093,2179
54881361446,54881361443,-3,890,2155
54883942945,54883942944,-1,1247,2360
54886282133,54886282129,-4,1259,2484
54888786002,54888785998,-4,864,2885
54890935158,54890935158,0,1079,2197
54891534390,54891534396,6,4431,1715
54892841082,54892841080,-2,876,1724
54893764012,54893764007,-5,842,2336
54893879958,54893879962,4,32,503
54895068293,54895068292,-1,611,1197
54895685363,54895685361,-2,1113,2278
54897845094,54897845090,-4,1011,2985
54898256239,54898256236,-3,1105,1509
54903081299,54903081295,-4,986,1492
54904565759,54904565761,2,1854,1769
54905631302,54905631301,-1,626,1356
54908980110,54908980108,-2,782,1969
54910332605,54910332604,-1,818,1807
54910476774,54910476795,21,432,2016
54918110101,54918110099,-2,900,1684
54924994035,54924994022,-13,841,1818
54926504318,54926504317,-1,1034,2054
54938396127,54938396125,-2,902,1933
54940791102,54940791108,6,5562,2764
54946148153,54946148148,-5,1036,3751
54955473183,54955473181,-2,731,1776
54956269889,54956269887,-2,1515,2795
54957275765,54957275763,-2,1109,1924
54962582886,54962582884,-2,1673,2292
54964231636,54964231634,-2,1072,1762
54965387596,54965387601,5,3987,1606
54966776921,54966776921,0,980,1579
54975621033,54975621030,-3,1483,2076
54976270402,54976270401,-1,2065,4733
54982918238,54982918237,-1,1575,2805
54986466117,54986466116,-1,1974,2621
54986614365,54986614361,-4,1395,3031
54988987575,54988987574,-1,458,1327
54991863706,54991863703,-3,599,1742
54992889783,54992889778,-5,682,2334
54999976962,54999976962,0,1056,1572
55003531749,55003531747,-2,1390,2387
55010455867,55010455866,-1,945,1788
55010996614,55010996610,-4,819,2234
55011921838,55011921846,8,51377,19294
55016243581,55016243579,-2,1180,2889
55020192823,55020192822,-1,877,1601
55022901626,55022901624,-2,1267,2215
55027193323,55027193324,1,1304,2127
55027341421,55027341418,-3,1201,1459
55029968650,55029968647,-3,980,2185
55030347786,55030347787,1,1086,1616
55031574497,55031574495,-2,981,1666
55031706198,55031706196,-2,671,1419
55032155934,55032155933,-1,1240,2363
55034767131,55034767128,-3,798,1247
55036158143,55036158158,15,798,2537
55039346594,55039346591,-3,1006,1571
55041654716,55041654714,-2,1034,1927
55042654065,55042654062,-3,931,2766
55043606596,55043606614,18,646,2478
55044595019,55044595022,3,2616,1469
55046548251,55046548249,-2,1210,2003
55047893337,55047893340,3,2141,1825
55048372747,55048372744,-3,1284,2170
55053976710,55053976710,0,1481,1976
55061003546,55061003546,0,1490,1310
55062196868,55062196867,-1,858,1308
55063442279,55063442277,-2,774,2527
55065529046,55065529043,-3,1190,2248
55067025758,55067025779,21,341,829
55071374619,55071374617,-2,1677,2097
55072981623,55072981627,4,4166,2841
55073631890,55073631887,-3,926,2331
55079554588,55079554586,-2,1242,2020
55083940946,55083940947,1,1174,1924
55087363220,55087363213,-7,1835,3798
55088983069,55088983066,-3,1322,2106
55089405506,55089405502,-4,1029,2308
55091040726,55091040725,-1,959,2108
55093419137,55093419134,-3,1485,2369
55095017510,55095017514,4,869,1088
55095591895,55095591893,-2,590,1289
55096393438,55096393432,-6,36038,12890
55098038042,55098038044,2,1749,1147
55103927694,55103927691,-3,1685,2233
55107648030,55107648028,-2,985,1753
55110264962,55110264961,-1,1140,1460
55110482228,55110482213,-15,989,1756
55112016478,55112016474,-4,1485,3020
55112759593,55112759590,-3,1572,2959
55116086663,55116086662,-1,918,2375
55119237758,55119237755,-3,1367,2527
55124318159,55124318156,-3,1129,1562
55124457785,55124457785,0,1598,2616
55125606048,55125606046,-2,892,1252
55130885225,55130885222,-3,1001,1653
55132480141,55132480138,-3,1194,2020
55132765429,55132765411,-18,1016,2202
55132797324,55132797310,-14,850,1678
55132858179,55132858175,-4,1404,3397
55137504223,55137504223,0,967,1501
55138459234,55138459236,2,2278,1994
55141838774,55141838772,-2,623,994
55143654173,55143654171,-2,649,1506
55144983602,55144983601,-1,1102,2187
55148163775,55148163773,-2,1124,2185
55150084251,55150084245,-6,1081,2689
55165810783,55165810790,7,1299,867
55167853535,55167853533,-2,1767,3717
55170399137,55170399137,0,1465,1741
55172248464,55172248461,-3,1290,2184
55174649706,55174649705,-1,1198,3274
55175442043,55175442039,-4,979,2407
55175957143,55175957146,3,1392,999
55180062014,55180062011,-3,1362,1708
55181512781,55181512786,5,1442,701
55183804544,55183804563,19,857,2622
55184035060,55184035058,-2,598,1115
55185684162,55185684160,-2,1185,2219
55195506352,55195506371,19,707,2164
55196022996,55196023002,6,3589,1309
55198115950,55198115942,-8,20636,16393
55199424765,55199424760,-5,1097,3355
55204647157,55204647153,-4,803,1456
55208130622,55208130620,-2,943,2785
55208174815,55208174812,-3,1015,1884
55211705374,55211705379,5,1864,1048
55213723507,55213723505,-2,588,1035
55214201029,55214201027,-2,853,2381
55215114897,55215114894,-3,966,2013
55216601754,55216601751,-3,976,2373
55222274822,55222274816,-6,1082,1939
55225109106,55225109101,-5,1039,4284
55226321690,55226321688,-2,790,1728
55226511549,55226511546,-3,48,453
55227720103,55227720101,-2,618,2623
55230191865,55230191864,-1,1078,1736
55230450390,55230450391,1,1682,2795
55231181405,55231181402,-3,1433,2395
55233913207,55233913206,-1,1106,2025
55242760438,55242760435,-3,1248,3163
55243660425,55243660419,-6,1015,2495
55246985771,55246985769,-2,862,2042
55247946510,55247946506,-4,1295,2422
55249214871,55249214870,-1,639,1188
55254145053,55254145050,-3,1063,2322
55258676406,55258676414,8,10292,43316
55261889046,55261889043,-3,1199,2697
55262216118,55262216117,-1,1011,1973
55265587222,55265587222,0,1271,1682
55269906328,55269906330,2,2664,2427
55269931470,55269931469,-1,931,2073
55271625118,55271625116,-2,753,1703
55273416030,55273416030,0,931,930
55274741348,55274741346,-2,1718,2802
55278365576,55278365574,-2,1327,1900
55278830083,55278830079,-4,1344,3329
55285274901,55285274898,-3,1078,2666
55287530978,55287530974,-4,1551,2736
55289297906,55289297906,0,1397,1920
55289626301,55289626301,0,1055,2494
55290915918,55290915918,0,1069,1556
55294927518,55294927518,0,1318,2024
55296394557,55296394554,-3,1376,2110
55296936630,55296936625,-5,23805,12649
55298434946,55298434943,-3,1444,2372
55298756310,55298756306,-4,797,1628
55301037818,55301037814,-4,841,1597
55301254848,55301254862,14,766,1525
55301900678,55301900674,-4,1333,2562
55304667446,55304667441,-5,698,1780
55309578328,55309578328,0,18862,55766
55309733063,55309733058,-5,861,2014
55310494689,55310494685,-4,1026,2551
55313303855,55313303855,0,1381,1877
55317447206,55317447203,-3,1063,2319
55320355852,55320355851,-1,30200,19910
55321601602,55321601602,0,1479,3007
55326184990,55326184988,-2,1405,2594
55326934449,55326934446,-3,1420,2098
55327090415,55327090415,0,1202,2074
55328211645,55328211647,2,806,661
55330569739,55330569742,3,3360,2338
55331489192,55331489190,-2,817,2026
55334495362,55334495360,-2,1099,2086
55335604066,55335604064,-2,1068,2252
55340342701,55340342702,1,1618,2224
55340651726,55340651725,-1,1078,1916
55341835326,55341835322,-4,1007,2875
55343829963,55343829961,-2,1138,2087
55346018304,55346018302,-2,1603,3042
55350332171,55350332164,-7,1354,7672
55351586507,55351586505,-2,1589,2419
55354329895,55354329892,-3,771,1704
55354679748,55354679746,-2,1584,2712
55355237913,55355237907,-6,858,2999
55355757426,55355757422,-4,1357,2216
55358254579,55358254575,-4,617,1872
55364179010,55364179006,-4,1189,1986
55366577822,55366577818,-4,653,1503
55367071998,55367071995,-3,622,1287
55372531292,55372531290,-2,1114,2346
55374796460,55374796455,-5,1092,1384
55375536722,55375536722,0,1149,1643
55385578154,55385578154,0,927,1778
55391702313,55391702310,-3,1123,2003
55392171362,55392171359,-3,1300,2900
55397682986,55397682984,-2,1054,2293
55399128809,55399128809,0,1681,2125
55399789899,55399789898,-1,830,1853
55402308842,55402308841,-1,1647,2343
55402724590,55402724590,0,1660,1656
55406784989,55406784987,-2,1492,2701
55412761690,55412761686,-4,1077,1969
55413227175,55413227173,-2,1285,2551
55414044600,55414044598,-2,1151,2377
55417106597,55417106594,-3,1210,3124
55422593010,55422593006,-4,940,1642
55423754261,55423754258,-3,1156,2249
55424179614,55424179611,-3,884,2020
55424416720,55424416718,-2,1398,2331
55425824875,55425824872,-3,1149,2354
55427164142,55427164139,-3,1000,2043
55431707113,55431707109,-4,1144,1776
55433697719,55433697721,2,1386,1428
55437716340,55437716337,-3,1011,1951
55437783087,55437783069,-18,847,2783
55438948293,55438948291,-2,1609,1989
55441668550,55441668545,-5,1623,2545
55444503162,55444503161,-1,1710,1991
55444546319,55444546318,-1,921,1609
55449122492,55449122490,-2,1213,2524
55449314973,55449314971,-2,2324,4589
55450545985,55450545986,1,1125,1790
55453900463,55453900461,-2,1138,2527
55454919371,55454919369,-2,1151,2734
55455813750,55455813748,-2,928,2351
55455864109,55455864107,-2,1241,2290
55456225437,55456225433,-4,913,2329
55456802702,55456802695,-7,1300,6748
55456986247,55456986245,-2,822,1723
55462996291,55462996289,-2,809,1811
55463836791,55463836807,16,662,1376
55469002814,55469002818,4,2619,1706
55469393465,55469393462,-3,1200,2045
55471839346,55471839345,-1,1227,3216
55473530991,55473530988,-3,1271,1659
55475982726,55475982723,-3,1171,2150
55480164890,55480164889,-1,749,2441
55480439991,55480439988,-3,986,2340
55484483382,55484483395,13,519,1473
55489484094,55489484092,-2,906,2105
55490821786,55490821783,-3,1042,2540
55491491919,55491491918,-1,960,2344
55492068534,55492068531,-3,1402,2190
55492820331,55492820330,-1,1067,1278
55496479282,55496479279,-3,1929,4420
55497657688,55497657706,18,15584,31096
55498437919,55498437936,17,1399,1747
55506139376,55506139373,-3,1137,2339
55506903235,55506903235,0,771,1156
55513505262,55513505261,-1,1236,1974
55513602023,55513602022,-1,1534,3016
55518085646,55518085644,-2,1207,2360
55519633115,55519633112,-3,796,2093
55520770057,55520770055,-2,675,1918
55521736675,55521736673,-2,809,2212
55523271687,55523271686,-1,967,1648
55525374747,55525374745,-2,926,1966
55527507410,55527507407,-3,713,1916
55533153952,55533153950,-2,1563,2946
55534192298,55534192298,0,2276,3838
55535168150,55535168148,-2,918,2596
55536511210,55536511207,-3,879,1919
55539677113,55539677109,-4,1636,2295
55546404835,55546404834,-1,992,2419
55549923726,55549923725,-1,3099,3561
55552825206,55552825202,-4,985,2073
55553009071,55553009070,-1,1615,2023
55555326778,55555326774,-4,1099,1815
55555465471,55555465465,-6,647,2161
55557993142,55557993141,-1,831,2156
55562726797,55562726793,-4,900,2796
55563103466,55563103462,-4,1202,2224
55566475039,55566475035,-4,1251,2029
55567073734,55567073735,1,1094,2660
55567976614,55567976607,-7,754,3064
55570209315,55570209313,-2,1104,2119
55576572443,55576572441,-2,1073,2439
55576921837,55576921834,-3,1140,2171
55582949099,55582949094,-5,976,1748
55584481779,55584481776,-3,734,1927
55592398199,55592398197,-2,918,1779
55594063953,55594063952,-1,1348,2319
55597299391,55597299390,-1,1593,1986
55601117448,55601117446,-2,1637,2621
55606962286,55606962285,-1,1118,2232
55607078567,55607078565,-2,315,1237
55607437078,55607437098,20,1030,1966
55607577519,55607577538,19,792,3258
55617049878,55617049875,-3,1165,1916
55619583458,55619583457,-1,1442,2619
55620620899,55620620895,-4,978,2054
55628521342,55628521341,-1,790,1391
55632249235,55632249255,20,1796,1700
55635105872,55635105870,-2,1639,2174
55637583742,55637583740,-2,1127,2352
55637727998,55637727994,-4,1186,1987
55641514061,55641514058,-3,935,2205
55644365587,55644365586,-1,1248,2469
55646434087,55646434083,-4,1130,1904
55647219550,55647219549,-1,1237,2658
55649224483,55649224480,-3,1035,2332
55649527548,55649527546,-2,862,1435
55649553031,55649553029,-2,1378,1876
55650461744,55650461742,-2,1139,2384
55654686740,55654686737,-3,1232,1725
55657616785,55657616782,-3,1268,2949
55657789242,55657789237,-5,1151,3678
55659758110,55659758107,-3,1002,1809
55662083923,55662083921,-2,1041,2174
55666357325,55666357321,-4,1219,1778
55673276818,55673276814,-4,972,1421
55674376388,55674376384,-4,1198,2120
55677047307,55677047304,-3,1353,2797
55677885161,55677885157,-4,762,2521
55681346790,55681346794,4,4055,2218
55682469814,55682469812,-2,1178,2791
55685016805,55685016805,0,833,1233
55686357564,55686357562,-2,1038,1811
55686968102,55686968090,-12,1038,1885
55687696632,55687696633,1,1352,2057
55688157003,55688157009,6,2996,1494
55689462961,55689462958,-3,1499,2580
55691776422,55691776431,9,4681,1450
55696289896,55696289894,-2,1123,2036
55696599585,55696599582,-3,1156,2400
55697145750,55697145739,-11,746,1193
55697354526,55697354508,-18,1057,3486
55699921115,55699921114,-1,1724,2194
55703331662,55703331660,-2,863,2334
55703943383,55703943383,0,1179,1275
55706804663,55706804659,-4,1084,2015
55707044062,55707044053,-9,1237,2099
55709701091,55709701091,0,862,1623
55711974301,55711974299,-2,1293,2889
55716354732,55716354726,-6,1004,3090
55717747836,55717747855,19,14456,41056
55720043850,55720043846,-4,1351,2437
55725219049,55725219049,0,3630,5099
55731483674,55731483671,-3,1452,2598
55740133970,55740133967,-3,1427,1947
55744565474,55744565475,1,841,1390
55747415136,55747415133,-3,1043,3024
55749175482,55749175481,-1,1444,2366
55753015314,55753015313,-1,1176,2664
55755883065,55755883066,1,1216,1369
55758764821,55758764819,-2,1038,2398
55758990502,55758990499,-3,1377,2601
55761138493,55761138491,-2,921,2006
55762151830,55762151834,4,1981,1009
55765317501,55765317497,-4,1126,2158
55771823125,55771823123,-2,1011,1939
55772319255,55772319257,2,1614,2249
55773627485,55773627488,3,957,1279
55777620685,55777620682,-3,1427,3027
55780325393,55780325390,-3,1075,2436
55781166375,55781166360,-15,1233,2125
55781656092,55781656090,-2,1274,2302
55785744094,55785744090,-4,1155,2975
55787545334,55787545332,-2,978,1412
55787669906,55787669903,-3,783,2420
55789626851,55789626850,-1,1235,1916
55790211458,55790211458,0,764,3421
55792238882,55792238882,0,761,1650
55795327454,55795327449,-5,1268,2213
55795834036,55795834033,-3,1495,2506
55795975229,55795975250,21,856,1933
55796065846,55796065867,21,888,1854
55796919079,55796919078,-1,1490,2292
55802597294,55802597294,0,1332,1809
55803378771,55803378770,-1,1794,2461
55804961998,55804961997,-1,1267,2473
55813361543,55813361544,1,4246,5326
55813935925,55813935924,-1,1336,1837
55814599572,55814599572,0,1349,2437
55820462235,55820462232,-3,989,2163
55821023455,55821023454,-1,1583,3040
55822267083,55822267078,-5,1158,2149
55822763391,55822763398,7,6319,2095
55823083570,55823083570,0,850,1409
55825817678,55825817674,-4,930,2243
55826637766,55826637763,-3,840,2131
55830529764,55830529762,-2,1744,2965
55830629831,55830629829,-2,1456,3709
55830819726,55830819723,-3,820,2214
55833139179,55833139177,-2,1418,2373
55833941831,55833941828,-3,1209,2337
55834890038,55834890035,-3,1169,2024
55842191599,55842191597,-2,1075,2513
55849109239,55849109236,-3,1290,1896
55858312850,55858312846,-4,1323,4102
55859607413,55859607412,-1,1249,1692
55859877919,55859877918,-1,1231,1985
55860572566,55860572563,-3,1069,2808
55861363191,55861363191,0,1081,1501
55864040767,55864040763,-4,1497,2744
55864844004,55864844002,-2,1900,2531
55868430822,55868430818,-4,955,1499
55886512445,55886512442,-3,1104,1910
55888753159,55888753158,-1,1211,2750
55889194281,55889194281,0,1786,1227
55899109815,55899109814,-1,1433,2004
55902623895,55902623893,-2,1258,1735
55904979426,55904979425,-1,970,1909
55910545759,55910545757,-2,1409,2978
55913152523,55913152522,-1,1184,3525
55914969206,55914969201,-5,1370,3252
55920117367,55920117362,-5,1216,2603
55920357657,55920357655,-2,1171,2055
55920983482,55920983481,-1,1035,2368
55931752395,55931752390,-5,1477,3935
55932508142,55932508142,0,1190,2166
55932761943,55932761939,-4,1252,2562
55934114166,55934114162,-4,848,1664
55936620835,55936620830,-5,1787,3460
55940531660,55940531661,1,1598,2196
55941019415,55941019411,-4,2087,6402
55943113614,55943113608,-6,806,2249
55944392533,55944392531,-2,692,1717
55944423324,55944423306,-18,287,787
55950122210,55950122205,-5,969,2861
55950979531,55950979530,-1,1192,2214
55951114286,55951114303,17,291,2378
55951692795,55951692790,-5,1073,2584
55953775624,55953775622,-2,1496,3161
55954272500,55954272498,-2,1068,1524
55955063184,55955063198,14,823,2248
55959727638,55959727635,-3,672,1241
55967393770,55967393766,-4,940,2020
55969500887,55969500895,8,5637,31220
55970448355,55970448353,-2,867,1740
55970989057,55970989054,-3,1372,2534
55979429546,55979429545,-1,798,1974
55982663161,55982663160,-1,967,2270
55985285112,55985285106,-6,24282,12937
55985961401,55985961407,6,2228,1473
55986055217,55986055217,0,1044,2110
55990608236,55990608233,-3,47420,20443
55996782962,55996782963,1,2056,1760
55997694937,55997694937,0,1593,1299
56003747842,56003747838,-4,806,1686
56004484486,56004484483,-3,1016,1269
56006522779,56006522776,-3,1408,2360
56007177777,56007177774,-3,1040,2645
56008248256,56008248262,6,11866,21142
56010284965,56010284962,-3,1292,2128
56013437828,56013437848,20,200,1203
56015158895,56015158892,-3,1201,1872
56016193559,56016193554,-5,715,1766
56018956288,56018956285,-3,1218,2636
56022801112,56022801108,-4,991,2125
56026492143,56026492141,-2,1053,1856
56026678270,56026678266,-4,1250,2257
56028631300,56028631298,-2,1294,2997
56029162634,56029162630,-4,800,1654
56030030074,56030030074,0,1223,2321
56031104659,56031104657,-2,1114,1861
56031771237,56031771233,-4,1479,3057
56033083742,56033083741,-1,1405,1887
56033298415,56033298411,-4,1672,3130
56034194650,56034194649,-1,1035,2167
56036330662,56036330659,-3,805,1488
56038127714,56038127711,-3,968,2686
56039441493,56039441491,-2,1419,2369
56045320550,56045320548,-2,959,1405
56049032821,56049032818,-3,832,2120
56050344069,56050344066,-3,1007,1575
56050590054,56050590051,-3,1330,1856
56051471499,56051471497,-2,907,2358
56057463038,56057463038,0,1370,2521
56058634566,56058634565,-1,1243,1994
56060938175,56060938174,-1,684,1533
56063619330,56063619328,-2,1300,2049
56066193822,56066193810,-12,710,1300
56067688402,56067688402,0,1499,2315
56067782683,56067782681,-2,1270,2361
56068960270,56068960268,-2,1269,2223
56074022386,56074022382,-4,1102,2538
56075283226,56075283212,-14,1110,349
56077785903,56077785905,2,5003,4153
56078808581,56078808580,-1,1136,2114
56079541519,56079541511,-8,208,992
56080204028,56080204025,-3,1524,3010
56080721349,56080721371,22,1355,2419
56081704130,56081704125,-5,976,2567
56084627950,56084627945,-5,1240,1337
56087951623,56087951623,0,1257,1751
56089248523,56089248528,5,3550,1325
56090537913,56090537911,-2,1761,3090
56091062526,56091062535,9,391,954
56092522246,56092522244,-2,1221,2462
56093597578,56093597575,-3,1026,2847
56096214710,56096214705,-5,888,2343
56106585683,56106585683,0,1265,1793
56107428574,56107428579,5,2579,1866
56108786955,56108786953,-2,1449,1888
56109519314,56109519310,-4,996,1725
56112267185,56112267182,-3,1250,2131
56116145677,56116145673,-4,630,1615
56118162977,56118162976,-1,1542,2423
56118217884,56118217882,-2,1228,1720
56118723877,56118723898,21,314,829
56119880324,56119880320,-4,1001,2064
56122075566,56122075566,0,904,1857
56124091906,56124091902,-4,744,1706
56124170070,56124170085,15,992,1852
56126615474,56126615473,-1,896,2455
56127037319,56127037316,-3,1091,1764
56130509466,56130509465,-1,1366,3042
56133832910,56133832909,-1,1106,2591
56133924726,56133924727,1,827,1517
56135011155,56135011162,7,5795,2184
56135846474,56135846473,-1,813,2091
56135973217,56135973215,-2,941,1933
56141859546,56141859545,-1,1134,2477
56142748442,56142748439,-3,852,2570
56144918279,56144918277,-2,806,1937
56145033803,56145033801,-2,1088,1722
56146005471,56146005467,-4,729,1352
56147048086,56147048102,16,763,314
56147664629,56147664625,-4,889,2151
56148905274,56148905271,-3,1487,2730
56154234393,56154234397,4,3739,2120
56158999996,56158999994,-2,1364,2604
56159215548,56159215546,-2,920,1741
56161024648,56161024642,-6,1237,2192
56161626174,56161626173,-1,1417,2477
56161685553,56161685553,0,1913,1866
56162249337,56162249334,-3,1217,2373
56164081883,56164081878,-5,959,3377
56164130188,56164130178,-10,321,1104
56165304775,56165304773,-2,928,1738
56165871425,56165871421,-4,1219,2786
56171470172,56171470173,1,1388,1647
56172133438,56172133458,20,615,1612
56175428245,56175428242,-3,838,1754
56176827437,56176827433,-4,988,1653
56177418383,56177418378,-5,1392,2607
56177906882,56177906893,11,17054,23211
56177957967,56177957965,-2,641,2119
56179875118,56179875116,-2,1341,2152
56184785273,56184785270,-3,1295,2005
56185711407,56185711402,-5,801,978
56193964342,56193964341,-1,1191,1840
56201001843,56201001841,-2,766,1765
56201581735,56201581728,-7,1311,6216
56201976076,56201976062,-14,1172,3229
56206975354,56206975350,-4,1324,2375
56207483715,56207483712,-3,1240,2002
56213410077,56213410073,-4,1002,1883
56213589768,56213589785,17,879,1938
56214416194,56214416190,-4,1042,2395
56215426136,56215426134,-2,1128,2151
56215593550,56215593546,-4,901,2192
56216244134,56216244126,-8,1018,2502
56216608216,56216608210,-6,1285,2945
56216980001,56216979998,-3,946,2029
56217645156,56217645178,22,644,1522
56218895024,56218895025,1,2832,3474
56221944474,56221944474,0,1275,1024
56226694525,56226694528,3,2162,1432
56229198814,56229198810,-4,1555,2544
56233265358,56233265357,-1,1216,2179
56240022366,56240022364,-2,1200,2471
56240066308,56240066293,-15,114,1195
56246931984,56246931981,-3,1209,2998
56247769425,56247769423,-2,1031,2137
56248274837,56248274834,-3,907,2065
56250629645,56250629667,22,1780,2624
56254681902,56254681898,-4,1420,2977
56255786661,56255786659,-2,1228,3100
56259486407,56259486407,0,870,863
56264031737,56264031738,1,1318,1649
56264335058,56264335050,-8,663,3986
56264776964,56264776957,-7,1465,1951
56268655239,56268655237,-2,1025,2243
56273429028,56273429033,5,1837,1511
56273760010,56273760025,15,931,1640
56278181894,56278181891,-3,1123,2625
56278979890,56278979896,6,2863,1252
56280427855,56280427853,-2,1584,3082
56281944759,56281944757,-2,1338,2414
56285446077,56285446075,-2,1367,2185
56286333045,56286333040,-5,1058,2339
56286902211,56286902209,-2,1008,1746
56287832061,56287832058,-3,858,2119
56291823855,56291823854,-1,1060,1984
56292463411,56292463417,6,4132,2183
56294650247,56294650245,-2,1376,2723
56296611828,56296611825,-3,1168,2320
56297923273,56297923270,-3,1330,1873
56300066215,56300066211,-4,1007,1836
56300332735,56300332750,15,533,1180
56301322468,56301322465,-3,1244,1979
56306090647,56306090644,-3,981,1894
56308332794,56308332792,-2,1450,1828
56308554328,56308554326,-2,1423,3802
56308704496,56308704494,-2,1410,3423
56309005078,56309005075,-3,1090,2338
56309167200,56309167215,15,762,2149
56309563958,56309563956,-2,1282,2531
56311214010,56311214007,-3,1315,2975
56311577346,56311577345,-1,1198,2596
56313495313,56313495309,-4,1255,2334
56320041567,56320041565,-2,1091,2268
56321821598,56321821594,-4,779,1946
56322344197,56322344197,0,1155,1198
56323659317,56323659316,-1,1292,2503
56325113699,56325113699,0,1283,1602
56325395110,56325395108,-2,1058,2206
56325457610,56325457608,-2,954,2247
56325722581,56325722579,-2,34564,66574
56326592030,56326592027,-3,755,1421
56327295325,56327295320,-5,1550,3224
56328610706,56328610706,0,1234,1947
56330489185,56330489189,4,2176,1213
56332005843,56332005853,10,14800,26735
56333574885,56333574881,-4,1447,3195
56340727018,56340727017,-1,1617,2054
56344527354,56344527349,-5,1785,2201
56345667683,56345667681,-2,1036,2114
56346446443,56346446438,-5,682,2196
56347948405,56347948401,-4,1084,2100
56348318232,56348318230,-2,1430,2349
56349979173,56349979171,-2,1154,2114
56350629445,56350629441,-4,836,2377
56352647964,56352647963,-1,2728,3268
56353556668,56353556667,-1,1154,2422
56354469194,56354469191,-3,860,2168
56357024364,56357024362,-2,1462,2458
56360692283,56360692281,-2,1671,2716
56370378813,56370378817,4,16210,12986
56370681224,56370681220,-4,1563,2511
56370803885,56370803899,14,5,734
56371582758,56371582757,-1,1117,2927
56371979126,56371979125,-1,1423,1324
56372409366,56372409363,-3,1096,1985
56373416637,56373416635,-2,1055,1388
56376795853,56376795850,-3,855,2839
56377851123,56377851119,-4,970,1954
56382047184,56382047183,-1,1650,1759
56382194565,56382194586,21,559,1263
56386548605,56386548605,0,1750,2551
56386940463,56386940461,-2,1040,2736
56389000610,56389000611,1,1313,1017
56389745531,56389745534,3,1498,1581
56393276929,56393276925,-4,1008,2191
56394976479,56394976474,-5,1182,2026
56400253918,56400253921,3,3108,2887
56400516430,56400516428,-2,1840,2063
56404299502,56404299503,1,1578,1918
56407822647,56407822643,-4,2101,5859
56408014847,56408014843,-4,1697,3303
56411516902,56411516896,-6,534,2267
56417888462,56417888463,1,1608,2965
56420108994,56420108991,-3,943,2620
56421758131,56421758129,-2,1010,2316
56422311730,56422311732,2,625,1185
56424108228,56424108225,-3,1018,1902
56425141171,56425141171,0,894,2143
56426765878,56426765877,-1,6080,8974
56427423086,56427423081,-5,1193,2242
56433237795,56433237794,-1,1173,1874
56434323534,56434323530,-4,1548,2978
56435068677,56435068678,1,1090,1969
56438360351,56438360367,16,909,1253
56438922809,56438922807,-2,1011,1828
56440796178,56440796175,-3,935,2074
56440848997,56440848987,-10,2016,5415
56442290271,56442290278,7,197,687
56450633112,56450633111,-1,1397,1536
56450810876,56450810883,7,296,1143
56470079563,56470079561,-2,1359,2233
56473225858,56473225856,-2,1364,2466
56473516826,56473516822,-4,1431,2805
56476121659,56476121660,1,33620,57482
56476873246,56476873245,-1,1282,2375
56479567362,56479567362,0,982,1623
56481462518,56481462515,-3,1209,2277
56482416946,56482416945,-1,1090,1577
56483893330,56483893327,-3,1479,2411
56483940603,56483940598,-5,1058,1953
56486269142,56486269139,-3,928,1928
56488563741,56488563738,-3,1139,2566
56490048548,56490048545,-3,1068,2190
56493736250,56493736247,-3,1186,2291
56494876398,56494876393,-5,2064,6918
56495679941,56495679926,-15,1662,32894
56496778977,56496778978,1,899,1410
56498081365,56498081363,-2,1487,2114
56501317519,56501317519,0,729,1282
56502190900,56502190923,23,473,1210
56502620746,56502620742,-4,1218,2100
56507729055,56507729053,-2,1162,2740
56507842235,56507842239,4,3833,2324
56513820693,56513820691,-2,1318,1950
56514960923,56514960920,-3,398,1199
56515255657,56515255654,-3,1299,2111
56519383463,56519383460,-3,1388,2318
56523061492,56523061489,-3,25957,13658
56524945271,56524945267,-4,708,3506
56526353780,56526353786,6,2932,1193
56527248371,56527248366,-5,963,2172
56527485794,56527485799,5,31652,117931
56529973817,56529973813,-4,1771,4043
56530863630,56530863629,-1,1529,2475
56530953767,56530953762,-5,946,2951
56532467983,56532467981,-2,1134,2117
56535269910,56535269909,-1,1185,1813
56545140224,56545140238,14,357,1084
56548486062,56548486062,0,809,965
56550636025,56550636022,-3,1181,2450
56551546268,56551546258,-10,669,1319
56555700392,56555700387,-5,1220,3004
56556271073,56556271070,-3,1026,2671
56559871661,56559871658,-3,1131,1842
56560109282,56560109279,-3,798,1698
56560985359,56560985357,-2,1207,3008
56564171125,56564171122,-3,1336,3122
56566310450,56566310449,-1,1339,1689
56567872198,56567872195,-3,1193,1932
56568420094,56568420093,-1,1223,1853
56568518798,56568518795,-3,1260,2195
56573069070,56573069067,-3,1510,2487
56575487777,56575487774,-3,816,1070
56578152879,56578152876,-3,659,2489
56584804482,56584804479,-3,1036,2920
56585047393,56585047389,-4,1240,2229
56586657654,56586657654,0,2201,2590
56590585359,56590585356,-3,1021,2946
56590894453,56590894470,17,264,873
56593125787,56593125784,-3,1420,2465
56596248717,56596248717,0,1242,2400
56599463747,56599463743,-4,736,2189
56603132452,56603132457,5,10345,24667
56605370023,56605370020,-3,851,1405
56606846161,56606846159,-2,1088,1359
56607307566,56607307562,-4,691,2034
56607818548,56607818565,17,828,3143
56608990997,56608990990,-7,815,2765
56610228416,56610228414,-2,1083,1958
56610529060,56610529078,18,756,1759
56613299319,56613299314,-5,802,2499
56617376361,56617376358,-3,1151,3025
56618496840,56618496837,-3,1051,2207
56620587005,56620587000,-5,985,2371
56621646195,56621646193,-2,931,2216
56621958262,56621958258,-4,1044,2335
56622363214,56622363233,19,1039,2044
56631189810,56631189809,-1,1546,2839
56636219031,56636219029,-2,805,2079
56640302763,56640302758,-5,799,3823
56644141678,56644141677,-1,1562,1971
56647298698,56647298695,-3,976,2928
56650693558,56650693555,-3,849,1755
56652206285,56652206285,0,1492,2025
56654686091,56654686088,-3,1060,2634
56658284662,56658284659,-3,1194,2697
56658882527,56658882545,18,557,1330
56662417034,56662417032,-2,1213,1975
56664490215,56664490212,-3,977,2035
56668315218,56668315214,-4,1289,2938
56670677717,56670677713,-4,1473,2149
56671924418,56671924417,-1,1227,2564
56672318869,56672318867,-2,1864,3017
56672379742,56672379738,-4,1212,2279
56674985102,56674985100,-2,975,1910
56680563661,56680563659,-2,1211,1805
56684899198,56684899194,-4,1118,2315
56685335137,56685335135,-2,1229,2356
56685956291,56685956290,-1,920,1806
56686154375,56686154372,-3,1655,2519
56692793151,56692793147,-4,1028,2535
56695005999,56695005994,-5,1347,2418
56698564529,56698564526,-3,1276,1970
56700135151,56700135148,-3,1294,2543
56702029187,56702029184,-3,1376,1906
56702241502,56702241499,-3,691,1689
56702493142,56702493125,-17,1480,1564
56703094559,56703094558,-1,1067,2263
56703474782,56703474774,-8,1168,5282
56704666454,56704666453,-1,868,1204
56706213135,56706213134,-1,1326,2422
56708026162,56708026161,-1,1070,2614
56711658999,56711658994,-5,1245,2473
56712922271,56712922267,-4,1146,2430
56721116958,56721116955,-3,1030,1859
56721456825,56721456820,-5,1163,2165
56722331448,56722331444,-4,766,1661
56725162149,56725162154,5,4609,1644
56727180138,56727180135,-3,1389,2238
56733078820,56733078817,-3,1611,2628
56737719223,56737719220,-3,1048,1808
56740634464,56740634459,-5,956,3027
56741922938,56741922935,-3,1033,1905
56742214265,56742214264,-1,1115,2447
56742457538,56742457536,-2,902,1803
56744542879,56744542874,-5,1267,3199
56744586191,56744586189,-2,1402,2685
56744835982,56744835978,-4,1011,2584
56746295074,56746295070,-4,896,2348
56746661240,56746661253,13,192,1036
56747755726,56747755709,-17,1006,2262
56751952754,56751952755,1,1433,1649
56752164918,56752164917,-1,1052,2281
56760799509,56760799506,-3,870,1275
56765256671,56765256672,1,1219,2465
56769852963,56769852959,-4,1142,1795
56769985654,56769985673,19,672,1440
56783021939,56783021943,4,1428,1518
56788400818,56788400817,-1,868,1633
56788698262,56788698262,0,1189,1670
56790008349,56790008369,20,655,1017
56790974520,56790974518,-2,1063,2164
56793269665,56793269662,-3,1028,1886
56793422854,56793422833,-21,1914,6983
56794272635,56794272633,-2,1785,2591
56794438088,56794438086,-2,1178,1889
56799455679,56799455678,-1,1034,1444
56805826945,56805826943,-2,1286,2300
56806367794,56806367790,-4,1060,1230
56811168038,56811168034,-4,1060,2817
56814132675,56814132671,-4,956,2203
56816408456,56816408466,10,17714,21136
56817448771,56817448772,1,1507,1938
56821151443,56821151442,-1,1313,2149
56835383567,56835383565,-2,1059,1980
56835511283,56835511290,7,11275,2058
56835603159,56835603157,-2,932,2312
56837907797,56837907795,-2,895,1848
56838137839,56838137830,-9,1305,2721
56845814442,56845814439,-3,1591,2517
56849750883,56849750880,-3,1185,3434
56849801831,56849801825,-6,1332,2134
56850776567,56850776564,-3,1007,1987
56853532825,56853532822,-3,1113,2271
56855330249,56855330249,0,1185,1032
56856481955,56856481953,-2,1140,1712
56858913476,56858913474,-2,1286,2367
56862122345,56862122343,-2,848,1506
56864757875,56864757873,-2,1777,1776
56866474387,56866474384,-3,1377,2414
56867758664,56867758662,-2,1203,2408
56877741971,56877741967,-4,1342,1861
56877858246,56877858239,-7,1150,4216
56882667417,56882667413,-4,921,2328
56891636809,56891636808,-1,1584,2340
56892759894,56892759893,-1,1799,2263
56893830523,56893830521,-2,1610,2331
56894235283,56894235282,-1,1118,2972
56896200447,56896200442,-5,1194,2401
56900570186,56900570182,-4,1312,2492
56907467543,56907467542,-1,855,2226
56910158620,56910158617,-3,1051,1674
56911144755,56911144754,-1,446,837
56911818988,56911818984,-4,1061,1641
56918631641,56918631634,-7,1156,3927
56920687042,56920687042,0,985,1141
56923170970,56923170964,-6,1655,9944
56926861094,56926861091,-3,1718,2823
56932388429,56932388427,-2,1435,1587
56938157991,56938157990,-1,1305,2272
56939243821,56939243840,19,497,1161
56942594385,56942594382,-3,1019,2282
56946759897,56946759894,-3,1220,3011
56951195923,56951195922,-1,1013,2093
56951320901,56951320901,0,1457,2017
56953320385,56953320382,-3,1650,3198
56954777553,56954777549,-4,967,1836
56957074441,56957074436,-5,1145,2763
56964725609,56964725607,-2,1287,1913
56967460868,56967460866,-2,1020,2251
56970217006,56970217002,-4,1456,2716
56970417285,56970417281,-4,1127,2157
56971300412,56971300415,3,1867,1676
56974844648,56974844645,-3,1240,1990
56979436956,56979436954,-2,984,2184
56980489778,56980489774,-4,1310,2249
56982993242,56982993236,-6,979,2629
56984639927,56984639926,-1,1418,1913
56986014447,56986014446,-1,824,2665
56993049397,56993049393,-4,563,1512
56993785458,56993785457,-1,1938,3430
56997443738,56997443734,-4,1019,1927
56998229280,56998229278,-2,1421,3248
56998634943,56998634943,0,1773,2434
57002212167,57002212166,-1,1282,2155
57003888209,57003888206,-3,769,1810
57007909089,57007909085,-4,703,2325
57015105695,57015105691,-4,815,1798
57016691435,57016691433,-2,1582,2213
57024668689,57024668693,4,2547,1207
57024791474,57024791455,-19,1362,507
57025557637,57025557633,-4,1649,2742
57027421794,57027421793,-1,1184,2745
57027717174,57027717171,-3,1102,2479
57028912251,57028912250,-1,564,1132
57030621373,57030621367,-6,1228,2186
57032828810,57032828811,1,1413,1153
57036551175,57036551174,-1,1783,4149
57038178606,57038178602,-4,1150,1762
57041732501,57041732502,1,1561,1372
57046435777,57046435774,-3,1240,1873
57046528439,57046528417,-22,1028,2212
57048753922,57048753918,-4,865,1729
57055033955,57055033954,-1,1114,2045
57057625925,57057625924,-1,920,2397
57058123815,57058123812,-3,693,2172
57058878092,57058878089,-3,1181,2580
57070290673,57070290670,-3,1940,2744
57072541729,57072541723,-6,831,2033
57081896932,57081896935,3,1306,1079
57084390146,57084390144,-2,909,1250
57091833666,57091833663,-3,1535,2606
57092396745,57092396739,-6,9210,15182
57095844690,57095844689,-1,1063,2597
57095883686,57095883704,18,1216,3189
57096423078,57096423077,-1,1048,1814
57097558174,57097558171,-3,1276,1669
57101432662,57101432661,-1,1133,1481
57104421830,57104421826,-4,979,1442
57105831097,57105831095,-2,940,2176
57109440486,57109440485,-1,1503,2148
57109534347,57109534345,-2,1388,2322
57112675251,57112675250,-1,1496,1938
57115088171,57115088168,-3,877,2527
57117466722,57117466722,0,1324,2264
57124079579,57124079578,-1,638,1405
57125334285,57125334281,-4,884,2393
57125859332,57125859329,-3,1374,1728
57126047721,57126047717,-4,1166,1800
57127166641,57127166636,-5,1072,2094
57132109276,57132109269,-7,1522,8832
57135036147,57135036146,-1,902,1845
57136340981,57136340976,-5,1092,1993
57139195868,57139195863,-5,1204,2181
57139302173,57139302172,-1,1344,2272
57140593394,57140593390,-4,1111,2673
57142617875,57142617874,-1,939,1870
57142899172,57142899181,9,129,583
57143682326,57143682346,20,1851,1546
57148357834,57148357830,-4,1254,2141
57150152214,57150152212,-2,1327,2430
57150807399,57150807398,-1,1292,1493
57154698947,57154698944,-3,1135,1774
57155874359,57155874361,2,2133,2126
57167525030,57167525030,0,712,2312
57176751855,57176751852,-3,1031,2513
57180935887,57180935882,-5,1419,1899
57181570657,57181570654,-3,959,1910
57182319186,57182319190,4,1559,1534
57182535639,57182535636,-3,893,2425
57182903542,57182903542,0,907,1514
57183439055,57183439052,-3,1149,2256
57184616944,57184616966,22,332,846
57184898542,57184898559,17,1245,1515
57185496699,57185496695,-4,896,2082
57187687658,57187687650,-8,1048,3810
57194953898,57194953905,7,2786,1168
57196789958,57196789965,7,6098,2656
57197859542,57197859541,-1,944,2781
57198598187,57198598184,-3,1312,2040
57200390242,57200390238,-4,1270,1727
57201268286,57201268283,-3,1209,1830
57207360250,57207360252,2,1720,1361
57211356919,57211356919,0,1037,2256
57211757860,57211757863,3,1480,1330
57213017071,57213017049,-22,312,791
57215419039,57215419039,0,1100,2179
57217138006,57217138005,-1,1107,1588
57221967050,57221967052,2,1202,819
57227086334,57227086333,-1,1068,2126
57234693855,57234693852,-3,889,2124
57234933064,57234933058,-6,1772,5629
57235240082,57235240078,-4,1657,3266
57237215653,57237215651,-2,1624,3067
57242457194,57242457189,-5,1256,1760
57245425727,57245425725,-2,1244,1823
57250170096,57250170094,-2,1160,1980
57254211757,57254211757,0,1166,2193
57255204183,57255204167,-16,230,914
57259853678,57259853676,-2,932,2250
57263741913,57263741913,0,1567,1949
57269441154,57269441151,-3,897,2165
57270201613,57270201614,1,1749,2342
57276501935,57276501933,-2,885,2329
57277519552,57277519563,11,17416,10768
57277736332,57277736329,-3,1192,1766
57278428502,57278428500,-2,744,1824
57280026306,57280026303,-3,1158,2591
57282840667,57282840665,-2,1138,2405
57284643162,57284643161,-1,1197,1379
57285168913,57285168919,6,1854,898
57288778127,57288778134,7,1949,1211
57290660873,57290660871,-2,1007,2223
57291214237,57291214258,21,1333,2463
57291806522,57291806519,-3,1600,2703
57293948631,57293948629,-2,1179,2419
57295435730,57295435728,-2,1192,2288
57296512070,57296512068,-2,1231,2548
57299272677,57299272675,-2,918,2105
57299336885,57299336882,-3,1331,2179
57304018413,57304018413,0,991,2433
57304066292,57304066310,18,395,891
57306574750,57306574749,-1,1135,2619
57306953950,57306953952,2,1422,1595
57307291271,57307291267,-4,1145,1901
57308406796,57308406778,-18,1409,3240
57311673542,57311673542,0,1132,1620
57313451766,57313451762,-4,1145,2298
57313662197,57313662193,-4,1334,2400
57314150264,57314150262,-2,1190,1516
57318936210,57318936205,-5,1643,2426
57320051678,57320051676,-2,1007,2081
57322757898,57322757895,-3,1250,2211
57325784525,57325784524,-1,1237,2355
57326858830,57326858829,-1,1033,2424
57327426879,57327426877,-2,1221,2786
57328749471,57328749454,-17,1310,1493
57330154272,57330154269,-3,1108,3075
57336594285,57336594280,-5,43416,16690
57336647295,57336647293,-2,992,1630
57340937826,57340937823,-3,1797,2869
57341009509,57341009507,-2,1301,2998
57355090113,57355090109,-4,751,1345
57356140293,57356140290,-3,1167,1776
57359531839,57359531837,-2,1040,2238
57361830550,57361830548,-2,1303,2772
57371306267,57371306265,-2,923,1706
57374078741,57374078739,-2,1424,1904
57380335313,57380335323,10,153,1130
57381293958,57381293955,-3,846,2192
57382615738,57382615734,-4,1080,1384
57383625196,57383625192,-4,1114,2184
57383723720,57383723733,13,654,1288
57384690409,57384690428,19,1397,1807
57385781254,57385781251,-3,1077,2616
57386372897,57386372894,-3,1302,2002
57389248924,57389248922,-2,1139,1809
57391026026,57391026026,0,1381,1603
57393640532,57393640529,-3,1470,2567
57394068329,57394068326,-3,774,1692
57396207611,57396207609,-2,1212,2591
57403829470,57403829470,0,1110,1888
57406842329,57406842330,1,1502,1551
57412433881,57412433878,-3,1131,2138
57412759155,57412759152,-3,1073,1786
57414162385,57414162384,-1,1189,1814
57420018889,57420018886,-3,1520,2342
57420792644,57420792640,-4,1366,1767
57425114602,57425114605,3,1752,1287
57427597131,57427597129,-2,1250,1567
57427764800,57427764799,-1,1317,2483
57428679038,57428679038,0,1438,2465
57429953135,57429953138,3,1091,469
57433924390,57433924386,-4,1105,2513
57437849293,57437849290,-3,1229,2329
57438622038,57438622034,-4,924,2513
57439378556,57439378556,0,43600,19975
57440102648,57440102644,-4,999,2357
57440997486,57440997481,-5,790,2391
57446516919,57446516918,-1,1079,2222
57448260570,57448260567,-3,1371,2324
57451079946,57451079943,-3,783,1953
57452711606,57452711603,-3,1093,3175
57453191821,57453191838,17,407,684
57456357571,57456357569,-2,1035,2285
57457277896,57457277904,8,6292,2840
57457313696,57457313693,-3,1407,2446
57458874118,57458874123,5,1430,1051
57460014010,57460014009,-1,1036,1834
57461888978,57461888982,4,1805,2131
57462154671,57462154666,-5,1115,1883
57462766886,57462766905,19,846,1487
57464749037,57464749040,3,36389,95099
57465180056,57465180055,-1,969,1775
57466006733,57466006730,-3,1187,1597
57467682063,57467682060,-3,1212,1965
57468653031,57468653026,-5,1143,9476
57470871005,57470871004,-1,1518,2042
57471052301,57471052302,1,1138,2331
57479081018,57479081015,-3,1508,2535
57486334035,57486334033,-2,966,1797
57487322533,57487322531,-2,1022,1442
57493344047,57493344044,-3,1039,1931
57501023490,57501023489,-1,1118,2061
57501594918,57501594915,-3,1483,2202
57507010362,57507010359,-3,1269,2435
57507310524,57507310542,18,983,2381
57507611431,57507611428,-3,1131,1976
57508441335,57508441334,-1,700,1898
57511463948,57511463950,2,2998,1932
57516772677,57516772674,-3,1315,1694
57520346729,57520346724,-5,953,2100
57524370116,57524370113,-3,1297,1871
57528866629,57528866626,-3,2128,6015
57530942636,57530942633,-3,1460,1542
57533169022,57533169019,-3,1222,2749
57533416135,57533416132,-3,638,1557
57538346381,57538346378,-3,1404,1723
57539038798,57539038800,2,2496,1969
57540349592,57540349590,-2,940,942
57541643179,57541643177,-2,835,2052
57542403986,57542403985,-1,1527,3594
57543849046,57543849047,1,1543,2690
57546418928,57546418924,-4,1116,2143
57550774550,57550774545,-5,1099,1711
57553807280,57553807278,-2,1312,2081
57553870367,57553870362,-5,1286,2568
57554543718,57554543714,-4,874,1544
57558598177,57558598173,-4,1145,2016
57560352174,57560352170,-4,748,111
57563512170,57563512168,-2,1307,2570
57569143110,57569143106,-4,510,1930
57581629013,57581629010,-3,1296,2593
57582932993,57582932992,-1,1009,1856
57583733328,57583733325,-3,1239,2906
57587583526,57587583522,-4,564,1660
57590996826,57590996820,-6,755,1508
57596358497,57596358496,-1,1174,2353
57596967854,57596967851,-3,1029,1767
57598171171,57598171169,-2,1198,2330
57599353460,57599353458,-2,1238,2139
57604844732,57604844731,-1,1850,2163
57609387218,57609387215,-3,1294,2066
57609984203,57609984199,-4,1067,2001
57616017130,57616017139,9,557,1239
57616669542,57616669552,10,2413,983
57616791892,57616791889,-3,1121,2904
57617347519,57617347537,18,827,1635
57620007327,57620007322,-5,1233,2502
57621495598,57621495594,-4,1493,1836
57622014286,57622014293,7,3843,1662
57633963901,57633963898,-3,1262,2219
57634193605,57634193589,-16,182,1253
57635455183,57635455180,-3,1356,2320
57636864792,57636864790,-2,1582,1745
57638179161,57638179160,-1,1491,3053
57639037311,57639037307,-4,954,2765
57639538789,57639538809,20,892,1435
57640218686,57640218684,-2,959,1788
57642614701,57642614698,-3,1154,2666
57642886918,57642886916,-2,1394,1916
57650215977,57650215966,-11,1271,2508
57655007944,57655007953,9,11917,34080
57671576114,57671576109,-5,1103,2248
57672587490,57672587487,-3,1213,1889
57678304043,57678304040,-3,958,2326
57685027877,57685027874,-3,1547,3609
57685959238,57685959234,-4,997,2303
57688186536,57688186535,-1,1467,2909
57689712077,57689712075,-2,1525,2139
57691958701,57691958697,-4,1332,2730
57692995858,57692995854,-4,1327,2009
57693954961,57693954958,-3,1577,2690
57697180988,57697180985,-3,1468,2258
57705091361,57705091358,-3,1634,2910
57706851542,57706851538,-4,864,2266
57717460365,57717460367,2,637,1207
57721732230,57721732226,-4,1791,2473
57722763686,57722763681,-5,1094,3166
57724261794,57724261790,-4,1754,3530
57725031866,57725031864,-2,1020,2677
57735182563,57735182562,-1,856,1246
57736447965,57736447960,-5,991,2707
57736915222,57736915203,-19,1315,2272
57737743934,57737743933,-1,1080,1550
57738556284,57738556282,-2,948,1980
57741516829,57741516827,-2,1464,2771
57741886983,57741887003,20,1153,2115
57743527883,57743527880,-3,1403,3056
57743890218,57743890215,-3,1177,2429
57744596367,57744596367,0,1198,1221
57745677483,57745677483,0,1283,1288
57747687431,57747687429,-2,892,2502
57749109383,57749109382,-1,982,2415
57750257261,57750257258,-3,1167,2666
57752950154,57752950152,-2,1859,2965
57754928650,57754928646,-4,1924,2382
57755338046,57755338042,-4,698,2341
57757231847,57757231844,-3,984,2116
57760614293,57760614294,1,1552,2090
57760982459,57760982457,-2,1424,2754
57762744234,57762744233,-1,851,1960
57764732221,57764732226,5,2433,1484
57764785552,57764785551,-1,908,1905
57766244599,57766244598,-1,1062,1897
57767265823,57767265818,-5,1438,2671
57776356671,57776356668,-3,1508,2285
57783049959,57783049957,-2,1054,2401
57796914046,57796914042,-4,1102,2645
57797138086,57797138106,20,1113,2121
57799265285,57799265282,-3,1521,2362
57802572049,57802572044,-5,760,2480
57803331990,57803331987,-3,1403,2750
57809386347,57809386345,-2,1249,3138
57810245750,57810245745,-5,1223,2810
57816782362,57816782358,-4,1028,2899
57817182743,57817182739,-4,1499,2189
57822884963,57822884961,-2,1501,2579
57824310917,57824310914,-3,1053,2598
57826338811,57826338811,0,853,2304
57829281531,57829281526,-5,973,2604
57830048401,57830048398,-3,1307,2759
57834284789,57834284785,-4,950,2421
57836689564,57836689561,-3,695,2105
57836848277,57836848297,20,705,1545
57838656668,57838656665,-3,1319,2341
57842445754,57842445753,-1,1389,2393
57843950289,57843950287,-2,1223,2433
57846792081,57846792078,-3,823,1516
57847989809,57847989807,-2,1095,2311
57848598026,57848598022,-4,1425,3304
57855272568,57855272560,-8,2061,9381
57857337287,57857337285,-2,890,1369
57858311347,57858311344,-3,955,2354
57859979662,57859979658,-4,1039,2595
57860309303,57860309299,-4,822,922
57860438684,57860438677,-7,1525,2938
57861573251,57861573250,-1,1123,2271
57862296713,57862296709,-4,4725,8461
57862408566,57862408571,5,3103,1310
57862961858,57862961859,1,1320,2226
57863361207,57863361202,-5,745,1896
57867340185,57867340190,5,2910,1099
57875795746,57875795745,-1,1650,1898
57878487910,57878487905,-5,1113,2471
57883628446,57883628442,-4,1002,2215
57885297448,57885297446,-2,1363,1791
57888317148,57888317145,-3,993,2342
57891649669,57891649675,6,56538,25335
57891760176,57891760174,-2,1317,2468
57891862777,57891862775,-2,453,941
57894483856,57894483853,-3,1176,2380
57894721065,57894721064,-1,1247,1878
57897075775,57897075774,-1,636,1855
57897232459,57897232456,-3,811,1421
57904919134,57904919133,-1,1009,2699
57910055142,57910055139,-3,1663,3190
57912609574,57912609573,-1,1576,1219
57913227538,57913227536,-2,1215,2669
57913342089,57913342085,-4,1238,2950
57921035631,57921035627,-4,1303,2314
57922440354,57922440350,-4,1356,2698
57923405826,57923405825,-1,1166,1901
57923455687,57923455681,-6,710,2308
57927046876,57927046872,-4,1294,2402
57928101783,57928101781,-2,786,2338
57930957005,57930957002,-3,1247,1445
57941407386,57941407390,4,2342,1513
57943312746,57943312746,0,1361,2960
57945480584,57945480579,-5,787,1922
57947331496,57947331494,-2,1088,2179
57951189900,57951189906,6,9556,34667
57952091354,57952091353,-1,1357,2412
57952447635,57952447632,-3,777,2205
57959568131,57959568127,-4,1119,3093
57962426234,57962426235,1,1444,1806
57963979323,57963979318,-5,926,2671
57972746579,57972746574,-5,1159,2313
57974227750,57974227745,-5,1036,2665
57977489359,57977489357,-2,1110,1829
57977860251,57977860249,-2,1295,2396
57982118402,57982118398,-4,1082,3002
57987548203,57987548203,0,1594,1444
57991291606,57991291602,-4,1084,2227
57991543551,57991543549,-2,1235,1920
57993514221,57993514218,-3,1302,1513
57995095301,57995095306,5,1969,974
58000954217,58000954213,-4,952,2145
58001322901,58001322897,-4,1021,2496
58004305474,58004305473,-1,865,2139
58006569859,58006569857,-2,1310,2555
58006983047,58006983048,1,2646,1704
58010432067,58010432063,-4,1325,2517
58014454874,58014454871,-3,985,1746
58015658327,58015658325,-2,722,1586
58018030196,58018030193,-3,958,2638
58018966495,58018966491,-4,913,2934
58019730644,58019730642,-2,432,1539
58020511726,58020511725,-1,941,2187
58024644043,58024644042,-1,1260,2765
58025728075,58025728071,-4,995,1983
58026443967,58026443944,-23,328,1021
58030249702,58030249702,0,918,2465
58033186845,58033186851,6,2968,1213
58033724188,58033724184,-4,1074,2285
58039013440,58039013436,-4,1071,2912
58042762962,58042762961,-1,1552,1760
58044409580,58044409576,-4,1592,1943
58045435783,58045435778,-5,1107,2583
58046675020,58046675028,8,1730,1390
58049938974,58049938971,-3,1413,3581
58051031231,58051031226,-5,1120,2721
58053689870,58053689869,-1,1033,2223
58055137156,58055137155,-1,868,1479
58059746834,58059746832,-2,1115,1676
58065992476,58065992474,-2,1207,2110
58069821819,58069821817,-2,882,2236
58070348814,58070348818,4,2774,1304
58071701733,58071701734,1,2064,1845
58073206203,58073206201,-2,1454,2803
58078224418,58078224415,-3,1772,2200
58079073893,58079073891,-2,1679,3118
58079630561,58079630557,-4,642,1185
58080593615,58080593615,0,777,1322
58090688982,58090688978,-4,902,2154
58091719973,58091719970,-3,1100,2015
58092303902,58092303899,-3,1602,2597
58092637885,58092637880,-5,809,1850
58093753123,58093753118,-5,1354,2663
58094387114,58094387112,-2,1253,2782
58096911939,58096911937,-2,1113,2064
58097441323,58097441319,-4,1097,2010
58099265829,58099265826,-3,1089,3007
58099464870,58099464866,-4,720,2644
58103989558,58103989558,0,783,1133
58107614717,58107614711,-6,1280,2485
58117629638,58117629637,-1,1061,1601
58120339835,58120339831,-4,1555,2792
58121220689,58121220684,-5,1181,1837
58122658840,58122658841,1,1938,2420
58129000946,58129000944,-2,993,2384
58133704647,58133704645,-2,961,2293
58137884774,58137884775,1,1274,2305
58141581987,58141581982,-5,1266,3596
58144406007,58144406004,-3,824,1865
58152441259,58152441257,-2,1356,2550
58154804547,58154804541,-6,569,1710
58157511596,58157511592,-4,1105,2203
58170067663,58170067661,-2,1202,3763
58176385900,58176385898,-2,1387,2634
58176509008,58176509005,-3,1023,1768
58183199416,58183199417,1,893,1451
58184734282,58184734278,-4,1238,2363
58189076095,58189076093,-2,1319,2865
58191309463,58191309462,-1,1514,2423
58192396703,58192396700,-3,962,1940
58192856246,58192856251,5,3229,1366
58194534670,58194534666,-4,1064,2185
58194790711,58194790709,-2,1411,2332
58197819480,58197819503,23,807,1664
58198078222,58198078219,-3,1274,2581
58202178256,58202178252,-4,1243,2478
58203871036,58203871034,-2,911,1425
58205434578,58205434584,6,2590,1511
58208952285,58208952282,-3,1519,2933
58214310856,58214310853,-3,1579,2481
58214635722,58214635721,-1,1265,1863
58222485135,58222485134,-1,1065,3038
58223441431,58223441430,-1,1163,1637
58230447134,58230447132,-2,1426,2206
58232916579,58232916578,-1,1019,1492
58235684815,58235684809,-6,1490,4603
58237889858,58237889853,-5,1025,1974
58242962062,58242962058,-4,1367,3311
58245344454,58245344450,-4,1287,2127
58247914839,58247914836,-3,1160,2370
58249363632,58249363634,2,2525,1851
58250550994,58250550991,-3,901,1890
58263011051,58263011049,-2,1203,2213
58264599575,58264599571,-4,853,1875
58277600933,58277600929,-4,1727,2750
58277895555,58277895553,-2,1233,1743
58281497683,58281497678,-5,1568,2962
58283119679,58283119673,-6,693,3008
58284259368,58284259366,-2,914,2166
58285029141,58285029136,-5,768,2582
58285455646,58285455666,20,551,1530
58288151249,58288151261,12,932,1971
58289069001,58289068998,-3,1203,1794
58293023207,58293023212,5,2752,1364
58306042437,58306042438,1,1324,1992
58306716482,58306716489,7,5952,2146
58306921252,58306921251,-1,800,1173
58308059503,58308059500,-3,1592,2012
58309574372,58309574369,-3,1392,2673
58310062643,58310062642,-1,1767,2537
58313307245,58313307241,-4,1541,2574
58319667889,58319667886,-3,800,1359
58323387565,58323387563,-2,1787,2214
58323597759,58323597757,-2,934,2795
58329959810,58329959808,-2,900,1709
58334364899,58334364895,-4,1141,1978
58334809079,58334809077,-2,1289,1896
58336146278,58336146277,-1,1273,2625
58336182738,58336182736,-2,1165,1781
58337935286,58337935283,-3,129,1032
58340342338,58340342335,-3,1482,2269
58345358359,58345358356,-3,766,1884
58345852783,58345852786,3,258,1794
58346084482,58346084479,-3,735,1369
58348754662,58348754662,0,1199,2265
58349609482,58349609477,-5,916,2637
58351167870,58351167866,-4,1133,2484
58351517758,58351517758,0,863,2547
58351959931,58351959930,-1,1353,2643
58353410111,58353410110,-1,1125,3092
58355438275,58355438273,-2,746,1821
58366506362,58366506361,-1,1147,1823
58368196274,58368196272,-2,1463,1824
58372641429,58372641429,0,892,1178
58375146210,58375146207,-3,1416,2388
58376341090,58376341087,-3,1292,1818
58377678311,58377678306,-5,1300,2327
58381389719,58381389718,-1,1283,2821
58384405270,58384405267,-3,1083,1515
58388363526,58388363525,-1,1242,1743
58389706919,58389706914,-5,1144,2144
58398546302,58398546299,-3,1127,1726
58398584391,58398584374,-17,903,1510
58400693670,58400693666,-4,1241,2167
58404267094,58404267091,-3,1009,1785
58404500876,58404500874,-2,160,418
58405669163,58405669160,-3,1275,2404
58407615183,58407615180,-3,969,2135
58420605613,58420605610,-3,1481,2124
58422474279,58422474279,0,1177,1632
58422979508,58422979505,-3,962,1133
58424185647,58424185643,-4,917,2211
58434296326,58434296322,-4,1094,1983
58436390561,58436390558,-3,1319,2310
58437509630,58437509629,-1,1035,2119
58437550749,58437550746,-3,1376,2101
58440965571,58440965566,-5,870,2106
58441935627,58441935622,-5,1284,1973
58443660433,58443660430,-3,1148,2590
58444834437,58444834434,-3,973,2813
58445041727,58445041734,7,233,541
58446062904,58446062898,-6,846,2160
58446878639,58446878646,7,3145,1468
58449890552,58449890546,-6,1177,3311
58455852355,58455852354,-1,1178,1927
58457116021,58457116019,-2,750,813
58457193565,58457193587,22,700,1873
58459691437,58459691442,5,2707,38121
58462521100,58462521098,-2,1450,2108
58467691557,58467691553,-4,1294,2900
58468659081,58468659077,-4,1110,2157
58470296434,58470296430,-4,958,2069
58476285130,58476285127,-3,924,3022
58477036431,58477036427,-4,416,1095
58478049586,58478049582,-4,1030,1567
58478571575,58478571570,-5,1129,3111
58478731030,58478731027,-3,1573,2487
58482168959,58482168959,0,1165,1919
58488020209,58488020205,-4,718,1963
58488465429,58488465426,-3,1021,2139
58488665483,58488665481,-2,692,1647
58498358531,58498358529,-2,940,2213
58498589590,58498589611,21,901,1301
58499051089,58499051089,0,1254,2255
58499699232,58499699230,-2,1672,2461
58500119916,58500119911,-5,1052,2160
58500913799,58500913796,-3,813,2409
58516204559,58516204554,-5,935,2028
58516450103,58516450107,4,151,772
58517538856,58517538853,-3,963,1889
58518473641,58518473638,-3,1756,2903
58526189206,58526189206,0,944,1988
58528093645,58528093644,-1,935,1795
58536754676,58536754672,-4,1048,2665
58537128717,58537128715,-2,1019,2044
58537359533,58537359530,-3,1263,2270
58539067465,58539067462,-3,1459,3138
58539711283,58539711281,-2,1274,2096
58540412623,58540412618,-5,1258,3386
58541713166,58541713159,-7,1291,6116
58542410713,58542410710,-3,1320,2945
58552799026,58552799022,-4,935,1750
58562882706,58562882703,-3,914,2131
58565781393,58565781391,-2,1560,2737
58565869194,58565869191,-3,1145,2327
58566734417,58566734414,-3,953,2286
58572748350,58572748349,-1,1460,2221
58576625287,58576625283,-4,1040,1945
58577737155,58577737150,-5,1121,2265
58579146758,58579146756,-2,928,2221
58579937812,58579937818,6,2223,821
58583908282,58583908282,0,1295,1910
58584771022,58584771022,0,1006,2484
58586627869,58586627865,-4,59855,34990
58589687018,58589687025,7,2675,1609
58590283619,58590283617,-2,1119,1722
58591562769,58591562767,-2,850,2009
58592676056,58592676053,-3,1230,2804
58597232381,58597232386,5,1474,1574
58597947462,58597947483,21,320,882
58598459830,58598459823,-7,2310,5254
58600954013,58600954015,2,1412,1443
58603442915,58603442912,-3,883,2342
58609316230,58609316226,-4,1467,3265
58618522566,58618522565,-1,2059,2537
58619431381,58619431378,-3,998,2126
58620178731,58620178730,-1,1280,1818
58620785107,58620785111,4,1915,1414
58623218382,58623218381,-1,1179,1922
58624331691,58624331689,-2,999,1546
58624408513,58624408511,-2,1037,1704
58628684123,58628684118,-5,913,2299
58630011131,58630011130,-1,1547,2114
58630687110,58630687105,-5,1098,2246
58630974656,58630974673,17,926,1831
58631621079,58631621078,-1,1033,2586
58632571918,58632571918,0,1413,1474
58633960085,58633960082,-3,1212,1890
58634226894,58634226878,-16,14,1020
58641873086,58641873081,-5,1341,1976
58642302714,58642302713,-1,1180,2154
58649105262,58649105261,-1,1205,2719
58649401243,58649401238,-5,1306,2804
58650263597,58650263594,-3,1731,2890
58653008225,58653008222,-3,1280,2355
58653151926,58653151925,-1,1105,1815
58656402103,58656402101,-2,1051,2956
58658102378,58658102375,-3,1208,1956
58660753354,58660753352,-2,1141,2406
58660878911,58660878908,-3,1728,2364
58662398702,58662398700,-2,1870,2275
58668070406,58668070404,-2,1484,2280
58668581142,58668581142,0,1100,1269
58670515431,58670515427,-4,1051,1343
58676466687,58676466684,-3,1040,2631
58679902750,58679902747,-3,1232,2165
58686376303,58686376298,-5,1219,3661
58686690351,58686690349,-2,937,1508
58687181222,58687181213,-9,852,1476
58688277305,58688277303,-2,909,2850
58688766254,58688766274,20,1074,2153
58691872389,58691872387,-2,1388,2928
58692940117,58692940116,-1,10152,13117
58694323604,58694323601,-3,1124,2709
58695167122,58695167126,4,1534,1183
58696219754,58696219753,-1,1354,2571
58700498938,58700498937,-1,1319,2388
58701589835,58701589829,-6,1293,2519
58702860121,58702860119,-2,1444,2643
58702964463,58702964459,-4,1492,2771
58709039359,58709039355,-4,1407,2201
58709906922,58709906918,-4,1146,2483
58715733271,58715733267,-4,1309,2448
58718945108,58718945105,-3,1071,1362
58719462773,58719462775,2,45778,3971
58721378638,58721378644,6,4809,1940
58724069330,58724069327,-3,1165,1970
58726308576,58726308572,-4,876,3184
58732684125,58732684125,0,1280,2231
58733800113,58733800111,-2,948,1702
58736619834,58736619833,-1,1079,1829
58737030469,58737030485,16,756,199
58739231981,58739231977,-4,743,1870
58739614536,58739614534,-2,1484,4188
58741159947,58741159946,-1,795,1597
58742334137,58742334134,-3,1363,2552
58746429534,58746429531,-3,1719,3605
58747206796,58747206792,-4,1663,2800
58748786465,58748786470,5,1755,986
58754901649,58754901648,-1,1082,1536
58755358886,58755358882,-4,1527,2339
58755640204,58755640201,-3,956,1289
58759906734,58759906731,-3,962,1917
58761310325,58761310322,-3,1075,2774
58761398864,58761398879,15,653,1378
58767402389,58767402393,4,1576,1256
58768212431,58768212433,2,1611,1233
58768806415,58768806414,-1,883,1328
58778048765,58778048762,-3,1040,2390
58778798334,58778798330,-4,1146,2835
58779789076,58779789073,-3,1219,1996
58780019596,58780019619,23,938,2533
58783321419,58783321418,-1,1339,1821
58789237922,58789237921,-1,1104,2190
58789453510,58789453498,-12,904,2557
58789812960,58789812945,-15,849,1897
58790977789,58790977785,-4,944,2088
58794472069,58794472067,-2,1031,2019
58794841314,58794841312,-2,1088,2109
58796548206,58796548201,-5,1604,3759
58796621411,58796621410,-1,525,1479
58800553667,58800553663,-4,1375,2637
58800832101,58800832101,0,1091,1660
58804427703,58804427699,-4,1319,2952
58810287399,58810287394,-5,1365,2319
58810523306,58810523301,-5,867,2212
58811791711,58811791710,-1,1276,2247
58812922119,58812922118,-1,795,2078
58815816092,58815816088,-4,1490,2332
58816484984,58816484983,-1,1384,1626
58818549473,58818549469,-4,1079,2470
58821859761,58821859758,-3,1094,2124
58822734951,58822734948,-3,950,2197
58826427854,58826427851,-3,1587,3129
58828461850,58828461845,-5,1652,2860
58830713256,58830713253,-3,1552,2326
58832470570,58832470567,-3,847,1956
58837642170,58837642169,-1,951,3098
58838383184,58838383187,3,3498,3183
58852947637,58852947642,5,2907,1549
58854536738,58854536737,-1,942,2257
58864911775,58864911772,-3,1142,2533
58865082436,58865082421,-15,1148,1724
58867351142,58867351142,0,1248,1804
58868508647,58868508645,-2,829,1766
58872712243,58872712241,-2,1465,2994
58879821295,58879821295,0,714,1493
58882010538,58882010538,0,1489,1562
58884608058,58884608053,-5,1282,1550
58888844818,58888844818,0,1364,2143
58890470763,58890470763,0,820,1166
58891442742,58891442741,-1,1087,2576
58891529603,58891529601,-2,1280,2544
58892119662,58892119661,-1,1234,3137
58894332393,58894332393,0,2675,3393
58894360011,58894360008,-3,1393,1621
58894940393,58894940390,-3,1003,2604
58898389619,58898389615,-4,1636,2793
58903594158,58903594156,-2,1946,3225
58905075638,58905075645,7,5062,2318
58911154553,58911154550,-3,1786,2667
58912726454,58912726450,-4,1006,2038
58917477538,58917477534,-4,1415,2775
58927122722,58927122717,-5,1932,5743
58927315525,58927315522,-3,1021,2502
58931469750,58931469749,-1,1640,2138
58937070047,58937070043,-4,1275,2478
58939797823,58939797820,-3,1241,3198
58939960447,58939960442,-5,1122,1865
58942270042,58942270041,-1,1617,2291
58944326818,58944326821,3,2115,1903
58947681374,58947681371,-3,1116,1797
58950131369,58950131367,-2,900,1760
58951905919,58951905918,-1,888,1573
58952338670,58952338666,-4,1225,1736
58953389489,58953389491,2,1362,683
58955503506,58955503502,-4,725,2014
58955739777,58955739773,-4,1032,2068
58963955153,58963955149,-4,1435,2035
58965724741,58965724738,-3,1456,2249
58966016710,58966016707,-3,797,2093
58969521130,58969521130,0,940,1821
58970449165,58970449161,-4,1331,2423
58971434266,58971434262,-4,1134,4524
58972100942,58972100941,-1,1297,2227
58974771622,58974771621,-1,1122,1555
58975234622,58975234626,4,1398,1222
58976101150,58976101147,-3,1224,2024
58979869375,58979869371,-4,1143,2903
58986114867,58986114864,-3,1103,2174
58986502253,58986502251,-2,1154,1509
58990140343,58990140341,-2,795,2184
58990816206,58990816225,19,592,927
58991680531,58991680529,-2,939,2558
58992466485,58992466483,-2,1057,2089
58992812101,58992812096,-5,846,2186
58994479191,58994479188,-3,1007,1776
58999926627,58999926623,-4,1691,4110
59000868217,59000868218,1,1520,2156
59002129234,59002129240,6,2545,1092
59005769455,59005769450,-5,1123,2393
59008877162,59008877161,-1,558,1101
59012873426,59012873424,-2,922,2090
59017570523,59017570517,-6,1051,3712
59021155859,59021155856,-3,1011,3261
59023502290,59023502287,-3,949,2137
59029188067,59029188063,-4,901,1988
59031211765,59031211759,-6,786,1514
59031510586,59031510593,7,3852,2015
59036258622,59036258620,-2,929,2435
59036667765,59036667762,-3,1377,2209
59037902990,59037902986,-4,1009,3031
59038278112,59038278110,-2,1432,2781
59040103607,59040103606,-1,989,2175
59041560740,59041560737,-3,1133,2296
59043485155,59043485155,0,1151,2778
59050252861,59050252859,-2,1048,1667
59053388012,59053388010,-2,790,2255
59053649339,59053649339,0,1050,1449
59053774075,59053774072,-3,2837,4958
59058498207,59058498204,-3,1123,2797
59062315237,59062315235,-2,804,1877
59064814246,59064814241,-5,974,2912
59067922493,59067922491,-2,732,2446
59067999367,59067999384,17,501,1205
59069320958,59069320955,-3,1021,2422
59069574934,59069574930,-4,811,2230
59071775166,59071775165,-1,933,2380
59072136917,59072136931,14,349,448
59077968202,59077968201,-1,779,2296
59079732118,59079732117,-1,1170,2798
59088367307,59088367305,-2,1069,1891
59088619806,59088619826,20,392,1731
59090709877,59090709874,-3,1278,2151
59093084222,59093084219,-3,1453,3417
59095642714,59095642712,-2,906,2082
59096649784,59096649780,-4,1437,3310
59102492982,59102492978,-4,808,2100
59104121070,59104121067,-3,693,2259
59107668687,59107668684,-3,1365,2232
59126296441,59126296439,-2,1354,2464
59129394174,59129394181,7,6882,2123
59134513695,59134513695,0,933,1820
59137930158,59137930158,0,1205,1821
59145218658,59145218656,-2,1506,3101
59146133137,59146133132,-5,830,2271
59151676941,59151676951,10,15049,41270
59155021119,59155021118,-1,891,1819
59161246422,59161246418,-4,1701,2551
59166971198,59166971195,-3,1482,2977
59168060333,59168060332,-1,1103,2741
59169206833,59169206831,-2,1190,1868
59178124343,59178124340,-3,1271,2183
59181462659,59181462657,-2,1289,2349
59183067784,59183067783,-1,1295,2141
59186079861,59186079862,1,1179,1667
59188141485,59188141482,-3,1135,1573
59188441534,59188441534,0,2998,3974
59193297188,59193297187,-1,1115,2267
59193873069,59193873070,1,2450,1811
59198314167,59198314166,-1,1610,2427
59213503838,59213503836,-2,1051,1793
59218614791,59218614796,5,3480,2652
59220211261,59220211258,-3,780,1502
59221410818,59221410813,-5,2178,6604
59224176560,59224176577,17,1181,1698
59227817854,59227817848,-6,813,1936
59233057515,59233057511,-4,869,1549
59234128870,59234128867,-3,982,2647
59238246940,59238246936,-4,837,1955
59240253582,59240253586,4,2823,2164
59243234646,59243234641,-5,938,2584
59243867087,59243867084,-3,1314,2236
59244653487,59244653485,-2,906,2052
59245828838,59245828838,0,2935,3711
59245906818,59245906818,0,1334,2202
59250817374,59250817371,-3,1487,2229
59257635537,59257635537,0,1880,3156
59261157926,59261157922,-4,954,1511
59262104155,59262104153,-2,1067,2071
59262243841,59262243846,5,3705,1672
59264489457,59264489455,-2,1161,1409
59264701463,59264701465,2,1063,1379
59265641522,59265641522,0,1103,1750
59272318854,59272318852,-2,1226,2605
59272480924,59272480906,-18,1093,2032
59273630312,59273630330,18,1045,1731
59278215558,59278215569,11,969,1095
59280381503,59280381501,-2,979,1665
59283947843,59283947840,-3,811,1471
59286670309,59286670306,-3,1605,2504
59287763831,59287763826,-5,1126,3727
59290377802,59290377801,-1,1050,1353
59294874621,59294874617,-4,753,1732
59297377954,59297377953,-1,1438,2333
59297931609,59297931606,-3,1481,1937
59300001547,59300001541,-6,747,3553
59300060989,59300061006,17,272,917
59302564797,59302564795,-2,1019,1803
59303684171,59303684166,-5,887,1993
59307738992,59307738985,-7,1791,6312
59311939867,59311939862,-5,1290,2892
59316921883,59316921880,-3,754,1666
59318745903,59318745902,-1,1128,838
59319134313,59319134310,-3,1315,2281
59324029991,59324029993,2,991,1726
59324229886,59324229907,21,243,1003
59324748926,59324748922,-4,1056,2416
59327512447,59327512443,-4,990,2789
59331043720,59331043718,-2,1140,1913
59332117306,59332117301,-5,1097,1504
59333627813,59333627811,-2,1753,2770
59333660258,59333660255,-3,1504,2621
59335220755,59335220753,-2,1183,2771
59335768791,59335768789,-2,2340,5066
59337186654,59337186654,0,286,650
59338980878,59338980874,-4,1002,1035
59340826291,59340826289,-2,974,2031
59342029415,59342029412,-3,2073,3810
59351912098,59351912096,-2,1211,2328
59355632810,59355632807,-3,831,2156
59356353407,59356353406,-1,895,1759
59357281993,59357281991,-2,1111,1891
59357383869,59357383866,-3,1208,2190
59359346991,59359346987,-4,950,2210
59359404431,59359404429,-2,1276,2531
59359532801,59359532799,-2,1243,2400
59363947845,59363947848,3,3557,2083
59367747317,59367747314,-3,1557,2812
59374295154,59374295150,-4,1496,3185
59374687993,59374687990,-3,1203,3032
59375201605,59375201605,0,850,1443
59378255852,59378255850,-2,1014,1737
59384090522,59384090521,-1,1307,1786
59389897166,59389897163,-3,848,2704
59391161396,59391161395,-1,1153,1683
59392943237,59392943235,-2,1135,2001
59395807041,59395807038,-3,889,1657
59396320142,59396320139,-3,1136,1875
59400660351,59400660346,-5,1106,1946
59401629109,59401629106,-3,1051,1776
59403016165,59403016165,0,1916,2342
59403382078,59403382072,-6,958,2688
59403771878,59403771883,5,1994,1248
59405540126,59405540134,8,1832,672
59412055258,59412055257,-1,927,2484
59414402998,59414402997,-1,1181,1693
59415322887,59415322886,-1,1516,2052
59416634063,59416634061,-2,893,1790
59418283047,59418283044,-3,966,1868
59420375614,59420375612,-2,830,1926
59421849631,59421849630,-1,1022,1749
59422766359,59422766364,5,249,748
59424328417,59424328423,6,1760,1160
59430861762,59430861761,-1,1033,2130
59433078235,59433078234,-1,2042,2316
59433138943,59433138939,-4,1009,2297
59433295784,59433295766,-18,681,872
59435266166,59435266163,-3,847,1800
59436408927,59436408925,-2,792,1195
59438895242,59438895238,-4,1421,2614
59447634598,59447634598,0,1333,1884
59450269338,59450269336,-2,1169,1876
59451638449,59451638446,-3,1193,2542
59453844770,59453844770,0,1106,2134
59454795390,59454795387,-3,1358,2494
59456222620,59456222640,20,1056,1873
59457765258,59457765257,-1,1390,2526
59458274139,59458274136,-3,865,1240
59466246515,59466246517,2,1194,2137
59467003742,59467003757,15,290,985
59470875627,59470875635,8,2059,1041
59471306532,59471306529,-3,1206,2129
59476277327,59476277326,-1,1484,2354
59476525105,59476525092,-13,20929,17500
59478300888,59478300886,-2,1880,1933
59480169669,59480169666,-3,1157,2235
59481502605,59481502601,-4,1089,2059
59484110511,59484110508,-3,1036,1589
59492591118,59492591119,1,2134,1733
59493613328,59493613325,-3,1170,1967
59497202234,59497202233,-1,1085,2677
59497367854,59497367851,-3,1190,1727
59498122926,59498122917,-9,1106,3372
59501257090,59501257086,-4,1275,3225
59502134827,59502134826,-1,848,1707
59508173086,59508173084,-2,1379,1849
59508704218,59508704216,-2,1081,2716
59510683047,59510683044,-3,900,2246
59514272523,59514272522,-1,1025,1491
59515930595,59515930593,-2,1066,1740
59517017796,59517017794,-2,1021,2224
59523016321,59523016317,-4,1546,2917
59524376105,59524376105,0,722,1797
59527180822,59527180819,-3,723,1309
59531382062,59531382059,-3,1069,2769
59534656318,59534656314,-4,1235,3127
59536861464,59536861461,-3,1027,2277
59537274478,59537274487,9,290,936
59544066515,59544066515,0,935,2279
59548513721,59548513718,-3,589,1255
59552791857,59552791856,-1,1256,1552
59555596268,59555596271,3,1564,1043
59556138146,59556138142,-4,1290,2218
59556292691,59556292687,-4,1105,2702
59556661303,59556661294,-9,1301,2454
59557025020,59557025016,-4,696,2900
59560750538,59560750536,-2,1045,2931
59562410954,59562410952,-2,622,1685
59562647134,59562647151,17,960,2295
59565237943,59565237951,8,1506,893
59566464103,59566464099,-4,966,2673
59567971646,59567971645,-1,805,1294
59571532198,59571532197,-1,1147,1880
59571682955,59571682954,-1,912,1864
59574401393,59574401389,-4,1125,1889
59579256159,59579256158,-1,1346,1994
59580119234,59580119241,7,3263,1483
59581630272,59581630270,-2,1364,2817
59586058646,59586058643,-3,1109,2637
59586747147,59586747145,-2,651,1393
59597563982,59597563989,7,4274,1754
59600385143,59600385142,-1,1459,2748
59603133837,59603133833,-4,1214,2101
59604188707,59604188703,-4,930,2067
59604478118,59604478134,16,435,1166
59604631654,59604631657,3,956,1052
59606138361,59606138356,-5,586,1710
59607267982,59607267979,-3,1484,2733
59613425255,59613425252,-3,1250,3275
59618898257,59618898252,-5,1047,2488
59619153158,59619153179,21,35,829
59622989815,59622989813,-2,1518,2470
59628045732,59628045730,-2,911,2230
59631025517,59631025513,-4,1493,2727
59631732810,59631732806,-4,1240,3350
59637092715,59637092715,0,31790,30657
59640089038,59640089038,0,1152,1495
59643985875,59643985874,-1,1519,2516
59650706083,59650706078,-5,951,1232
59652828621,59652828618,-3,1484,3567
59652928876,59652928877,1,1738,1660
59654001216,59654001214,-2,1742,2389
59655945520,59655945517,-3,992,1909
59656537126,59656537122,-4,1540,2600
59656760087,59656760086,-1,1038,2378
59663596562,59663596559,-3,1722,2944
59668297955,59668297953,-2,1261,1830
59668496954,59668496953,-1,1144,2122
59668789920,59668789906,-14,21,785
59673483251,59673483249,-2,1385,2557
59673642127,59673642126,-1,984,1915
59679257449,59679257446,-3,694,1990
59680414124,59680414121,-3,1262,2034
59687644991,59687644987,-4,968,2274
59692279175,59692279170,-5,1194,2270
59693311102,59693311098,-4,1268,3517
59699523183,59699523185,2,1484,1354
59703017458,59703017458,0,2270,2830
59704585453,59704585450,-3,1456,1455
59706812689,59706812690,1,2189,2242
59709229550,59709229546,-4,1053,1831
59713129711,59713129709,-2,751,1636
59713601466,59713601463,-3,599,865
59716121298,59716121301,3,1746,1254
59716955497,59716955494,-3,1002,2013
59722299958,59722299968,10,13405,33083
59722984431,59722984429,-2,825,2001
59725129658,59725129654,-4,918,2114
59725414371,59725414367,-4,1323,2805
59726039080,59726039078,-2,1322,2533
59727252430,59727252430,0,1675,1853
59727895946,59727895945,-1,1418,2276
59729496582,59729496579,-3,1232,1725
59742524619,59742524616,-3,1110,2055
59743495638,59743495634,-4,1607,3172
59743581086,59743581082,-4,1485,2405
59745842327,59745842323,-4,1223,2669
59748037748,59748037744,-4,1881,3433
59748151486,59748151466,-20,1281,2478
59749416982,59749416968,-14,1345,3067
59751405346,59751405351,5,2347,1106
59753734725,59753734725,0,1129,1736
59754840457,59754840456,-1,1417,2134
59758130178,59758130175,-3,561,1712
59759088490,59759088487,-3,1716,2686
59761438074,59761438074,0,992,1888
59762485124,59762485122,-2,1102,2169
59764405392,59764405390,-2,1276,2055
59764784664,59764784683,19,970,1738
59770910838,59770910835,-3,1367,2063
59771426634,59771426631,-3,1292,1828
59776978747,59776978743,-4,1235,1865
59780827822,59780827817,-5,1370,2377
59788262414,59788262414,0,1192,1872
59795233867,59795233865,-2,774,2222
59798208995,59798208994,-1,1426,2545
59801234865,59801234861,-4,1054,2414
59802276650,59802276650,0,1012,2061
59802962121,59802962117,-4,1486,1597
59810868275,59810868269,-6,1215,2825
59813895293,59813895290,-3,1503,2246
59814870018,59814870017,-1,1624,2429
59816350307,59816350303,-4,1413,2007
59820260490,59820260488,-2,985,2385
59823342915,59823342912,-3,1178,1907
59826629730,59826629725,-5,1231,3063
59826674703,59826674701,-2,1154,1678
59827366142,59827366140,-2,839,1512
59828286466,59828286466,0,1341,1790
59832096018,59832096013,-5,715,1486
59837441586,59837441585,-1,1104,3007
59843307028,59843307026,-2,1300,2844
59844478465,59844478465,0,1291,2098
59848706914,59848706912,-2,1120,2089
59848765350,59848765363,13,33,1141
59849723766,59849723762,-4,1268,3447
59853098014,59853098012,-2,986,1606
59856180361,59856180358,-3,1077,2122
59858095143,59858095142,-1,1925,2076
59860295206,59860295205,-1,1278,2352
59863005012,59863005008,-4,904,1747
59863795361,59863795355,-6,919,2101
59870497670,59870497666,-4,1039,1734
59872556549,59872556555,6,8660,2614
59878220083,59878220081,-2,1398,1703
59879390607,59879390605,-2,1003,2552
59882345813,59882345814,1,1161,2548
59886490929,59886490925,-4,1122,2392
59887194900,59887194898,-2,1348,3140
59889139834,59889139832,-2,897,2286
59897805998,59897805994,-4,1268,2797
59901660789,59901660786,-3,982,1981
59902824104,59902824106,2,1553,1233
59904440445,59904440443,-2,1270,2044
59904714613,59904714611,-2,1066,2000
59909907622,59909907619,-3,1381,2155
59909933734,59909933731,-3,1035,2213
59912566065,59912566062,-3,1340,3214
59913779962,59913779961,-1,1498,2007
59914640970,59914640966,-4,882,2425
59915562062,59915562058,-4,1382,2699
59916497754,59916497752,-2,868,1770
59917549500,59917549494,-6,1452,5196
59917715341,59917715342,1,480,761
59920316845,59920316841,-4,1401,2036
59921713115,59921713127,12,14172,43448
59922485423,59922485423,0,35981,23999
59924636596,59924636593,-3,1202,3141
59927706487,59927706484,-3,1098,2198
59935911166,59935911162,-4,972,1287
59939198317,59939198314,-3,1572,2339
59942905867,59942905865,-2,1187,3759
59943253374,59943253370,-4,1119,2054
59943910134,59943910151,17,452,1432
59948051033,59948051030,-3,2232,3227
59948736225,59948736220,-5,993,2131
59948795912,59948795895,-17,1071,1506
59949585959,59949585963,4,1327,1130
59952725247,59952725246,-1,1180,3016
59953309814,59953309813,-1,1389,2209
59954199037,59954199033,-4,1227,2022
59960963276,59960963272,-4,735,1192
59961363378,59961363391,13,491,1208
59964164932,59964164929,-3,806,1917
59965620947,59965620944,-3,1049,2014
59965906090,59965906090,0,827,1519
59968543794,59968543791,-3,1022,2072
59972268690,59972268686,-4,1457,2307
59981120534,59981120532,-2,1920,2794
59989093368,59989093364,-4,1366,2890
60001458382,60001458382,0,1041,1084
60004829858,60004829856,-2,724,1591
60009777985,60009777981,-4,1013,2941
60022542006,60022542003,-3,1263,2863
60024396890,60024396889,-1,808,1928
60025608397,60025608397,0,14515,16445
60026723049,60026723042,-7,1742,4347
60028742030,60028742029,-1,1077,1471
60030746425,60030746422,-3,1672,2630
60032479763,60032479761,-2,1333,2236
60035151221,60035151219,-2,1170,2925
60036099282,60036099280,-2,971,2739
60037318878,60037318877,-1,1784,2653
60037899073,60037899070,-3,354,1181
60041147077,60041147076,-1,1394,2778
60043770771,60043770766,-5,1614,5041
60046810266,60046810262,-4,1148,2560
60046932081,60046932079,-2,1599,3076
60053869182,60053869181,-1,1252,2115
60054500105,60054500102,-3,1252,2341
60059854663,60059854645,-18,1444,2029
60061321327,60061321342,15,388,666
60068326823,60068326819,-4,914,1651
60071676633,60071676630,-3,1022,2296
60075849044,60075849041,-3,875,1520
60079983750,60079983750,0,1137,2372
60080182978,60080182979,1,1148,2117
60080943838,60080943836,-2,1480,2666
60083251686,60083251683,-3,1276,2408
60083780045,60083780039,-6,209,895
60085415857,60085415855,-2,1512,2966
60085443050,60085443049,-1,737,1682
60088899349,60088899345,-4,1019,2076
60093607664,60093607662,-2,1317,2031
60093961783,60093961801,18,845,1487
60094006730,60094006729,-1,1157,2472
60101520460,60101520466,6,2270,995
60105367496,60105367493,-3,1263,2609
60105843813,60105843814,1,1230,1248
60107060074,60107060072,-2,837,2499
60107302647,60107302646,-1,1246,2236
60109044446,60109044439,-7,1224,4272
60110272955,60110272954,-1,1189,1813
60111103437,60111103434,-3,1204,2092
60120738801,60120738798,-3,1206,1908
60124014142,60124014137,-5,577,2105
60124349541,60124349543,2,31943,26703
60125485469,60125485468,-1,1337,2744
60125778409,60125778407,-2,748,1523
60127071520,60127071538,18,974,1866
60131009075,60131009070,-5,950,3405
60132449898,60132449895,-3,1080,2442
60135000430,60135000428,-2,1336,2256
60140582544,60140582542,-2,1201,2319
60141094629,60141094618,-11,1139,5514
60142352342,60142352340,-2,2146,4890
60143735321,60143735319,-2,1631,2774
60151771654,60151771656,2,2079,1829
60154158794,60154158790,-4,1239,2998
60154289519,60154289519,0,224,745
60164638874,60164638874,0,2189,2693
60176065715,60176065711,-4,1212,2244
60181247125,60181247123,-2,1216,1967
60182419043,60182419042,-1,1471,2777
60185495746,60185495745,-1,1355,2181
60187111548,60187111546,-2,1039,1742
60187435147,60187435146,-1,1285,2104
60190497015,60190497011,-4,882,2742
60191648971,60191648968,-3,1046,2780
60193609371,60193609369,-2,1800,3095
60194510814,60194510818,4,1975,1533
60197699274,60197699272,-2,1249,1792
60200947810,60200947808,-2,1261,2676
60201558766,60201558762,-4,998,3807
60204776301,60204776297,-4,1057,2588
60204844534,60204844533,-1,1118,2239
60207928806,60207928805,-1,1058,1518
60207961180,60207961177,-3,1357,2060
60209165335,60209165327,-8,884,1458
60210659811,60210659810,-1,1337,1749
60212655373,60212655354,-19,19244,38842
60213170177,60213170176,-1,1306,1595
60214929491,60214929487,-4,1087,2031
60217461574,60217461572,-2,1239,2799
60220300534,60220300534,0,1374,3228
60225030873,60225030857,-16,1058,2167
60226884918,60226884923,5,1978,1656
60227039834,60227039830,-4,832,2521
60231292170,60231292166,-4,1394,4396
60232022232,60232022230,-2,1459,2957
60241775499,60241775497,-2,1473,1819
60242596425,60242596423,-2,853,1706
60243769167,60243769161,-6,734,2087
60249928555,60249928552,-3,1136,2479
60251908517,60251908515,-2,1339,2528
60252734155,60252734151,-4,925,2184
60255981331,60255981327,-4,1306,2405
60258348888,60258348882,-6,1724,5565
60259538658,60259538654,-4,779,1830
60263891299,60263891303,4,2581,1492
60270097191,60270097186,-5,989,4297
60271236203,60271236201,-2,921,1918
60271438447,60271438466,19,785,1638
60272300730,60272300727,-3,1222,2199
60274753874,60274753870,-4,1120,2184
60275712655,60275712660,5,13547,21212
60276027448,60276027445,-3,1404,3008
60277474489,60277474486,-3,1072,2029
60281926205,60281926204,-1,1237,1639
60285403295,60285403293,-2,1050,2030
60287850519,60287850516,-3,1009,1848
60288417242,60288417242,0,1505,2178
60297299399,60297299399,0,927,1702
60297339504,60297339519,15,346,772
60299800539,60299800537,-2,1190,1880
60301253975,60301253974,-1,1274,2287
60306903550,60306903549,-1,1268,2645
60310640531,60310640530,-1,756,1383
60311851126,60311851130,4,2233,1179
60312322620,60312322615,-5,1658,3946
60312509462,60312509455,-7,145,895
60314722736,60314722734,-2,943,1903
60319384239,60319384234,-5,860,1615
60321539230,60321539229,-1,1214,2339
60323090674,60323090671,-3,1304,2087
60323654606,60323654603,-3,1796,3623
60325578602,60325578599,-3,1059,2809
60326326765,60326326761,-4,1065,2099
60326391462,60326391457,-5,1348,2449
60330846885,60330846883,-2,1226,2494
60332069510,60332069507,-3,1357,3435
60333724736,60333724730,-6,1002,1790
60335636579,60335636577,-2,1643,2716
60340163365,60340163363,-2,941,2171
60344385281,60344385278,-3,1350,2757
60344528967,60344528946,-21,755,1938
60344724068,60344724065,-3,992,1807
60345529218,60345529219,1,275,978
60349675827,60349675825,-2,932,1756
60350707620,60350707617,-3,816,2850
60353187314,60353187314,0,1215,1575
60354365345,60354365345,0,126,472
60354642401,60354642399,-2,877,2331
60361146107,60361146106,-1,1110,1644
60362799699,60362799696,-3,1180,3657
60364681674,60364681657,-17,1243,2300
60366827100,60366827114,14,385,898
60367233544,60367233539,-5,1194,4510
60370183780,60370183782,2,1502,1008
60374033985,60374033981,-4,949,1955
60374533254,60374533273,19,530,1700
60375436777,60375436775,-2,910,2636
60379647347,60379647346,-1,1405,2258
60383084107,60383084106,-1,1061,1975
60383719394,60383719392,-2,1159,2945
60385761228,60385761226,-2,1164,1929
60385881593,60385881590,-3,1100,1553
60388222342,60388222341,-1,1042,1974
60393387713,60393387713,0,3171,3362
60395945402,60395945401,-1,1112,2160
60396194782,60396194800,18,1043,1622
60397619526,60397619522,-4,780,1350
60398678486,60398678485,-1,895,1500
60403134058,60403134056,-2,1421,2291
60405600037,60405600035,-2,1306,2595
60406677318,60406677317,-1,953,2235
60407638703,60407638702,-1,1375,2164
60407699202,60407699198,-4,1069,2087
60408413321,60408413321,0,1015,2001
60410338754,60410338753,-1,1072,2127
60410366517,60410366515,-2,1160,2429
60410544589,60410544588,-1,1113,1792
60411854179,60411854175,-4,1284,3386
60412426227,60412426223,-4,1122,1818
60412494102,60412494098,-4,960,2106
60413837444,60413837439,-5,1788,2389
60416924721,60416924718,-3,1175,2303
60421008250,60421008249,-1,1336,2422
60431603510,60431603509,-1,878,1974
60439252326,60439252321,-5,1405,1983
60439513247,60439513245,-2,929,1638
60441901598,60441901597,-1,1209,1468
60445985841,60445985840,-1,861,1993
60446051494,60446051491,-3,1479,2220
60447008443,60447008443,0,437,730
60449141115,60449141113,-2,1370,2267
60449357386,60449357383,-3,953,2041
60453548062,60453548062,0,1549,2370
60453664785,60453664785,0,1358,1898
60455948462,60455948456,-6,1089,2017
60458465378,60458465373,-5,1385,2669
60461901900,60461901895,-5,1274,2804
60465836962,60465836961,-1,1007,1802
60465886070,60465886066,-4,1098,2636
60466324786,60466324782,-4,934,1979
60469749761,60469749759,-2,927,2538
60470766359,60470766356,-3,912,2045
60475816879,60475816877,-2,914,1686
60484487178,60484487177,-1,1557,2489
60487767634,60487767631,-3,1967,2229
60489428832,60489428831,-1,1443,2795
60491210070,60491210068,-2,1280,1666
60492857166,60492857167,1,3206,4354
60495853926,60495853925,-1,1211,2199
60495948951,60495948952,1,2215,3256
60496097980,60496097978,-2,1038,2749
60499404802,60499404798,-4,1207,1724
60500327509,60500327505,-4,1221,2897
60503724002,60503724002,0,1324,2111
60504333549,60504333546,-3,1435,2950
60508330698,60508330693,-5,1074,2359
60511595358,60511595359,1,1267,1917
60513221660,60513221658,-2,1426,1707
60516256434,60516256430,-4,974,2026
60526620734,60526620733,-1,1007,2136
60526663637,60526663631,-6,1275,3825
60526999817,60526999814,-3,770,1540
60531235124,60531235122,-2,1226,1750
60531765069,60531765055,-14,279,991
60537087514,60537087514,0,1251,1849
60537791323,60537791320,-3,1328,2622
60540466247,60540466245,-2,831,1670
60547906890,60547906886,-4,1137,2072
60551763277,60551763274,-3,1270,1808
60552870310,60552870310,0,836,2298
60554984663,60554984659,-4,1334,2192
60559723994,60559723991,-3,1002,2646
60562340697,60562340694,-3,899,2704
60562458827,60562458825,-2,1010,2078
60566221842,60566221840,-2,1308,2354
60566997009,60566997004,-5,966,1602
60568633026,60568633024,-2,975,2089
60569539862,60569539860,-2,1306,2871
60571566567,60571566586,19,1971,990
60572584538,60572584539,1,1541,1754
60575772354,60575772353,-1,1471,1941
60577145601,60577145599,-2,644,1310
60579196201,60579196200,-1,1030,1401
60580681174,60580681173,-1,1139,2299
60583767018,60583767019,1,1739,1800
60585868177,60585868175,-2,1155,1542
60586027316,60586027334,18,458,942
60589521879,60589521873,-6,702,2099
60597613073,60597613071,-2,1154,2037
60598450771,60598450769,-2,1426,2023
60598511695,60598511691,-4,882,2656
60598607670,60598607687,17,1063,3111
60599068220,60599068217,-3,2049,4741
60605818326,60605818326,0,1482,1840
60608777901,60608777896,-5,845,1517
60614648703,60614648700,-3,1356,2611
60618269546,60618269540,-6,1145,2351
60618593615,60618593631,16,699,2108
60621885582,60621885579,-3,990,2297
60622297251,60622297250,-1,1167,2221
60623193861,60623193858,-3,1598,1717
60623892025,60623892022,-3,865,2045
60625177224,60625177222,-2,1087,1974
60625607454,60625607453,-1,1168,3088
60628658131,60628658130,-1,1385,2061
60628938814,60628938810,-4,1439,2126
60629918929,60629918930,1,1276,1296
60631266850,60631266853,3,1709,1169
60636092083,60636092081,-2,1170,2581
60639689705,60639689725,20,1298,1967
60647917170,60647917167,-3,1292,2436
60650855535,60650855533,-2,1085,2809
60652753930,60652753922,-8,5694,31955
60652804294,60652804292,-2,1443,2126
60653493116,60653493097,-19,1334,2434
60655715188,60655715186,-2,1229,2346
60664590486,60664590483,-3,1059,2310
60667523982,60667523984,2,1271,908
60667857835,60667857834,-1,520,1691
60669118350,60669118346,-4,1375,2716
60671917930,60671917931,1,1530,2101
60675075133,60675075130,-3,1544,2032
60675449811,60675449818,7,3417,1121
60677174208,60677174202,-6,27919,11847
60679101008,60679101010,2,2370,1417
60681921194,60681921192,-2,1598,2999
60685683482,60685683478,-4,1106,1976
60687627402,60687627399,-3,1292,1284
60690408075,60690408073,-2,1137,2061
60690996318,60690996321,3,4183,3657
60691614361,60691614359,-2,977,1812
60692921730,60692921730,0,971,1306
60693254458,60693254451,-7,914,2902
60697425935,60697425933,-2,720,1864
60697769581,60697769580,-1,1122,1809
60697998660,60697998656,-4,849,1802
60702235917,60702235914,-3,1499,2866
60702642325,60702642323,-2,985,2428
60702905920,60702905933,13,398,1441
60705170777,60705170775,-2,1592,2704
60707091606,60707091602,-4,1420,2762
60708327114,60708327113,-1,1000,1637
60709208730,60709208729,-1,785,1953
60711014790,60711014787,-3,1260,2501
60712069137,60712069134,-3,1286,2409
60714674568,60714674576,8,11449,44893
60716355948,60716355958,10,11482,43607
60721389170,60721389165,-5,947,3315
60729357151,60729357149,-2,1107,1274
60730859463,60730859461,-2,972,2437
60731018287,60731018283,-4,1453,2347
60737031752,60737031751,-1,1246,2021
60738283806,60738283802,-4,1041,3052
60739353903,60739353901,-2,1375,2118
60742932553,60742932554,1,1567,2163
60744024013,60744024008,-5,1023,1871
60747954205,60747954199,-6,1021,1201
60749431311,60749431309,-2,1196,2052
60749545672,60749545686,14,743,1317
60751134165,60751134162,-3,1057,2129
60752099999,60752099995,-4,1098,2733
60754779470,60754779469,-1,914,2646
60756055706,60756055702,-4,1116,3276
60759394546,60759394546,0,2988,3559
60764426441,60764426438,-3,1238,3062
60766842426,60766842424,-2,1015,2179
60767172302,60767172293,-9,144,988
60770084049,60770084046,-3,1037,3090
60771877520,60771877530,10,9596,42354
60774608317,60774608314,-3,1422,3169
60777670276,60777670279,3,986,1525
60778082234,60778082229,-5,725,2065
60782228683,60782228678,-5,931,2941
60788127519,60788127516,-3,1188,1550
60789787232,60789787229,-3,1992,3390
60793487391,60793487390,-1,1065,2249
60796923303,60796923301,-2,1161,1822
60802766955,60802766951,-4,779,2638
60803643272,60803643274,2,1690,1413
60805121217,60805121215,-2,1131,2372
60813478507,60813478504,-3,1156,1752
60819638775,60819638769,-6,1260,3465
60820771563,60820771561,-2,1041,1500
60821307614,60821307611,-3,1046,3240
60828988554,60828988553,-1,1453,1713
60831721542,60831721542,0,828,2099
60834139750,60834139747,-3,1173,1647
60835688655,60835688654,-1,1721,1244
60836890958,60836890952,-6,43118,21983
60841978623,60841978621,-2,1180,2540
60843682613,60843682610,-3,1342,2551
60851634600,60851634597,-3,1427,2979
60853456673,60853456669,-4,1096,2336
60857789394,60857789393,-1,1110,2345
60860202861,60860202859,-2,1112,1970
60860391890,60860391887,-3,1419,2204
60861811555,60861811554,-1,700,1746
60862096599,60862096619,20,702,645
60863220281,60863220280,-1,1131,2845
60870360698,60870360692,-6,1766,5323
60876313010,60876313009,-1,1313,2232
60876437361,60876437361,0,1045,2024
60877203373,60877203369,-4,1075,2361
60881398970,60881398976,6,2472,1517
60885613679,60885613677,-2,996,1331
60886529098,60886529098,0,706,1619
60886828878,60886828897,19,903,1788
60886960446,60886960441,-5,905,2166
60887694686,60887694684,-2,1616,2442
60890786019,60890786017,-2,1430,1882
60895945806,60895945805,-1,842,1331
60896250635,60896250635,0,1716,2187
60900105081,60900105079,-2,984,2802
60900900704,60900900698,-6,1410,2821
60906000336,60906000334,-2,999,2396
60908132198,60908132199,1,948,1885
60908920990,60908920987,-3,1055,1463
60911296218,60911296218,0,1180,1614
60913939697,60913939697,0,1345,2166
60915695650,60915695648,-2,972,1957
60916676880,60916676876,-4,677,1559
60918010226,60918010225,-1,1018,1781
60918278130,60918278130,0,1075,2981
60919014362,60919014361,-1,938,1525
60923960858,60923960855,-3,1366,2574
60925524914,60925524910,-4,1025,2022
60929349455,60929349452,-3,813,3052
60932960282,60932960282,0,1766,1261
60934565535,60934565532,-3,1003,1848
60935301255,60935301251,-4,830,1631
60938531017,60938531018,1,943,915
60942087153,60942087151,-2,1651,1893
60942749701,60942749698,-3,1015,2895
60942803104,60942803121,17,1061,1698
60953320992,60953320991,-1,1782,2074
60957296050,60957296046,-4,1091,2527
60960208981,60960208978,-3,7102,15943
60960988847,60960988846,-1,1079,2265
60961045798,60961045790,-8,1345,2150
60965354959,60965354956,-3,1148,2527
60965679165,60965679160,-5,1205,2625
60967186645,60967186642,-3,714,2239
60968594894,60968594889,-5,925,2081
60970972670,60970972669,-1,1231,2403
60972169502,60972169498,-4,1727,3224
60977165939,60977165937,-2,1177,2055
60980201547,60980201544,-3,967,2391
60981020043,60981020042,-1,1106,1859
60981168989,60981168986,-3,1464,2072
60984694886,60984694885,-1,1104,2124
60985750970,60985750969,-1,1395,1804
60988181668,60988181687,19,441,679
60988968488,60988968485,-3,940,2096
60989659187,60989659185,-2,1071,2392
60991990694,60991990686,-8,1395,6078
60995549294,60995549295,1,1487,822
60997039553,60997039552,-1,1375,2401
60997134311,60997134305,-6,1297,2558
60997264787,60997264783,-4,779,1959
60997635277,60997635278,1,1043,1714
60998702286,60998702282,-4,801,1666
61000159048,61000159045,-3,972,2395
61000722959,61000722960,1,1052,1889
61005644014,61005644013,-1,997,2528
61006753415,61006753414,-1,1215,1923
61009224794,61009224790,-4,1063,2697
61010052711,61010052706,-5,868,1443
61014835634,61014835630,-4,635,2206
61020015639,61020015637,-2,1539,1933
61024802262,61024802265,3,22722,29477
61026747774,61026747787,13,53899,34907
61026866680,61026866676,-4,1553,2991
61029125071,61029125073,2,1046,1249
61031792942,61031792935,-7,3293,9343
61032408116,61032408113,-3,900,2247
61035890082,61035890078,-4,1693,3200
61036560938,61036560937,-1,1352,1969
61038141405,61038141403,-2,1133,2365
61039404105,61039404102,-3,496,838
61039860120,61039860118,-2,1789,2390
61040576202,61040576198,-4,1006,1559
61046884566,61046884563,-3,983,1689
61048058242,61048058241,-1,1465,2079
61051807589,61051807586,-3,1277,2368
61051855564,61051855550,-14,1066,2790
61053729114,61053729113,-1,799,2062
61053938797,61053938786,-11,271,1328
61057436702,61057436698,-4,1046,2121
61059405144,61059405141,-3,1197,1964
61060959509,61060959505,-4,1222,2159
61061249873,61061249874,1,870,1695
61062722131,61062722131,0,1403,2087
61063305421,61063305417,-4,1262,3018
61065825746,61065825750,4,2857,1426
61067564324,61067564321,-3,948,2009
61068965997,61068966014,17,960,1614
61072215963,61072215960,-3,1049,2570
61072500860,61072500861,1,345,2539
61074333290,61074333287,-3,897,1248
61075905262,61075905255,-7,1035,1318
61077482183,61077482180,-3,1214,2318
61082816988,61082816984,-4,901,1579
61084544642,61084544640,-2,1357,1663
61084695572,61084695594,22,714,2305
61085144447,61085144446,-1,1127,2775
61085442437,61085442435,-2,1500,2029
61087073296,61087073293,-3,1281,2181
61088502805,61088502801,-4,1107,1988
61088583213,61088583210,-3,1653,1555
61088809623,61088809624,1,768,1633
61094717878,61094717877,-1,976,1265
61095716517,61095716514,-3,1325,2783
61096338409,61096338414,5,10230,26286
61107462253,61107462250,-3,952,2566
61107690097,61107690095,-2,1056,2286
61109296382,61109296379,-3,835,1714
61110822095,61110822095,0,1244,1723
61113314462,61113314461,-1,1097,1664
61117730633,61117730629,-4,721,1264
61135374825,61135374819,-6,1408,2879
61139098826,61139098825,-1,1374,2325
61142905978,61142905960,-18,897,1443
61143268830,61143268810,-20,1305,1526
61144252912,61144252914,2,1732,1493
61146416161,61146416154,-7,462,1927
61146515733,61146515731,-2,280,677
61148383124,61148383121,-3,1774,2199
61151669160,61151669158,-2,710,1786
61151725197,61151725216,19,1220,2300
61152663810,61152663809,-1,1257,2638
61154325993,61154325993,0,871,2116
61154813789,61154813810,21,1338,2501
61154883849,61154883848,-1,1130,2141
61156057102,61156057098,-4,1403,1741
61156739730,61156739734,4,4711,2832
61159686210,61159686205,-5,778,1437
61162795479,61162795477,-2,805,2237
61166978136,61166978142,6,1162,920
61167438464,61167438481,17,224,925
61170783740,61170783743,3,1846,1464
61171101821,61171101817,-4,1070,1907
61171141444,61171141460,16,636,1363
61171889409,61171889405,-4,1055,1571
61171943911,61171943903,-8,1302,2616
61172218274,61172218271,-3,1485,2530
61173971506,61173971506,0,1636,3033
61175519357,61175519355,-2,1375,2479
61175865217,61175865217,0,904,1967
61176793609,61176793606,-3,1138,2017
61177515011,61177515013,2,1007,1232
61178237551,61178237548,-3,922,1801
61178447557,61178447554,-3,1347,1785
61181066367,61181066365,-2,848,1852
61181330395,61181330376,-19,903,1852
61190388932,61190388930,-2,1132,1381
61198313974,61198313970,-4,956,1828
61203437343,61203437341,-2,1039,1577
61204967719,61204967717,-2,746,1486
61206708346,61206708343,-3,2565,4255
61206882235,61206882231,-4,1248,2145
61210198155,61210198151,-4,1095,3234
61212987076,61212987077,1,1532,2828
61215598550,61215598548,-2,901,1582
61219970422,61219970421,-1,1481,1974
61223195410,61223195408,-2,748,1647
61224550970,61224550967,-3,929,2293
61227829237,61227829233,-4,1191,1646
61228951950,61228951949,-1,2699,3179
61229154971,61229154971,0,1219,1715
61229764456,61229764451,-5,1017,1813
61232373547,61232373545,-2,1039,3171
61233797498,61233797492,-6,1005,3202
61235706190,61235706189,-1,1402,2162
61236277989,61236277991,2,1625,1460
61237846329,61237846329,0,1457,2206
61239555809,61239555813,4,5663,5175
61243521059,61243521054,-5,827,1700
61247012682,61247012678,-4,939,2307
61247294134,61247294147,13,826,1666
61247830415,61247830414,-1,915,2307
61249862645,61249862643,-2,1589,1859
61252717655,61252717649,-6,1226,1314
61253742934,61253742954,20,42,1187
61261060281,61261060279,-2,1207,2166
61261166287,61261166305,18,1041,2680
61263965214,61263965211,-3,1609,2978
61270283634,61270283632,-2,1201,2174
61273836151,61273836150,-1,1271,2397
61279204784,61279204791,7,22344,20212
61279482156,61279482151,-5,1085,2975
61284359267,61284359263,-4,872,2164
61286248162,61286248160,-2,1137,2493
61286724366,61286724362,-4,1133,2360
61288800823,61288800821,-2,1645,2921
61289647916,61289647911,-5,1147,2843
61293577253,61293577249,-4,1309,2733
61295515287,61295515290,3,1968,1405
61296904278,61296904277,-1,895,2056
61305584612,61305584609,-3,854,1685
61305811439,61305811458,19,953,1278
61309338229,61309338223,-6,649,1814
61317637841,61317637835,-6,1354,4298
61318863089,61318863089,0,717,2625
61319590549,61319590539,-10,222,1131
61321608314,61321608311,-3,1078,2287
61321868996,61321868993,-3,965,2558
61322220574,61322220594,20,507,1849
61323937170,61323937168,-2,1507,2778
61325044730,61325044725,-5,965,2124
61326826045,61326826038,-7,1625,5147
61339494781,61339494774,-7,595,1486
61342997719,61342997717,-2,1353,1958
61343712117,61343712116,-1,764,2464
61345004489,61345004487,-2,899,2052
61351238635,61351238650,15,299,900
61352374725,61352374725,0,1397,2148
61352998086,61352998085,-1,1069,2579
61357487172,61357487170,-2,915,1921
61359513242,61359513238,-4,1139,1729
61362420239,61362420238,-1,1806,2429
61365411454,61365411453,-1,1602,3333
61366514526,61366514522,-4,1230,2083
61366803183,61366803181,-2,1003,2409
61369321910,61369321906,-4,1350,2297
61370072476,61370072474,-2,991,2390
61370572091,61370572088,-3,1314,1724
61370893758,61370893753,-5,802,2236
61374588621,61374588619,-2,1278,1887
61375117858,61375117856,-2,1138,1838
61376380658,61376380655,-3,730,1593
61376823037,61376823035,-2,1147,1643
61379078508,61379078504,-4,840,2352
61381905156,61381905154,-2,1260,1783
61383074818,61383074816,-2,1158,2212
61384925710,61384925705,-5,758,1998
61391939778,61391939777,-1,1501,2494
61395228642,61395228639,-3,1111,2149
61399130773,61399130772,-1,1107,2219
61401609668,61401609673,5,2823,1760
61405402798,61405402795,-3,1245,2325
61406261013,61406261010,-3,993,1987
61409682205,61409682203,-2,1165,2091
61423589426,61423589424,-2,1535,2701
61426471121,61426471127,6,1640,1014
61429918366,61429918361,-5,885,2134
61431381984,61431381981,-3,1374,3327
61436779075,61436779071,-4,964,1620
61446165487,61446165490,3,3951,3036
61451246970,61451246966,-4,865,2605
61453200802,61453200799,-3,1187,1856
61458108961,61458108958,-3,1106,2407
61459637793,61459637800,7,4977,2260
61460195173,61460195171,-2,1094,1284
61460551781,61460551778,-3,1286,2336
61461393395,61461393393,-2,1850,9399
61461467527,61461467513,-14,1240,2045
61463812441,61463812437,-4,1059,2064
61463916249,61463916246,-3,950,2026
61467581895,61467581894,-1,1413,2003
61469526975,61469526970,-5,847,2441
61472524274,61472524273,-1,1959,2314
61473680882,61473680876,-6,1282,2548
61474178171,61474178169,-2,1061,1595
61475705227,61475705225,-2,998,2302
61485245921,61485245922,1,1272,1607
61486436446,61486436443,-3,1267,3390
61489470232,61489470227,-5,652,2201
61490035185,61490035181,-4,577,1224
61491739229,61491739229,0,9878,14325
61491820499,61491820497,-2,1413,2713
61492110722,61492110718,-4,1734,2615
61507989307,61507989304,-3,1066,2257
61510508436,61510508450,14,780,1612
61520830084,61520830083,-1,1223,2342
61522716799,61522716798,-1,1282,2060
61527803477,61527803475,-2,1310,1671
61528175982,61528176000,18,974,1892
61529646812,61529646810,-2,1021,2487
61532010866,61532010862,-4,871,2245
61534530962,61534530968,6,4239,2088
61535108478,61535108473,-5,1137,1868
61535897738,61535897738,0,1097,1479
61536713850,61536713849,-1,877,2076
61538396911,61538396908,-3,939,2121
61543801875,61543801871,-4,1979,2903
61550899679,61550899674,-5,721,2504
61551788568,61551788582,14,276,622
61556806407,61556806403,-4,506,2294
61558747431,61558747426,-5,1229,3792
61562031252,61562031249,-3,1293,2556
61569154398,61569154395,-3,778,1968
61569680463,61569680457,-6,779,2740
61571915782,61571915781,-1,1320,3114
61572403161,61572403161,0,1099,1814
61574805782,61574805779,-3,1139,3155
61577963936,61577963934,-2,1513,2274
61583601951,61583601947,-4,1428,2455
61588343640,61588343655,15,298,1017
61599115802,61599115798,-4,926,1902
61599366274,61599366273,-1,1266,1509
61601452549,61601452546,-3,1284,1888
61603998300,61603998297,-3,1187,2140
61604024992,61604024989,-3,794,1201
61615182614,61615182611,-3,1549,3070
61630614803,61630614800,-3,911,3453
61631852599,61631852599,0,1111,1609
61634090853,61634090854,1,1048,1366
61643500231,61643500230,-1,1702,3046
61646533507,61646533505,-2,1014,2587
61646626898,61646626893,-5,1041,1637
61648681861,61648681858,-3,1413,2227
61648728210,61648728206,-4,1097,2546
61650082375,61650082373,-2,1063,1697
61656075338,61656075334,-4,1149,2462
61659265083,61659265081,-2,868,2082
61659937647,61659937646,-1,1335,2260
61660452211,61660452208,-3,1211,3139
61661527605,61661527602,-3,1296,2109
61662002244,61662002241,-3,1066,2570
61662604719,61662604717,-2,1055,2095
61665479601,61665479605,4,9704,30200
61666109067,61666109066,-1,1030,2738
61668200486,61668200483,-3,786,2273
61669765476,61669765473,-3,785,1905
61672786285,61672786282,-3,1214,1867
61676434324,61676434321,-3,1575,2315
61677050653,61677050651,-2,963,1829
61681959682,61681959678,-4,888,2105
61682949531,61682949529,-2,1001,1532
61683801812,61683801813,1,1383,1864
61685629149,61685629148,-1,1652,2561
61687470677,61687470677,0,1131,2161
61694151374,61694151370,-4,1617,2400
61697852119,61697852118,-1,1201,2013
61698414729,61698414727,-2,936,1894
61709035557,61709035553,-4,957,2215
61711074133,61711074129,-4,1802,2738
61711759506,61711759501,-5,1186,2407
61713277319,61713277320,1,948,1394
61716284822,61716284818,-4,1101,2572
61716908711,61716908710,-1,1184,2367
61717274099,61717274097,-2,849,1842
61718656448,61718656454,6,21076,27319
61719948025,61719948022,-3,1133,2215
61720482323,61720482321,-2,1346,2702
61727450831,61727450830,-1,1358,2310
61729176960,61729176958,-2,1775,1841
61732072735,61732072732,-3,1087,2147
61738141827,61738141829,2,1783,2011
61743407399,61743407405,6,4205,1820
61745660467,61745660464,-3,587,1756
61753394591,61753394584,-7,1440,4909
61756507247,61756507245,-2,946,1349
61756535013,61756534998,-15,1226,1992
61762610514,61762610510,-4,1074,2412
61768405870,61768405869,-1,1056,2219
61770614275,61770614270,-5,937,2345
61772294298,61772294297,-1,1158,2272
61772441874,61772441870,-4,1304,2073
61776382467,61776382465,-2,1234,2412
61778170089,61778170086,-3,812,1979
61779434863,61779434853,-10,906,1502
61781834011,61781834007,-4,951,2618
61782403068,61782403063,-5,741,1879
61788225993,61788225990,-3,1298,2009
61791710298,61791710294,-4,830,2037
61796930682,61796930682,0,1928,2750
61798288199,61798288196,-3,781,1354
61799688736,61799688734,-2,984,1449
61800668821,61800668803,-18,346,1295
61801094869,61801094887,18,1152,2513
61805223441,61805223437,-4,1595,2210
61809316002,61809315999,-3,1464,3211
61810266042,61810266041,-1,1186,1663
61811939801,61811939803,2,1337,1378
61818028453,61818028456,3,3434,2524
61818441530,61818441531,1,1476,1337
61819765591,61819765587,-4,1052,2758
61820065490,61820065485,-5,1330,3223
61820488352,61820488349,-3,1217,2085
61821031060,61821031081,21,238,806
61821744837,61821744832,-5,1127,3145
61822594819,61822594817,-2,1056,1941
61823526534,61823526532,-2,1383,2386
61823727826,61823727824,-2,1089,1369
61828611351,61828611345,-6,881,3950
61832675391,61832675389,-2,899,2289
61834096922,61834096920,-2,941,1594
61837089097,61837089093,-4,967,1665
61837635300,61837635297,-3,1469,2777
61839831543,61839831538,-5,671,3550
61842935055,61842935061,6,4351,1692
61844720422,61844720419,-3,1214,1726
61846357926,61846357924,-2,1016,2262
61848135434,61848135432,-2,907,1147
61851765744,61851765740,-4,1048,1797
61852161585,61852161582,-3,1134,1800
61852875752,61852875756,4,14568,2683
61859905574,61859905573,-1,1034,1868
61863038427,61863038423,-4,1428,1678
61866512118,61866512117,-1,868,1801
61882237994,61882237994,0,1450,2176
61884909930,61884909927,-3,1936,3507
61889133465,61889133464,-1,1179,2706
61889171259,61889171255,-4,1034,2065
61889706430,61889706446,16,1023,3517
61889932902,61889932903,1,1086,1549
61890195407,61890195405,-2,978,2301
61890282651,61890282647,-4,1100,2188
61892752395,61892752392,-3,982,1182
61897947814,61897947811,-3,947,1653
61903134879,61903134886,7,5659,1922
61903682538,61903682537,-1,1721,2074
61918681016,61918681014,-2,832,2145
61925229697,61925229694,-3,947,2515
61925821332,61925821327,-5,934,1529
61928241655,61928241651,-4,996,2740
61931857011,61931857006,-5,1063,2327
61934520895,61934520893,-2,1652,3319
61940023422,61940023420,-2,1238,1775
61941458942,61941458934,-8,1008,2529
61942022823,61942022820,-3,900,3438
61942596878,61942596875,-3,979,2336
61947842621,61947842618,-3,829,2297
61955473819,61955473818,-1,1359,1870
61957811574,61957811570,-4,1525,2406
61964508619,61964508616,-3,1159,2584
61967350550,61967350565,15,1169,2240
61968627870,61968627868,-2,1228,3378
61969104427,61969104424,-3,1442,2368
61975501593,61975501598,5,4444,2007
61979374362,61979374358,-4,1210,3063
61982931419,61982931418,-1,1056,2389
61985375444,61985375441,-3,810,1816
61987212089,61987212090,1,1454,2119
61988741186,61988741181,-5,906,1481
61990011502,61990011505,3,1554,1664
61990446860,61990446847,-13,40,802
61991187406,61991187403,-3,1342,2488
61992215011,61992215005,-6,684,2330
61993338726,61993338722,-4,1095,2460
61997599872,61997599866,-6,876,2150
61998674698,61998674695,-3,1084,2474
61999956269,61999956265,-4,1123,3308
62002831534,62002831530,-4,1051,2078
62005180654,62005180651,-3,1197,2022
62010919227,62010919225,-2,1160,2286
62012809806,62012809805,-1,1022,2083
62013480590,62013480597,7,4677,2101
62014862203,62014862200,-3,2625,4343
62014961330,62014961329,-1,638,2019
62016561027,62016561023,-4,1200,2083
62017076280,62017076299,19,346,975
62018755338,62018755339,1,789,1324
62021429940,62021429938,-2,879,2218
62024089766,62024089765,-1,1571,2340
62028482740,62028482739,-1,1480,1685
62034437698,62034437698,0,1124,1538
62034533774,62034533770,-4,1018,2050
62035220574,62035220572,-2,1140,2190
62036792138,62036792137,-1,741,2248
62039393575,62039393573,-2,1181,1619
62049770578,62049770578,0,596,1405
62050176104,62050176119,15,254,1332
62065160165,62065160166,1,1021,1667
62073616489,62073616485,-4,1356,2545
62074596024,62074596023,-1,939,1368
62078644067,62078644066,-1,1688,3073
62088390997,62088390999,2,1977,1870
62089959498,62089959496,-2,1220,1592
62091554601,62091554599,-2,1413,2891
62095323735,62095323733,-2,1054,2646
62109278810,62109278830,20,758,1411
62109465743,62109465742,-1,977,1476
62112946995,62112946994,-1,1113,2523
62115392357,62115392357,0,1144,1252
62116132222,62116132222,0,1808,3400
62119077222,62119077200,-22,1053,1705
62120336946,62120336944,-2,1782,2476
62120931262,62120931259,-3,1087,2310
62122714876,62122714873,-3,1376,2241
62127082939,62127082942,3,1607,1211
62132954487,62132954485,-2,1408,2364
62138065630,62138065626,-4,994,2538
62141014863,62141014858,-5,1259,1895
62141735358,62141735355,-3,1392,3315
62141979890,62141979890,0,986,981
62144112012,62144112009,-3,1156,2464
62148973371,62148973366,-5,1174,5905
62149022737,62149022734,-3,1005,1613
62150050545,62150050538,-7,1132,1707
62151750060,62151750062,2,1722,1500
62163232475,62163232470,-5,856,2591
62174766772,62174766769,-3,1292,2255
62178029362,62178029358,-4,1239,2216
62178625983,62178625979,-4,1088,2534
62179000077,62179000076,-1,1338,2517
62179793480,62179793477,-3,882,1725
62186014737,62186014735,-2,1021,2010
62189975414,62189975411,-3,1073,2513
62192551333,62192551330,-3,4470,9317
62197051049,62197051046,-3,1246,3705
62199222458,62199222454,-4,1505,3359
62201213698,62201213694,-4,1512,2554
62201968850,62201968851,1,1300,1318
62206006157,62206006155,-2,1303,2096
62207369665,62207369663,-2,1365,2907
62209120386,62209120386,0,1093,1801
62209191735,62209191729,-6,162,1097
62216880340,62216880338,-2,1230,2668
62217231497,62217231496,-1,1221,2002
62223591978,62223591977,-1,744,1405
62225356413,62225356410,-3,1195,1748
62226329110,62226329107,-3,1606,2563
62226609625,62226609621,-4,1416,2799
62226849654,62226849649,-5,792,1616
62228416015,62228416014,-1,851,1758
62228954795,62228954794,-1,710,2157
62237094523,62237094521,-2,1334,2443
62238638113,62238638112,-1,5320,7633
62239755023,62239755020,-3,1196,2492
62240536278,62240536276,-2,1082,2010
62240822667,62240822666,-1,1095,2727
62244364358,62244364355,-3,1083,2304
62246928250,62246928247,-3,1409,2742
62251576446,62251576444,-2,897,1946
62251797527,62251797527,0,1261,2164
62253956517,62253956514,-3,493,1615
62254590572,62254590570,-2,1099,2212
62255169662,62255169659,-3,804,1679
62255995145,62255995143,-2,1195,2201
62258028645,62258028641,-4,1405,3367
62260640610,62260640614,4,3190,2188
62265334150,62265334149,-1,991,3295
62267667346,62267667341,-5,1920,7849
62269787762,62269787760,-2,927,2191
62273339074,62273339070,-4,1308,3159
62273569552,62273569555,3,5107,20648
62275363520,62275363525,5,2365,1271
62275802131,62275802129,-2,993,2436
62276132254,62276132250,-4,1184,2924
62279628771,62279628770,-1,1257,3758
62284176686,62284176686,0,1131,1080
62287866089,62287866089,0,1016,1663
62290038771,62290038770,-1,1113,3021
62294752042,62294752041,-1,1398,2039
62295168495,62295168492,-3,980,1972
62296852069,62296852090,21,1025,1958
62297522349,62297522346,-3,1162,2499
62297728537,62297728536,-1,1046,2167
62301813924,62301813945,21,911,1733
62308751318,62308751316,-2,1063,1956
62309634543,62309634541,-2,984,2005
62312416325,62312416322,-3,880,2159
62312510152,62312510148,-4,1105,2244
62315196959,62315196956,-3,1196,2246
62316967687,62316967683,-4,910,1875
62321311274,62321311281,7,6308,3858
62326718171,62326718167,-4,892,2120
62328310815,62328310813,-2,1270,2844
62328605847,62328605848,1,1081,2314
62331673151,62331673146,-5,1421,2386
62337391641,62337391637,-4,888,1532
62339478859,62339478857,-2,1253,2329
62341601026,62341601024,-2,1100,1764
62344820837,62344820834,-3,966,2336
62349340567,62349340564,-3,975,1683
62351700321,62351700318,-3,802,1642
62351974400,62351974398,-2,1345,3232
62352266394,62352266393,-1,1277,1223
62355257603,62355257600,-3,1258,2202
62361764342,62361764338,-4,1141,1784
62367080025,62367080024,-1,940,1996
62371600465,62371600474,9,2214,792
62377930917,62377930915,-2,1991,3764
62382380146,62382380146,0,1840,1926
62385135532,62385135529,-3,851,1564
62386632683,62386632681,-2,1299,2113
62386708701,62386708702,1,2233,2050
62391213683,62391213663,-20,1248,1635
62394473715,62394473712,-3,1686,2501
62399248005,62399248003,-2,1302,1886
62400633554,62400633552,-2,1130,2134
62403891530,62403891529,-1,884,2148
62404578250,62404578246,-4,1167,3407
62407350099,62407350098,-1,929,1658
62414693615,62414693613,-2,1217,2157
62417861363,62417861359,-4,1292,3193
62421342565,62421342562,-3,1411,2971
62424263154,62424263153,-1,852,1211
62428522638,62428522635,-3,1020,2345
62430253869,62430253866,-3,1731,3037
62431594720,62431594718,-2,1622,2299
62438129446,62438129445,-1,956,1759
62439835985,62439835989,4,3649,1051
62441469951,62441469949,-2,1370,2448
62442663009,62442663006,-3,1149,1223
62447744550,62447744547,-3,822,2549
62454297574,62454297572,-2,688,1458
62456266582,62456266579,-3,841,2935
62460943719,62460943714,-5,1118,2981
62462439974,62462439974,0,829,1218
62465120942,62465120939,-3,577,1087
62466866680,62466866678,-2,963,2257
62472346416,62472346412,-4,1177,2094
62477495556,62477495554,-2,1005,2188
62479935166,62479935162,-4,1227,2176
62484020036,62484020033,-3,1422,1938
62487748898,62487748894,-4,1178,2426
62493023539,62493023537,-2,1117,2573
62493891994,62493891994,0,722,1730
62496686411,62496686409,-2,731,1251
62501305134,62501305130,-4,1126,2460
62503900688,62503900681,-7,831,1736
62506676292,62506676310,18,832,1607
62509316647,62509316643,-4,1051,2554
62511154635,62511154631,-4,1215,2771
62515162662,62515162661,-1,1174,2905
62517432268,62517432268,0,1471,1428
62518280587,62518280586,-1,1260,1560
62518879002,62518879005,3,2039,1506
62520355146,62520355145,-1,975,1406
62527840223,62527840216,-7,1910,6505
62532381947,62532381946,-1,882,2239
62533871862,62533871869,7,10844,32137
62535722535,62535722533,-2,1052,3350
62540851329,62540851330,1,1670,2274
62544667214,62544667212,-2,1419,3341
62547722486,62547722483,-3,1067,2775
62550533415,62550533413,-2,1059,1877
62552714579,62552714576,-3,1455,2139
62553140738,62553140733,-5,758,2748
62557733710,62557733702,-8,1579,4923
62560020303,62560020299,-4,911,2136
62562445276,62562445273,-3,1231,2672
62562480341,62562480335,-6,1157,1181
62571067014,62571067014,0,1309,1334
62573439987,62573439984,-3,1259,2062
62573978369,62573978366,-3,1296,2911
62574276325,62574276322,-3,1315,2255
62574711635,62574711632,-3,1354,2324
62577884885,62577884881,-4,741,1258
62578812569,62578812566,-3,1274,1919
62580352379,62580352374,-5,1125,2970
62587211139,62587211137,-2,1174,2302
62589481826,62589481826,0,1160,1800
62603215817,62603215810,-7,2444,8076
62604635974,62604635973,-1,819,1785
62605082766,62605082765,-1,1255,2546
62605284321,62605284325,4,1040,1302
62605596804,62605596800,-4,944,2681
62606213678,62606213699,21,803,2624
62608389640,62608389636,-4,705,1995
62609211153,62609211169,16,705,1381
62609797463,62609797480,17,591,1886
62610354798,62610354794,-4,1138,2940
62610795627,62610795627,0,920,1470
62620990398,62620990397,-1,1001,2084
62624444037,62624444029,-8,1069,2642
62626829987,62626829985,-2,1390,2569
62629120237,62629120233,-4,1340,2150
62634391393,62634391391,-2,839,1519
62635272870,62635272871,1,1614,1618
62639120756,62639120757,1,2033,2354
62639463141,62639463147,6,6239,2632
62639670817,62639670807,-10,28580,14247
62641428063,62641428061,-2,989,1981
62643014795,62643014792,-3,1350,3218
62644593823,62644593819,-4,1302,2719
62645308038,62645308034,-4,1283,1894
62647872735,62647872733,-2,765,1771
62649561049,62649561045,-4,1055,2459
62653579478,62653579477,-1,1091,2618
62654066835,62654066831,-4,1076,2711
62661228667,62661228662,-5,1163,2775
62663989909,62663989906,-3,1738,3088
62664029200,62664029210,10,294,949
62669113060,62669113064,4,1490,1259
62669614304,62669614302,-2,1108,2085
62670601970,62670601966,-4,1206,3359
62673452831,62673452834,3,1462,1561
62673856106,62673856104,-2,1121,1966
62675983287,62675983284,-3,965,1693
62681398147,62681398143,-4,1107,2910
62682480311,62682480310,-1,774,1437
62687065505,62687065503,-2,1497,3111
62690179346,62690179341,-5,923,2751
62690659796,62690659813,17,284,1067
62693979290,62693979286,-4,659,2475
62697525138,62697525134,-4,1014,2380
62698132645,62698132641,-4,1198,1886
62706987254,62706987253,-1,843,1913
62710553387,62710553403,16,18606,24878
62712504058,62712504058,0,1088,1833
62714404162,62714404161,-1,1031,2284
62722270079,62722270078,-1,794,2263
62724770546,62724770553,7,2748,1387
62727134069,62727134069,0,829,2010
62728061494,62728061490,-4,1228,3086
62731697497,62731697495,-2,1011,2077
62744149409,62744149408,-1,969,1357
62746689375,62746689376,1,1071,1777
62749162921,62749162916,-5,1230,2572
62756298917,62756298914,-3,1425,2863
62759400497,62759400495,-2,1184,1796
62760051647,62760051644,-3,1117,1871
62763046074,62763046070,-4,781,2329
62766483782,62766483779,-3,1086,2196
62772951370,62772951366,-4,606,1320
62777953210,62777953217,7,3852,1429
62778882991,62778882985,-6,1418,3063
62780544576,62780544571,-5,2130,4855
62788110400,62788110402,2,1428,1094
62794055283,62794055281,-2,857,2926
62794882182,62794882181,-1,1270,2107
62799116827,62799116826,-1,610,1554
62799949167,62799949147,-20,190,1260
62803766940,62803766937,-3,1139,2103
62803863590,62803863608,18,1192,2722
62805271180,62805271165,-15,939,1683
62807536190,62807536189,-1,941,1803
62809075442,62809075438,-4,1108,2391
62810828462,62810828461,-1,1824,2939
62813929807,62813929803,-4,939,1881
62823238411,62823238410,-1,1225,1999
62823880404,62823880402,-2,1324,1848
62827246502,62827246498,-4,772,1812
62830318695,62830318694,-1,808,2230
62835502640,62835502637,-3,981,2289
62838378576,62838378572,-4,2390,6589
62839271930,62839271929,-1,1096,2066
62844340002,62844339999,-3,1173,1830
62845555692,62845555691,-1,921,2047
62848541713,62848541711,-2,1326,1718
62849389658,62849389655,-3,812,1475
62852534486,62852534485,-1,876,1340
62855018653,62855018650,-3,1330,1960
62857942645,62857942644,-1,972,2078
62858058638,62858058624,-14,1325,2170
62858698161,62858698166,5,33188,19427
62865183967,62865183965,-2,968,1930
62867485280,62867485274,-6,2772,7439
62869599140,62869599138,-2,1042,2501
62873910561,62873910558,-3,1490,2503
62874031049,62874031045,-4,2021,9155
62876476958,62876476953,-5,1184,4021
62877772444,62877772440,-4,760,2213
62878313839,62878313838,-1,842,1401
62878769742,62878769741,-1,1306,1914
62880010763,62880010762,-1,902,1543
62887077296,62887077290,-6,801,2752
62891444150,62891444147,-3,1295,2663
62892007498,62892007503,5,2318,1188
62892536139,62892536136,-3,1116,1769
62897193454,62897193453,-1,1208,2271
62898007270,62898007269,-1,1364,2804
62898334305,62898334302,-3,1046,2148
62899189591,62899189589,-2,1028,2283
62901963966,62901963964,-2,791,1395
62902784789,62902784787,-2,713,1443
62905326422,62905326418,-4,1637,2762
62911034006,62911034002,-4,1648,2842
62912067820,62912067829,9,14317,24323
62921282001,62921281996,-5,1329,2636
62923322919,62923322917,-2,1356,1930
62923397724,62923397710,-14,1314,2486
62927436584,62927436583,-1,1131,1826
62930620487,62930620482,-5,1162,2933
62933481855,62933481853,-2,1498,2280
62942865910,62942865909,-1,1212,2063
62943292239,62943292236,-3,955,1588
62945884815,62945884813,-2,973,2140
62946036058,62946036055,-3,901,1754
62946585775,62946585753,-22,265,799
62947779321,62947779319,-2,964,2023
62954109627,62954109625,-2,1015,1926
62954183420,62954183417,-3,1166,1810
62954536725,62954536722,-3,397,1426
62955575024,62955575015,-9,2415,29543
62955742293,62955742290,-3,1312,1640
62957093390,62957093394,4,2759,1978
62957957779,62957957775,-4,928,2740
62958409992,62958409990,-2,1173,1722
62959476273,62959476267,-6,1022,3598
62960921215,62960921212,-3,529,1913
62962176225,62962176233,8,9643,2069
62962442250,62962442249,-1,877,1606
62965104214,62965104213,-1,1196,2352
62968280295,62968280290,-5,1008,2355
62970146945,62970146941,-4,1233,2669
62975169558,62975169553,-5,1257,1847
62976987214,62976987210,-4,873,1448
62983005754,62983005750,-4,1078,1852
62983568150,62983568130,-20,994,1854
62983659518,62983659531,13,457,1568
62986011841,62986011838,-3,473,1377
62995749259,62995749263,4,3857,2170
62997688100,62997688097,-3,819,2338
62998045748,62998045745,-3,1003,2173
62998527323,62998527320,-3,1239,2694
63000923378,63000923376,-2,995,2132
63001314928,63001314950,22,1053,2218
63003319745,63003319750,5,1454,1295
63005198306,63005198308,2,1307,2039
63005642285,63005642273,-12,279,785
63005971735,63005971753,18,908,2637
63007673894,63007673890,-4,447,909
63010744208,63010744205,-3,1552,2104
63012194331,63012194327,-4,953,2173
63013310906,63013310903,-3,1503,3020
63013519379,63013519375,-4,1002,2912
63016630615,63016630614,-1,1130,2379
63017065560,63017065554,-6,839,1806
63017095737,63017095734,-3,896,2225
63018359902,63018359900,-2,862,2009
63020733581,63020733578,-3,1131,1995
63020942574,63020942571,-3,908,2521
63026051813,63026051810,-3,1136,2605
63026458451,63026458446,-5,810,2045
63028565093,63028565091,-2,1252,2246
63028883456,63028883475,19,247,2474
63030218681,63030218676,-5,1239,2360
63030539244,63030539226,-18,897,1798
63031066839,63031066822,-17,1025,1984
63032091242,63032091238,-4,1062,1897
63032398222,63032398218,-4,1015,2068
63032892666,63032892664,-2,1576,2553
63037305822,63037305821,-1,1793,2624
63038984091,63038984088,-3,634,1548
63039944621,63039944618,-3,1420,2404
63041616124,63041616121,-3,1129,2516
63043126715,63043126712,-3,1512,3248
63044825876,63044825869,-7,1345,2526
63047121358,63047121356,-2,1252,2121
63047286170,63047286169,-1,983,2228
63050893625,63050893622,-3,1632,3222
63053354685,63053354684,-1,1520,2668
63057675617,63057675615,-2,636,1017
63057972193,63057972191,-2,915,2836
63071065711,63071065710,-1,1103,1521
63072864434,63072864433,-1,722,2491
63075425479,63075425475,-4,838,3419
63075971558,63075971555,-3,1244,1841
63077434248,63077434250,2,8133,10043
63089805555,63089805555,0,774,2373
63089928374,63089928372,-2,1331,2043
63091003316,63091003313,-3,1542,2370
63091234159,63091234163,4,2385,1667
63097532029,63097532028,-1,1042,1661
63098086067,63098086065,-2,818,2328
63101100219,63101100217,-2,1537,2024
63101303224,63101303222,-2,1202,2965
63102872511,63102872510,-1,1440,1907
63103048521,63103048519,-2,1270,2606
63104111041,63104111038,-3,1584,2717
63105348242,63105348239,-3,1537,3315
63106260141,63106260139,-2,1304,2242
63110094478,63110094479,1,1451,1997
63112658669,63112658668,-1,983,2115
63113770308,63113770306,-2,1320,2201
63115448259,63115448254,-5,778,2323
63118266557,63118266554,-3,1386,2775
63122595722,63122595724,2,2692,2670
63124109222,63124109219,-3,1163,1993
63124169246,63124169265,19,235,972
63125056733,63125056723,-10,101,583
63125480684,63125480682,-2,735,1236
63127519582,63127519581,-1,1514,1463
63128196120,63128196117,-3,1115,2001
63137051184,63137051181,-3,1161,2333
63137086827,63137086822,-5,561,949
63139571959,63139571957,-2,941,2199
63139753508,63139753505,-3,1590,3127
63140950395,63140950392,-3,1020,3101
63152643751,63152643746,-5,825,3503
63154557740,63154557738,-2,936,2008
63155240118,63155240114,-4,1336,2742
63156092445,63156092442,-3,981,1637
63156692719,63156692716,-3,1100,1818
63156889686,63156889707,21,113,824
63157716466,63157716466,0,1037,1705
63158034336,63158034334,-2,1495,3023
63159395402,63159395398,-4,1234,1983
63159918716,63159918713,-3,1083,1950
63160494895,63160494894,-1,1135,1802
63161199420,63161199426,6,6305,3210
63163987806,63163987806,0,1177,1701
63170903733,63170903732,-1,1290,2484
63171360062,63171360058,-4,1191,3354
63172578535,63172578532,-3,1317,4097
63180394665,63180394663,-2,1432,3339
63182032015,63182031993,-22,47412,9554
63190742760,63190742759,-1,1111,1753
63193465940,63193465938,-2,1441,2763
63194062334,63194062332,-2,1112,1676
63194551605,63194551599,-6,808,2514
63198615185,63198615182,-3,902,1661
63198764846,63198764843,-3,1023,1825
63200585479,63200585477,-2,1158,1924
63209514601,63209514597,-4,957,2335
63210832374,63210832370,-4,949,2697
63211704190,63211704187,-3,1210,2456
63212620302,63212620298,-4,1120,1436
63215025107,63215025104,-3,2879,14024
63228576318,63228576317,-1,925,1692
63231024522,63231024520,-2,1023,1845
63236566071,63236566068,-3,1464,2369
63236823919,63236823915,-4,1098,2902
63238247518,63238247515,-3,1089,1889
63239037698,63239037695,-3,1035,2016
63241806050,63241806050,0,1082,1690
63244650788,63244650789,1,30388,35955
63246091149,63246091147,-2,1456,2116
63247457846,63247457843,-3,966,2387
63248366753,63248366753,0,689,2013
63251881121,63251881118,-3,1277,2257
63254139634,63254139634,0,1405,2088
63266992311,63266992308,-3,1210,1915
63274819143,63274819140,-3,959,1811
63277575687,63277575682,-5,1094,2272
63279328469,63279328465,-4,1405,2104
63284676771,63284676790,19,810,180
63293042758,63293042762,4,32318,19651
63294390437,63294390436,-1,737,1863
63295903865,63295903862,-3,1351,1809
63298225794,63298225791,-3,1089,2215
63298573382,63298573374,-8,368,760
63299221360,63299221358,-2,1306,1717
63300107503,63300107501,-2,1022,2346
63302047726,63302047725,-1,890,2047
63303097922,63303097921,-1,1320,2518
63305475727,63305475725,-2,1182,1984
63305614526,63305614525,-1,1314,2004
63305927570,63305927569,-1,1042,1699
63306998000,63306997997,-3,1795,3244
63318985670,63318985669,-1,1070,1394
63319122783,63319122801,18,448,1151
63321597814,63321597812,-2,1249,2177
63322050049,63322050046,-3,1417,2891
63322454039,63322454037,-2,777,1725
63325814386,63325814385,-1,910,2026
63328150066,63328150063,-3,1025,1618
63339080659,63339080655,-4,1437,3442
63342551691,63342551689,-2,1063,3046
63345253900,63345253901,1,1374,1686
63345567478,63345567475,-3,1165,1855
63351598826,63351598822,-4,1184,2544
63359592304,63359592302,-2,1161,1904
63365320105,63365320109,4,1492,1604
63367362103,63367362103,0,1920,1939
63368355042,63368355039,-3,991,1210
63371853371,63371853369,-2,1145,2076
63373788771,63373788768,-3,1309,2657
63378116665,63378116662,-3,1573,2841
63378155226,63378155222,-4,297,1386
63380427090,63380427085,-5,880,2504
63385505518,63385505516,-2,879,2211
63385784326,63385784324,-2,1095,1530
63388308120,63388308121,1,22009,39588
63393167563,63393167561,-2,666,1785
63395193752,63395193750,-2,1397,2883
63396852257,63396852259,2,2827,2681
63397380158,63397380158,0,966,2427
63404335646,63404335645,-1,1256,1933
63411432057,63411432062,5,15444,8200
63414894125,63414894120,-5,2177,5513
63417552223,63417552222,-1,733,1588
63417755860,63417755857,-3,909,2156
63422430662,63422430658,-4,1153,2454
63423035718,63423035717,-1,1329,3164
63423526872,63423526870,-2,1250,1951
63426091973,63426091973,0,1084,1566
63432595449,63432595469,20,1045,1927
63435200843,63435200841,-2,883,1273
63435993142,63435993140,-2,414,1385
63439448973,63439448970,-3,1625,2801
63439932744,63439932758,14,233,1041
63441794683,63441794677,-6,2445,5277
63442598934,63442598931,-3,1042,2338
63442819949,63442819937,-12,249,1498
63443976439,63443976456,17,696,1627
63444163857,63444163854,-3,707,3301
63454481902,63454481898,-4,747,2132
63455091860,63455091844,-16,143,1409
63459703790,63459703786,-4,821,2439
63459756951,63459756965,14,681,2285
63461785553,63461785550,-3,1272,1397
63462378017,63462378013,-4,1102,1857
63463445143,63463445142,-1,1274,2313
63463501566,63463501571,5,255,873
63464215218,63464215217,-1,1012,2191
63471170246,63471170243,-3,897,2046
63471891084,63471891070,-14,1021,2905
63474342389,63474342385,-4,1348,2246
63474736513,63474736510,-3,1276,2891
63476908055,63476908054,-1,1263,2570
63477475568,63477475567,-1,1256,2340
63479555602,63479555598,-4,881,1897
63481968260,63481968258,-2,1036,2298
63482069104,63482069101,-3,1192,2701
63483172634,63483172630,-4,998,2015
63485076104,63485076099,-5,1454,1777
63488098296,63488098280,-16,3832,1327
63489488449,63489488446,-3,1265,2253
63491251550,63491251550,0,12808,17017
63496451390,63496451387,-3,926,2096
63501234930,63501234925,-5,846,2063
63501333592,63501333609,17,635,1878
63502225058,63502225056,-2,1141,1780
63502810270,63502810268,-2,1160,2565
63503812630,63503812609,-21,188,536
63505324559,63505324571,12,213,850
63518058957,63518058965,8,3881,1209
63520554224,63520554223,-1,909,1498
63522215098,63522215095,-3,1177,1941
63529703347,63529703346,-1,1246,1852
63530924650,63530924646,-4,1177,1730
63531149743,63531149741,-2,1095,2196
63532738144,63532738142,-2,1422,2384
63533497238,63533497236,-2,1619,2421
63537563050,63537563050,0,955,1879
63546489410,63546489407,-3,944,1926
63553673359,63553673358,-1,1174,2937
63554114504,63554114499,-5,1550,2328
63567564817,63567564814,-3,1986,1637
63570291403,63570291401,-2,1139,2665
63570952776,63570952774,-2,1002,2469
63572225711,63572225709,-2,1747,2869
63575528124,63575528123,-1,1825,2606
63576362767,63576362769,2,1765,1329
63586397909,63586397909,0,1237,2082
63587039241,63587039241,0,37054,34841
63587424126,63587424121,-5,1053,1474
63591111657,63591111679,22,1294,1820
63591266501,63591266498,-3,186,802
63593266708,63593266731,23,539,1809
63594769677,63594769673,-4,1314,3004
63599471800,63599471800,0,1271,2165
63600959429,63600959429,0,953,2222
63602358549,63602358546,-3,1037,1711
63605685898,63605685895,-3,617,1730
63610755996,63610755994,-2,1196,1968
63613162334,63613162331,-3,1272,2692
63614039305,63614039302,-3,625,2205
63615483003,63615482987,-16,920,3031
63620937743,63620937742,-1,984,1924
63621883031,63621883009,-22,1043,2880
63624394571,63624394567,-4,750,2030
63624984190,63624984188,-2,1210,2551
63627646538,63627646537,-1,915,1762
63629156368,63629156365,-3,1050,3016
63635243537,63635243530,-7,758,2158
63635426966,63635426978,12,305,689
63635520329,63635520326,-3,1226,1331
63636430402,63636430397,-5,1183,2656
63640949085,63640949082,-3,966,2179
63641430858,63641430856,-2,665,2121
63645737454,63645737452,-2,812,2086
63648395027,63648395025,-2,809,1389
63649254411,63649254408,-3,1257,1664
63652156277,63652156273,-4,796,2300
63654938042,63654938038,-4,1152,2499
63662313767,63662313765,-2,1177,1753
63666396871,63666396868,-3,1030,2831
63669227734,63669227731,-3,1266,2901
63669640134,63669640132,-2,861,1115
63674770497,63674770497,0,18051,5984
63677143668,63677143662,-6,935,1780
63682052081,63682052077,-4,1554,2995
63687155383,63687155379,-4,1357,1726
63687531837,63687531833,-4,1333,2227
63688815515,63688815513,-2,1055,1816
63691752482,63691752478,-4,1411,3108
63692193301,63692193298,-3,1304,2168
63692879526,63692879525,-1,685,1407
63695152121,63695152120,-1,1622,2321
63696331382,63696331377,-5,856,2080
63696439356,63696439353,-3,1359,2025
63698180032,63698180025,-7,1044,2376
63698905229,63698905229,0,964,2042
63701290714,63701290718,4,2751,1353
63701418096,63701418094,-2,1026,2055
63708305563,63708305559,-4,1355,3537
63710748302,63710748301,-1,1198,1894
63712350042,63712350034,-8,1286,4506
63712572949,63712572950,1,827,2071
63715886529,63715886525,-4,1635,3396
63716114037,63716114034,-3,1033,2314
63716299537,63716299533,-4,1326,3125
63716637773,63716637769,-4,558,2165
63726215411,63726215409,-2,1376,1772
63727143106,63727143102,-4,912,4136
63728162814,63728162814,0,1297,1582
63731517818,63731517815,-3,892,1525
63737579447,63737579442,-5,1029,2286
63737908750,63737908771,21,442,882
63738250229,63738250228,-1,1133,1662
63739714759,63739714755,-4,1417,2814
63743291541,63743291534,-7,986,2565
63745481294,63745481291,-3,1010,2536
63751559484,63751559470,-14,1028,464
63758171668,63758171674,6,150,911
63758949471,63758949469,-2,1170,12535
63760094402,63760094400,-2,1411,2841
63763350652,63763350640,-12,25360,15247
63765269109,63765269108,-1,1205,2037
63770042521,63770042518,-3,1244,1842
63770345994,63770345991,-3,1493,2620
63772137003,63772137003,0,1372,2323
63776781591,63776781590,-1,920,936
63779833522,63779833522,0,1225,1457
63781573115,63781573113,-2,1220,2258
63786540589,63786540600,11,18897,29280
63787439243,63787439241,-2,1239,2048
63787761682,63787761682,0,1645,1445
63793865682,63793865686,4,1051,1511
63796092419,63796092418,-1,1156,2681
63797235574,63797235570,-4,1298,1958
63799721179,63799721177,-2,650,1317
63805566113,63805566110,-3,1347,2540
63806000964,63806000985,21,1069,1291
63810917267,63810917266,-1,1336,2224
63819467783,63819467782,-1,1081,2404
63820726534,63820726533,-1,1193,1900
63821334125,63821334124,-1,768,2174
63821479399,63821479396,-3,1272,2006
63825846640,63825846638,-2,1171,2475
63827495825,63827495825,0,1497,2560
63836156493,63836156492,-1,1406,1916
63838845436,63838845441,5,19891,26414
63840472446,63840472449,3,1426,1695
63843024158,63843024153,-5,1125,2713
63843431330,63843431326,-4,973,2318
63845973483,63845973481,-2,1022,2851
63846254302,63846254317,15,804,1552
63846846059,63846846060,1,1309,1780
63849643039,63849643034,-5,1445,1924
63851459190,63851459189,-1,1111,1432
63853304673,63853304670,-3,1148,1729
63853681055,63853681061,6,2170,1468
63854743427,63854743422,-5,950,3626
63858761641,63858761650,9,12955,34606
63859825794,63859825793,-1,2017,1949
63866961250,63866961249,-1,1156,1607
63868614538,63868614535,-3,1052,2219
63868820478,63868820459,-19,978,2399
63869425256,63869425254,-2,1016,3083
63871088879,63871088877,-2,1015,2326
63873145646,63873145645,-1,1180,2154
63873230738,63873230739,1,5914,6116
63873506009,63873506007,-2,940,1359
63878630884,63878630882,-2,1115,2598
63879849023,63879849022,-1,1215,3157
63881475418,63881475418,0,1199,3038
63887228383,63887228379,-4,1266,2097
63887811383,63887811384,1,640,1264
63892977387,63892977386,-1,1206,1926
63893687505,63893687502,-3,1300,3275
63894743135,63894743132,-3,1148,1875
63895685768,63895685772,4,2780,1351
63897807105,63897807105,0,881,2036
63899169552,63899169550,-2,1162,1694
63901303345,63901303341,-4,1411,2962
63902043476,63902043495,19,970,2532
63903062235,63903062233,-2,1252,1739
63905075862,63905075859,-3,1077,1971
63909473867,63909473866,-1,1217,1680
63911795690,63911795686,-4,956,2504
63912807890,63912807886,-4,1134,2193
63914611794,63914611793,-1,1618,2381
63916326028,63916326026,-2,1072,2071
63918460285,63918460307,22,875,1981
63918716027,63918716025,-2,1075,1608
63920152618,63920152616,-2,975,2081
63923615965,63923615962,-3,1048,1978
63927936963,63927936960,-3,1034,1479
63936083993,63936083993,0,309,1017
63939763687,63939763686,-1,1319,1913
63941009531,63941009530,-1,1068,1912
63942128883,63942128882,-1,692,1629
63946618538,63946618534,-4,971,1918
63946927534,63946927529,-5,943,1843
63947525989,63947525985,-4,1045,1961
63948646662,63948646659,-3,1436,2694
63948927305,63948927311,6,6081,3336
63949908928,63949908925,-3,1314,2399
63951335685,63951335681,-4,875,1935
63951498519,63951498515,-4,945,1793
63953295422,63953295419,-3,1233,1682
63953852509,63953852507,-2,1128,1816
63956689680,63956689680,0,1179,1616
63958406434,63958406430,-4,1032,2707
63959061858,63959061865,7,9776,24704
63960188975,63960188972,-3,1288,1969
63961140369,63961140365,-4,923,2573
63967965891,63967965886,-5,911,1275
63974490659,63974490656,-3,1107,1694
63975618301,63975618299,-2,1200,1847
63979794467,63979794470,3,17941,19074
63986222031,63986222026,-5,782,1891
63988319935,63988319934,-1,1201,2160
63989196862,63989196862,0,964,1940
63990413791,63990413788,-3,1364,1930
63993811618,63993811639,21,1940,1251
63997659768,63997659767,-1,614,1500
63998972286,63998972285,-1,1191,2082
63999385813,63999385812,-1,1008,2232
64001134783,64001134781,-2,439,2617
64001984329,64001984325,-4,1182,1963
64005695929,64005695928,-1,1204,2435
64006829686,64006829688,2,999,1609
64007556471,64007556470,-1,757,1676
64009503723,64009503722,-1,746,2190
64012682105,64012682102,-3,1011,1853
64013416479,64013416477,-2,1254,1928
64013850043,64013850041,-2,1516,3137
64015765618,64015765615,-3,1512,3251
64016326134,64016326155,21,1200,2621
64020959658,64020959654,-4,997,2160
64028276978,64028276976,-2,1181,2268
64032137864,64032137858,-6,1026,3619
64035588074,64035588071,-3,727,1617
64036011836,64036011858,22,844,1797
64036640862,64036640859,-3,937,2088
64044301967,64044301963,-4,1521,2029
64050779698,64050779697,-1,477,1420
64054132841,64054132838,-3,1164,1170
64055781212,64055781210,-2,1032,2222
64058697463,64058697462,-1,938,1911
64059554719,64059554710,-9,1463,2649
64062341605,64062341600,-5,880,4379
64072704144,64072704138,-6,1105,2840
64076825682,64076825678,-4,748,2528
64077324756,64077324774,18,466,1236
64082271563,64082271559,-4,1311,2757
64083374991,64083374988,-3,940,2212
64083543062,64083543062,0,991,1574
64084814453,64084814450,-3,914,2087
64085659270,64085659265,-5,966,1472
64092663267,64092663273,6,2426,1985
64098235708,64098235709,1,1280,918
64116976185,64116976183,-2,1014,1687
64121372485,64121372480,-5,1047,2063
64121468173,64121468190,17,318,1411
64124605139,64124605131,-8,26144,12678
64125909976,64125909974,-2,1195,1859
64125938611,64125938605,-6,680,2010
64126093731,64126093731,0,1323,1347
64127986763,64127986762,-1,848,1663
64128229914,64128229911,-3,838,1260
64135628721,64135628718,-3,1322,1784
64136019355,64136019351,-4,1079,1564
64137956669,64137956666,-3,1121,2245
64138981445,64138981443,-2,867,1667
64145368531,64145368529,-2,767,1743
64146506874,64146506873,-1,1060,1404
64148354507,64148354506,-1,1128,1494
64151407894,64151407890,-4,825,1261
64155478713,64155478710,-3,1339,2845
64156657170,64156657176,6,4415,2891
64157867075,64157867072,-3,1220,2792
64161600177,64161600176,-1,1031,1782
64170020663,64170020661,-2,1375,2930
64171668688,64171668686,-2,956,1824
64172593812,64172593801,-11,835,1756
64172697181,64172697177,-4,2528,7697
64173321431,64173321429,-2,1393,2305
64175269710,64175269709,-1,1319,2185
64179336520,64179336518,-2,1226,2337
64184621787,64184621786,-1,877,2018
64184985164,64184985161,-3,1084,1903
64185913659,64185913658,-1,1182,2191
64188194134,64188194134,0,739,1991
64188722715,64188722713,-2,1269,2046
64190592611,64190592609,-2,2328,2778
64193826753,64193826751,-2,819,1117
64197903531,64197903532,1,1050,1826
64200277887,64200277890,3,3056,2621
64202130262,64202130259,-3,1018,2684
64203857398,64203857397,-1,1316,1954
64205009254,64205009252,-2,1487,2440
64206073793,64206073804,11,494,1559
64206952898,64206952895,-3,1194,2033
64207459607,64207459603,-4,1012,1965
64208108926,64208108945,19,975,2526
64213813134,64213813132,-2,1424,2478
64213867731,64213867726,-5,1321,3293
64217092242,64217092238,-4,849,1613
64217269523,64217269521,-2,1056,1989
64219989683,64219989681,-2,1233,1697
64227007593,64227007590,-3,779,1433
64228654714,64228654713,-1,1299,2844
64232394597,64232394594,-3,1014,2160
64236170573,64236170571,-2,1063,1619
64236596377,64236596376,-1,974,1645
64237143737,64237143744,7,2844,1359
64238687583,64238687581,-2,1607,2182
64244837894,64244837899,5,5684,2144
64246978849,64246978844,-5,901,2716
64247410654,64247410651,-3,1288,2536
64247584342,64247584329,-13,1112,1742
64251949695,64251949693,-2,928,2117
64258804778,64258804778,0,1616,1882
64258951858,64258951864,6,5260,2769
64259029534,64259029535,1,1228,1447
64259414917,64259414914,-3,993,2227
64261107415,64261107412,-3,1154,2585
64261641195,64261641201,6,5519,2139
64269712946,64269712942,-4,1113,1705
64270483080,64270483080,0,1683,2028
64275766690,64275766687,-3,1571,2629
64275923746,64275923744,-2,1515,3119
64280960837,64280960828,-9,442,1855
64289008427,64289008425,-2,1114,2403
64289824732,64289824741,9,408,953
64291891943,64291891948,5,2779,1894
64292196650,64292196649,-1,1308,2307
64298211383,64298211381,-2,1156,2141
64298773056,64298773037,-19,943,1968
64300533242,64300533240,-2,1995,2675
64304461671,64304461667,-4,1112,2312
64306038719,64306038714,-5,1123,2357
64309498481,64309498478,-3,1592,2140
64313701185,64313701191,6,4599,1233
64314129475,64314129473,-2,1320,2971
64316758790,64316758794,4,2307,1188
64319230138,64319230134,-4,1342,1416
64320189019,64320189016,-3,1121,2407
64320341781,64320341777,-4,1184,2901
64321760180,64321760177,-3,865,1992
64324352755,64324352754,-1,1445,1313
64327586690,64327586688,-2,1486,3145
64327666898,64327666896,-2,1158,2240
64336170095,64336170092,-3,976,1781
64337425762,64337425766,4,1237,1161
64339165774,64339165773,-1,1079,2021
64340207659,64340207656,-3,863,1795
64340362767,64340362770,3,294,693
64355354545,64355354542,-3,998,1839
64356279432,64356279448,16,771,1501
64358491223,64358491218,-5,961,2751
64363524710,64363524708,-2,775,1894
64364171911,64364171909,-2,1223,3126
64365219928,64365219926,-2,1024,1799
64366231290,64366231290,0,1233,1363
64368463589,64368463588,-1,965,2341
64368540941,64368540929,-12,898,1777
64370101610,64370101612,2,2693,2727
64372073678,64372073677,-1,858,1904
64372846259,64372846257,-2,1255,1743
64372967694,64372967689,-5,1439,3790
64377083442,64377083438,-4,1021,2660
64378236423,64378236402,-21,1288,2452
64383594142,64383594141,-1,1503,2030
64384722031,64384722028,-3,1281,1837
64385270545,64385270543,-2,1211,2327
64391677638,64391677637,-1,1093,2016
64392263309,64392263306,-3,1044,1482
64394692135,64394692133,-2,825,1629
64401309549,64401309547,-2,1333,1671
64402595243,64402595240,-3,1104,2502
64407862027,64407862025,-2,1433,1921
64413808539,64413808535,-4,927,2193
64414069858,64414069857,-1,1333,1809
64414779926,64414779925,-1,1370,1257
64415773530,64415773529,-1,1092,1746
64420420144,64420420143,-1,1272,1995
64421982226,64421982225,-1,1350,1722
64422218846,64422218842,-4,1050,2074
64425922874,64425922873,-1,1061,2018
64427906523,64427906522,-1,1056,972
64428811360,64428811358,-2,1774,2003
64430752079,64430752077,-2,722,1074
64434082882,64434082881,-1,1324,2730
64437786209,64437786206,-3,1177,2537
64438763754,64438763750,-4,1228,2705
64443597826,64443597822,-4,1387,3765
64443647529,64443647529,0,1259,1838
64444866399,64444866403,4,223,678
64445407753,64445407750,-3,1171,2353
64450829439,64450829437,-2,770,1162
64452949639,64452949637,-2,1013,2169
64458878966,64458878963,-3,895,2210
64458966416,64458966414,-2,1331,2317
64460426207,64460426211,4,1533,2154
64464485936,64464485932,-4,1456,2885
64466009547,64466009543,-4,1106,2082
64468161751,64468161748,-3,1054,1581
64469934803,64469934799,-4,1027,2055
64470393750,64470393753,3,176,623
64471290102,64471290098,-4,997,2367
64471569493,64471569491,-2,1194,2466
64471872374,64471872372,-2,847,2466
64473977205,64473977202,-3,1004,2131
64475542367,64475542363,-4,1460,2427
64476029767,64476029763,-4,1163,3163
64481666822,64481666819,-3,1265,2431
64484128582,64484128587,5,1655,828
64484552967,64484552966,-1,1114,2036
64488498863,64488498861,-2,1215,2323
64489879114,64489879110,-4,1291,1691
64490011702,64490011701,-1,1211,2470
64492257991,64492257989,-2,803,2635
64497491443,64497491441,-2,1110,2215
64501022809,64501022806,-3,920,2325
64504038582,64504038581,-1,851,1753
64514051111,64514051109,-2,967,3374
64514191929,64514191926,-3,1581,3519
64514982850,64514982849,-1,910,1733
64516987818,64516987822,4,65605,40315
64518667071,64518667070,-1,1109,1499
64520868265,64520868262,-3,1428,3473
64526329935,64526329934,-1,884,2575
64527792822,64527792820,-2,1049,2439
64528637634,64528637629,-5,922,3514
64534338008,64534338005,-3,821,1709
64537238014,64537238010,-4,885,2470
64541646876,64541646875,-1,1435,2090
64546449171,64546449167,-4,803,3196
64547390527,64547390525,-2,1014,1768
64547779023,64547779018,-5,1109,1561
64547816104,64547816117,13,165,803
64548875319,64548875317,-2,1129,1399
64549725635,64549725633,-2,1634,2846
64552116515,64552116513,-2,1523,2515
64552669209,64552669207,-2,907,2017
64556806629,64556806626,-3,1917,3301
64557781703,64557781701,-2,1078,2657
64560730081,64560730078,-3,1383,2800
64563915898,64563915895,-3,1297,2492
64565759775,64565759770,-5,835,3477
64567859697,64567859694,-3,868,1369
64575263646,64575263645,-1,1818,2024
64576562422,64576562420,-2,754,1610
64579835633,64579835630,-3,744,1818
64580896214,64580896209,-5,2050,7430
64582004381,64582004382,1,1293,2228
64582974197,64582974194,-3,1144,2201
64589603415,64589603414,-1,1221,1928
64591327726,64591327723,-3,1339,3042
64592932446,64592932444,-2,1187,1862
64596979702,64596979698,-4,1072,2384
64598076355,64598076353,-2,926,1982
64598334853,64598334875,22,992,2173
64598671441,64598671442,1,2779,4209
64604638262,64604638259,-3,1181,2852
64605227058,64605227058,0,1681,2226
64609578819,64609578815,-4,1002,3550
64610974486,64610974484,-2,971,2095
64611944586,64611944585,-1,871,2336
64614158586,64614158583,-3,1083,1907
64617391739,64617391739,0,891,1826
64619553930,64619553928,-2,36548,33812
64623472902,64623472900,-2,1100,2690
64625681236,64625681233,-3,1592,2464
64628077982,64628077978,-4,1034,1875
64629774921,64629774919,-2,881,2195
64630349082,64630349081,-1,898,1909
64634116431,64634116430,-1,1459,2443
64634654637,64634654637,0,908,1323
64635551667,64635551671,4,4680,2168
64645904204,64645904201,-3,975,2040
64649531760,64649531757,-3,1499,2400
64652967418,64652967414,-4,979,3321
64657025775,64657025773,-2,1047,1622
64659114181,64659114179,-2,655,1526
64664178282,64664178283,1,4789,5508
64667575566,64667575564,-2,1408,2870
64668008119,64668008124,5,13788,21177
64672323726,64672323723,-3,825,1589
64674167439,64674167436,-3,610,2147
64677708755,64677708753,-2,1529,2135
64678889453,64678889450,-3,1093,2134
64682702411,64682702406,-5,1509,4605
64686724790,64686724789,-1,917,2316
64691522834,64691522830,-4,1161,1476
64694380724,64694380721,-3,1162,2473
64699093216,64699093214,-2,1640,3559
64702358663,64702358661,-2,1441,2267
64705057550,64705057549,-1,1484,3062
64705533554,64705533552,-2,1340,2129
64707503934,64707503931,-3,956,2598
64708616518,64708616516,-2,579,1988
64709032538,64709032536,-2,803,2002
64710009175,64710009176,1,1421,1788
64711706628,64711706634,6,2221,1293
64719350291,64719350290,-1,10143,16097
64725300288,64725300294,6,3448,2099
64727487478,64727487481,3,1498,1159
64728932744,64728932743,-1,395,634
64731011945,64731011942,-3,1162,1648
64733435238,64733435239,1,1072,1857
64734519053,64734519051,-2,1048,2274
64737671154,64737671152,-2,1087,2400
64738387883,64738387878,-5,1134,2801
64740121796,64740121794,-2,1470,3344
64741450947,64741450946,-1,822,1919
64741803438,64741803447,9,3456,1040
64743048821,64743048817,-4,1093,2165
64743074451,64743074449,-2,1049,2570
64744601878,64744601875,-3,1414,2347
64745741346,64745741343,-3,1094,2021
64747079633,64747079631,-2,1401,1891
64751726953,64751726951,-2,1046,1810
64752971666,64752971660,-6,55796,25328
64754111319,64754111317,-2,1150,2393
64757998699,64757998697,-2,929,1720
64767676171,64767676169,-2,1275,2690
64769429125,64769429120,-5,1229,2517
64770246618,64770246615,-3,1204,2156
64774973761,64774973765,4,1664,1149
64775878949,64775878945,-4,1202,2739
64781727343,64781727339,-4,1101,2226
64782419905,64782419898,-7,949,4647
64782546188,64782546186,-2,985,2228
64783051128,64783051146,18,422,1883
64784165754,64784165751,-3,1006,1865
64784877527,64784877524,-3,1362,2280
64789191809,64789191806,-3,957,1532
64790691919,64790691938,19,981,2241
64794503972,64794503972,0,1162,1624
64797785819,64797785815,-4,1067,2420
64798456175,64798456174,-1,1189,1658
64798975543,64798975541,-2,846,1692
64801387041,64801387039,-2,1111,3152
64802816763,64802816761,-2,717,2443
64802936878,64802936875,-3,1130,2165
64803596830,64803596829,-1,809,2319
64803931655,64803931633,-22,110,689
64806206819,64806206815,-4,1128,2801
64806405759,64806405765,6,4736,2743
64806772352,64806772350,-2,1294,2600
64806842166,64806842150,-16,498,1196
64809829202,64809829209,7,4325,1371
64809854943,64809854939,-4,1159,2596
64811264614,64811264614,0,3455,3688
64812641462,64812641457,-5,1637,2007
64814380988,64814380985,-3,1037,1757
64815476323,64815476318,-5,1057,2092
64819104963,64819104961,-2,1491,2588
64821758513,64821758512,-1,31038,20290
64823954342,64823954339,-3,1289,2002
64825751083,64825751079,-4,1189,2453
64828331362,64828331357,-5,913,2738
64830200910,64830200907,-3,1004,1625
64831744267,64831744265,-2,1195,2011
64832308127,64832308134,7,6107,2508
64835944915,64835944916,1,2156,2509
64839183586,64839183593,7,8629,3026
64840898434,64840898431,-3,1266,2457
64841510166,64841510165,-1,771,1321
64842029995,64842029999,4,4717,2926
64845266935,64845266933,-2,1173,2292
64845519532,64845519555,23,766,2615
64846122610,64846122609,-1,938,1794
64850601899,64850601896,-3,1059,2482
64851126254,64851126251,-3,1030,2352
64854131286,64854131282,-4,1868,3308
64854988926,64854988921,-5,1131,2738
64856018827,64856018823,-4,842,2229
64857310569,64857310566,-3,1067,2066
64858319282,64858319280,-2,1495,1880
64865030658,64865030663,5,15024,8007
64865877627,64865877624,-3,1183,1995
64868672682,64868672688,6,12049,21993
64870505831,64870505827,-4,790,1925
64871558837,64871558834,-3,1252,1540
64872671230,64872671230,0,1317,1729
64873446811,64873446808,-3,1317,1462
64874992338,64874992335,-3,1147,2369
64875928479,64875928478,-1,1175,3442
64879077977,64879077971,-6,1259,3500
64881043846,64881043843,-3,1205,2236
64885536095,64885536092,-3,1081,2080
64891060643,64891060642,-1,903,1924
64894975145,64894975144,-1,1232,1784
64895029884,64895029877,-7,1085,2788
64896555338,64896555335,-3,1923,2332
64896836492,64896836475,-17,895,1560
64897918199,64897918197,-2,1021,2470
64902628541,64902628538,-3,1070,1257
64909486821,64909486823,2,777,1168
64911675142,64911675142,0,1090,2148
64913502611,64913502610,-1,726,1583
64914342066,64914342064,-2,1122,1897
64915366237,64915366238,1,1267,1559
64916398158,64916398155,-3,1077,1749
64921118711,64921118710,-1,1041,2424
64921389897,64921389893,-4,1274,1865
64922411952,64922411952,0,1414,1795
64922648005,64922648003,-2,669,1352
64922910210,64922910207,-3,1236,2638
64927542922,64927542919,-3,1059,2376
64930277027,64930277026,-1,1721,3053
64930854929,64930854923,-6,976,4480
64931629753,64931629749,-4,1450,2817
64933471541,64933471541,0,623,2514
64934718863,64934718856,-7,2351,6621
64944883302,64944883300,-2,1121,2580
64952887254,64952887250,-4,1411,3317
64954327334,64954327331,-3,1139,2003
64956216163,64956216163,0,29645,19425
64960218394,64960218393,-1,1407,2681
64964747330,64964747326,-4,479,2202
64966097470,64966097465,-5,779,1921
64966994999,64966994977,-22,1198,2282
64968557614,64968557613,-1,1177,1663
64971724009,64971724008,-1,1263,2783
64973138910,64973138909,-1,1104,1623
64981638882,64981638882,0,1866,2250
64982572045,64982572045,0,1628,1770
64983534096,64983534093,-3,1458,2303
64983689559,64983689557,-2,946,2542
64987878551,64987878549,-2,935,2633
64995211358,64995211353,-5,1363,2113
65000390341,65000390337,-4,1477,4705
65000560142,65000560142,0,813,1372
65003826194,65003826190,-4,1557,2105
65005369048,65005369045,-3,1116,2504
65005512649,65005512646,-3,1080,1417
65011982643,65011982642,-1,864,1337
65012857250,65012857246,-4,1236,2149
65017896617,65017896612,-5,1364,2524
65019439221,65019439226,5,2939,1647
65030610252,65030610250,-2,764,1264
65033015714,65033015714,0,1173,2061
65034203630,65034203626,-4,1290,2910
65035563362,65035563358,-4,1215,3374
65035928162,65035928158,-4,719,1490
65037841596,65037841594,-2,1254,2460
65043296591,65043296585,-6,738,2693
65045207206,65045207204,-2,1065,2234
65051248293,65051248289,-4,883,1798
65052012351,65052012349,-2,1175,2805
65052630089,65052630086,-3,1274,2694
65056479285,65056479280,-5,1078,2817
65057356558,65057356557,-1,1558,2177
65058037643,65058037640,-3,1365,3026
65059242493,65059242489,-4,1382,2575
65059589590,65059589586,-4,1273,1960
65062102118,65062102114,-4,951,2492
65062158544,65062158560,16,863,1535
65066268462,65066268447,-15,973,2437
65067204993,65067204989,-4,1223,2711
65077261258,65077261256,-2,944,1966
65077330927,65077330943,16,914,6867
65077367159,65077367166,7,93,726
65079421061,65079421059,-2,1516,2484
65079944347,65079944344,-3,1500,2801
65081111583,65081111578,-5,898,1710
65081738930,65081738924,-6,1165,5838
65084566678,65084566674,-4,918,1897
65087254148,65087254145,-3,914,2827
65094729109,65094729108,-1,1873,2874
65095919052,65095919034,-18,225,781
65098809813,65098809811,-2,1021,1877
65102734554,65102734552,-2,1115,2398
65109816187,65109816183,-4,1034,2476
65110522859,65110522856,-3,1048,2203
65110654691,65110654687,-4,1581,3542
65114766482,65114766480,-2,1010,2157
65115518104,65115518102,-2,1046,2234
65122269157,65122269153,-4,928,2149
65123819309,65123819307,-2,1467,2734
65127041163,65127041161,-2,853,1650
65129274313,65129274310,-3,1186,2399
65130073395,65130073394,-1,962,1792
65134870173,65134870171,-2,1824,3131
65137270530,65137270530,0,938,2194
65138177059,65138177057,-2,774,1158
65139759776,65139759773,-3,1298,2318
65141339806,65141339806,0,1292,1944
65142393243,65142393236,-7,596,2735
65143924902,65143924900,-2,1083,2191
65145564583,65145564579,-4,878,1564
65146168202,65146168208,6,26307,54822
65147411589,65147411586,-3,1294,2592
65149982838,65149982845,7,10015,2113
65151301962,65151301960,-2,867,2102
65153125857,65153125855,-2,1240,1836
65153636976,65153636973,-3,1199,2409
65155473651,65155473649,-2,1284,2390
65156210515,65156210511,-4,625,2296
65156393224,65156393230,6,396,975
65157740135,65157740133,-2,1164,1569
65164589582,65164589580,-2,1673,3109
65169186396,65169186415,19,1076,2045
65172201586,65172201583,-3,1014,1797
65174896761,65174896757,-4,1485,2353
65175752335,65175752354,19,135,801
65180652302,65180652300,-2,1526,2525
65181540655,65181540653,-2,915,1898
65191648710,65191648707,-3,1104,2103
65193111562,65193111559,-3,1002,1337
65196438474,65196438470,-4,928,1742
65196685030,65196685026,-4,943,1511
65199310479,65199310478,-1,932,2237
65202712254,65202712254,0,906,2103
65207845742,65207845742,0,1520,2533
65222904997,65222904994,-3,1409,3685
65223930162,65223930159,-3,1193,2502
65227657031,65227657029,-2,1432,2693
65228136007,65228136006,-1,1285,2128
65233819492,65233819491,-1,677,849
65236695478,65236695475,-3,1517,2887
65238394594,65238394593,-1,1301,2151
65238553828,65238553818,-10,218,466
65241996219,65241996218,-1,339,1038
65244273613,65244273610,-3,1206,2698
65249511903,65249511901,-2,1127,1603
65252359820,65252359818,-2,1305,2377
65257993854,65257993850,-4,1274,2834
65259112201,65259112207,6,3327,1106
65265568828,65265568825,-3,1257,2134
65269878724,65269878722,-2,744,2023
65270020927,65270020912,-15,263,1393
65270414583,65270414581,-2,1101,3300
65271105245,65271105244,-1,1233,1685
65271573539,65271573535,-4,1133,2591
65276510073,65276510070,-3,720,975
65277195114,65277195107,-7,1300,2499
65278683845,65278683842,-3,1461,2401
65279143676,65279143674,-2,738,1968
65279313875,65279313882,7,2818,1536
65280727110,65280727107,-3,770,1334
65284909314,65284909310,-4,1263,2349
65286257752,65286257734,-18,1078,1575
65286373558,65286373557,-1,860,1802
65288164922,65288164914,-8,771,3418
65290863392,65290863390,-2,1170,2093
65291081056,65291081053,-3,970,2807
65291809569,65291809566,-3,1184,2783
65297563682,65297563679,-3,1098,1732
65300623498,65300623496,-2,677,2010
65303000977,65303000974,-3,1475,2137
65317041422,65317041425,3,1860,1323
65318890362,65318890358,-4,938,2089
65321730674,65321730673,-1,722,1910
65322968885,65322968879,-6,1204,3378
65326048798,65326048797,-1,1202,1889
65326964758,65326964757,-1,1000,2986
65327016525,65327016534,9,95,491
65330841593,65330841602,9,20155,52754
65331866138,65331866134,-4,763,2027
65335180555,65335180555,0,1197,2455
65335464543,65335464539,-4,1869,3381
65336145230,65336145226,-4,670,1731
65339047069,65339047062,-7,1253,4959
65340528489,65340528484,-5,1068,2051
65342681605,65342681601,-4,1056,2414
65343015614,65343015634,20,1006,1642
65344733117,65344733115,-2,784,2342
65347918538,65347918536,-2,1369,3797
65352842391,65352842390,-1,831,1230
65353742654,65353742643,-11,900,2840
65356036277,65356036274,-3,881,2140
65360625717,65360625715,-2,889,1572
65361794543,65361794541,-2,1305,2495
65362472218,65362472203,-15,1287,2000
65363167190,65363167186,-4,751,2535
65365122206,65365122209,3,1906,1375
65371071878,65371071874,-4,1309,2310
65376304822,65376304827,5,2438,1389
65378708522,65378708525,3,1504,1597
65379952366,65379952366,0,1035,1515
65380854594,65380854592,-2,1814,2947
65381367466,65381367464,-2,965,1801
65381419183,65381419181,-2,1202,1783
65382172345,65382172341,-4,1370,3041
65383746007,65383746006,-1,1211,2142
65385025654,65385025648,-6,1136,4971
65391457941,65391457946,5,4042,1770
65391543262,65391543261,-1,974,2031
65393474750,65393474746,-4,1181,1748
65402971052,65402971049,-3,1174,2870
65404746148,65404746143,-5,1288,3260
65404962415,65404962414,-1,1749,1646
65405319824,65405319821,-3,1186,2062
65407804050,65407804046,-4,1221,2578
65416172713,65416172705,-8,1124,5121
65417456675,65417456673,-2,634,1203
65417748465,65417748461,-4,728,1370
65427161188,65427161183,-5,970,2337
65432032038,65432032034,-4,1248,2435
65436674342,65436674341,-1,462,1365
65437423884,65437423907,23,739,1866
65437705054,65437705050,-4,1731,5582
65437958336,65437958331,-5,1138,2525
65439104359,65439104357,-2,1396,2448
65443847561,65443847557,-4,955,2751
65449051226,65449051223,-3,1262,2812
65449841341,65449841338,-3,930,2132
65454759095,65454759093,-2,1020,2462
65458243863,65458243860,-3,1240,2375
65462386556,65462386551,-5,29379,10741
65465188339,65465188336,-3,920,1908
65468390956,65468390954,-2,1343,3054
65469133501,65469133497,-4,1365,2105
65471266394,65471266393,-1,1034,1740
65476268630,65476268634,4,2176,1636
65477121162,65477121161,-1,1011,1598
65480586184,65480586182,-2,1694,2210
65484233559,65484233557,-2,766,1510
65484655198,65484655194,-4,2434,6087
65487579880,65487579877,-3,1456,2189
65492483959,65492483957,-2,1354,2125
65492886883,65492886885,2,2217,2325
65496891677,65496891675,-2,2136,3750
65498000561,65498000554,-7,1098,3263
65503878823,65503878821,-2,736,1637
65504020013,65504020014,1,1260,3079
65504416614,65504416602,-12,908,4007
65504597116,65504597136,20,196,1052
65507362014,65507362010,-4,1089,2680
65512620334,65512620332,-2,1041,2081
65517338401,65517338399,-2,1496,2749
65521335901,65521335894,-7,37184,15736
65521394786,65521394783,-3,751,2095
65522301998,65522301995,-3,1023,1870
65525659726,65525659725,-1,1412,2548
65526622794,65526622790,-4,1038,2376
65527110829,65527110846,17,591,982
65529471154,65529471151,-3,1056,1777
65533538948,65533538955,7,4055,1716
65535195898,65535195895,-3,1321,1828
65539432718,65539432718,0,1141,2051
65540578894,65540578889,-5,1045,2448
65543282808,65543282806,-2,1250,2110
65548320407,65548320405,-2,1129,1908
65548472734,65548472751,17,820,1930
65549692369,65549692367,-2,598,1222
65555121288,65555121290,2,1990,1261
65555835566,65555835561,-5,836,2079
65556564017,65556564012,-5,961,2808
65560849294,65560849291,-3,1311,2132
65569571278,65569571279,1,1320,1699
65570421924,65570421922,-2,1137,2232
65572880051,65572880047,-4,862,1795
65573252787,65573252786,-1,796,1747
65576664761,65576664762,1,1211,1269
65591147002,65591146999,-3,1172,1941
65592952894,65592952889,-5,996,1560
65596091251,65596091249,-2,1144,2609
65596583077,65596583099,22,1014,2677
65596649522,65596649521,-1,1192,2182
65596896055,65596896050,-5,1179,1543
65600185343,65600185339,-4,1076,2165
65600814735,65600814732,-3,985,1351
65602660229,65602660225,-4,1044,2481
65604025307,65604025306,-1,967,2092
65604722406,65604722406,0,1023,1962
65604898344,65604898338,-6,1201,5563
65614489710,65614489706,-4,962,1516
65619013851,65619013848,-3,1119,4701
65622183289,65622183286,-3,1241,2568
65624302878,65624302874,-4,1101,2401
65625591078,65625591079,1,1168,1802
65630425793,65630425789,-4,1219,2759
65649656219,65649656222,3,1424,1407
65653374582,65653374578,-4,791,1451
65653687326,65653687309,-17,990,3281
65654574294,65654574292,-2,1279,1999
65656620995,65656620998,3,1688,1215
65657414071,65657414069,-2,750,1411
65658677406,65658677421,15,302,1112
65666506714,65666506718,4,2195,1390
65668895940,65668895938,-2,3645,48654
65669510014,65669510013,-1,1048,2084
65676682391,65676682390,-1,495,524
65677727971,65677727966,-5,1187,1189
65678399147,65678399145,-2,1331,1835
65680039475,65680039472,-3,1307,2149
65684786788,65684786782,-6,734,2171
65695526397,65695526397,0,1488,1698
65697884161,65697884158,-3,1294,2294
65697932469,65697932489,20,750,1901
65698630440,65698630438,-2,913,1784
65700232255,65700232253,-2,1745,2941
65701330981,65701330977,-4,1003,1719
65702766366,65702766365,-1,1718,2010
65705567939,65705567937,-2,1278,1983
65706515443,65706515440,-3,1025,1502
65711690215,65711690213,-2,977,2576
65712223497,65712223495,-2,1349,2688
65714649982,65714649977,-5,1117,2229
65715277298,65715277294,-4,1512,2234
65715664396,65715664386,-10,47197,18307
65722360744,65722360741,-3,815,2737
65725980383,65725980385,2,1295,1437
65728976922,65728976922,0,1174,1345
65730537766,65730537765,-1,997,1977
65734357745,65734357743,-2,906,2131
65735911821,65735911818,-3,1424,2683
65736986613,65736986612,-1,2892,4729
65737059050,65737059047,-3,1149,2150
65739144811,65739144809,-2,727,1834
65740630821,65740630822,1,931,1841
65741122762,65741122759,-3,1272,2255
65741540243,65741540238,-5,1698,4823
65743769137,65743769130,-7,1859,6600
65745596307,65745596305,-2,1352,2343
65746561825,65746561824,-1,1742,1828
65753115304,65753115303,-1,1406,1638
65757093739,65757093738,-1,1254,2224
65758282665,65758282661,-4,1704,2816
65766284862,65766284861,-1,1390,2955
65769791699,65769791697,-2,1348,1685
65772669451,65772669452,1,1417,1250
65773794822,65773794820,-2,983,1611
65774379558,65774379562,4,1958,1005
65775806301,65775806296,-5,1072,2141
65776006152,65776006154,2,6665,5808
65776208759,65776208755,-4,1248,2887
65782494419,65782494417,-2,1429,1955
65785960606,65785960606,0,825,1873
65790824470,65790824470,0,1151,2797
65793798339,65793798335,-4,791,1677
65799374302,65799374306,4,28876,25971
65802134112,65802134107,-5,804,2143
65813455624,65813455622,-2,1418,2792
65814749153,65814749150,-3,909,2328
65815929877,65815929875,-2,1727,2116
65817422977,65817422975,-2,1469,2361
65818123688,65818123688,0,1509,2333
65819014784,65819014783,-1,1552,2584
65822506679,65822506675,-4,959,2222
65823032695,65823032690,-5,1513,3164
65823802492,65823802489,-3,1053,2449
65827043773,65827043771,-2,935,1636
65829000275,65829000271,-4,1108,2750
65831701011,65831701008,-3,1362,1907
65833022298,65833022293,-5,1187,2089
65833434734,65833434730,-4,1482,2026
65834298994,65834298994,0,945,2374
65838590045,65838590043,-2,893,1953
65853784782,65853784781,-1,1335,2013
65855821639,65855821637,-2,1051,2168
65857548078,65857548073,-5,945,3206
65861909520,65861909514,-6,1449,2601
65862429438,65862429434,-4,1066,1647
65864001289,65864001290,1,1562,1929
65867671086,65867671082,-4,840,1783
65872562573,65872562570,-3,617,1414
65872854355,65872854352,-3,1546,1948
65872895058,65872895056,-2,1603,2641
65873876989,65873876986,-3,1289,2659
65879682846,65879682841,-5,1208,2914
65883012846,65883012847,1,2027,2232
65885490228,65885490224,-4,901,1606
65896830191,65896830189,-2,1281,1602
65897821700,65897821719,19,394,2042
65898515927,65898515925,-2,1393,1956
65899967649,65899967645,-4,1133,2188
65902155187,65902155185,-2,1008,1670
65903166216,65903166213,-3,1986,2903
65905970346,65905970342,-4,716,1114
65915398536,65915398533,-3,1145,2079
65915604862,65915604858,-4,1424,2597
65932154993,65932154988,-5,968,1866
65934473998,65934473995,-3,954,2231
65936596929,65936596928,-1,1231,1985
65937923705,65937923702,-3,1295,2591
65938943923,65938943919,-4,1010,2107
65940640455,65940640453,-2,1322,2547
65943566157,65943566153,-4,2517,4870
65943833039,65943833036,-3,1027,2649
65945967063,65945967062,-1,900,1811
65947321802,65947321800,-2,1183,2523
65949340798,65949340797,-1,1252,2152
65950412222,65950412217,-5,1379,2238
65952764881,65952764876,-5,1740,3952
65955623903,65955623899,-4,1228,2435
65959560567,65959560563,-4,1282,2374
65962800654,65962800649,-5,1014,2888
65962935127,65962935125,-2,128,947
65967693758,65967693757,-1,1368,1656
65975796876,65975796878,2,1033,1188
65977281094,65977281091,-3,705,1052
65978982942,65978982939,-3,1555,4350
65981494844,65981494833,-11,1423,1856
65981522281,65981522276,-5,993,2660
65982799315,65982799314,-1,1059,1809
65984717950,65984717947,-3,743,1251
65985469555,65985469553,-2,1369,2795
65986757959,65986757955,-4,966,2047
65987683107,65987683104,-3,914,2052
65994448372,65994448370,-2,952,1194
65994871177,65994871174,-3,1021,2046
65996536339,65996536334,-5,834,2647
66002235163,66002235160,-3,1183,2405
66003636454,66003636450,-4,562,1338
66004342722,66004342719,-3,1245,2272
66010489932,66010489947,15,629,2311
66011405842,66011405845,3,1958,2144
66017963019,66017963014,-5,988,3100
66019105510,66019105506,-4,1005,2545
66021641991,66021641991,0,1249,2601
66023254712,66023254710,-2,1038,2033
66026418199,66026418198,-1,1289,2006
66027612150,66027612171,21,560,936
66029000341,66029000338,-3,1345,3147
66030643565,66030643562,-3,528,795
66032216424,66032216423,-1,1477,2440
66034374566,66034374568,2,1346,1778
66036606951,66036606949,-2,1119,2330
66038484694,66038484692,-2,1241,1937
66039999537,66039999534,-3,843,2152
66044795401,66044795397,-4,1005,2502
66052119382,66052119386,4,2128,1346
66052858992,66052858991,-1,1131,1398
66053334036,66053334031,-5,1246,2818
66054202418,66054202415,-3,742,2265
66066287490,66066287488,-2,1186,2675
66070316339,66070316334,-5,578,1112
66074046874,66074046866,-8,811,3377
66078836046,66078836043,-3,1155,2168
66084850196,66084850193,-3,926,1743
66085341323,66085341320,-3,998,1922
66087244322,66087244317,-5,767,2003
66091359190,66091359191,1,1222,1999
66091766015,66091766012,-3,1231,3064
66094539074,66094539070,-4,1124,3023
66097198759,66097198753,-6,54926,36072
66100300261,66100300261,0,1598,1583
66104003434,66104003433,-1,869,1658
66105187295,66105187294,-1,1274,1623
66105223348,66105223344,-4,1429,3256
66107095169,66107095165,-4,1527,2491
66109345684,66109345682,-2,1113,1964
66110379429,66110379421,-8,1746,2842
66112414979,66112414974,-5,727,1865
66114483019,66114483014,-5,984,3185
66116622840,66116622837,-3,1304,2314
66116941111,66116941114,3,2908,2694
66117335078,66117335074,-4,1072,2057
66118578888,66118578896,8,3524,1230
66122700662,66122700662,0,1055,1597
66127288846,66127288843,-3,1275,2873
66128293804,66128293801,-3,1209,2165
66130015709,66130015712,3,2184,2147
66130679726,66130679725,-1,1148,2093
66132584462,66132584458,-4,1083,3281
66134623286,66134623285,-1,1931,3332
66135681831,66135681822,-9,968,3543
66138287627,66138287623,-4,1159,2112
66142627094,66142627089,-5,1394,3573
66144014261,66144014256,-5,1098,1634
66144173264,66144173283,19,631,1209
66151969718,66151969714,-4,1091,2128
66154911950,66154911946,-4,793,3241
66156124746,66156124746,0,1130,2375
66158136094,66158136095,1,1604,2184
66158978370,66158978366,-4,1210,2045
66160865560,66160865543,-17,899,1737
66161799471,66161799464,-7,911,2519
66174187715,66174187713,-2,1128,2456
66175100860,66175100863,3,1954,1342
66176358993,66176358990,-3,1077,1879
66176455235,66176455233,-2,972,1800
66178073007,66178073006,-1,1070,1850
66178242382,66178242378,-4,1139,2513
66180818771,66180818768,-3,898,2067
66182273860,66182273856,-4,1032,2757
66183982068,66183982066,-2,1708,2189
66189713114,66189713111,-3,1132,3230
66195231875,66195231874,-1,1021,2261
66195669945,66195669944,-1,1077,1996
66199879295,66199879296,1,1342,1477
66205222268,66205222263,-5,1713,4580
66207898848,66207898848,0,2743,4410
66208057650,66208057642,-8,747,2552
66213824798,66213824797,-1,1093,2307
66213941908,66213941906,-2,1628,2769
66214127838,66214127834,-4,981,1975
66216754686,66216754686,0,816,2203
66226842959,66226842955,-4,1737,2610
66232447195,66232447194,-1,1141,1559
66238248793,66238248789,-4,2033,5298
66242169615,66242169612,-3,1367,2264
66242468339,66242468337,-2,834,1752
66247325290,66247325288,-2,1188,2538
66250557687,66250557683,-4,1191,2559
66252606221,66252606220,-1,1392,1694
66257112836,66257112834,-2,1152,2326
66257983201,66257983201,0,1234,3219
66259654443,66259654440,-3,1177,2279
66259684810,66259684809,-1,1107,1627
66260080167,66260080166,-1,1422,2671
66265942786,66265942783,-3,1135,1611
66268278026,66268278022,-4,905,2187
66269259118,66269259114,-4,946,2243
66273248225,66273248222,-3,1076,2436
66276775030,66276775027,-3,1331,2015
66276871438,66276871459,21,353,737
66278748766,66278748764,-2,1186,2347
66284066470,66284066468,-2,1019,2287
66284427012,66284427009,-3,737,1969
66284575123,66284575120,-3,1052,2068
66287097517,66287097514,-3,1215,1524
66291735537,66291735534,-3,1042,1263
66294148206,66294148203,-3,1105,1878
66294773063,66294773062,-1,317,609
66295303104,66295303101,-3,999,2121
66298684933,66298684928,-5,1307,2831
66300938418,66300938417,-1,1492,2748
66306378967,66306378965,-2,1449,3282
66310469157,66310469154,-3,1068,1777
66312659304,66312659305,1,1399,1236
66313658186,66313658182,-4,1379,2783
66315783611,66315783605,-6,831,4370
66320435027,66320435024,-3,940,2548
66322473630,66322473629,-1,1237,2313
66323439863,66323439862,-1,888,1543
66325070947,66325070945,-2,1561,1909
66326761571,66326761567,-4,915,2286
66328637408,66328637405,-3,1580,3254
66330032589,66330032587,-2,973,2025
66330093719,66330093713,-6,195,1089
66333157121,66333157115,-6,1482,3723
66336146953,66336146949,-4,2338,3009
66336594280,66336594278,-2,1369,1624
66340646478,66340646477,-1,512,1410
66342638709,66342638706,-3,1340,2024
66344186433,66344186433,0,948,1812
66344843588,66344843585,-3,1508,2021
66346104670,66346104666,-4,1163,2052
66347452737,66347452734,-3,1699,2453
66351284927,66351284926,-1,1034,1561
66351962425,66351962422,-3,1349,2420
66352556526,66352556522,-4,699,1408
66356476683,66356476679,-4,949,2038
66362559250,66362559250,0,1102,1878
66366410709,66366410708,-1,1273,2379
66368581160,66368581157,-3,1242,3108
66372187307,66372187304,-3,741,1580
66376904823,66376904822,-1,1025,3122
66379911394,66379911390,-4,795,1571
66380642127,66380642122,-5,852,2084
66381352022,66381352003,-19,877,1042
66382501559,66382501557,-2,1006,2319
66383820250,66383820246,-4,1505,2225
66386436392,66386436385,-7,1298,3813
66394658034,66394658033,-1,950,2261
66402394777,66402394777,0,6615,19848
66403434834,66403434840,6,3561,1412
66406276626,66406276625,-1,1180,2052
66407111102,66407111100,-2,1192,1859
66408074410,66408074407,-3,1052,2507
66409030525,66409030525,0,1043,1309
66411526686,66411526686,0,1149,2014
66412363070,66412363068,-2,1315,2778
66416883003,66416883002,-1,1414,2272
66421883867,66421883865,-2,1319,2113
66427134728,66427134748,20,280,845
66434345136,66434345134,-2,1310,1932
66434866517,66434866502,-15,53943,16191
66439064618,66439064614,-4,1114,1842
66439121669,66439121667,-2,1726,2593
66440327849,66440327849,0,1768,2670
66444085178,66444085174,-4,893,1944
66448987798,66448987796,-2,1529,3087
66449053626,66449053625,-1,780,1422
66452006471,66452006469,-2,927,1744
66452073897,66452073891,-6,1295,2336
66454982534,66454982533,-1,600,2135
66459294962,66459294958,-4,1033,2605
66459713453,66459713450,-3,1252,2613
66460992755,66460992753,-2,1095,2292
66461359986,66461359985,-1,1164,2253
66463770091,66463770089,-2,1118,1935
66466855037,66466855031,-6,1170,2240
66474902195,66474902193,-2,1281,2396
66476919105,66476919099,-6,1402,5627
66482778432,66482778430,-2,1616,1897
66484698330,66484698327,-3,1330,2918
66486938429,66486938430,1,1494,1625
66488438025,66488438011,-14,1094,2130
66491284767,66491284764,-3,1454,2711
66491546962,66491546961,-1,1330,2306
66494089304,66494089298,-6,1317,2773
66498197398,66498197394,-4,1483,2479
66499135370,66499135367,-3,1183,2316
66499449439,66499449437,-2,1186,2158
66501668868,66501668865,-3,1034,2420
66503877202,66503877201,-1,1279,2430
66505026791,66505026793,2,1422,1908
66507012466,66507012472,6,3271,1183
66508435391,66508435390,-1,1156,2329
66515026005,66515026002,-3,1610,2762
66516292087,66516292083,-4,1095,1889
66517786793,66517786791,-2,1304,2394
66519469205,66519469204,-1,12002,17579
66524873380,66524873378,-2,1238,2060
66532597298,66532597299,1,1182,1237
66534399270,66534399265,-5,2487,7055
66534562343,66534562341,-2,1072,2226
66538343651,66538343658,7,10101,20595
66539350986,66539350982,-4,706,1003
66539700775,66539700770,-5,1102,2176
66552214782,66552214779,-3,1193,2320
66554685127,66554685143,16,463,1535
66556039802,66556039797,-5,1111,2392
66559781082,66559781079,-3,1021,2074
66560959503,66560959501,-2,1036,1934
66562801669,66562801666,-3,983,2307
66563836723,66563836720,-3,1498,2837
66563871068,66563871066,-2,1418,2930
66565043162,66565043160,-2,1076,1730
66566342210,66566342199,-11,15791,26643
66570694226,66570694207,-19,194,654
66575152909,66575152906,-3,1200,2704
66576868466,66576868462,-4,1323,2108
66579124883,66579124879,-4,666,1450
66583391409,66583391406,-3,1303,2104
66584927920,66584927919,-1,1774,2139
66587580201,66587580199,-2,1312,2002
66594215305,66594215302,-3,1199,2572
66594461755,66594461751,-4,918,2303
66599777982,66599777973,-9,724,1715
66603446764,66603446757,-7,1360,2855
66603971894,66603971890,-4,1446,2620
66610175262,66610175269,7,2930,1762
66611951445,66611951446,1,1486,2050
66612549265,66612549262,-3,706,2014
66613321293,66613321295,2,972,1652
66614111893,66614111891,-2,1192,3293
66614569214,66614569231,17,119,491
66619033251,66619033249,-2,1203,1846
66620270041,66620270040,-1,1292,2146
66620914852,66620914849,-3,1514,3195
66623694217,66623694215,-2,1168,2557
66624243523,66624243525,2,872,1687
66626835951,66626835949,-2,1107,1447
66627757460,66627757459,-1,1055,1646
66628487350,66628487346,-4,1177,2401
66630564201,66630564201,0,780,1699
66636110655,66636110654,-1,1169,2165
66636528202,66636528197,-5,1464,3643
66640998963,66640998958,-5,1375,2079
66641204044,66641204042,-2,1059,2787
66641686505,66641686504,-1,843,1968
66642711228,66642711251,23,1241,1586
66643541506,66643541502,-4,848,2048
66645084315,66645084311,-4,1113,3106
66646913771,66646913770,-1,959,2165
66647042219,66647042222,3,2252,1526
66654049466,66654049470,4,1971,1485
66665650658,66665650640,-18,1022,478
66666678814,66666678816,2,1550,1368
66668274842,66668274845,3,2148,2158
66669912421,66669912418,-3,1160,2823
66670555143,66670555145,2,31405,32509
66671896365,66671896363,-2,1333,2223
66676239487,66676239486,-1,929,1598
66678026167,66678026164,-3,773,2438
66678710178,66678710174,-4,1081,2500
66682137543,66682137538,-5,1278,3342
66684772336,66684772333,-3,1505,3188
66693196350,66693196347,-3,979,2057
66694381446,66694381444,-2,974,1914
66700722806,66700722802,-4,988,2450
66701535811,66701535810,-1,1213,2890
66701889676,66701889680,4,15905,9744
66705817011,66705817007,-4,868,2532
66716721708,66716721706,-2,1598,3104
66720734426,66720734424,-2,958,2048
66721567672,66721567670,-2,854,2343
66722302216,66722302213,-3,1122,2566
66722965980,66722966002,22,643,2101
66727023811,66727023819,8,1790,1570
66729384897,66729384895,-2,1362,2505
66732654950,66732654949,-1,1069,2014
66740713031,66740713029,-2,1494,2802
66741043382,66741043381,-1,974,1908
66741211747,66741211747,0,721,1390
66741768437,66741768442,5,4034,1754
66742162678,66742162674,-4,1114,1692
66749168363,66749168359,-4,917,1799
66754865651,66754865649,-2,1126,2468
66756290066,66756290070,4,2087,1136
66761524188,66761524185,-3,1247,2433
66768415681,66768415677,-4,1066,2036
66774947377,66774947375,-2,900,1946
66775682980,66775682977,-3,1167,2278
66780046108,66780046119,11,14,739
66780523061,66780523059,-2,672,1331
66782961910,66782961908,-2,1038,2152
66783053518,66783053534,16,1155,1715
66784546254,66784546248,-6,860,1589
66784929462,66784929459,-3,1953,2539
66785387433,66785387429,-4,1089,2403
66786197150,66786197146,-4,1243,1967
66786503574,66786503570,-4,767,2251
66788665262,66788665260,-2,1439,2498
66790466507,66790466503,-4,1211,2394
66790701773,66790701793,20,534,1024
66792678846,66792678846,0,1782,2092
66794616647,66794616643,-4,978,2555
66795076732,66795076729,-3,1093,2545
66796217610,66796217617,7,3623,1750
66799191808,66799191804,-4,644,1273
66804116811,66804116810,-1,1397,1720
66808151614,66808151613,-1,704,1081
66815017105,66815017103,-2,1423,2995
66816563103,66816563102,-1,976,1920
66818629651,66818629650,-1,2332,4544
66819052606,66819052606,0,1441,2234
66821817425,66821817422,-3,22016,15969
66834220276,66834220272,-4,799,1678
66843181771,66843181769,-2,761,2148
66843987740,66843987737,-3,1430,3378
66844284535,66844284534,-1,930,2225
66844338995,66844338993,-2,1024,2352
66849546367,66849546363,-4,787,1225
66855990183,66855990181,-2,938,1715
66861862111,66861862110,-1,998,2394
66864549832,66864549827,-5,1478,4417
66878944247,66878944244,-3,1134,2821
66880602744,66880602739,-5,965,1437
66880641850,66880641848,-2,871,1533
66881403171,66881403167,-4,1277,2745
66887709450,66887709451,1,1182,2016
66891154420,66891154418,-2,1101,1575
66893246559,66893246558,-1,1404,2881
66901814282,66901814280,-2,1017,2219
66902393580,66902393577,-3,766,1556
66903734046,66903734047,1,1027,870
66905838483,66905838481,-2,767,2037
66906895156,66906895153,-3,1089,2277
66907699843,66907699839,-4,1161,2051
66910447894,66910447891,-3,668,1066
66910952735,66910952754,19,943,2073
66911543222,66911543227,5,4114,2420
66911920100,66911920097,-3,1370,2690
66913252822,66913252818,-4,1209,2571
66915198142,66915198138,-4,1081,1992
66915908413,66915908411,-2,764,2488
66923512875,66923512870,-5,1058,2067
66924017326,66924017346,20,767,924
66924588252,66924588241,-11,1162,1309
66926400508,66926400504,-4,1088,2000
66928896554,66928896551,-3,1509,1914
66930194832,66930194830,-2,1095,2331
66932562875,66932562873,-2,1077,2011
66936031318,66936031318,0,1360,1686
66944100966,66944100963,-3,1224,2175
66947827677,66947827675,-2,1180,1957
66948773646,66948773642,-4,1202,1710
66949809781,66949809786,5,33689,18209
66952113698,66952113695,-3,751,1889
66957871091,66957871089,-2,1177,1926
66958581462,66958581478,16,346,2442
66959822466,66959822462,-4,1206,2307
66960625998,66960625996,-2,1138,2393
66961817898,66961817897,-1,1020,1938
66967766866,66967766864,-2,1142,2095
66970097601,66970097597,-4,1336,2131
66970745528,66970745522,-6,1320,3114
66972036216,66972036214,-2,1359,2305
66972420910,66972420908,-2,1149,2755
66974310250,66974310249,-1,1192,2116
66975365962,66975365962,0,1578,2233
66976191400,66976191397,-3,1527,2482
66979934750,66979934747,-3,1048,1729
66984064103,66984064101,-2,860,2212
66984384106,66984384101,-5,814,2584
66987852938,66987852937,-1,1342,1609
66991143285,66991143282,-3,1097,2478
66992584557,66992584559,2,1511,1268
66995283319,66995283319,0,810,1717
67002117075,67002117073,-2,1172,1696
67007021062,67007021058,-4,1395,3948
67008458417,67008458414,-3,1312,2202
67010845394,67010845390,-4,962,1426
67012427730,67012427728,-2,1030,2019
67014020333,67014020332,-1,1068,2565
67018708941,67018708939,-2,1179,2774
67018959535,67018959536,1,2250,1968
67019303238,67019303234,-4,1276,2390
67020073778,67020073777,-1,1002,2208
67027086742,67027086738,-4,1089,1611
67028873483,67028873481,-2,1134,2041
67029649461,67029649458,-3,910,2573
67037383199,67037383194,-5,918,1944
67043110278,67043110276,-2,1521,2283
67045505807,67045505805,-2,815,2249
67047007185,67047007184,-1,811,2558
67054013632,67054013632,0,1647,2259
67061454718,67061454715,-3,989,1477
67061693551,67061693549,-2,1228,2553
67064416847,67064416851,4,991,1250
67064651786,67064651782,-4,1225,2174
67065177450,67065177447,-3,1215,2164
67067783434,67067783431,-3,1468,2461
67069263110,67069263110,0,1347,1754
67071611545,67071611542,-3,819,1761
67071849268,67071849262,-6,1427,2525
67073993152,67073993152,0,43589,24862
67079482460,67079482469,9,10603,30705
67079860613,67079860611,-2,1045,1818
67080191453,67080191449,-4,1309,1790
67081840778,67081840772,-6,1314,2248
67082499807,67082499811,4,1496,1576
67084541167,67084541164,-3,1615,2757
67085744499,67085744506,7,10094,2360
67086101500,67086101518,18,422,938
67086368330,67086368328,-2,1372,2539
67095076673,67095076670,-3,875,1942
67100489122,67100489117,-5,2557,5915
67100521950,67100521965,15,17106,42153
67101193750,67101193750,0,1066,2022
67101622770,67101622767,-3,1328,2771
67103975749,67103975748,-1,897,2119
67107094243,67107094243,0,975,1508
67118713149,67118713146,-3,1072,2188
67119607563,67119607561,-2,1314,2622
67121321809,67121321809,0,1181,1395
67121423637,67121423657,20,1003,2694
67127419598,67127419590,-8,962,4349
67128974702,67128974699,-3,1354,2007
67133600983,67133600981,-2,1327,2212
67136495417,67136495414,-3,1003,2056
67137901533,67137901532,-1,1099,2180
67142963117,67142963115,-2,1236,3130
67144318839,67144318838,-1,1057,1691
67146820605,67146820611,6,13680,17617
67148352145,67148352158,13,660,1249
67155353619,67155353615,-4,1347,1827
67157527060,67157527057,-3,1222,2318
67157951309,67157951330,21,862,2194
67159612305,67159612303,-2,953,2122
67160301207,67160301205,-2,1101,1957
67162227611,67162227610,-1,1217,2279
67167252405,67167252406,1,1137,1787
67170103726,67170103722,-4,1443,3424
67170849647,67170849642,-5,1293,2056
67172492553,67172492550,-3,710,1673
67175153715,67175153714,-1,1147,1892
67176434503,67176434501,-2,1022,2452
67180504263,67180504261,-2,849,2044
67185271475,67185271473,-2,1315,2387
67189982775,67189982774,-1,1266,2314
67190454578,67190454580,2,2705,2715
67192548742,67192548742,0,1095,2269
67200587667,67200587665,-2,1062,2267
67203387682,67203387685,3,3710,2677
67205868479,67205868475,-4,998,2481
67208552965,67208552960,-5,1268,2595
67208882655,67208882653,-2,800,1434
67209787718,67209787735,17,843,1188
67211060625,67211060623,-2,1180,1985
67211601354,67211601353,-1,1407,2126
67219655222,67219655219,-3,738,1444
67220395174,67220395170,-4,1338,2140
67222560597,67222560596,-1,1360,2325
67226217307,67226217303,-4,717,1113
67226506243,67226506239,-4,592,1399
67227436818,67227436811,-7,986,2653
67228776522,67228776519,-3,633,1754
67231166379,67231166375,-4,1197,2460
67231650410,67231650406,-4,1001,2278
67239158086,67239158082,-4,1269,2631
67239943615,67239943610,-5,858,1804
67240937215,67240937209,-6,1335,2098
67251724283,67251724279,-4,1671,2948
67253471076,67253471074,-2,984,2054
67254935247,67254935245,-2,998,1576
67255996590,67255996587,-3,1060,2473
67271031108,67271031106,-2,777,1693
67274099344,67274099341,-3,1039,2119
67274216294,67274216314,20,755,1169
67274509851,67274509848,-3,1020,2430
67274724862,67274724846,-16,267,791
67280428265,67280428262,-3,1443,2355
67282171906,67282171901,-5,1195,2320
67286557110,67286557107,-3,1101,2337
67289629948,67289629943,-5,1354,2779
67298536886,67298536884,-2,1307,3518
67300396165,67300396165,0,989,1917
67301551730,67301551727,-3,773,2299
67306787060,67306787057,-3,863,2387
67310986207,67310986205,-2,1221,2071
67313879370,67313879365,-5,1107,2168
67317408186,67317408183,-3,1719,2818
67330214630,67330214625,-5,1642,2893
67333402499,67333402498,-1,1144,1582
67334884204,67334884201,-3,1353,2503
67335601383,67335601379,-4,1258,2142
67337884031,67337884035,4,1357,774
67340599703,67340599699,-4,967,2176
67341091587,67341091595,8,20592,56501
67341617324,67341617321,-3,1447,2438
67342076881,67342076878,-3,975,2343
67343424771,67343424769,-2,1207,2715
67350894154,67350894151,-3,1027,2311
67356286005,67356286003,-2,1639,3069
67357183205,67357183204,-1,1751,2427
67357364505,67357364504,-1,820,1926
67357726491,67357726487,-4,810,1393
67362230379,67362230378,-1,849,1704
67362777743,67362777761,18,1347,2179
67364037417,67364037414,-3,940,1895
67364504502,67364504501,-1,1388,2056
67365377515,67365377514,-1,1243,2271
67369794095,67369794094,-1,1319,2388
67370469421,67370469420,-1,1135,1671
67371894383,67371894381,-2,934,2158
67376744488,67376744485,-3,1053,2710
67377952591,67377952586,-5,1222,2605
67379406960,67379406959,-1,960,1697
67384201265,67384201265,0,783,1746
67385685134,67385685131,-3,1202,1735
67386230829,67386230825,-4,1129,2088
67387734251,67387734245,-6,681,2027
67388677759,67388677745,-14,118,1235
67396327856,67396327854,-2,952,1543
67397950572,67397950570,-2,943,1390
67404207477,67404207474,-3,1009,2141
67406136242,67406136239,-3,470,850
67408765860,67408765857,-3,916,1955
67412734906,67412734905,-1,1237,2416
67416688398,67416688396,-2,910,1943
67419161450,67419161448,-2,683,1434
67419621362,67419621360,-2,1249,2294
67420468939,67420468936,-3,1110,1938
67428565765,67428565764,-1,601,1251
67428631299,67428631297,-2,880,1845
67429578752,67429578751,-1,1231,1668
67435185019,67435185017,-2,1331,2935
67436616910,67436616905,-5,1020,1626
67437334718,67437334714,-4,1131,2247
67440656818,67440656818,0,1463,1691
67443537918,67443537916,-2,1013,2371
67444224211,67444224206,-5,1014,1907
67445437459,67445437458,-1,903,1614
67447316969,67447316963,-6,22133,14708
67453171750,67453171749,-1,1351,1916
67454102199,67454102201,2,983,1641
67458091925,67458091923,-2,874,2290
67463374064,67463374059,-5,1023,2082
67467883707,67467883705,-2,1507,2178
67467954807,67467954806,-1,1003,2432
67470042898,67470042894,-4,955,2135
67470590235,67470590230,-5,1475,2863
67474630226,67474630221,-5,1092,2254
67482107710,67482107706,-4,1222,2507
67486558249,67486558255,6,3683,1176
67488535559,67488535554,-5,548,1461
67488625295,67488625292,-3,1516,1518
67495130846,67495130846,0,1277,1938
67496760991,67496760988,-3,1331,2987
67496877837,67496877832,-5,1464,3951
67497228311,67497228315,4,18,663
67498514892,67498514890,-2,940,2325
67501311506,67501311503,-3,1051,3018
67509265624,67509265620,-4,1306,1987
67511069586,67511069586,0,1013,1272
67521154852,67521154850,-2,1301,1824
67525998944,67525998940,-4,817,2148
67529186166,67529186174,8,4497,1211
67529527402,67529527397,-5,1054,1966
67531148831,67531148827,-4,1169,2908
67531421335,67531421334,-1,1537,2922
67532958655,67532958653,-2,998,2977
67533815765,67533815786,21,619,2547
67535006130,67535006127,-3,1083,2182
67537042292,67537042289,-3,1343,2953
67537478885,67537478882,-3,939,1917
67541192663,67541192661,-2,866,2501
67542365738,67542365734,-4,1226,2133
67544854154,67544854167,13,853,1473
67547022690,67547022687,-3,821,1567
67549812838,67549812836,-2,1267,2521
67556696674,67556696670,-4,1558,2477
67557861654,67557861650,-4,984,1420
67561500442,67561500440,-2,1368,1683
67572536257,67572536255,-2,1876,2536
67573991028,67573991026,-2,1305,2267
67575463295,67575463291,-4,960,2201
67579219566,67579219563,-3,1360,2461
67579284401,67579284398,-3,1130,2053
67579841432,67579841430,-2,898,2428
67581492003,67581491999,-4,1546,3336
67583555877,67583555875,-2,1249,2303
67583656666,67583656663,-3,1296,2173
67589689843,67589689835,-8,887,3714
67590267051,67590267045,-6,1758,3354
67596430731,67596430729,-2,1053,2086
67597854965,67597854962,-3,1209,2179
67600717250,67600717247,-3,1074,1663
67603508868,67603508862,-6,1005,2714
67605605410,67605605408,-2,1195,2656
67609563158,67609563154,-4,1358,3264
67614545002,67614545000,-2,914,2231
67616634438,67616634434,-4,922,1298
67617649630,67617649629,-1,1244,2388
67623312916,67623312911,-5,1218,3074
67633950926,67633950923,-3,781,1473
67638120480,67638120475,-5,958,1801
67640745851,67640745846,-5,2394,5542
67644140966,67644140968,2,16354,2259
67646368095,67646368096,1,1132,1771
67647632166,67647632163,-3,1319,1943
67651141795,67651141793,-2,1969,4405
67652222327,67652222325,-2,1700,1102
67652510326,67652510325,-1,940,1731
67653377811,67653377811,0,1219,1893
67653585969,67653585966,-3,1278,2368
67653730949,67653730938,-11,1304,3298
67655055442,67655055437,-5,1696,2677
67655662844,67655662841,-3,2144,2756
67656783595,67656783593,-2,996,2447
67666222965,67666222969,4,1901,1618
67667305465,67667305462,-3,1257,1895
67668309397,67668309394,-3,1055,2202
67670357838,67670357835,-3,1015,1752
67671683255,67671683255,0,1251,1080
67675960611,67675960610,-1,936,1619
67678664469,67678664466,-3,1356,2980
67681172030,67681172027,-3,1251,2462
67681960334,67681960332,-2,1200,2388
67689676888,67689676885,-3,2152,12382
67696545070,67696545069,-1,1026,2260
67705126324,67705126322,-2,796,918
67706703334,67706703332,-2,1522,1778
67714290399,67714290394,-5,986,2910
67714575399,67714575398,-1,1336,2249
67715379923,67715379918,-5,1036,2489
67719705818,67719705816,-2,1083,1414
67724289625,67724289623,-2,1230,2439
67725440559,67725440555,-4,924,2281
67738962410,67738962409,-1,1194,2533
67742445934,67742445929,-5,1070,3178
67745325854,67745325850,-4,1400,1814
67746778382,67746778387,5,8480,18782
67747490538,67747490534,-4,999,2105
67754505771,67754505769,-2,773,2146
67755082063,67755082065,2,2831,2471
67756709030,67756709026,-4,1238,3743
67758782966,67758782963,-3,1023,1593
67760477375,67760477371,-4,1076,2285
67772139058,67772139058,0,869,1853
67772307557,67772307575,18,1256,1866
67772656086,67772656084,-2,909,1751
67773393499,67773393497,-2,856,1876
67775498134,67775498131,-3,950,1359
67775793073,67775793073,0,1046,2234
67776092998,67776093010,12,359,948
67777353834,67777353831,-3,887,2282
67777975211,67777975210,-1,1340,2103
67782807322,67782807322,0,1010,2078
67786346455,67786346453,-2,1561,3508
67787974586,67787974583,-3,1106,1417
67788064845,67788064835,-10,88,525
67789880698,67789880696,-2,1293,2597
67795290737,67795290734,-3,1200,2141
67796530976,67796530971,-5,1843,2483
67796777623,67796777621,-2,1071,2347
67799049991,67799049987,-4,1170,2719
67800515894,67800515891,-3,1210,2449
67801668206,67801668223,17,579,1607
67803846827,67803846823,-4,1256,2917
67804850380,67804850382,2,1721,1459
67809483603,67809483598,-5,1650,2468
67811268167,67811268161,-6,1289,4548
67811656938,67811656936,-2,915,2838
67811881934,67811881950,16,1090,2222
67814248517,67814248513,-4,1191,2332
67814284494,67814284513,19,855,1429
67823141240,67823141238,-2,996,2171
67825532881,67825532878,-3,1186,1888
67830759159,67830759167,8,4420,1541
67831861547,67831861545,-2,967,2570
67834043980,67834043982,2,1627,1610
67834835683,67834835681,-2,1145,2590
67835813377,67835813375,-2,938,2296
67836742611,67836742607,-4,981,2151
67841390375,67841390373,-2,874,1822
67845890551,67845890548,-3,718,2083
67848555631,67848555630,-1,702,2194
67849863337,67849863338,1,3235,3223
67851737730,67851737726,-4,796,1970
67853903232,67853903230,-2,1294,2275
67855831407,67855831402,-5,932,1880
67856883033,67856883030,-3,852,2124
67857402628,67857402625,-3,1146,2089
67859262778,67859262774,-4,937,1896
67863194257,67863194272,15,939,1447
67868214839,67868214837,-2,1113,2038
67873541654,67873541651,-3,1144,2834
67875175845,67875175844,-1,1684,2844
67876643138,67876643137,-1,1062,2745
67876837461,67876837482,21,1411,2666
67877717761,67877717757,-4,1099,1971
67880637425,67880637430,5,3224,1920
67881435392,67881435390,-2,1262,2045
67884233156,67884233150,-6,1440,2365
67894592282,67894592277,-5,946,1881
67895815049,67895815046,-3,1281,2422
67904502101,67904502098,-3,1176,1552
67908904149,67908904145,-4,969,2924
67909446721,67909446716,-5,993,3519
67909912087,67909912086,-1,1165,1849
67910334892,67910334891,-1,770,2201
67910964256,67910964253,-3,1338,2952
67911131079,67911131094,15,563,1260
67911938751,67911938746,-5,1258,2972
67916712658,67916712654,-4,1160,2131
67917061703,67917061698,-5,1225,2540
67917204249,67917204244,-5,439,2095
67917938524,67917938505,-19,99,720
67927372403,67927372398,-5,1302,1940
67927740107,67927740106,-1,1014,1972
67933798745,67933798742,-3,1435,2363
67934575139,67934575143,4,1081,913
67934850637,67934850635,-2,1844,3385
67936704374,67936704370,-4,1018,2146
67938372509,67938372506,-3,1405,3176
67938937015,67938937033,18,961,2347
67941355638,67941355636,-2,1435,2904
67942876747,67942876746,-1,1399,2456
67944524847,67944524842,-5,971,1592
67946209023,67946209020,-3,1126,2698
67947958658,67947958651,-7,934,2238
67948543942,67948543939,-3,975,1785
67949224990,67949224985,-5,910,2823
67950511338,67950511343,5,5260,2766
67952552575,67952552574,-1,858,1442
67953371839,67953371833,-6,1104,2093
67953961494,67953961488,-6,33435,14352
67958702473,67958702469,-4,1614,2542
67959316090,67959316086,-4,996,2600
67959750032,67959750050,18,789,1774
67961106919,67961106917,-2,1594,2623
67965784876,67965784873,-3,935,1985
67969792822,67969792820,-2,1066,1900
67972969555,67972969554,-1,1106,1264
67976699962,67976699962,0,1174,1850
67978256429,67978256424,-5,978,1765
67981572439,67981572437,-2,1306,1971
67990418055,67990418044,-11,2942,1251
68003311561,68003311565,4,1527,2106
68004893386,68004893385,-1,1209,1949
68009618594,68009618595,1,648,1186
68009965053,68009965047,-6,1507,7450
68010170246,68010170246,0,1516,2363
68013201684,68013201680,-4,892,1829
68013729262,68013729261,-1,1340,2848
68020904916,68020904914,-2,1126,2120
68031481415,68031481415,0,1035,1572
68031910426,68031910425,-1,1063,2257
68032473666,68032473665,-1,546,1322
68033033069,68033033066,-3,1172,1708
68033976535,68033976534,-1,898,1582
68037254762,68037254762,0,35305,34480
68042969919,68042969917,-2,1197,2288
68043401305,68043401302,-3,1116,2328
68043431325,68043431346,21,870,1823
68045029362,68045029365,3,1020,904
68049525308,68049525311,3,1834,1688
68051156979,68051156975,-4,1004,2475
68052598731,68052598729,-2,1117,2110
68053044807,68053044806,-1,1464,1803
68066720103,68066720103,0,940,2284
68076157556,68076157555,-1,745,1351
68079904056,68079904053,-3,1185,1776
68083688815,68083688813,-2,898,2102
68087057155,68087057151,-4,1104,2603
68094858355,68094858354,-1,1248,1614
68096466241,68096466234,-7,2369,7764
68097288528,68097288523,-5,845,2063
68097647942,68097647942,0,1221,1414
68102551526,68102551525,-1,1381,2432
68106179788,68106179786,-2,1237,3498
68107680043,68107680042,-1,751,2448
68114819170,68114819169,-1,1341,3209
68121631711,68121631712,1,1162,1090
68129319235,68129319231,-4,743,2669
68130279208,68130279206,-2,1239,2499
68130793646,68130793662,16,620,1297
68131157532,68131157543,11,13225,33894
68134023561,68134023558,-3,1074,2473
68134102448,68134102465,17,530,3169
68134218810,68134218810,0,1431,1854
68140808912,68140808909,-3,1400,2211
68140952525,68140952523,-2,1144,2166
68146660319,68146660319,0,803,1695
68147450723,68147450720,-3,1069,1313
68149538437,68149538433,-4,859,1999
68155485672,68155485669,-3,1125,2067
68159154943,68159154942,-1,961,2173
68160986847,68160986842,-5,937,2151
68163769572,68163769570,-2,1408,2295
68166451843,68166451845,2,1837,1626
68171258682,68171258681,-1,984,2497
68174966398,68174966406,8,8350,1546
68175039636,68175039633,-3,890,1787
68175754768,68175754782,14,999,2143
68179064960,68179064957,-3,1472,3384
68183196138,68183196133,-5,948,1833
68183967471,68183967470,-1,691,1210
68188551251,68188551250,-1,1483,2099
68190573296,68190573293,-3,2170,4280
68198854409,68198854411,2,1130,1701
68201413691,68201413690,-1,1204,1694
68202001653,68202001650,-3,1269,2933
68207539270,68207539267,-3,1671,3235
68211681685,68211681682,-3,1195,2403
68211937656,68211937654,-2,945,1319
68214158755,68214158752,-3,868,2332
68220056681,68220056680,-1,1362,2189
68224803713,68224803712,-1,813,1624
68225074935,68225074923,-12,910,2035
68227882195,68227882192,-3,1142,2140
68236751655,68236751654,-1,1289,2103
68239303303,68239303298,-5,1285,1992
68239580863,68239580846,-17,32,594
68240302175,68240302171,-4,863,3628
68240700534,68240700532,-2,1882,2972
68243891439,68243891432,-7,1115,4462
68244789698,68244789697,-1,1303,2015
68245727873,68245727878,5,3917,1541
68246576122,68246576119,-3,1294,2906
68247060003,68247060002,-1,1313,1143
68247972850,68247972847,-3,983,1908
68248056584,68248056600,16,1025,1118
68251164708,68251164706,-2,1201,1642
68251517007,68251516993,-14,155,844
68254720481,68254720479,-2,948,1579
68257511751,68257511748,-3,1248,1767
68257823548,68257823545,-3,1225,2228
68259054986,68259054984,-2,1086,2306
68263620925,68263620932,7,6273,2151
68264724860,68264724859,-1,1529,2967
68271372968,68271372968,0,3341,3990
68272627003,68272627000,-3,927,2068
68275911646,68275911651,5,2316,1178
68278647226,68278647222,-4,1017,2405
68280727503,68280727500,-3,1363,3250
68285486053,68285486055,2,1389,929
68287805643,68287805647,4,1465,1505
68288396924,68288396914,-10,1002,3737
68297435292,68297435290,-2,904,2142
68297992981,68297992974,-7,68,490
68298370403,68298370399,-4,899,1326
68300440986,68300440983,-3,959,1905
68301413474,68301413472,-2,883,2207
68302211453,68302211450,-3,979,2272
68303389472,68303389470,-2,1153,2288
68306149787,68306149784,-3,902,2166
68312647199,68312647197,-2,1301,2573
68312771458,68312771457,-1,1202,2404
68312939334,68312939314,-20,970,2169
68316910518,68316910517,-1,1128,2425
68317358688,68317358693,5,3014,1447
68320138610,68320138609,-1,1694,2472
68324513311,68324513310,-1,862,1863
68328174971,68328174967,-4,927,2536
68330250548,68330250545,-3,1001,1695
68330838194,68330838191,-3,1289,2574
68332096951,68332096949,-2,1241,1932
68334257951,68334257947,-4,2165,2694
68334648395,68334648394,-1,1268,2432
68336367102,68336367098,-4,1399,2338
68336912783,68336912782,-1,1398,2280
68341119677,68341119663,-14,1024,2012
68341360391,68341360386,-5,1204,2134
68345250282,68345250281,-1,1556,1596
68347469505,68347469503,-2,1747,2920
68350986874,68350986870,-4,1348,3319
68352110505,68352110502,-3,1570,1832
68352526409,68352526402,-7,1722,6737
68358261874,68358261873,-1,1045,1885
68359374735,68359374740,5,8697,21999
68363300147,68363300142,-5,929,1593
68368836319,68368836316,-3,1361,2289
68373604801,68373604797,-4,1489,2055
68373858311,68373858329,18,717,1706
68375629373,68375629370,-3,1005,1799
68381827434,68381827434,0,1081,1756
68383887339,68383887337,-2,1076,2290
68383979638,68383979658,20,534,1526
68388677407,68388677405,-2,770,1722
68396421279,68396421277,-2,1084,2058
68402535507,68402535509,2,1813,2455
68405693886,68405693883,-3,866,2117
68406399766,68406399764,-2,1048,2211
68408284358,68408284356,-2,1114,2213
68409549058,68409549055,-3,1264,2625
68415083926,68415083922,-4,1381,1821
68422879638,68422879633,-5,1111,2222
68426837345,68426837342,-3,1117,2601
68428055749,68428055745,-4,895,2265
68430246617,68430246613,-4,1292,2569
68433365746,68433365740,-6,684,1678
68435640579,68435640576,-3,978,1913
68437085677,68437085674,-3,1377,2099
68438291844,68438291849,5,2278,2355
68439032507,68439032503,-4,897,2934
68440284903,68440284906,3,1451,1588
68445039446,68445039446,0,1181,2140
68445288239,68445288238,-1,1267,2621
68447694079,68447694078,-1,1193,1667
68451000184,68451000178,-6,1102,2463
68451144454,68451144443,-11,12161,29749
68454617807,68454617805,-2,1446,1235
68454866641,68454866643,2,1434,1655
68456040404,68456040396,-8,1124,1270
68458279319,68458279315,-4,880,1499
68460069369,68460069366,-3,1087,2342
68463927897,68463927890,-7,2491,6839
68466896179,68466896182,3,2137,1129
68467075485,68467075489,4,5308,2846
68467265663,68467265665,2,2218,2497
68470966949,68470966947,-2,1661,2823
68472079226,68472079229,3,2383,2595
68472337705,68472337701,-4,1773,2797
68482614319,68482614316,-3,1059,2262
68482958949,68482958946,-3,1058,2170
68482994120,68482994115,-5,1271,2483
68486596498,68486596496,-2,1578,2609
68488250785,68488250778,-7,968,2440
68489520126,68489520118,-8,993,3785
68490254530,68490254528,-2,1490,1702
68495260342,68495260340,-2,1897,1801
68497078774,68497078773,-1,957,2010
68497393579,68497393575,-4,1155,2205
68498345573,68498345571,-2,782,1944
68501402839,68501402838,-1,1202,1837
68501615214,68501615212,-2,945,1877
68504832310,68504832290,-20,1281,1389
68510496699,68510496695,-4,1178,3016
68511513095,68511513091,-4,1125,1426
68511789023,68511789021,-2,1100,2122
68512352714,68512352717,3,2601,1676
68514496986,68514496982,-4,783,992
68516660966,68516660963,-3,883,1743
68520121019,68520121019,0,1216,2075
68523210151,68523210145,-6,946,2871
68524070627,68524070622,-5,1732,3147
68524611483,68524611481,-2,1095,1636
68524755907,68524755904,-3,800,2782
68532448747,68532448743,-4,869,1585
68533493256,68533493256,0,1354,2141
68535357705,68535357703,-2,1112,1734
68538044302,68538044301,-1,1355,1887
68539258571,68539258574,3,1662,983
68540360205,68540360202,-3,726,2115
68542413055,68542413050,-5,1117,2251
68555820077,68555820084,7,1942,1758
68557143734,68557143730,-4,2567,3396
68559378214,68559378210,-4,1616,2133
68560203948,68560203946,-2,1209,1809
68561756194,68561756189,-5,950,2271
68563902861,68563902859,-2,1413,3060
68565929139,68565929137,-2,710,2346
68570265494,68570265493,-1,1083,2315
68574751216,68574751211,-5,872,2737
68576163176,68576163174,-2,1050,2344
68577261111,68577261119,8,2314,668
68578645737,68578645734,-3,849,2187
68579061902,68579061898,-4,800,1654
68582584463,68582584461,-2,1048,2009
68583301535,68583301534,-1,1196,2841
68587954758,68587954758,0,584,1404
68597414924,68597414918,-6,1284,3252
68599675722,68599675720,-2,839,1141
68602247115,68602247113,-2,1107,2266
68606160170,68606160167,-3,1166,1734
68606359966,68606359964,-2,936,1991
68607978114,68607978113,-1,1332,2600
68611505695,68611505693,-2,1295,2409
68613772019,68613772015,-4,1354,1990
68616546387,68616546388,1,1576,2395
68617030538,68617030534,-4,968,2281
68619081266,68619081264,-2,1182,2489
68619216881,68619216884,3,1726,1451
68621272989,68621272987,-2,1170,2511
68622141001,68622140994,-7,1045,6468
68622337870,68622337866,-4,1231,2449
68622660790,68622660794,4,1150,2037
68624502315,68624502313,-2,1449,2302
68641862179,68641862177,-2,1134,2753
68641980273,68641980269,-4,1377,3289
68646341526,68646341524,-2,1930,2455
68653204612,68653204608,-4,1640,4454
68655556963,68655556962,-1,846,1591
68657136230,68657136230,0,1364,1987
68658239116,68658239114,-2,1574,1875
68658788338,68658788334,-4,968,2539
68658999029,68658999019,-10,1119,1674
68659638381,68659638378,-3,1126,2163
68660180095,68660180088,-7,843,2128
68660975243,68660975241,-2,714,2271
68662271407,68662271425,18,1133,2569
68663371085,68663371082,-3,1028,2006
68665388729,68665388725,-4,1269,2464
68665966739,68665966735,-4,1188,2285
68667000756,68667000752,-4,1415,2311
68668358211,68668358209,-2,1123,1968
68672282058,68672282057,-1,1204,1910
68678101879,68678101877,-2,881,2294
68679133921,68679133917,-4,1328,2485
68681353413,68681353412,-1,1159,2318
68682052462,68682052441,-21,867,1766
68684661769,68684661766,-3,1357,1494
68690396043,68690396041,-2,1700,2035
68692268974,68692268974,0,690,901
68692547477,68692547474,-3,1103,2269
68693510558,68693510557,-1,1013,2283
68694007830,68694007826,-4,1138,2094
68700079111,68700079109,-2,1651,2933
68701653642,68701653638,-4,1056,1627
68703741666,68703741665,-1,1689,2506
68705192290,68705192286,-4,1021,1692
68707277245,68707277241,-4,1307,2645
68709124446,68709124444,-2,1818,1810
68712547394,68712547389,-5,971,2433
68714434347,68714434346,-1,1177,2997
68718049881,68718049882,1,1218,2156
68723503403,68723503400,-3,1051,2206
68726930164,68726930161,-3,1269,2737
68732366826,68732366824,-2,1297,2010
68732542803,68732542803,0,2014,3339
68733257353,68733257350,-3,1216,1838
68737386619,68737386616,-3,1301,2514
68739847812,68739847806,-6,3685,10804
68742869358,68742869356,-2,781,2187
68744217203,68744217203,0,1715,2984
68744709753,68744709751,-2,1105,2427
68748673908,68748673905,-3,1383,2221
68748767538,68748767534,-4,1415,2047
68751076816,68751076813,-3,1055,2193
68751580903,68751580899,-4,1304,1889
68752333531,68752333535,4,3776,2502
68753078442,68753078438,-4,923,2233
68755533118,68755533117,-1,1217,2640
68755634312,68755634306,-6,631,3210
68757377194,68757377197,3,2642,1577
68758528407,68758528406,-1,942,1717
68758814109,68758814106,-3,1260,2026
68759664225,68759664222,-3,1244,2373
68763271967,68763271964,-3,1307,2763
68766059711,68766059709,-2,589,1113
68766469105,68766469104,-1,1099,1716
68766621157,68766621155,-2,748,1455
68768654026,68768654021,-5,1415,2170
68770684870,68770684870,0,1110,1484
68773276961,68773276958,-3,805,1643
68774981707,68774981705,-2,1727,3762
68777401726,68777401724,-2,1334,2676
68780033794,68780033792,-2,1365,2157
68780228118,68780228109,-9,320,1072
68781631554,68781631550,-4,1629,2649
68783482601,68783482597,-4,1365,2427
68788038854,68788038851,-3,1222,2356
68794024207,68794024205,-2,1070,2319
68797062174,68797062169,-5,956,1871
68797960478,68797960475,-3,1104,1808
68799437062,68799437061,-1,796,1803
68800347306,68800347305,-1,902,2068
68802452295,68802452291,-4,1059,2752
68803672572,68803672569,-3,1071,1616
68804502186,68804502185,-1,1230,1889
68806163029,68806163026,-3,799,2305
68806938686,68806938700,14,657,3436
68810075038,68810075037,-1,930,1627
68815559362,68815559359,-3,655,1698
68819021145,68819021141,-4,1251,1732
68823092510,68823092511,1,1251,1630
68828181211,68828181209,-2,1796,3023
68828453073,68828453071,-2,1090,2432
68829200744,68829200757,13,652,1732
68829316673,68829316670,-3,1337,3059
68830547678,68830547677,-1,1782,2639
68830822178,68830822176,-2,1196,2231
68833594815,68833594811,-4,1708,2499
68833775930,68833775928,-2,872,2223
68838742569,68838742587,18,253,777
68843591027,68843591026,-1,677,1052
68845386359,68845386343,-16,49431,10446
68850477018,68850477013,-5,671,2027
68851377918,68851377914,-4,1326,2424
68862625781,68862625778,-3,1192,2741
68864845268,68864845268,0,1714,2106
68865201845,68865201842,-3,766,1731
68866681590,68866681582,-8,2460,9313
68868529624,68868529622,-2,941,1775
68868844026,68868844023,-3,958,1527
68875408818,68875408815,-3,962,1704
68875805386,68875805382,-4,1378,2182
68876008638,68876008657,19,934,2117
68881422256,68881422253,-3,26311,12185
68883161247,68883161245,-2,953,2397
68883769863,68883769846,-17,1058,1520
68885457889,68885457887,-2,1106,1742
68886274888,68886274885,-3,823,2502
68897974442,68897974437,-5,990,1571
68903417142,68903417142,0,1278,1680
68905103597,68905103594,-3,2000,2242
68919826153,68919826132,-21,6332,1320
68919893868,68919893867,-1,985,1356
68920903838,68920903837,-1,1097,1830
68921430961,68921430957,-4,1186,3920
68925763563,68925763561,-2,1089,2025
68927420254,68927420253,-1,1389,1843
68927676448,68927676444,-4,1266,2510
68927771557,68927771544,-13,1201,2357
68935229442,68935229438,-4,1381,2294
68937237467,68937237464,-3,1336,3066
68946133011,68946133009,-2,1468,2328
68956805915,68956805914,-1,1326,2851
68960172366,68960172366,0,1736,2421
68962941996,68962941994,-2,1330,2099
68963301414,68963301409,-5,1041,4150
68965952851,68965952850,-1,1259,2518
68967821990,68967821988,-2,773,2047
68970097385,68970097383,-2,1291,2521
68971594206,68971594202,-4,1036,1778
68973561173,68973561171,-2,1490,2362
68977198743,68977198741,-2,547,1727
68984405080,68984405078,-2,988,1851
68985005587,68985005584,-3,823,1128
68985186623,68985186621,-2,1649,2250
68989338875,68989338875,0,1274,2155
68989939614,68989939617,3,229,1404
68990222805,68990222802,-3,879,2109
68992328130,68992328129,-1,1280,2614
68993438966,68993438974,8,1934,1039
68996311047,68996311044,-3,1114,1979
68997062530,68997062529,-1,1807,2432
68999275749,68999275746,-3,1031,2174
68999895047,68999895042,-5,707,2120
69000592412,69000592434,22,1084,2238
69008448322,69008448319,-3,987,1680
69014569754,69014569751,-3,1548,2202
69017181162,69017181157,-5,531,1122
69021121920,69021121918,-2,1060,1847
69027118679,69027118676,-3,691,1553
69029132152,69029132149,-3,905,1711
69029329034,69029329032,-2,1676,2390
69030323535,69030323533,-2,1032,1885
69035658243,69035658239,-4,1230,2407
69036192605,69036192601,-4,1027,2015
69036639611,69036639609,-2,1363,1906
69041072077,69041072067,-10,14736,28880
69041641222,69041641218,-4,1252,2775
69049249642,69049249637,-5,859,1558
69052984000,69052983997,-3,949,1874
69053596303,69053596297,-6,838,2714
69059992989,69059992987,-2,935,2102
69060441287,69060441306,19,1190,1862
69061241458,69061241457,-1,991,1224
69072480717,69072480714,-3,1032,2507
69073499381,69073499378,-3,1579,2966
69078148355,69078148352,-3,820,1265
69079241491,69079241486,-5,828,1918
69079849163,69079849160,-3,889,2501
69081634106,69081634111,5,1994,33389
69081931530,69081931529,-1,761,1262
69082271154,69082271152,-2,836,1894
69091869978,69091869976,-2,1323,3088
69099994749,69099994748,-1,880,1933
69107832061,69107832058,-3,1300,2867
69108270798,69108270794,-4,1070,2217
69109307584,69109307582,-2,991,1216
69115568330,69115568326,-4,775,2095
69116383845,69116383841,-4,746,2898
69116554505,69116554502,-3,1297,2496
69117927113,69117927106,-7,1085,5467
69118513448,69118513445,-3,1247,1866
69122009214,69122009211,-3,841,2095
69123161133,69123161132,-1,1158,2161
69126009611,69126009610,-1,1237,2384
69127774208,69127774207,-1,1199,1603
69128452567,69128452567,0,263,940
69130616134,69130616130,-4,1353,3123
69130901508,69130901506,-2,1184,2515
69131793953,69131793947,-6,2222,6108
69134224723,69134224719,-4,679,2149
69136083093,69136083090,-3,1196,2458
69145731814,69145731814,0,1114,2234
69148139273,69148139272,-1,641,950
69149906414,69149906411,-3,1010,1806
69156583344,69156583341,-3,1165,1990
69158744085,69158744077,-8,925,2606
69163317898,69163317893,-5,1186,5336
69164929166,69164929161,-5,936,2017
69165481608,69165481603,-5,1380,2382
69166650841,69166650838,-3,1115,2079
69167062990,69167062986,-4,205,1046
69168275671,69168275666,-5,1496,2229
69169713207,69169713207,0,1337,1478
69173540093,69173540090,-3,1141,2676
69176697502,69176697501,-1,880,1457
69178743905,69178743903,-2,1046,1648
69179935303,69179935298,-5,1475,3424
69184397656,69184397653,-3,1396,2272
69191028462,69191028459,-3,1353,2231
69194705490,69194705497,7,5806,2141
69194873279,69194873277,-2,1101,2362
69198145591,69198145589,-2,999,2024
69200259358,69200259356,-2,1417,2030
69201542181,69201542177,-4,1555,2222
69205784387,69205784382,-5,993,1658
69208368970,69208368965,-5,1461,2205
69209378194,69209378194,0,770,2031
69209496491,69209496490,-1,964,1161
69210892046,69210892044,-2,764,2410
69227456969,69227456965,-4,880,2279
69227674915,69227674913,-2,827,2492
69229502774,69229502772,-2,1435,2694
69230348162,69230348158,-4,797,2516
69235570003,69235570006,3,1863,1625
69238552425,69238552423,-2,1570,3424
69243213871,69243213870,-1,1263,2260
69243644695,69243644674,-21,832,2764
69250237359,69250237354,-5,1205,1535
69250439656,69250439653,-3,1376,2324
69255823073,69255823072,-1,1121,1455
69257663144,69257663141,-3,1039,2579
69259136840,69259136838,-2,1121,2038
69259846441,69259846440,-1,762,1975
69261119535,69261119529,-6,1127,4161
69262776261,69262776258,-3,1419,2209
69263221747,69263221746,-1,1294,2348
69269150446,69269150446,0,946,2163
69271743467,69271743464,-3,811,2014
69274058258,69274058252,-6,1322,3641
69277344819,69277344814,-5,802,1693
69278135877,69278135861,-16,1335,1911
69279773289,69279773289,0,901,1473
69281310192,69281310189,-3,1227,1976
69281393058,69281393054,-4,1313,2841
69284247630,69284247625,-5,1047,3448
69285459863,69285459862,-1,1343,1843
69293093889,69293093885,-4,1684,2719
69298185910,69298185909,-1,1494,2948
69298267366,69298267364,-2,1454,2003
69300524153,69300524149,-4,1407,1735
69301542394,69301542391,-3,1504,2677
69301743214,69301743211,-3,1091,2735
69302949608,69302949606,-2,1002,2007
69303090800,69303090814,14,943,1559
69304880494,69304880493,-1,1123,1924
69305112513,69305112507,-6,1300,4213
69306303558,69306303558,0,1324,2695
69307117914,69307117910,-4,812,1467
69309519438,69309519434,-4,1073,1952
69315541417,69315541422,5,3146,1029
69318663044,69318663043,-1,1092,2079
69325051262,69325051260,-2,1261,1289
69325747741,69325747738,-3,789,1587
69325910739,69325910736,-3,1173,2845
69326221817,69326221814,-3,1372,1659
69327365414,69327365412,-2,1155,1564
69327806211,69327806209,-2,2014,2777
69329345273,69329345273,0,2182,3455
69332907445,69332907442,-3,979,2080
69335355150,69335355145,-5,1159,1924
69335794278,69335794298,20,548,1040
69336988996,69336988995,-1,1398,1508
69339739823,69339739819,-4,1226,2286
69342181623,69342181621,-2,713,1668
69353080359,69353080356,-3,1198,1928
69353463066,69353463062,-4,1199,1766
69357687697,69357687693,-4,945,1814
69362007491,69362007490,-1,1061,2229
69363903567,69363903565,-2,883,1780
69373371313,69373371309,-4,669,1419
69378253630,69378253630,0,2328,2978
69380514177,69380514175,-2,1153,2215
69381843174,69381843168,-6,1624,7219
69386956182,69386956179,-3,1280,2692
69387557925,69387557922,-3,1393,2185
69389334355,69389334353,-2,1272,1859
69390681723,69390681719,-4,1094,2010
69392819141,69392819141,0,1261,1587
69395108881,69395108878,-3,1336,2237
69395195589,69395195611,22,1421,2361
69397652731,69397652729,-2,942,2005
69398704565,69398704566,1,3897,3832
69399429523,69399429521,-2,1021,1754
69402940579,69402940576,-3,984,1981
69404701729,69404701726,-3,985,2197
69404765831,69404765827,-4,1624,2788
69407299474,69407299469,-5,933,1960
69415874592,69415874590,-2,966,1306
69416021334,69416021333,-1,1472,2588
69420725230,69420725230,0,834,2720
69422043003,69422043000,-3,862,1824
69424165997,69424165997,0,1279,1948
69425803058,69425803056,-2,866,1983
69429986223,69429986218,-5,1178,2298
69430736964,69430736982,18,347,1492
69436236307,69436236303,-4,1121,2225
69436980186,69436980188,2,1062,2095
69439856178,69439856175,-3,906,1840
69442800811,69442800810,-1,1470,2427
69443905382,69443905378,-4,1019,2201
69444743476,69444743479,3,27381,16095
69453183527,69453183525,-2,1371,2268
69453453437,69453453435,-2,1124,2264
69454407362,69454407361,-1,1190,2345
69456664358,69456664354,-4,1209,2575
69456974165,69456974162,-3,2128,3149
69460781172,69460781170,-2,1375,1567
69461968507,69461968506,-1,1277,1761
69462898625,69462898623,-2,1108,2384
69463248462,69463248462,0,1189,1743
69463320227,69463320226,-1,829,2219
69464205655,69464205641,-14,1429,1976
69465838742,69465838740,-2,994,2373
69469382022,69469382018,-4,1614,3862
69470622232,69470622229,-3,978,1234
69472202864,69472202861,-3,1380,1775
69473544188,69473544190,2,34904,31441
69474349595,69474349594,-1,805,1511
69477544947,69477544945,-2,1026,2260
69483734180,69483734175,-5,1500,2423
69484903334,69484903331,-3,1106,2031
69485571519,69485571518,-1,855,610
69485901469,69485901472,3,58,718
69487875118,69487875118,0,966,2030
69488195290,69488195289,-1,630,1088
69490845499,69490845495,-4,1352,2564
69491516026,69491516034,8,7270,35681
69496012843,69496012842,-1,1621,1874
69498979983,69498979981,-2,1001,2325
69501158425,69501158442,17,799,2625
69503247379,69503247377,-2,964,2613
69505596524,69505596535,11,15054,26447
69508709195,69508709193,-2,956,1344
69509644058,69509644067,9,2187,1181
69510323967,69510323969,2,1457,1575
69511450168,69511450166,-2,1291,2834
69513791512,69513791509,-3,1224,2241
69519408871,69519408867,-4,766,2273
69521055134,69521055131,-3,1267,2735
69524235109,69524235107,-2,1193,1595
69526150399,69526150394,-5,647,1483
69527575383,69527575379,-4,1323,2121
69528702419,69528702417,-2,1007,2263
69529050514,69529050512,-2,1359,2058
69536533198,69536533196,-2,1355,2604
69540803287,69540803285,-2,1022,1980
69541494744,69541494744,0,1898,2111
69547117814,69547117815,1,1456,1553
69547958289,69547958290,1,1837,1545
69548462173,69548462172,-1,827,2030
69548500646,69548500667,21,210,814
69551290138,69551290134,-4,956,1819
69559776855,69559776853,-2,1623,2622
69563211227,69563211226,-1,964,2051
69563500543,69563500538,-5,158,704
69569536365,69569536367,2,1839,1409
69573039111,69573039099,-12,1211,426
69575137968,69575137974,6,2435,724
69576223445,69576223443,-2,1175,2471
69579393468,69579393464,-4,1441,2392
69580678637,69580678636,-1,1390,2158
69583514824,69583514822,-2,1054,2056
69587223413,69587223411,-2,833,1881
69591126162,69591126159,-3,1397,1771
69595930623,69595930622,-1,1038,2156
69598623502,69598623498,-4,1385,2084
69598778753,69598778749,-4,1028,2881
69599570202,69599570209,7,5503,2421
69601316277,69601316274,-3,1154,1765
69601945238,69601945236,-2,1490,3466
69603914762,69603914762,0,1017,1675
69608030073,69608030071,-2,1045,2142
69612475945,69612475941,-4,1144,1908
69613063945,69613063941,-4,1472,2834
69631650380,69631650378,-2,1612,2240
69635006211,69635006206,-5,925,2412
69636628359,69636628354,-5,886,2576
69644728171,69644728175,4,2230,1289
69645928376,69645928369,-7,881,2179
69647597404,69647597401,-3,1180,2637
69648789758,69648789755,-3,669,2181
69655017830,69655017825,-5,1078,2084
69660155157,69660155154,-3,876,2026
69665734887,69665734883,-4,1391,2668
69671005562,69671005563,1,10161,9621
69679118072,69679118068,-4,2468,6324
69682388859,69682388858,-1,1395,2043
69687802055,69687802053,-2,1346,1574
69691753346,69691753338,-8,799,2104
69691964182,69691964201,19,567,2143
69693420238,69693420236,-2,937,1903
69695279630,69695279629,-1,927,2242
69700487394,69700487393,-1,917,1666
69701166726,69701166723,-3,1390,1977
69703431534,69703431530,-4,1110,2732
69704166982,69704166979,-3,817,2078
69710330167,69710330169,2,1763,1447
69711079662,69711079661,-1,1065,2183
69712321857,69712321855,-2,1314,2960
69716022638,69716022636,-2,1088,1676
69716320711,69716320710,-1,854,1878
69721264895,69721264893,-2,1140,2126
69725477182,69725477178,-4,1113,2000
69726127774,69726127770,-4,1494,3108
69729863415,69729863412,-3,1143,2559
69730724480,69730724478,-2,1075,1815
69731071924,69731071905,-19,848,2044
69733930398,69733930395,-3,815,1990
69736586811,69736586815,4,1462,1494
69736636085,69736636082,-3,1032,2401
69740928883,69740928886,3,3026,4125
69741023131,69741023129,-2,1111,2580
69752025038,69752025034,-4,703,1892
69752285127,69752285122,-5,979,2391
69760426724,69760426723,-1,1575,2308
69764543751,69764543751,0,791,848
69766525195,69766525196,1,19288,38017
69766861434,69766861433,-1,1464,1811
69769123447,69769123448,1,1195,1548
69769827007,69769827005,-2,776,1772
69773238633,69773238632,-1,1058,2053
69776694697,69776694716,19,295,1253
69779411437,69779411435,-2,1027,2116
69780639963,69780639961,-2,1473,1402
69785325101,69785325103,2,2625,1778
69785929886,69785929882,-4,902,1186
69787113445,69787113444,-1,1285,2565
69787422255,69787422245,-10,202,947
69789192445,69789192442,-3,1463,1724
69789573979,69789573976,-3,854,2062
69790043173,69790043168,-5,916,2281
69791018499,69791018496,-3,1113,1856
69799726495,69799726490,-5,1075,1609
69800207793,69800207789,-4,1460,4078
69802312723,69802312722,-1,1165,1815
69802546693,69802546712,19,1260,2241
69804251592,69804251589,-3,1381,2554
69812035502,69812035501,-1,1296,2764
69824274909,69824274905,-4,1234,2272
69826667917,69826667915,-2,1194,1350
69826787259,69826787257,-2,1296,1679
69831852868,69831852866,-2,885,1620
69834432397,69834432393,-4,1387,2523
69834924372,69834924355,-17,1300,2976
69840077516,69840077527,11,13645,22269
69840371132,69840371130,-2,1244,2274
69845785397,69845785395,-2,1594,2345
69850259903,69850259900,-3,1314,2522
69856749724,69856749721,-3,969,2172
69859018745,69859018742,-3,1211,2958
69859327230,69859327229,-1,1131,2232
69860056686,69860056682,-4,1428,3197
69862469319,69862469315,-4,1236,2903
69863788629,69863788638,9,1369,756
69866142568,69866142565,-3,1269,2431
69867633074,69867633071,-3,1476,2367
69868175795,69868175790,-5,1315,3639
69873655298,69873655294,-4,1348,2304
69881009371,69881009375,4,4076,2130
69886330881,69886330878,-3,2105,3342
69888397754,69888397752,-2,1519,3043
69891626799,69891626794,-5,656,1782
69891723783,69891723775,-8,914,1820
69892026730,69892026742,12,1396,2160
69893438814,69893438821,7,5976,2720
69896302332,69896302331,-1,1070,1833
69900807405,69900807401,-4,1063,3171
69901522135,69901522133,-2,1229,1946
69905138994,69905138990,-4,1173,1940
69906345895,69906345893,-2,1004,2257
69907431211,69907431205,-6,1232,2616
69907563808,69907563826,18,419,1148
69909260637,69909260634,-3,899,2477
69910196903,69910196901,-2,1163,1903
69919554532,69919554531,-1,1243,2727
69920631124,69920631121,-3,1294,2477
69925701534,69925701532,-2,933,2125
69926644847,69926644838,-9,1076,2515
69927370526,69927370526,0,851,1808
69929514338,69929514334,-4,943,2069
69930504928,69930504925,-3,1636,2757
69932432515,69932432509,-6,1184,1945
69937053326,69937053321,-5,1200,1616
69937486357,69937486378,21,1184,2742
69939272591,69939272586,-5,1511,2826
69940567986,69940567984,-2,1108,2157
69941120069,69941120066,-3,1023,2452
69961603845,69961603843,-2,1091,2108
69966827946,69966827946,0,1461,1935
69967529530,69967529530,0,786,2227
69967665543,69967665539,-4,816,1963
69968585418,69968585416,-2,1224,2274
69969590629,69969590617,-12,931,1486
69971502753,69971502750,-3,1351,2282
69973012323,69973012322,-1,808,1932
69974327074,69974327077,3,1734,1550
69978306801,69978306801,0,1221,1436
69985383763,69985383761,-2,1221,2283
69991993937,69991993934,-3,882,2555
69993307992,69993307989,-3,857,2607
69994497963,69994497962,-1,1151,2044
69999280927,69999280923,-4,1185,2740
70000625379,70000625376,-3,896,1868
70007302319,70007302317,-2,1182,1915
70014001991,70014001986,-5,737,2114
70014579997,70014580002,5,3616,2768
70016408298,70016408296,-2,502,1481
70017428518,70017428517,-1,877,1347
70018273493,70018273487,-6,1545,4299
70020527185,70020527179,-6,1569,2803
70021905564,70021905562,-2,1202,1802
70027982906,70027982903,-3,914,2133
70028440511,70028440531,20,1622,2446
70032646710,70032646715,5,2021,1820
70032931011,70032931009,-2,1169,2075
70036827846,70036827844,-2,1218,2190
70037463970,70037463968,-2,1296,2229
70040348071,70040348069,-2,1014,2541
70041785153,70041785151,-2,1023,3051
70041815508,70041815498,-10,962,2229
70043431491,70043431489,-2,590,1244
70050575078,70050575077,-1,796,1965
70051896189,70051896194,5,4695,3121
70054417893,70054417892,-1,1091,1455
70055359655,70055359653,-2,1426,1834
70055659344,70055659363,19,296,795
70062002813,70062002810,-3,1488,2065
70062336450,70062336448,-2,1556,2250
70064719919,70064719917,-2,1443,2359
70064896853,70064896850,-3,1154,2384
70065828567,70065828563,-4,742,1647
70068931190,70068931188,-2,1435,1712
70072207853,70072207850,-3,1235,2782
70076423109,70076423107,-2,996,1946
70077989757,70077989753,-4,979,2391
70080632997,70080632994,-3,1404,2580
70081748236,70081748233,-3,1327,1720
70083728640,70083728639,-1,1333,1428
70086021154,70086021153,-1,1348,1683
70086313031,70086313026,-5,1062,2468
70090598571,70090598570,-1,1138,2370
70092835488,70092835486,-2,555,759
70093680969,70093680966,-3,1275,2793
70094226270,70094226286,16,519,1704
70099365423,70099365418,-5,802,1447
70099403709,70099403709,0,997,1835
70100330605,70100330603,-2,1034,2590
70101754552,70101754550,-2,22645,14297
70101962410,70101962405,-5,1373,5456
70102186502,70102186499,-3,1404,3022
70107303715,70107303710,-5,602,1458
70109236571,70109236590,19,1654,1996
70109849446,70109849442,-4,1106,2232
70113372541,70113372529,-12,1278,2495
70114355549,70114355544,-5,812,3096
70124117885,70124117882,-3,983,1926
70135289219,70135289217,-2,610,1270
70138151007,70138151006,-1,745,1115
70141574295,70141574293,-2,1158,2559
70142266845,70142266843,-2,1351,2263
70145435342,70145435340,-2,922,1579
70146167389,70146167411,22,762,1457
70148198323,70148198322,-1,878,1720
70152561546,70152561542,-4,947,2355
70153913798,70153913796,-2,1221,2132
70163467812,70163467818,6,4526,1948
70163709724,70163709721,-3,19562,5980
70166511707,70166511706,-1,888,1816
70172253663,70172253662,-1,1154,2525
70172547870,70172547866,-4,1141,2047
70174861582,70174861579,-3,1501,2317
70176976675,70176976673,-2,1263,1933
70177594305,70177594305,0,2973,3412
70179280265,70179280269,4,3758,1937
70182062427,70182062423,-4,868,1668
70187765140,70187765142,2,1570,1041
70191714933,70191714938,5,254,842
70192404181,70192404178,-3,1621,3223
70195164368,70195164365,-3,1126,1944
70196164815,70196164813,-2,1099,2341
70196815797,70196815795,-2,1912,2911
70197604655,70197604650,-5,1001,2408
70198270051,70198270049,-2,1137,1780
70199768855,70199768852,-3,1647,2587
70201633975,70201633973,-2,1327,2138
70201748731,70201748734,3,1785,1870
70202418174,70202418171,-3,1099,2435
70205172985,70205172982,-3,1098,2136
70205768369,70205768366,-3,1074,1493
70207259097,70207259101,4,8277,4003
70213998495,70213998492,-3,1357,2979
70214577630,70214577627,-3,1000,2468
70215401659,70215401655,-4,774,2906
70218630535,70218630534,-1,1417,2136
70221857488,70221857486,-2,1199,1929
70222639045,70222639026,-19,648,1693
70223097758,70223097775,17,310,708
70224016665,70224016662,-3,1190,2767
70224385115,70224385114,-1,570,1387
70225410054,70225410041,-13,1222,2084
70228834730,70228834728,-2,998,2906
70230108585,70230108582,-3,1352,2432
70234004553,70234004550,-3,1029,2281
70234381804,70234381801,-3,132,939
70236763509,70236763507,-2,1105,2877
70236910969,70236910966,-3,1285,2253
70239299110,70239299107,-3,1059,2736
70240476509,70240476506,-3,1145,2000
70247727943,70247727939,-4,1211,3941
70248043948,70248043946,-2,1174,2054
70250896202,70250896198,-4,1515,2551
70251649680,70251649678,-2,944,1743
70252035291,70252035289,-2,1357,2001
70252099389,70252099403,14,280,945
70253706178,70253706177,-1,1203,2181
70254131595,70254131592,-3,1171,2910
70258734382,70258734379,-3,937,1728
70259560533,70259560531,-2,1727,2269
70261293111,70261293109,-2,707,1955
70261558572,70261558561,-11,837,1971
70262973411,70262973408,-3,1284,2911
70264801328,70264801324,-4,1490,2443
70268106562,70268106560,-2,745,2188
70272185714,70272185711,-3,1128,2560
70272414230,70272414228,-2,1240,1789
70277578546,70277578545,-1,980,2131
70278710162,70278710160,-2,949,1758
70283594778,70283594786,8,196,1416
70284365097,70284365091,-6,1027,2197
70288376221,70288376217,-4,1289,2474
70293448923,70293448918,-5,1059,2507
70299382751,70299382749,-2,744,1747
70303340982,70303340979,-3,1271,2325
70303948136,70303948134,-2,994,2254
70306069183,70306069180,-3,1176,1600
70308465655,70308465662,7,304,999
70308929342,70308929341,-1,855,2746
70309946419,70309946419,0,1475,2485
70311265295,70311265293,-2,1173,1544
70312172310,70312172309,-1,1135,2570
70315803070,70315803065,-5,544,1287
70317970391,70317970388,-3,1511,2333
70320281690,70320281687,-3,780,2313
70323052783,70323052781,-2,736,1738
70326980647,70326980645,-2,1330,2381
70332002289,70332002286,-3,983,2586
70338234590,70338234589,-1,1195,1294
70341964113,70341964109,-4,1044,1636
70342351201,70342351198,-3,1036,2018
70343837299,70343837298,-1,1386,2641
70344013610,70344013611,1,1481,1239
70344114716,70344114709,-7,1506,1872
70347644210,70347644206,-4,1163,3002
70355452098,70355452099,1,1489,975
70356903016,70356903019,3,1607,1339
70365299165,70365299184,19,417,1725
70367256329,70367256327,-2,986,2322
70368639854,70368639850,-4,1001,2205
70377478824,70377478821,-3,1707,2394
70377996063,70377996061,-2,1413,2711
70378706630,70378706646,16,373,887
70382593231,70382593228,-3,832,2448
70383426535,70383426550,15,1164,2337
70385244650,70385244646,-4,750,2400
70387301451,70387301447,-4,1200,2222
70388471438,70388471435,-3,923,2390
70389719492,70389719487,-5,1597,3495
70390882818,70390882814,-4,1239,2263
70407583433,70407583429,-4,1117,2062
70408875387,70408875385,-2,1045,2952
70410325152,70410325166,14,543,1112
70411800216,70411800211,-5,779,1678
70413598325,70413598322,-3,1283,2569
70415096392,70415096390,-2,1278,1665
70416005017,70416005014,-3,952,1460
70416198807,70416198805,-2,1333,2557
70424067283,70424067282,-1,1294,1146
70424426561,70424426558,-3,1201,2838
70427620154,70427620154,0,1018,2181
70428763961,70428763958,-3,1777,3348
70429011376,70429011394,18,33758,37544
70429405710,70429405709,-1,888,2584
70429535831,70429535827,-4,1262,2735
70431464951,70431464946,-5,1149,2693
70433945327,70433945323,-4,1316,30
70435573669,70435573666,-3,1089,2534
70442028442,70442028439,-3,1120,2376
70451634431,70451634428,-3,846,2024
70454070907,70454070902,-5,891,2747
70457023346,70457023346,0,869,1334
70457356146,70457356143,-3,1416,2442
70458050630,70458050649,19,409,1590
70459047704,70459047702,-2,1459,2864
70460911901,70460911897,-4,970,1782
70462578798,70462578796,-2,1524,2904
70462627598,70462627594,-4,1167,4274
70464664657,70464664654,-3,1450,2997
70467276586,70467276582,-4,1304,2111
70471343486,70471343485,-1,1645,2833
70475644284,70475644282,-2,1515,2238
70476135362,70476135358,-4,1131,2887
70480063297,70480063294,-3,925,2656
70482246755,70482246755,0,965,1424
70484813886,70484813891,5,910,720
70487299984,70487299978,-6,905,3558
70493160253,70493160250,-3,1262,2936
70493214039,70493214019,-20,875,2255
70493620105,70493620101,-4,1388,2188
70493972418,70493972417,-1,911,2187
70496270793,70496270787,-6,1143,2345
70500140644,70500140640,-4,1226,3109
70503821210,70503821210,0,1142,1721
70503920550,70503920546,-4,1565,2790
70505887836,70505887833,-3,1151,2403
70507443758,70507443753,-5,1435,5455
70509755951,70509755949,-2,1002,2131
70509899300,70509899297,-3,1347,2099
70511205629,70511205627,-2,730,2393
70513940101,70513940100,-1,1251,2658
70516890394,70516890391,-3,893,3219
70523233966,70523233964,-2,1101,1936
70526000479,70526000478,-1,1186,1973
70528013411,70528013408,-3,844,2172
70528242635,70528242630,-5,1161,1953
70535561133,70535561133,0,876,1659
70539258042,70539258038,-4,1396,2295
70543029485,70543029484,-1,1112,1500
70545387942,70545387938,-4,914,2255
70547527546,70547527539,-7,2182,3520
70550019710,70550019709,-1,876,2330
70550259478,70550259474,-4,1075,2261
70550971937,70550971933,-4,986,1877
70558019004,70558019003,-1,1540,2110
70558569983,70558569981,-2,998,2184
70559967218,70559967218,0,1470,2037
70566257089,70566257086,-3,1017,2712
70566572517,70566572534,17,741,1285
70567556825,70567556823,-2,772,2561
70571133270,70571133267,-3,1148,3394
70571914611,70571914607,-4,940,1560
70577511194,70577511194,0,636,1545
70578301295,70578301314,19,269,973
70581010319,70581010317,-2,948,2386
70581187570,70581187568,-2,1217,2309
70581758761,70581758763,2,1889,1192
70582499799,70582499797,-2,1118,2072
70582544367,70582544374,7,295,1325
70586008832,70586008829,-3,976,1958
70587385165,70587385160,-5,1133,2852
70587713855,70587713854,-1,1086,1377
70590093006,70590093022,16,797,1836
70604103008,70604103006,-2,700,2155
70604909718,70604909736,18,1197,2572
70608501070,70608501068,-2,1654,1855
70609511418,70609511416,-2,825,1343
70611920460,70611920453,-7,966,4548
70614796507,70614796505,-2,1286,1894
70615043009,70615043007,-2,1166,2522
70618001406,70618001409,3,3101,1511
70619695494,70619695493,-1,1497,3069
70623931916,70623931913,-3,1575,4281
70624959230,70624959227,-3,989,2261
70625241014,70625241001,-13,102,752
70629472343,70629472339,-4,846,2163
70632347598,70632347594,-4,1045,1781
70634563837,70634563845,8,2179,725
70648814731,70648814723,-8,1411,7278
70649117947,70649117946,-1,1285,2070
70649328234,70649328232,-2,1317,2429
70652578871,70652578869,-2,1158,1810
70654040069,70654040066,-3,1600,2389
70655549011,70655549009,-2,769,2231
70658035707,70658035705,-2,895,1811
70659074554,70659074553,-1,885,1177
70663331841,70663331842,1,1013,1182
70665026347,70665026342,-5,934,1917
70665322771,70665322766,-5,878,2027
70669287614,70669287611,-3,1154,2171
70671386420,70671386426,6,9215,4222
70674546526,70674546526,0,1249,1931
70677263872,70677263868,-4,1158,2340
70679658442,70679658441,-1,1260,2832
70680687963,70680687953,-10,1204,1751
70685881810,70685881810,0,883,1534
70687359851,70687359850,-1,1089,1358
70689909989,70689909990,1,1940,2261
70693765654,70693765653,-1,1037,1646
70698744151,70698744152,1,1221,1751
70708128051,70708128054,3,1527,2132
70708427729,70708427727,-2,989,2049
70709647138,70709647134,-4,1290,2729
70715180278,70715180277,-1,1591,2454
70715737767,70715737763,-4,1008,2885
70716265849,70716265846,-3,790,1322
70721564355,70721564350,-5,1167,1653
70722108072,70722108090,18,907,2226
70723627047,70723627045,-2,1265,2757
70723684298,70723684296,-2,1214,1902
70724409609,70724409631,22,462,1044
70726365934,70726365930,-4,835,2590
70733930946,70733930945,-1,1673,2052
70738310534,70738310533,-1,837,1341
70740230682,70740230682,0,1014,2542
70741965109,70741965105,-4,1140,2011
70742391202,70742391202,0,1487,1256
70743054021,70743054018,-3,1318,3553
70745339814,70745339813,-1,797,2444
70746692254,70746692252,-2,985,1668
70746888053,70746888050,-3,1656,2694
70747893130,70747893126,-4,1600,2880
70749318653,70749318650,-3,1592,2934
70751541448,70751541443,-5,2421,5221
70754847525,70754847525,0,1476,1511
70755033665,70755033663,-2,1495,1646
70755196551,70755196567,16,1242,2322
70756286206,70756286206,0,1215,2061
70758830043,70758830041,-2,1023,1979
70759333321,70759333318,-3,1278,2407
70759573102,70759573117,15,585,917
70760900529,70760900527,-2,784,1701
70761903203,70761903202,-1,743,1520
70762946937,70762946933,-4,713,1997
70763270426,70763270422,-4,1101,1881
70765225418,70765225415,-3,1321,3125
70767740771,70767740769,-2,983,2767
70769319679,70769319674,-5,1378,2571
70779310550,70779310549,-1,1069,1915
70781624654,70781624650,-4,1367,1782
70782552470,70782552470,0,1012,2574
70783267845,70783267847,2,1792,1338
70787024355,70787024353,-2,1609,2957
70789518805,70789518804,-1,692,1849
70790522866,70790522862,-4,1178,1568
70798967996,70798967993,-3,1336,2603
70802825851,70802825849,-2,1317,2257
70807963898,70807963897,-1,1140,2173
70813163905,70813163903,-2,1085,1555
70817896000,70817895997,-3,907,2738
70823826516,70823826514,-2,752,2334
70831706472,70831706469,-3,1197,2208
70837982033,70837982028,-5,1126,3239
70839626972,70839626969,-3,1253,2102
70841762555,70841762552,-3,1364,2377
70843280769,70843280763,-6,545,1682
70847150171,70847150167,-4,1183,3902
70847652511,70847652494,-17,1110,2421
70847712060,70847712054,-6,959,2570
70849836460,70849836462,2,11734,11945
70852524728,70852524726,-2,1063,2627
70855216274,70855216274,0,1261,1733
70856019237,70856019234,-3,1015,2389
70857721065,70857721071,6,3714,1478
70860989223,70860989221,-2,1244,3004
70861273932,70861273952,20,926,1427
70864184215,70864184213,-2,1297,2128
70865827805,70865827805,0,16463,18241
70867743666,70867743664,-2,1403,2466
70869168744,70869168742,-2,1456,2845
70872821038,70872821034,-4,1109,1743
70874445182,70874445182,0,925,1695
70874567891,70874567888,-3,828,2120
70882428645,70882428641,-4,1146,2434
70883265059,70883265057,-2,1413,2031
70887242362,70887242358,-4,440,2210
70894328671,70894328670,-1,1483,2220
70895144038,70895144038,0,1282,2306
70899629531,70899629529,-2,1153,2193
70900187981,70900187970,-11,1065,1310
70906131373,70906131370,-3,1048,2608
70908368942,70908368945,3,11907,10856
70910053868,70910053891,23,693,1222
70913457811,70913457810,-1,1060,1659
70914215923,70914215918,-5,732,1846
70916488153,70916488152,-1,1091,1676
70917955439,70917955437,-2,901,1904
70918561028,70918561010,-18,957,2089
70922280686,70922280685,-1,1245,1755
70923396419,70923396426,7,2984,1238
70923868651,70923868647,-4,868,1947
70923944607,70923944593,-14,809,1807
70925711946,70925711947,1,1019,1546
70925964494,70925964474,-20,282,607
70927021566,70927021562,-4,1299,2188
70927380830,70927380830,0,1163,1800
70930650079,70930650091,12,12739,49845
70931302089,70931302087,-2,1265,1866
70932264087,70932264084,-3,2400,4578
70933598054,70933598053,-1,1102,2345
70934159323,70934159321,-2,1187,1922
70935699376,70935699372,-4,39747,18392
70937114617,70937114614,-3,1531,3038
70937449577,70937449577,0,1460,1847
70943006012,70943006010,-2,1681,2530
70943349811,70943349809,-2,1427,2608
70949761525,70949761532,7,6864,1162
70951771798,70951771794,-4,1557,2640
70954441045,70954441049,4,2187,1101
70955405449,70955405445,-4,1223,2373
70959936452,70959936450,-2,1397,2263
70960526207,70960526204,-3,639,2124
70962269819,70962269816,-3,1036,2237
70962527071,70962527061,-10,1223,2070
70963590573,70963590577,4,1196,648
70971930722,70971930719,-3,980,1712
70972126247,70972126255,8,276,1092
70972291029,70972291026,-3,1066,2018
70972640050,70972640047,-3,850,1265
70973909306,70973909306,0,913,1345
70976900510,70976900505,-5,1326,3181
70985119451,70985119448,-3,884,1914
70986630674,70986630672,-2,1625,2490
70993582962,70993582959,-3,1205,2473
70993777894,70993777889,-5,1119,2568
71002971012,71002971009,-3,732,1665
71003878422,71003878418,-4,1264,2672
71006856619,71006856618,-1,1363,2958
71007682250,71007682249,-1,1212,1935
71008421353,71008421350,-3,1131,2636
71013898891,71013898890,-1,1144,2256
71014996223,71014996222,-1,1477,1739
71016192074,71016192071,-3,1231,2501
71021574821,71021574827,6,3307,1419
71022319263,71022319264,1,995,1267
71023186366,71023186362,-4,1116,2382
71024924007,71024924005,-2,1005,2858
71029244038,71029244034,-4,1003,1591
71037967410,71037967405,-5,873,1895
71039097029,71039097024,-5,714,1964
71040893827,71040893822,-5,949,2983
71043033595,71043033590,-5,1239,1554
71047786702,71047786700,-2,1377,2082
71049769968,71049769966,-2,1324,1957
71051622878,71051622878,0,1828,1667
71052588946,71052588943,-3,1284,2685
71058108162,71058108161,-1,1335,1897
71058995854,71058995853,-1,1386,2059
71065753854,71065753854,0,1377,2034
71067501120,71067501118,-2,1432,2808
71082611818,71082611816,-2,993,1995
71083052381,71083052401,20,1231,2170
71093604523,71093604521,-2,1100,1705
71095598162,71095598157,-5,2323,6749
71096923535,71096923532,-3,1019,2064
71099065231,71099065228,-3,1076,2150
71102394294,71102394290,-4,1232,3011
71106561837,71106561835,-2,1648,3211
71108390053,71108390051,-2,2309,2698
71111530646,71111530664,18,571,85
71112531996,71112531995,-1,1297,1813
71114887150,71114887158,8,3824,991
71115148794,71115148793,-1,850,2026
71116323566,71116323562,-4,854,1605
71116429428,71116429415,-13,49,662
71118486784,71118486782,-2,1261,2545
71119927245,71119927241,-4,1070,2074
71120970452,71120970449,-3,1686,2646
71123036272,71123036269,-3,821,1924
71131830187,71131830186,-1,1488,2144
71132810198,71132810194,-4,1162,3139
71133607781,71133607778,-3,1013,3014
71135742155,71135742153,-2,900,2249
71139698938,71139698931,-7,1484,6412
71141178715,71141178714,-1,927,1496
71147670158,71147670158,0,989,1266
71152010587,71152010586,-1,1482,1654
71156913075,71156913068,-7,1131,7091
71158986758,71158986756,-2,1046,2824
71160252294,71160252293,-1,993,2139
71161416422,71161416426,4,1631,1000
71161545922,71161545919,-3,1147,1841
71163863562,71163863558,-4,627,1574
71163907212,71163907230,18,945,2302
71164070418,71164070416,-2,918,1328
71165207894,71165207891,-3,1106,2013
71167851975,71167851974,-1,1153,2268
71174882174,71174882173,-1,1511,3427
71174962328,71174962328,0,1325,2117
71181099684,71181099682,-2,1482,2044
71183380384,71183380377,-7,963,2002
71185785410,71185785404,-6,1004,1830
71186298377,71186298374,-3,1540,2249
71186884639,71186884639,0,677,1554
71190474888,71190474882,-6,1651,2918
71192603052,71192603049,-3,1168,1441
71194235481,71194235479,-2,1080,1899
71194580744,71194580741,-3,1352,2607
71195247147,71195247144,-3,1476,1847
71197312134,71197312131,-3,1547,2423
71197513153,71197513150,-3,1744,3315
71201220908,71201220908,0,1952,4169
71206353609,71206353606,-3,1516,2916
71208035855,71208035852,-3,1576,2770
71210919402,71210919400,-2,883,2253
71220896475,71220896474,-1,1064,1611
71222777439,71222777436,-3,1092,1819
71230252202,71230252200,-2,2592,3847
71234689749,71234689757,8,2957,1129
71237793673,71237793670,-3,833,1649
71238144465,71238144466,1,2443,1997
71239773777,71239773774,-3,1039,2320
71241733128,71241733126,-2,1175,2122
71243260290,71243260287,-3,1252,2470
71253484125,71253484122,-3,1676,2077
71254325366,71254325363,-3,1186,2682
71263357751,71263357749,-2,746,1751
71275820417,71275820414,-3,1692,2631
71279633475,71279633470,-5,1745,2354
71283978234,71283978231,-3,1307,2375
71288548542,71288548538,-4,1024,2426
71289507407,71289507408,1,5597,23470
71290724012,71290724010,-2,1425,3100
71297165621,71297165618,-3,1242,2386
71303651495,71303651491,-4,872,1293
71306482327,71306482325,-2,2066,3023
71309663619,71309663615,-4,415,501
71309988480,71309988475,-5,944,2560
71316273899,71316273895,-4,1047,1853
71321037183,71321037179,-4,831,2387
71324543918,71324543917,-1,1398,1683
71325008058,71325008054,-4,1668,3148
71328956154,71328956152,-2,975,1484
71329578465,71329578462,-3,1171,2545
71329834807,71329834806,-1,1796,2400
71331832398,71331832398,0,954,2686
71335296062,71335296060,-2,865,1508
71336452968,71336452966,-2,1149,2754
71337658882,71337658881,-1,1000,1880
71338366711,71338366707,-4,1109,2192
71339175827,71339175825,-2,960,1808
71339352389,71339352385,-4,1095,1868
71344144871,71344144866,-5,837,1709
71344741162,71344741161,-1,835,2257
71346685010,71346685006,-4,1562,3042
71348066182,71348066174,-8,724,2669
71354303116,71354303112,-4,1475,3113
71358705195,71358705198,3,1146,699
71369563230,71369563226,-4,1081,1882
71370110271,71370110268,-3,1016,2217
71372013703,71372013699,-4,1023,2698
71373938045,71373938042,-3,1337,2600
71376234699,71376234697,-2,1330,2910
71376677441,71376677438,-3,1801,2703
71377436566,71377436562,-4,1042,1797
71377790591,71377790586,-5,1062,2899
71378433606,71378433604,-2,1347,2486
71382572360,71382572358,-2,1024,1439
71387863104,71387863101,-3,1736,3238
71389729280,71389729277,-3,1861,2087
71391895129,71391895130,1,1314,1794
71396217171,71396217169,-2,1084,1880
71400350384,71400350382,-2,1054,2355
71401381236,71401381234,-2,1103,1907
71401562720,71401562724,4,2578,1410
71410193819,71410193815,-4,1207,1661
71410620278,71410620275,-3,1253,3213
71412621751,71412621749,-2,1289,1904
71415296766,71415296763,-3,981,1998
71418161762,71418161759,-3,1043,2148
71419096003,71419096002,-1,945,2706
71427512578,71427512578,0,1461,2260
71428072934,71428072933,-1,867,1981
71439614998,71439614997,-1,982,1971
71447873530,71447873528,-2,871,2034
71448762346,71448762351,5,2554,1002
71454718762,71454718761,-1,1390,2718
71457303491,71457303490,-1,1004,2158
71460785005,71460785001,-4,1285,2299
71461355165,71461355164,-1,677,1786
71461959703,71461959694,-9,1270,3068
71468277002,71468276998,-4,1348,3143
71472511266,71472511271,5,2737,1571
71478737897,71478737889,-8,707,1602
71479086010,71479086006,-4,1323,2612
71481676149,71481676146,-3,917,2357
71486870478,71486870484,6,4069,1949
71492865202,71492865203,1,1490,1857
71500468418,71500468416,-2,1157,1713
71502658474,71502658472,-2,1556,1645
71508859758,71508859755,-3,1296,2177
71509183407,71509183406,-1,1251,2143
71513838665,71513838663,-2,1093,2112
71515286015,71515286014,-1,1200,1517
71516645308,71516645305,-3,1385,2518
71516899543,71516899533,-10,1054,1829
71518346403,71518346400,-3,859,2684
71523495651,71523495651,0,1142,1810
71524059539,71524059536,-3,1041,2416
71524437427,71524437426,-1,774,2074
71526264831,71526264829,-2,879,1670
71538835445,71538835442,-3,1124,1888
71539619579,71539619578,-1,918,1510
71544527674,71544527673,-1,1262,1959
71560117785,71560117788,3,8274,7747
71560496907,71560496902,-5,1292,2472
71560537025,71560537021,-4,1370,3029
71575240671,71575240673,2,2584,2662
71577155246,71577155259,13,14640,27256
71580121275,71580121270,-5,736,3692
71580505740,71580505739,-1,1002,1690
71580560101,71580560119,18,322,1546
71583279166,71583279162,-4,895,2464
71585046031,71585046029,-2,1502,2060
71587591719,71587591717,-2,1533,2371
71590399327,71590399323,-4,956,2497
71591217790,71591217789,-1,1591,2004
71591843698,71591843694,-4,1275,2878
71593826607,71593826605,-2,1201,2312
71594761178,71594761174,-4,1025,2024
71594808911,71594808917,6,367,1258
71599328058,71599328056,-2,1034,2020
71601279489,71601279486,-3,1133,1931
71602459342,71602459346,4,2508,1877
71606945545,71606945541,-4,1106,2273
71608097831,71608097826,-5,818,1704
71609179347,71609179346,-1,1205,1933
71613152569,71613152565,-4,909,2723
71615584155,71615584151,-4,725,1142
71616365672,71616365667,-5,1306,2676
71616459594,71616459595,1,903,1765
71619356653,71619356658,5,3014,1606
71620502455,71620502452,-3,1586,2648
71621648330,71621648326,-4,1071,2047
71622504701,71622504700,-1,963,2673
71624096545,71624096542,-3,1580,1976
71628707634,71628707633,-1,1059,1841
71629610460,71629610480,20,483,1445
71630911971,71630911968,-3,716,1926
71631955167,71631955161,-6,770,1188
71634560300,71634560300,0,935,1220
71636850251,71636850248,-3,1082,1829
71639801808,71639801805,-3,1157,3241
71640045818,71640045815,-3,1165,1932
71642165996,71642165994,-2,1267,3484
71643894106,71643894105,-1,1125,2589
71644509145,71644509142,-3,987,2228
71645354366,71645354370,4,6196,2166
71649080740,71649080738,-2,912,1512
71651202554,71651202551,-3,1137,2616
71651484243,71651484246,3,1164,871
71653561064,71653561068,4,9036,34585
71654078450,71654078448,-2,1256,2446
71661493093,71661493086,-7,1171,5095
71661573246,71661573245,-1,958,2054
71662601127,71662601126,-1,1200,1817
71665327865,71665327862,-3,1409,2928
71665415005,71665415027,22,750,2415
71669226283,71669226278,-5,1273,3120
71669514371,71669514370,-1,1346,2522
71670753582,71670753577,-5,739,3414
71672764457,71672764463,6,2238,1394
71674466464,71674466460,-4,962,2665
71683517347,71683517344,-3,858,2975
71685505206,71685505209,3,2402,1908
71688832824,71688832823,-1,1110,2293
71693675058,71693675056,-2,1202,2057
71694700798,71694700795,-3,1289,2582
71695224386,71695224377,-9,38946,13598
71695938261,71695938259,-2,1120,1660
71702873175,71702873174,-1,1289,2274
71704094171,71704094169,-2,1065,2371
71709380998,71709381013,15,290,1255
71711100694,71711100693,-1,1271,2385
71712361505,71712361501,-4,1110,2671
71714726512,71714726510,-2,1499,2077
71715078325,71715078329,4,4129,2509
71716829083,71716829082,-1,1008,2035
71717503880,71717503875,-5,1268,3265
71723465656,71723465655,-1,983,1505
71724519243,71724519242,-1,1111,2235
71736432778,71736432775,-3,919,1363
71738439268,71738439266,-2,1053,1683
71738782695,71738782694,-1,2255,3347
71739394123,71739394123,0,1116,1958
71739921509,71739921506,-3,1040,2441
71740830203,71740830202,-1,1082,2176
71741978581,71741978577,-4,1247,3331
71747617792,71747617799,7,2047,644
71752601035,71752601032,-3,1287,1853
71754488623,71754488619,-4,1219,2161
71769192683,71769192679,-4,1296,2756
71769580893,71769580891,-2,1201,1492
71770883714,71770883713,-1,1349,2718
71771978534,71771978536,2,1249,1393
71773311638,71773311634,-4,743,3614
71777985753,71777985747,-6,995,2292
71796848788,71796848795,7,1744,1088
71797215120,71797215117,-3,1787,2689
71801039996,71801040002,6,2893,944
71802131780,71802131778,-2,1691,2223
71803255507,71803255504,-3,1577,2986
71803550344,71803550359,15,1392,3583
71808831946,71808831945,-1,959,2424
71814132142,71814132139,-3,762,1595
71814974660,71814974657,-3,1230,2093
71820937810,71820937808,-2,1115,2537
71824465544,71824465542,-2,1294,2775
71826331267,71826331264,-3,830,1725
71828978373,71828978370,-3,1499,3360
71838255685,71838255684,-1,1046,1814
71846966170,71846966166,-4,1403,2186
71847164879,71847164877,-2,1709,2425
71847379755,71847379766,11,1359,1526
71847875306,71847875305,-1,920,1320
71865865950,71865865946,-4,1008,1897
71874875349,71874875346,-3,1178,1814
71877653367,71877653363,-4,1216,1605
71881088293,71881088290,-3,1210,2373
71881775089,71881775088,-1,923,1498
71887442891,71887442888,-3,998,2065
71890490049,71890490046,-3,936,2412
71891005935,71891005933,-2,851,2471
71892268509,71892268519,10,9327,30446
71896041553,71896041550,-3,1531,2243
71896457418,71896457416,-2,1132,1969
71896597502,71896597498,-4,1122,1687
71897019205,71897019204,-1,1106,1877
71897988634,71897988637,3,3540,3062
71899253172,71899253169,-3,802,1825
71901018355,71901018354,-1,875,1948
71901725026,71901725021,-5,1304,3055
71905406869,71905406866,-3,1376,1342
71909307978,71909307975,-3,1300,2611
71909689647,71909689643,-4,1263,2180
71912033897,71912033902,5,3751,1484
71918211000,71918210998,-2,1021,1413
71918806387,71918806383,-4,1178,2458
71919911686,71919911685,-1,1416,2544
71921315330,71921315328,-2,1962,2537
71921421703,71921421706,3,827,892
71921657859,71921657855,-4,1249,2014
71923897171,71923897173,2,857,1531
71926279866,71926279866,0,1134,2890
71926512258,71926512258,0,1070,2530
71930730482,71930730479,-3,1214,2181
71932429250,71932429251,1,1504,1691
71933636202,71933636205,3,1433,1166
71934074714,71934074713,-1,1211,2551
71934498717,71934498715,-2,1170,2036
71947264507,71947264507,0,1121,1887
71947894690,71947894686,-4,846,1936
71948039912,71948039927,15,1281,2859
71949724746,71949724742,-4,1483,2822
71956869340,71956869337,-3,1626,3171
71957021208,71957021206,-2,1222,2723
71959872246,71959872245,-1,1575,2116
71964417965,71964417962,-3,1048,2803
71965704730,71965704733,3,3071,2506
71966779042,71966779052,10,1329,1455
71973918201,71973918198,-3,1561,2438
71974454787,71974454785,-2,802,1974
71975735497,71975735494,-3,1008,1888
71975903207,71975903205,-2,1065,2071
71976107219,71976107218,-1,1108,2102
71979244170,71979244165,-5,1015,1774
71979301947,71979301947,0,1264,1504
71980628397,71980628395,-2,1173,2026
71982611930,71982611928,-2,1313,2061
71985310878,71985310875,-3,1296,2003
71992217746,71992217747,1,1025,1558
71999356596,71999356593,-3,810,1972
72000447274,72000447270,-4,1289,2433
72001514709,72001514707,-2,1300,3071
72007535358,72007535354,-4,1389,3613
72008551411,72008551414,3,27431,52926
72012480711,72012480708,-3,1132,2728
72012945347,72012945345,-2,827,1619
72013430647,72013430648,1,2551,2939
72013516872,72013516872,0,1349,2023
72017412679,72017412674,-5,1170,3828
72023885089,72023885086,-3,848,1519
72025394885,72025394884,-1,854,1670
72030348142,72030348141,-1,793,2117
72037670096,72037670094,-2,1517,1828
72040995503,72040995503,0,874,1446
72042836645,72042836641,-4,1094,3727
72051577503,72051577502,-1,1051,2215
72053168778,72053168778,0,1355,2037
72056004731,72056004728,-3,1940,3263
72056705154,72056705153,-1,1155,2106
72061101101,72061101098,-3,1245,1976
72063680486,72063680482,-4,1488,2835
72063787603,72063787598,-5,1391,2835
72071976535,72071976532,-3,1141,2227
72072330654,72072330638,-16,1210,1591
72103032515,72103032513,-2,1297,2744
72103311352,72103311351,-1,1271,3084
72104512905,72104512902,-3,1037,2443
72105156422,72105156419,-3,1476,2713
72110089567,72110089569,2,911,1149
72111473942,72111473938,-4,957,2225
72111530983,72111530978,-5,1156,2612
72111827755,72111827752,-3,1101,3143
72115163893,72115163891,-2,1390,1844
72118238290,72118238288,-2,1457,2626
72123475186,72123475182,-4,909,2471
72128927802,72128927799,-3,783,1487
72129393276,72129393276,0,230,914
72130437982,72130437977,-5,1056,2904
72136808306,72136808302,-4,1017,1266
72137471166,72137471159,-7,1416,3046
72138049195,72138049193,-2,972,1680
72138803342,72138803341,-1,623,2042
72139644901,72139644905,4,2752,1257
72142011395,72142011393,-2,793,1560
72144520130,72144520128,-2,1019,1876
72149845365,72149845362,-3,1168,2242
72151598495,72151598493,-2,1093,2337
72154029873,72154029870,-3,967,2135
72155542514,72155542510,-4,1181,2845
72158149625,72158149623,-2,1284,2191
72159411987,72159411987,0,1355,2172
72161375023,72161375021,-2,1275,2068
72164556112,72164556110,-2,968,1914
72166350945,72166350952,7,725,58
72184075987,72184075981,-6,885,2186
72187216221,72187216218,-3,1038,2182
72192849745,72192849743,-2,941,1598
72195169184,72195169181,-3,536,1530
72195636254,72195636253,-1,1545,1946
72202511733,72202511729,-4,934,1515
72202893540,72202893537,-3,1365,2055
72205303307,72205303302,-5,1037,3074
72206128017,72206128011,-6,1084,3724
72208548542,72208548541,-1,1062,2238
72212155366,72212155361,-5,1170,2551
72219797418,72219797418,0,551,2397
72224896223,72224896222,-1,1006,1800
72227925698,72227925697,-1,1404,2471
72229714245,72229714242,-3,1133,2113
72230847979,72230847977,-2,838,1288
72232686519,72232686518,-1,878,2457
72233350569,72233350565,-4,1623,2713
72236810454,72236810449,-5,1446,3491
72237340878,72237340877,-1,1315,2257
72242872323,72242872326,3,2114,1029
72243459255,72243459258,3,1747,2354
72243975714,72243975712,-2,737,1548
72244977633,72244977629,-4,1337,2472
72246822438,72246822433,-5,980,2105
72247647562,72247647562,0,1273,1920
72247874813,72247874835,22,551,1419
72250203202,72250203201,-1,890,2227
72251565395,72251565392,-3,1332,3201
72253829166,72253829162,-4,1497,2440
72255131289,72255131286,-3,1202,2010
72255946030,72255946026,-4,467,1393
72257788314,72257788314,0,955,1364
72265437108,72265437106,-2,808,1139
72266320286,72266320290,4,1785,1414
72267961875,72267961875,0,549,1299
72270678574,72270678566,-8,3788,14757
72271382936,72271382933,-3,958,1683
72273301318,72273301327,9,6020,1833
72278797151,72278797149,-2,1400,3174
72279328014,72279328011,-3,1030,2143
72279646622,72279646620,-2,846,1542
72283216570,72283216568,-2,1153,1767
72285630951,72285630949,-2,984,2741
72288854984,72288854981,-3,1011,2469
72290948266,72290948262,-4,1206,2716
72294379209,72294379206,-3,1076,1529
72295340137,72295340138,1,14146,16342
72296628494,72296628490,-4,1452,1871
72297852293,72297852293,0,1338,2618
72299592757,72299592749,-8,993,4417
72300291997,72300292019,22,1166,2759
72300480451,72300480449,-2,1070,1905
72301107946,72301107945,-1,1266,2918
72301870614,72301870612,-2,651,2428
72302761775,72302761773,-2,1017,1951
72303378956,72303378954,-2,1269,2305
72304629058,72304629054,-4,778,2144
72305140172,72305140171,-1,1452,1490
72309616942,72309616938,-4,912,2365
72311553002,72311552998,-4,1082,2776
72316092778,72316092775,-3,1227,2554
72320255966,72320255962,-4,827,1531
72320500281,72320500277,-4,1157,2313
72322551562,72322551558,-4,984,1837
72322912304,72322912315,11,445,1008
72323308640,72323308636,-4,1353,2206
72324408414,72324408410,-4,1104,2296
72324792131,72324792130,-1,1208,2706
72325540857,72325540857,0,1365,1816
72331008604,72331008602,-2,1059,1564
72334291639,72334291637,-2,1284,2062
72335247314,72335247310,-4,1193,2555
72336053214,72336053212,-2,701,1692
72336300768,72336300765,-3,1105,2262
72339920612,72339920619,7,17774,18600
72341144057,72341144056,-1,1354,2244
72344231121,72344231117,-4,1061,2621
72349665167,72349665165,-2,1478,2453
72353783439,72353783436,-3,1480,3055
72354310678,72354310674,-4,1323,2351
72354406230,72354406228,-2,941,2162
72355554969,72355554966,-3,1261,2184
72360127715,72360127711,-4,1492,2338
72364830130,72364830128,-2,1733,2341
72365651722,72365651719,-3,526,796
72365992782,72365992779,-3,1373,2504
72366302558,72366302558,0,1024,1720
72372502048,72372502045,-3,811,1708
72374817382,72374817378,-4,1182,1455
72375238244,72375238224,-20,1140,1882
72378351690,72378351690,0,11815,13674
72380339595,72380339594,-1,1391,2597
72381784994,72381784990,-4,1655,3997
72386150479,72386150474,-5,1949,7880
72392481177,72392481174,-3,971,2144
72394109785,72394109786,1,914,1572
72395927819,72395927817,-2,1170,2184
72399484334,72399484331,-3,1200,1915
72399633926,72399633914,-12,1104,2136
72400478847,72400478863,16,1223,1936
72403030822,72403030819,-3,541,1677
72403154064,72403154083,19,642,1675
72403324271,72403324269,-2,921,3344
72404103098,72404103099,1,987,1549
72408224410,72408224409,-1,1191,1797
72410849279,72410849274,-5,1168,1969
72411490244,72411490258,14,665,3048
72415033904,72415033909,5,2692,1047
72417240655,72417240649,-6,1071,2323
72423888281,72423888280,-1,1346,1853
72425520835,72425520830,-5,751,1834
72427997868,72427997865,-3,977,2058
72428180004,72428180025,21,892,1666
72430714326,72430714324,-2,1146,2316
72432202980,72432202975,-5,1017,2327
72433666865,72433666864,-1,1220,2210
72435699674,72435699670,-4,376,889
72441097828,72441097826,-2,846,1677
72446368522,72446368520,-2,1211,2766
72454432005,72454432001,-4,960,2429
72460283431,72460283429,-2,1300,2141
72460329361,72460329365,4,52514,31842
72469490948,72469490946,-2,876,1970
72471407255,72471407253,-2,1214,1934
72472623481,72472623478,-3,958,1936
72473924872,72473924870,-2,817,1293
72474694781,72474694778,-3,851,2363
72477570911,72477570908,-3,1385,2759
72478946728,72478946726,-2,1416,2416
72484424391,72484424389,-2,872,2144
72486376759,72486376757,-2,1353,2028
72486915326,72486915322,-4,1271,1949
72492257422,72492257419,-3,1266,2060
72492885987,72492885981,-6,2462,8701
72494604258,72494604255,-3,1133,2382
72495162977,72495162974,-3,1196,2303
72498442715,72498442718,3,2143,1691
72500226694,72500226690,-4,979,2422
72502125206,72502125204,-2,745,1978
72502946582,72502946577,-5,1066,1649
72503934585,72503934581,-4,1144,2382
72503983342,72503983341,-1,808,2838
72505555361,72505555378,17,536,2093
72506731127,72506731125,-2,969,2145
72507458227,72507458223,-4,922,2037
72510941881,72510941879,-2,791,1921
72511549026,72511549026,0,28876,23785
72518246185,72518246181,-4,1285,2980
72518589246,72518589241,-5,690,2166
72519064367,72519064363,-4,1415,2635
72519160820,72519160818,-2,260,765
72522904210,72522904214,4,2739,2294
72522944090,72522944087,-3,958,2067
72527525322,72527525321,-1,1314,2373
72528411523,72528411521,-2,1358,2421
72532090048,72532090051,3,1611,594
72532483678,72532483677,-1,1252,2569
72532719485,72532719485,0,1321,2267
72534927364,72534927350,-14,962,2274
72535388668,72535388691,23,720,2154
72536587442,72536587440,-2,982,2006
72538496388,72538496386,-2,1135,2024
72538912725,72538912731,6,1520,838
72540678242,72540678240,-2,650,1963
72541887546,72541887546,0,1225,1396
72543062640,72543062640,0,874,1726
72544031095,72544031093,-2,1090,2665
72544688203,72544688202,-1,729,1464
72544790559,72544790553,-6,974,2148
72545452221,72545452219,-2,1337,2132
72548696514,72548696512,-2,1174,2922
72551523531,72551523529,-2,1092,1900
72552985415,72552985407,-8,1162,5064
72554976104,72554976108,4,1202,1695
72556272240,72556272237,-3,909,2101
72558338375,72558338373,-2,1132,2313
72558423359,72558423378,19,1796,2913
72559887742,72559887745,3,641,554
72560492565,72560492546,-19,885,2359
72565224460,72565224457,-3,1558,2764
72567085354,72567085353,-1,1168,1996
72569325681,72569325677,-4,3860,44528
72569717921,72569717918,-3,1309,2072
72570306583,72570306581,-2,1131,2033
72572022718,72572022714,-4,955,2975
72573255622,72573255623,1,1250,1285
72574236815,72574236812,-3,1150,4211
72574872672,72574872669,-3,1020,1750
72576962295,72576962294,-1,780,1582
72578613611,72578613606,-5,1242,1998
72581268474,72581268474,0,1118,1360
72584336332,72584336329,-3,698,1763
72585429230,72585429228,-2,1547,2634
72587814474,72587814470,-4,1072,1589
72591651437,72591651432,-5,1539,7848
72591812143,72591812139,-4,955,3385
72591858247,72591858227,-20,672,1418
72592157688,72592157687,-1,1909,2563
72594677085,72594677083,-2,1068,2868
72595097926,72595097931,5,221,1583
72598030466,72598030462,-4,1127,2172
72598511625,72598511624,-1,1264,1915
72598553193,72598553195,2,1759,1877
72599071962,72599071958,-4,1019,2838
72601299133,72601299129,-4,797,2534
72601445846,72601445842,-4,1064,1590
72609360066,72609360066,0,1052,1793
72613670746,72613670744,-2,1491,1662
72613759058,72613759050,-8,1027,2069
72614307690,72614307688,-2,1358,2169
72615130254,72615130255,1,1098,2158
72616704035,72616704034,-1,1231,2130
72620532923,72620532918,-5,839,3431
72625144439,72625144435,-4,1025,2277
72629836862,72629836859,-3,1017,2202
72630778644,72630778665,21,940,4223
72631382048,72631382046,-2,1700,2392
72632709510,72632709506,-4,1139,2749
72633187327,72633187318,-9,815,2017
72633266568,72633266568,0,1709,1789
72634050394,72634050389,-5,1023,1698
72634283767,72634283763,-4,1070,2230
72636647918,72636647915,-3,1362,3108
72638421657,72638421654,-3,1068,1821
72641440743,72641440739,-4,1064,3706
72644146745,72644146757,12,976,2209
72644305279,72644305277,-2,1229,2508
72645667028,72645667026,-2,1349,1813
72648997978,72648997974,-4,1087,2950
72654772468,72654772482,14,10599,48652
72657377772,72657377770,-2,1087,2629
72663121983,72663121980,-3,1040,1986
72663207999,72663207995,-4,1172,2854
72665127825,72665127821,-4,1467,2772
72668454374,72668454369,-5,801,2133
72673334859,72673334860,1,1584,1748
72677147482,72677147489,7,4346,1816
72679345714,72679345714,0,1284,1686
72679660178,72679660174,-4,1086,2879
72686930123,72686930121,-2,1069,2189
72687470430,72687470451,21,1098,1584
72692435231,72692435229,-2,1115,1936
72701374366,72701374365,-1,1320,2143
72701624385,72701624383,-2,995,1511
72701984026,72701984023,-3,962,1630
72704982268,72704982265,-3,1258,2949
72707790045,72707790043,-2,1486,2625
72708725262,72708725258,-4,1474,2873
72711090638,72711090639,1,1279,2320
72712626807,72712626805,-2,736,1388
72720685219,72720685217,-2,1233,2039
72727256627,72727256631,4,3658,2435
72729289394,72729289393,-1,1069,2117
72730145808,72730145806,-2,825,1473
72732247932,72732247928,-4,1219,1980
72739165511,72739165509,-2,1325,2436
72741231973,72741231970,-3,1066,2180
72744947722,72744947721,-1,2909,5790
72746954300,72746954298,-2,1175,2260
72750578665,72750578665,0,1138,1894
72750692542,72750692542,0,1291,1402
72755338021,72755338020,-1,914,1820
72758437531,72758437529,-2,820,1923
72762334055,72762334054,-1,1072,1578
72767695922,72767695918,-4,567,673
72768489353,72768489357,4,21667,123421
72769811591,72769811594,3,1652,1861
72770081530,72770081529,-1,880,1829
72778096022,72778096021,-1,1044,2149
72785163109,72785163106,-3,827,1449
72786164331,72786164329,-2,1067,1755
72786620670,72786620667,-3,1039,1833
72790249590,72790249587,-3,1055,2028
72791892299,72791892294,-5,918,2161
72795745026,72795745022,-4,702,1671
72796079323,72796079322,-1,1024,1254
72800820041,72800820039,-2,1156,1979
72802789694,72802789691,-3,1197,2186
72803601200,72803601184,-16,1144,233
72808914084,72808914081,-3,1272,2473
72809470373,72809470369,-4,897,1902
72810083310,72810083309,-1,232,728
72813050927,72813050924,-3,1054,1978
72816155611,72816155609,-2,893,1419
72818582166,72818582164,-2,1048,2262
72819409332,72819409331,-1,1294,1829
72821607822,72821607818,-4,1080,2571
72823654883,72823654881,-2,826,2630
72827749511,72827749514,3,1373,1150
72831180457,72831180454,-3,1043,1571
72831802257,72831802255,-2,1083,1942
72833070579,72833070577,-2,948,2241
72834028359,72834028360,1,1105,1435
72839779162,72839779155,-7,793,1002
72846526235,72846526232,-3,1121,2773
72846927153,72846927150,-3,1210,2394
72850813667,72850813663,-4,1313,2335
72851868086,72851868083,-3,937,2385
72853069298,72853069298,0,1451,1932
72859471737,72859471735,-2,1476,2178
72863071009,72863071031,22,1235,1868
72864614783,72864614782,-1,1189,2022
72865212109,72865212107,-2,1683,2662
72869641190,72869641186,-4,1233,2423
72871215746,72871215742,-4,1205,2609
72871302870,72871302868,-2,1419,2180
72872217011,72872217006,-5,1133,2895
72875584701,72875584700,-1,949,2070
72876041290,72876041286,-4,1189,2553
72876901602,72876901598,-4,490,1670
72881165967,72881165961,-6,1526,7361
72881870329,72881870327,-2,939,1859
72886156388,72886156383,-5,936,2084
72888952202,72888952196,-6,1045,3057
72889170000,72889170006,6,121,735
72890666098,72890666097,-1,1662,3597
72891251118,72891251116,-2,1095,2951
72892557191,72892557190,-1,1146,1986
72894789651,72894789647,-4,1137,2314
72903479195,72903479193,-2,1616,2947
72905428693,72905428691,-2,1201,1566
72909288381,72909288381,0,989,1572
72914455143,72914455139,-4,1006,1785
72919615009,72919615005,-4,1677,2763
72927075658,72927075653,-5,727,2133
72929322019,72929322013,-6,977,2407
72931021423,72931021419,-4,961,2212
72931930678,72931930673,-5,1082,2195
72938441351,72938441350,-1,1490,2411
72938933297,72938933294,-3,1269,2171
72941993486,72941993482,-4,970,1283
72943192001,72943191999,-2,1169,1853
72944421383,72944421382,-1,1307,2460
72946446735,72946446731,-4,1173,2508
72953024949,72953024947,-2,918,1706
72954779155,72954779153,-2,1099,3058
72955930635,72955930631,-4,939,1691
72957941705,72957941706,1,1163,2107
72959414757,72959414755,-2,1176,1872
72961404579,72961404583,4,1350,917
72962213223,72962213217,-6,953,1952
72962308417,72962308414,-3,1296,3481
72965001605,72965001603,-2,1917,2807
72965526278,72965526276,-2,957,2254
72967172887,72967172886,-1,1479,2423
72975607101,72975607098,-3,1485,2883
72977707024,72977707020,-4,1068,2516
72978138169,72978138166,-3,1066,2143
72979767547,72979767542,-5,889,2593
72982213071,72982213069,-2,835,2083
72982523398,72982523395,-3,1876,4007
72988732419,72988732417,-2,763,2413
72991830767,72991830763,-4,710,1164
72992574855,72992574861,6,13034,21566
72996030053,72996030049,-4,1127,2962
72996348558,72996348552,-6,1086,2507
72996637645,72996637642,-3,1197,2380
72997489779,72997489776,-3,1322,2500
72999744632,72999744630,-2,916,2753
73001458586,73001458586,0,1445,1839
73008242526,73008242521,-5,1110,1859
73008818884,73008818886,2,1323,1258
73015246502,73015246497,-5,941,2538
73016273089,73016273085,-4,1415,3013
73016341863,73016341861,-2,801,1825
73017930386,73017930384,-2,1226,2907
73018125270,73018125269,-1,1219,1875
73018304877,73018304873,-4,1154,2398
73018949229,73018949227,-2,1006,1495
73020875162,73020875159,-3,1193,2350
73023935173,73023935170,-3,1601,2646
73026485419,73026485419,0,1483,2350
73027519503,73027519502,-1,1100,1348
73031057910,73031057908,-2,659,1757
73032155021,73032155006,-15,1291,2710
73033278566,73033278562,-4,976,2824
73034245422,73034245426,4,2194,1396
73035876159,73035876158,-1,991,1683
73038966670,73038966667,-3,943,2511
73039033956,73039033955,-1,1405,2093
73040269942,73040269939,-3,793,1996
73046543002,73046543007,5,2263,1141
73047535030,73047535027,-3,1084,2262
73048320014,73048320010,-4,1459,3469
73048351510,73048351506,-4,1122,2320
73048649379,73048649372,-7,1699,8763
73054218098,73054218096,-2,955,1941
73059552701,73059552700,-1,985,1707
73077928776,73077928773,-3,1294,3194
73084357457,73084357453,-4,767,1691
73084838390,73084838387,-3,1216,2071
73090578902,73090578899,-3,1323,2989
73093405186,73093405176,-10,1243,2734
73094396884,73094396870,-14,1032,1708
73094796079,73094796070,-9,824,1977
73098612009,73098612005,-4,1640,2333
73100021147,73100021145,-2,1299,2399
73100696366,73100696365,-1,833,1792
73100728262,73100728279,17,1042,2073
73109671114,73109671108,-6,863,1974
73110889780,73110889778,-2,1391,2404
73111100818,73111100818,0,732,1331
73111949321,73111949317,-4,1059,2348
73124734538,73124734536,-2,1882,3249
73128545263,73128545262,-1,1060,1855
73132721051,73132721048,-3,876,1898
73133751602,73133751610,8,1916,1090
73135530806,73135530803,-3,1043,2504
73136733783,73136733782,-1,716,1171
73138709113,73138709110,-3,1406,2630
73139541942,73139541941,-1,1112,1962
73139575709,73139575704,-5,817,2161
73143488446,73143488446,0,1120,1766
73145351969,73145351968,-1,899,2797
73150831034,73150831031,-3,1023,1807
73151767973,73151767971,-2,1299,2635
73151903741,73151903739,-2,1133,1561
73152853647,73152853646,-1,997,2036
73153145966,73153145973,7,9372,33238
73153899891,73153899888,-3,1027,2473
73157690702,73157690710,8,3144,1376
73160353030,73160353029,-1,1389,2537
73160832602,73160832598,-4,666,2007
73161292701,73161292713,12,334,1045
73163815747,73163815745,-2,1360,1981
73164533891,73164533890,-1,1225,2569
73164560741,73164560722,-19,991,2068
73164656812,73164656800,-12,1047,2531
73165780734,73165780732,-2,1411,2577
73166685415,73166685411,-4,927,2389
73169950234,73169950235,1,1365,1810
73169998726,73169998725,-1,1043,2244
73171564831,73171564829,-2,1125,2608
73171805432,73171805451,19,893,4754
73181757248,73181757251,3,1416,705
73183591466,73183591466,0,1070,1512
73185839867,73185839864,-3,833,1517
73187904233,73187904230,-3,1225,2948
73188230479,73188230475,-4,1201,2414
73190275619,73190275617,-2,862,2153
73194633128,73194633127,-1,1197,2486
73195770556,73195770554,-2,1463,2210
73197029932,73197029928,-4,1201,3419
73198548127,73198548124,-3,1159,2028
73200689457,73200689453,-4,1139,1875
73202029090,73202029089,-1,1157,1831
73204148354,73204148351,-3,1239,2428
73204971915,73204971913,-2,1139,2174
73206332475,73206332482,7,2592,1169
73208990043,73208990041,-2,1012,1881
73209536830,73209536826,-4,1245,1882
73210774295,73210774293,-2,990,2294
73213177682,73213177680,-2,1423,2035
73213408604,73213408606,2,1893,1721
73216047393,73216047391,-2,1132,2207
73218666156,73218666154,-2,1030,2175
73220801031,73220801026,-5,829,1739
73222021308,73222021331,23,1145,3428
73224295214,73224295209,-5,1639,5156
73225320529,73225320533,4,1812,1049
73227935728,73227935726,-2,1385,1906
73232041287,73232041285,-2,1124,2778
73233978822,73233978818,-4,848,1951
73237184481,73237184478,-3,1504,2777
73237307383,73237307399,16,912,2071
73240038630,73240038627,-3,1147,2686
73242018978,73242018978,0,1146,1790
73244109711,73244109707,-4,1108,2116
73250838184,73250838185,1,4263,4535
73253846134,73253846130,-4,1443,2373
73255399175,73255399179,4,1746,1132
73255521457,73255521454,-3,1431,1856
73258636795,73258636790,-5,1315,1920
73259568218,73259568217,-1,1606,2735
73260011777,73260011778,1,1727,2507
73266695626,73266695625,-1,1027,1407
73267311819,73267311816,-3,927,1836
73277494694,73277494693,-1,1472,1804
73279849322,73279849320,-2,1278,2203
73283302774,73283302775,1,1524,2405
73284988227,73284988223,-4,1379,3144
73287461485,73287461485,0,1227,2000
73292271068,73292271065,-3,1324,2885
73295971258,73295971255,-3,1440,3972
73303641118,73303641118,0,1163,1779
73307411268,73307411266,-2,1151,1846
73307585390,73307585402,12,347,825
73314721017,73314721014,-3,1258,2714
73316659070,73316659069,-1,1059,2269
73316989238,73316989236,-2,1408,3269
73317021131,73317021129,-2,1344,2419
73317059452,73317059475,23,790,2514
73318288039,73318288037,-2,1024,2377
73320498963,73320498961,-2,1377,2583
73320590915,73320590915,0,1453,2543
73323414287,73323414283,-4,1215,2110
73327254539,73327254536,-3,1183,2043
73332306922,73332306920,-2,874,1775
73333213651,73333213648,-3,1518,3455
73339564437,73339564432,-5,765,1693
73340369852,73340369834,-18,1198,2280
73342432943,73342432943,0,903,1742
73343668934,73343668933,-1,1308,2642
73344747249,73344747251,2,941,1058
73345798867,73345798866,-1,993,2280
73348394528,73348394525,-3,971,2040
73355770631,73355770628,-3,1081,1830
73356290188,73356290182,-6,1277,3987
73357413453,73357413449,-4,1057,3794
73359692587,73359692585,-2,1121,1501
73362321420,73362321417,-3,1199,1995
73365093127,73365093125,-2,1175,3266
73366753897,73366753893,-4,1378,2662
73372463114,73372463110,-4,1011,2468
73374553996,73374553999,3,1747,1669
73377172355,73377172353,-2,1016,2432
73378466663,73378466665,2,954,1585
73388403966,73388403962,-4,1105,1629
73394495458,73394495463,5,1265,1551
73395198028,73395198025,-3,1080,2065
73396368737,73396368734,-3,1194,2360
73396442293,73396442298,5,181,411
73396736075,73396736073,-2,942,1814
73398645606,73398645602,-4,752,2030
73398706109,73398706091,-18,1299,2174
73399378922,73399378918,-4,898,3975
73404848323,73404848320,-3,1024,2568
73407979817,73407979822,5,3246,1687
73412348406,73412348405,-1,901,1902
73416764166,73416764163,-3,1215,2649
73417148170,73417148166,-4,732,3231
73419182760,73419182758,-2,1316,1438
73420118479,73420118478,-1,1034,1930
73421030621,73421030638,17,678,1567
73421207599,73421207606,7,2824,1217
73421624801,73421624798,-3,2098,2896
73422249521,73422249518,-3,588,1106
73425606519,73425606521,2,472,349
73427225825,73427225821,-4,22405,77160
73428655961,73428655958,-3,683,1901
73428736141,73428736161,20,948,1968
73430065727,73430065726,-1,1134,1933
73433907908,73433907902,-6,765,1569
73437150175,73437150173,-2,1021,1738
73443385962,73443385957,-5,916,3268
73447787302,73447787309,7,4044,1394
73453032209,73453032207,-2,1368,2994
73454039298,73454039319,21,503,2220
73454342966,73454342965,-1,865,2319
73457290230,73457290227,-3,16603,9103
73459002951,73459002948,-3,791,2336
73459301894,73459301893,-1,1490,2442
73459435869,73459435865,-4,1251,3209
73460039922,73460039922,0,1368,2025
73462504125,73462504121,-4,1165,2542
73465991434,73465991431,-3,1055,1861
73466234404,73466234401,-3,1177,1958
73466915567,73466915574,7,1605,1177
73468681789,73468681785,-4,1162,2072
73471226477,73471226472,-5,1182,2933
73480463682,73480463678,-4,995,2256
73489807995,73489807990,-5,400,1353
73490848195,73490848192,-3,1069,2096
73492056583,73492056580,-3,1122,2283
73493269105,73493269109,4,3574,2071
73494661226,73494661223,-3,1393,1794
73494862319,73494862303,-16,1323,2072
73497524899,73497524897,-2,1084,1590
73499238821,73499238818,-3,995,2543
73504376358,73504376357,-1,1054,2285
73505447094,73505447090,-4,1716,2707
73508017170,73508017166,-4,1253,2038
73512111166,73512111160,-6,1020,2369
73516806704,73516806701,-3,1616,3163
73517106006,73517106006,0,1326,1687
73518631734,73518631732,-2,1889,3649
73519704547,73519704544,-3,1273,1596
73519832247,73519832229,-18,1344,2858
73522561551,73522561549,-2,844,1551
73522842714,73522842713,-1,1212,2379
73527005619,73527005614,-5,2030,5700
73531908694,73531908697,3,1863,1209
73532124371,73532124366,-5,709,1616
73533611429,73533611418,-11,22804,18283
73534399191,73534399190,-1,1123,1928
73536350499,73536350497,-2,1103,1762
73537176674,73537176674,0,997,1802
73538817953,73538817952,-1,1537,3068
73541833791,73541833788,-3,1536,2162
73545062743,73545062739,-4,1085,2770
73546641197,73546641195,-2,1248,2893
73549870685,73549870682,-3,1165,2234
73549956629,73549956643,14,133,636
73550606749,73550606769,20,790,1313
73551794693,73551794690,-3,1784,3100
73551861255,73551861254,-1,1137,1664
73552589451,73552589449,-2,1215,1862
73554240750,73554240748,-2,1411,2295
73554286099,73554286098,-1,1102,2380
73557927059,73557927057,-2,1085,2613
73559597178,73559597179,1,1735,2029
73560457992,73560457990,-2,1287,2228
73561116241,73561116242,1,1575,1214
73562877774,73562877772,-2,1042,3065
73564317595,73564317592,-3,875,2574
73564932082,73564932078,-4,942,2075
73566607468,73566607466,-2,1262,1828
73567763915,73567763908,-7,893,1874
73573409082,73573409080,-2,1843,2289
73575843760,73575843758,-2,1398,2062
73579573056,73579573052,-4,1015,1549
73579625781,73579625761,-20,865,1227
73582473443,73582473441,-2,804,1898
73582853341,73582853342,1,861,1475
73583224786,73583224785,-1,1085,1659
73587337473,73587337469,-4,863,2801
73591424878,73591424875,-3,1061,2032
73591804775,73591804778,3,28,807
73594056086,73594056082,-4,1495,3210
73594877241,73594877239,-2,1083,2515
73607954973,73607954970,-3,1211,2856
73608607022,73608607018,-4,1173,2288
73610045233,73610045230,-3,1307,1897
73610560007,73610560025,18,985,1911
73612803282,73612803280,-2,1067,2203
73619627294,73619627294,0,1079,1858
73620689636,73620689626,-10,1516,2940
73624313202,73624313202,0,1064,2280
73625373010,73625373006,-4,1351,3074
73629574705,73629574702,-3,1015,1919
73630719138,73630719138,0,1556,1558
73630939126,73630939126,0,1437,1050
73634555426,73634555425,-1,1099,2215
73644855203,73644855201,-2,1255,2021
73646302608,73646302605,-3,1159,2209
73652682263,73652682259,-4,1377,2586
73653247744,73653247738,-6,3726,11175
73654179711,73654179706,-5,1126,3138
73656213357,73656213354,-3,801,1840
73664663773,73664663773,0,1361,1452
73674368902,73674368898,-4,1066,2212
73676234135,73676234154,19,910,2138
73680446326,73680446326,0,2104,2844
73681088951,73681088950,-1,976,2446
73685213797,73685213794,-3,1164,1707
73688476262,73688476259,-3,1091,2034
73691640907,73691640901,-6,1192,2681
73691970351,73691970349,-2,755,2275
73695524534,73695524530,-4,1096,2314
73695916092,73695916093,1,294,689
73701106927,73701106925,-2,1366,2111
73709149287,73709149283,-4,715,1572
73710504735,73710504746,11,259,611
73714837382,73714837381,-1,1290,2005
73715696142,73715696141,-1,1556,2108
73720611015,73720611013,-2,745,1137
73722938303,73722938300,-3,1137,2512
73725564950,73725564951,1,1400,1775
73730938497,73730938496,-1,881,2063
73741966529,73741966524,-5,877,2325
73743081597,73743081596,-1,661,1705
73744729746,73744729746,0,1207,1596
73746719594,73746719594,0,763,1847
73747389552,73747389543,-9,239,769
73750648891,73750648889,-2,1372,2710
73750984286,73750984281,-5,1552,2309
73753817746,73753817744,-2,1065,1854
73754107675,73754107674,-1,967,2225
73759877722,73759877720,-2,1042,2072
73762638933,73762638929,-4,1277,2353
73766974354,73766974353,-1,886,1471
73772829609,73772829606,-3,1729,2613
73774087061,73774087060,-1,1387,2120
73774888777,73774888775,-2,1635,2662
73775534270,73775534266,-4,1193,1956
73776753435,73776753431,-4,796,1685
73779206186,73779206184,-2,943,2346
73783841057,73783841062,5,5041,2415
73784225832,73784225832,0,1190,2161
73785281482,73785281483,1,1250,3096
73791052385,73791052382,-3,1372,2687
73801883964,73801883961,-3,1305,2234
73807735949,73807735946,-3,1148,2156
73811044278,73811044279,1,1300,1646
73811927195,73811927194,-1,1071,2409
73818492672,73818492669,-3,1913,3103
73820123502,73820123500,-2,712,2027
73824495450,73824495448,-2,1342,2711
73824638173,73824638170,-3,2195,6162
73826962487,73826962485,-2,679,1539
73831821365,73831821364,-1,974,2383
73832036703,73832036701,-2,921,1990
73835444124,73835444128,4,1808,1477
73842953706,73842953701,-5,1313,2281
73843515873,73843515870,-3,890,1934
73844440448,73844440440,-8,1037,2279
73847591051,73847591031,-20,1931,755
73849956987,73849956985,-2,819,2094
73851909767,73851909765,-2,1215,1567
73855890154,73855890149,-5,1056,2908
73863265894,73863265891,-3,1296,2121
73866331809,73866331807,-2,1045,1679
73873269066,73873269065,-1,1615,2830
73875007203,73875007197,-6,2454,9245
73877269698,73877269695,-3,1178,2034
73882623284,73882623285,1,3391,4239
73884469990,73884469989,-1,1313,1593
73889142866,73889142862,-4,746,1688
73889927828,73889927828,0,1043,1911
73893447335,73893447327,-8,752,1169
73894048289,73894048289,0,5374,24572
73895482064,73895482061,-3,1013,2832
73896810973,73896810981,8,6657,1240
73897018266,73897018262,-4,1639,2385
73898600604,73898600601,-3,1321,3485
73898939850,73898939849,-1,1254,2316
73902146638,73902146637,-1,1347,2476
73902374104,73902374102,-2,1292,2496
73917005698,73917005695,-3,1133,2945
73930638986,73930639002,16,748,1949
73931437015,73931437021,6,7578,27923
73942304836,73942304833,-3,1481,2927
73948652905,73948652903,-2,733,2552
73949485195,73949485181,-14,19972,17396
73950957358,73950957357,-1,1101,2255
73958455791,73958455789,-2,1046,2250
73959616518,73959616523,5,2453,1214
73960223501,73960223500,-1,1120,2164
73961262045,73961262042,-3,1231,2986
73966219815,73966219813,-2,1158,1988
73969010013,73969010011,-2,961,2169
73974468828,73974468825,-3,1846,3977
73977346215,73977346211,-4,796,2059
73977975210,73977975209,-1,983,2338
73982939630,73982939633,3,4507,2869
73984587388,73984587386,-2,1376,2243
73986230258,73986230257,-1,702,1878
73986784151,73986784153,2,283,928
73994236962,73994236957,-5,1142,2731
73995062643,73995062641,-2,1239,1997
73996302817,73996302815,-2,889,2039
74000550666,74000550665,-1,1387,1716
74001458373,74001458367,-6,1419,4628
74008584340,74008584343,3,1780,1344
74009292249,74009292245,-4,1145,1665
74018713599,74018713591,-8,1042,2530
74021387462,74021387457,-5,870,2788
74029202939,74029202937,-2,681,1642
74030286125,74030286123,-2,1038,2517
74033323278,74033323276,-2,913,1541
74035068591,74035068587,-4,1418,2723
74037927813,74037927809,-4,1192,2999
74039069335,74039069334,-1,1699,2776
74041796974,74041796980,6,13067,23927
74042244290,74042244287,-3,1403,3966
74042872151,74042872151,0,1403,1734
74043243223,74043243219,-4,967,2054
74045450011,74045450009,-2,1040,1982
74046260990,74046261000,10,184,1020
74048444300,74048444303,3,3522,2371
74052740463,74052740460,-3,1135,2053
74053795332,74053795338,6,2575,1075
74054004351,74054004353,2,1280,1856
74056376103,74056376101,-2,836,1589
74059481121,74059481118,-3,1141,2364
74062711683,74062711681,-2,1251,2495
74063772241,74063772240,-1,1108,1668
74068620303,74068620301,-2,1133,1614
74073907615,74073907613,-2,1185,2734
74076745287,74076745304,17,87,988
74080012115,74080012110,-5,1022,2016
74081890777,74081890774,-3,1212,1755
74082810395,74082810391,-4,875,1855
74088015789,74088015795,6,2497,1148
74091115206,74091115207,1,623,1463
74094654193,74094654190,-3,1011,2313
74096751619,74096751615,-4,1181,3129
74099894831,74099894830,-1,886,2276
74100028389,74100028377,-12,276,1372
74111876599,74111876595,-4,1448,2164
74113534967,74113534962,-5,778,2208
74117198760,74117198758,-2,1014,2144
74118248755,74118248752,-3,1186,2503
74128110525,74128110521,-4,1195,1794
74129962634,74129962630,-4,1382,1965
74130376654,74130376673,19,865,1674
74132081046,74132081046,0,1343,1839
74139330878,74139330879,1,514,1608
74139850061,74139850058,-3,928,1555
74140349002,74140348999,-3,1065,2621
74141526041,74141526037,-4,1133,3347
74148095798,74148095797,-1,1106,2082
74148746536,74148746555,19,385,1091
74149957654,74149957653,-1,945,1652
74152449734,74152449732,-2,860,2466
74153194547,74153194547,0,1195,1767
74153486862,74153486858,-4,997,2168
74154004813,74154004808,-5,793,1948
74155592083,74155592079,-4,1474,2258
74155948658,74155948657,-1,1111,1582
74156554774,74156554770,-4,1118,3035
74157078113,74157078110,-3,1304,2203
74163115663,74163115663,0,771,927
74165266818,74165266817,-1,655,1198
74167353810,74167353806,-4,1102,3729
74167582562,74167582558,-4,1075,2476
74168753252,74168753271,19,1408,2490
74170634013,74170634013,0,1459,1688
74174493811,74174493806,-5,1052,2875
74176361186,74176361185,-1,963,2082
74178745262,74178745259,-3,1438,2602
74179769316,74179769303,-13,1162,3489
74181443083,74181443083,0,1516,2416
74185524195,74185524187,-8,1049,5517
74193137942,74193137939,-3,1339,2333
74193232889,74193232886,-3,799,1442
74198328115,74198328119,4,1786,1725
74200366362,74200366359,-3,1064,2503
74205084915,74205084913,-2,1030,1375
74207591775,74207591772,-3,1352,3130
74212341377,74212341375,-2,1161,2156
74212399294,74212399290,-4,1264,2804
74214616221,74214616217,-4,952,2191
74215382330,74215382329,-1,1375,1952
74216404766,74216404767,1,1258,1695
74217199045,74217199045,0,1302,1125
74220719826,74220719825,-1,785,1493
74222946337,74222946354,17,665,1518
74232204798,74232204793,-5,876,1197
74234235166,74234235164,-2,1235,2201
74236343345,74236343341,-4,1205,3804
74238279470,74238279490,20,919,1917
74239004987,74239004985,-2,794,2142
74242296638,74242296634,-4,1620,3041
74244901522,74244901530,8,5358,2117
74246025533,74246025530,-3,1033,2566
74247682011,74247682010,-1,1015,1526
74250341011,74250341009,-2,1300,1988
74253253205,74253253201,-4,710,1960
74253473418,74253473423,5,1526,580
74254463529,74254463526,-3,1254,1565
74255283162,74255283158,-4,666,1740
74255738142,74255738137,-5,770,1535
74256910294,74256910290,-4,1061,2716
74258648994,74258648994,0,1318,2184
74259030924,74259030921,-3,933,2016
74260602776,74260602772,-4,967,2955
74268381012,74268381009,-3,780,2343
74270779749,74270779742,-7,637,1909
74277372660,74277372659,-1,1299,2189
74278266452,74278266458,6,23456,17132
74278949598,74278949595,-3,2088,5734
74279922791,74279922787,-4,1181,2502
74280597671,74280597666,-5,1527,3585
74293552997,74293552992,-5,983,2358
74295773339,74295773337,-2,869,1871
74305478970,74305478966,-4,847,1797
74308167939,74308167937,-2,1015,1622
74310154859,74310154855,-4,1159,2520
74312271086,74312271082,-4,1213,2327
74312930709,74312930705,-4,1176,2907
74313547224,74313547222,-2,1198,2594
74314799518,74314799521,3,223,647
74316453530,74316453528,-2,1427,2588
74320685844,74320685842,-2,1317,1764
74322678446,74322678443,-3,1074,2185
74323331900,74323331896,-4,981,2078
74334662662,74334662659,-3,1299,1953
74335774706,74335774706,0,662,1651
74338709878,74338709878,0,1204,1953
74347265083,74347265084,1,24439,22178
74351428699,74351428695,-4,1451,2838
74353796562,74353796556,-6,793,2975
74357488637,74357488634,-3,989,2256
74358228702,74358228698,-4,768,1813
74369569969,74369569966,-3,1379,1982
74373493046,74373493045,-1,886,2530
74375906073,74375906068,-5,969,2334
74377216805,74377216807,2,1354,1235
74378202202,74378202198,-4,1232,1708
74380122513,74380122511,-2,1071,2003
74380245947,74380245945,-2,954,2445
74386522989,74386522989,0,513,1360
74389980948,74389980946,-2,1389,1360
74391819543,74391819541,-2,765,1645
74397082626,74397082623,-3,1609,2617
74399177984,74399177979,-5,1271,2867
74399527541,74399527539,-2,765,1494
74402903830,74402903829,-1,950,1407
74403281904,74403281900,-4,1489,2830
74409578115,74409578111,-4,1310,2245
74410445697,74410445698,1,823,1007
74417015578,74417015576,-2,1599,2267
74419708402,74419708398,-4,776,2014
74420832768,74420832766,-2,1001,2999
74426910526,74426910526,0,1356,2320
74431280424,74431280421,-3,1353,2080
74431461434,74431461433,-1,863,1772
74431705209,74431705206,-3,1174,1712
74434959079,74434959075,-4,1225,2525
74436675338,74436675337,-1,958,1517
74437352858,74437352853,-5,1354,2531
74439392323,74439392319,-4,1048,2454
74442923666,74442923665,-1,804,1716
74447661520,74447661516,-4,1113,3361
74448544933,74448544914,-19,1085,2066
74451336623,74451336621,-2,1139,2188
74451768666,74451768666,0,1691,2590
74453990793,74453990798,5,2358,1170
74454261406,74454261403,-3,872,2279
74459510896,74459510894,-2,865,1104
74462405715,74462405712,-3,1142,2742
74463418100,74463418123,23,849,2224
74469986269,74469986267,-2,1199,2088
74472832185,74472832189,4,3140,1825
74473613247,74473613250,3,21411,20693
74475197764,74475197761,-3,1051,1250
74479557501,74479557480,-21,133,950
74481320159,74481320154,-5,2340,7773
74483434254,74483434254,0,1231,2681
74487354977,74487354981,4,1750,1787
74490760154,74490760160,6,2538,1362
74491500057,74491500055,-2,1016,2366
74491676812,74491676834,22,728,2157
74493522406,74493522402,-4,2503,5344
74494133287,74494133285,-2,1351,2016
74497020211,74497020208,-3,974,3337
74497254343,74497254338,-5,1369,6391
74501651506,74501651500,-6,1696,8953
74501875435,74501875434,-1,914,2579
74502556307,74502556303,-4,1431,2152
74503423988,74503423990,2,34211,20303
74504207651,74504207651,0,1027,1439
74512276936,74512276934,-2,1255,2765
74513354201,74513354198,-3,1237,2609
74513462223,74513462220,-3,1815,2540
74515402620,74515402615,-5,1490,2630
74517438086,74517438093,7,3107,2557
74517520815,74517520808,-7,1023,4518
74520198682,74520198676,-6,1200,4326
74522002682,74522002682,0,2796,3668
74523510010,74523510008,-2,1704,2760
74526339358,74526339352,-6,885,1481
74527785661,74527785658,-3,1451,2329
74532637535,74532637531,-4,1048,2328
74532914704,74532914699,-5,2102,5326
74536617194,74536617193,-1,1333,1917
74537062091,74537062089,-2,1125,2381
74548887470,74548887468,-2,612,2343
74549070471,74549070451,-20,1192,2011
74551660393,74551660391,-2,1070,1916
74556041434,74556041431,-3,1549,2493
74557359289,74557359286,-3,654,1187
74559207517,74559207514,-3,1220,2242
74561064151,74561064149,-2,765,1827
74564666702,74564666698,-4,1598,5105
74568993521,74568993518,-3,1122,2037
74570084243,74570084243,0,1025,1302
74570385146,74570385151,5,4334,2721
74571343034,74571343034,0,265,474
74572361381,74572361380,-1,1362,2245
74574071522,74574071521,-1,943,1642
74576975255,74576975253,-2,682,1212
74577848297,74577848295,-2,1446,1732
74578287502,74578287497,-5,1218,2905
74581279016,74581279014,-2,1310,2698
74591318420,74591318416,-4,1151,2438
74593074486,74593074486,0,1146,1499
74599400507,74599400505,-2,949,2495
74601939935,74601939932,-3,21355,18671
74604180795,74604180794,-1,1379,1586
74604888253,74604888250,-3,949,1820
74610062466,74610062464,-2,1131,1582
74613022471,74613022468,-3,1272,2653
74613092313,74613092309,-4,1311,2298
74613777020,74613777018,-2,1476,2473
74617445593,74617445591,-2,1289,2090
74622644418,74622644413,-5,1346,2968
74624323009,74624323006,-3,640,1822
74631561327,74631561326,-1,1380,1659
74637583970,74637583968,-2,703,1641
74643011162,74643011159,-3,1552,2486
74647092987,74647092985,-2,1074,1632
74648868545,74648868541,-4,1273,2888
74652208246,74652208255,9,4265,1331
74652665367,74652665365,-2,672,1855
74652815294,74652815286,-8,869,2916
74655522055,74655522053,-2,1173,2044
74659164258,74659164258,0,1208,1775
74668698873,74668698867,-6,1375,2254
74671663726,74671663724,-2,1412,2575
74673829508,74673829505,-3,1637,2544
74674936953,74674936952,-1,884,1358
74676594526,74676594521,-5,1512,3715
74676773879,74676773857,-22,849,2339
74678444575,74678444574,-1,2118,4689
74678887910,74678887910,0,1738,2411
74679404119,74679404114,-5,742,1983
74681428855,74681428853,-2,945,1796
74686148188,74686148185,-3,901,2271
74686733047,74686733041,-6,546,1725
74689477737,74689477734,-3,1038,1647
74690512382,74690512378,-4,1364,2749
74690692066,74690692059,-7,821,2709
74690902342,74690902340,-2,969,1836
74691433793,74691433791,-2,1193,2664
74693123397,74693123398,1,1157,1391
74696494703,74696494701,-2,699,1628
74697472218,74697472214,-4,669,1248
74703352911,74703352906,-5,912,1881
74707378911,74707378909,-2,1116,1680
74712802072,74712802066,-6,140,968
74713391109,74713391106,-3,1082,2113
74717434054,74717434051,-3,1027,2579
74723278590,74723278583,-7,942,2508
74734190667,74734190662,-5,1246,2779
74734265756,74734265779,23,959,2111
74736386035,74736386034,-1,1154,2236
74738596779,74738596777,-2,1053,1858
74738752799,74738752796,-3,708,1606
74739090463,74739090461,-2,1045,1532
74739195058,74739195054,-4,1086,2744
74739579232,74739579234,2,1412,1482
74739684076,74739684073,-3,745,1744
74740073014,74740073012,-2,945,1755
74740470718,74740470715,-3,1584,3902
74741730407,74741730394,-13,669,1907
74743800950,74743800947,-3,1005,3086
74750289103,74750289101,-2,738,1833
74750440423,74750440440,17,932,2243
74752189653,74752189670,17,886,1665
74755072189,74755072186,-3,966,2023
74755992662,74755992644,-18,757,1861
74758218809,74758218806,-3,1547,1789
74758296817,74758296814,-3,1100,2075
74759554421,74759554418,-3,1532,2592
74761888181,74761888185,4,1460,1296
74762705469,74762705465,-4,958,2847
74764427954,74764427956,2,1136,1849
74765880502,74765880501,-1,1176,2153
74768717295,74768717293,-2,1034,2176
74769195133,74769195139,6,2013,811
74770614329,74770614327,-2,636,179
74771179059,74771179055,-4,1263,2324
74773965901,74773965897,-4,1150,2043
74774059388,74774059385,-3,1301,2235
74774778210,74774778207,-3,1065,2273
74775557015,74775557014,-1,1238,2272
74779739315,74779739313,-2,1003,1100
74781590340,74781590339,-1,1074,2650
74781898789,74781898787,-2,947,2217
74782426113,74782426109,-4,1271,2682
74783892006,74783892026,20,1067,2276
74784713382,74784713379,-3,1381,2800
74785672882,74785672887,5,2886,1810
74786124231,74786124228,-3,802,1632
74787170933,74787170929,-4,957,2802
74787243308,74787243306,-2,1264,1907
74787301032,74787301048,16,651,1920
74788843226,74788843228,2,7207,29487
74790632825,74790632823,-2,1092,2178
74790953767,74790953762,-5,1016,2175
74800630319,74800630317,-2,819,1679
74802161421,74802161407,-14,3235,14089
74804430233,74804430226,-7,962,5952
74806525182,74806525179,-3,1591,2367
74807777130,74807777129,-1,690,2063
74809940006,74809940002,-4,1176,2877
74810551897,74810551897,0,993,1952
74811126451,74811126446,-5,987,2047
74815445475,74815445470,-5,1194,1849
74817474559,74817474556,-3,1512,2257
74822870655,74822870650,-5,1213,3099
74823048516,74823048537,21,966,1598
74823877079,74823877078,-1,1084,1220
74824565853,74824565851,-2,1647,2368
74825712486,74825712483,-3,1073,1757
74825823967,74825823953,-14,1411,1605
74832120155,74832120152,-3,1464,2734
74835797209,74835797208,-1,1194,2285
74836179428,74836179423,-5,910,3204
74840919637,74840919635,-2,1623,2698
74842749102,74842749100,-2,1138,1626
74846799951,74846799948,-3,998,2291
74847809896,74847809900,4,2553,2247
74850728194,74850728193,-1,963,2319
74851120087,74851120085,-2,921,1559
74853008890,74853008886,-4,1461,1420
74854361363,74854361370,7,6181,2777
74858666451,74858666447,-4,796,1703
74860805908,74860805906,-2,1067,1761
74862664137,74862664133,-4,1248,1354
74864424596,74864424591,-5,1208,2637
74874661095,74874661090,-5,1056,2110
74878366397,74878366395,-2,1052,1880
74881053915,74881053911,-4,894,2525
74882876883,74882876878,-5,1135,2149
74887803342,74887803348,6,2262,1394
74887837546,74887837553,7,4692,1967
74891158205,74891158203,-2,1219,2675
74895473907,74895473905,-2,1059,1663
74897030533,74897030530,-3,1082,2137
74898482819,74898482817,-2,899,1626
74900903513,74900903510,-3,1393,2393
74905251153,74905251146,-7,1204,2889
74906709913,74906709911,-2,906,941
74908328502,74908328501,-1,1759,2686
74910221887,74910221885,-2,1021,1764
74912649748,74912649746,-2,991,2392
74914159155,74914159153,-2,1430,2536
74914714843,74914714842,-1,983,1736
74918315407,74918315406,-1,773,2522
74923377090,74923377087,-3,903,1909
74923937361,74923937358,-3,1596,2871
74924747269,74924747269,0,1078,1921
74925589781,74925589778,-3,1272,1915
74927914735,74927914734,-1,1182,1840
74928567610,74928567607,-3,883,3310
74930513858,74930513854,-4,923,1400
74931833315,74931833320,5,1906,1894
74933952382,74933952379,-3,1046,2556
74936938458,74936938458,0,1425,2499
74939140895,74939140891,-4,1028,2770
74939444824,74939444818,-6,1235,4113
74939586266,74939586267,1,1552,1797
74948230530,74948230529,-1,730,1184
74949296591,74949296590,-1,1786,1821
74953175930,74953175926,-4,1137,2155
74954899419,74954899420,1,1104,1472
74957678586,74957678587,1,964,1585
74960406166,74960406168,2,1520,239
74965756161,74965756160,-1,767,1903
74966563877,74966563895,18,330,539
74969527939,74969527938,-1,1394,2239
74970085582,74970085561,-21,1195,2109
74970681625,74970681622,-3,1075,2279
74975362113,74975362110,-3,838,2249
74975819794,74975819792,-2,1215,2323
74977421423,74977421423,0,1045,2118
74978409510,74978409508,-2,1254,2292
74979393975,74979393984,9,11524,37136
74980277538,74980277535,-3,931,2354
74981464979,74981464990,11,13553,35328
74981786424,74981786421,-3,1006,1799
74986203920,74986203918,-2,1316,2615
74990872098,74990872094,-4,920,1759
74993077856,74993077853,-3,1422,2407
74998848637,74998848636,-1,1288,1325
75001666502,75001666497,-5,1486,3183
75002172914,75002172911,-3,1089,1681
75004614627,75004614627,0,1131,1949
75005325559,75005325555,-4,1264,2207
75007245776,75007245774,-2,1113,2188
75007409399,75007409399,0,712,1272
75008938318,75008938313,-5,918,1613
75009394235,75009394233,-2,993,2373
75018511559,75018511557,-2,1252,2733
75020151802,75020151802,0,626,1107
75021105511,75021105505,-6,874,2793
75021468652,75021468672,20,1093,1851
75023583311,75023583317,6,107,876
75025845742,75025845742,0,1054,1599
75026441849,75026441846,-3,900,2049
75027432539,75027432540,1,719,1434
75030720678,75030720675,-3,1030,2181
75031002220,75031002241,21,298,1210
75039737238,75039737237,-1,1039,2123
75040927325,75040927322,-3,888,1526
75045613112,75045613109,-3,1345,3544
75046930749,75046930746,-3,1701,2030
75053279166,75053279165,-1,1311,2360
75054950129,75054950129,0,2079,2531
75057001995,75057001994,-1,1030,1449
75060912324,75060912319,-5,1333,2649
75062210516,75062210502,-14,726,2398
75062709500,75062709482,-18,148,762
75075812621,75075812613,-8,895,9643
75077319340,75077319329,-11,798,2332
75081642657,75081642653,-4,1244,1929
75082132117,75082132119,2,2593,1579
75085232997,75085232994,-3,1210,2747
75086839485,75086839483,-2,1375,1405
75087140555,75087140554,-1,1009,2477
75091177151,75091177148,-3,1462,2981
75092361923,75092361922,-1,1176,2328
75097057253,75097057250,-3,1194,2747
75099825378,75099825376,-2,1030,2515
75102931556,75102931553,-3,1335,2754
75104564450,75104564450,0,1267,1877
75107683770,75107683768,-2,995,2169
75111645543,75111645541,-2,1214,1864
75112788990,75112788987,-3,623,1111
75113423384,75113423398,14,702,1615
75113930722,75113930720,-2,1140,2175
75126556263,75126556261,-2,906,2241
75127223198,75127223195,-3,1049,2591
75127598533,75127598555,22,1240,1682
75128126594,75128126593,-1,834,2164
75129803122,75129803121,-1,856,2089
75136033363,75136033362,-1,931,2296
75137629011,75137629015,4,1773,1483
75138270311,75138270310,-1,834,2074
75140135295,75140135290,-5,942,1932
75143156655,75143156653,-2,1282,2283
75147602830,75147602825,-5,1177,2038
75151749678,75151749675,-3,1121,2452
75153855062,75153855048,-14,1024,404
75154494311,75154494306,-5,4209,14585
75159910508,75159910498,-10,225,1008
75164598745,75164598767,22,275,804
75169180195,75169180197,2,1450,1878
75173740302,75173740300,-2,878,2415
75186007955,75186007956,1,1776,1469
75190792931,75190792930,-1,1076,2345
75192044090,75192044086,-4,944,2106
75192545518,75192545517,-1,926,1947
75195974943,75195974940,-3,1045,1882
75202088541,75202088538,-3,1934,2545
75207449162,75207449159,-3,1368,2296
75208269660,75208269678,18,378,1905
75210319538,75210319536,-2,1497,2753
75217210748,75217210765,17,461,2120
75228459927,75228459922,-5,949,2176
75228903777,75228903771,-6,1268,2528
75229328096,75229328113,17,326,1050
75232673727,75232673726,-1,1156,1549
75237797992,75237797989,-3,1248,1907
75239054789,75239054783,-6,773,1866
75247448307,75247448304,-3,1037,2026
75250392636,75250392642,6,6492,1154
75253902319,75253902317,-2,1298,3534
75256998414,75256998411,-3,845,2254
75257438311,75257438329,18,803,1781
75263001976,75263001972,-4,931,1949
75266218253,75266218249,-4,1002,3166
75270592863,75270592861,-2,1646,2147
75271784199,75271784204,5,16119,19792
75273102568,75273102568,0,1540,2769
75274404183,75274404184,1,1121,1216
75280978405,75280978402,-3,777,2038
75283642946,75283642943,-3,1085,2548
75288458898,75288458894,-4,974,1330
75290748485,75290748483,-2,1257,2467
75291160542,75291160558,16,842,2842
75295168445,75295168437,-8,1294,2145
75299499956,75299499956,0,1042,1653
75301804826,75301804826,0,978,2118
75319315827,75319315831,4,2479,1524
75320752936,75320752933,-3,1276,1815
75329178554,75329178549,-5,892,1818
75329872038,75329872035,-3,1257,1817
75331095997,75331095994,-3,1128,2094
75332628889,75332628885,-4,692,1303
75332989293,75332989313,20,1419,1799
75333544317,75333544322,5,3718,1498
75335137754,75335137752,-2,935,2325
75335774669,75335774671,2,1322,1630
75338065792,75338065787,-5,1366,3195
75340523982,75340523980,-2,1228,2590
75341184635,75341184630,-5,911,2238
75342451434,75342451438,4,1455,1122
75344471119,75344471117,-2,1070,1650
75345437142,75345437160,18,1530,2506
75355597593,75355597592,-1,1400,2223
75360204289,75360204286,-3,1291,2436
75360319350,75360319347,-3,854,3282
75360798116,75360798113,-3,1418,2034
75360880283,75360880282,-1,1214,1579
75361676799,75361676797,-2,1432,2163
75363014955,75363014959,4,2096,1303
75371006061,75371006058,-3,831,1939
75391749500,75391749506,6,2701,1161
75393794059,75393794057,-2,1120,2081
75402091437,75402091433,-4,1249,3032
75405456173,75405456155,-18,1282,1184
75411267730,75411267734,4,13263,9484
75415271882,75415271882,0,1154,2494
75419133495,75419133493,-2,971,1876
75423174818,75423174814,-4,840,2173
75424449937,75424449931,-6,1201,2948
75424681631,75424681628,-3,1575,2344
75427714315,75427714314,-1,1350,2205
75427872069,75427872067,-2,1143,2490
75430115380,75430115377,-3,1379,2376
75439110870,75439110868,-2,1471,2651
75449655927,75449655923,-4,1120,2226
75454513074,75454513074,0,714,1303
75456317087,75456317085,-2,1084,1799
75458140471,75458140471,0,1256,1807
75458360777,75458360783,6,1936,1071
75458934510,75458934513,3,1321,1910
75459988511,75459988505,-6,1115,3687
75464206078,75464206076,-2,649,2181
75464431991,75464431991,0,299,850
75466020411,75466020410,-1,1234,2188
75467023418,75467023414,-4,1608,2351
75467800022,75467800025,3,1482,1629
75471402426,75471402422,-4,1843,5510
75475281737,75475281741,4,2529,1766
75477239066,75477239062,-4,990,2257
75478261436,75478261458,22,121,1046
75482359178,75482359174,-4,895,2067
75483436101,75483436082,-19,1022,425
75484091619,75484091617,-2,969,2116
75487293268,75487293265,-3,732,2158
75488684154,75488684154,0,1149,2510
75489585704,75489585702,-2,862,2285
75490501855,75490501837,-18,1096,1498
75492808263,75492808262,-1,1554,2890
75494095019,75494095021,2,1654,1855
75495114818,75495114815,-3,983,1974
75501230432,75501230422,-10,1136,1974
75507068182,75507068178,-4,1006,2448
75510834470,75510834466,-4,1695,2544
75510957190,75510957189,-1,622,1472
75512266011,75512266013,2,853,1038
75513609199,75513609196,-3,1242,3166
75516286759,75516286757,-2,1256,1722
75516471535,75516471530,-5,1168,1772
75517155618,75517155619,1,1006,1538
75522389029,75522389026,-3,1245,2666
75522958375,75522958373,-2,1363,2245
75527499859,75527499857,-2,1346,2189
75531939250,75531939246,-4,1050,2769
75535819523,75535819520,-3,995,1696
75539172479,75539172477,-2,920,1539
75541755363,75541755361,-2,1312,2541
75541910561,75541910558,-3,836,2549
75545551930,75545551927,-3,1295,2640
75546840859,75546840857,-2,1214,2390
75546899533,75546899554,21,459,1583
75548075242,75548075249,7,5193,2032
75549056513,75549056509,-4,1314,1799
75550173999,75550174006,7,5321,2131
75550427586,75550427591,5,862,709
75551193566,75551193570,4,1458,1040
75554174610,75554174613,3,2655,1773
75554836518,75554836515,-3,1025,1864
75559260271,75559260267,-4,665,1269
75560846702,75560846697,-5,1681,3318
75563857150,75563857145,-5,1067,1612
75566665766,75566665764,-2,1058,2253
75571979734,75571979738,4,3566,3090
75572060831,75572060829,-2,1752,2674
75574903709,75574903706,-3,1214,2336
75575157585,75575157589,4,3575,3175
75575261884,75575261888,4,5138,2836
75578515199,75578515194,-5,1176,2773
75578883355,75578883352,-3,926,1699
75581473925,75581473928,3,2043,1977
75583239839,75583239837,-2,811,1640
75583556855,75583556849,-6,168,1078
75585144090,75585144089,-1,1529,1664
75585705146,75585705154,8,1268,787
75587601830,75587601827,-3,1245,2515
75592788850,75592788846,-4,752,3008
75593894597,75593894618,21,807,2930
75601964851,75601964846,-5,1011,3222
75602047288,75602047285,-3,1054,1714
75602533346,75602533348,2,3853,2703
75602963865,75602963866,1,1190,1729
75611357551,75611357549,-2,1258,2636
75613424599,75613424599,0,1291,1094
75616210742,75616210742,0,1453,1730
75620242859,75620242855,-4,1561,2111
75624754955,75624754953,-2,1578,2115
75626238346,75626238342,-4,23843,13547
75631946270,75631946283,13,3342,1678
75632446391,75632446392,1,8457,11700
75633569116,75633569112,-4,853,1703
75639293790,75639293786,-4,1265,2805
75644548030,75644548034,4,1598,1452
75648206226,75648206227,1,757,1359
75650040144,75650040140,-4,1617,3093
75652963241,75652963235,-6,818,643
75658108015,75658108012,-3,957,2617
75659215553,75659215555,2,1879,1452
75661877630,75661877628,-2,1045,2533
75662499131,75662499130,-1,799,2092
75663847222,75663847221,-1,1293,1640
75667953915,75667953914,-1,779,1771
75668030254,75668030239,-15,272,879
75671474418,75671474415,-3,1449,2062
75671881901,75671881897,-4,1187,2607
75673473438,75673473433,-5,1029,1946
75678812490,75678812487,-3,499,1799
75685396745,75685396742,-3,651,1750
75686665759,75686665754,-5,1173,2293
75687364515,75687364510,-5,1044,2315
75687725364,75687725361,-3,1070,2494
75688334870,75688334867,-3,972,1638
75689781925,75689781923,-2,693,1915
75695562629,75695562626,-3,1780,1616
75696601374,75696601372,-2,1050,2385
75697059030,75697059028,-2,1153,2300
75699053695,75699053686,-9,1058,2101
75710185227,75710185223,-4,1611,3356
75716871831,75716871829,-2,1224,2924
75717660908,75717660906,-2,2496,3924
75718209595,75718209592,-3,946,1986
75724032519,75724032516,-3,23765,20132
75725788375,75725788371,-4,1223,2033
75726965055,75726965053,-2,1211,1906
75728581649,75728581646,-3,1245,1779
75738763419,75738763415,-4,479,1122
75739176602,75739176601,-1,1085,1780
75741196858,75741196855,-3,1132,3205
75743993151,75743993149,-2,1209,2539
75747068132,75747068130,-2,1347,2106
75749967422,75749967420,-2,1251,2455
75750404488,75750404481,-7,616,1876
75750746086,75750746082,-4,1269,2579
75751102701,75751102684,-17,994,2011
75757199983,75757199983,0,1802,1949
75757346830,75757346835,5,12215,6488
75758264867,75758264865,-2,928,2020
75763710933,75763710925,-8,293,848
75764986817,75764986814,-3,1425,1935
75766550313,75766550310,-3,639,1495
75767251987,75767251983,-4,1129,2333
75770467943,75770467940,-3,562,1333
75775431170,75775431167,-3,1410,2768
75781302451,75781302449,-2,1010,2036
75781720934,75781720933,-1,785,1364
75782461051,75782461051,0,1200,2174
75782908573,75782908571,-2,875,1430
75786420461,75786420469,8,2158,1142
75790127815,75790127814,-1,1064,1918
75790741063,75790741061,-2,1397,2887
75792293117,75792293118,1,303,973
75802482721,75802482718,-3,2259,4423
75805872340,75805872337,-3,1037,1850
75807589894,75807589892,-2,697,1761
75813252771,75813252766,-5,1036,1648
75815296085,75815296083,-2,902,1838
75816810949,75816810945,-4,1431,1856
75817084908,75817084889,-19,290,2666
75819263151,75819263148,-3,1006,2102
75820590211,75820590203,-8,959,5526
75821720419,75821720416,-3,867,2846
75826321013,75826321010,-3,1378,2681
75832872782,75832872774,-8,195,887
75833807682,75833807678,-4,1513,3215
75839299694,75839299691,-3,840,1733
75843954385,75843954382,-3,1086,3296
75852213158,75852213165,7,3134,2099
75852511232,75852511230,-2,1203,2024
75854552506,75854552509,3,1638,1329
75859379370,75859379369,-1,983,2394
75862489048,75862489044,-4,1391,2723
75863324978,75863324975,-3,1120,2427
75865112505,75865112502,-3,1033,1650
75865810665,75865810663,-2,1193,2116
75868218444,75868218441,-3,1426,2364
75868762121,75868762120,-1,1029,2137
75870267793,75870267794,1,1341,2888
75874334971,75874334968,-3,1011,2247
75877356443,75877356441,-2,1377,2068
75881198686,75881198683,-3,1644,2036
75888762177,75888762176,-1,1243,2597
75889075354,75889075350,-4,587,1540
75890041777,75890041773,-4,1034,2561
75894956390,75894956389,-1,1042,2020
75895565627,75895565626,-1,1684,1851
75895905903,75895905902,-1,1100,2346
75898623309,75898623308,-1,1103,1682
75899310914,75899310911,-3,809,1898
75900243407,75900243406,-1,1223,2318
75902324953,75902324953,0,1215,1526
75907533672,75907533668,-4,958,2692
75910993262,75910993269,7,3120,1498
75913315021,75913315021,0,2529,4529
75915724314,75915724325,11,11280,33903
75916952938,75916952937,-1,1496,2305
75917189502,75917189498,-4,1267,2536
75917843985,75917843982,-3,1316,2016
75922260566,75922260572,6,4989,2668
75922857227,75922857225,-2,1199,2743
75924133181,75924133177,-4,1446,3399
75924521775,75924521773,-2,1193,1923
75925890903,75925890898,-5,1251,1817
75926888278,75926888278,0,848,1500
75928898458,75928898457,-1,1095,1973
75930323268,75930323269,1,1209,1812
75931039371,75931039372,1,17706,7515
75935889339,75935889339,0,1162,1514
75942153594,75942153590,-4,952,2755
75944008251,75944008255,4,1467,783
75952977700,75952977697,-3,1427,1868
75953582287,75953582283,-4,1192,3448
75955353681,75955353679,-2,1137,2392
75959924235,75959924233,-2,926,2258
75960319340,75960319336,-4,741,2255
75961499507,75961499506,-1,1285,1945
75962140167,75962140165,-2,939,1694
75962829357,75962829353,-4,1222,3896
75964042702,75964042705,3,928,1306
75966789108,75966789105,-3,1123,2613
75967140452,75967140456,4,1989,32611
75968098163,75968098158,-5,1228,2475
75968906041,75968906039,-2,1111,1579
75970215979,75970215976,-3,923,2079
75971081389,75971081409,20,44,1735
75974876224,75974876221,-3,1130,2225
75980704386,75980704382,-4,1026,1370
75985435347,75985435346,-1,1098,2269
75985786927,75985786922,-5,1233,2080
75987051413,75987051411,-2,553,1099
75992658107,75992658106,-1,917,1986
75993090234,75993090231,-3,1295,2716
75998964575,75998964574,-1,1153,2138
76000564870,76000564867,-3,997,2769
76004582827,76004582822,-5,1097,2094
76011921294,76011921295,1,1488,2280
76012845885,76012845881,-4,1023,2230
76016316587,76016316586,-1,1194,1846
76020832926,76020832923,-3,1343,2844
76022276358,76022276366,8,14323,23572
76026302239,76026302238,-1,1268,1130
76026982061,76026982064,3,1927,1772
76030762736,76030762732,-4,1209,3033
76032000537,76032000532,-5,1065,2028
76032237535,76032237533,-2,1024,1681
76033185384,76033185381,-3,826,1882
76033369246,76033369265,19,456,1238
76035467577,76035467569,-8,3115,12914
76039928038,76039928036,-2,1432,1417
76041495422,76041495421,-1,1214,1819
76041530159,76041530157,-2,808,1953
76043051298,76043051298,0,7056,9361
76050317758,76050317762,4,2245,1047
76051753244,76051753238,-6,931,3108
76053830866,76053830864,-2,909,2192
76053953812,76053953817,5,288,1266
76057989280,76057989276,-4,867,1495
76061030566,76061030563,-3,1419,2808
76061484125,76061484122,-3,1545,2440
76066086494,76066086491,-3,1127,2076
76066830887,76066830881,-6,1250,1973
76067004157,76067004154,-3,1021,2100
76067356500,76067356490,-10,936,2588
76067655362,76067655358,-4,2957,3674
76070615366,76070615364,-2,2135,3831
76070937809,76070937805,-4,1087,1974
76074059954,76074059952,-2,998,1547
76074186309,76074186295,-14,866,2345
76074288287,76074288287,0,123,655
76082997095,76082997090,-5,1127,1726
76083249308,76083249309,1,231,633
76089265582,76089265579,-3,1465,2517
76090980898,76090980894,-4,1136,1847
76097246742,76097246738,-4,947,2182
76097904140,76097904150,10,14463,34169
76098277978,76098277974,-4,1125,2524
76102791711,76102791709,-2,1074,3406
76104456371,76104456369,-2,1298,1989
76104517205,76104517200,-5,1011,1907
76106272534,76106272531,-3,1064,1862
76106800364,76106800362,-2,1005,1907
76107108279,76107108279,0,1296,1328
76107378449,76107378446,-3,1132,2053
76112306352,76112306361,9,12314,41814
76117253683,76117253682,-1,1260,1652
76117382248,76117382250,2,1227,1547
76120668367,76120668366,-1,1013,1756
76123758758,76123758755,-3,878,1335
76127138217,76127138198,-19,1868,1292
76128080263,76128080258,-5,1992,6932
76128478227,76128478225,-2,1634,3816
76135942393,76135942390,-3,1062,2315
76138400002,76138400001,-1,1162,1938
76141048205,76141048202,-3,1351,2486
76145862862,76145862858,-4,820,2775
76147211111,76147211129,18,1188,2728
76148705141,76148705138,-3,1413,2252
76149816643,76149816638,-5,706,1196
76152602084,76152602081,-3,1306,2135
76154779285,76154779290,5,9213,23794
76157593049,76157593051,2,1399,1445
76158974950,76158974947,-3,1172,2497
76159303923,76159303920,-3,986,1457
76161424019,76161424018,-1,640,900
76166920338,76166920338,0,1059,1910
76167350025,76167350022,-3,1394,1989
76174845978,76174845974,-4,804,1785
76180030066,76180030063,-3,1152,2403
76182511771,76182511766,-5,1347,3111
76185174755,76185174752,-3,1265,2702
76188011247,76188011245,-2,1111,1857
76189104342,76189104338,-4,21906,14399
76191129979,76191129995,16,616,1015
76192032406,76192032412,6,3177,1469
76201053642,76201053638,-4,1091,2502
76201826079,76201826093,14,352,775
76202678523,76202678522,-1,1520,2940
76204429663,76204429661,-2,1776,2869
76205809550,76205809553,3,1590,1007
76206092607,76206092603,-4,932,1629
76207090203,76207090201,-2,817,2065
76212647295,76212647298,3,2251,1728
76214430914,76214430912,-2,985,2317
76216181635,76216181630,-5,1543,3032
76220445482,76220445481,-1,972,2157
76225290221,76225290218,-3,1512,2722
76226396219,76226396219,0,734,1386
76227318262,76227318259,-3,999,2350
76230162894,76230162893,-1,1228,2617
76230794853,76230794860,7,16183,6241
76234240245,76234240241,-4,1080,2222
76234607673,76234607674,1,2717,4289
76241665594,76241665590,-4,789,1919
76244713198,76244713194,-4,1227,1560
76251940134,76251940134,0,729,813
76252552246,76252552242,-4,866,1693
76252866862,76252866861,-1,1200,1781
76255192913,76255192920,7,5497,1635
76257157784,76257157782,-2,1391,2224
76263983114,76263983113,-1,1105,2183
76266234731,76266234729,-2,1094,2040
76267904275,76267904272,-3,780,2433
76272371277,76272371273,-4,1149,1926
76276044889,76276044888,-1,1406,1998
76279012892,76279012896,4,1456,1560
76281618931,76281618929,-2,988,1846
76281785726,76281785723,-3,1062,2108
76282050786,76282050785,-1,1304,2016
76282359888,76282359892,4,2687,2112
76283184763,76283184760,-3,1025,2179
76284623196,76284623194,-2,1258,1920
76284834582,76284834580,-2,1175,1806
76286706369,76286706366,-3,898,2385
76290014303,76290014299,-4,1157,3721
76297730337,76297730333,-4,1348,2708
76299446401,76299446397,-4,1157,1824
76300815670,76300815664,-6,24301,16541
76304030123,76304030122,-1,705,2633
76304319488,76304319506,18,148,659
76307142583,76307142582,-1,1207,1577
76307627123,76307627117,-6,862,2183
76308271734,76308271727,-7,907,3092
76309549270,76309549267,-3,1392,3009
76312780031,76312780029,-2,1024,2176
76316812338,76316812335,-3,1040,2579
76321408974,76321408974,0,1196,2114
76323270619,76323270618,-1,1063,1683
76329370477,76329370473,-4,1554,3293
76337021286,76337021285,-1,1018,1707
76340217650,76340217649,-1,1085,1491
76341138719,76341138718,-1,1002,1835
76343343152,76343343146,-6,1274,2021
76349107717,76349107714,-3,1398,2672
76349137999,76349137997,-2,1333,2427
76349524289,76349524286,-3,1262,1996
76352376512,76352376509,-3,1138,2758
76366098962,76366098961,-1,1121,2542
76367308795,76367308790,-5,870,3084
76369738554,76369738552,-2,1125,2584
76371651945,76371651942,-3,1094,2191
76373135102,76373135098,-4,1253,1986
76373170500,76373170495,-5,201,711
76373504294,76373504288,-6,1025,2357
76374475159,76374475160,1,1307,2454
76374609241,76374609240,-1,1220,1618
76375872288,76375872286,-2,1015,2456
76379976825,76379976822,-3,867,2039
76380315896,76380315900,4,1816,1824
76383426225,76383426225,0,16333,18056
76385196115,76385196114,-1,1385,2039
76386626182,76386626181,-1,1146,2027
76387915255,76387915254,-1,1185,1454
76391327878,76391327876,-2,1005,2103
76393742199,76393742197,-2,1306,3152
76395688323,76395688320,-3,1033,2882
76397454099,76397454098,-1,1276,2355
76400262366,76400262363,-3,922,2039
76403358194,76403358192,-2,840,1552
76406956480,76406956479,-1,32063,48127
76408854075,76408854072,-3,1786,2263
76413890129,76413890127,-2,1367,2764
76415072465,76415072464,-1,1311,1883
76417406457,76417406454,-3,1442,2223
76418013015,76418013001,-14,1026,377
76421288136,76421288134,-2,1328,2053
76421787557,76421787557,0,1391,2031
76426472527,76426472526,-1,1106,1656
76431369949,76431369945,-4,1487,3489
76434638566,76434638565,-1,1423,1723
76438567562,76438567559,-3,805,1739
76439540412,76439540411,-1,1507,1633
76439953427,76439953423,-4,1053,2616
76441607582,76441607586,4,1518,965
76447050522,76447050519,-3,1069,1571
76448351605,76448351601,-4,1322,2950
76448590478,76448590494,16,564,766
76453684000,76453683998,-2,1187,1690
76461876018,76461876017,-1,923,1939
76465154148,76465154144,-4,1556,4024
76473727918,76473727915,-3,929,1606
76474080485,76474080482,-3,926,1735
76475187838,76475187835,-3,914,1964
76477892461,76477892457,-4,788,1708
76479140273,76479140273,0,1226,1891
76479947172,76479947170,-2,1474,1964
76480578820,76480578811,-9,929,2799
76485729397,76485729390,-7,1196,3430
76487493430,76487493425,-5,1094,2241
76491761762,76491761758,-4,624,1714
76496418219,76496418215,-4,1290,2491
76499212173,76499212170,-3,1204,1925
76502260655,76502260655,0,1372,1840
76503786895,76503786890,-5,874,2165
76507604905,76507604902,-3,1359,2466
76508295342,76508295338,-4,847,2802
76508497121,76508497118,-3,942,2928
76511295828,76511295825,-3,973,1901
76511523232,76511523238,6,2768,2041
76516399880,76516399878,-2,1130,1990
76520311538,76520311535,-3,1034,3159
76520375761,76520375758,-3,1139,1835
76522917518,76522917515,-3,865,1643
76526599278,76526599274,-4,889,3076
76533520186,76533520183,-3,1181,1971
76535170559,76535170557,-2,1026,2185
76540957466,76540957463,-3,1197,2675
76543231470,76543231450,-20,1456,1350
76545389986,76545389988,2,1239,2172
76550974583,76550974578,-5,1033,1850
76551417515,76551417510,-5,1285,2201
76554341126,76554341123,-3,1166,1695
76555715457,76555715454,-3,1402,2449
76557471628,76557471625,-3,922,1816
76558044159,76558044157,-2,1034,2437
76558599681,76558599678,-3,837,1646
76563748425,76563748425,0,5113,5235
76564886730,76564886732,2,2219,2241
76566012746,76566012742,-4,837,2239
76571633485,76571633481,-4,1122,2527
76574463146,76574463142,-4,1122,2130
76575717498,76575717498,0,1188,1258
76578820638,76578820632,-6,1010,2100
76579023282,76579023281,-1,1266,2467
76582114275,76582114272,-3,1065,1515
76585527355,76585527354,-1,1074,3004
76586111550,76586111549,-1,1107,2088
76587895078,76587895074,-4,1068,2641
76589667791,76589667789,-2,1146,2433
76590056894,76590056893,-1,1395,2239
76592942730,76592942726,-4,749,1096
76593955646,76593955658,12,260,1391
76594931164,76594931161,-3,1068,1138
76607253762,76607253758,-4,1375,3188
76607588687,76607588685,-2,1090,1800
76608512370,76608512368,-2,1028,2650
76609061124,76609061139,15,373,968
76619672615,76619672612,-3,986,2580
76628842402,76628842399,-3,877,1397
76631555822,76631555817,-5,1055,3158
76631814183,76631814163,-20,1434,2870
76633853455,76633853450,-5,1243,2349
76641393799,76641393798,-1,661,1512
76647216602,76647216601,-1,827,2536
76649055087,76649055083,-4,1245,2863
76649583203,76649583202,-1,1267,1857
76651973747,76651973746,-1,829,1683
76656254162,76656254158,-4,685,1458
76657998788,76657998786,-2,1651,2928
76660132356,76660132353,-3,1058,2660
76668931223,76668931221,-2,1025,1983
76669025984,76669025979,-5,1235,3038
76674252930,76674252930,0,1302,2377
76676491132,76676491130,-2,1261,2135
76678532679,76678532678,-1,1246,2691
76683306058,76683306054,-4,1273,2011
76683656123,76683656122,-1,1101,2188
76685534905,76685534903,-2,731,1355
76689856094,76689856092,-2,946,1942
76694497026,76694497023,-3,1018,2360
76698836982,76698836978,-4,718,2101
76699285631,76699285629,-2,745,2508
76699923923,76699923920,-3,1146,2695
76700553189,76700553186,-3,1110,2610
76705857976,76705857975,-1,1745,2290
76706605805,76706605801,-4,1544,2522
76707021694,76707021693,-1,1680,3317
76709368071,76709368066,-5,736,1669
76714225324,76714225324,0,1074,1466
76715108755,76715108753,-2,773,2239
76716672103,76716672099,-4,1036,1996
76716737946,76716737943,-3,1291,2711
76719409223,76719409221,-2,946,2037
76721309911,76721309908,-3,841,2045
76723145101,76723145099,-2,778,1953
76723837939,76723837934,-5,1295,2833
76724736322,76724736322,0,1770,3179
76731272835,76731272835,0,880,1418
76734411026,76734411024,-2,1614,2207
76739226330,76739226325,-5,1441,2422
76743603535,76743603537,2,775,796
76745795530,76745795528,-2,1078,2563
76750312190,76750312189,-1,1087,2655
76755660783,76755660781,-2,952,1769
76755755671,76755755670,-1,1177,1836
76758985623,76758985630,7,8885,27866
76761764498,76761764492,-6,826,4451
76771996539,76771996535,-4,1727,2702
76773554379,76773554376,-3,1336,2487
76774865839,76774865837,-2,785,2496
76779301083,76779301080,-3,775,2528
76787841812,76787841807,-5,1407,3052
76792334181,76792334178,-3,1374,2271
76792921803,76792921806,3,1494,1463
76797954448,76797954445,-3,1172,2028
76798407783,76798407779,-4,1070,1919
76801550571,76801550565,-6,920,4782
76801838162,76801838160,-2,1478,3301
76802901964,76802901962,-2,1400,1507
76815503110,76815503108,-2,1232,2374
76818839680,76818839676,-4,1058,1729
76819912779,76819912775,-4,1119,2526
76821457470,76821457468,-2,897,1918
76822270950,76822270957,7,257,727
76824154619,76824154615,-4,1747,2712
76825483426,76825483424,-2,800,2177
76829133370,76829133366,-4,880,2483
76833701200,76833701221,21,222,632
76840024763,76840024759,-4,1291,2580
76840360853,76840360850,-3,615,3009
76840779870,76840779887,17,577,1259
76841232766,76841232759,-7,1069,3484
76841657158,76841657155,-3,1093,2968
76842415271,76842415269,-2,542,625
76842703443,76842703440,-3,1247,3124
76843194213,76843194214,1,1506,1711
76845460238,76845460236,-2,1042,1118
76852526562,76852526559,-3,947,1778
76853562222,76853562222,0,639,1082
76854057734,76854057730,-4,1051,1703
76854456479,76854456474,-5,1263,2402
76857425227,76857425224,-3,1220,2292
76858250361,76858250366,5,2097,1167
76860065415,76860065410,-5,1131,2439
76861223643,76861223641,-2,855,2280
76862019742,76862019725,-17,1020,2189
76862316406,76862316387,-19,673,1685
76866497266,76866497264,-2,1075,2512
76877701193,76877701190,-3,919,2478
76878913745,76878913741,-4,932,1601
76881383175,76881383194,19,530,1064
76885668315,76885668314,-1,1285,3138
76886211878,76886211878,0,1203,1974
76890104851,76890104846,-5,972,3826
76895223189,76895223187,-2,947,1591
76897504037,76897504033,-4,1035,1405
76897854733,76897854731,-2,1038,2567
76901439674,76901439669,-5,1235,4753
76906490054,76906490058,4,4871,3370
76908869609,76908869605,-4,1148,1830
76909957377,76909957374,-3,993,1676
76911486403,76911486401,-2,1254,2571
76913014104,76913014102,-2,1443,2588
76915369743,76915369739,-4,689,1527
76918189715,76918189716,1,1643,1903
76919872062,76919872058,-4,969,2081
76921339241,76921339241,0,1413,1944
76921422194,76921422190,-4,672,1444
76923588419,76923588412,-7,845,1575
76925521207,76925521201,-6,888,5073
76936213197,76936213195,-2,1611,2789
76940296436,76940296434,-2,1012,2992
76944108244,76944108239,-5,1165,2368
76947021985,76947021984,-1,1570,2730
76949558367,76949558366,-1,1050,1163
76950328733,76950328731,-2,1681,2568
76952338977,76952338973,-4,1510,3336
76953277935,76953277932,-3,944,2113
76953372637,76953372635,-2,1016,1931
76955001247,76955001244,-3,733,1679
76959395587,76959395582,-5,1628,2530
76960993684,76960993681,-3,1443,2103
76962031456,76962031453,-3,1673,2577
76962781762,76962781762,0,1678,1592
76963873182,76963873184,2,1670,1899
76969554770,76969554769,-1,1195,2050
76970256771,76970256767,-4,1329,2979
76979439551,76979439548,-3,1091,2369
76980640376,76980640381,5,2346,1442
76981452038,76981452038,0,939,1947
76982689346,76982689343,-3,1505,2983
76984687003,76984687000,-3,1268,2598
76985434214,76985434210,-4,1388,3522
76986412563,76986412560,-3,1449,2274
76988409453,76988409453,0,1010,2777
76991708476,76991708480,4,2301,1310
76991804361,76991804358,-3,1374,3401
76994335579,76994335576,-3,1401,1824
76995910533,76995910529,-4,1023,1465
76999584293,76999584290,-3,1201,1931
77001305923,77001305918,-5,1030,1942
77003043711,77003043711,0,930,1500
77006505478,77006505475,-3,1296,2467
77008264911,77008264911,0,1516,2497
77009726807,77009726803,-4,1218,2286
77016112610,77016112606,-4,721,2087
77018829510,77018829508,-2,1146,2180
77019354703,77019354702,-1,1254,1034
77022195380,77022195383,3,1405,1102
77026604860,77026604855,-5,1127,2881
77028080932,77028080922,-10,174,1551
77028482861,77028482879,18,9,1970
77029856278,77029856274,-4,1137,2685
77031884785,77031884782,-3,1447,1794
77032275314,77032275310,-4,992,2906
77034388105,77034388100,-5,1058,1907
77037218585,77037218580,-5,1436,3675
77038146122,77038146122,0,1671,1919
77039459138,77039459141,3,1813,1357
77042567448,77042567446,-2,854,2045
77043828479,77043828477,-2,1239,2114
77046665680,77046665695,15,477,710
77046783327,77046783326,-1,1272,1992
77051133147,77051133146,-1,741,1473
77053475006,77053475002,-4,958,2030
77058776147,77058776150,3,1768,1461
77062229459,77062229459,0,947,2435
77063823335,77063823333,-2,1288,1429
77072657974,77072657971,-3,893,2055
77073195406,77073195406,0,1559,2063
77089715446,77089715446,0,1286,1681
77089764098,77089764094,-4,948,1884
77093323187,77093323194,7,18887,50130
77104088973,77104088971,-2,1151,2152
77104386898,77104386894,-4,1252,1846
77108532250,77108532256,6,3906,1813
77109010667,77109010666,-1,1063,2139
77113333063,77113333062,-1,668,1203
77114922811,77114922808,-3,654,2711
77118691594,77118691591,-3,856,2471
77124948103,77124948094,-9,37836,12849
77130059510,77130059508,-2,723,1235
77130401862,77130401861,-1,1254,1703
77133067945,77133067942,-3,1575,2515
77133390321,77133390319,-2,1151,2712
77134693813,77134693810,-3,1344,2724
77136957594,77136957591,-3,976,2474
77137639320,77137639317,-3,1367,3116
77138112717,77138112739,22,871,1461
77139707749,77139707743,-6,1765,5826
77139791057,77139791054,-3,958,1930
77151420948,77151420939,-9,45734,15124
77154826825,77154826819,-6,818,2082
77161741945,77161741945,0,977,1730
77163199095,77163199091,-4,644,1197
77167434669,77167434665,-4,1128,2135
77171690843,77171690842,-1,1551,2183
77174972930,77174972928,-2,1360,2547
77190932406,77190932402,-4,1125,2403
77191281307,77191281303,-4,1213,2451
77196901275,77196901273,-2,884,2128
77199479882,77199479880,-2,1431,2543
77204040214,77204040211,-3,980,2027
77205742615,77205742612,-3,816,2325
77212911230,77212911226,-4,1026,2825
77213724946,77213724941,-5,1458,2138
77214451460,77214451458,-2,1026,2063
77215090221,77215090205,-16,996,2166
77215583746,77215583746,0,1110,2711
77222257778,77222257776,-2,1006,1779
77223782402,77223782400,-2,1112,2607
77225271567,77225271565,-2,867,1549
77232856569,77232856566,-3,1255,2048
77244953297,77244953290,-7,980,5616
77246382357,77246382354,-3,1351,2652
77252930965,77252930962,-3,1352,3529
77257132143,77257132138,-5,971,1158
77259361586,77259361584,-2,926,1712
77259775031,77259775028,-3,866,1451
77261972105,77261972101,-4,1113,2022
77262751144,77262751141,-3,954,2600
77263372574,77263372594,20,328,781
77266813150,77266813149,-1,835,1800
77269552451,77269552428,-23,1267,1579
77272456207,77272456206,-1,1120,2442
77273574259,77273574256,-3,775,1718
77275595106,77275595106,0,4815,5215
77277665029,77277665025,-4,1560,2053
77280113383,77280113379,-4,902,1904
77282004575,77282004572,-3,972,1983
77285036350,77285036349,-1,1367,1025
77286409127,77286409123,-4,820,1858
77289880863,77289880861,-2,865,2378
77290806088,77290806089,1,1204,1280
77294075711,77294075706,-5,1021,2645
77294140053,77294140069,16,1110,2224
77297565679,77297565682,3,2899,2535
77298953161,77298953157,-4,1796,2677
77299524870,77299524866,-4,1439,3282
77299967601,77299967601,0,989,1823
77301075126,77301075124,-2,782,980
77306497252,77306497251,-1,790,1726
77307473171,77307473179,8,10290,28386
77312432271,77312432269,-2,1598,2227
77312639069,77312639067,-2,793,1870
77318533384,77318533379,-5,1091,1863
77321463026,77321463031,5,3412,2118
77323981922,77323981921,-1,1022,1525
77324045877,77324045882,5,3485,1342
77326243662,77326243661,-1,988,1321
77326488067,77326488065,-2,893,2013
77328267416,77328267418,2,1527,1212
77332528028,77332528033,5,10748,18864
77336805809,77336805811,2,1591,1703
77338953161,77338953158,-3,848,1860
77344569406,77344569404,-2,932,2349
77345131877,77345131874,-3,1246,2239
77348171553,77348171549,-4,1629,3001
77352940031,77352940035,4,3693,2697
77353899289,77353899272,-17,838,2203
77355414458,77355414454,-4,1059,1799
77356271275,77356271273,-2,1100,2018
77356730274,77356730270,-4,1902,2898
77367431031,77367431026,-5,625,1942
77372412682,77372412678,-4,1090,2503
77374406475,77374406474,-1,1102,2055
77374552900,77374552894,-6,35424,14478
77374605299,77374605296,-3,962,3029
77377799603,77377799601,-2,1378,3126
77382513935,77382513934,-1,1202,2162
77389691242,77389691239,-3,1073,2414
77390013077,77390013074,-3,1523,1892
77391498727,77391498726,-1,1047,1595
77393892981,77393892978,-3,1012,2028
77394022517,77394022514,-3,1185,1971
77394063872,77394063885,13,556,2035
77398560410,77398560408,-2,1048,1925
77401275798,77401275794,-4,1240,3026
77403292979,77403292976,-3,1037,1333
77406585732,77406585727,-5,1092,4323
77407671084,77407671074,-10,944,2928
77407997373,77407997369,-4,1111,2275
77408126582,77408126580,-2,1109,2653
77408890982,77408890975,-7,934,3361
77412611582,77412611579,-3,804,1604
77414134677,77414134675,-2,1071,2449
77416731691,77416731689,-2,1454,2689
77419520075,77419520074,-1,2087,1719
77424830786,77424830786,0,1632,1644
77427656257,77427656254,-3,1107,2165
77428489784,77428489779,-5,1331,2614
77431422921,77431422918,-3,1429,2498
77448875712,77448875707,-5,1240,3175
77450564477,77450564481,4,15045,10653
77451251145,77451251142,-3,1022,1710
77455899750,77455899747,-3,919,1627
77456990072,77456990070,-2,1345,2350
77458450105,77458450103,-2,1404,2593
77467363850,77467363849,-1,1162,2809
77472493459,77472493458,-1,1497,2004
77478499774,77478499770,-4,772,2079
77488524707,77488524707,0,578,1244
77489937088,77489937085,-3,1265,2430
77491965206,77491965204,-2,1188,1927
77493727262,77493727249,-13,43197,16308
77495439151,77495439155,4,1282,924
77496015056,77496015070,14,1139,3152
77499707887,77499707885,-2,1262,2654
77500241537,77500241534,-3,1088,1974
77500648261,77500648282,21,1150,1955
77500907951,77500907948,-3,871,1756
77501136697,77501136694,-3,1580,2770
77501650914,77501650911,-3,1055,1985
77502622026,77502622024,-2,1024,19453
77503915410,77503915410,0,964,1658
77506851114,77506851110,-4,913,1933
77528992879,77528992875,-4,850,2243
77531295031,77531295027,-4,1375,3047
77533123389,77533123387,-2,1318,1594
77533888772,77533888794,22,924,1908
77534254630,77534254625,-5,771,1456
77534298671,77534298691,20,809,2218
77538452950,77538452947,-3,879,2058
77540832517,77540832513,-4,807,1802
77544537114,77544537114,0,596,1061
77549295518,77549295515,-3,1672,2343
77550602078,77550602077,-1,684,1380
77550657986,77550657993,7,2454,976
77553229437,77553229436,-1,723,2028
77554587446,77554587444,-2,1661,2111
77554690870,77554690870,0,1085,2255
77554943279,77554943260,-19,1206,2094
77556318545,77556318545,0,703,1692
77556567074,77556567071,-3,1324,2616
77561690515,77561690510,-5,1124,2135
77568974379,77568974377,-2,1332,2138
77569651570,77569651548,-22,1572,1556
77570209450,77570209446,-4,1336,2494
77570341413,77570341409,-4,1030,2548
77572255381,77572255377,-4,999,2410
77588979915,77588979913,-2,774,1098
77591254810,77591254808,-2,1203,2777
77594661209,77594661206,-3,1373,2417
77594855293,77594855313,20,1020,2865
77597317056,77597317054,-2,1125,1850
77599476842,77599476841,-1,1019,1884
77600896618,77600896616,-2,3064,5419
77602578155,77602578152,-3,1154,1946
77606356114,77606356110,-4,1019,2633
77606419732,77606419753,21,405,1657
77606836999,77606836997,-2,1015,2073
77609196190,77609196190,0,1895,1224
77611039354,77611039353,-1,1193,2045
77612967319,77612967316,-3,782,2736
77613650480,77613650499,19,1057,2608
77614523135,77614523134,-1,1019,2003
77620329571,77620329566,-5,1076,3265
77628214095,77628214095,0,1037,1414
77629750407,77629750402,-5,1074,1747
77633893174,77633893174,0,1415,2494
77635143044,77635143037,-7,623,2154
77639638757,77639638738,-19,2237,1710
77647041726,77647041722,-4,1075,1698
77647431809,77647431810,1,1125,2432
77648441244,77648441242,-2,1605,2423
77649538071,77649538068,-3,1047,2396
77649649599,77649649612,13,295,1040
77651006959,77651006958,-1,415,1843
77651575506,77651575486,-20,1437,2599
77652349190,77652349189,-1,1015,1713
77654289134,77654289126,-8,868,2547
77659775187,77659775183,-4,1055,2427
77660993448,77660993466,18,922,1544
77662295161,77662295162,1,1094,1676
77662933230,77662933230,0,1242,2577
77667878389,77667878387,-2,1106,2272
77671498084,77671498082,-2,1424,2486
77674705634,77674705633,-1,1033,2552
77679404582,77679404578,-4,1061,2069
77680083705,77680083702,-3,1090,2302
77681079514,77681079512,-2,1390,2533
77681804710,77681804710,0,1310,2099
77682656734,77682656730,-4,1510,2025
77685232359,77685232355,-4,1051,1640
77701051316,77701051314,-2,1125,2356
77703188193,77703188191,-2,940,2323
77709555151,77709555150,-1,906,1428
77713012366,77713012365,-1,908,2372
77713993566,77713993563,-3,1062,2317
77715248790,77715248793,3,3779,3253
77716593506,77716593504,-2,1297,2579
77716779351,77716779350,-1,991,2414
77718340830,77718340826,-4,1041,1793
77719291349,77719291369,20,1069,2551
77719648764,77719648761,-3,1644,2884
77723664489,77723664486,-3,2442,5364
77728296691,77728296687,-4,1235,2543
77729382358,77729382354,-4,954,2689
77730717324,77730717324,0,1073,1517
77733220104,77733220100,-4,1070,1804
77742825577,77742825574,-3,860,2361
77743073330,77743073327,-3,1450,2469
77747582854,77747582855,1,1777,2292
77750000867,77750000864,-3,1113,2355
77751330918,77751330917,-1,1136,2290
77751797991,77751797987,-4,1483,2285
77753591018,77753591015,-3,1108,2075
77755714078,77755714076,-2,1424,2775
77755976643,77755976642,-1,1135,1880
77759382399,77759382397,-2,822,1184
77759571831,77759571817,-14,94,1297
77761799464,77761799479,15,938,2583
77762652142,77762652140,-2,1393,2816
77767479583,77767479580,-3,1069,1713
77768249475,77768249473,-2,1045,2072
77769813255,77769813252,-3,1127,2168
77770508606,77770508591,-15,940,1964
77773582899,77773582896,-3,1258,2417
77774855684,77774855689,5,3714,2315
77777582198,77777582194,-4,1002,1370
77778659919,77778659917,-2,1423,2393
77783230154,77783230150,-4,922,2345
77784820434,77784820433,-1,688,2086
77788464207,77788464208,1,21626,26976
77790177878,77790177874,-4,1440,2289
77801800070,77801800072,2,1058,1518
77806430188,77806430185,-3,1308,2582
77807562664,77807562663,-1,1501,1882
77811848398,77811848398,0,1484,2193
77812739767,77812739762,-5,904,2712
77814774137,77814774138,1,1592,2033
77815558370,77815558369,-1,1956,2256
77820828488,77820828485,-3,1193,2370
77821059871,77821059888,17,814,1306
77825799881,77825799877,-4,1496,2955
77825926087,77825926082,-5,640,1441
77826507690,77826507686,-4,1270,1856
77837662566,77837662565,-1,900,1745
77838387274,77838387272,-2,1093,1995
77842845009,77842845015,6,2355,1314
77844480920,77844480917,-3,1239,3003
77846441470,77846441470,0,1708,3046
77846846729,77846846726,-3,1157,2026
77849826115,77849826113,-2,1179,1872
77851937749,77851937748,-1,971,2395
77851963942,77851963938,-4,1023,2365
77852109363,77852109362,-1,1036,2018
77852639735,77852639726,-9,1263,2910
77853155567,77853155581,14,351,1366
77853279486,77853279486,0,1474,2003
77860029425,77860029423,-2,1315,3195
77861078392,77861078389,-3,1619,2919
77861290284,77861290286,2,922,1125
77867680802,77867680798,-4,1224,1360
77868097755,77868097752,-3,1082,2158
77871177165,77871177163,-2,1202,2419
77874366967,77874366965,-2,1341,2000
77874690254,77874690252,-2,1158,1895
77874728041,77874728038,-3,1073,2590
77874857374,77874857363,-11,1121,1164
77876336831,77876336825,-6,1001,2346
77877716023,77877716021,-2,1734,2215
77879721937,77879721933,-4,877,2540
77885248557,77885248558,1,1035,1368
77886773729,77886773748,19,852,147
77889782110,77889782108,-2,1129,2444
77889945479,77889945469,-10,1298,2162
77893629026,77893629022,-4,924,1696
77894430735,77894430732,-3,1190,2035
77894915670,77894915677,7,12985,28055
77895326925,77895326924,-1,1331,3473
77905632503,77905632502,-1,1221,1804
77906015614,77906015626,12,422,998
77906680782,77906680779,-3,705,2391
77909961845,77909961843,-2,1147,1555
77910191862,77910191859,-3,940,1880
77912497839,77912497837,-2,981,1698
77920448401,77920448398,-3,988,3408
77924228278,77924228274,-4,797,2436
77925969781,77925969778,-3,1207,2403
77932076494,77932076490,-4,1330,3333
77933387231,77933387230,-1,735,2252
77934061375,77934061373,-2,1008,1959
77934360943,77934360941,-2,806,1386
77937668131,77937668130,-1,1110,2294
77943082356,77943082354,-2,949,2286
77944934833,77944934831,-2,1653,2072
77944985271,77944985269,-2,935,1741
77946736769,77946736765,-4,683,1899
77954966006,77954966004,-2,1052,1578
77959858773,77959858770,-3,1353,3001
77961403898,77961403894,-4,1301,3241
77961830166,77961830162,-4,759,1274
77963386125,77963386126,1,1027,1870
77963933901,77963933899,-2,1079,2476
77966370971,77966370966,-5,1067,1779
77966401178,77966401175,-3,1195,2498
77968690098,77968690098,0,1486,2148
77970273330,77970273332,2,1926,1680
77972454041,77972454038,-3,846,2246
77973661255,77973661253,-2,1170,2749
77976044494,77976044491,-3,1402,2624
77976503530,77976503529,-1,1240,2333
77976759807,77976759804,-3,875,2173
77978060705,77978060701,-4,1058,3072
77982810311,77982810305,-6,1257,4309
77984163569,77984163567,-2,1250,3103
77984234019,77984234019,0,1295,1660
77988636487,77988636487,0,1307,1859
77989426986,77989426983,-3,25693,9086
77989628122,77989628122,0,1024,950
77994267540,77994267537,-3,1491,1715
77997370427,77997370423,-4,888,2827
78000228986,78000228985,-1,1360,1658
78004186531,78004186528,-3,1078,2195
78007990994,78007990996,2,2898,2187
78013321981,78013321978,-3,1434,2540
78013464589,78013464587,-2,1015,1730
78016466282,78016466280,-2,1280,2202
78018478079,78018478077,-2,1254,1722
78023296195,78023296194,-1,998,1894
78025275702,78025275698,-4,1407,2805
78026771779,78026771777,-2,989,1587
78037834213,78037834192,-21,1825,697
78039367991,78039367988,-3,1503,2225
78041172565,78041172563,-2,1137,2206
78043449195,78043449196,1,1658,2045
78043988289,78043988285,-4,1321,2584
78044854476,78044854471,-5,1335,2686
78048795138,78048795134,-4,1625,3204
78049727385,78049727383,-2,1179,1760
78049789741,78049789734,-7,1041,2822
78052156869,78052156866,-3,1335,3571
78052529291,78052529288,-3,1578,5120
78056252782,78056252778,-4,1557,2144
78057017829,78057017812,-17,837,1910
78062193577,78062193574,-3,1158,3589
78064778182,78064778178,-4,954,4340
78068785575,78068785574,-1,1073,3345
78071860503,78071860500,-3,1208,2560
78077421038,78077421035,-3,699,1086
78077770453,78077770472,19,1349,2258
78079586262,78079586270,8,3088,1232
78080463662,78080463659,-3,1143,2217
78080609798,78080609813,15,781,2659
78084677427,78084677425,-2,1673,2328
78096280070,78096280065,-5,1146,2514
78096876681,78096876677,-4,1210,2391
78098684932,78098684930,-2,1423,2042
78100349719,78100349717,-2,1082,1828
78100536941,78100536938,-3,1282,2193
78101130785,78101130783,-2,964,1455
78103214382,78103214381,-1,1148,2094
78103245942,78103245935,-7,900,2175
78105927998,78105927997,-1,1060,2750
78108977345,78108977350,5,2080,1433
78109534622,78109534617,-5,19670,14862
78112679237,78112679235,-2,958,2767
78113738534,78113738531,-3,1516,1833
78115714283,78115714281,-2,672,1469
78120001499,78120001494,-5,959,2796
78120131119,78120131107,-12,1184,2256
78122201110,78122201106,-4,923,1754
78130578665,78130578661,-4,998,2861
78137541874,78137541870,-4,899,2076
78140293265,78140293262,-3,1388,3039
78147493938,78147493937,-1,1286,1402
78150738700,78150738698,-2,2046,2696
78151965728,78151965722,-6,1104,2167
78153198295,78153198291,-4,590,2035
78154485534,78154485555,21,456,882
78155153458,78155153457,-1,1080,1897
78155266085,78155266083,-2,1214,1488
78158255696,78158255693,-3,783,2757
78159297134,78159297131,-3,877,2122
78159351885,78159351887,2,1169,1500
78160086071,78160086087,16,907,1919
78169754831,78169754827,-4,1232,4263
78170742431,78170742431,0,1259,2308
78172752810,78172752806,-4,1119,2055
78174014579,78174014577,-2,1265,2968
78175847250,78175847245,-5,1065,5607
78176494817,78176494812,-5,1212,3481
78178213806,78178213802,-4,873,3078
78180355387,78180355385,-2,1075,2491
78191350022,78191350028,6,6588,35821
78194400955,78194400952,-3,869,2243
78194540350,78194540351,1,497,1289
78195811199,78195811210,11,1211,1971
78197239795,78197239795,0,1301,2132
78198627057,78198627059,2,1817,1805
78200789801,78200789805,4,3742,1619
78204115166,78204115162,-4,1336,2291
78211498063,78211498060,-3,1122,1621
78213108006,78213108004,-2,830,2104
78213434681,78213434679,-2,984,1959
78213947145,78213947142,-3,1384,2599
78216180607,78216180586,-21,138,767
78223175599,78223175598,-1,1144,1833
78223954372,78223954392,20,781,1538
78224842783,78224842782,-1,1091,2793
78225096986,78225096983,-3,1365,3211
78226971443,78226971438,-5,1392,2594
78231503382,78231503380,-2,969,2024
78232598381,78232598384,3,2854,1989
78237448928,78237448925,-3,1125,1794
78242192953,78242192953,0,746,1796
78243293890,78243293890,0,1199,2602
78243624275,78243624271,-4,897,2642
78248630159,78248630153,-6,1306,4501
78249636145,78249636142,-3,1453,2351
78250604143,78250604140,-3,1222,2417
78250888949,78250888929,-20,1109,2066
78252977011,78252977009,-2,1011,1706
78257048002,78257047999,-3,891,1955
78257979443,78257979439,-4,961,1609
78262545723,78262545721,-2,1002,1589
78262814831,78262814825,-6,1456,1278
78263832059,78263832060,1,1344,1428
78267400850,78267400847,-3,1225,2647
78267975074,78267975079,5,1100,950
78268986694,78268986690,-4,1341,3012
78269777177,78269777176,-1,11267,17327
78279344287,78279344285,-2,823,1879
78282677882,78282677878,-4,1192,2662
78283041470,78283041467,-3,1070,2010
78283282511,78283282509,-2,1325,2200
78286971431,78286971438,7,4491,1222
78290635369,78290635366,-3,1216,2016
78295350407,78295350406,-1,969,1774
78298334991,78298334989,-2,957,1920
78299855845,78299855838,-7,62,639
78301774111,78301774109,-2,700,1102
78301967490,78301967486,-4,1382,2950
78302455437,78302455434,-3,1243,3228
78310445350,78310445347,-3,1097,2018
78320538775,78320538772,-3,1102,2489
78320761999,78320762002,3,139,1570
78321980993,78321980990,-3,633,1824
78328827945,78328827947,2,2386,1965
78335464098,78335464097,-1,892,1576
78336456621,78336456619,-2,1419,1979
78337167810,78337167805,-5,1804,3452
78344021491,78344021487,-4,1275,2342
78344485403,78344485411,8,6135,36554
78347657754,78347657754,0,6289,7657
78348975477,78348975473,-4,1202,2941
78351398221,78351398218,-3,1115,1539
78353556589,78353556586,-3,974,1992
78361104087,78361104084,-3,1268,3012
78366048492,78366048489,-3,1048,1683
78367483688,78367483686,-2,1221,2752
78370892458,78370892462,4,1500,931
78373495125,78373495119,-6,9026,15239
78373806324,78373806322,-2,1205,2377
78374020324,78374020326,2,1777,1711
78376279795,78376279790,-5,1466,2436
78388083287,78388083284,-3,879,2294
78388937403,78388937398,-5,979,3116
78391177231,78391177229,-2,1314,1969
78391414261,78391414258,-3,1493,3539
78391943655,78391943651,-4,1173,2681
78394025269,78394025266,-3,754,957
78398737163,78398737161,-2,1081,2426
78401049799,78401049796,-3,866,2208
78401292796,78401292799,3,32,712
78401751350,78401751349,-1,765,1070
78412476630,78412476627,-3,921,2354
78414858246,78414858250,4,31510,39009
78416104834,78416104832,-2,2150,3605
78416273353,78416273352,-1,1107,1884
78416833010,78416833007,-3,1038,1997
78417795445,78417795441,-4,1681,2617
78423210255,78423210251,-4,791,2314
78423903086,78423903085,-1,1742,3666
78426963427,78426963421,-6,2129,11082
78427866338,78427866336,-2,1239,3173
78429716302,78429716302,0,1335,1429
78431031787,78431031784,-3,1091,2350
78437121731,78437121728,-3,1238,1954
78438089921,78438089918,-3,1213,2537
78439266296,78439266294,-2,1106,1838
78440332742,78440332739,-3,1061,2301
78444199898,78444199895,-3,870,2254
78445618776,78445618769,-7,839,2301
78450213770,78450213768,-2,1014,3170
78457301994,78457302007,13,12291,41163
78463069069,78463069069,0,2905,3087
78463156040,78463156039,-1,858,2191
78466371821,78466371838,17,1295,2246
78468084331,78468084326,-5,888,1938
78468887710,78468887709,-1,987,1938
78470599946,78470599942,-4,1033,2076
78472443166,78472443163,-3,1232,2591
78478581338,78478581340,2,5469,23441
78480703621,78480703617,-4,1113,2319
78481761280,78481761294,14,824,1762
78483773568,78483773565,-3,1086,1908
78491341440,78491341437,-3,821,1600
78492824068,78492824065,-3,1217,3053
78494007291,78494007285,-6,689,3141
78495236411,78495236409,-2,638,1764
78497471788,78497471788,0,1171,1186
78497538820,78497538818,-2,1339,3256
78499208548,78499208545,-3,19025,55616
78505114788,78505114788,0,1040,1383
78511359402,78511359398,-4,1005,1382
78519037435,78519037432,-3,1150,2083
78521314294,78521314299,5,4650,2974
78524432490,78524432486,-4,952,2907
78526934247,78526934243,-4,978,1858
78527800546,78527800543,-3,923,1839
78528617504,78528617514,10,10823,37305
78533322038,78533322037,-1,1482,2151
78535821146,78535821140,-6,1707,4209
78542698701,78542698699,-2,1786,2666
78543348247,78543348245,-2,1397,2432
78544097116,78544097135,19,404,1676
78547652047,78547652043,-4,1188,1925
78547727863,78547727865,2,139,1297
78554577223,78554577217,-6,3680,9353
78557145009,78557145021,12,13553,48653
78561507683,78561507681,-2,1452,2219
78567008099,78567008096,-3,1009,2420
78567352831,78567352832,1,1441,1720
78571833098,78571833094,-4,1175,2408
78573322324,78573322322,-2,770,1412
78573702371,78573702366,-5,1484,3911
78575187134,78575187131,-3,724,931
78585941230,78585941227,-3,1277,2243
78586645754,78586645754,0,1514,2345
78594882994,78594882990,-4,1067,2494
78597701230,78597701228,-2,1216,1506
78599968339,78599968337,-2,1300,2703
78600343764,78600343782,18,271,678
78601149220,78601149235,15,137,925
78603774465,78603774462,-3,1027,2668
78610220784,78610220780,-4,1252,2179
78610417642,78610417638,-4,1314,2714
78610944100,78610944099,-1,1219,2521
78611346102,78611346100,-2,1277,2357
78611836591,78611836574,-17,4,639
78613983875,78613983874,-1,1186,2182
78616639514,78616639513,-1,652,1640
78618398243,78618398239,-4,975,3159
78621808267,78621808264,-3,1122,2780
78623184538,78623184543,5,6321,2388
78626397809,78626397805,-4,1301,1832
78627195859,78627195854,-5,1193,2789
78628338510,78628338506,-4,1222,2660
78629005479,78629005479,0,937,1741
78631302302,78631302287,-15,1019,2215
78632932927,78632932925,-2,1342,2069
78639601038,78639601037,-1,1409,2356
78649111726,78649111726,0,1264,1404
78654301653,78654301650,-3,868,1866
78657103388,78657103386,-2,1534,2309
78659769399,78659769389,-10,1254,5263
78665383459,78665383456,-3,1456,3002
78668066011,78668066006,-5,1195,2982
78668957532,78668957513,-19,923,1346
78671205931,78671205932,1,1251,2108
78672919966,78672919963,-3,950,1831
78673641110,78673641107,-3,813,2493
78677046373,78677046372,-1,1494,2098
78680414068,78680414063,-5,917,2323
78681511887,78681511884,-3,1338,2766
78687477709,78687477706,-3,1651,2628
78688155713,78688155711,-2,1561,2446
78688967502,78688967501,-1,1529,2141
78689508846,78689508850,4,3458,1591
78691363022,78691363019,-3,1002,2172
78695242455,78695242452,-3,1028,2233
78696682133,78696682130,-3,1088,2166
78696788260,78696788257,-3,1304,2780
78698668063,78698668058,-5,918,1892
78703481969,78703481967,-2,1140,1950
78711553821,78711553818,-3,972,1802
78713046997,78713046995,-2,1360,2292
78715408383,78715408375,-8,1390,1963
78717201801,78717201798,-3,1341,1779
78719109379,78719109377,-2,1022,1912
78722382029,78722382026,-3,1404,2634
78723218494,78723218493,-1,654,2128
78724978093,78724978090,-3,1282,3057
78726591762,78726591761,-1,1912,3287
78729799274,78729799271,-3,1150,2603
78731008922,78731008920,-2,1181,2463
78738515466,78738515463,-3,1068,2463
78743340794,78743340792,-2,1356,2145
78746678981,78746678980,-1,1223,1743
78748517647,78748517642,-5,1110,2297
78753078877,78753078883,6,6161,2881
78756045030,78756045026,-4,1039,1819
78756254235,78756254232,-3,869,1275
78758085982,78758085987,5,3607,1696
78759648233,78759648229,-4,1945,3162
78759801382,78759801382,0,1065,2043
78769080443,78769080439,-4,1324,3415
78775840852,78775840849,-3,1347,2002
78784050723,78784050721,-2,1232,2783
78784241425,78784241423,-2,976,2031
78785322195,78785322196,1,1060,1290
78785414149,78785414146,-3,1510,2607
78786551965,78786551986,21,817,2262
78787766681,78787766678,-3,1202,3599
78788275825,78788275822,-3,1189,2585
78789652958,78789652956,-2,827,1752
78792676069,78792676065,-4,801,2156
78797951593,78797951593,0,1284,1986
78801336298,78801336294,-4,948,2652
78802564712,78802564710,-2,1268,1812
78803078747,78803078744,-3,1386,2751
78805650502,78805650500,-2,1070,2436
78806637090,78806637086,-4,811,1217
78809222717,78809222722,5,1717,601
78810373889,78810373886,-3,1132,2506
78814315735,78814315734,-1,1422,3307
78816539575,78816539579,4,2044,1000
78819471224,78819471223,-1,1446,2370
78820638771,78820638769,-2,909,1970
78821444998,78821444995,-3,1233,2242
78822136710,78822136707,-3,1338,2448
78822283326,78822283309,-17,1256,1889
78825823717,78825823717,0,1073,1646
78827590147,78827590145,-2,932,2159
78831624430,78831624429,-1,1044,2376
78832411656,78832411673,17,1412,2358
78832978070,78832978066,-4,998,2161
78834299670,78834299665,-5,1400,3956
78840534782,78840534778,-4,1134,2187
78843333461,78843333457,-4,1423,2198
78844719275,78844719271,-4,920,2512
78848966490,78848966489,-1,964,1901
78853968926,78853968925,-1,1824,1782
78854877021,78854877018,-3,980,1857
78861395722,78861395722,0,969,1910
78865504039,78865504036,-3,1109,2581
78870412761,78870412760,-1,1274,2621
78871463335,78871463333,-2,1468,3014
78872096330,78872096330,0,1061,1881
78880566903,78880566911,8,15268,9978
78882631770,78882631768,-2,1004,2247
78886506588,78886506584,-4,1096,2696
78887791758,78887791755,-3,817,1155
78889552858,78889552854,-4,1206,2178
78891712191,78891712187,-4,1148,2817
78896312628,78896312626,-2,2604,5061
78896654094,78896654093,-1,810,1863
78902641587,78902641583,-4,1521,3793
78905427262,78905427261,-1,1184,1678
78914436182,78914436183,1,1870,2241
78918714865,78918714863,-2,1098,1246
78919102403,78919102402,-1,1239,2011
78922312195,78922312201,6,3105,1752
78923735338,78923735334,-4,1052,2831
78934106475,78934106474,-1,832,1213
78935707891,78935707889,-2,1062,2050
78938959543,78938959541,-2,1434,2668
78942657286,78942657286,0,1129,2132
78942792277,78942792274,-3,1478,2672
78943149957,78943149953,-4,952,1575
78943573305,78943573301,-4,2042,5053
78945697602,78945697597,-5,1148,2581
78948432465,78948432463,-2,1150,1461
78951235147,78951235154,7,3441,1072
78954349775,78954349793,18,802,1384
78955102974,78955102974,0,666,2002
78957351987,78957351986,-1,862,1544
78961536290,78961536290,0,1349,2084
78962427815,78962427812,-3,1111,2469
78964433578,78964433576,-2,1247,2798
78965647111,78965647109,-2,1497,2400
78968624112,78968624110,-2,1112,2203
78972187363,78972187363,0,1250,1616
78972357684,78972357682,-2,1323,1955
78977520708,78977520705,-3,1718,3655
78982257777,78982257775,-2,1200,2322
78988790082,78988790078,-4,1198,2577
78988840152,78988840150,-2,1184,2024
78994879078,78994879077,-1,1574,2422
78995170655,78995170652,-3,1250,3701
78995640201,78995640198,-3,1511,2819
78997081077,78997081077,0,1353,1835
78999518468,78999518466,-2,1340,2234
79002068993,79002068988,-5,1364,3801
79002728217,79002728214,-3,1309,2447
79006519551,79006519549,-2,1390,2208
79009989991,79009989991,0,1501,2130
79019093162,79019093159,-3,1258,2578
79020128683,79020128681,-2,1097,2906
79020181789,79020181786,-3,1463,2620
79022094804,79022094798,-6,1035,1381
79028853862,79028853861,-1,1282,2494
79036590536,79036590534,-2,1639,2940
79036822971,79036822966,-5,808,2250
79037787012,79037787010,-2,1137,2210
79040516983,79040516982,-1,1579,2491
79047342188,79047342194,6,3664,1380
79051569882,79051569879,-3,909,1899
79056867325,79056867322,-3,988,1443
79071016125,79071016146,21,876,2553
79071127771,79071127768,-3,1363,1884
79072831270,79072831266,-4,707,2579
79073913955,79073913949,-6,762,2861
79075237003,79075237002,-1,774,1744
79078852857,79078852856,-1,1158,2537
79082705977,79082705979,2,963,1010
79085971627,79085971622,-5,1182,1778
79086001939,79086001937,-2,990,2029
79086193152,79086193149,-3,1169,2227
79095088210,79095088210,0,1346,2609
79096703309,79096703290,-19,2620,1778
79097653883,79097653879,-4,1209,3479
79100481230,79100481228,-2,1243,2245
79101703194,79101703191,-3,1492,2637
79112337046,79112337044,-2,1343,2461
79115872974,79115872973,-1,1167,1971
79117779482,79117779480,-2,884,2349
79118789190,79118789187,-3,1170,3756
79121444958,79121444958,0,1699,2582
79122549990,79122549988,-2,1147,1504
79123555043,79123555037,-6,1158,1547
79124643613,79124643605,-8,742,3084
79124741460,79124741483,23,376,1184
79127095726,79127095722,-4,831,1799
79129529839,79129529834,-5,1085,2338
79130218853,79130218875,22,271,1126
79131361575,79131361570,-5,928,1374
79139843610,79139843609,-1,1556,1905
79142096413,79142096410,-3,1212,2321
79143476569,79143476565,-4,969,2332
79143990285,79143990264,-21,3,901
79154347763,79154347759,-4,1456,2635
79162017056,79162017051,-5,322,903
79166474354,79166474353,-1,1381,2151
79169490607,79169490606,-1,961,2307
79173116604,79173116602,-2,938,1914
79177776444,79177776441,-3,1032,1936
79178596110,79178596109,-1,1163,1478
79179978893,79179978890,-3,1173,1571
79180039551,79180039550,-1,663,1148
79191151655,79191151653,-2,1414,2531
79197971030,79197971026,-4,1138,2666
79203791863,79203791870,7,5939,1853
79204164044,79204164041,-3,1282,2313
79212426281,79212426279,-2,1241,2187
79214472718,79214472715,-3,1045,1930
79216968322,79216968320,-2,857,3107
79218291128,79218291137,9,267,678
79221270020,79221270017,-3,1542,2576
79223373030,79223373029,-1,1096,1497
79225837246,79225837243,-3,960,2300
79227135124,79227135121,-3,1372,3159
79229743384,79229743382,-2,1684,2651
79229965038,79229965041,3,2513,2107
79230592203,79230592200,-3,2091,2222
79236088982,79236088979,-3,881,2245
79236703906,79236703903,-3,895,1933
79242456341,79242456339,-2,1019,1610
79249988110,79249988117,7,3009,1333
79252627582,79252627582,0,945,1215
79256361358,79256361355,-3,1532,2617
79257004643,79257004641,-2,1192,1824
79258253783,79258253781,-2,1005,2165
79264272941,79264272938,-3,1421,2775
79265078175,79265078173,-2,1232,1810
79265690549,79265690545,-4,1107,2139
79266688306,79266688303,-3,1084,2346
79268039856,79268039852,-4,1207,1649
79268714783,79268714798,15,1251,1876
79270853797,79270853795,-2,1995,2068
79272069684,79272069682,-2,1072,2058
79276448310,79276448307,-3,714,1178
79277082592,79277082588,-4,833,2879
79277888030,79277888028,-2,1301,2059
79282257778,79282257775,-3,783,2481
79286453146,79286453145,-1,1244,2298
79291437343,79291437340,-3,1221,2246
79293203389,79293203368,-21,2399,814
79295716657,79295716653,-4,1180,2669
79297443724,79297443722,-2,1165,2394
79298381038,79298381036,-2,662,1603
79300426782,79300426779,-3,725,1337
79303504051,79303504054,3,1486,1033
79304968041,79304968039,-2,1289,2593
79307157630,79307157626,-4,1314,2030
79309112399,79309112418,19,336,1090
79309148252,79309148249,-3,1247,3497
79309302407,79309302406,-1,1366,2559
79309556937,79309556937,0,966,1905
79309631216,79309631234,18,825,1991
79310694398,79310694395,-3,1221,1891
79310804728,79310804741,13,1189,5737
79311941311,79311941309,-2,889,1862
79316337526,79316337524,-2,1027,2601
79323261274,79323261271,-3,1238,2408
79329134143,79329134142,-1,1026,1812
79330250569,79330250566,-3,1209,1718
79333141850,79333141848,-2,1464,2270
79337570979,79337570977,-2,1205,2075
79345233593,79345233592,-1,715,1332
79347191670,79347191670,0,1062,1731
79363879379,79363879376,-3,1216,2499
79364137999,79364137997,-2,1383,2024
79364447806,79364447804,-2,1031,1700
79366318974,79366318973,-1,1062,1760
79366936295,79366936289,-6,948,2096
79371657266,79371657262,-4,1471,1772
79374514374,79374514379,5,1622,820
79374904521,79374904520,-1,1150,2575
79376089830,79376089829,-1,981,3256
79377935155,79377935153,-2,1243,2088
79378921287,79378921284,-3,979,1755
79384569999,79384570001,2,1336,1267
79390065986,79390065987,1,1117,1662
79401379047,79401379046,-1,888,1949
79402482368,79402482365,-3,1247,2399
79406514512,79406514505,-7,637,1297
79411040592,79411040589,-3,1334,2312
79413101774,79413101771,-3,1375,3138
79417528476,79417528474,-2,1049,1919
79419807707,79419807704,-3,977,2422
79419998582,79419998580,-2,1217,2248
79422437574,79422437571,-3,1132,2340
79423515575,79423515574,-1,831,1872
79425910117,79425910114,-3,1701,3412
79426234788,79426234787,-1,1221,2068
79427849968,79427849965,-3,1452,3628
79429431119,79429431118,-1,1460,2491
79429981347,79429981345,-2,1341,1683
79434154765,79434154774,9,12046,24482
79436442664,79436442665,1,1402,2343
79445029266,79445029268,2,1215,2005
79446235693,79446235690,-3,1252,2113
79450888300,79450888295,-5,1083,1401
79451738680,79451738673,-7,36377,16275
79453158539,79453158539,0,1034,1761
79453264252,79453264238,-14,1000,2316
79455828707,79455828701,-6,672,1649
79457673814,79457673810,-4,1060,2568
79458467658,79458467656,-2,2763,5657
79458604711,79458604709,-2,1093,2258
79462318484,79462318480,-4,889,2114
79464803079,79464803075,-4,725,1780
79465453358,79465453357,-1,1622,2537
79466470475,79466470473,-2,1130,2068
79471672763,79471672759,-4,783,2166
79476340011,79476340010,-1,1139,2281
79478726838,79478726836,-2,1189,1821
79480765149,79480765146,-3,1154,2049
79483605390,79483605388,-2,1160,1949
79484391685,79484391682,-3,1678,2633
79487946786,79487946781,-5,1315,2782
79488758145,79488758146,1,1608,1273
79494522714,79494522710,-4,1362,2997
79494982205,79494982201,-4,791,5065
79496398434,79496398431,-3,680,1259
79505091497,79505091493,-4,1177,2139
79506330421,79506330417,-4,1346,2212
79510800893,79510800890,-3,1105,2756
79513568557,79513568552,-5,857,2551
79516866159,79516866159,0,1155,1183
79523647122,79523647116,-6,600,2023
79526367768,79526367765,-3,1028,2467
79531805782,79531805779,-3,1403,2748
79532626847,79532626850,3,171,877
79537723745,79537723743,-2,1148,1681
79538032926,79538032925,-1,1030,1674
79539759170,79539759166,-4,899,2464
79541340554,79541340553,-1,1537,2077
79544162882,79544162879,-3,770,1650
79544896458,79544896457,-1,1298,2304
79549557062,79549557059,-3,1156,3089
79551823230,79551823226,-4,1341,2601
79555292869,79555292866,-3,1592,2622
79555568250,79555568249,-1,949,2531
79557008534,79557008550,16,1365,2475
79561131820,79561131818,-2,1383,1987
79565246762,79565246761,-1,1119,2118
79565359586,79565359582,-4,1443,2704
79568079447,79568079445,-2,1167,2558
79570188244,79570188238,-6,1041,3084
79574290013,79574290010,-3,994,2343
79574837702,79574837699,-3,1257,2033
79579778645,79579778638,-7,888,1631
79586482210,79586482209,-1,1225,1953
79586682654,79586682651,-3,1202,1660
79586732616,79586732615,-1,899,1910
79591997630,79591997630,0,1278,1693
79592271584,79592271580,-4,1396,2090
79593337358,79593337356,-2,1209,2106
79593745576,79593745595,19,1036,1830
79599214938,79599214935,-3,1105,3904
79599353995,79599353993,-2,1572,2567
79599483458,79599483462,4,2402,2063
79604827392,79604827389,-3,1010,1770
79610675747,79610675750,3,1379,1304
79611785122,79611785118,-4,901,2933
79614211127,79614211124,-3,1004,2140
79618695020,79618695019,-1,3296,3734
79619087635,79619087629,-6,840,1970
79621841839,79621841838,-1,1461,2019
79625011779,79625011775,-4,992,1964
79625312662,79625312642,-20,1060,2889
79626483792,79626483805,13,1099,1936
79630447562,79630447557,-5,694,1500
79630870398,79630870403,5,2687,1222
79635849760,79635849758,-2,1364,2410
79637612941,79637612937,-4,1176,3207
79638440822,79638440826,4,4267,2364
79643456037,79643456037,0,790,1215
79651241964,79651241961,-3,955,1993
79657596462,79657596450,-12,4011,12984
79658616350,79658616347,-3,908,1957
79672126860,79672126854,-6,1077,2153
79673410990,79673410985,-5,918,5429
79675904998,79675904996,-2,1395,2011
79677909524,79677909528,4,6706,29071
79680729385,79680729383,-2,50159,25333
79682014567,79682014565,-2,1160,1462
79683835305,79683835303,-2,943,2907
79689404964,79689404962,-2,919,2345
79693665355,79693665352,-3,1486,2529
79695974950,79695974945,-5,809,2617
79698504642,79698504638,-4,1061,1710
79698539238,79698539236,-2,1335,3114
79699883267,79699883260,-7,932,1780
79700923297,79700923293,-4,916,2217
79701542325,79701542321,-4,1245,1813
79702690319,79702690326,7,359,756
79704324499,79704324496,-3,1228,2676
79706582327,79706582324,-3,882,2897
79709472237,79709472233,-4,1324,2813
79711476270,79711476267,-3,833,2154
79712650018,79712650018,0,1322,2060
79713423872,79713423870,-2,1245,1970
79722698194,79722698191,-3,1214,2430
79726962415,79726962409,-6,1166,2347
79729088977,79729088973,-4,978,2432
79732324872,79732324871,-1,1083,2071
79737994370,79737994368,-2,1418,2432
79739480391,79739480389,-2,673,1783
79741487043,79741487042,-1,1270,2413
79741908542,79741908540,-2,1223,2876
79742364701,79742364700,-1,791,1309
79743781670,79743781666,-4,972,1366
79743830604,79743830591,-13,1002,1257
79744732394,79744732392,-2,781,1485
79751624035,79751624028,-7,24178,13484
79751742195,79751742193,-2,953,1590
79751962982,79751962982,0,1176,2317
79755258821,79755258822,1,3227,4407
79756059022,79756059021,-1,1184,1818
79756461640,79756461637,-3,1181,2289
79756920678,79756920674,-4,850,1324
79757712077,79757712094,17,403,544
79760878006,79760878005,-1,1259,2462
79764745741,79764745744,3,1219,809
79765600370,79765600365,-5,955,1732
79773062658,79773062657,-1,832,2103
79774250108,79774250108,0,1787,1955
79774919898,79774919899,1,737,1382
79776547903,79776547900,-3,1293,1603
79778102698,79778102696,-2,1356,2345
79778945444,79778945441,-3,1112,2892
79779207117,79779207114,-3,1521,2553
79780231093,79780231092,-1,1124,1943
79782749966,79782749962,-4,1310,2499
79783897702,79783897701,-1,1014,2060
79784148140,79784148159,19,308,802
79789156215,79789156213,-2,1263,2202
79791266215,79791266213,-2,826,1887
79794963447,79794963445,-2,1245,2412
79800230576,79800230579,3,34401,15651
79803720506,79803720506,0,1398,1458
79808322557,79808322556,-1,1111,1874
79809743813,79809743810,-3,1122,1881
79815249031,79815249030,-1,879,2465
79815590018,79815590015,-3,1378,2741
79819530906,79819530905,-1,749,1446
79820943383,79820943378,-5,1024,1453
79821272313,79821272313,0,873,1897
79826352087,79826352085,-2,1293,1489
79832534294,79832534292,-2,1546,2408
79832746873,79832746873,0,1245,1472
79832812951,79832812948,-3,909,1962
79834101678,79834101695,17,1513,3052
79834268709,79834268705,-4,1166,2144
79836205342,79836205342,0,1270,1990
79837234872,79837234889,17,847,2071
79837346126,79837346130,4,2107,1421
79839133488,79839133485,-3,905,1888
79848586093,79848586089,-4,1037,1779
79849996452,79849996449,-3,1048,1998
79852881699,79852881695,-4,1367,3157
79858366581,79858366578,-3,1439,2093
79858453138,79858453135,-3,943,2522
79859095194,79859095192,-2,1321,2422
79859260239,79859260221,-18,949,2235
79859820245,79859820241,-4,1014,1833
79860623061,79860623058,-3,696,1699
79862096607,79862096606,-1,730,1333
79862237490,79862237484,-6,1879,5751
79863066115,79863066115,0,1099,1582
79866468106,79866468104,-2,1085,2337
79866810922,79866810920,-2,1439,2777
79871881585,79871881581,-4,1296,2539
79872403038,79872403037,-1,1334,2083
79873764983,79873764983,0,2218,2981
79876853681,79876853678,-3,1135,2122
79879937477,79879937474,-3,1382,2806
79880374157,79880374154,-3,944,1766
79882535728,79882535726,-2,1070,2452
79890322367,79890322363,-4,1310,3165
79892342773,79892342774,1,1305,2319
79893619137,79893619134,-3,1705,2762
79896038893,79896038890,-3,1333,2138
79896571190,79896571209,19,692,1605
79902722023,79902722021,-2,930,2814
79903336734,79903336741,7,3981,1980
79906762470,79906762469,-1,1183,1916
79908657923,79908657919,-4,1056,1965
79908846691,79908846688,-3,1282,2825
79910063154,79910063150,-4,938,2431
79912734175,79912734174,-1,1588,2623
79915901691,79915901693,2,819,1192
79919721118,79919721114,-4,1009,1673
79923888175,79923888178,3,5062,19151
79924443289,79924443286,-3,797,1568
79925112525,79925112537,12,279,773
79926964153,79926964155,2,867,1057
79929279683,79929279682,-1,1216,2414
79936507035,79936507032,-3,991,1821
79938214861,79938214861,0,1557,1854
79945869006,79945868998,-8,1390,2561
79950408726,79950408722,-4,1415,2233
79955558339,79955558335,-4,886,2269
79956343282,79956343280,-2,794,1330
79961546425,79961546425,0,999,1370
79966367426,79966367421,-5,1325,1955
79972469207,79972469205,-2,1220,2517
79973698311,79973698311,0,860,1818
79979653110,79979653107,-3,1424,2915
79984835097,79984835102,5,12257,18923
79984888443,79984888442,-1,1005,1656
79986108115,79986108112,-3,1454,2246
79987675758,79987675757,-1,810,1739
79988098178,79988098175,-3,1301,2549
79988803891,79988803886,-5,777,2131
79994133250,79994133249,-1,1304,3036
79995828946,79995828942,-4,1569,2068
79996215099,79996215095,-4,1391,2708
79998012926,79998012923,-3,1177,2159
80003198771,80003198769,-2,1770,3222
80003280479,80003280478,-1,879,1608
80004228693,80004228713,20,162,448
80007035111,80007035109,-2,672,2521
80011268351,80011268348,-3,1302,2684
80012879990,80012879988,-2,898,1974
80014337832,80014337829,-3,1055,2347
80022042470,80022042469,-1,955,1945
80023314433,80023314430,-3,845,1408
80031097210,80031097208,-2,844,2263
80031946060,80031946055,-5,1213,2723
80037782039,80037782037,-2,1131,2004
80042652836,80042652834,-2,1439,1753
80043571106,80043571103,-3,1372,2110
80048285864,80048285861,-3,976,2581
80049824527,80049824513,-14,873,2093
80051875311,80051875309,-2,1129,1988
80053039102,80053039099,-3,1107,1963
80057788917,80057788914,-3,963,2198
80058795734,80058795732,-2,793,1972
80059484448,80059484469,21,720,1833
80059889603,80059889609,6,2716,1101
80061618422,80061618422,0,1384,1720
80069048446,80069048453,7,11371,41160
80071013009,80071013007,-2,1310,2195
80071898687,80071898683,-4,1448,2905
80076146732,80076146730,-2,1448,2769
80077514672,80077514670,-2,1361,2616
80079860820,80079860827,7,4999,2304
80082968456,80082968454,-2,804,1854
80083506402,80083506401,-1,912,2427
80085922867,80085922865,-2,916,1835
80095669809,80095669807,-2,1255,2276
80097999314,80097999312,-2,1336,2027
80098440884,80098440905,21,1815,2809
80098500946,80098500943,-3,1051,1585
80102334251,80102334249,-2,965,1726
80103071044,80103071042,-2,989,1425
80105023022,80105023019,-3,973,1555
80105240189,80105240188,-1,1016,2505
80105743289,80105743296,7,5319,2095
80106118177,80106118173,-4,1263,1788
80106990199,80106990197,-2,1000,1771
80108831571,80108831569,-2,925,1551
80115785365,80115785367,2,1699,1737
80119055736,80119055734,-2,776,1713
80121360441,80121360433,-8,1443,6436
80124045916,80124045914,-2,1037,1773
80124460661,80124460679,18,1134,2366
80129453730,80129453729,-1,1260,1765
80130541314,80130541334,20,569,1248
80136323651,80136323650,-1,800,1264
80137678845,80137678842,-3,1092,2339
80141714894,80141714876,-18,1036,643
80143085701,80143085698,-3,1051,2101
80144135934,80144135931,-3,1155,2366
80147180311,80147180299,-12,42425,14400
80151273930,80151273928,-2,1289,2478
80152178358,80152178356,-2,1334,2255
80153294503,80153294499,-4,630,1691
80153336430,80153336442,12,355,1115
80155611061,80155611058,-3,742,1650
80158920363,80158920358,-5,936,2052
80162986648,80162986643,-5,1260,2971
80163463006,80163463002,-4,576,1480
80165878989,80165878985,-4,1271,1342
80166084976,80166084974,-2,972,1733
80167569474,80167569472,-2,965,2597
80170003509,80170003506,-3,980,1776
80170998054,80170998051,-3,786,1856
80172018098,80172018094,-4,783,1876
80172171194,80172171192,-2,1413,2447
80174134649,80174134646,-3,1222,2111
80174254715,80174254712,-3,946,1898
80176484517,80176484514,-3,854,1074
80181794327,80181794321,-6,1429,2505
80183151742,80183151738,-4,779,2066
80183285398,80183285394,-4,1111,1596
80188104826,80188104823,-3,1173,2376
80197650989,80197650990,1,1826,2475
80198701732,80198701730,-2,1195,2033
80199477092,80199477088,-4,3377,9879
80199783227,80199783224,-3,1616,1873
80206667362,80206667360,-2,1070,2743
80208206226,80208206221,-5,772,3828
80210855713,80210855709,-4,1804,2135
80213837463,80213837460,-3,820,2129
80214226066,80214226066,0,1098,1316
80215391281,80215391276,-5,1795,4956
80216763221,80216763218,-3,1472,2387
80217026335,80217026331,-4,1262,1905
80218872394,80218872390,-4,1537,3388
80219905414,80219905412,-2,1003,1821
80227027028,80227027025,-3,1376,3039
80227905422,80227905418,-4,1286,1943
80228912779,80228912778,-1,1154,1714
80229525483,80229525480,-3,863,2239
80232412049,80232412048,-1,1093,2504
80235113409,80235113406,-3,1230,2377
80235789950,80235789945,-5,1065,1690
80238171217,80238171214,-3,948,1317
80243346285,80243346283,-2,1299,2016
80248932922,80248932919,-3,1287,2189
80249349311,80249349305,-6,1283,1983
80249553241,80249553241,0,1304,877
80253948129,80253948126,-3,998,1722
80263135318,80263135317,-1,611,1268
80267269865,80267269864,-1,1226,2202
80269251419,80269251417,-2,490,921
80273237474,80273237471,-3,1270,2808
80274400982,80274400978,-4,1122,2205
80283924608,80283924606,-2,1117,1926
80286170496,80286170495,-1,1410,2604
80287391329,80287391328,-1,1236,2267
80288217149,80288217146,-3,1028,2024
80290594151,80290594147,-4,1088,1868
80291024055,80291024052,-3,1545,2244
80291272039,80291272035,-4,1024,1940
80292209458,80292209456,-2,1336,2344
80292744838,80292744837,-1,838,1684
80294782542,80294782542,0,1461,2457
80294885011,80294885009,-2,1601,2048
80296055497,80296055495,-2,896,3133
80299077386,80299077383,-3,947,1837
80300801230,80300801228,-2,1228,1365
80302771751,80302771749,-2,1066,2403
80303391983,80303391977,-6,1236,2470
80304715995,80304715995,0,1077,1703
80312791249,80312791248,-1,2000,2978
80321667055,80321667050,-5,1449,2315
80322449070,80322449066,-4,1256,2725
80327381686,80327381683,-3,1075,2687
80328067537,80328067537,0,833,2016
80328518517,80328518537,20,1131,2098
80330698610,80330698606,-4,1064,2092
80332936373,80332936372,-1,1185,1979
80337042370,80337042368,-2,1157,2322
80342215258,80342215255,-3,1204,1291
80343027722,80343027732,10,1493,1886
80343428730,80343428726,-4,1275,1975
80345534035,80345534034,-1,1315,1082
80345951426,80345951425,-1,1135,1932
80346079814,80346079810,-4,1087,2721
80346176988,80346176974,-14,237,900
80352943375,80352943371,-4,936,2225
80356602116,80356602115,-1,1420,2675
80360299830,80360299828,-2,985,2193
80364130586,80364130581,-5,932,2287
80364315030,80364315026,-4,759,1592
80371354671,80371354669,-2,1165,2020
80371400397,80371400395,-2,1211,2073
80373746279,80373746275,-4,1135,2171
80374567918,80374567915,-3,919,2159
80377454196,80377454195,-1,1118,2133
80380858861,80380858858,-3,1108,2514
80381095100,80381095105,5,3229,1378
80387044594,80387044588,-6,1714,4685
80387297814,80387297813,-1,1144,1966
80394884722,80394884719,-3,1176,2396
80396074188,80396074183,-5,1373,2389
80397264546,80397264546,0,1200,1551
80398806324,80398806314,-10,1454,2231
80404884178,80404884178,0,479,1124
80407857333,80407857351,18,848,2273
80408886525,80408886523,-2,1350,2001
80410814952,80410814946,-6,1562,3246
80415534135,80415534133,-2,827,1672
80416077863,80416077859,-4,1124,2161
80417851283,80417851282,-1,586,1379
80418589051,80418589049,-2,915,2263
80418987709,80418987729,20,877,1712
80425280288,80425280286,-2,1239,2310
80426086632,80426086630,-2,1455,1980
80427949383,80427949382,-1,954,1794
80432798853,80432798849,-4,1166,1997
80435141790,80435141786,-4,863,2327
80436997411,80436997409,-2,1262,2699
80440550555,80440550551,-4,1262,2680
80442136349,80442136345,-4,1317,2375
80442261614,80442261609,-5,1175,3172
80443466126,80443466125,-1,1334,1765
80444449425,80444449423,-2,1397,2093
80445146693,80445146690,-3,1079,2416
80445745935,80445745934,-1,670,2212
80447160147,80447160143,-4,956,2262
80447941381,80447941377,-4,979,2380
80451402965,80451402962,-3,1488,2944
80452437469,80452437467,-2,1334,2255
80454104882,80454104878,-4,1016,3192
80455994808,80455994805,-3,885,2118
80456210396,80456210419,23,329,820
80458754648,80458754645,-3,852,2296
80461360233,80461360227,-6,873,2485
80462002384,80462002381,-3,549,2300
80462480645,80462480645,0,965,1910
80464016031,80464016026,-5,1504,3334
80466949326,80466949325,-1,1337,2218
80467221896,80467221915,19,514,1343
80467464606,80467464603,-3,1353,2530
80475005521,80475005520,-1,1016,2420
80480220772,80480220769,-3,20833,10641
80482041163,80482041160,-3,922,2072
80483154965,80483154972,7,6162,1979
80485621216,80485621214,-2,1559,2614
80488710251,80488710250,-1,1118,2926
80490651686,80490651689,3,1585,1428
80491466756,80491466754,-2,1566,2925
80492613569,80492613567,-2,1096,2159
80494800449,80494800443,-6,1009,4530
80496562748,80496562745,-3,942,2379
80497609797,80497609815,18,61,437
80500337078,80500337074,-4,1246,1938
80500449323,80500449319,-4,1376,2726
80511597306,80511597302,-4,1124,2559
80512936553,80512936551,-2,1204,2058
80513105974,80513105973,-1,1305,2712
80513381305,80513381310,5,2677,2159
80516091631,80516091632,1,794,1290
80519987943,80519987939,-4,1721,2709
80526591847,80526591845,-2,1232,3332
80535930634,80535930631,-3,917,1748
80545977958,80545977953,-5,1178,1838
80549340135,80549340134,-1,1351,2118
80550479987,80550479985,-2,1171,2708
80554390618,80554390617,-1,1445,2254
80561286879,80561286878,-1,2934,3775
80562017466,80562017462,-4,1296,2789
80569680502,80569680497,-5,1350,2552
80573131441,80573131438,-3,1505,2610
80577796581,80577796578,-3,1031,2179
80578572478,80578572474,-4,970,2428
80579100873,80579100869,-4,1296,2288
80582052234,80582052229,-5,1520,2557
80582583057,80582583054,-3,1019,1801
80586857399,80586857394,-5,1387,2799
80595924632,80595924647,15,12824,42557
80598560859,80598560857,-2,691,1823
80601588331,80601588330,-1,829,1646
80602461782,80602461781,-1,1116,2911
80603503605,80603503602,-3,1052,1966
80606663884,80606663882,-2,1388,1931
80609901070,80609901066,-4,1342,2715
80612560039,80612560036,-3,1398,2720
80615125453,80615125449,-4,1090,2447
80615446791,80615446809,18,398,706
80616781883,80616781881,-2,1201,2421
80619051974,80619051969,-5,1072,2666
80620029603,80620029602,-1,1562,2495
80625253539,80625253518,-21,13609,15653
80628239904,80628239901,-3,1187,2058
80630436786,80630436785,-1,1284,2087
80632148949,80632148947,-2,1231,2259
80636463963,80636463961,-2,5507,14028
80637284822,80637284827,5,1736,1138
80638300989,80638300987,-2,1152,1933
80639415947,80639415945,-2,956,1489
80642206306,80642206301,-5,1426,2254
80646461900,80646461899,-1,1035,1776
80648032221,80648032222,1,2696,4145
80651345278,80651345273,-5,876,1946
80652834429,80652834426,-3,1038,1878
80653648181,80653648177,-4,1426,2462
80654131759,80654131763,4,82,467
80654988800,80654988797,-3,1063,2736
80656088422,80656088424,2,1508,1199
80667070568,80667070565,-3,1467,2638
80667935764,80667935763,-1,846,1675
80672165895,80672165891,-4,1211,1868
80681651730,80681651726,-4,1358,2709
80682619018,80682619030,12,1041,1703
80683493882,80683493880,-2,886,1432
80685450707,80685450704,-3,502,1830
80685843992,80685843986,-6,1082,2939
80687963815,80687963819,4,1163,1021
80691158281,80691158287,6,3629,1121
80694848725,80694848723,-2,988,1950
80697951439,80697951439,0,1026,1488
80699970099,80699970096,-3,1014,2555
80700748470,80700748466,-4,1286,1962
80704638199,80704638194,-5,21752,12752
80704706384,80704706372,-12,788,1711
80705420482,80705420479,-3,1194,2415
80706275177,80706275174,-3,1553,2491
80706648959,80706648958,-1,1986,2774
80709791275,80709791272,-3,1037,2095
80709995569,80709995591,22,648,915
80712659970,80712659968,-2,1345,2469
80712786184,80712786178,-6,886,2510
80713704619,80713704617,-2,1044,2070
80714238332,80714238334,2,971,1287
80718223997,80718223996,-1,1453,2940
80718585989,80718586009,20,265,8079
80723070964,80723070968,4,2786,1788
80724232265,80724232266,1,1793,1527
80726956461,80726956458,-3,1160,2488
80727080276,80727080299,23,1102,2081
80728608535,80728608533,-2,943,1651
80731927946,80731927946,0,994,1688
80732227104,80732227122,18,1074,1704
80734266827,80734266826,-1,1334,2336
80734481270,80734481268,-2,981,2089
80735795785,80735795782,-3,856,1364
80737825998,80737825994,-4,940,1777
80740340626,80740340622,-4,758,1470
80741263538,80741263524,-14,5855,2647
80741470694,80741470691,-3,1041,1790
80743010268,80743010287,19,1146,2121
80743037303,80743037297,-6,898,2067
80744321077,80744321074,-3,1214,1752
80746309747,80746309738,-9,1113,1753
80751342686,80751342685,-1,1087,1908
80751532725,80751532742,17,2297,1411
80751806674,80751806672,-2,1235,1890
80755626177,80755626174,-3,957,1794
80760195213,80760195209,-4,1316,2390
80760322100,80760322088,-12,900,1806
80760877772,80760877770,-2,855,1669
80763957587,80763957585,-2,959,2138
80766806223,80766806222,-1,1495,2168
80768531185,80768531185,0,2887,4347
80769342423,80769342433,10,11233,35074
80770272937,80770272933,-4,2115,4210
80771305569,80771305571,2,1075,832
80772430054,80772430050,-4,1406,2355
80777467742,80777467741,-1,1156,1713
80783536998,80783536994,-4,1103,2141
80784531634,80784531635,1,5239,7946
80787167080,80787167081,1,1530,1634
80789936503,80789936499,-4,900,1800
80790568720,80790568726,6,4114,2295
80794107182,80794107179,-3,1179,2102
80794601019,80794601017,-2,1459,2950
80796428418,80796428423,5,4506,1851
80801086595,80801086594,-1,721,2544
80802084463,80802084462,-1,1459,2634
80820284242,80820284237,-5,1107,1733
80821280272,80821280269,-3,1014,2423
80822929333,80822929331,-2,1062,2095
80825547329,80825547326,-3,2678,3444
80828241354,80828241353,-1,1338,1545
80829506182,80829506180,-2,1131,2143
80829707631,80829707628,-3,1039,1730
80831218879,80831218876,-3,1157,2214
80833861541,80833861538,-3,1120,2781
80834196479,80834196479,0,931,1128
80837246131,80837246129,-2,1461,2440
80844373251,80844373249,-2,998,2035
80847621346,80847621345,-1,859,2292
80849898946,80849898939,-7,2613,7956
80850276250,80850276248,-2,1114,2316
80852681609,80852681607,-2,1760,2762
80853359926,80853359925,-1,810,1299
80854479382,80854479382,0,1082,2399
80855482607,80855482604,-3,783,1876
80857730925,80857730920,-5,1150,2378
80859415923,80859415918,-5,855,2377
80859530812,80859530810,-2,1258,1873
80860382551,80860382529,-22,873,2503
80862582797,80862582793,-4,1046,2764
80869835026,80869835025,-1,1346,2096
80873327015,80873327013,-2,1074,1559
80879245025,80879245023,-2,1196,2831
80881311433,80881311434,1,1684,1443
80884102935,80884102932,-3,1539,2470
80890459131,80890459130,-1,899,1892
80891392472,80891392472,0,1374,1668
80893604123,80893604121,-2,995,1836
80895723367,80895723362,-5,995,2034
80896771066,80896771063,-3,1483,2855
80898843143,80898843142,-1,1383,2823
80902510529,80902510525,-4,1262,2569
80902586344,80902586325,-19,1021,1409
80906433918,80906433923,5,2521,1064
80916875170,80916875167,-3,1123,3007
80924044556,80924044550,-6,940,3411
80924453978,80924453977,-1,776,1901
80928044672,80928044670,-2,1041,1942
80928205590,80928205587,-3,817,1692
80928360323,80928360321,-2,868,1792
80928398954,80928398950,-4,1682,2081
80929876601,80929876599,-2,1123,2226
80934181895,80934181894,-1,1059,1949
80944083119,80944083127,8,1761,940
80944390849,80944390845,-4,883,2190
80946664880,80946664877,-3,981,1843
80946714584,80946714597,13,360,933
80950555390,80950555385,-5,1041,2933
80955656299,80955656297,-2,1329,1582
80957000705,80957000704,-1,1244,1526
80964406934,80964406929,-5,1727,5433
80966870208,80966870206,-2,1191,1785
80967799218,80967799214,-4,1039,2354
80971147354,80971147350,-4,1006,2705
80972945487,80972945486,-1,1756,2255
80976505923,80976505921,-2,1219,2282
80977145712,80977145709,-3,1001,1639
80977401642,80977401638,-4,657,1924
80978210877,80978210873,-4,1092,2018
80983109237,80983109235,-2,1308,1673
80983996331,80983996329,-2,884,1640
80985310575,80985310571,-4,918,2173
80986397356,80986397354,-2,999,2726
80988631751,80988631748,-3,987,2370
80989904037,80989904033,-4,1081,3211
80991126307,80991126302,-5,712,1732
80991729037,80991729036,-1,1298,2292
80999220838,80999220842,4,1369,1530
81000167310,81000167306,-4,1511,2004
81000862518,81000862533,15,668,3880
81006970705,81006970708,3,1754,1530
81008620971,81008620967,-4,1245,2555
81009737122,81009737118,-4,1111,2238
81013637523,81013637520,-3,937,2296
81020492998,81020493001,3,2044,1856
81021864695,81021864692,-3,911,1741
81028791478,81028791473,-5,1440,2613
81033684318,81033684318,0,921,2650
81042430561,81042430559,-2,1946,4915
81044011118,81044011117,-1,9022,13747
81044199888,81044199885,-3,1564,2201
81044866415,81044866414,-1,778,1903
81046711510,81046711506,-4,1195,2417
81047164702,81047164701,-1,1439,2118
81047557245,81047557265,20,828,2031
81050518034,81050518041,7,2236,1448
81052810864,81052810860,-4,1671,3637
81056407451,81056407455,4,2968,1744
81060706267,81060706263,-4,1481,3239
81062266884,81062266881,-3,1344,3089
81063024129,81063024126,-3,779,1562
81064128432,81064128430,-2,917,2056
81067062553,81067062561,8,5989,3095
81067109880,81067109878,-2,1188,2330
81074787465,81074787461,-4,1172,2268
81080591944,81080591939,-5,966,1807
81081178935,81081178933,-2,1056,2200
81082516188,81082516184,-4,1416,2577
81083512514,81083512510,-4,1533,2383
81087467098,81087467099,1,757,1569
81087646781,81087646794,13,223,1064
81088173814,81088173809,-5,1761,5911
81091362639,81091362638,-1,727,1485
81092141390,81092141387,-3,1085,2465
81094116742,81094116737,-5,1104,2639
81098542535,81098542534,-1,1619,3244
81098599190,81098599187,-3,1155,1859
81099871807,81099871806,-1,1159,2177
81108144641,81108144638,-3,544,1704
81109794986,81109794989,3,863,1497
81109863972,81109863969,-3,1198,3175
81111579873,81111579869,-4,824,2149
81114862454,81114862450,-4,1172,1511
81115657690,81115657687,-3,1085,3081
81115833419,81115833418,-1,980,1892
81116050638,81116050643,5,120,708
81117295902,81117295902,0,700,1364
81119591257,81119591255,-2,1209,2363
81120938377,81120938377,0,1173,1714
81123032838,81123032838,0,1297,1911
81124446466,81124446461,-5,904,3033
81124475463,81124475461,-2,1087,1799
81128971639,81128971637,-2,1163,2797
81129806289,81129806286,-3,1421,1863
81129859458,81129859454,-4,783,1418
81134086875,81134086872,-3,668,1487
81140869057,81140869054,-3,1306,2781
81149740052,81149740054,2,1370,1103
81151688699,81151688694,-5,796,2234
81155407279,81155407279,0,973,1310
81155612505,81155612505,0,1179,911
81156172014,81156172029,15,215,967
81157186510,81157186495,-15,1531,6432
81157715924,81157715906,-18,270,649
81157929221,81157929215,-6,686,1542
81167563726,81167563724,-2,1053,1999
81168151671,81168151669,-2,899,2407
81169248402,81169248400,-2,483,1783
81172099343,81172099342,-1,843,1669
81175756261,81175756258,-3,1446,2387
81182088312,81182088309,-3,1141,2738
81183649314,81183649310,-4,1841,2202
81185730182,81185730179,-3,1186,2200
81192486038,81192486038,0,969,2188
81195653566,81195653565,-1,1325,2305
81196735162,81196735159,-3,1318,1962
81197970131,81197970129,-2,1036,2692
81199009011,81199009007,-4,826,2628
81206259517,81206259519,2,1743,1523
81208871369,81208871366,-3,1100,2678
81210819842,81210819840,-2,736,1997
81211287971,81211287969,-2,1072,1791
81214787037,81214787035,-2,1274,3236
81215399351,81215399368,17,800,1860
81215933638,81215933634,-4,987,1952
81218511210,81218511210,0,1012,2305
81219737487,81219737485,-2,835,2054
81220968014,81220968010,-4,1087,2241
81224073306,81224073303,-3,1025,1216
81225994214,81225994213,-1,2505,3399
81226966913,81226966912,-1,1028,2549
81230436809,81230436807,-2,756,1217
81232501731,81232501738,7,1844,1105
81232635951,81232635950,-1,926,1386
81234680607,81234680605,-2,1391,3232
81235331235,81235331231,-4,1153,1725
81235487583,81235487579,-4,1243,1931
81239372894,81239372892,-2,1347,1728
81241300226,81241300222,-4,1265,1975
81252260331,81252260328,-3,1207,2230
81253688205,81253688201,-4,1220,2490
81255737078,81255737076,-2,1136,2411
81257940408,81257940406,-2,1328,1708
81258800109,81258800118,9,5054,1838
81263126870,81263126869,-1,921,1930
81263502078,81263502078,0,16259,34508
81269771235,81269771235,0,1078,1779
81270358006,81270358020,14,768,1279
81277960809,81277960806,-3,1247,2552
81278653441,81278653438,-3,1468,2077
81279162024,81279162042,18,951,2024
81279322539,81279322537,-2,1548,2611
81281693295,81281693294,-1,1314,2254
81282072193,81282072189,-4,596,1417
81282351238,81282351258,20,988,2349
81282614438,81282614436,-2,1299,2306
81285147030,81285147028,-2,993,3038
81285540674,81285540672,-2,989,1904
81287418503,81287418502,-1,1292,2035
81289396391,81289396401,10,942,1377
81299646480,81299646479,-1,621,1555
81299690675,81299690678,3,2039,1070
81309200587,81309200585,-2,1236,2438
81309674222,81309674221,-1,1148,2337
81310690222,81310690221,-1,1088,2259
81311478965,81311478962,-3,1009,2019
81316414998,81316414998,0,1301,1788
81319631391,81319631390,-1,1176,1589
81321016623,81321016626,3,1409,1040
81322558783,81322558781,-2,1244,2177
81324926102,81324926098,-4,1657,3182
81326608093,81326608094,1,1245,1187
81326833212,81326833211,-1,1548,1914
81326901525,81326901522,-3,933,2276
81328425031,81328425031,0,863,1450
81329053997,81329054000,3,58391,84396
81329508053,81329508041,-12,1465,2515
81332675002,81332675001,-1,1576,2184
81333049154,81333049155,1,2300,2204
81333115001,81333115001,0,894,1415
81333274453,81333274453,0,182,593
81335440951,81335440948,-3,1040,2915
81335670763,81335670761,-2,1122,1855
81340972586,81340972581,-5,1220,6562
81342752046,81342752038,-8,912,4361
81342924690,81342924686,-4,1027,2319
81349764798,81349764797,-1,822,1738
81355204606,81355204611,5,3049,1889
81361030230,81361030226,-4,1222,2380
81365553074,81365553073,-1,1229,2245
81366443925,81366443921,-4,860,2923
81367980839,81367980835,-4,1110,3253
81373971337,81373971335,-2,987,1816
81376485804,81376485799,-5,1062,2005
81379247157,81379247155,-2,1050,1874
81379348463,81379348451,-12,1291,1991
81382754346,81382754344,-2,1123,2198
81383064076,81383064099,23,585,1485
81389868030,81389868027,-3,1504,2910
81391304098,81391304098,0,1042,1170
81392862422,81392862421,-1,1005,2023
81401105838,81401105837,-1,556,1479
81403259131,81403259127,-4,947,1688
81404048307,81404048308,1,781,1121
81405669890,81405669887,-3,1571,2747
81406677074,81406677066,-8,1151,2517
81409335751,81409335757,6,2263,1457
81409923103,81409923102,-1,1013,1958
81412393663,81412393662,-1,1207,1943
81416857895,81416857892,-3,1057,2397
81420844245,81420844243,-2,1583,2140
81425392954,81425392950,-4,1053,1957
81431047245,81431047242,-3,1204,2174
81432271473,81432271469,-4,1067,2333
81432310141,81432310145,4,3365,2508
81432903657,81432903653,-4,1078,2424
81433012928,81433012945,17,950,1742
81433148390,81433148387,-3,626,1245
81433391681,81433391681,0,5473,6755
81434609958,81434609958,0,1256,2768
81434901611,81434901609,-2,1021,2160
81435365646,81435365665,19,667,1782
81437895043,81437895039,-4,957,3153
81440656293,81440656290,-3,1426,2334
81443132985,81443132986,1,1610,1738
81445733077,81445733074,-3,683,2587
81448502889,81448502885,-4,1108,1980
81450597939,81450597940,1,683,1430
81451313932,81451313943,11,187,701
81451441222,81451441218,-4,762,2088
81453040305,81453040303,-2,1314,3186
81456933185,81456933182,-3,993,2620
81459639133,81459639130,-3,1192,2349
81461217119,81461217117,-2,1095,1814
81464152531,81464152530,-1,1055,2242
81465208923,81465208921,-2,1161,1937
81466092785,81466092785,0,1471,1614
81474343218,81474343222,4,1840,1368
81474428301,81474428298,-3,1452,2266
81480067238,81480067237,-1,929,1822
81480362992,81480362988,-4,21451,15371
81481119354,81481119353,-1,1417,2465
81481493983,81481493978,-5,1070,1933
81484335501,81484335502,1,1544,2206
81488914915,81488914910,-5,1390,3624
81494634817,81494634821,4,16995,8737
81495515749,81495515747,-2,1050,2186
81495700673,81495700670,-3,20905,6166
81500085384,81500085382,-2,1239,2130
81500607495,81500607490,-5,871,2780
81502407003,81502407001,-2,1496,1837
81504824386,81504824384,-2,805,2049
81508980018,81508980014,-4,914,3273
81512932977,81512932973,-4,1260,1748
81514183406,81514183402,-4,1158,2121
81518306739,81518306735,-4,1081,2860
81519974695,81519974691,-4,1084,2458
81520219482,81520219481,-1,872,2584
81520603743,81520603746,3,423,1135
81523418557,81523418554,-3,1142,2228
81526955757,81526955757,0,1356,1730
81527216666,81527216664,-2,1388,3220
81531732689,81531732685,-4,1423,1468
81532174730,81532174727,-3,1143,2027
81534994634,81534994630,-4,999,1719
81535294800,81535294818,18,1008,2685
81539976852,81539976850,-2,1185,2559
81550522906,81550522906,0,1025,1576
81552667480,81552667477,-3,1021,1922
81553387359,81553387374,15,959,2176
81553523174,81553523171,-3,1351,2770
81554968530,81554968527,-3,1199,1973
81561167050,81561167053,3,2200,1299
81561937828,81561937823,-5,1210,2167
81565621470,81565621462,-8,25628,18039
81566650223,81566650222,-1,1483,1934
81568954234,81568954232,-2,989,1525
81573356161,81573356156,-5,1215,2115
81574848803,81574848801,-2,1108,1729
81577388062,81577388061,-1,1268,1750
81577490099,81577490094,-5,951,3284
81577579062,81577579081,19,688,1744
81581927130,81581927149,19,1254,2092
81585655503,81585655500,-3,1297,2689
81586245454,81586245450,-4,1369,2543
81587755157,81587755155,-2,1252,1816
81588593219,81588593218,-1,798,1844
81590849558,81590849555,-3,995,2274
81591291278,81591291298,20,1203,2548
81591511815,81591511822,7,1839,1173
81597079479,81597079474,-5,1447,3320
81599120372,81599120370,-2,698,1700
81604241022,81604241018,-4,1217,2367
81605058127,81605058125,-2,1112,2038
81605306213,81605306210,-3,739,1103
81609553600,81609553596,-4,1146,2203
81616824109,81616824106,-3,1527,3279
81618842796,81618842794,-2,1228,2809
81625245418,81625245415,-3,1412,2616
81625432109,81625432105,-4,1034,2630
81626906355,81626906350,-5,1099,1305
81630376218,81630376215,-3,989,1962
81630409459,81630409458,-1,1676,1858
81636414951,81636414948,-3,1588,2087
81638752271,81638752267,-4,895,2086
81642020055,81642020053,-2,1409,2374
81642513258,81642513265,7,2131,1204
81644080888,81644080886,-2,1673,2297
81645264766,81645264763,-3,1044,2142
81645376629,81645376626,-3,860,1708
81648751429,81648751430,1,2913,2753
81650635878,81650635877,-1,912,1719
81654576351,81654576345,-6,870,1229
81656547845,81656547842,-3,1627,3297
81657114414,81657114411,-3,1106,3133
81660946494,81660946491,-3,953,2209
81664863823,81664863821,-2,1624,2361
81666271197,81666271194,-3,1500,2052
81667466714,81667466712,-2,1199,2605
81667525868,81667525858,-10,970,2012
81668730842,81668730838,-4,1305,2339
81669382378,81669382376,-2,728,1844
81669656863,81669656840,-23,1126,2199
81671669290,81671669287,-3,1358,2726
81677940797,81677940797,0,931,1697
81678049928,81678049946,18,1037,1761
81684773095,81684773091,-4,1335,2616
81686397658,81686397658,0,808,1276
81689430447,81689430445,-2,896,1100
81694572135,81694572133,-2,1225,1776
81696195656,81696195654,-2,532,1336
81696659153,81696659148,-5,1338,2152
81697100933,81697100934,1,1583,3036
81706495223,81706495220,-3,1416,1917
81708619146,81708619143,-3,1303,3159
81712465157,81712465153,-4,987,2092
81713119567,81713119587,20,1048,2965
81716823653,81716823650,-3,1057,2012
81719549369,81719549366,-3,1222,2708
81721179667,81721179665,-2,1461,2325
81730403246,81730403250,4,1827,1286
81738231356,81738231354,-2,759,1446
81738855478,81738855499,21,1343,3013
81740526805,81740526801,-4,1479,2136
81740893741,81740893737,-4,1543,4810
81741815607,81741815605,-2,907,1830
81743390814,81743390814,0,939,3158
81754413720,81754413715,-5,869,1644
81756581591,81756581589,-2,1205,3007
81757867422,81757867419,-3,1413,2722
81767957557,81767957553,-4,1215,2422
81769652350,81769652350,0,1081,2164
81770383273,81770383271,-2,1480,3142
81771394110,81771394108,-2,1086,2261
81777360049,81777360041,-8,987,3162
81780342207,81780342206,-1,1193,1278
81780883713,81780883714,1,2207,1632
81782613169,81782613166,-3,1205,2197
81789188372,81789188366,-6,792,3369
81792711095,81792711093,-2,1423,2312
81793342833,81793342815,-18,2065,950
81794857962,81794857959,-3,873,1830
81798569593,81798569590,-3,1102,2516
81800256720,81800256718,-2,1224,2648
81802510642,81802510640,-2,1845,3703
81804212121,81804212114,-7,888,3629
81804349399,81804349397,-2,1338,1697
81806335894,81806335913,19,233,954
81812539074,81812539069,-5,1971,10585
81814042335,81814042334,-1,1225,2267
81816513487,81816513486,-1,1256,2447
81822470642,81822470641,-1,1323,2928
81822576798,81822576797,-1,957,2128
81822691695,81822691689,-6,1035,2394
81823563148,81823563146,-2,1603,1934
81824040461,81824040470,9,2689,1101
81824718625,81824718631,6,3030,951
81827427962,81827427959,-3,992,2289
81828688132,81828688129,-3,1799,3468
81829935674,81829935670,-4,1317,2413
81830928607,81830928604,-3,1099,1835
81833100882,81833100882,0,1082,1567
81833515725,81833515723,-2,1223,2170
81835676426,81835676422,-4,1384,2765
81836437689,81836437686,-3,1984,3982
81844697070,81844697067,-3,1026,2418
81847490672,81847490674,2,1868,1366
81861392893,81861392891,-2,714,1558
81866644578,81866644574,-4,1014,1398
81866843765,81866843763,-2,1389,3299
81871462401,81871462398,-3,1513,1830
81872598580,81872598578,-2,764,1942
81874343152,81874343147,-5,865,1945
81875260172,81875260168,-4,1109,2410
81875449097,81875449097,0,1254,2025
81875517569,81875517566,-3,1312,2163
81878137719,81878137718,-1,1212,2192
81880417587,81880417587,0,1207,1495
81886029921,81886029920,-1,2309,2749
81887684682,81887684678,-4,1401,2582
81888062597,81888062594,-3,1024,1793
81888390205,81888390203,-2,1217,2640
81888728704,81888728701,-3,1298,2169
81890072174,81890072161,-13,45935,12179
81890558806,81890558804,-2,1021,2577
81890669804,81890669801,-3,982,1630
81891803646,81891803645,-1,1091,2794
81892038671,81892038670,-1,1226,2294
81893695830,81893695826,-4,1226,3377
81897286041,81897286038,-3,769,1303
81897378150,81897378171,21,311,936
81898360066,81898360069,3,1872,1691
81902046623,81902046622,-1,519,772
81903454389,81903454379,-10,1126,1442
81903786664,81903786659,-5,999,1980
81905210306,81905210301,-5,2468,6911
81906643673,81906643672,-1,1160,2305
81910919605,81910919602,-3,1121,2728
81914841611,81914841609,-2,936,1569
81914961348,81914961346,-2,751,1209
81917420875,81917420874,-1,698,1736
81919068097,81919068097,0,1433,2091
81922825038,81922825035,-3,1296,2840
81923382023,81923382020,-3,1137,1905
81928335175,81928335174,-1,964,2921
81930271197,81930271194,-3,1529,2201
81938180841,81938180838,-3,1051,3375
81945496566,81945496572,6,3247,1488
81946961904,81946961902,-2,1008,1865
81947357207,81947357205,-2,467,621
81949465058,81949465056,-2,1100,2527
81950589462,81950589459,-3,1066,2448
81951878572,81951878571,-1,1476,2432
81954489071,81954489068,-3,967,1699
81956432420,81956432417,-3,742,2206
81956773822,81956773820,-2,1425,3052
81965306107,81965306107,0,1646,2281
81966608331,81966608326,-5,1125,2062
81969799421,81969799421,0,993,2184
81969910499,81969910494,-5,596,1659
81971597874,81971597871,-3,805,2389
81974272783,81974272778,-5,1297,2037
81977557466,81977557459,-7,1661,9011
81982937410,81982937406,-4,1003,2416
81986828422,81986828422,0,2137,2611
81987664927,81987664926,-1,1387,2402
81990406471,81990406471,0,891,1359
81991480882,81991480880,-2,1232,2653
82009239371,82009239369,-2,1257,2099
82012455095,82012455089,-6,20588,11686
82015041146,82015041142,-4,581,1691
82015209261,82015209280,19,301,561
82017991871,82017991875,4,677,316
82020108880,82020108878,-2,1306,2175
82020377793,82020377790,-3,970,1976
82029966223,82029966221,-2,893,1559
82030058309,82030058295,-14,743,1712
82031403615,82031403612,-3,1132,2565
82035877134,82035877138,4,1496,1240
82040442725,82040442722,-3,1154,2310
82042561388,82042561385,-3,1544,2623
82043603848,82043603844,-4,1103,1565
82046281451,82046281456,5,3093,1742
82047858226,82047858223,-3,879,1710
82049135271,82049135266,-5,1163,2152
82052187631,82052187630,-1,1238,2082
82053441778,82053441776,-2,803,1578
82053947193,82053947189,-4,829,1641
82059921452,82059921447,-5,1680,2762
82060764711,82060764706,-5,808,2734
82062230167,82062230166,-1,866,1835
82062926933,82062926930,-3,1174,2582
82069673006,82069673001,-5,1147,1882
82070277062,82070277057,-5,184,1142
82071232596,82071232613,17,761,2181
82073443942,82073443941,-1,1090,2412
82073594606,82073594604,-2,1223,2021
82076582569,82076582567,-2,1331,2220
82081125577,82081125576,-1,1357,1817
82081158630,82081158629,-1,964,1857
82081927097,82081927096,-1,877,1691
82085047963,82085047961,-2,913,1597
82085954231,82085954225,-6,1017,1748
82088712606,82088712603,-3,1481,1914
82090867143,82090867141,-2,1121,2722
82093025750,82093025747,-3,1187,1522
82095326988,82095326986,-2,969,1904
82096054359,82096054356,-3,1097,2514
82096094703,82096094689,-14,790,1415
82096614709,82096614707,-2,847,1953
82097526685,82097526688,3,2787,2232
82104855800,82104855801,1,2210,3436
82105265078,82105265073,-5,1010,1968
82106153301,82106153301,0,1061,2122
82107642340,82107642337,-3,1106,2389
82109737901,82109737897,-4,1074,2564
82115641349,82115641345,-4,1041,2211
82127612918,82127612915,-3,41470,21543
82129338939,82129338935,-4,1354,2507
82131778359,82131778355,-4,1107,3178
82133889418,82133889415,-3,1426,2099
82134847217,82134847214,-3,1465,3035
82138586011,82138586006,-5,1437,2667
82138748416,82138748432,16,674,1165
82140384378,82140384382,4,1189,1030
82142263639,82142263638,-1,571,1375
82143090690,82143090688,-2,794,2134
82149962486,82149962483,-3,1186,3043
82150587950,82150587949,-1,1275,2198
82155181558,82155181554,-4,1267,2199
82157770141,82157770138,-3,1286,2060
82161244547,82161244545,-2,1494,1933
82164189955,82164189954,-1,572,1432
82166315348,82166315346,-2,1383,3204
82167711135,82167711130,-5,813,2099
82167971748,82167971767,19,1356,3057
82169429221,82169429216,-5,693,3402
82171067194,82171067192,-2,1206,2176
82175585675,82175585671,-4,1510,2452
82176749095,82176749094,-1,1154,2079
82178151522,82178151518,-4,915,1750
82179612574,82179612573,-1,1077,1918
82180214192,82180214191,-1,688,1422
82182021127,82182021126,-1,1188,2087
82188345434,82188345429,-5,801,2573
82188863621,82188863619,-2,953,1472
82193674278,82193674278,0,1711,2850
82194061327,82194061326,-1,1571,749
82199299127,82199299124,-3,939,2750
82199921679,82199921677,-2,621,1594
82200524557,82200524551,-6,1458,3608
82203041973,82203041967,-6,1395,4748
82204730137,82204730135,-2,794,1305
82210134479,82210134476,-3,838,1896
82210224170,82210224166,-4,1202,2691
82212014939,82212014937,-2,1128,1911
82221051978,82221051976,-2,1294,2514
82222266884,82222266881,-3,1261,3156
82222468988,82222468970,-18,170,777
82223295191,82223295206,15,392,562
82223843403,82223843402,-1,1180,1954
82232177222,82232177219,-3,1145,1927
82237434473,82237434479,6,2303,1199
82241222558,82241222555,-3,1133,2122
82243341830,82243341827,-3,1332,2305
82243799529,82243799531,2,1361,1588
82246058298,82246058297,-1,903,1903
82246274318,82246274303,-15,355,862
82249967554,82249967554,0,1735,2865
82250898668,82250898666,-2,529,786
82252951809,82252951807,-2,959,2389
82255656488,82255656485,-3,1393,2376
82256557806,82256557803,-3,1459,1860
82261574270,82261574270,0,1506,2057
82261946962,82261946960,-2,875,1768
82262002951,82262002948,-3,1709,3762
82263091722,82263091719,-3,797,2693
82267376651,82267376649,-2,1745,2157
82270053022,82270053024,2,33752,29882
82270147118,82270147099,-19,24042,27261
82270646066,82270646063,-3,1451,2579
82275849018,82275849014,-4,1231,3107
82275978109,82275978130,21,331,706
82283262111,82283262108,-3,913,2149
82284153025,82284153022,-3,1184,1909
82284937691,82284937689,-2,1107,2928
82287699606,82287699605,-1,1007,1293
82288390987,82288390983,-4,1184,3443
82289484153,82289484149,-4,1237,2556
82294398919,82294398917,-2,735,947
82298707537,82298707535,-2,1191,1978
82299943239,82299943252,13,1452,1634
82305094510,82305094507,-3,1161,2208
82307589834,82307589831,-3,824,2352
82310102619,82310102617,-2,931,1719
82313680174,82313680169,-5,1525,2176
82320431591,82320431592,1,1864,1054
82321342024,82321342021,-3,1470,2898
82327734015,82327734010,-5,1125,2503
82327867527,82327867526,-1,1563,2300
82328573910,82328573909,-1,1302,3104
82328897254,82328897251,-3,1038,1679
82329127871,82329127854,-17,1068,2015
82338529140,82338529138,-2,1385,1698
82341066552,82341066549,-3,1342,2622
82344406415,82344406413,-2,1316,2315
82344445385,82344445383,-2,1055,1261
82345657207,82345657206,-1,1182,3188
82346610966,82346610962,-4,1226,2227
82348539638,82348539635,-3,1380,2534
82352903041,82352903037,-4,1094,2323
82353234243,82353234239,-4,992,1895
82358480463,82358480460,-3,1494,1961
82360070110,82360070106,-4,888,2593
82361483501,82361483506,5,2576,1277
82362006470,82362006467,-3,2798,3387
82363849923,82363849919,-4,1273,2261
82365896755,82365896753,-2,1522,2521
82366065323,82366065318,-5,1395,3797
82366590681,82366590681,0,1617,2110
82367673933,82367673931,-2,759,1917
82370451847,82370451845,-2,1374,3017
82372043593,82372043598,5,5581,2622
82372941421,82372941414,-7,1029,1366
82379685893,82379685888,-5,878,1254
82380310607,82380310601,-6,937,1712
82381245017,82381245014,-3,959,2358
82381874549,82381874546,-3,1234,2214
82391261995,82391261992,-3,885,1978
82393202686,82393202705,19,1140,1859
82395106971,82395106970,-1,1717,2737
82395752360,82395752357,-3,1056,2270
82396711790,82396711788,-2,916,1825
82398857457,82398857457,0,2133,2496
82400283486,82400283483,-3,1388,2990
82403839260,82403839262,2,1532,1782
82404732731,82404732728,-3,899,2137
82411033609,82411033609,0,1330,2468
82417188018,82417188017,-1,1615,2416
82419639538,82419639545,7,4201,1238
82419800953,82419800953,0,1225,1937
82420863771,82420863768,-3,1323,1999
82423619404,82423619402,-2,567,860
82430646302,82430646303,1,1817,1500
82431975792,82431975790,-2,1390,2644
82432038309,82432038309,0,981,2405
82440889659,82440889639,-20,964,2004
82441593139,82441593137,-2,1507,2062
82445690657,82445690653,-4,967,2738
82445806359,82445806339,-20,1332,2513
82446545676,82446545670,-6,1572,6647
82449854980,82449854978,-2,1015,1636
82449883084,82449883077,-7,1432,2933
82451391511,82451391529,18,476,1555
82453944069,82453944067,-2,1348,3531
82454629836,82454629834,-2,1017,1813
82455205359,82455205356,-3,834,1750
82456153259,82456153255,-4,1302,2160
82458568207,82458568206,-1,1422,1667
82460752747,82460752745,-2,1275,2319
82460911730,82460911726,-4,1544,2532
82463020718,82463020717,-1,1463,2235
82464101105,82464101106,1,771,1804
82464953929,82464953925,-4,1242,1914
82465605514,82465605509,-5,1041,1832
82466241794,82466241789,-5,1000,3846
82467169191,82467169190,-1,1217,2148
82467695479,82467695476,-3,1130,2811
82467874147,82467874148,1,1149,1862
82467974082,82467974079,-3,1112,2575
82477458867,82477458867,0,1206,2556
82479642875,82479642874,-1,1240,2358
82484343290,82484343287,-3,1869,2353
82486964619,82486964617,-2,1291,2333
82487913761,82487913758,-3,981,2004
82490127146,82490127146,0,1464,2183
82492405797,82492405794,-3,715,1322
82493140615,82493140612,-3,1120,2421
82493433270,82493433267,-3,814,1741
82501750143,82501750141,-2,1184,2101
82501924226,82501924226,0,1433,1179
82502642265,82502642271,6,412,875
82503230394,82503230390,-4,1584,6003
82504697918,82504697917,-1,1190,1442
82508532153,82508532150,-3,1182,3331
82508930586,82508930583,-3,846,2432
82509047302,82509047298,-4,1071,2393
82518115419,82518115418,-1,885,2545
82518458019,82518458019,0,962,1776
82523037931,82523037926,-5,1184,3426
82524728391,82524728389,-2,1168,2194
82527635948,82527635946,-2,1263,2765
82528093895,82528093913,18,437,1126
82533837413,82533837411,-2,1305,2590
82540660859,82540660854,-5,1250,3583
82543249998,82543249994,-4,1856,2620
82544891153,82544891151,-2,1486,2833
82545048058,82545048054,-4,1210,2087
82545866380,82545866393,13,224,975
82546090703,82546090700,-3,663,1838
82547868703,82547868701,-2,1766,2254
82548209677,82548209683,6,7597,3175
82548641268,82548641266,-2,1543,2306
82554538337,82554538338,1,23326,18106
82554565095,82554565093,-2,1144,1839
82560257699,82560257698,-1,1019,2359
82560538815,82560538814,-1,1313,1957
82562059871,82562059870,-1,1143,2650
82563263061,82563263059,-2,1274,2392
82569621939,82569621918,-21,1325,1662
82571422077,82571422071,-6,757,2738
82571775960,82571775977,17,598,2316
82573693056,82573693053,-3,1375,2296
82579808426,82579808425,-1,1189,1366
82587513077,82587513082,5,13835,6478
82587543629,82587543627,-2,932,2233
82589142354,82589142350,-4,1057,2573
82589711543,82589711539,-4,1155,1969
82589933915,82589933913,-2,1549,2299
82592598202,82592598197,-5,3775,10769
82593126482,82593126480,-2,975,1487
82595138949,82595138934,-15,1099,1704
82597343746,82597343745,-1,1065,1836
82601950241,82601950239,-2,1066,1507
82602207317,82602207322,5,8760,5992
82603430699,82603430697,-2,873,1686
82603462735,82603462726,-9,1256,2619
82605365650,82605365650,0,1461,1536
82605947498,82605947499,1,1723,1219
82609255102,82609255102,0,856,2628
82609667702,82609667703,1,1928,2647
82611559255,82611559254,-1,2738,4932
82613044920,82613044922,2,1984,1585
82615624629,82615624628,-1,1382,1915
82617616873,82617616870,-3,1058,1886
82618379295,82618379293,-2,1681,2426
82619577706,82619577711,5,1442,3053
82620040987,82620040984,-3,1057,2772
82621059891,82621059890,-1,1104,1567
82621591596,82621591591,-5,1139,5137
82623514807,82623514805,-2,1759,3076
82624534711,82624534711,0,2743,3762
82629957195,82629957194,-1,1455,2232
82639872430,82639872429,-1,1238,2749
82643837986,82643837982,-4,1233,2354
82646267770,82646267767,-3,1228,2439
82649729170,82649729165,-5,1118,3275
82658325047,82658325045,-2,1173,1619
82661152573,82661152570,-3,1387,2966
82664338717,82664338714,-3,1021,1864
82666438324,82666438321,-3,1207,2432
82668230540,82668230538,-2,1686,1626
82678244638,82678244633,-5,995,1989
82680876995,82680876993,-2,591,1199
82681378805,82681378802,-3,1377,2686
82684462371,82684462367,-4,1115,2347
82684549702,82684549722,20,653,1954
82687786767,82687786765,-2,1009,1547
82690145275,82690145273,-2,1093,2646
82690665519,82690665496,-23,833,2249
82696247608,82696247605,-3,1606,2747
82696725547,82696725545,-2,1186,3507
82697873690,82697873687,-3,1300,2507
82698589247,82698589244,-3,1116,3178
82698820486,82698820465,-21,197,817
82701402408,82701402406,-2,1043,1858
82703022451,82703022449,-2,1328,2847
82706467253,82706467249,-4,1100,2607
82706743086,82706743066,-20,1038,1989
82707137582,82707137583,1,1619,1226
82711992498,82711992496,-2,1185,1910
82714214578,82714214575,-3,923,2331
82716171098,82716171097,-1,1092,2020
82725325846,82725325850,4,1688,1254
82726278191,82726278188,-3,938,1717
82728721724,82728721725,1,941,1489
82730022162,82730022162,0,1258,2359
82730252021,82730252018,-3,1349,3107
82731503638,82731503637,-1,874,1467
82731856104,82731856101,-3,1236,1880
82733565222,82733565220,-2,1113,2508
82733769410,82733769407,-3,1140,1790
82734168206,82734168202,-4,1006,1620
82737538208,82737538212,4,2254,1560
82740393466,82740393463,-3,1359,2331
82740547746,82740547745,-1,1068,1750
82741376135,82741376133,-2,1640,2796
82752433490,82752433490,0,1283,2492
82756096289,82756096286,-3,1136,2504
82759568807,82759568805,-2,829,2653
82768618258,82768618256,-2,1422,2001
82774485891,82774485886,-5,940,1741
82774825930,82774825935,5,1948,1306
82779372118,82779372118,0,1147,1571
82780913257,82780913254,-3,1087,2119
82780977508,82780977511,3,21811,22343
82785404692,82785404691,-1,1152,2093
82795853441,82795853440,-1,1335,2128
82798343989,82798343986,-3,1193,2656
82808778179,82808778175,-4,817,1336
82811088158,82811088153,-5,1076,1448
82811368927,82811368934,7,2486,1415
82814091939,82814091939,0,1280,2299
82814196273,82814196269,-4,1256,2204
82815422089,82815422089,0,3009,3864
82826042113,82826042110,-3,29386,13796
82827654462,82827654459,-3,1405,4623
82830959625,82830959621,-4,1279,1946
82831297611,82831297607,-4,983,2333
82832359389,82832359411,22,807,2089
82836856359,82836856354,-5,973,2358
82836990205,82836990185,-20,837,1441
82842432679,82842432682,3,2080,1692
82843115986,82843115982,-4,1693,2626
82845188078,82845188083,5,2970,1210
82850822303,82850822302,-1,881,1925
82851913418,82851913415,-3,2102,3647
82854356052,82854356050,-2,1513,1348
82854831882,82854831879,-3,1137,1554
82855887651,82855887649,-2,857,2762
82857129048,82857129046,-2,1158,1649
82857342897,82857342895,-2,939,1758
82860686974,82860686970,-4,1339,2213
82864083781,82864083777,-4,1264,3151
82865640624,82865640622,-2,1458,2414
82873143458,82873143456,-2,728,1975
82875333668,82875333664,-4,1255,2630
82882059899,82882059897,-2,590,1952
82883408591,82883408587,-4,1377,1701
82888328109,82888328106,-3,1559,2661
82889296394,82889296390,-4,1351,2168
82890207933,82890207933,0,1945,1889
82891556130,82891556130,0,682,1333
82893595485,82893595483,-2,979,2306
82894214422,82894214417,-5,1100,2763
82898047377,82898047376,-1,955,1430
82898592324,82898592331,7,243,838
82900633133,82900633130,-3,1198,2046
82900725874,82900725869,-5,1159,3464
82904844169,82904844169,0,1388,2141
82908526195,82908526175,-20,1325,2915
82913081643,82913081639,-4,1067,3160
82913825010,82913825010,0,1744,2162
82919613757,82919613755,-2,1417,2345
82926333636,82926333625,-11,1133,2052
82927659822,82927659819,-3,1446,2766
82934628486,82934628484,-2,1192,2344
82935662047,82935662030,-17,697,1368
82936221122,82936221117,-5,1407,2168
82937984197,82937984197,0,2798,2582
82939597605,82939597601,-4,1375,2964
82940381055,82940381053,-2,1448,3806
82942913681,82942913679,-2,1207,2736
82946803114,82946803114,0,1087,2301
82947062284,82947062278,-6,1146,3246
82949212254,82949212251,-3,1440,1886
82950317929,82950317926,-3,1461,2180
82952759870,82952759867,-3,1165,2284
82953122966,82953122961,-5,654,1503
82958193755,82958193755,0,926,2087
82959424395,82959424393,-2,1407,1565
82963629850,82963629847,-3,812,1877
82966577038,82966577033,-5,1251,1981
82967916928,82967916923,-5,1973,2734
82969026085,82969026102,17,493,1431
82971199582,82971199582,0,1112,2113
82971908093,82971908098,5,2417,1593
82972565043,82972565038,-5,892,2574
82973346254,82973346252,-2,1487,2376
82977995931,82977995929,-2,464,907
82979919613,82979919610,-3,1291,1927
82987454071,82987454066,-5,1157,2225
82987962844,82987962867,23,1105,2575
82992722718,82992722725,7,2916,1342
82997632192,82997632189,-3,1556,2137
83000730686,83000730683,-3,1387,3179
83004909638,83004909635,-3,1143,2593
83020266934,83020266925,-9,1236,1756
83020593885,83020593903,18,767,1490
83021940132,83021940139,7,3667,1373
83025131006,83025131007,1,990,1760
83028977842,83028977840,-2,752,1899
83031785107,83031785105,-2,1224,1815
83033315702,83033315702,0,1589,1783
83034404274,83034404270,-4,1800,2790
83036240188,83036240186,-2,1400,2275
83038098483,83038098477,-6,950,4213
83038253946,83038253942,-4,1590,2163
83039668548,83039668544,-4,1107,2013
83040216990,83040216995,5,1700,1023
83043488322,83043488318,-4,890,2874
83048778149,83048778149,0,1019,1640
83050000068,83050000063,-5,1767,2333
83051509255,83051509254,-1,1160,1782
83052109567,83052109579,12,132,1001
83055268481,83055268483,2,2829,2034
83056859695,83056859690,-5,813,2403
83058978470,83058978466,-4,893,2584
83059552996,83059552993,-3,1486,2630
83062131747,83062131745,-2,1235,2613
83065160602,83065160601,-1,916,1583
83072685382,83072685381,-1,1108,2222
83073331668,83073331665,-3,1308,1707
83078745842,83078745841,-1,1025,2319
83079339194,83079339196,2,1688,1548
83088035868,83088035865,-3,1273,1639
83089801946,83089801943,-3,1466,2175
83092100422,83092100418,-4,1129,2623
83092194476,83092194498,22,313,1176
83098885828,83098885842,14,704,8019
83101751272,83101751270,-2,1038,2162
83104658350,83104658348,-2,962,2034
83106032657,83106032652,-5,1206,2290
83106126660,83106126650,-10,900,2204
83113949972,83113949966,-6,1133,2714
83115982617,83115982614,-3,1392,2449
83117669355,83117669354,-1,922,1725
83121590626,83121590624,-2,1107,3032
83121781935,83121781932,-3,1180,2134
83126000286,83126000283,-3,1123,2224
83127393343,83127393341,-2,1518,2636
83135690069,83135690065,-4,895,1919
83138345366,83138345362,-4,1376,2365
83141572534,83141572530,-4,1416,2010
83142918212,83142918210,-2,1712,3253
83143777619,83143777618,-1,834,1380
83144326807,83144326827,20,387,661
83147099408,83147099406,-2,1052,2450
83154966817,83154966813,-4,1272,2220
83158908119,83158908117,-2,2962,4243
83162317517,83162317514,-3,1443,1993
83164061529,83164061526,-3,742,1167
83165037866,83165037861,-5,1509,2620
83171632278,83171632275,-3,782,2256
83172287921,83172287919,-2,1372,3076
83172829575,83172829593,18,1088,2615
83173407725,83173407721,-4,1145,2303
83173623702,83173623722,20,443,612
83176095587,83176095583,-4,935,2110
83183557290,83183557291,1,1003,1095
83188003806,83188003802,-4,1030,2251
83191153922,83191153934,12,16765,34918
83191701651,83191701650,-1,946,1298
83197497333,83197497331,-2,1170,1474
83205034790,83205034794,4,1968,1032
83206973138,83206973137,-1,1345,2087
83208454391,83208454390,-1,2830,3913
83209610891,83209610889,-2,1285,1946
83210439895,83210439893,-2,937,1566
83211163171,83211163168,-3,1064,2825
83212671487,83212671485,-2,1557,3190
83214449334,83214449331,-3,1089,2878
83223484369,83223484374,5,1519,1459
83224386154,83224386149,-5,1168,2919
83224569927,83224569924,-3,1176,2811
83225048471,83225048476,5,1667,1130
83231503921,83231503932,11,11620,47787
83231717390,83231717393,3,3844,3796
83234763711,83234763710,-1,1293,1899
83237211473,83237211470,-3,729,2132
83240505575,83240505572,-3,1835,4341
83244686990,83244686986,-4,1150,2607
83250288340,83250288339,-1,1827,2094
83252883541,83252883541,0,772,1895
83255042031,83255042029,-2,1455,2402
83256253518,83256253516,-2,809,1986
83258136765,83258136764,-1,1272,2182
83262024003,83262023998,-5,810,1993
83262149427,83262149424,-3,1216,2210
83262531721,83262531718,-3,1490,2202
83274639993,83274639990,-3,1595,2648
83275134026,83275134024,-2,1847,3059
83277498895,83277498898,3,1467,1352
83282450402,83282450402,0,958,2182
83283786929,83283786925,-4,1142,1991
83287300614,83287300619,5,3095,1356
83290190882,83290190882,0,1387,1326
83292855750,83292855749,-1,1511,2707
83294127562,83294127560,-2,997,2473
83299702890,83299702889,-1,865,1248
83304500223,83304500222,-1,1043,1744
83309599633,83309599630,-3,1287,2547
83311465066,83311465060,-6,1356,2692
83312718534,83312718533,-1,819,2096
83315017084,83315017081,-3,1251,2121
83316616558,83316616554,-4,701,2951
83317255314,83317255313,-1,1129,1874
83319140125,83319140125,0,1245,2278
83320387998,83320387993,-5,1260,5808
83320712452,83320712474,22,1162,2899
83321145834,83321145832,-2,1446,3011
83321395262,83321395245,-17,1277,2581
83322832549,83322832541,-8,1390,3069
83325558895,83325558893,-2,1088,2605
83327383937,83327383934,-3,1405,2498
83327490820,83327490822,2,1223,1208
83329932064,83329932060,-4,915,1829
83330331602,83330331598,-4,919,3064
83331596383,83331596381,-2,1020,1709
83333648448,83333648445,-3,1977,4809
83337503238,83337503237,-1,987,2073
83339381454,83339381451,-3,1201,2928
83340146166,83340146153,-13,1478,3031
83342360159,83342360163,4,19848,18569
83342773230,83342773229,-1,869,3190
83343000977,83343000976,-1,1097,2379
83344717683,83344717678,-5,1104,2584
83346188178,83346188178,0,1578,2132
83347296334,83347296331,-3,1129,2192
83347366752,83347366750,-2,1149,2485
83347478914,83347478914,0,1429,2374
83349152464,83349152462,-2,1217,3160
83352885893,83352885889,-4,1287,2454
83353654745,83353654745,0,1123,1862
83355520379,83355520377,-2,909,2302
83356785209,83356785206,-3,751,1885
83363278591,83363278587,-4,1467,3206
83363908468,83363908463,-5,910,1890
83364409467,83364409465,-2,1098,1959
83365145809,83365145807,-2,834,1374
83366112384,83366112382,-2,1759,2077
83369777086,83369777082,-4,1469,2850
83370105791,83370105790,-1,1296,2008
83372677969,83372677967,-2,1468,2074
83373899320,83373899316,-4,1189,3215
83374927503,83374927487,-16,232,787
83375557943,83375557950,7,5070,1290
83381567641,83381567638,-3,1036,1793
83382494508,83382494509,1,1349,1681
83387640693,83387640689,-4,946,1702
83392150802,83392150807,5,1161,1532
83392393803,83392393801,-2,1077,1827
83392436110,83392436129,19,742,1081
83395887627,83395887624,-3,1029,1621
83396389560,83396389557,-3,737,1453
83398096034,83398096032,-2,815,1814
83398710177,83398710171,-6,1231,3074
83399559316,83399559313,-3,1766,5035
83400059037,83400059034,-3,896,3025
83400441046,83400441026,-20,1315,2616
83401714459,83401714456,-3,954,2791
83403942454,83403942451,-3,891,1782
83405663841,83405663837,-4,1290,2184
83405701253,83405701250,-3,1278,2495
83406855650,83406855649,-1,765,1627
83414242609,83414242606,-3,1414,2714
83414650538,83414650534,-4,13842,45756
83440416395,83440416393,-2,783,1815
83440685839,83440685833,-6,1189,2603
83440877311,83440877311,0,1096,1585
83443823465,83443823460,-5,1318,3088
83444253803,83444253800,-3,1433,2375
83449103514,83449103512,-2,1474,3125
83449309132,83449309129,-3,810,1359
83450445378,83450445375,-3,1126,1940
83455054108,83455054106,-2,1349,1988
83457717533,83457717529,-4,1423,2601
83461814566,83461814564,-2,1492,1522
83462515099,83462515095,-4,1274,2227
83464582154,83464582153,-1,1144,2457
83466322830,83466322828,-2,1680,2513
83472617878,83472617881,3,3770,2838
83473749853,83473749850,-3,1313,2250
83474252203,83474252198,-5,693,1643
83476395718,83476395717,-1,1171,2004
83479006654,83479006652,-2,683,1491
83482935285,83482935284,-1,820,1460
83485154162,83485154158,-4,1548,2158
83497769961,83497769959,-2,761,2538
83497804734,83497804733,-1,1092,1719
83498046298,83498046298,0,1013,1995
83498865490,83498865487,-3,1564,2907
83499606432,83499606415,-17,164,1015
83501907313,83501907310,-3,1354,2324
83507879765,83507879764,-1,1351,2115
83512221638,83512221635,-3,1542,2477
83512307940,83512307931,-9,28847,14038
83513564505,83513564505,0,1523,2010
83514702186,83514702184,-2,1186,1591
83515211834,83515211832,-2,1089,2104
83515700614,83515700614,0,1334,2689
83518876740,83518876722,-18,1056,2492
83522206475,83522206473,-2,717,2345
83531855945,83531855951,6,2391,1085
83532321971,83532321967,-4,1649,2758
83534928709,83534928708,-1,1318,2653
83535652309,83535652305,-4,1275,2413
83539159271,83539159268,-3,713,1505
83539491310,83539491309,-1,787,1704
83541164516,83541164513,-3,1082,1659
83541824436,83541824433,-3,1271,3224
83547566864,83547566862,-2,967,3046
83549757722,83549757717,-5,1403,3693
83552194557,83552194556,-1,1078,2507
83554456637,83554456633,-4,1021,1927
83560804054,83560804051,-3,703,1926
83560837344,83560837359,15,1311,1681
83561400826,83561400824,-2,679,1680
83563660799,83563660796,-3,987,2113
83563930878,83563930874,-4,1094,2578
83570413649,83570413646,-3,989,2000
83575071158,83575071157,-1,1474,2208
83578427694,83578427689,-5,1102,1848
83578707367,83578707375,8,428,795
83581197224,83581197221,-3,1038,1210
83581831238,83581831237,-1,1516,3724
83585176179,83585176177,-2,1369,2488
83591348845,83591348842,-3,827,1792
83592526510,83592526508,-2,1518,3018
83593900348,83593900345,-3,965,1893
83595557035,83595557031,-4,1044,1874
83597336065,83597336062,-3,2743,5158
83597777010,83597777017,7,2549,1235
83599643052,83599643050,-2,1445,2206
83602779534,83602779529,-5,1137,1862
83606574854,83606574853,-1,908,2290
83606796142,83606796140,-2,1149,1744
83606998563,83606998558,-5,18127,13031
83607658304,83607658301,-3,1275,2424
83610006981,83610006982,1,3871,3956
83612716699,83612716699,0,647,1360
83620165636,83620165637,1,5147,17050
83622056531,83622056528,-3,960,1737
83624379650,83624379647,-3,1190,2446
83628257089,83628257086,-3,1284,2022
83628409490,83628409489,-1,955,2621
83631210114,83631210117,3,4625,4003
83632577386,83632577382,-4,1129,2400
83632704011,83632704007,-4,1463,2347
83634438750,83634438748,-2,1236,3379
83638138117,83638138114,-3,1386,1981
83639139583,83639139581,-2,1435,3153
83640910606,83640910602,-4,1261,2021
83646705863,83646705861,-2,921,1858
83646912174,83646912170,-4,950,2266
83647217807,83647217809,2,2315,1504
83656871622,83656871618,-4,990,1784
83660541953,83660541950,-3,983,2187
83660840390,83660840372,-18,1028,2363
83665640645,83665640643,-2,782,2366
83668623578,83668623575,-3,1314,1972
83669218559,83669218574,15,837,1905
83670811853,83670811848,-5,1477,2280
83671912820,83671912818,-2,1148,2047
83674955698,83674955695,-3,1484,2273
83675723599,83675723597,-2,1030,1128
83679424258,83679424257,-1,1124,2497
83681889826,83681889824,-2,1098,2043
83682017797,83682017795,-2,1072,1667
83689150350,83689150351,1,762,1051
83699854853,83699854859,6,2426,720
83700929475,83700929475,0,1208,1752
83703478674,83703478670,-4,897,2539
83706115923,83706115917,-6,1368,23358
83710136277,83710136274,-3,1480,3157
83717349201,83717349195,-6,1004,1929
83721985554,83721985562,8,2077,981
83723784476,83723784475,-1,1441,2397
83734636086,83734636085,-1,1522,2035
83736444151,83736444148,-3,1377,2855
83738711561,83738711558,-3,956,2402
83738757181,83738757202,21,749,2177
83747034269,83747034267,-2,1599,1836
83747861337,83747861331,-6,1003,2570
83748482046,83748482067,21,627,1799
83750237204,83750237203,-1,1033,1813
83751556954,83751556954,0,744,1488
83752390472,83752390469,-3,1478,2450
83755596876,83755596875,-1,1338,1637
83755721390,83755721389,-1,1225,2373
83756171930,83756171925,-5,709,2202
83764218017,83764218014,-3,1138,2451
83764373944,83764373926,-18,115,920
83767443614,83767443613,-1,1195,2249
83768713634,83768713630,-4,1606,2225
83768999397,83768999396,-1,1108,1645
83770377275,83770377271,-4,968,1881
83771259385,83771259385,0,1307,1549
83771381446,83771381442,-4,1013,1737
83777020257,83777020254,-3,924,2265
83781092915,83781092913,-2,837,2122
83788046223,83788046218,-5,1222,2312
83789120927,83789120925,-2,1214,2631
83789186607,83789186605,-2,967,1686
83791168906,83791168902,-4,929,1678
83792215550,83792215549,-1,857,2163
83792904709,83792904717,8,4941,1688
83800693310,83800693306,-4,1015,1762
83801591078,83801591073,-5,1157,2028
83802451550,83802451551,1,2050,2762
83809653501,83809653499,-2,623,1727
83812879382,83812879378,-4,821,1588
83813927632,83813927632,0,1037,1766
83815940894,83815940891,-3,944,1718
83817909826,83817909826,0,1306,1670
83821021956,83821021958,2,996,2354
83822391434,83822391445,11,15476,32178
83824722189,83824722186,-3,1112,2521
83825161073,83825161069,-4,783,2530
83830935510,83830935517,7,5344,2528
83835836346,83835836343,-3,1277,2769
83840315290,83840315288,-2,1393,2545
83840405494,83840405492,-2,912,1756
83843034036,83843034032,-4,1045,2222
83843963785,83843963782,-3,979,2784
83845785839,83845785837,-2,1214,1880
83854352149,83854352146,-3,1205,2902
83854589043,83854589040,-3,946,1704
83855271385,83855271372,-13,2775,933
83855571293,83855571291,-2,1177,1625
83856774220,83856774213,-7,1412,4645
83858341039,83858341034,-5,925,2539
83860474357,83860474354,-3,1238,2995
83860890378,83860890375,-3,846,2114
83861079372,83861079365,-7,211,1114
83863713002,83863712998,-4,1012,1866
83865683610,83865683606,-4,1045,2317
83865749257,83865749256,-1,1409,2091
83873525806,83873525804,-2,1247,1965
83873643493,83873643491,-2,1625,4498
83875007388,83875007411,23,114,769
83876951538,83876951537,-1,1281,2438
83877632596,83877632590,-6,1165,2907
83879621173,83879621175,2,1841,1044
83882298901,83882298899,-2,1241,2352
83882880611,83882880609,-2,994,1605
83887108801,83887108798,-3,1233,2430
83892039532,83892039530,-2,1200,2634
83893674135,83893674132,-3,1631,2449
83895430713,83895430716,3,4135,1723
83899013879,83899013881,2,945,1850
83900671343,83900671341,-2,1374,2098
83908934203,83908934200,-3,816,1928
83910824291,83910824290,-1,1052,1613
83913295603,83913295602,-1,1033,847
83916827333,83916827329,-4,616,1924
83921333982,83921333978,-4,975,1679
83926852859,83926852857,-2,992,1862
83932189178,83932189176,-2,1022,1981
83934565691,83934565689,-2,859,1467
83935435623,83935435619,-4,870,2131
83936857883,83936857881,-2,892,1582
83937173022,83937173003,-19,308,847
83938969518,83938969515,-3,559,1686
83941095375,83941095371,-4,1039,2102
83945647497,83945647493,-4,950,2440
83945744142,83945744126,-16,723,1377
83949331350,83949331346,-4,1318,2559
83954419251,83954419250,-1,1140,2215
83963204750,83963204748,-2,1061,1929
83967667421,83967667418,-3,1279,2510
83970519823,83970519821,-2,1237,1917
83973047711,83973047707,-4,1100,1464
83978247789,83978247786,-3,1033,2253
83987970996,83987970994,-2,744,1844
83996255477,83996255475,-2,992,2455
84007612762,84007612763,1,1604,1922
84009849373,84009849371,-2,1402,2448
84010698904,84010698902,-2,1461,2189
84010971577,84010971574,-3,1313,1697
84011114491,84011114490,-1,720,970
84013306975,84013306973,-2,1152,2678
84014144442,84014144439,-3,1309,2068
84015247431,84015247425,-6,2400,7415
84016210334,84016210334,0,819,1625
84018071367,84018071363,-4,898,1792
84018122989,84018123009,20,1254,3686
84033913756,84033913754,-2,1169,1908
84036265242,84036265240,-2,691,1448
84037960430,84037960425,-5,822,2293
84038943505,84038943503,-2,1214,1765
84040827528,84040827525,-3,1906,4697
84044121372,84044121370,-2,1301,1867
84046037993,84046037990,-3,1124,2425
84048441695,84048441691,-4,704,2172
84048537622,84048537643,21,611,1390
84048658717,84048658714,-3,1101,1546
84049548814,84049548811,-3,1308,2577
84053189402,84053189409,7,17357,21922
84056939249,84056939245,-4,1102,2268
84062932218,84062932219,1,1976,2008
84065886397,84065886396,-1,1404,2021
84067799114,84067799111,-3,730,1688
84068116805,84068116803,-2,1312,2123
84069363427,84069363427,0,1594,1503
84073955891,84073955888,-3,1216,2159
84077379885,84077379881,-4,1159,2013
84078116620,84078116617,-3,1615,1936
84084619675,84084619673,-2,706,1610
84085989577,84085989573,-4,1338,2823
84092392982,84092392981,-1,1582,2889
84092565118,84092565114,-4,1285,3799
84093660870,84093660867,-3,935,2329
84096349277,84096349274,-3,1279,2878
84099773434,84099773430,-4,1161,2149
84101171116,84101171112,-4,1130,3601
84103009570,84103009568,-2,955,1646
84104322122,84104322118,-4,1202,2715
84106231306,84106231305,-1,1263,2156
84107316295,84107316291,-4,780,2116
84108369239,84108369234,-5,1053,2927
84109913198,84109913194,-4,1105,1791
84111359457,84111359457,0,21148,22682
84112222761,84112222757,-4,27456,19476
84112599986,84112599983,-3,1242,2219
84118557832,84118557850,18,724,2150
84118994713,84118994711,-2,1005,2139
84119521204,84119521201,-3,994,1605
84120142687,84120142688,1,3941,4801
84121580022,84121580029,7,2830,1397
84129820433,84129820444,11,1177,1869
84132251671,84132251667,-4,1163,1752
84132336172,84132336193,21,1422,3342
84135925195,84135925194,-1,746,1420
84140838666,84140838664,-2,1528,1935
84141184010,84141184007,-3,1478,3165
84143252334,84143252332,-2,910,1836
84151155911,84151155907,-4,1079,1766
84153401950,84153401946,-4,1789,2290
84154864140,84154864137,-3,2182,4538
84155298690,84155298686,-4,791,1157
84156040761,84156040762,1,1399,1815
84156631062,84156631058,-4,774,2534
84157462366,84157462373,7,7053,2454
84157588271,84157588269,-2,847,1834
84159485687,84159485686,-1,1355,2319
84162547917,84162547913,-4,935,1394
84169069263,84169069261,-2,1284,2505
84171992071,84171992068,-3,997,1930
84172186883,84172186878,-5,886,2584
84173293488,84173293482,-6,758,1688
84176003465,84176003464,-1,1468,1490
84178402362,84178402358,-4,975,1557
84184045306,84184045305,-1,798,1671
84184941462,84184941446,-16,187,1068
84186589707,84186589700,-7,1131,3764
84193366859,84193366857,-2,1183,1478
84193713417,84193713414,-3,935,2306
84195087475,84195087470,-5,1270,2322
84199033402,84199033406,4,1855,959
84200010191,84200010193,2,2165,1261
84203855238,84203855241,3,1627,1501
84204160135,84204160133,-2,1195,2350
84206312466,84206312470,4,2457,1431
84207051139,84207051138,-1,938,2180
84208636731,84208636726,-5,735,1740
84208955717,84208955715,-2,1186,2109
84210590565,84210590563,-2,1345,2088
84212818303,84212818298,-5,1584,3002
84218350054,84218350050,-4,1017,1734
84218730690,84218730686,-4,1309,2710
84220518995,84220518994,-1,1062,1625
84220556311,84220556327,16,1320,1988
84221473521,84221473519,-2,1029,1687
84224505572,84224505570,-2,1239,2283
84228357161,84228357159,-2,826,1909
84230860710,84230860711,1,777,1201
84231122589,84231122586,-3,1109,2797
84241814609,84241814606,-3,1520,1840
84243034907,84243034905,-2,1273,2405
84256439402,84256439400,-2,1017,2099
84262918074,84262918071,-3,1819,2231
84273145954,84273145950,-4,1152,2355
84275949238,84275949236,-2,1137,2621
84277399970,84277399967,-3,1142,2677
84282878007,84282878002,-5,934,1954
84283318863,84283318878,15,334,609
84288321981,84288322001,20,1275,2428
84293553138,84293553135,-3,833,2445
84298036372,84298036368,-4,1177,2347
84298539626,84298539624,-2,1331,2335
84300651361,84300651361,0,761,2171
84303964822,84303964818,-4,1114,2554
84304333005,84304333022,17,1086,2731
84309234038,84309234034,-4,1291,2908
84309529750,84309529747,-3,1166,2762
84310011267,84310011265,-2,3250,6748
84314629330,84314629337,7,6141,1629
84315167091,84315167090,-1,1071,1287
84316248521,84316248519,-2,1416,2128
84316704255,84316704257,2,110,490
84317272998,84317272996,-2,967,2036
84317327358,84317327378,20,1030,1945
84318082343,84318082339,-4,429,967
84323358666,84323358666,0,1679,2424
84324818685,84324818682,-3,1094,2656
84326132997,84326133017,20,1431,1827
84326340564,84326340561,-3,951,2437
84334258015,84334258015,0,750,1753
84339163893,84339163892,-1,1515,2068
84343435229,84343435248,19,454,1166
84343929480,84343929497,17,1162,2876
84345421292,84345421288,-4,1522,3381
84345927222,84345927219,-3,779,1375
84346087520,84346087498,-22,844,1645
84349017538,84349017538,0,2221,3281
84352120117,84352120114,-3,1162,2775
84352213698,84352213700,2,3074,3110
84353674416,84353674414,-2,1637,2342
84365863473,84365863469,-4,988,1632
84370406814,84370406811,-3,546,1463
84372094715,84372094712,-3,852,1286
84376655497,84376655494,-3,1828,2183
84377327963,84377327960,-3,985,2685
84381905702,84381905698,-4,669,2022
84382045501,84382045486,-15,1316,2208
84383008962,84383008958,-4,1000,2019
84384692062,84384692068,6,10011,24339
84390902573,84390902570,-3,766,1360
84391054169,84391054167,-2,1142,1810
84393270247,84393270246,-1,1252,2920
84397287086,84397287082,-4,1244,2239
84398261022,84398261020,-2,1041,2139
84406423641,84406423636,-5,1676,4212
84416653729,84416653729,0,971,1619
84417402040,84417402038,-2,1454,2070
84420813165,84420813161,-4,1272,2391
84422397605,84422397601,-4,1207,2196
84424346687,84424346693,6,2401,1864
84430689753,84430689754,1,1092,1147
84431473076,84431473073,-3,184,905
84434461485,84434461484,-1,1393,1832
84436451618,84436451621,3,2360,4070
84440446264,84440446263,-1,1154,1810
84444344436,84444344430,-6,801,3851
84447566434,84447566431,-3,675,2020
84448119483,84448119480,-3,908,2025
84449839513,84449839509,-4,886,2661
84451276761,84451276758,-3,627,1038
84451950134,84451950131,-3,1412,2487
84456400463,84456400460,-3,1753,2620
84456993042,84456993036,-6,1680,7080
84463374800,84463374796,-4,1373,3004
84465952025,84465952022,-3,906,2707
84466757498,84466757507,9,4009,1561
84471124902,84471124901,-1,890,2828
84471947079,84471947079,0,1157,2657
84474323236,84474323239,3,3374,1662
84475381990,84475381986,-4,1117,3121
84477688681,84477688683,2,1053,991
84483284705,84483284705,0,1474,1784
84484152099,84484152096,-3,694,2307
84485705586,84485705582,-4,1764,2852
84490411863,84490411859,-4,1379,3880
84495221542,84495221541,-1,1005,1742
84500345951,84500345949,-2,1554,2672
84505962344,84505962342,-2,1098,1846
84506542300,84506542298,-2,1374,2592
84508455259,84508455255,-4,1349,2220
84508591889,84508591887,-2,786,1139
84510279011,84510279010,-1,1031,1962
84514466790,84514466790,0,9196,12590
84517779716,84517779712,-4,1614,1841
84520028846,84520028842,-4,1227,1652
84522932262,84522932262,0,740,1001
84526047225,84526047222,-3,1254,1926
84527224270,84527224267,-3,880,2334
84531842530,84531842529,-1,1486,2142
84534945355,84534945351,-4,793,2371
84535817779,84535817778,-1,811,1592
84535930600,84535930598,-2,912,1659
84536812951,84536812949,-2,1316,2388
84538437801,84538437800,-1,1124,1992
84540111335,84540111333,-2,1217,2590
84542141515,84542141513,-2,1332,2785
84543508555,84543508553,-2,2389,4022
84544182602,84544182599,-3,1470,2153
84545505951,84545505949,-2,1219,2602
84548642127,84548642126,-1,1062,2176
84552935798,84552935794,-4,943,3229
84553935062,84553935060,-2,1206,2509
84556854394,84556854393,-1,1470,1702
84563985744,84563985742,-2,1685,2547
84566079283,84566079281,-2,660,2405
84579458833,84579458831,-2,1013,1729
84585780167,84585780163,-4,1373,2418
84586248130,84586248135,5,2530,1958
84588037637,84588037634,-3,896,1270
84589483698,84589483696,-2,1246,2394
84591272683,84591272681,-2,832,1688
84591876542,84591876540,-2,1200,2096
84597867310,84597867307,-3,933,2129
84598144152,84598144170,18,529,2478
84602379643,84602379638,-5,1236,2539
84604759927,84604759924,-3,1088,2064
84607371962,84607371961,-1,888,2060
84608712862,84608712850,-12,1677,1756
84608829221,84608829218,-3,1289,2405
84611382466,84611382469,3,2342,1579
84612116913,84612116914,1,1847,1585
84613472651,84613472647,-4,1126,2414
84617258152,84617258150,-2,1163,2121
84617450230,84617450227,-3,1178,3140
84620328615,84620328613,-2,763,1712
84624939995,84624939995,0,1359,2061
84626196529,84626196528,-1,1134,1669
84627899447,84627899445,-2,1380,1773
84629199969,84629199969,0,1158,2253
84630119549,84630119546,-3,1349,1550
84632448727,84632448725,-2,874,1728
84644244332,84644244330,-2,101000,50396
84650504035,84650504035,0,1433,1628
84654286483,84654286487,4,2077,1072
84654963838,84654963834,-4,1889,4168
84657017708,84657017705,-3,1095,2016
84657854274,84657854270,-4,1160,1793
84659852042,84659852038,-4,994,1986
84660635461,84660635458,-3,1196,2320
84661377442,84661377440,-2,1069,2009
84661745617,84661745614,-3,1103,2577
84664065163,84664065159,-4,870,2088
84666278998,84666279001,3,1434,1727
84668539094,84668539091,-3,1404,2767
84671807211,84671807207,-4,1092,2210
84672776414,84672776414,0,1100,1577
84679994031,84679994027,-4,1128,2788
84680311916,84680311913,-3,1731,2697
84683086961,84683086962,1,3428,3916
84684015030,84684015027,-3,810,2582
84690608455,84690608453,-2,657,1870
84692088759,84692088757,-2,649,1448
84695289687,84695289686,-1,2186,3039
84696366402,84696366400,-2,1652,2319
84696925691,84696925687,-4,833,2977
84700271836,84700271834,-2,1658,3449
84703915936,84703915933,-3,721,1934
84707076774,84707076774,0,1386,2671
84709748584,84709748582,-2,1698,2822
84710513751,84710513750,-1,1155,816
84711246115,84711246112,-3,788,2356
84713767594,84713767592,-2,1239,2190
84714269193,84714269190,-3,1114,1617
84714846183,84714846178,-5,1215,2266
84717194181,84717194186,5,421,572
84728110811,84728110808,-3,1564,2742
84728285879,84728285876,-3,1146,1934
84729386053,84729386051,-2,1331,1860
84729509847,84729509845,-2,1123,1522
84735853881,84735853878,-3,1544,2208
84740984426,84740984421,-5,1123,2041
84744038606,84744038604,-2,1142,1795
84746876847,84746876846,-1,1250,2216
84747060323,84747060321,-2,1049,2219
84747795476,84747795473,-3,1057,1989
84750502848,84750502865,17,310,1087
84751764574,84751764584,10,16638,39037
84756379511,84756379509,-2,734,1938
84756986979,84756986977,-2,1166,2414
84761195861,84761195858,-3,980,2232
84761489743,84761489758,15,1079,2996
84765360737,84765360746,9,14853,18177
84771201517,84771201515,-2,1100,2463
84772406565,84772406562,-3,1242,2157
84774920209,84774920215,6,7792,3082
84776696569,84776696565,-4,1773,2475
84777275047,84777275046,-1,1345,1392
84780222463,84780222458,-5,788,1976
84781343730,84781343726,-4,1249,1964
84781609532,84781609526,-6,701,939
84782262735,84782262731,-4,977,1147
84782684210,84782684206,-4,1023,2471
84783014229,84783014234,5,2426,1501
84783910907,84783910903,-4,1137,3250
84787477546,84787477542,-4,1072,2134
84789655491,84789655486,-5,913,2031
84792771166,84792771164,-2,1482,2700
84793484755,84793484753,-2,1347,2135
84795220207,84795220205,-2,1406,1912
84800419471,84800419468,-3,1406,1475
84801072022,84801072022,0,879,1360
84801099070,84801099050,-20,901,1633
84809425111,84809425108,-3,1287,2036
84809928034,84809928030,-4,1165,2352
84818207243,84818207242,-1,1223,1505
84821604679,84821604675,-4,1207,2618
84829414301,84829414309,8,10344,28552
84834211370,84834211369,-1,1120,1540
84835598493,84835598490,-3,969,1737
84838170931,84838170930,-1,796,1353
84839050735,84839050735,0,886,1313
84840336891,84840336889,-2,1267,1306
84844317386,84844317382,-4,1092,1954
84849478623,84849478621,-2,820,2185
84850536394,84850536390,-4,1403,2745
84850915536,84850915529,-7,2252,7330
84851164378,84851164378,0,1367,2354
84852714327,84852714326,-1,1246,1802
84855947277,84855947274,-3,973,1715
84857798226,84857798223,-3,1064,1484
84858937914,84858937914,0,1685,1537
84858976815,84858976815,0,1201,2307
84859092962,84859092958,-4,1026,3804
84863225330,84863225331,1,812,1593
84865119916,84865119914,-2,1135,2015
84869415770,84869415766,-4,1034,1857
84870002446,84870002442,-4,1065,2545
84875917162,84875917160,-2,751,1644
84877499526,84877499522,-4,1196,3159
84877791821,84877791838,17,289,725
84880338815,84880338814,-1,2381,3040
84880805656,84880805656,0,1214,2000
84882033647,84882033642,-5,1036,3549
84882320075,84882320073,-2,856,2702
84883036390,84883036387,-3,1310,2282
84884044941,84884044934,-7,2027,6307
84884377131,84884377127,-4,500,1623
84888551404,84888551401,-3,1106,2086
84891379579,84891379575,-4,1205,2813
84895939968,84895939965,-3,1497,2986
84896042135,84896042127,-8,184,1047
84896122605,84896122619,14,460,895
84899502676,84899502672,-4,977,2257
84900628605,84900628604,-1,1650,3087
84902237621,84902237617,-4,2129,5276
84903175407,84903175402,-5,1023,1839
84907061391,84907061389,-2,732,1490
84908869969,84908869965,-4,1286,1818
84908922311,84908922331,20,1032,2809
84909721079,84909721078,-1,1048,2364
84909930489,84909930482,-7,962,4326
84910064000,84910064014,14,249,931
84912768565,84912768564,-1,1131,3251
84914176752,84914176750,-2,822,1715
84915955863,84915955863,0,1028,1567
84919019669,84919019665,-4,977,1864
84920959967,84920959964,-3,1159,2118
84921657442,84921657440,-2,1105,2112
84923602878,84923602874,-4,1013,1809
84924924410,84924924406,-4,1190,1976
84928310708,84928310706,-2,982,2584
84929504028,84929504025,-3,1200,2840
84933270199,84933270197,-2,1265,1736
84940131083,84940131080,-3,892,2187
84944698775,84944698770,-5,804,2138
84944845920,84944845938,18,874,2408
84947330611,84947330606,-5,751,1897
84950432590,84950432589,-1,1067,2013
84953027996,84953027993,-3,1321,2773
84953100020,84953100023,3,156,820
84957152312,84957152294,-18,1082,540
84961853134,84961853132,-2,813,2782
84964148205,84964148205,0,1316,3216
84965897931,84965897930,-1,1363,1730
84975096396,84975096392,-4,1407,2091
84976601079,84976601079,0,1239,1591
84978186863,84978186862,-1,1385,2142
84987758538,84987758536,-2,1402,2438
84988480725,84988480722,-3,1200,2802
84989952938,84989952936,-2,1112,1883
84993039990,84993039988,-2,1117,2471
84993557182,84993557165,-17,2675,1167
84998692433,84998692434,1,1866,1747
84998972562,84998972558,-4,754,2163
85000253221,85000253239,18,408,680
85002076183,85002076181,-2,1176,1888
85002237462,85002237464,2,1550,1556
85002455886,85002455875,-11,1084,1782
85007172932,85007172933,1,859,2098
85015475952,85015475949,-3,1014,2205
85018325510,85018325509,-1,1327,1820
85019421609,85019421608,-1,1160,2487
85024598406,85024598403,-3,1218,1885
85026456526,85026456526,0,1298,1569
85035177274,85035177274,0,1262,1802
85035269406,85035269405,-1,862,2326
85036878523,85036878518,-5,585,1963
85039370115,85039370113,-2,1285,2741
85039615562,85039615559,-3,983,1836
85040998092,85040998090,-2,1469,3058
85044381434,85044381430,-4,869,1660
85049279343,85049279349,6,28348,16564
85052108924,85052108927,3,1346,1324
85052198130,85052198132,2,1916,2440
85052729790,85052729790,0,1204,2261
85053588055,85053588051,-4,1340,3532
85056439415,85056439410,-5,1557,3345
85061273106,85061273106,0,938,1700
85062189202,85062189203,1,454,1264
85066307261,85066307257,-4,1018,2637
85067846526,85067846524,-2,1064,2187
85070325005,85070325002,-3,852,1967
85078622806,85078622812,6,13045,23474
85081353303,85081353302,-1,1116,2326
85083132442,85083132438,-4,1052,2034
85090564322,85090564323,1,1441,2219
85094073496,85094073494,-2,1715,2258
85097452004,85097452003,-1,2669,3049
85100856767,85100856765,-2,915,1929
85101432935,85101432934,-1,942,1472
85103189113,85103189109,-4,1082,2605
85104763254,85104763254,0,1186,1536
85108722159,85108722157,-2,961,1822
85111414100,85111414098,-2,1457,2832
85115837185,85115837181,-4,1108,2703
85117965976,85117965977,1,2765,2736
85118497014,85118497010,-4,1549,3111
85133680083,85133680081,-2,1139,2299
85136081536,85136081532,-4,1147,1635
85136369547,85136369545,-2,835,1910
85137927421,85137927420,-1,997,2190
85139536250,85139536250,0,1375,1652
85139927801,85139927797,-4,695,1939
85143883523,85143883521,-2,1460,2850
85155291594,85155291592,-2,1782,3465
85155730024,85155730022,-2,1261,3377
85156657563,85156657559,-4,768,1592
85160939415,85160939410,-5,1139,2106
85164416134,85164416132,-2,1320,2909
85164898112,85164898109,-3,1199,1685
85167143003,85167142999,-4,949,2546
85170375017,85170375014,-3,1001,2374
85178870753,85178870751,-2,1037,1841
85194248902,85194248910,8,1315,851
85195313650,85195313646,-4,1066,1877
85196426456,85196426453,-3,1202,1750
85198624657,85198624661,4,1619,1049
85201408875,85201408874,-1,1132,1829
85202074078,85202074077,-1,1577,2598
85209670474,85209670468,-6,1160,3491
85210951332,85210951330,-2,921,1627
85212383023,85212383031,8,2242,946
85213366105,85213366102,-3,1166,3003
85215655506,85215655502,-4,928,1715
85216063113,85216063108,-5,1087,2872
85218892976,85218892973,-3,1102,2167
85219539470,85219539466,-4,1264,2342
85224245002,85224244997,-5,771,2880
85226838344,85226838346,2,1558,1804
85227240306,85227240302,-4,1020,2448
85229163758,85229163759,1,1356,2215
85231265498,85231265490,-8,43614,14849
85231861221,85231861218,-3,1865,3112
85237086405,85237086401,-4,923,1401
85241598353,85241598350,-3,938,1738
85247542355,85247542357,2,1500,1740
85249113051,85249113046,-5,1626,4379
85250002846,85250002843,-3,1053,2139
85255941091,85255941087,-4,385,1669
85256506604,85256506602,-2,1525,2299
85259713904,85259713902,-2,1078,1579
85260603147,85260603143,-4,1025,2076
85262119314,85262119311,-3,791,2306
85267817867,85267817864,-3,946,2342
85270644201,85270644199,-2,1249,2253
85271714623,85271714621,-2,1029,2233
85275097390,85275097406,16,1030,1205
85278912989,85278912984,-5,933,1585
85279517322,85279517319,-3,892,2108
85281994878,85281994872,-6,1244,2867
85287333037,85287333038,1,1523,1153
85293066786,85293066785,-1,1167,2661
85295999238,85295999237,-1,1078,1614
85296511811,85296511808,-3,1115,2204
85297866138,85297866134,-4,1473,2906
85301390870,85301390868,-2,1005,2645
85305730951,85305730949,-2,976,2817
85310674972,85310674970,-2,1391,2461
85316484046,85316484045,-1,790,1609
85318290959,85318290955,-4,784,2638
85320215805,85320215797,-8,1058,2125
85321878810,85321878812,2,1053,1911
85322321219,85322321215,-4,1155,2399
85324683938,85324683934,-4,1201,2845
85324887370,85324887366,-4,928,2712
85327968679,85327968679,0,1393,1464
85328850414,85328850414,0,1045,1958
85330169815,85330169806,-9,179,1807
85330256476,85330256462,-14,1263,1746
85330428158,85330428153,-5,774,2629
85337876508,85337876509,1,3163,2256
85339155929,85339155923,-6,1230,4564
85341494449,85341494444,-5,17953,10169
85342580970,85342580965,-5,926,2324
85343066410,85343066406,-4,1315,2011
85343684326,85343684326,0,1248,941
85347244694,85347244676,-18,619,1393
85351414926,85351414925,-1,915,1872
85351495247,85351495245,-2,1011,2497
85355650955,85355650953,-2,1287,2996
85359511979,85359511979,0,1442,1827
85363117043,85363117039,-4,990,1982
85363469305,85363469301,-4,1381,1882
85366380579,85366380576,-3,882,1703
85367653210,85367653209,-1,919,2148
85371206917,85371206936,19,647,2915
85371255283,85371255278,-5,782,2118
85373093018,85373093013,-5,1353,3244
85375065047,85375065044,-3,1079,1697
85375110236,85375110258,22,1251,3142
85378150817,85378150815,-2,976,1323
85380706264,85380706262,-2,1095,2925
85385343542,85385343541,-1,984,2232
85390989710,85390989707,-3,948,2337
85396952329,85396952325,-4,1317,2479
85398702034,85398702033,-1,966,1615
85403103283,85403103281,-2,1240,1684
85403998623,85403998616,-7,1174,6681
85404184104,85404184103,-1,941,1111
85407659275,85407659273,-2,1956,3076
85413433698,85413433696,-2,1126,3663
85413924680,85413924675,-5,1151,2067
85417551579,85417551578,-1,1413,2066
85417745078,85417745075,-3,1383,2148
85419910558,85419910561,3,2290,2763
85420114251,85420114247,-4,917,1570
85421213373,85421213370,-3,1420,1838
85422158418,85422158414,-4,1089,2268
85422815046,85422815043,-3,1395,1771
85424632085,85424632082,-3,1181,2477
85425536334,85425536334,0,1226,1952
85427549161,85427549160,-1,1272,3015
85431641524,85431641524,0,1987,2675
85431844038,85431844036,-2,1346,2137
85432329598,85432329602,4,2180,1657
85432748751,85432748749,-2,904,2370
85433741522,85433741520,-2,1206,3072
85435266090,85435266092,2,1348,2187
85438376583,85438376582,-1,1040,1534
85440404382,85440404378,-4,816,1101
85447027867,85447027865,-2,577,1532
85447343388,85447343371,-17,264,1251
85447434921,85447434924,3,2227,1600
85449907403,85449907401,-2,1128,2135
85451240038,85451240036,-2,1334,1702
85453741294,85453741297,3,832,1695
85457307022,85457307020,-2,889,2298
85457789302,85457789300,-2,553,886
85458304298,85458304294,-4,938,1870
85461282590,85461282585,-5,1249,2367
85461319643,85461319642,-1,917,2047
85461778157,85461778153,-4,884,2100
85463581370,85463581366,-4,1288,2218
85465384327,85465384325,-2,1397,2040
85468842355,85468842354,-1,1168,2241
85472621255,85472621238,-17,800,2373
85473072142,85473072157,15,599,1315
85481610585,85481610586,1,1039,2032
85487051226,85487051222,-4,1278,2473
85488376349,85488376346,-3,1297,2816
85488635968,85488635966,-2,1066,1305
85490633434,85490633432,-2,1289,2183
85502158749,85502158742,-7,2082,8115
85505239442,85505239441,-1,1560,2911
85506510579,85506510578,-1,1045,1570
85506638999,85506638997,-2,580,1498
85507037065,85507037061,-4,871,1289
85509632525,85509632522,-3,1298,2310
85513999543,85513999539,-4,576,1138
85524330532,85524330531,-1,1198,2397
85527303122,85527303119,-3,1101,3350
85528370290,85528370286,-4,726,1901
85534196001,85534195998,-3,1337,1313
85536010269,85536010266,-3,1722,2134
85536592232,85536592229,-3,1210,2540
85541134782,85541134779,-3,1347,3154
85543360313,85543360311,-2,1010,2329
85545681771,85545681770,-1,1508,2951
85546279389,85546279386,-3,1502,2189
85551541634,85551541632,-2,771,1731
85553994963,85553994962,-1,1736,2991
85555580615,85555580614,-1,1314,2469
85557970637,85557970633,-4,1996,3257
85564175417,85564175398,-19,6660,1837
85564589790,85564589786,-4,1271,2089
85568104918,85568104917,-1,937,1742
85571633075,85571633071,-4,656,1699
85577018990,85577018988,-2,1187,2614
85578476394,85578476390,-4,1182,1836
85589802334,85589802333,-1,1339,1799
85590533343,85590533342,-1,1002,2063
85594065214,85594065210,-4,1119,2714
85598855903,85598855902,-1,940,1692
85603250139,85603250136,-3,1236,2302
85611311651,85611311649,-2,1726,2708
85612164282,85612164282,0,1084,1772
85617066469,85617066466,-3,1123,2164
85632404052,85632404050,-2,1326,2997
85640295937,85640295935,-2,1159,2368
85641062982,85641062981,-1,1404,1768
85641428153,85641428148,-5,1210,2366
85651573602,85651573598,-4,1554,3005
85652701758,85652701756,-2,880,2729
85654047743,85654047741,-2,1563,2037
85659689466,85659689471,5,2924,1729
85661204946,85661204951,5,1495,1070
85661578242,85661578238,-4,1138,2512
85664246209,85664246206,-3,1172,3080
85664583763,85664583762,-1,1314,1491
85666908575,85666908571,-4,1031,1904
85671112608,85671112606,-2,1285,2415
85671268197,85671268185,-12,154,580
85676140322,85676140320,-2,1565,2267
85676843045,85676843042,-3,1353,1796
85676920205,85676920227,22,973,1988
85676999406,85676999407,1,539,649
85678219743,85678219739,-4,954,2018
85681426961,85681426966,5,2714,2073
85682228793,85682228794,1,1407,1285
85687883746,85687883745,-1,1025,2195
85688248746,85688248742,-4,1009,2447
85693204735,85693204733,-2,1158,1789
85700844541,85700844538,-3,1165,1872
85710489769,85710489766,-3,1193,2310
85713262031,85713262030,-1,433,1417
85714419699,85714419695,-4,1127,2829
85720246729,85720246725,-4,1300,2061
85723123798,85723123797,-1,1001,1935
85727353026,85727353025,-1,1171,2307
85728122980,85728122978,-2,1594,2404
85729134328,85729134325,-3,1184,3006
85730058465,85730058462,-3,1060,2596
85731516869,85731516870,1,1668,1489
85737034506,85737034504,-2,1192,2302
85737661714,85737661710,-4,842,1902
85740475303,85740475297,-6,1252,2461
85741557454,85741557451,-3,892,1826
85743666487,85743666484,-3,1278,3004
85744218191,85744218188,-3,1120,1937
85747605569,85747605566,-3,908,3078
85749794378,85749794376,-2,1835,3067
85754586951,85754586949,-2,961,1643
85755399535,85755399531,-4,1338,2062
85757105223,85757105221,-2,1272,2072
85759393179,85759393176,-3,997,2174
85760267020,85760267017,-3,1427,2590
85763420046,85763420042,-4,1058,2906
85763568485,85763568506,21,1392,2523
85768018231,85768018227,-4,1305,2595
85770392639,85770392636,-3,1259,2608
85772009544,85772009541,-3,1314,3146
85772886465,85772886463,-2,1471,3055
85772934388,85772934391,3,72,1005
85774511789,85774511786,-3,880,1984
85776994554,85776994553,-1,1245,2080
85777645918,85777645917,-1,686,2034
85778606543,85778606540,-3,1562,3313
85783182402,85783182398,-4,1483,3190
85784674810,85784674807,-3,1368,3899
85785657045,85785657045,0,1354,1624
85788883853,85788883850,-3,1301,2305
85791719089,85791719088,-1,1355,2547
85795037003,85795037002,-1,964,1731
85799580942,85799580938,-4,1063,2497
85805740353,85805740355,2,910,839
85812037077,85812037074,-3,1784,2334
85815848847,85815848843,-4,705,723
85820156209,85820156210,1,1841,2231
85820408939,85820408937,-2,1014,2099
85824069689,85824069687,-2,1253,2074
85827756289,85827756287,-2,1127,1453
85828470606,85828470605,-1,938,2184
85829115335,85829115334,-1,1127,1912
85833234128,85833234126,-2,906,2830
85837431170,85837431167,-3,1215,2704
85839321049,85839321046,-3,929,2202
85842105399,85842105397,-2,1136,2575
85842906753,85842906750,-3,1065,2798
85844374003,85844374000,-3,1167,2339
85845292519,85845292516,-3,1413,2794
85846196390,85846196386,-4,1184,3076
85847735790,85847735785,-5,1297,2881
85852563113,85852563111,-2,1183,1952
85853508485,85853508482,-3,1034,2714
85857061039,85857061044,5,1820,1090
85858350055,85858350058,3,2986,2940
85863253189,85863253187,-2,1519,2099
85864087366,85864087361,-5,1227,2844
85875981474,85875981470,-4,952,1850
85879612902,85879612899,-3,727,2732
85880172622,85880172620,-2,1521,2390
85884116167,85884116163,-4,979,2081
85887094872,85887094870,-2,1037,1941
85890690435,85890690430,-5,935,3010
85895223760,85895223757,-3,1250,2281
85896480067,85896480065,-2,1322,2308
85900667105,85900667111,6,5366,2465
85900700443,85900700440,-3,979,2346
85900961967,85900961963,-4,291,910
85904054700,85904054698,-2,1323,2008
85907648373,85907648370,-3,1146,3057
85909769030,85909769031,1,1439,1655
85910552126,85910552126,0,1200,2366
85911990110,85911990106,-4,1234,2203
85912782601,85912782599,-2,1495,2409
85914075179,85914075175,-4,1288,1994
85922441640,85922441642,2,3346,3069
85924749599,85924749595,-4,948,2330
85925765650,85925765648,-2,1201,1640
85928198983,85928198982,-1,1321,2644
85931272346,85931272344,-2,1189,2122
85935235167,85935235166,-1,1005,1810
85937347805,85937347806,1,1057,1825
85942388872,85942388870,-2,1098,1630
85943465967,85943465966,-1,1324,1775
85949736902,85949736901,-1,975,1657
85955235032,85955235030,-2,824,1958
85956170972,85956170970,-2,1147,2976
85957799193,85957799185,-8,1209,1982
85959052622,85959052628,6,5823,2798
85962159658,85962159659,1,1043,1889
85962561439,85962561458,19,935,953
85963530311,85963530312,1,1078,1994
85964425563,85964425561,-2,1161,1464
85968840275,85968840274,-1,1252,2678
85969901994,85969901991,-3,1145,1545
85970303955,85970303950,-5,1311,1611
85971734426,85971734430,4,1663,1445
85973287330,85973287326,-4,1442,3154
85973328834,85973328827,-7,1003,2222
85974380541,85974380539,-2,994,1641
85975166619,85975166617,-2,1106,2909
85979889035,85979889037,2,2858,1761
85980287155,85980287154,-1,1405,3029
85981040022,85981040019,-3,1039,2116
85981682605,85981682602,-3,1195,2606
85983465327,85983465325,-2,1255,1327
85985239106,85985239105,-1,1857,2835
85985585335,85985585334,-1,1008,2615
85986493048,85986493042,-6,1568,2638
85986818518,85986818516,-2,997,2118
85991857714,85991857710,-4,1501,3587
85993637599,85993637602,3,2061,1209
85994489140,85994489136,-4,1298,2583
86006039498,86006039500,2,723,768
86006508055,86006508053,-2,1206,2295
86008687771,86008687770,-1,1564,2377
86008816642,86008816638,-4,1217,2629
86010907765,86010907759,-6,1022,1660
86011099766,86011099762,-4,1413,2211
86011225950,86011225947,-3,1347,2683
86012090033,86012090031,-2,1046,1457
86016770183,86016770185,2,1794,1500
86017956162,86017956159,-3,1176,2877
86019953205,86019953205,0,1102,2366
86021279221,86021279218,-3,1461,2982
86022557504,86022557503,-1,1625,3191
86022744350,86022744347,-3,1000,1095
86027292208,86027292206,-2,999,1226
86030657503,86030657499,-4,809,1799
86031484997,86031485000,3,1424,1512
86036606975,86036606971,-4,549,1199
86038816179,86038816174,-5,747,2560
86039454387,86039454386,-1,1498,1946
86039616558,86039616554,-4,831,1706
86040062023,86040062022,-1,751,1119
86041344022,86041344017,-5,1201,3062
86048061519,86048061516,-3,823,2983
86050641918,86050641915,-3,1011,1724
86051088075,86051088072,-3,1058,2616
86055270421,86055270417,-4,993,2080
86057735419,86057735416,-3,1410,1752
86074734787,86074734785,-2,865,2155
86076378217,86076378214,-3,1043,2361
86076454608,86076454625,17,988,2184
86077040244,86077040263,19,908,995
86084892530,86084892527,-3,676,2124
86086048008,86086048026,18,852,1224
86091590777,86091590774,-3,1656,2569
86092837392,86092837390,-2,1380,2576
86095304340,86095304337,-3,1461,2197
86096392726,86096392722,-4,1160,2266
86098627851,86098627846,-5,1393,2484
86099452650,86099452644,-6,745,1904
86107181519,86107181518,-1,1192,1235
86108715126,86108715125,-1,1089,1874
86113981389,86113981385,-4,1129,3428
86114099927,86114099944,17,1415,2279
86114676130,86114676128,-2,1039,2215
86115690278,86115690275,-3,888,1737
86118114451,86118114448,-3,978,2491
86120098398,86120098402,4,1500,1361
86122522050,86122522047,-3,839,1971
86122872709,86122872690,-19,509,1375
86122979146,86122979143,-3,1151,1917
86125639873,86125639870,-3,1270,2349
86128505262,86128505260,-2,1743,2817
86130450539,86130450535,-4,942,2140
86132180168,86132180166,-2,1529,2791
86132962734,86132962747,13,172,791
86133753398,86133753395,-3,1204,2167
86137047407,86137047405,-2,1103,2189
86141889402,86141889400,-2,1052,1990
86151162054,86151162059,5,1835,1376
86152825405,86152825402,-3,1694,1904
86154587417,86154587423,6,2496,1547
86156165735,86156165732,-3,918,2082
86166119485,86166119483,-2,1317,2541
86166354931,86166354930,-1,1737,2715
86169689170,86169689173,3,1441,1290
86171617214,86171617214,0,1014,1650
86178841933,86178841930,-3,1342,2843
86180955313,86180955309,-4,1054,2164
86192389006,86192389008,2,1563,1536
86193695850,86193695847,-3,1072,2390
86199614939,86199614937,-2,1146,2152
86202783806,86202783803,-3,1620,2543
86202992396,86202992407,11,14082,37705
86208022522,86208022520,-2,1281,2276
86212344871,86212344865,-6,879,1944
86217417322,86217417323,1,2066,1398
86217809058,86217809055,-3,1160,2488
86221221257,86221221254,-3,1781,2442
86230113978,86230113977,-1,629,1083
86231530221,86231530217,-4,779,2940
86232074663,86232074657,-6,701,1671
86236194954,86236194952,-2,1252,2114
86238673759,86238673757,-2,966,1174
86241732926,86241732928,2,4918,4370
86243291069,86243291066,-3,1093,2638
86244700410,86244700409,-1,1564,2293
86245905865,86245905863,-2,1718,3100
86247003182,86247003179,-3,961,2563
86247271490,86247271487,-3,1049,1925
86247978510,86247978505,-5,1162,4250
86257268223,86257268218,-5,1087,2693
86261366931,86261366929,-2,984,1640
86267046708,86267046705,-3,1210,2570
86267295947,86267295942,-5,859,2192
86271923629,86271923626,-3,1480,2769
86273964241,86273964239,-2,983,2038
86275490113,86275490110,-3,1121,2304
86280199983,86280199978,-5,912,3371
86289549155,86289549153,-2,1112,1885
86290160841,86290160846,5,2634,943
86296450209,86296450207,-2,650,2524
86305205125,86305205125,0,1154,1267
86310166995,86310166994,-1,1421,2360
86316173033,86316173031,-2,912,1330
86317432318,86317432314,-4,1301,2342
86317862155,86317862152,-3,886,1629
86320305880,86320305876,-4,1225,1975
86323030874,86323030870,-4,968,2316
86327233502,86327233505,3,1233,1415
86328299776,86328299773,-3,1717,3079
86328517429,86328517425,-4,934,2377
86328879054,86328879050,-4,916,2097
86329036528,86329036525,-3,1341,2187
86331138302,86331138299,-3,1060,2138
86333539437,86333539434,-3,722,2156
86335879989,86335879998,9,891,1256
86343596483,86343596481,-2,1199,2643
86346144139,86346144138,-1,1281,2122
86346382697,86346382694,-3,1205,1347
86350179359,86350179362,3,811,1235
86350345175,86350345173,-2,1253,2536
86352266763,86352266759,-4,713,2376
86353113693,86353113689,-4,1797,3205
86353620026,86353620024,-2,1277,1765
86357463552,86357463547,-5,2185,3516
86359085718,86359085718,0,1523,2535
86359582422,86359582434,12,1079,2458
86360699808,86360699806,-2,1076,1318
86362704165,86362704170,5,500,968
86362847666,86362847661,-5,1609,2237
86364111323,86364111321,-2,1160,1940
86368006159,86368006154,-5,1357,3136
86375419036,86375419034,-2,1741,2434
86376380280,86376380278,-2,1590,1640
86379424130,86379424130,0,1217,2281
86380649254,86380649254,0,1402,1843
86381663454,86381663449,-5,1358,2264
86382255661,86382255659,-2,1467,2270
86382628757,86382628756,-1,1304,2491
86389051007,86389051006,-1,855,1551
86389758231,86389758227,-4,1002,1906
86390696349,86390696350,1,1106,1459
86394398294,86394398291,-3,1429,2877
86395642369,86395642366,-3,888,1804
86396401522,86396401519,-3,1563,2479
86402410422,86402410419,-3,1155,2031
86407963801,86407963797,-4,1016,1839
86408323053,86408323043,-10,17173,26946
86409266273,86409266270,-3,925,1946
86411188655,86411188653,-2,1263,2584
86412392671,86412392667,-4,1077,2801
86413664966,86413664969,3,1869,1455
86414192670,86414192669,-1,1240,2578
86415223906,86415223905,-1,1328,2218
86422207890,86422207882,-8,1389,5410
86424594498,86424594498,0,1198,1526
86427739306,86427739304,-2,1213,2352
86429646698,86429646695,-3,1668,1733
86433119346,86433119343,-3,1722,2258
86443907564,86443907562,-2,1038,2310
86444521110,86444521107,-3,1379,2658
86444962792,86444962788,-4,909,1708
86453137326,86453137324,-2,1075,1818
86457656829,86457656825,-4,1023,1529
86461567047,86461567042,-5,1151,1732
86465351689,86465351688,-1,915,2070
86473756982,86473756979,-3,1177,2892
86474987392,86474987410,18,245,951
86477292894,86477292893,-1,938,1586
86477960283,86477960279,-4,785,2117
86478564335,86478564334,-1,1394,1814
86481945597,86481945593,-4,1165,2915
86484157954,86484157949,-5,793,2640
86486035297,86486035294,-3,1268,2271
86488472927,86488472925,-2,1357,2153
86496336937,86496336934,-3,1225,2482
86501938459,86501938457,-2,1039,2422
86502312227,86502312222,-5,1132,1668
86504084966,86504084964,-2,1514,1835
86504188138,86504188145,7,3863,1685
86510730755,86510730752,-3,1382,2288
86511343446,86511343443,-3,1076,1798
86514654122,86514654122,0,1100,2119
86518214217,86518214209,-8,853,2386
86522156770,86522156767,-3,864,3040
86522860957,86522860955,-2,984,2944
86526235714,86526235714,0,1242,2219
86527972657,86527972655,-2,1242,2504
86529462663,86529462663,0,1043,1285
86536876922,86536876918,-4,1346,3041
86537081434,86537081431,-3,883,1432
86538844755,86538844750,-5,986,3636
86539378906,86539378905,-1,610,1087
86542859698,86542859696,-2,983,1981
86545825034,86545825033,-1,1084,1563
86557124978,86557124976,-2,832,1917
86562400650,86562400647,-3,1029,2174
86565012175,86565012172,-3,780,2129
86565280565,86565280553,-12,789,1929
86566388902,86566388897,-5,821,3210
86572378913,86572378911,-2,1423,1785
86573228822,86573228805,-17,741,1725
86574539426,86574539423,-3,1281,2114
86580687068,86580687067,-1,950,1276
86581499954,86581499954,0,915,1044
86586704023,86586704019,-4,1007,2313
86591399981,86591399978,-3,768,1385
86595335885,86595335885,0,1261,2290
86600608487,86600608486,-1,1127,1975
86603100791,86603100789,-2,1136,1930
86605327100,86605327098,-2,599,1567
86609208498,86609208496,-2,1084,2324
86613514886,86613514885,-1,1538,1674
86615682493,86615682491,-2,1018,1640
86619954442,86619954439,-3,1543,3570
86620220047,86620220043,-4,867,2039
86620917941,86620917923,-18,1150,1820
86621636385,86621636369,-16,1115,725
86623024905,86623024911,6,3014,1126
86626956951,86626956949,-2,842,1649
86629384472,86629384470,-2,758,2300
86634386417,86634386414,-3,1191,3013
86639595097,86639595095,-2,1504,2527
86642112113,86642112109,-4,654,1214
86643502407,86643502405,-2,694,1487
86649382555,86649382561,6,2117,1006
86651735510,86651735509,-1,750,1785
86654168349,86654168345,-4,1230,2428
86658812282,86658812282,0,1465,2036
86662820976,86662820972,-4,1224,1636
86664230503,86664230501,-2,1375,1938
86665992807,86665992804,-3,888,2027
86666153286,86666153282,-4,1085,2913
86668898671,86668898668,-3,842,2674
86675612064,86675612059,-5,1261,4567
86676632398,86676632396,-2,973,2137
86676742968,86676742974,6,308,563
86678226796,86678226795,-1,1046,1322
86679028246,86679028247,1,3231,2455
86682550767,86682550765,-2,1131,1966
86683972628,86683972626,-2,1235,1691
86684361014,86684361006,-8,741,2179
86686427971,86686427967,-4,1174,1958
86687015766,86687015764,-2,993,1840
86688752634,86688752630,-4,1327,1997
86692956283,86692956283,0,1153,2191
86693722558,86693722554,-4,974,1612
86693750902,86693750920,18,1359,2676
86699550614,86699550611,-3,917,1807
86701391983,86701391982,-1,797,1740
86703393429,86703393428,-1,931,2175
86706418312,86706418311,-1,1626,2084
86709089064,86709089059,-5,1268,3513
86711565410,86711565409,-1,709,1680
86711707763,86711707762,-1,1087,2724
86712448805,86712448806,1,723,1253
86713035057,86713035064,7,21054,48244
86720893941,86720893937,-4,1278,2154
86721851939,86721851937,-2,1346,2514
86722100216,86722100231,15,41,690
86722707749,86722707745,-4,860,2608
86723202607,86723202625,18,1388,2114
86726968638,86726968634,-4,952,2563
86732069234,86732069236,2,1015,1794
86732613026,86732613027,1,935,1395
86733115317,86733115313,-4,400,862
86736492903,86736492919,16,846,2971
86738481883,86738481882,-1,1067,1989
86742240150,86742240146,-4,965,2340
86743277686,86743277682,-4,1008,2085
86743731990,86743731994,4,898,1401
86744569664,86744569663,-1,895,2384
86744835491,86744835490,-1,934,2958
86750438587,86750438586,-1,732,2284
86750697808,86750697821,13,957,2849
86753174441,86753174435,-6,1509,2977
86754854510,86754854529,19,1362,4612
86755046219,86755046217,-2,1489,2521
86759594490,86759594486,-4,1059,2150
86766852620,86766852617,-3,1123,1997
86767264735,86767264735,0,1099,1141
86770440959,86770440958,-1,1581,1919
86771800377,86771800371,-6,1229,2318
86774062531,86774062529,-2,1258,2463
86774947394,86774947390,-4,1283,2318
86780838869,86780838867,-2,1064,1569
86783058293,86783058290,-3,942,1632
86784204918,86784204916,-2,923,2352
86785089007,86785089006,-1,1595,3163
86787708345,86787708342,-3,1444,2273
86788406890,86788406888,-2,928,1638
86789244925,86789244922,-3,1146,2633
86789745383,86789745380,-3,1401,3176
86790927117,86790927114,-3,1238,1990
86791173906,86791173902,-4,995,2192
86797239780,86797239775,-5,1039,1804
86797753395,86797753390,-5,1489,4436
86798051819,86798051818,-1,986,2658
86799421346,86799421343,-3,1849,2598
86799603254,86799603250,-4,849,1716
86803434550,86803434549,-1,1051,1708
86805142894,86805142890,-4,799,2732
86809312474,86809312470,-4,811,1932
86809658438,86809658433,-5,1319,3254
86815453357,86815453354,-3,1032,2304
86817284052,86817284073,21,1009,2715
86818179329,86818179326,-3,990,1296
86822523462,86822523460,-2,871,1534
86822914306,86822914306,0,752,1386
86825611506,86825611503,-3,1111,1823
86828469843,86828469838,-5,1213,2192
86829318486,86829318485,-1,1000,1767
86832245657,86832245654,-3,886,2766
86833189186,86833189183,-3,949,2923
86833819171,86833819170,-1,932,1000
86838740036,86838740042,6,5515,2443
86841842362,86841842363,1,987,1892
86842358222,86842358219,-3,1126,3282
86855357794,86855357794,0,2420,3317
86858031697,86858031694,-3,1165,2276
86860874501,86860874502,1,954,1585
86861421285,86861421291,6,6254,2338
86862187222,86862187218,-4,1073,2512
86863060230,86863060232,2,1954,1662
86867773576,86867773573,-3,996,2944
86871165026,86871165025,-1,1042,1912
86871354449,86871354448,-1,1177,1643
86872096692,86872096674,-18,1268,1995
86874141945,86874141943,-2,1805,2725
86883311167,86883311161,-6,785,2945
86884768851,86884768849,-2,1558,2464
86889919789,86889919786,-3,1201,1809
86892831790,86892831789,-1,1318,2841
86896520314,86896520310,-4,1427,3285
86897560390,86897560389,-1,17552,28770
86898684906,86898684903,-3,1131,2460
86898761966,86898761956,-10,1160,2237
86900984509,86900984506,-3,894,2640
86904867099,86904867095,-4,1298,1805
86905693269,86905693274,5,2600,1563
86907680451,86907680449,-2,1278,2560
86908456584,86908456603,19,974,1642
86912101142,86912101140,-2,1173,2970
86922760815,86922760813,-2,755,2016
86922846902,86922846885,-17,154,582
86923664749,86923664745,-4,1157,2195
86924024973,86924024973,0,751,1471
86924302917,86924302926,9,33,557
86932047966,86932047962,-4,1277,2410
86932296408,86932296401,-7,35130,13065
86935232949,86935232947,-2,1238,2409
86936592786,86936592783,-3,1889,2708
86939960385,86939960381,-4,876,1226
86943906093,86943906089,-4,1012,1762
86946559530,86946559528,-2,1683,1786
86946587073,86946587071,-2,1281,2494
86947391134,86947391132,-2,1203,1982
86952049031,86952049030,-1,1251,1509
86953473983,86953473978,-5,1062,2285
86954658069,86954658067,-2,1524,2951
86955092155,86955092153,-2,1119,1758
86955709573,86955709567,-6,323,692
86956969166,86956969151,-15,1062,2201
86957490701,86957490697,-4,1094,1812
86957858236,86957858232,-4,1423,2101
86958364663,86958364645,-18,1054,1855
86960706950,86960706946,-4,1369,2181
86960813820,86960813816,-4,1056,2559
86965642857,86965642855,-2,1760,2457
86973850197,86973850197,0,839,1849
86977232523,86977232518,-5,1447,2528
86978096554,86978096554,0,1114,1786
86979159239,86979159238,-1,848,1596
86979378911,86979378930,19,1005,1549
86980218242,86980218240,-2,1032,1683
86982245542,86982245539,-3,1155,1599
86984000562,86984000559,-3,1704,2946
86988038018,86988038017,-1,1517,2324
86988531237,86988531230,-7,1036,3571
86993605515,86993605512,-3,1171,2024
86998249047,86998249045,-2,752,2699
87000391501,87000391499,-2,994,1658
87000602537,87000602537,0,1569,2273
87001143109,87001143106,-3,1257,2916
87003367519,87003367521,2,912,1505
87013468039,87013468038,-1,1249,1585
87020595756,87020595759,3,2507,1201
87023442098,87023442097,-1,1071,1572
87026980509,87026980507,-2,1087,2582
87028252755,87028252752,-3,1170,2113
87029699246,87029699247,1,1342,1536
87036429482,87036429478,-4,1534,2715
87040867233,87040867230,-3,1288,2231
87042455110,87042455105,-5,885,2164
87042994813,87042994810,-3,1381,1893
87046534719,87046534721,2,7224,6589
87047001410,87047001407,-3,1189,2250
87047908150,87047908146,-4,1404,2453
87068309822,87068309824,2,1308,1441
87070944928,87070944935,7,2228,1079
87072215258,87072215258,0,1393,2460
87072782369,87072782369,0,1521,2118
87074984050,87074984047,-3,1248,2103
87075345214,87075345210,-4,780,1817
87094764593,87094764590,-3,1061,2243
87099564871,87099564866,-5,1336,2194
87103430181,87103430177,-4,1090,1686
87103532796,87103532794,-2,924,1674
87104413623,87104413625,2,79,1281
87106611965,87106611965,0,707,1978
87115227226,87115227226,0,994,1667
87116810935,87116810933,-2,1251,2562
87118265324,87118265322,-2,640,1472
87120478870,87120478868,-2,710,2272
87120638159,87120638137,-22,1095,2152
87121848278,87121848276,-2,653,1489
87123011323,87123011338,15,857,2176
87125288714,87125288712,-2,928,2100
87132867923,87132867921,-2,911,1712
87133571856,87133571850,-6,1244,4418
87135885994,87135885991,-3,1406,2226
87138231602,87138231606,4,2679,1958
87138871747,87138871754,7,10232,29609
87145339042,87145339036,-6,1279,4530
87146094842,87146094842,0,1336,2696
87147648646,87147648644,-2,1230,2269
87148262226,87148262226,0,800,977
87150258090,87150258086,-4,844,2747
87151393503,87151393502,-1,1099,2566
87154768274,87154768275,1,1041,860
87155199122,87155199121,-1,1199,1808
87160837894,87160837900,6,4063,1481
87161304935,87161304931,-4,1372,3128
87163115155,87163115151,-4,1021,2339
87168548555,87168548551,-4,1117,1726
87170962618,87170962616,-2,1073,1969
87171083370,87171083371,1,1435,1942
87175084292,87175084290,-2,1091,2093
87177410697,87177410693,-4,1133,2261
87179407963,87179407961,-2,1417,2508
87179872190,87179872198,8,2034,994
87188394850,87188394846,-4,1489,2300
87190069352,87190069369,17,914,1811
87192682441,87192682438,-3,1097,2324
87195316310,87195316308,-2,831,1896
87195498411,87195498411,0,1108,1824
87196906472,87196906469,-3,988,1691
87200232619,87200232617,-2,1434,3206
87204977161,87204977159,-2,669,1746
87206953796,87206953794,-2,1220,1894
87209499009,87209499006,-3,1310,2230
87209551066,87209551064,-2,1436,3950
87213342862,87213342861,-1,939,2616
87214091301,87214091318,17,368,976
87214275410,87214275403,-7,1646,8005
87215510759,87215510762,3,4271,4076
87216972546,87216972542,-4,1108,1259
87219311209,87219311206,-3,1184,2189
87219568757,87219568755,-2,1100,2388
87224516880,87224516880,0,1464,2018
87227638599,87227638595,-4,1337,2484
87228898513,87228898512,-1,5565,17993
87229288990,87229288994,4,2569,1552
87229884918,87229884913,-5,733,3313
87233909370,87233909365,-5,949,2776
87236472698,87236472697,-1,965,2065
87236666687,87236666678,-9,997,1994
87236800114,87236800111,-3,1427,2872
87241292152,87241292148,-4,1194,1670
87243546233,87243546229,-4,1110,1956
87244540928,87244540925,-3,1272,2183
87247627842,87247627848,6,2564,1387
87251152099,87251152090,-9,727,1645
87253226291,87253226287,-4,1553,2008
87258127779,87258127777,-2,778,1365
87260662474,87260662472,-2,1210,1851
87262167235,87262167232,-3,984,2187
87263511554,87263511548,-6,1101,2299
87265058983,87265058977,-6,987,2393
87266687862,87266687868,6,1953,1057
87271033426,87271033422,-4,1075,2337
87272385041,87272385038,-3,1013,1846
87272722815,87272722813,-2,1030,2282
87275017974,87275017971,-3,870,1495
87279149811,87279149809,-2,1700,3163
87282933131,87282933129,-2,1026,2529
87295143815,87295143812,-3,1455,2607
87299505633,87299505635,2,2534,2022
87301522577,87301522573,-4,623,1128
87302560125,87302560123,-2,949,915
87302676695,87302676714,19,1197,3147
87304423867,87304423865,-2,828,1955
87310685334,87310685334,0,1240,2195
87312700833,87312700829,-4,833,2259
87317368451,87317368447,-4,990,2165
87318361204,87318361227,23,784,2059
87319003730,87319003726,-4,1009,2124
87321866143,87321866139,-4,1205,3061
87328996389,87328996395,6,3564,1702
87332172912,87332172909,-3,721,1485
87332692485,87332692506,21,1160,1740
87335464051,87335464050,-1,1081,2200
87336195842,87336195840,-2,1103,1842
87336885909,87336885905,-4,1297,2680
87342498937,87342498933,-4,1136,2200
87348296896,87348296895,-1,1428,2580
87350382546,87350382545,-1,2502,4074
87356390886,87356390883,-3,1199,2443
87356682190,87356682188,-2,1252,3111
87356996642,87356996638,-4,1369,2766
87357819890,87357819890,0,1215,1818
87363088046,87363088051,5,3231,1519
87363414210,87363414209,-1,983,2008
87363698713,87363698709,-4,864,1811
87364536311,87364536307,-4,1784,3602
87367099317,87367099313,-4,1183,1694
87368845171,87368845165,-6,882,1868
87369963962,87369963958,-4,1356,1998
87370113135,87370113133,-2,1304,2860
87370309718,87370309698,-20,1224,2869
87370502414,87370502434,20,885,2026
87370606038,87370606041,3,1405,1610
87372257094,87372257090,-4,836,1960
87372301853,87372301841,-12,131,1136
87372753582,87372753586,4,233,771
87376086315,87376086312,-3,979,1878
87379100902,87379100899,-3,1198,2908
87380842690,87380842690,0,1033,2245
87384821742,87384821737,-5,4803,12393
87385423486,87385423483,-3,1432,2862
87387136995,87387136990,-5,572,1683
87393401087,87393401084,-3,975,2923
87393613989,87393613994,5,212,968
87399314825,87399314822,-3,1122,2013
87401534950,87401534949,-1,1309,2152
87408366188,87408366186,-2,1004,1411
87411836152,87411836150,-2,1562,1726
87413331275,87413331271,-4,934,2261
87416155462,87416155460,-2,1501,2618
87417418873,87417418870,-3,1555,2779
87417783535,87417783532,-3,1334,2643
87425406683,87425406681,-2,922,2293
87425971527,87425971526,-1,1085,2101
87428969383,87428969377,-6,1092,2884
87430944270,87430944267,-3,1868,4589
87437959831,87437959829,-2,996,1827
87439333473,87439333470,-3,983,2191
87442096373,87442096371,-2,1022,2903
87443151450,87443151447,-3,1150,2324
87444168137,87444168135,-2,1284,2198
87445347619,87445347617,-2,782,1873
87448272597,87448272593,-4,1237,2017
87448688214,87448688212,-2,817,1585
87450804974,87450804970,-4,1611,2403
87454339878,87454339875,-3,1109,2438
87458533919,87458533918,-1,1090,1309
87459319958,87459319954,-4,904,2063
87460968949,87460968950,1,2152,2331
87463787490,87463787489,-1,926,1554
87466190502,87466190508,6,3013,1717
87468302290,87468302289,-1,1166,1979
87472908926,87472908923,-3,984,2639
87477404501,87477404498,-3,860,2639
87478896250,87478896246,-4,1235,2197
87479032734,87479032734,0,1271,2150
87479981099,87479981095,-4,1080,2590
87482093390,87482093385,-5,986,5185
87485706943,87485706941,-2,1279,2374
87489341209,87489341206,-3,1004,3103
87491076882,87491076881,-1,1054,2252
87498667317,87498667317,0,1088,2321
87498938029,87498938028,-1,958,1661
87499962515,87499962510,-5,1291,2721
87500674031,87500674032,1,1280,1777
87502574777,87502574775,-2,1021,1776
87506346379,87506346375,-4,1270,2940
87510096403,87510096396,-7,894,3348
87512068374,87512068373,-1,1042,1721
87517066609,87517066628,19,418,1196
87517319854,87517319875,21,717,1436
87517729515,87517729510,-5,1369,2267
87518126829,87518126818,-11,541,1215
87520140693,87520140698,5,25653,49203
87528384809,87528384805,-4,1310,2667
87532690750,87532690747,-3,1224,1492
87533951990,87533951989,-1,1047,1584
87538130757,87538130754,-3,1271,2398
87544158494,87544158499,5,7361,2326
87544918127,87544918125,-2,1117,2221
87545822030,87545822027,-3,1272,3198
87546455229,87546455225,-4,1062,1688
87549927595,87549927592,-3,871,2165
87562907383,87562907398,15,1804,1758
87564567386,87564567384,-2,1489,2090
87567380017,87567380015,-2,884,2120
87573499438,87573499431,-7,1009,3920
87573572616,87573572632,16,821,2391
87573620607,87573620617,10,320,557
87575213794,87575213793,-1,1206,1871
87579042318,87579042320,2,1172,1155
87580584633,87580584637,4,1994,1152
87580757309,87580757306,-3,1006,2529
87581710955,87581710953,-2,942,2289
87585124306,87585124302,-4,1104,2759
87585774606,87585774602,-4,1587,3246
87585922216,87585922213,-3,646,1753
87586895970,87586895968,-2,1302,2590
87590890577,87590890572,-5,1389,2491
87591325415,87591325412,-3,1231,2809
87595919186,87595919185,-1,1268,2263
87604646431,87604646429,-2,957,2329
87608542409,87608542406,-3,900,2761
87608825152,87608825170,18,1391,2558
87610321422,87610321418,-4,1865,3229
87616805015,87616805013,-2,1365,2070
87618606030,87618606026,-4,1013,1490
87619367429,87619367450,21,1006,3163
87621971986,87621971984,-2,1024,2745
87629408291,87629408288,-3,975,2246
87629466389,87629466405,16,760,2790
87630875511,87630875507,-4,575,1958
87633480475,87633480470,-5,1038,2440
87633739035,87633739041,6,6539,3216
87635266951,87635266949,-2,1248,2643
87637935268,87637935265,-3,1456,3330
87639542368,87639542366,-2,1407,2991
87643697931,87643697930,-1,1354,2399
87650997530,87650997528,-2,1092,2083
87652620806,87652620801,-5,1055,2785
87652987311,87652987330,19,22,699
87653228363,87653228361,-2,1599,2699
87657855509,87657855505,-4,2086,5205
87658700819,87658700818,-1,1165,2482
87660768871,87660768870,-1,998,1974
87665647147,87665647145,-2,1156,2025
87669489293,87669489290,-3,1032,2376
87669881239,87669881236,-3,1634,3558
87671267266,87671267263,-3,1334,2376
87680500950,87680500947,-3,1667,2386
87683389767,87683389766,-1,1026,1729
87689208390,87689208390,0,1008,1509
87691583714,87691583710,-4,1331,3272
87697917361,87697917363,2,1192,1349
87699657307,87699657302,-5,1129,2099
87700234808,87700234802,-6,1391,2511
87700857974,87700857974,0,1386,1526
87701212586,87701212584,-2,1529,1973
87701455394,87701455397,3,2031,1732
87701938722,87701938721,-1,1290,1845
87704393858,87704393857,-1,1143,1684
87705037696,87705037694,-2,1169,2595
87705744805,87705744792,-13,983,1694
87706656092,87706656091,-1,894,1782
87707868326,87707868322,-4,1017,2288
87708178621,87708178640,19,644,1729
87710804526,87710804526,0,1405,2178
87714400871,87714400867,-4,1270,2578
87717167574,87717167571,-3,1003,1839
87719374851,87719374850,-1,966,2132
87724397638,87724397635,-3,945,1586
87727116930,87727116910,-20,2945,858
87729623026,87729623025,-1,636,1681
87735820912,87735820918,6,2516,1393
87736645281,87736645275,-6,1022,2227
87737560948,87737560929,-19,997,2275
87739936241,87739936238,-3,1437,2395
87740280161,87740280157,-4,1164,3212
87740737539,87740737535,-4,837,1740
87742668474,87742668474,0,1473,2980
87751021653,87751021654,1,841,1354
87752326671,87752326669,-2,1354,2240
87752506846,87752506844,-2,1322,1750
87755068240,87755068236,-4,1079,2397
87756680543,87756680541,-2,813,1802
87757339675,87757339664,-11,896,1695
87759060349,87759060345,-4,1763,2558
87762858283,87762858281,-2,1157,1952
87767464742,87767464742,0,1115,2255
87771957506,87771957503,-3,1203,2392
87772927314,87772927309,-5,1000,2608
87778487898,87778487895,-3,1212,1864
87780207661,87780207659,-2,1139,2189
87781415663,87781415661,-2,641,1545
87782846046,87782846042,-4,1078,1449
87784372346,87784372348,2,1332,2660
87787435418,87787435418,0,1059,1502
87791325434,87791325433,-1,901,2164
87793874526,87793874521,-5,1059,1894
87794366933,87794366947,14,436,1701
87799303465,87799303461,-4,1256,2716
87800818338,87800818331,-7,1077,3498
87804276253,87804276249,-4,960,2213
87806886940,87806886938,-2,1904,2829
87812767229,87812767228,-1,1159,2018
87814853857,87814853853,-4,1076,2256
87818023386,87818023382,-4,1673,3656
87820105214,87820105210,-4,1062,1685
87823807501,87823807501,0,985,1598
87826363045,87826363042,-3,1201,2710
87829091108,87829091108,0,19056,17186
87829931254,87829931250,-4,1161,2073
87832742617,87832742614,-3,849,1451
87833554915,87833554914,-1,1384,3333
87836468833,87836468830,-3,922,1968
87838039119,87838039118,-1,1085,2778
87839773783,87839773783,0,1037,2629
87839828189,87839828211,22,887,2065
87848360785,87848360782,-3,1748,2398
87849438989,87849438994,5,1622,1593
87850232787,87850232785,-2,1136,2063
87850272113,87850272113,0,1558,2746
87851122586,87851122583,-3,1229,2615
87851795314,87851795311,-3,930,1659
87855105726,87855105723,-3,1490,2613
87858443825,87858443822,-3,1273,2861
87858873250,87858873247,-3,917,1922
87860166795,87860166790,-5,968,2779
87860382891,87860382887,-4,994,1976
87862925345,87862925344,-1,1420,2241
87864364772,87864364770,-2,1108,2779
87865208367,87865208363,-4,1069,3154
87869254987,87869254985,-2,1097,2070
87875627614,87875627612,-2,2928,10408
87880130083,87880130080,-3,853,2025
87880601571,87880601567,-4,996,1984
87885710389,87885710387,-2,1249,2044
87886344545,87886344538,-7,1432,5752
87894385701,87894385701,0,1031,1882
87897950857,87897950858,1,1399,1727
87906542716,87906542714,-2,1472,2390
87907913005,87907913003,-2,1748,2014
87910322218,87910322216,-2,1019,2250
87912385933,87912385930,-3,1360,2582
87913319146,87913319147,1,957,1039
87937499082,87937499078,-4,1323,2659
87939375766,87939375763,-3,1339,2524
87940712022,87940712020,-2,974,1664
87941608762,87941608756,-6,1509,3042
87943779242,87943779240,-2,904,1662
87944824803,87944824800,-3,916,2539
87948764252,87948764255,3,2250,2292
87953707220,87953707218,-2,977,2257
87955761389,87955761388,-1,1182,2831
87958875162,87958875159,-3,914,1943
87960157145,87960157142,-3,1171,2281
87960475693,87960475683,-10,238,887
87962608857,87962608850,-7,2972,12257
87971358913,87971358912,-1,1821,2862
87971742898,87971742893,-5,1194,2422
87972138163,87972138158,-5,1087,2998
87973499305,87973499304,-1,672,2108
87976645601,87976645598,-3,1097,2127
87977622603,87977622601,-2,1335,2826
87979040593,87979040591,-2,1471,2337
87981058166,87981058161,-5,1273,2825
87984103818,87984103814,-4,468,1074
87985003786,87985003784,-2,564,1689
87985757131,87985757127,-4,959,1684
87987922278,87987922276,-2,493,1950
87988041442,87988041440,-2,1147,2210
87991731511,87991731506,-5,1162,3341
87992136753,87992136754,1,1339,1728
87998781631,87998781628,-3,911,2332
88000613104,88000613101,-3,1558,2289
88004663879,88004663877,-2,612,1775
88010269245,88010269244,-1,1236,2113
88011164850,88011164848,-2,980,2775
88015158373,88015158370,-3,977,2240
88017805744,88017805743,-1,1164,1896
88018188807,88018188795,-12,986,1658
88018953616,88018953614,-2,1355,2707
88019135486,88019135485,-1,1293,2290
88027598413,88027598410,-3,1005,2025
88030127625,88030127622,-3,823,1841
88035433054,88035433072,18,965,2177
88035671366,88035671377,11,114,561
88036396405,88036396401,-4,1055,2897
88036515697,88036515703,6,4415,1478
88038948566,88038948565,-1,1242,2355
88042053779,88042053777,-2,1321,2341
88044619109,88044619107,-2,1377,2312
88045606854,88045606851,-3,1472,2127
88050813769,88050813762,-7,876,2308
88051357874,88051357873,-1,1212,1978
88051654905,88051654902,-3,1148,3290
88053245687,88053245684,-3,981,2099
88055057770,88055057766,-4,1099,2596
88064914181,88064914178,-3,1384,2483
88065247046,88065247044,-2,22140,7958
88067708050,88067708049,-1,989,1846
88070625635,88070625636,1,1745,1784
88072957007,88072957005,-2,1518,2328
88073600518,88073600503,-15,1058,2578
88079983814,88079983813,-1,1009,1335
88080477085,88080477086,1,1685,1655
88081879262,88081879262,0,1284,2388
88082054594,88082054591,-3,1180,1868
88086992927,88086992924,-3,1055,2304
88090324123,88090324122,-1,888,1664
88091159799,88091159797,-2,1196,2113
88091749882,88091749878,-4,1153,1938
88092469590,88092469589,-1,1322,2561
88094746546,88094746539,-7,1214,2587
88095653766,88095653786,20,492,841
88097074458,88097074458,0,727,1776
88098542154,88098542151,-3,1370,1929
88108550186,88108550183,-3,1192,1986
88109112715,88109112710,-5,976,2350
88114343481,88114343478,-3,1427,2312
88114602595,88114602594,-1,1199,1895
88115868259,88115868257,-2,1107,1874
88116987693,88116987689,-4,999,2621
88117491195,88117491197,2,6787,7667
88118983580,88118983564,-16,1153,1681
88125367990,88125367988,-2,1451,1472
88129183275,88129183270,-5,1324,3584
88134498530,88134498527,-3,1055,1762
88135255415,88135255412,-3,1111,2158
88138370927,88138370930,3,1622,1384
88141672371,88141672366,-5,1089,2583
88142898123,88142898117,-6,904,1853
88143301882,88143301881,-1,1260,2541
88146974811,88146974809,-2,990,2310
88148024506,88148024511,5,2472,840
88149770682,88149770681,-1,1868,2910
88152092951,88152092950,-1,950,1262
88158256201,88158256199,-2,825,978
88160005789,88160005787,-2,1209,2255
88160382458,88160382455,-3,841,2035
88160884376,88160884373,-3,1329,1924
88161497906,88161497904,-2,1434,2750
88166442961,88166442958,-3,1452,2369
88167416465,88167416452,-13,1059,2320
88181211635,88181211632,-3,1281,1590
88181709277,88181709272,-5,796,1524
88182634958,88182634964,6,11575,22295
88183103183,88183103179,-4,1171,1924
88187387747,88187387748,1,1576,1299
88192282473,88192282477,4,7060,30652
88194526367,88194526365,-2,693,1758
88195808158,88195808154,-4,1375,2022
88197591776,88197591784,8,1026,1802
88198144666,88198144663,-3,1616,3183
88201812382,88201812382,0,1094,1832
88202004085,88202004090,5,6996,3284
88202348729,88202348727,-2,1477,2849
88203476771,88203476765,-6,969,4273
88203506529,88203506526,-3,1091,1725
88205904860,88205904857,-3,1156,2003
88207363741,88207363737,-4,1001,1886
88214490754,88214490750,-4,1255,2179
88219449138,88219449134,-4,1425,2420
88224977271,88224977268,-3,1231,2702
88225744954,88225744953,-1,1209,2032
88226882651,88226882646,-5,1204,2041
88228215646,88228215645,-1,1322,1921
88235733397,88235733393,-4,853,1798
88238415038,88238415037,-1,1239,1976
88243821718,88243821715,-3,968,1904
88246202722,88246202719,-3,986,1542
88247299627,88247299625,-2,927,1921
88250387728,88250387725,-3,823,1999
88254375270,88254375269,-1,1042,2245
88255394238,88255394235,-3,1347,2351
88259238863,88259238861,-2,928,1224
88261476722,88261476719,-3,1360,2346
88262243150,88262243146,-4,938,1798
88265321601,88265321598,-3,1225,1883
88268322595,88268322591,-4,963,2130
88269648855,88269648853,-2,1877,2617
88275036905,88275036910,5,1627,1895
88275772083,88275772080,-3,734,1885
88276548327,88276548325,-2,1259,2338
88281093256,88281093275,19,369,816
88284218763,88284218758,-5,1079,2307
88289134117,88289134113,-4,885,1542
88289242496,88289242494,-2,1048,1840
88291858280,88291858273,-7,1018,3152
88293670111,88293670129,18,824,2034
88298367054,88298367052,-2,1194,2498
88298838215,88298838213,-2,1172,2789
88299484746,88299484744,-2,1061,2224
88299858578,88299858583,5,1598,1238
88299893122,88299893120,-2,1003,2017
88300431757,88300431749,-8,1299,4045
88301338846,88301338842,-4,1410,2617
88303874302,88303874301,-1,1316,2697
88305838635,88305838634,-1,1680,1899
88306152963,88306152962,-1,994,2190
88308479066,88308479061,-5,1326,2372
88309941129,88309941144,15,11467,53332
88311022995,88311022997,2,1360,1659
88312564686,88312564684,-2,1435,3658
88312645793,88312645791,-2,1492,2160
88313114595,88313114593,-2,826,1888
88313291359,88313291359,0,1006,2322
88315274518,88315274514,-4,1025,2295
88315782815,88315782831,16,622,2142
88317669299,88317669297,-2,1153,2347
88322411450,88322411449,-1,758,1772
88331211040,88331211039,-1,1397,2369
88332280894,88332280898,4,1737,1312
88332464714,88332464712,-2,1155,1335
88335104013,88335104007,-6,1387,3480
88337183603,88337183600,-3,909,1779
88340095056,88340095054,-2,1441,2715
88340530338,88340530336,-2,1239,2859
88343952987,88343952985,-2,1146,1926
88344703341,88344703334,-7,1118,4348
88345195138,88345195138,0,1127,1094
88350754266,88350754266,0,555,2266
88351615036,88351615035,-1,975,1097
88352195043,88352195049,6,2584,1013
88352820351,88352820347,-4,900,2148
88355979855,88355979854,-1,1304,1383
88356127107,88356127107,0,1544,2591
88357246602,88357246604,2,1821,1063
88359517487,88359517486,-1,878,1419
88361872121,88361872118,-3,1263,2051
88361939344,88361939341,-3,880,2432
88362480914,88362480910,-4,1039,2270
88362525188,88362525209,21,1041,1810
88366007927,88366007925,-2,1241,2275
88366860926,88366860923,-3,534,1383
88367708657,88367708655,-2,855,3509
88369702730,88369702729,-1,1441,1703
88374256177,88374256174,-3,1180,1491
88375081230,88375081227,-3,812,2320
88375270612,88375270635,23,197,942
88379721529,88379721522,-7,978,2980
88379791989,88379791986,-3,1088,1971
88380471662,88380471667,5,3053,1782
88381315686,88381315696,10,11157,40000
88381746675,88381746675,0,1267,1799
88384425105,88384425102,-3,918,1942
88390505914,88390505913,-1,2656,3830
88392644907,88392644914,7,12069,3768
88403711451,88403711447,-4,1140,2320
88407719005,88407719005,0,1669,2332
88407855379,88407855379,0,1032,2516
88408814109,88408814110,1,1219,699
88409047388,88409047385,-3,1264,2526
88409379687,88409379684,-3,1137,2699
88413878738,88413878736,-2,1522,2427
88414334279,88414334275,-4,607,1116
88414453501,88414453501,0,1590,1643
88418265462,88418265458,-4,1070,3317
88422706939,88422706939,0,1606,2076
88423072034,88423072031,-3,969,2427
88427752195,88427752193,-2,1011,2278
88429078342,88429078338,-4,1366,1303
88430707830,88430707830,0,832,2069
88430737711,88430737730,19,1223,2044
88431119727,88431119725,-2,857,1742
88432452161,88432452160,-1,1280,2672
88436402533,88436402531,-2,1629,2222
88437495122,88437495118,-4,1301,3051
88442414326,88442414324,-2,1554,3228
88442682793,88442682786,-7,1360,1919
88445350226,88445350223,-3,1482,2198
88445757217,88445757213,-4,1039,2116
88450778137,88450778135,-2,1148,2757
88451802038,88451802042,4,1805,1645
88453342724,88453342722,-2,1261,2675
88453715422,88453715421,-1,844,2581
88459988739,88459988736,-3,1167,2251
88461578198,88461578193,-5,1223,1939
88463026729,88463026729,0,2150,3720
88465855397,88465855391,-6,518,1310
88469605195,88469605195,0,534,624
88470270865,88470270863,-2,1148,1927
88476995467,88476995466,-1,1077,2731
88477085656,88477085652,-4,800,2160
88482118289,88482118287,-2,1408,2507
88483945897,88483945894,-3,1369,3402
88486913926,88486913922,-4,744,2101
88487267575,88487267573,-2,877,2018
88489477509,88489477512,3,3407,2713
88492066711,88492066712,1,1977,2016
88496425697,88496425695,-2,1356,2304
88496645178,88496645174,-4,1003,2224
88498035513,88498035509,-4,969,1835
88500039275,88500039274,-1,1221,2661
88504019439,88504019434,-5,1331,1951
88507749136,88507749132,-4,1147,2107
88510995173,88510995171,-2,1346,2160
88519063329,88519063328,-1,1156,1850
88524904860,88524904855,-5,1271,2896
88525881590,88525881605,15,754,1864
88526387671,88526387669,-2,1343,1386
88529983930,88529983927,-3,959,2274
88533396133,88533396132,-1,1300,1888
88534829022,88534829018,-4,1063,2133
88537989474,88537989474,0,986,1452
88539805375,88539805371,-4,1707,2726
88541917041,88541917037,-4,1605,2202
88545088494,88545088491,-3,1010,2065
88546781714,88546781713,-1,2975,3647
88547015610,88547015608,-2,1021,2117
88547313529,88547313535,6,5286,1743
88547349322,88547349318,-4,1238,2430
88549683534,88549683529,-5,1460,4067
88550320069,88550320067,-2,1102,1942
88550956482,88550956479,-3,1350,2933
88552002867,88552002863,-4,1115,2992
88553769643,88553769641,-2,1016,1804
88553828319,88553828315,-4,953,1321
88554124446,88554124442,-4,1044,3290
88555539893,88555539890,-3,1130,1819
88561518070,88561518067,-3,1484,2960
88562534679,88562534676,-3,1067,2475
88564225314,88564225315,1,1494,1816
88566245975,88566245973,-2,1591,2481
88568800437,88568800434,-3,1141,2193
88570046262,88570046261,-1,2308,4011
88581440159,88581440157,-2,1057,1983
88585260618,88585260618,0,1030,1358
88587710120,88587710117,-3,1261,1589
88595379821,88595379817,-4,1811,3183
88595671000,88595670998,-2,1311,2003
88595844830,88595844826,-4,1786,3738
88598255490,88598255488,-2,1006,2087
88598301110,88598301127,17,712,1149
88599115641,88599115641,0,1100,1420
88600909267,88600909263,-4,1346,3657
88603281087,88603281086,-1,1099,1817
88607760426,88607760424,-2,1081,1823
88607992766,88607992746,-20,1071,1428
88608645266,88608645263,-3,1294,2184
88611656266,88611656262,-4,1327,2504
88611955902,88611955906,4,2903,1646
88613395585,88613395583,-2,1568,2051
88613496998,88613496995,-3,934,2079
88619145587,88619145586,-1,897,2702
88620191174,88620191173,-1,1521,2473
88621239718,88621239711,-7,1246,4969
88624148384,88624148384,0,1421,1347
88625018130,88625018130,0,1390,2170
88642734923,88642734917,-6,129,1775
88645930877,88645930873,-4,588,1699
88647832331,88647832325,-6,596,2324
88649098730,88649098727,-3,1024,2326
88649609479,88649609474,-5,1354,2293
88651808373,88651808371,-2,1056,1993
88664263875,88664263872,-3,1464,3633
88668010798,88668010797,-1,1348,2491
88669043128,88669043133,5,13400,6863
88669132576,88669132573,-3,1294,2721
88670447505,88670447510,5,3985,1798
88671064193,88671064192,-1,1392,2025
88672066324,88672066325,1,1691,1200
88673032188,88673032182,-6,980,1829
88674617051,88674617047,-4,2114,4169
88675792034,88675792033,-1,1179,2051
88676768493,88676768490,-3,1320,2569
88679173753,88679173751,-2,1246,2302
88680280341,88680280339,-2,1858,3124
88681518616,88681518612,-4,1233,2510
88683044730,88683044726,-4,887,2403
88683369280,88683369299,19,638,944
88684104429,88684104426,-3,1596,2616
88687662721,88687662721,0,1617,2196
88688055816,88688055815,-1,889,1697
88689277965,88689277978,13,126,1840
88689643695,88689643690,-5,767,1497
88691405129,88691405123,-6,2262,7081
88699762910,88699762909,-1,1490,1917
88712661558,88712661556,-2,1266,2339
88713412784,88713412789,5,2097,999
88714783812,88714783808,-4,1314,2976
88717100573,88717100571,-2,1145,2170
88721564990,88721564986,-4,792,1675
88725725438,88725725434,-4,1237,2096
88726874759,88726874757,-2,583,1986
88732780943,88732780942,-1,847,1504
88734096636,88734096634,-2,1175,2151
88734412563,88734412560,-3,1271,2497
88735170217,88735170217,0,1189,2543
88735275874,88735275874,0,1108,1507
88735769732,88735769729,-3,984,2272
88737953198,88737953202,4,1638,1722
88740489995,88740489994,-1,801,2172
88746267900,88746267897,-3,1449,1705
88748331271,88748331278,7,6144,3009
88752968928,88752968925,-3,1099,2176
88753852410,88753852407,-3,1094,1906
88757265070,88757265069,-1,1053,2616
88760965355,88760965349,-6,1275,2750
88763192250,88763192246,-4,1002,2748
88765349582,88765349582,0,2059,2188
88766537075,88766537078,3,1417,1040
88767757971,88767757970,-1,917,2308
88768198298,88768198295,-3,943,2650
88770672869,88770672866,-3,1128,2074
88771645078,88771645078,0,1115,1868
88771953577,88771953573,-4,899,2004
88781301207,88781301205,-2,1356,2689
88783640171,88783640170,-1,954,1716
88788534975,88788534973,-2,1075,1449
88794473538,88794473537,-1,993,1593
88796472314,88796472313,-1,1087,2295
88803359459,88803359456,-3,1132,2542
88805301454,88805301454,0,893,1541
88810034118,88810034118,0,515,2153
88811045835,88811045830,-5,871,2207
88816070815,88816070813,-2,1421,2871
88818482282,88818482278,-4,828,2191
88819909581,88819909603,22,575,1553
88823079627,88823079626,-1,864,754
88824911202,88824911223,21,1041,2444
88826277654,88826277652,-2,1703,2387
88828049531,88828049528,-3,831,1687
88833190849,88833190847,-2,1504,1734
88838207518,88838207514,-4,846,2577
88838900168,88838900165,-3,1142,1779
88841264459,88841264458,-1,1576,2325
88841743659,88841743656,-3,711,1465
88843878967,88843878967,0,2541,3136
88844321118,88844321114,-4,879,2489
88846416459,88846416458,-1,646,1277
88847081946,88847081943,-3,1145,2044
88849976919,88849976916,-3,1412,2258
88850957510,88850957505,-5,964,2330
88857015455,88857015455,0,1102,1149
88859843263,88859843263,0,665,1233
88860224368,88860224366,-2,1129,2583
88862247157,88862247154,-3,1295,2389
88863080698,88863080705,7,6578,2419
88866158034,88866158031,-3,1227,1811
88870028123,88870028120,-3,992,1401
88874495618,88874495622,4,3602,1967
88881849074,88881849071,-3,1159,2477
88884112215,88884112213,-2,908,2363
88884605705,88884605702,-3,1012,1630
88885086353,88885086350,-3,835,2105
88886597895,88886597906,11,230,752
88890716054,88890716050,-4,970,2104
88891517950,88891517955,5,1886,1159
88891628622,88891628619,-3,1334,2572
88892028485,88892028482,-3,1271,2012
88894190259,88894190258,-1,1365,2182
88901259495,88901259490,-5,846,1902
88904140367,88904140366,-1,1216,2622
88909092046,88909092037,-9,896,2116
88909889681,88909889677,-4,1257,2449
88912482912,88912482905,-7,57232,28679
88912711610,88912711608,-2,1291,1707
88912828128,88912828124,-4,700,2257
88913002886,88913002885,-1,1532,2259
88914160550,88914160550,0,523,1849
88919063001,88919063002,1,1250,1347
88924686534,88924686531,-3,1329,1850
88927040741,88927040740,-1,2491,4924
88927402270,88927402266,-4,1484,2450
88930018901,88930018894,-7,1425,3777
88932448316,88932448311,-5,1244,2144
88935667444,88935667439,-5,959,2171
88943283930,88943283928,-2,799,2058
88943981832,88943981829,-3,1153,2382
88950192117,88950192113,-4,1468,2938
88951155080,88951155074,-6,920,1942
88952115251,88952115250,-1,760,1808
88954696374,88954696371,-3,904,2572
88955797666,88955797667,1,946,1377
88955970439,88955970427,-12,143,673
88957687329,88957687329,0,1032,1432
88961834270,88961834266,-4,866,1779
88966273650,88966273647,-3,969,2054
88972955033,88972955034,1,1731,1302
88975364797,88975364795,-2,1837,2653
88980981310,88980981307,-3,1363,1258
88987620873,88987620868,-5,575,1697
88991475965,88991475963,-2,1275,2409
88998464357,88998464357,0,2411,2811
89004332184,89004332183,-1,1209,1728
89007290465,89007290462,-3,1237,2842
89009011243,89009011239,-4,934,2624
89010938271,89010938275,4,358,829
89012705975,89012705973,-2,1435,2344
89016524459,89016524454,-5,777,2638
89021451921,89021451922,1,1079,1776
89024493555,89024493551,-4,783,2166
89024714459,89024714457,-2,937,2245
89030015734,89030015733,-1,1278,1987
89033480315,89033480313,-2,1994,3193
89040149351,89040149345,-6,1226,2277
89041020913,89041020909,-4,1166,2592
89042110922,89042110918,-4,820,2785
89042930863,89042930861,-2,952,1675
89045293963,89045293961,-2,713,1229
89050771546,89050771542,-4,1285,2402
89053039666,89053039663,-3,1207,3355
89054779561,89054779557,-4,1519,2097
89056680856,89056680864,8,2649,1038
89056950237,89056950233,-4,1390,3025
89059882723,89059882722,-1,807,2049
89060036814,89060036819,5,3194,1573
89060489835,89060489815,-20,1547,2426
89060614833,89060614830,-3,1092,1691
89060746074,89060746073,-1,1120,1861
89064390759,89064390757,-2,1081,2013
89070161242,89070161240,-2,1042,1657
89070799770,89070799768,-2,1127,2254
89071575230,89071575229,-1,903,2013
89074264942,89074264939,-3,1614,2689
89076536676,89076536673,-3,719,2202
89077248907,89077248906,-1,978,2400
89077739022,89077739019,-3,886,1954
89081321902,89081321901,-1,1204,2115
89081396949,89081396948,-1,890,2100
89083306513,89083306512,-1,1299,1579
89083987369,89083987366,-3,927,1826
89084509341,89084509331,-10,1391,2642
89084553957,89084553972,15,442,1344
89090203767,89090203763,-4,799,2141
89091663631,89091663629,-2,1104,1623
89097051555,89097051553,-2,756,1528
89101314558,89101314553,-5,1006,2299
89110300978,89110300975,-3,864,1852
89113230231,89113230227,-4,1138,1937
89124251441,89124251439,-2,573,1938
89126204655,89126204655,0,971,1549
89134367466,89134367464,-2,1263,2568
89136013103,89136013100,-3,1458,2750
89140020660,89140020660,0,10287,12959
89142812217,89142812214,-3,973,1329
89144265616,89144265612,-4,1125,2530
89144678532,89144678515,-17,1274,2210
89145965027,89145965026,-1,1196,1800
89148582364,89148582362,-2,993,1678
89152757663,89152757659,-4,1013,2281
89157104334,89157104331,-3,1184,2595
89160058621,89160058618,-3,1465,3282
89160415831,89160415827,-4,825,1688
89160574266,89160574265,-1,1247,2608
89161142512,89161142499,-13,257,745
89161318610,89161318607,-3,977,1931
89169043058,89169043059,1,1767,1100
89172143093,89172143090,-3,899,1710
89172362386,89172362381,-5,918,1488
89173797543,89173797542,-1,1081,1930
89176126386,89176126385,-1,1245,1383
89177424583,89177424579,-4,1373,2364
89177788482,89177788482,0,1332,2171
89180942015,89180942011,-4,838,2477
89183344672,89183344668,-4,1320,2540
89192401423,89192401421,-2,1099,2189
89192429768,89192429782,14,733,2739
89198523627,89198523608,-19,1368,2086
89200470121,89200470117,-4,946,2105
89200620716,89200620737,21,505,1702
89204362953,89204362953,0,947,2100
89204915675,89204915674,-1,767,1767
89205119712,89205119709,-3,754,1753
89206608799,89206608795,-4,816,1638
89210060222,89210060224,2,1002,1909
89210729642,89210729638,-4,904,2197
89211794698,89211794694,-4,929,2182
89213800602,89213800598,-4,1232,2874
89214665265,89214665266,1,1299,1720
89222939265,89222939262,-3,913,1849
89226256528,89226256525,-3,1315,1981
89229032120,89229032116,-4,1267,2744
89230055986,89230055985,-1,967,2254
89230673478,89230673475,-3,980,2307
89232679557,89232679550,-7,924,3017
89233848394,89233848390,-4,1040,2815
89235102714,89235102712,-2,23259,12247
89236173966,89236173961,-5,1133,1389
89238380578,89238380574,-4,911,2555
89244033386,89244033386,0,1231,2060
89246551833,89246551830,-3,1212,2650
89250250050,89250250046,-4,685,1615
89261082977,89261082977,0,1140,1892
89265474726,89265474727,1,1471,1857
89265590411,89265590410,-1,1284,1895
89274146711,89274146709,-2,924,2070
89274656351,89274656348,-3,884,2444
89277059007,89277059006,-1,1381,3237
89281013887,89281013882,-5,1495,2337
89281819146,89281819143,-3,1456,2305
89282442737,89282442734,-3,1808,2589
89282989603,89282989601,-2,1225,2469
89283049190,89283049211,21,283,720
89288007933,89288007940,7,3812,1735
89293891951,89293891945,-6,2376,5602
89294618556,89294618554,-2,1386,2249
89295143765,89295143763,-2,1191,1689
89295611058,89295611053,-5,1071,1744
89296105063,89296105059,-4,1072,1966
89297377758,89297377755,-3,1040,2028
89299219138,89299219138,0,1569,2011
89299999594,89299999592,-2,807,1974
89304853927,89304853942,15,873,2273
89305408005,89305408002,-3,1159,1094
89306364722,89306364719,-3,1576,2378
89310657610,89310657605,-5,917,3097
89311008723,89311008721,-2,643,1197
89312362515,89312362514,-1,1190,2318
89312454839,89312454837,-2,1126,2336
89317562115,89317562114,-1,877,1444
89317643591,89317643583,-8,1466,2693
89321465046,89321465043,-3,1691,2105
89322952195,89322952193,-2,921,2087
89323327217,89323327215,-2,1041,1857
89323964850,89323964849,-1,1300,2524
89327879874,89327879869,-5,1010,2249
89332920690,89332920688,-2,828,1715
89345768003,89345768002,-1,1250,2037
89347506283,89347506286,3,978,1237
89347715290,89347715285,-5,980,2254
89347979421,89347979421,0,1230,1940
89348468087,89348468101,14,449,1130
89350350689,89350350686,-3,853,1704
89354649926,89354649922,-4,1315,3554
89358421697,89358421695,-2,1918,3842
89359080538,89359080534,-4,1115,2432
89360127027,89360127024,-3,555,1911
89360567064,89360567083,19,1026,1796
89363449297,89363449297,0,739,1483
89373573295,89373573291,-4,1149,2173
89377515597,89377515593,-4,1280,2377
89383862889,89383862886,-3,1289,2023
89388095142,89388095138,-4,915,1752
89394145073,89394145073,0,1168,1717
89396459198,89396459198,0,1484,1773
89401606507,89401606502,-5,2281,8152
89402347390,89402347390,0,2646,4404
89404407789,89404407785,-4,1088,2203
89407415095,89407415094,-1,530,908
89412078770,89412078767,-3,1046,1275
89413320725,89413320725,0,1871,1787
89414423899,89414423897,-2,503,1527
89424293527,89424293525,-2,1004,2183
89424894534,89424894529,-5,1334,4268
89425128365,89425128365,0,393,688
89427763540,89427763537,-3,1071,1906
89432155889,89432155890,1,1178,2045
89441206457,89441206457,0,1275,1734
89443390473,89443390470,-3,986,2004
89443619980,89443619975,-5,1135,2483
89446203867,89446203866,-1,1028,2307
89446364430,89446364429,-1,1327,2159
89449990491,89449990487,-4,807,2080
89460312319,89460312318,-1,1304,1840
89463238448,89463238445,-3,657,1057
89468070141,89468070137,-4,738,2350
89471046414,89471046413,-1,1163,2561
89476896832,89476896830,-2,1498,2580
89478771827,89478771825,-2,910,1840
89484655269,89484655267,-2,758,1573
89485477350,89485477347,-3,864,2162
89490627255,89490627253,-2,876,2124
89493855266,89493855263,-3,1035,1506
89494529546,89494529542,-4,1263,2065
89502815172,89502815170,-2,1297,1840
89504116462,89504116461,-1,834,2114
89512468637,89512468631,-6,485,1279
89513132314,89513132318,4,8487,6462
89513562667,89513562662,-5,836,2223
89514910658,89514910655,-3,971,1630
89517230803,89517230786,-17,532,302
89518190976,89518190973,-3,1309,3571
89523406694,89523406692,-2,1504,2723
89523545762,89523545760,-2,832,1942
89528135184,89528135179,-5,1038,2150
89533450882,89533450881,-1,1144,2539
89534285939,89534285936,-3,1213,2148
89534901366,89534901347,-19,1088,1841
89536555421,89536555420,-1,1047,1547
89538179838,89538179841,3,1995,1299
89539620986,89539620985,-1,1235,2780
89542479339,89542479338,-1,744,1310
89545578446,89545578439,-7,959,3249
89547252811,89547252808,-3,758,2055
89548208112,89548208109,-3,921,2411
89548626287,89548626303,16,316,1069
89550027690,89550027692,2,3448,3272
89550112127,89550112129,2,1285,1450
89552318578,89552318574,-4,1216,2361
89558892426,89558892425,-1,1161,2652
89563358539,89563358537,-2,1286,1607
89563896834,89563896831,-3,1448,3193
89564758596,89564758594,-2,1050,2338
89565708493,89565708512,19,1214,4829
89567842809,89567842806,-3,1470,2465
89568776354,89568776350,-4,816,1733
89569497510,89569497508,-2,1362,2006
89572851590,89572851586,-4,1013,2147
89582174874,89582174866,-8,918,3596
89582715014,89582715013,-1,1375,1878
89586367139,89586367135,-4,1363,1775
89588130975,89588130973,-2,1063,2959
89588397697,89588397698,1,1613,1954
89592221955,89592221951,-4,778,2530
89596471689,89596471687,-2,920,2701
89597681375,89597681373,-2,1180,1851
89601168894,89601168891,-3,1496,2665
89617188340,89617188335,-5,531,879
89618087229,89618087226,-3,749,2239
89618404035,89618404033,-2,1307,2155
89620555562,89620555560,-2,1287,1982
89621223945,89621223943,-2,1561,2796
89624191416,89624191414,-2,1386,2126
89629438960,89629438955,-5,1394,1684
89629826726,89629826743,17,630,1102
89629996466,89629996464,-2,929,1698
89630495422,89630495440,18,929,2574
89630978418,89630978416,-2,1477,2614
89634687446,89634687453,7,1160,539
89636313846,89636313841,-5,27463,15374
89636404525,89636404522,-3,1037,1777
89636973162,89636973160,-2,892,1601
89637749067,89637749073,6,2887,879
89638436465,89638436461,-4,1285,2300
89640203953,89640203952,-1,1275,2490
89642371618,89642371614,-4,1468,3000
89642570290,89642570290,0,1429,1258
89644238478,89644238474,-4,1217,2788
89647564605,89647564604,-1,1418,1571
89648068850,89648068845,-5,1230,2310
89648308750,89648308749,-1,813,1498
89650618250,89650618249,-1,830,1134
89654306210,89654306210,0,1271,1788
89657118223,89657118218,-5,1515,4418
89659561493,89659561491,-2,971,1280
89660198731,89660198727,-4,653,1995
89664139701,89664139698,-3,1224,2921
89665221014,89665221009,-5,1207,2340
89666357816,89666357817,1,1674,2119
89676842866,89676842870,4,890,940
89678204514,89678204518,4,11975,8869
89680031642,89680031640,-2,827,2428
89680828794,89680828792,-2,1550,3101
89683908898,89683908894,-4,1256,2336
89685195828,89685195846,18,696,2380
89686142611,89686142609,-2,1011,2232
89689580689,89689580685,-4,1049,2802
89694988025,89694988019,-6,833,1819
89696040811,89696040810,-1,1029,1869
89699396406,89699396402,-4,1139,2336
89702608910,89702608907,-3,1270,1763
89702652290,89702652297,7,3114,1401
89703904941,89703904938,-3,1185,1898
89704102158,89704102156,-2,1398,2698
89705997077,89705997070,-7,1133,1784
89709362489,89709362486,-3,1570,3094
89709810008,89709810006,-2,729,1514
89711645918,89711645915,-3,803,1645
89712792084,89712792103,19,1115,2664
89713690257,89713690253,-4,1406,2959
89715639992,89715640009,17,438,976
89717602443,89717602441,-2,2853,4428
89719393298,89719393294,-4,652,1964
89721581305,89721581300,-5,929,2894
89721823535,89721823531,-4,639,1873
89725196215,89725196213,-2,700,1538
89730121899,89730121897,-2,952,2221
89730438909,89730438927,18,489,2628
89735223438,89735223437,-1,1465,3288
89739357659,89739357661,2,495,826
89740203685,89740203682,-3,1231,1938
89749102132,89749102141,9,16593,13349
89752548478,89752548473,-5,1051,3754
89754081404,89754081404,0,952,1215
89754885682,89754885678,-4,1144,1585
89755006566,89755006566,0,1240,1783
89755809507,89755809505,-2,1258,1977
89757316707,89757316705,-2,1463,2076
89763702982,89763702981,-1,1043,1864
89764687349,89764687346,-3,1038,2590
89768309155,89768309155,0,1942,3141
89768570197,89768570198,1,1231,1987
89776406532,89776406529,-3,1256,3039
89777622453,89777622451,-2,1439,2291
89781259454,89781259450,-4,1036,1770
89781960016,89781960010,-6,952,3095
89785185407,89785185406,-1,1609,1497
89785299481,89785299477,-4,1521,2513
89792311762,89792311759,-3,1393,2929
89794471195,89794471193,-2,1480,1845
89794788183,89794788178,-5,1223,3210
89809250835,89809250834,-1,926,2431
89811399590,89811399588,-2,1345,1724
89811535150,89811535145,-5,1287,1869
89813635719,89813635716,-3,1299,2070
89816524577,89816524574,-3,980,1254
89817559570,89817559556,-14,7959,2526
89819978748,89819978745,-3,696,1750
89822136582,89822136579,-3,1133,1640
89822592186,89822592185,-1,922,1982
89826149558,89826149556,-2,1096,1897
89827223940,89827223934,-6,1492,2560
89830512462,89830512459,-3,1172,1932
89833604385,89833604382,-3,1370,2691
89834653308,89834653293,-15,952,1983
89839246481,89839246477,-4,1281,1395
89843669134,89843669130,-4,1199,2261
89846254576,89846254573,-3,1451,2834
89850521567,89850521566,-1,902,1710
89851089944,89851089941,-3,1201,2441
89854653313,89854653314,1,1355,2173
89854898900,89854898897,-3,1352,2806
89855010046,89855010064,18,786,2227
89856210523,89856210521,-2,1136,2552
89857391853,89857391850,-3,787,1901
89858479449,89858479450,1,1856,1423
89858752578,89858752577,-1,1242,2748
89859037539,89859037537,-2,1102,2126
89860986321,89860986314,-7,1433,8373
89862485300,89862485298,-2,1161,2549
89866178381,89866178379,-2,1264,2579
89869623562,89869623557,-5,1271,2445
89870095132,89870095115,-17,1262,2249
89870147380,89870147373,-7,961,2118
89872861858,89872861854,-4,1520,2010
89873357635,89873357632,-3,1659,3186
89883770087,89883770083,-4,1162,1026
89893140580,89893140577,-3,1278,2392
89894085195,89894085191,-4,962,2381
89895719621,89895719623,2,1284,1432
89898015487,89898015486,-1,893,2218
89898070727,89898070725,-2,1093,2391
89899990139,89899990135,-4,1402,2940
89900986847,89900986845,-2,957,1247
89905715394,89905715393,-1,2026,3647
89906941822,89906941819,-3,993,2630
89907247182,89907247178,-4,1076,2113
89908792979,89908792977,-2,962,2217
89910286119,89910286117,-2,1427,1902
89911129575,89911129573,-2,1292,1839
89912056437,89912056435,-2,1172,2295
89912940154,89912940155,1,1694,2242
89913698402,89913698401,-1,1377,3726
89915184226,89915184226,0,1142,2027
89915774596,89915774590,-6,789,1491
89916956454,89916956467,13,13258,44075
89918486887,89918486885,-2,908,2123
89918686981,89918686977,-4,1159,1460
89923288202,89923288199,-3,1341,2555
89926926042,89926926041,-1,1230,2554
89930333221,89930333217,-4,903,1086
89932079887,89932079887,0,896,1852
89932501734,89932501730,-4,1513,2373
89932678472,89932678467,-5,1063,1752
89933274297,89933274295,-2,929,1458
89935124754,89935124754,0,1049,1292
89936687513,89936687511,-2,1185,1831
89937612415,89937612415,0,1284,2760
89938508914,89938508911,-3,1595,2488
89939295013,89939295018,5,11706,30534
89951586141,89951586143,2,1700,1222
89953313730,89953313728,-2,1275,2497
89954259846,89954259846,0,776,2195
89957908273,89957908272,-1,1064,1766
89962505013,89962505010,-3,1079,2397
89964344859,89964344857,-2,1249,2504
89964569499,89964569493,-6,1266,1893
89968816422,89968816421,-1,1348,2117
89971886315,89971886312,-3,1235,2789
89975379018,89975379015,-3,833,1267
89977101195,89977101192,-3,1278,2681
89978112451,89978112445,-6,859,2720
89980054545,89980054550,5,1894,1213
89980503813,89980503811,-2,1165,1966
89987264690,89987264686,-4,1468,3440
89989240874,89989240872,-2,778,1515
89990831764,89990831762,-2,1458,2280
89995191419,89995191415,-4,721,1499
89995852019,89995852017,-2,1094,2183
89996862776,89996862774,-2,1203,2184
90000973510,90000973506,-4,1522,2820
90001115102,90001115101,-1,925,1954
90004949627,90004949625,-2,1191,2167
90008772259,90008772255,-4,1276,2324
90014594862,90014594861,-1,1593,2101
90015237778,90015237785,7,2600,1962
90017348311,90017348318,7,2701,828
90021166127,90021166122,-5,974,2469
90025614586,90025614588,2,1271,1331
90028300903,90028300900,-3,1584,2323
90036705722,90036705721,-1,1088,3415
90040143311,90040143306,-5,1444,3087
90040994653,90040994653,0,1714,1935
90042700082,90042700080,-2,1293,2433
90043234337,90043234350,13,1118,1302
90045039282,90045039282,0,1075,1304
90047676062,90047676059,-3,1707,2539
90050274260,90050274255,-5,1232,2272
90053661617,90053661610,-7,2058,4435
90054570056,90054570053,-3,1144,1784
90058336431,90058336429,-2,809,2202
90059583748,90059583746,-2,1182,1718
90064521934,90064521930,-4,1061,1969
90066189263,90066189261,-2,1493,2912
90068861563,90068861567,4,3794,2230
90083503549,90083503545,-4,1092,2240
90083954359,90083954355,-4,737,2536
90084584767,90084584746,-21,348,1082
90086820236,90086820235,-1,501,1636
90088595586,90088595583,-3,1559,2936
90098556098,90098556097,-1,1352,2279
90101640736,90101640734,-2,1608,2581
90102465699,90102465696,-3,840,1921
90104264935,90104264937,2,1424,1618
90104651147,90104651154,7,1589,785
90110730761,90110730782,21,1019,2201
90111915674,90111915670,-4,770,1219
90112063678,90112063663,-15,1076,1648
90112777653,90112777634,-19,1107,2033
90116523756,90116523754,-2,1022,2683
90123792567,90123792565,-2,1417,2698
90123933595,90123933593,-2,1556,2101
90128236366,90128236363,-3,1243,2795
90134032370,90134032366,-4,1083,2245
90135831666,90135831662,-4,1117,2591
90136935369,90136935366,-3,1302,2791
90140015078,90140015077,-1,991,2240
90143801606,90143801605,-1,1349,1979
90147334389,90147334395,6,3625,1324
90148182038,90148182037,-1,1137,3099
90151257870,90151257869,-1,1198,2272
90155526772,90155526773,1,1434,1874
90160569678,90160569673,-5,833,3625
90164837017,90164837014,-3,1000,1998
90164975283,90164975280,-3,1108,1801
90166967153,90166967154,1,3243,3373
90172055668,90172055659,-9,2089,32321
90174579218,90174579238,20,1391,2457
90179926664,90179926667,3,2900,2351
90179983187,90179983185,-2,1151,1960
90180179589,90180179588,-1,974,1481
90186293359,90186293356,-3,1459,2115
90187511263,90187511261,-2,1147,2868
90188523193,90188523190,-3,1045,2224
90193690096,90193690102,6,157,926
90193963197,90193963217,20,803,1625
90197147543,90197147538,-5,1012,2305
90202789923,90202789920,-3,1079,2234
90203097815,90203097797,-18,340,875
90204028783,90204028781,-2,1049,1710
90211227467,90211227466,-1,953,2005
90217046754,90217046749,-5,1917,7436
90217856103,90217856099,-4,990,1810
90219065695,90219065694,-1,1326,2572
90219700758,90219700757,-1,646,1515
90222244907,90222244904,-3,1270,2490
90223202912,90223202911,-1,722,2132
90223341606,90223341596,-10,1214,6363
90223646239,90223646230,-9,316,1080
90231552543,90231552541,-2,1396,2322
90233858766,90233858766,0,973,1732
90234790807,90234790797,-10,989,2047
90235388206,90235388206,0,1329,2732
90237290311,90237290307,-4,1566,3268
90241187995,90241187994,-1,1388,2890
90241757133,90241757140,7,3287,1161
90241909326,90241909325,-1,880,1306
90244894382,90244894376,-6,581,2346
90248222362,90248222365,3,2666,1512
90248393329,90248393326,-3,1197,2163
90249518367,90249518367,0,1299,1445
90252550172,90252550156,-16,668,885
90253251154,90253251150,-4,3423,8191
90255129309,90255129305,-4,1270,2969
90262691322,90262691319,-3,1052,1470
90266624022,90266624021,-1,1110,2142
90266726927,90266726924,-3,1308,2672
90267913346,90267913350,4,2120,1088
90269419537,90269419534,-3,964,1958
90275807350,90275807349,-1,1126,1941
90279592286,90279592300,14,1003,1274
90287129662,90287129659,-3,1041,1886
90287162133,90287162155,22,1617,2644
90289224492,90289224490,-2,1244,1775
90290434918,90290434916,-2,1475,2352
90291809766,90291809762,-4,1281,2733
90295257100,90295257094,-6,876,2551
90297215472,90297215469,-3,1349,2160
90301069487,90301069483,-4,1073,2322
90303967493,90303967490,-3,981,2226
90312870225,90312870221,-4,1341,2213
90317225693,90317225690,-3,1102,1663
90321183963,90321183960,-3,1575,5800
90328098907,90328098902,-5,812,2472
90329444902,90329444900,-2,1352,2245
90330358561,90330358558,-3,1360,2273
90332579379,90332579371,-8,1080,6521
90332737164,90332737170,6,2373,1755
90336805067,90336805066,-1,1347,2467
90337475071,90337475086,15,625,1763
90337631611,90337631610,-1,1002,1611
90337936009,90337936006,-3,885,2217
90338889746,90338889745,-1,841,2355
90343530686,90343530683,-3,1474,2819
90344293098,90344293094,-4,1190,2133
90344927776,90344927762,-14,1018,2164
90351383608,90351383606,-2,1327,2345
90352008816,90352008814,-2,1077,1976
90352395764,90352395761,-3,1054,1996
90353020489,90353020486,-3,1426,2109
90353520716,90353520738,22,242,1103
90355035167,90355035164,-3,945,2144
90357715732,90357715730,-2,1190,1917
90360392650,90360392648,-2,1413,1810
90363808390,90363808387,-3,744,1733
90365444238,90365444234,-4,979,2527
90365713784,90365713797,13,272,1530
90370498160,90370498156,-4,1562,2465
90371627043,90371627042,-1,856,2028
90374446726,90374446727,1,1528,1095
90377758986,90377758982,-4,886,2763
90378031737,90378031734,-3,1405,1948
90381250425,90381250421,-4,5173,15063
90383763016,90383763014,-2,1224,2521
90384279599,90384279596,-3,1529,1754
90385389450,90385389447,-3,1026,1262
90387539711,90387539706,-5,1058,2256
90391656085,90391656094,9,12714,1891
90392057793,90392057791,-2,888,2552
90398540034,90398540031,-3,980,2126
90403494546,90403494543,-3,907,2131
90409487491,90409487490,-1,1222,1722
90410950213,90410950211,-2,1404,2832
90413143510,90413143510,0,1045,2319
90413555962,90413555962,0,753,1970
90415174215,90415174214,-1,768,1450
90418738006,90418738005,-1,914,1855
90418823852,90418823851,-1,1526,1186
90419580102,90419580101,-1,739,1605
90420057634,90420057632,-2,1650,2715
90420616913,90420616913,0,1170,1964
90421472179,90421472176,-3,992,1538
90425180819,90425180816,-3,1088,2009
90426172512,90426172509,-3,843,1526
90442116395,90442116391,-4,1034,3294
90444200087,90444200085,-2,1162,1531
90446144281,90446144277,-4,853,1775
90452677942,90452677940,-2,1414,3472
90453347480,90453347483,3,5309,4641
90458247023,90458247019,-4,656,1773
90463034578,90463034576,-2,1268,2184
90463150580,90463150576,-4,1113,2201
90464507231,90464507224,-7,1011,2900
90467356966,90467356965,-1,1242,1969
90478725050,90478725070,20,778,1902
90482458626,90482458624,-2,1257,2236
90484547866,90484547876,10,11219,37901
90500085817,90500085814,-3,1465,2453
90504121686,90504121685,-1,1073,1524
90504564269,90504564249,-20,659,1702
90505468899,90505468895,-4,1343,2948
90508002548,90508002543,-5,1154,3265
90511634159,90511634156,-3,1313,2425
90513677111,90513677108,-3,1459,2921
90515361959,90515361958,-1,1647,1461
90518288843,90518288843,0,1049,1401
90519568794,90519568793,-1,1652,2566
90527962506,90527962509,3,1667,1706
90536072171,90536072169,-2,1404,2720
90536689144,90536689140,-4,1155,3004
90537093817,90537093822,5,1825,1176
90537457957,90537457953,-4,749,2336
90537708174,90537708170,-4,1019,3728
90538062046,90538062043,-3,956,2648
90538765706,90538765702,-4,1021,2027
90544651327,90544651325,-2,984,2555
90551747882,90551747878,-4,1697,6129
90560488995,90560488992,-3,1080,1685
90570916246,90570916243,-3,875,2235
90571872973,90571872969,-4,1136,1848
90579687276,90579687277,1,2261,2939
90582049599,90582049598,-1,1556,2304
90583641415,90583641411,-4,904,3809
90583784283,90583784279,-4,947,2016
90584863502,90584863499,-3,1553,2404
90589652862,90589652860,-2,1923,2838
90592760503,90592760501,-2,990,2228
90595471055,90595471054,-1,744,2006
90599039350,90599039348,-2,1031,3035
90600623338,90600623336,-2,1269,1539
90603755052,90603755050,-2,1340,1940
90604043254,90604043254,0,1279,1863
90606408057,90606408074,17,1176,13182
90606675990,90606675994,4,4134,2371
90610874722,90610874717,-5,902,1471
90610992143,90610992141,-2,1154,2799
90613776689,90613776686,-3,1577,2999
90616408222,90616408221,-1,1212,1739
90616877899,90616877894,-5,1155,2951
90619725295,90619725294,-1,1219,2244
90625947661,90625947661,0,9566,13688
90628731671,90628731670,-1,876,2219
90632252706,90632252704,-2,843,855
90634148639,90634148638,-1,1165,1102
90642146070,90642146077,7,8878,41272
90642763802,90642763801,-1,1092,1745
90643205914,90643205911,-3,1326,2001
90644711514,90644711510,-4,1438,2604
90650015154,90650015154,0,922,2147
90650861449,90650861456,7,6362,2645
90652812280,90652812278,-2,1131,2163
90653901182,90653901180,-2,964,2230
90655796159,90655796157,-2,1251,1653
90662232667,90662232664,-3,1293,2621
90666085377,90666085377,0,957,1295
90668364355,90668364350,-5,949,1207
90670650439,90670650436,-3,776,1423
90671231363,90671231364,1,1356,2385
90671912374,90671912371,-3,1490,2895
90674187663,90674187659,-4,952,1161
90677324706,90677324703,-3,1210,2464
90679512085,90679512078,-7,1361,3325
90681996637,90681996643,6,4061,1657
90682990655,90682990651,-4,770,1671
90684016509,90684016510,1,3498,3483
90687285574,90687285573,-1,815,2458
90689715931,90689715929,-2,1023,2900
90696587914,90696587910,-4,1010,2254
90696782681,90696782678,-3,977,2219
90703281650,90703281649,-1,1100,2087
90704609193,90704609190,-3,1224,3106
90707133380,90707133373,-7,701,3978
90707699214,90707699214,0,898,2298
90709636941,90709636937,-4,1291,1903
90709916804,90709916818,14,192,1020
90711917118,90711917114,-4,1189,2044
90713637426,90713637422,-4,1198,2103
90714480811,90714480809,-2,1073,1697
90715333191,90715333188,-3,914,1833
90715812199,90715812197,-2,941,1683
90718047714,90718047711,-3,917,2148
90718737111,90718737088,-23,700,2271
90720506007,90720506005,-2,698,1140
90726068303,90726068300,-3,1136,2248
90731221147,90731221146,-1,1127,2094
90735289605,90735289602,-3,817,1519
90741741522,90741741521,-1,1265,1868
90742863230,90742863229,-1,877,2212
90743775709,90743775704,-5,23711,15376
90744187361,90744187357,-4,975,2498
90746274103,90746274101,-2,894,1597
90747499155,90747499153,-2,2206,3397
90748252837,90748252833,-4,1177,2439
90754854238,90754854237,-1,916,1694
90756545190,90756545207,17,695,1520
90758943581,90758943578,-3,1179,1821
90759265110,90759265105,-5,1095,1628
90762443301,90762443300,-1,1492,2640
90762476543,90762476562,19,195,735
90764567999,90764567995,-4,1168,2787
90765492410,90765492404,-6,1338,5602
90766557152,90766557151,-1,1031,2724
90767280598,90767280595,-3,984,1858
90771705238,90771705234,-4,1133,2247
90771974859,90771974859,0,582,1718
90773794046,90773794045,-1,1179,2741
90777647886,90777647886,0,1034,2201
90779708509,90779708507,-2,1488,2230
90780597707,90780597706,-1,1139,1625
90781169838,90781169822,-16,1738,2558
90782701386,90782701382,-4,1301,2529
90787701168,90787701164,-4,1070,2375
90789751670,90789751666,-4,925,2054
90794814355,90794814353,-2,1107,1657
90798389122,90798389123,1,1655,1649
90806618982,90806618984,2,1381,1437
90808539323,90808539322,-1,1541,2964
90812124736,90812124732,-4,1258,2150
90813875249,90813875246,-3,775,1849
90815892106,90815892105,-1,638,1315
90818823598,90818823597,-1,1449,2599
90824938475,90824938473,-2,35805,15762
90828228623,90828228622,-1,1171,1798
90828353304,90828353323,19,235,914
90833606806,90833606802,-4,1131,1630
90833980654,90833980670,16,382,1431
90834380065,90834380071,6,1141,1040
90835250578,90835250575,-3,1394,2629
90835470010,90835470010,0,1111,1513
90836440729,90836440726,-3,1183,2080
90839226255,90839226253,-2,756,1573
90841269142,90841269139,-3,1109,3053
90844237158,90844237157,-1,1110,2580
90848095039,90848095037,-2,881,1549
90848851509,90848851506,-3,720,2147
90851022274,90851022270,-4,1490,3332
90852413634,90852413630,-4,1024,2924
90853677527,90853677521,-6,1358,4081
90855120674,90855120673,-1,11459,17772
90855555399,90855555396,-3,1246,2487
90861800499,90861800504,5,2906,1570
90862532226,90862532234,8,3082,1109
90868259430,90868259429,-1,1148,2019
90869158397,90869158412,15,333,1891
90871539982,90871539979,-3,1641,2296
90873216402,90873216401,-1,1281,2470
90880152553,90880152551,-2,1079,1473
90882497818,90882497814,-4,1001,1686
90882756899,90882756894,-5,1126,3455
90884899764,90884899761,-3,1565,3260
90887641889,90887641886,-3,1155,2417
90889510355,90889510353,-2,893,2288
90889554799,90889554784,-15,32605,16595
90890239628,90890239626,-2,1384,3213
90891021092,90891021081,-11,1262,1882
90891055920,90891055927,7,166,1027
90893014682,90893014678,-4,892,2552
90898950734,90898950732,-2,1082,1996
90901143405,90901143402,-3,1024,2110
90902255829,90902255826,-3,802,1075
90906033597,90906033580,-17,1521,513
90908797119,90908797118,-1,1183,1918
90914353613,90914353611,-2,1083,1424
90917182999,90917182995,-4,1024,1701
90917290014,90917290034,20,1031,2240
90920110613,90920110611,-2,1053,1471
90922713582,90922713602,20,429,1130
90923509839,90923509837,-2,917,1611
90926952794,90926952792,-2,1274,1709
90927468504,90927468522,18,1146,2241
90928701307,90928701306,-1,1689,2681
90934822566,90934822562,-4,1303,3038
90935291386,90935291386,0,1434,1527
90937709149,90937709144,-5,1516,2567
90944771182,90944771182,0,1004,2132
90958325909,90958325905,-4,1218,1767
90960711651,90960711648,-3,1142,2355
90964391141,90964391138,-3,1420,1729
90965108658,90965108657,-1,1027,1766
90965379515,90965379514,-1,1539,2325
90968780113,90968780110,-3,1121,2134
90972113679,90972113676,-3,1014,2285
90975069275,90975069273,-2,1487,2365
90975791790,90975791789,-1,1850,1975
90979070481,90979070476,-5,1421,2238
90980733371,90980733366,-5,1103,2385
90986402614,90986402613,-1,1052,1731
90990448437,90990448432,-5,19816,54991
90993727519,90993727517,-2,1055,2461
90995639670,90995639669,-1,1611,1705
90997996000,90997995986,-14,241,815
91001869495,91001869493,-2,1402,2307
91003272795,91003272794,-1,814,1926
91004778051,91004778049,-2,1519,2976
91010553507,91010553503,-4,993,2535
91010921294,91010921290,-4,999,2463
91014735973,91014735970,-3,1075,2548
91021172807,91021172805,-2,1087,1453
91029239427,91029239427,0,885,807
91033072563,91033072561,-2,704,2131
91037520446,91037520444,-2,1393,3373
91038393205,91038393202,-3,879,1379
91044580593,91044580590,-3,1051,2639
91044816120,91044816117,-3,933,1768
91056319557,91056319555,-2,1419,2457
91062022662,91062022662,0,811,1534
91063884873,91063884870,-3,439,728
91067759046,91067759043,-3,998,1477
91071325273,91071325274,1,1080,1412
91071944255,91071944254,-1,1124,2233
91077430310,91077430309,-1,1177,2124
91079714375,91079714374,-1,2466,4258
91080497867,91080497865,-2,958,2465
91080723146,91080723151,5,4212,1930
91081759274,91081759273,-1,1444,2044
91083607926,91083607925,-1,999,2627
91090730459,91090730459,0,1112,2222
91091851557,91091851554,-3,1100,1510
91094021079,91094021077,-2,1549,2414
91101528518,91101528514,-4,783,2590
91104914814,91104914813,-1,1300,2359
91110184875,91110184874,-1,871,1449
91114530799,91114530796,-3,671,1805
91116528418,91116528414,-4,1191,1915
91122734474,91122734470,-4,795,1843
91123792893,91123792890,-3,879,2376
91123862616,91123862633,17,1250,2218
91129497445,91129497443,-2,931,1404
91131662106,91131662106,0,1218,2640
91132526823,91132526823,0,1110,1760
91132631968,91132631965,-3,1107,1579
91138078569,91138078568,-1,2651,3548
91141913766,91141913762,-4,797,2217
91142943538,91142943536,-2,899,1477
91146015036,91146015033,-3,1651,2405
91147556559,91147556557,-2,944,2612
91150043178,91150043162,-16,962,1851
91156108741,91156108737,-4,1591,3176
91156222420,91156222417,-3,1449,2059
91156960802,91156960799,-3,1042,1815
91164027311,91164027300,-11,5377,15403
91165987213,91165987211,-2,722,2390
91175421368,91175421363,-5,753,1738
91177986203,91177986198,-5,1163,2281
91178801942,91178801937,-5,819,2343
91181288543,91181288541,-2,1080,2034
91185661065,91185661063,-2,1221,2188
91186980619,91186980617,-2,882,2382
91191015654,91191015652,-2,1057,2403
91191856462,91191856461,-1,1169,1821
91200230309,91200230306,-3,1145,2832
91204263123,91204263126,3,1941,1719
91213368295,91213368292,-3,1081,2425
91213882264,91213882260,-4,1258,2818
91217075074,91217075071,-3,1007,1509
91217511751,91217511769,18,1439,3138
91217682300,91217682297,-3,1754,2779
91218774547,91218774546,-1,1260,1813
91224473214,91224473210,-4,1127,2791
91225997266,91225997278,12,251,867
91226652811,91226652792,-19,1406,1110
91227417889,91227417887,-2,1078,1851
91234394756,91234394755,-1,1311,2373
91239250777,91239250775,-2,1329,1989
91245551026,91245551022,-4,1173,1363
91248776994,91248776998,4,2098,1551
91249874846,91249874842,-4,1136,2486
91251707099,91251707099,0,1552,2216
91252965540,91252965537,-3,875,2916
91255502620,91255502624,4,2171,1823
91258976834,91258976832,-2,1057,2260
91259559549,91259559542,-7,296,876
91266700615,91266700614,-1,806,1799
91266777779,91266777783,4,1368,1203
91274288328,91274288325,-3,1280,3087
91277200475,91277200473,-2,1746,2892
91280160716,91280160715,-1,1770,2875
91281235091,91281235088,-3,1732,2189
91285828125,91285828123,-2,1038,1816
91286356486,91286356483,-3,1243,2017
91287694725,91287694730,5,1892,1171
91289039558,91289039558,0,1227,1798
91291217131,91291217129,-2,1189,2818
91293233166,91293233163,-3,622,1742
91294279028,91294279022,-6,1079,1784
91297376065,91297376062,-3,1175,1882
91299714850,91299714854,4,4849,3653
91300148807,91300148803,-4,962,2297
91302198271,91302198272,1,3270,3624
91306097472,91306097469,-3,1340,1914
91306273126,91306273125,-1,208,1084
91310660322,91310660326,4,1945,1575
91312165362,91312165358,-4,1599,3098
91312772342,91312772343,1,764,1001
91314988927,91314988925,-2,922,1579
91317167570,91317167565,-5,1053,3913
91319798077,91319798074,-3,1250,2754
91320200196,91320200178,-18,215,631
91320797747,91320797746,-1,790,2115
91322229023,91322229018,-5,988,1880
91323029074,91323029071,-3,939,2427
91323839869,91323839866,-3,1271,2914
91324037459,91324037456,-3,1478,2540
91326824926,91326824922,-4,1082,1788
91329169272,91329169272,0,1714,1852
91341954406,91341954405,-1,884,2039
91350663694,91350663692,-2,1462,2589
91352163601,91352163597,-4,1338,1895
91353604445,91353604441,-4,733,1838
91354090755,91354090754,-1,1037,2588
91361344947,91361344944,-3,1196,2354
91368323130,91368323130,0,891,1694
91371658861,91371658871,10,211,1065
91372469570,91372469566,-4,1483,3253
91385648154,91385648158,4,2918,1196
91388198395,91388198395,0,1170,1830
91392489510,91392489506,-4,1470,2944
91394867199,91394867198,-1,1532,2267
91395742198,91395742195,-3,1307,2774
91396881358,91396881358,0,1285,1701
91400585983,91400585980,-3,844,1642
91408658751,91408658750,-1,645,819
91411426954,91411426950,-4,1000,2285
91412890195,91412890192,-3,1003,1871
91417537296,91417537293,-3,1362,2565
91418924698,91418924701,3,1546,2183
91424356055,91424356052,-3,895,2346
91426277291,91426277291,0,1172,1594
91426804638,91426804633,-5,23602,12534
91428664410,91428664409,-1,1382,2396
91428989928,91428989925,-3,920,1937
91430774217,91430774215,-2,1440,2935
91433235194,91433235194,0,2958,4423
91433711973,91433711970,-3,1190,1801
91435260910,91435260911,1,789,206
91437076216,91437076209,-7,1591,4822
91438011087,91438011085,-2,917,2581
91438890275,91438890270,-5,1152,4246
91441575778,91441575774,-4,1248,2274
91442052446,91442052441,-5,1351,2621
91445503754,91445503752,-2,1124,2020
91449104377,91449104378,1,2749,2652
91451283485,91451283482,-3,998,2211
91451682096,91451682094,-2,785,2209
91451897793,91451897793,0,2061,2532
91452899261,91452899259,-2,893,1928
91456317937,91456317934,-3,1489,2556
91460909604,91460909608,4,2435,1496
91462997225,91462997231,6,2043,944
91465471732,91465471749,17,157,671
91466031577,91466031576,-1,1161,2286
91468710423,91468710420,-3,877,2220
91474731299,91474731297,-2,797,1101
91479574881,91479574879,-2,820,1199
91488560590,91488560584,-6,758,1680
91489561179,91489561184,5,1861,1206
91493782217,91493782214,-3,1114,2403
91495202311,91495202310,-1,869,2079
91496512058,91496512056,-2,1026,2627
91498520690,91498520686,-4,955,1769
91506320502,91506320499,-3,1000,3165
91511008222,91511008217,-5,887,1888
91512312315,91512312313,-2,1228,2228
91515071168,91515071164,-4,1241,2322
91517873130,91517873127,-3,1219,1865
91518451207,91518451206,-1,1213,3408
91519418864,91519418866,2,1762,1684
91520860985,91520860992,7,15675,16386
91522151767,91522151782,15,853,1806
91522631459,91522631456,-3,1003,1787
91526505131,91526505130,-1,780,923
91527268031,91527268030,-1,874,1923
91527582454,91527582474,20,1223,2407
91530386050,91530386053,3,1393,737
91532580155,91532580154,-1,1363,1711
91537276474,91537276477,3,13247,11942
91538352735,91538352734,-1,1464,2319
91538993009,91538993016,7,4475,2396
91539775250,91539775246,-4,1252,1781
91545617470,91545617466,-4,1080,2713
91546719333,91546719330,-3,1343,2764
91551497617,91551497615,-2,1068,1976
91552299255,91552299254,-1,773,2398
91557355878,91557355875,-3,1091,2085
91558630715,91558630714,-1,1118,2168
91559121985,91559121982,-3,1555,2023
91560919011,91560919010,-1,892,2607
91563515426,91563515424,-2,1112,2696
91570872613,91570872623,10,13159,24283
91574652315,91574652312,-3,4272,9975
91574841848,91574841849,1,838,1292
91575196926,91575196938,12,426,989
91575802870,91575802869,-1,1351,2357
91586484466,91586484464,-2,1275,3360
91590153767,91590153762,-5,984,1960
91591999337,91591999336,-1,1380,2139
91598161735,91598161732,-3,1104,1852
91598834516,91598834512,-4,1516,3103
91602712335,91602712331,-4,900,2031
91604193602,91604193601,-1,2029,2041
91604984798,91604984799,1,930,1737
91605463414,91605463411,-3,1631,2301
91607127694,91607127691,-3,995,2637
91608503229,91608503226,-3,1051,1743
91610681194,91610681194,0,792,1941
91610908303,91610908298,-5,1176,2016
91612028567,91612028566,-1,1001,2706
91618241354,91618241351,-3,1104,2308
91619212941,91619212939,-2,1158,2479
91621319820,91621319816,-4,767,1554
91626127982,91626127981,-1,1031,2484
91627530487,91627530485,-2,720,2275
91628545296,91628545302,6,2889,1752
91629687517,91629687514,-3,1707,2023
91630845908,91630845906,-2,1392,2378
91633489239,91633489236,-3,736,1994
91634311074,91634311070,-4,1163,3279
91635129145,91635129147,2,2183,2358
91635404559,91635404554,-5,944,2539
91638711765,91638711755,-10,28568,15222
91638863224,91638863223,-1,804,1638
91640194985,91640194986,1,974,1366
91644720008,91644720008,0,608,1177
91647117295,91647117294,-1,1114,1299
91651852944,91651852942,-2,1389,2089
91651939514,91651939511,-3,1522,2709
91656083351,91656083349,-2,1030,1795
91656981071,91656981070,-1,830,1639
91659802162,91659802160,-2,895,2744
91661059519,91661059517,-2,951,2163
91661905992,91661905989,-3,815,1175
91663784536,91663784536,0,1723,2021
91669358278,91669358274,-4,896,3037
91670251971,91670251969,-2,1206,2667
91673020219,91673020210,-9,992,2147
91675367513,91675367510,-3,1070,2056
91678230025,91678230021,-4,1282,1647
91678342867,91678342862,-5,1091,3291
91683046148,91683046146,-2,1174,2948
91684208562,91684208554,-8,732,2808
91685424072,91685424078,6,4566,2924
91685636369,91685636366,-3,961,1640
91686470986,91686470986,0,1174,2101
91690426144,91690426141,-3,990,2214
91691848721,91691848718,-3,1183,1951
91694244457,91694244455,-2,830,1734
91696803222,91696803219,-3,1101,2468
91699341767,91699341766,-1,1325,2593
91700149558,91700149554,-4,930,3060
91701469454,91701469453,-1,1272,1964
91702825242,91702825241,-1,1045,1339
91710467913,91710467910,-3,1205,1906
91713049595,91713049593,-2,1259,2393
91713908912,91713908929,17,914,1916
91716353521,91716353518,-3,1434,2773
91717659925,91717659921,-4,1144,1462
91720552531,91720552529,-2,1187,2422
91721625756,91721625766,10,6590,39013
91722619154,91722619153,-1,1399,2291
91723366900,91723366897,-3,1086,2874
91724018825,91724018823,-2,1172,1542
91724397278,91724397298,20,1001,2182
91729023027,91729023034,7,1999,817
91730285313,91730285310,-3,1357,2756
91730354699,91730354697,-2,834,1923
91733611768,91733611765,-3,1114,1328
91735750674,91735750674,0,1579,2358
91736471546,91736471545,-1,1362,3265
91738590373,91738590371,-2,1552,1342
91739134695,91739134693,-2,776,1476
91739632239,91739632234,-5,797,1694
91741963494,91741963491,-3,1034,2545
91746282798,91746282795,-3,956,2471
91753762914,91753762911,-3,1029,854
91754789742,91754789742,0,1577,1990
91755288696,91755288697,1,47436,29461
91758443499,91758443498,-1,1078,2508
91759260355,91759260352,-3,1281,2309
91763743841,91763743847,6,1820,1141
91764492966,91764492966,0,1174,1576
91765189650,91765189647,-3,1358,2537
91766994167,91766994166,-1,881,1157
91782789551,91782789548,-3,1128,2030
91782972675,91782972673,-2,1101,2449
91783208611,91783208608,-3,1397,3050
91787333870,91787333868,-2,1191,2963
91787553254,91787553251,-3,1109,3102
91788531436,91788531430,-6,904,3014
91788923730,91788923727,-3,1055,1310
91790066614,91790066611,-3,1023,1571
91790910802,91790910800,-2,846,1555
91795403398,91795403398,0,1247,2260
91795843005,91795843003,-2,1197,1972
91795902762,91795902760,-2,1059,2297
91801888005,91801888003,-2,936,1887
91802623314,91802623312,-2,1480,1965
91805949474,91805949471,-3,2278,4061
91810759841,91810759839,-2,1389,2347
91811168883,91811168871,-12,785,153
91814167381,91814167377,-4,1838,10780
91814850098,91814850097,-1,1672,3278
91817428183,91817428181,-2,772,1733
91818619329,91818619323,-6,1585,7412
91827755302,91827755296,-6,431,1958
91830577743,91830577740,-3,1078,2289
91833589590,91833589586,-4,1302,2811
91834852483,91834852480,-3,1366,1896
91844011538,91844011551,13,2572,857
91844491516,91844491506,-10,623,1243
91844858930,91844858929,-1,1050,1698
91849003143,91849003142,-1,828,2098
91852730323,91852730321,-2,1221,2170
91853846735,91853846734,-1,665,1586
91856508853,91856508850,-3,1129,1739
91858559391,91858559389,-2,1083,2789
91863258580,91863258577,-3,1005,1409
91865722564,91865722570,6,4984,2109
91871202486,91871202482,-4,1051,2516
91873359296,91873359315,19,784,1452
91874039617,91874039610,-7,983,2182
91880863546,91880863549,3,2310,772
91882078703,91882078710,7,930,1477
91889923757,91889923755,-2,1622,3935
91890406914,91890406918,4,7329,5848
91891039503,91891039498,-5,762,2490
91891987907,91891987904,-3,1205,1589
91897757557,91897757554,-3,968,1856
91899215671,91899215671,0,1505,2604
91900836543,91900836541,-2,1161,3056
91901321060,91901321055,-5,1425,2242
91902229920,91902229938,18,64,1109
91908770794,91908770790,-4,1355,2668
91910641310,91910641307,-3,1154,2415
91918793711,91918793709,-2,910,2104
91920472385,91920472383,-2,994,1609
91922886301,91922886303,2,1948,1424
91924794866,91924794863,-3,1604,1954
91926356360,91926356356,-4,1290,1925
91928219646,91928219644,-2,699,1362
91929861010,91929861007,-3,715,2464
91934514985,91934514980,-5,1178,3443
91935740802,91935740797,-5,1057,1330
91938948097,91938948094,-3,31207,61759
91940838817,91940838821,4,1795,1158
91943174708,91943174707,-1,1066,1681
91950584723,91950584711,-12,278,633
91952111366,91952111364,-2,1063,1831
91958725535,91958725533,-2,818,1552
91959152873,91959152870,-3,806,2479
91962008134,91962008133,-1,1259,1894
91967048215,91967048226,11,1252,2036
91972509453,91972509450,-3,1337,2803
91974045383,91974045378,-5,1089,2328
91975751085,91975751106,21,541,1995
91981395632,91981395635,3,2192,1144
91981445294,91981445291,-3,1878,3214
91987062246,91987062243,-3,1120,1983
91991556998,91991556995,-3,623,1487
91994208078,91994208085,7,4393,1771
91995757407,91995757404,-3,576,1398
91996755892,91996755885,-7,996,6553
91996992615,91996992614,-1,948,1970
91997295902,91997295897,-5,907,2510
92000773946,92000773945,-1,842,2511
92002806048,92002806042,-6,946,2485
92003211948,92003211946,-2,1198,1898
92004843586,92004843585,-1,1159,2801
92010812610,92010812609,-1,1162,1274
92014409879,92014409878,-1,884,1324
92015526838,92015526836,-2,1081,1893
92017793675,92017793683,8,1647,994
92018274230,92018274230,0,728,1403
92019402142,92019402138,-4,1309,2191
92019595217,92019595220,3,1100,1189
92028621488,92028621485,-3,1549,2544
92029314103,92029314122,19,918,2690
92029431024,92029431026,2,1733,1818
92030086402,92030086400,-2,756,1603
92033549589,92033549587,-2,786,1637
92034171555,92034171553,-2,1514,2440
92034494547,92034494545,-2,1086,2725
92037030017,92037030012,-5,890,2979
92038076261,92038076259,-2,604,1827
92038917274,92038917275,1,1495,1097
92039631841,92039631846,5,1599,972
92050977850,92050977849,-1,1306,2123
92054241846,92054241842,-4,1708,3028
92055279870,92055279865,-5,1067,2549
92056757620,92056757611,-9,1006,2239
92058224989,92058224982,-7,823,1293
92060749374,92060749379,5,1209,997
92065200342,92065200338,-4,1626,2489
92067079890,92067079887,-3,1134,2104
92067321160,92067321154,-6,1757,6167
92068430663,92068430662,-1,1397,1753
92071580318,92071580316,-2,1683,2801
92071975199,92071975196,-3,1344,1986
92082199255,92082199250,-5,981,2093
92089772183,92089772181,-2,1375,2074
92089839980,92089839978,-2,1524,1652
92089917592,92089917590,-2,992,1709
92091424976,92091424973,-3,1046,2550
92092727194,92092727193,-1,1096,1818
92094429631,92094429630,-1,1041,2478
92095092813,92095092811,-2,1621,1707
92105372382,92105372378,-4,956,2911
92106399822,92106399818,-4,724,1889
92109448479,92109448478,-1,1040,2746
92109958414,92109958413,-1,1554,2645
92114897658,92114897651,-7,1422,5356
92115316723,92115316708,-15,663,187
92116274389,92116274383,-6,917,2038
92116403174,92116403173,-1,1028,2251
92122297054,92122297060,6,4495,1622
92124389060,92124389044,-16,1322,2000
92130959682,92130959679,-3,1174,3037
92137391567,92137391565,-2,1238,2413
92152508798,92152508796,-2,1199,1772
92155710274,92155710271,-3,914,1460
92156611433,92156611432,-1,1072,1864
92158363008,92158363003,-5,1094,2355
92159120417,92159120418,1,1023,1056
92160685663,92160685662,-1,1427,2334
92161399334,92161399332,-2,784,1553
92162437924,92162437921,-3,1315,2940
92166885793,92166885790,-3,980,1905
92170852686,92170852682,-4,1406,4314
92177640806,92177640810,4,1407,1262
92178816998,92178816998,0,1127,1948
92179017991,92179017986,-5,866,3315
92189658099,92189658097,-2,1297,1824
92195238470,92195238468,-2,1012,1748
92196951591,92196951589,-2,875,2511
92198009424,92198009422,-2,778,2183
92199118821,92199118820,-1,993,1333
92199693206,92199693205,-1,1155,1707
92200254636,92200254622,-14,1552,2993
92204815246,92204815242,-4,875,2033
92206827026,92206827021,-5,1135,2435
92207432661,92207432660,-1,963,1770
92209164350,92209164350,0,1094,1698
92214456994,92214456989,-5,1091,1462
92216041637,92216041635,-2,1006,2249
92218521927,92218521925,-2,848,1648
92220386999,92220386998,-1,518,1983
92222182186,92222182184,-2,915,1764
92222893609,92222893615,6,3539,2073
92226766783,92226766781,-2,985,2093
92228040772,92228040770,-2,1191,2007
92229398263,92229398263,0,1063,1467
92234025618,92234025612,-6,1341,2461
92235213002,92235212998,-4,1129,2170
92237905174,92237905174,0,1198,2520
92243066469,92243066485,16,431,1065
92243389362,92243389360,-2,1017,1817
92244217446,92244217445,-1,1073,2178
92247229400,92247229395,-5,1275,2424
92247645150,92247645149,-1,943,1508
92249398115,92249398114,-1,818,1567
92251173387,92251173381,-6,1408,3051
92263670059,92263670057,-2,5696,10627
92265554102,92265554101,-1,948,1904
92266205014,92266205014,0,677,2515
92266749450,92266749449,-1,998,2389
92268707053,92268707054,1,1048,1368
92272513218,92272513215,-3,1060,1856
92277350235,92277350231,-4,946,1282
92278359435,92278359430,-5,1079,2257
92281831678,92281831682,4,2642,1493
92282825966,92282825964,-2,909,2016
92288246526,92288246523,-3,1336,2275
92288335471,92288335469,-2,708,2039
92294760358,92294760355,-3,1103,2104
92296071426,92296071426,0,946,1099
92302845060,92302845058,-2,1530,2192
92304789419,92304789418,-1,994,2249
92307952755,92307952751,-4,836,1931
92315324926,92315324922,-4,1135,2145
92316182747,92316182743,-4,1092,2070
92320210878,92320210883,5,3224,2363
92328364455,92328364450,-5,1280,2283
92333583206,92333583205,-1,1017,1974
92336507548,92336507546,-2,892,1626
92337391322,92337391319,-3,1248,2256
92337838923,92337838920,-3,1187,2612
92340703742,92340703738,-4,1217,2671
92342121843,92342121841,-2,883,1991
92343223909,92343223906,-3,1010,1297
92343666980,92343666978,-2,912,1645
92344422959,92344422976,17,470,1615
92345808564,92345808561,-3,1843,3309
92346381008,92346381006,-2,1049,1843
92346692644,92346692664,20,824,2306
92354660430,92354660429,-1,904,1759
92357359529,92357359528,-1,740,2068
92359884137,92359884134,-3,1076,2209
92359968494,92359968474,-20,214,2084
92360259830,92360259826,-4,811,2333
92364990717,92364990714,-3,1295,2146
92365064134,92365064153,19,217,1015
92365736783,92365736781,-2,1171,2077
92366628674,92366628672,-2,2363,3932
92368156322,92368156320,-2,1352,2628
92371626554,92371626549,-5,1026,1453
92371994063,92371994044,-19,1136,1826
92372673251,92372673250,-1,1383,1615
92374577564,92374577562,-2,1328,2597
92374826823,92374826821,-2,984,2478
92379322447,92379322443,-4,3089,5828
92379775798,92379775794,-4,1227,2990
92381779487,92381779489,2,1320,1081
92385699022,92385699021,-1,1273,1870
92387623145,92387623150,5,1031,927
92388694775,92388694795,20,1628,2641
92389480924,92389480922,-2,1049,1353
92389775883,92389775881,-2,1032,2865
92389904656,92389904653,-3,903,1764
92395349359,92395349359,0,761,1409
92395760250,92395760250,0,1182,1458
92395933442,92395933446,4,2452,1649
92399220686,92399220685,-1,1085,1969
92401865042,92401865040,-2,1028,2263
92406985749,92406985748,-1,1031,2887
92407639066,92407639066,0,1207,1412
92408379478,92408379476,-2,1418,3239
92408671414,92408671410,-4,1138,3100
92411813854,92411813852,-2,851,1783
92413349888,92413349901,13,890,1890
92415693998,92415694002,4,2727,1584
92418963645,92418963643,-2,1301,865
92427794925,92427794925,0,1026,2648
92429638619,92429638617,-2,1005,2305
92433333182,92433333186,4,1437,1018
92433904259,92433904257,-2,1276,3099
92434861215,92434861213,-2,1205,2656
92437556666,92437556666,0,856,2032
92438165451,92438165449,-2,1170,2331
92439924018,92439924017,-1,1331,2357
92441085744,92441085743,-1,1475,2177
92449902210,92449902206,-4,1028,1701
92458188678,92458188676,-2,1468,2807
92458660088,92458660085,-3,1193,2981
92463638259,92463638254,-5,883,2006
92463969297,92463969308,11,9774,45467
92468154068,92468154075,7,4476,2098
92468630422,92468630418,-4,947,2771
92469061675,92469061670,-5,1237,3174
92471168908,92471168906,-2,914,2007
92479923610,92479923607,-3,1745,2900
92482182570,92482182570,0,1050,1762
92485912476,92485912474,-2,1525,2218
92490952674,92490952673,-1,1050,1758
92491137656,92491137649,-7,1351,8178
92492482473,92492482470,-3,1136,1849
92493604357,92493604358,1,1771,1836
92493987506,92493987505,-1,1003,1431
92495601945,92495601942,-3,967,2013
92498735225,92498735232,7,12764,29301
92502283553,92502283550,-3,1450,2236
92502974947,92502974945,-2,1378,2567
92505013459,92505013456,-3,1120,2266
92505308501,92505308497,-4,882,1536
92505888233,92505888229,-4,1256,1869
92507123221,92507123219,-2,1309,1533
92509231990,92509231987,-3,1604,2231
92512488189,92512488185,-4,1030,1458
92513095652,92513095649,-3,1061,2202
92513901221,92513901218,-3,1317,1963
92519080586,92519080583,-3,868,1268
92519233711,92519233709,-2,1207,2549
92520036017,92520036011,-6,1230,2163
92521076236,92521076236,0,1414,2202
92522371626,92522371622,-4,439,1715
92523782719,92523782719,0,756,1159
92523984295,92523984283,-12,1211,2706
92527398429,92527398426,-3,1867,2432
92528537689,92528537690,1,3468,3248
92530778260,92530778258,-2,947,1928
92531468486,92531468485,-1,1045,2492
92534880157,92534880156,-1,459,1885
92538413043,92538413038,-5,886,2870
92542540964,92542540961,-3,1440,2398
92543685465,92543685462,-3,923,2590
92544105343,92544105349,6,5218,2547
92546770665,92546770664,-1,1062,1571
92550735194,92550735190,-4,857,2442
92552855786,92552855783,-3,1102,2691
92554577475,92554577473,-2,1076,2299
92554740273,92554740270,-3,596,1852
92556808003,92556808000,-3,544,1420
92571891016,92571891012,-4,973,2347
92574094460,92574094458,-2,846,1434
92575299065,92575299073,8,11816,28978
92575795526,92575795525,-1,1122,2098
92577892507,92577892510,3,23947,24532
92585357215,92585357217,2,1563,1648
92586134887,92586134882,-5,922,2606
92586475737,92586475733,-4,1332,3031
92589630691,92589630687,-4,875,1442
92590077060,92590077083,23,439,1080
92592319635,92592319630,-5,923,1747
92598761973,92598761971,-2,1572,2906
92602306012,92602306008,-4,649,1593
92602481286,92602481282,-4,150,1264
92603859375,92603859374,-1,1228,2479
92607046485,92607046484,-1,1657,2140
92608260585,92608260583,-2,1192,2048
92609016250,92609016247,-3,1575,2582
92615927431,92615927428,-3,1146,2663
92616036911,92616036907,-4,1559,2841
92616485802,92616485801,-1,807,2313
92617066582,92617066586,4,1941,1602
92619357541,92619357546,5,1753,967
92620351465,92620351463,-2,1093,2917
92625227683,92625227677,-6,660,1322
92627743507,92627743507,0,852,1664
92630278177,92630278174,-3,916,2356
92633036280,92633036276,-4,951,2518
92637415533,92637415536,3,3990,2528
92637906824,92637906822,-2,1590,2194
92639390370,92639390369,-1,1495,3311
92644642356,92644642354,-2,899,1937
92645184614,92645184613,-1,1149,2253
92647254751,92647254747,-4,1452,2622
92651689827,92651689826,-1,1011,1355
92654809619,92654809618,-1,1125,1834
92658579201,92658579199,-2,1403,1465
92659443178,92659443182,4,676,987
92664769597,92664769597,0,1254,2010
92665799376,92665799374,-2,1243,2092
92669998695,92669998702,7,2817,1191
92670671836,92670671833,-3,1087,2626
92671635326,92671635323,-3,1038,1782
92675798463,92675798461,-2,919,2838
92678197999,92678197977,-22,236,532
92680752783,92680752782,-1,1292,1708
92682296271,92682296267,-4,1344,3432
92686603797,92686603793,-4,912,2059
92688437428,92688437426,-2,978,2001
92688637050,92688637046,-4,1537,3297
92694877941,92694877935,-6,821,1886
92696983549,92696983547,-2,1028,1975
92698650558,92698650556,-2,1191,2032
92699486921,92699486922,1,1466,1885
92701162819,92701162818,-1,486,1477
92702302031,92702302028,-3,886,1574
92707143577,92707143574,-3,1049,1429
92710564263,92710564261,-2,1356,2669
92726766363,92726766361,-2,940,2148
92729528530,92729528529,-1,1002,1588
92733868498,92733868494,-4,1618,2636
92735511652,92735511647,-5,901,2742
92736093115,92736093115,0,1159,2132
92742507414,92742507420,6,4624,1623
92748003945,92748003947,2,1347,1269
92763188130,92763188129,-1,1160,3076
92765832465,92765832461,-4,1249,2980
92766842326,92766842322,-4,1073,2820
92768220000,92768219997,-3,1364,2103
92768578389,92768578380,-9,714,2207
92770032286,92770032285,-1,1294,2590
92771661051,92771661037,-14,32708,16324
92777048831,92777048828,-3,1276,2156
92779074997,92779075010,13,14410,5046
92780739505,92780739504,-1,1195,2353
92782054874,92782054872,-2,1738,2715
92784018702,92784018702,0,1006,1780
92788962622,92788962620,-2,858,2066
92791460009,92791460008,-1,1580,1475
92795934387,92795934382,-5,817,2449
92797533665,92797533686,21,337,763
92798490391,92798490387,-4,1323,1797
92802024508,92802024505,-3,782,2208
92805678259,92805678256,-3,1083,1941
92806309437,92806309433,-4,819,2585
92807246386,92807246383,-3,1066,2013
92807731903,92807731901,-2,1261,2261
92811122267,92811122265,-2,1514,2434
92814806550,92814806549,-1,1356,1914
92815794447,92815794446,-1,888,1922
92817932235,92817932230,-5,1595,6281
92818520589,92818520577,-12,1312,2423
92820649090,92820649090,0,683,916
92824249778,92824249772,-6,1141,2525
92833368616,92833368615,-1,1068,1834
92835631866,92835631859,-7,1001,2471
92837514770,92837514771,1,4730,48681
92838571180,92838571181,1,1043,1844
92839297578,92839297575,-3,1312,2309
92840530471,92840530469,-2,815,1796
92841079443,92841079438,-5,877,1232
92842545321,92842545317,-4,1349,3233
92844503943,92844503940,-3,818,1862
92845746036,92845746033,-3,985,1579
92850500287,92850500285,-2,1095,2342
92854133720,92854133716,-4,872,2023
92856971477,92856971473,-4,1099,2908
92857851181,92857851177,-4,948,2189
92860556471,92860556467,-4,860,2504
92863462903,92863462898,-5,1258,2237
92865706635,92865706630,-5,778,2762
92868882067,92868882066,-1,1111,2370
92868916885,92868916906,21,1049,2463
92874349990,92874349988,-2,1002,2259
92876275797,92876275795,-2,1635,3495
92880899414,92880899412,-2,1025,2551
92882421796,92882421795,-1,1152,2008
92885402737,92885402733,-4,1901,8082
92885909707,92885909686,-21,2574,1034
92886018506,92886018505,-1,787,2233
92886203085,92886203068,-17,1248,2011
92886454593,92886454592,-1,1117,1823
92886649268,92886649266,-2,595,1596
92887569107,92887569117,10,982,1352
92889228636,92889228633,-3,1275,3123
92893090162,92893090163,1,1108,1016
92906332228,92906332226,-2,1400,1916
92907884511,92907884506,-5,1301,3171
92909793250,92909793249,-1,1325,1324
92913694891,92913694889,-2,973,2194
92915639338,92915639337,-1,1411,1647
92916063052,92916063061,9,270,933
92917727283,92917727281,-2,1648,2026
92918737215,92918737212,-3,1140,2417
92919299711,92919299710,-1,1363,1761
92924201955,92924201952,-3,795,2008
92924942378,92924942365,-13,1453,1825
92926247563,92926247554,-9,6535,28108
92926873504,92926873501,-3,1076,2290
92928928696,92928928698,2,1671,1787
92933956248,92933956245,-3,920,1342
92934343919,92934343912,-7,1161,2054
92937770743,92937770741,-2,804,1645
92944706845,92944706841,-4,1134,2043
92948073002,92948072998,-4,579,2467
92949855018,92949855017,-1,893,2185
92952654565,92952654562,-3,1813,3454
92954283234,92954283230,-4,961,2548
92955929038,92955929036,-2,1390,2338
92955991319,92955991317,-2,948,3153
92958084546,92958084547,1,1135,1996
92959140866,92959140866,0,893,1636
92963254990,92963254979,-11,14556,25154
92964492387,92964492391,4,2055,1146
92967935023,92967935020,-3,1221,2905
92969062649,92969062646,-3,1324,2060
92969121999,92969122018,19,719,1506
92969595110,92969595108,-2,798,1914
92972327194,92972327192,-2,1380,2471
92973905538,92973905536,-2,1179,1758
92978565690,92978565686,-4,1067,1998
92978597772,92978597766,-6,928,2420
92978734934,92978734932,-2,1298,1887
92979410362,92979410362,0,1089,1866
92981950427,92981950423,-4,803,2675
92983485375,92983485373,-2,1077,1882
92988280942,92988280938,-4,1124,2065
92988966596,92988966614,18,377,1120
92996575119,92996575116,-3,895,2666
92999360774,92999360771,-3,4068,6432
93003262955,93003262954,-1,1849,3130
93003899462,93003899460,-2,1442,1628
93013747785,93013747785,0,1547,1562
93016666091,93016666090,-1,1292,2069
93022430684,93022430684,0,1390,2476
93025617211,93025617209,-2,904,2281
93026889927,93026889930,3,1571,1325
93027830041,93027830039,-2,1291,2087
93028803774,93028803770,-4,1899,2881
93030852701,93030852698,-3,973,1916
93032704383,93032704379,-4,721,1509
93039312878,93039312873,-5,22765,23485
93045820211,93045820210,-1,849,1897
93046991827,93046991825,-2,785,2079
93051139623,93051139619,-4,970,2386
93058972438,93058972433,-5,1381,3302
93069327850,93069327848,-2,1338,2110
93073774643,93073774641,-2,839,2460
93074011844,93074011841,-3,1805,2574
93076174137,93076174134,-3,1196,2040
93078039214,93078039210,-4,1495,2486
93079589986,93079589982,-4,867,2139
93080238737,93080238732,-5,1274,3592
93082138093,93082138090,-3,1563,2910
93084550579,93084550574,-5,633,2331
93088740714,93088740711,-3,704,2069
93092533630,93092533627,-3,1461,1415
93094136403,93094136401,-2,1411,4214
93097276630,93097276629,-1,1084,2410
93101543667,93101543664,-3,1075,2505
93102196839,93102196835,-4,693,2613
93103422549,93103422542,-7,592,3312
93103734002,93103733999,-3,569,1852
93104511142,93104511138,-4,1273,2456
93107470776,93107470774,-2,1532,2524
93107692460,93107692454,-6,1082,3500
93110755000,93110754998,-2,1413,2363
93118613838,93118613833,-5,1389,2902
93119270394,93119270398,4,913,721
93119420773,93119420771,-2,1050,1556
93120448641,93120448639,-2,1180,1988
93120540054,93120540071,17,288,881
93128894239,93128894234,-5,716,1436
93130403620,93130403617,-3,1361,2651
93131040704,93131040698,-6,1340,4186
93138267142,93138267137,-5,908,1764
93141012377,93141012376,-1,1161,2132
93141433935,93141433952,17,1214,2070
93144065575,93144065574,-1,773,1456
93148411973,93148411973,0,1302,2433
93149824785,93149824782,-3,926,2271
93150302933,93150302930,-3,1467,2071
93152136797,93152136794,-3,1227,1693
93152953772,93152953770,-2,1686,2979
93154458690,93154458686,-4,1220,2145
93155882820,93155882802,-18,957,1583
93160399719,93160399713,-6,1021,1791
93162354190,93162354189,-1,922,2349
93164374138,93164374135,-3,1503,2174
93166000382,93166000379,-3,1288,3067
93166231627,93166231625,-2,1479,2779
93170384681,93170384676,-5,961,2694
93170459578,93170459575,-3,791,1886
93171611811,93171611806,-5,1155,1832
93172061975,93172061995,20,578,1655
93172508846,93172508843,-3,1685,2625
93174359074,93174359073,-1,629,2489
93175319540,93175319539,-1,1626,1889
93176833174,93176833173,-1,1274,2569
93180318323,93180318319,-4,1301,2504
93181050671,93181050667,-4,1299,2054
93181176694,93181176715,21,877,2096
93183696302,93183696300,-2,875,2867
93186046165,93186046162,-3,1442,2206
93191244259,93191244258,-1,1169,2589
93193175527,93193175521,-6,1094,2184
93194441395,93194441393,-2,1412,3454
93204801615,93204801612,-3,851,1857
93206128745,93206128739,-6,1254,3017
93207081762,93207081758,-4,1263,2127
93208376398,93208376398,0,1104,2093
93209081062,93209081067,5,2229,1623
93213546543,93213546542,-1,833,1755
93213595774,93213595771,-3,1431,2126
93213846262,93213846246,-16,533,1255
93215095183,93215095181,-2,1283,2648
93216700062,93216700060,-2,1245,2033
93219447245,93219447242,-3,950,1932
93219907405,93219907402,-3,918,2408
93220993191,93220993179,-12,776,1777
93221720413,93221720397,-16,1082,2286
93223739550,93223739546,-4,1343,1468
93224674257,93224674249,-8,1357,8196
93228926790,93228926788,-2,1330,1954
93228995118,93228995138,20,678,1610
93229969942,93229969938,-4,1194,2353
93230591383,93230591381,-2,1595,2478
93231524850,93231524849,-1,1012,1920
93233303239,93233303239,0,1172,2442
93233866985,93233866984,-1,937,1446
93234198635,93234198633,-2,792,1755
93236642534,93236642530,-4,1246,2614
93237427349,93237427348,-1,1435,2528
93242599243,93242599242,-1,1238,2197
93243312023,93243312020,-3,1093,1164
93243385434,93243385430,-4,1639,3272
93249677733,93249677733,0,1665,1613
93252739398,93252739394,-4,952,2022
93256161299,93256161295,-4,1329,2010
93261715163,93261715161,-2,1430,2784
93264417635,93264417631,-4,1047,1361
93268233361,93268233359,-2,1197,2007
93268260758,93268260756,-2,1241,2448
93270232134,93270232132,-2,907,2136
93270461433,93270461431,-2,1014,1814
93270935167,93270935153,-14,1244,1656
93274961014,93274961011,-3,1388,1993
93275009326,93275009328,2,751,1497
93276783008,93276783010,2,39201,31977
93277414830,93277414830,0,789,1405
93280073347,93280073363,16,763,1589
93281884148,93281884153,5,3251,1127
93282534225,93282534222,-3,790,2153
93283331589,93283331590,1,809,1347
93288416855,93288416850,-5,1076,2437
93288783939,93288783937,-2,1052,1512
93290231326,93290231327,1,964,1729
93290308731,93290308727,-4,1230,2500
93292598947,93292598945,-2,1220,2583
93293182231,93293182234,3,1312,1251
93294342499,93294342497,-2,869,1222
93295505573,93295505578,5,3663,2076
93296030497,93296030497,0,1196,1921
93296742314,93296742310,-4,979,3059
93298853499,93298853497,-2,816,2145
93299172075,93299172072,-3,600,1608
93301400490,93301400489,-1,1031,2956
93301669166,93301669182,16,1052,2251
93304584516,93304584513,-3,1139,1998
93306898234,93306898230,-4,820,2519
93309531799,93309531795,-4,1037,2235
93312694994,93312694991,-3,1238,2316
93317139666,93317139662,-4,837,1415
93320080814,93320080813,-1,738,1670
93322875215,93322875212,-3,1106,2747
93323217995,93323217990,-5,1233,2786
93330361198,93330361199,1,1678,3500
93332782809,93332782805,-4,1315,2467
93341474742,93341474739,-3,1108,2248
93342734765,93342734746,-19,1352,2102
93346931967,93346931966,-1,1164,1819
93347668266,93347668262,-4,948,1413
93349383733,93349383730,-3,882,2356
93352988639,93352988638,-1,1111,2366
93354234615,93354234611,-4,969,1430
93354753522,93354753520,-2,931,2315
93355461642,93355461639,-3,1453,1954
93357568402,93357568398,-4,1546,2855
93359007785,93359007791,6,2653,1642
93360886905,93360886902,-3,980,2136
93362246002,93362246002,0,1396,1937
93362650600,93362650598,-2,1198,2972
93364351318,93364351316,-2,1381,2496
93367437829,93367437826,-3,1136,1778
93368586803,93368586801,-2,1316,2010
93372407558,93372407565,7,3218,1361
93374567675,93374567674,-1,1092,2146
93374738035,93374738033,-2,875,1577
93379155803,93379155801,-2,960,1900
93379289995,93379289993,-2,1307,2562
93383657299,93383657297,-2,711,1808
93383767095,93383767090,-5,969,1809
93384847601,93384847599,-2,1506,2699
93388883674,93388883670,-4,1145,1954
93389015839,93389015821,-18,267,899
93393510570,93393510571,1,1421,2008
93394499183,93394499183,0,1332,2485
93395815798,93395815803,5,4688,2615
93397885700,93397885697,-3,977,2457
93402635810,93402635815,5,3683,1667
93404505393,93404505394,1,1014,2208
93406222974,93406222969,-5,1632,3750
93407143458,93407143456,-2,1001,2333
93407308118,93407308138,20,1463,2844
93409659758,93409659754,-4,1198,2133
93410176303,93410176300,-3,1236,2700
93411859606,93411859601,-5,1288,2150
93411924574,93411924566,-8,221,894
93412473721,93412473719,-2,1449,2181
93416116195,93416116191,-4,1181,2013
93417219622,93417219616,-6,1044,3049
93417435453,93417435475,22,605,1325
93421261929,93421261927,-2,1333,2571
93423446611,93423446609,-2,934,2174
93424196636,93424196636,0,1290,2411
93427578809,93427578805,-4,812,2037
93429569450,93429569448,-2,1138,2219
93431057305,93431057302,-3,1158,1950
93440340661,93440340666,5,2949,1665
93441286243,93441286239,-4,1021,1404
93442870449,93442870446,-3,1030,2196
93449236251,93449236250,-1,1745,2470
93449277133,93449277130,-3,958,2180
93449306198,93449306213,15,194,1564
93451163531,93451163529,-2,1250,2315
93457477055,93457477053,-2,909,2150
93463010542,93463010539,-3,1215,1557
93472578483,93472578481,-2,914,1742
93476725518,93476725517,-1,1481,1750
93480996070,93480996069,-1,980,2412
93482586930,93482586929,-1,1050,1946
93485705085,93485705083,-2,1450,2455
93486482077,93486482074,-3,1147,2178
93488778138,93488778136,-2,1228,1915
93490328529,93490328525,-4,840,2437
93497561191,93497561187,-4,1372,3566
93501061078,93501061075,-3,846,2243
93501215804,93501215789,-15,815,1282
93503431905,93503431901,-4,1058,3108
93503777176,93503777178,2,1231,1144
93508690349,93508690351,2,1657,1576
93510695067,93510695066,-1,1392,2976
93512027984,93512027981,-3,1080,2544
93512895734,93512895731,-3,821,1590
93512921680,93512921694,14,373,690
93514657741,93514657738,-3,1101,2425
93522094042,93522094039,-3,1193,2320
93527242290,93527242289,-1,1130,1906
93528237596,93528237598,2,1281,736
93531165072,93531165070,-2,1309,2831
93538992967,93538992965,-2,1637,2174
93542198130,93542198127,-3,1401,2220
93542480411,93542480410,-1,928,2573
93544719643,93544719639,-4,1096,2448
93544870432,93544870410,-22,638,1199
93546136191,93546136190,-1,1788,2566
93548377795,93548377792,-3,1411,2249
93550277632,93550277646,14,12762,44372
93552630525,93552630522,-3,1084,1943
93552775346,93552775341,-5,1569,2787
93552837363,93552837362,-1,1136,1990
93553444522,93553444519,-3,1385,2150
93554264145,93554264150,5,4306,2862
93556073989,93556073987,-2,841,937
93556533410,93556533405,-5,680,2127
93558834578,93558834573,-5,1186,2974
93558926288,93558926285,-3,1060,2755
93563648265,93563648264,-1,1130,2250
93564326115,93564326113,-2,1319,2227
93565324188,93565324187,-1,993,1393
93567186211,93567186209,-2,1345,2206
93569125090,93569125086,-4,994,1488
93571412122,93571412118,-4,1231,2334
93571665113,93571665111,-2,932,1644
93576226919,93576226918,-1,1025,180
93577217027,93577217026,-1,1102,1815
93578071514,93578071511,-3,1402,2800
93578364406,93578364402,-4,1381,1787
93580446261,93580446257,-4,842,2791
93580476733,93580476733,0,1595,2229
93584529135,93584529142,7,5190,2022
93589053054,93589053052,-2,1361,2364
93589153645,93589153650,5,2408,1383
93592901951,93592901949,-2,909,1435
93593652311,93593652298,-13,1052,2356
93600159561,93600159557,-4,1071,2331
93601071437,93601071459,22,591,1281
93601827674,93601827673,-1,878,1628
93604679297,93604679293,-4,1019,3581
93611048997,93611048993,-4,873,2286
93623133886,93623133885,-1,1032,1265
93623334281,93623334280,-1,1174,2420
93624339967,93624339965,-2,1320,2884
93625091270,93625091269,-1,1221,1934
93628969156,93628969150,-6,919,2359
93632484086,93632484082,-4,1826,3196
93634599511,93634599508,-3,1129,2361
93643696526,93643696523,-3,948,2122
93647397803,93647397801,-2,887,2415
93647980726,93647980726,0,1052,1916
93650467971,93650467970,-1,1217,2235
93651131939,93651131937,-2,1212,2211
93670423149,93670423146,-3,1377,2732
93672756922,93672756920,-2,919,2293
93674038622,93674038623,1,2338,2300
93674526719,93674526714,-5,1041,2235
93677331870,93677331867,-3,716,1085
93680368915,93680368912,-3,1345,2664
93680492303,93680492296,-7,1355,2719
93681776758,93681776757,-1,1376,2585
93684888873,93684888870,-3,1187,1753
93685308258,93685308257,-1,1316,1546
93687770722,93687770720,-2,1322,2621
93687850586,93687850578,-8,2019,9707
93701509179,93701509175,-4,1335,2175
93704292157,93704292154,-3,1041,1705
93704834930,93704834930,0,1555,2891
93704981220,93704981218,-2,815,1568
93709270906,93709270902,-4,935,2082
93715447811,93715447810,-1,992,1255
93721954055,93721954055,0,935,1852
93722420663,93722420659,-4,1443,3101
93723333607,93723333602,-5,960,1452
93725476782,93725476778,-4,771,2184
93726095466,93726095462,-4,1713,2777
93726216805,93726216808,3,1825,1484
93726339375,93726339373,-2,1022,2593
93727065077,93727065073,-4,1269,1842
93728408943,93728408940,-3,1314,1779
93731724089,93731724084,-5,1394,3383
93733179629,93733179625,-4,764,1994
93734303831,93734303830,-1,1145,1591
93735445763,93735445762,-1,1188,1832
93737702605,93737702605,0,2854,4037
93738159618,93738159616,-2,963,2480
93740115536,93740115529,-7,872,1185
93741311206,93741311205,-1,927,1739
93742003462,93742003442,-20,923,3100
93742029789,93742029787,-2,901,2297
93745305956,93745305953,-3,1202,2598
93746319329,93746319325,-4,1226,2449
93747695445,93747695440,-5,767,1846
93751709258,93751709258,0,1455,2408
93755337409,93755337407,-2,987,1772
93755376363,93755376361,-2,743,1888
93757480157,93757480154,-3,1399,2622
93759072606,93759072605,-1,1143,2137
93759838554,93759838554,0,1400,1281
93762345015,93762345014,-1,1076,3335
93765349813,93765349810,-3,1425,1698
93765788867,93765788866,-1,880,2079
93765855557,93765855555,-2,1210,2348
93769688526,93769688525,-1,880,1637
93773937953,93773937951,-2,948,2388
93777364238,93777364235,-3,1015,2093
93791568542,93791568538,-4,258,803
93792042735,93792042727,-8,120,745
93795760961,93795760959,-2,995,1642
93796222762,93796222758,-4,626,2084
93801258499,93801258497,-2,1104,2311
93802783956,93802783954,-2,1647,1707
93803293491,93803293489,-2,944,1899
93805453714,93805453713,-1,1138,2055
93805899639,93805899635,-4,698,1303
93809596067,93809596066,-1,797,1124
93810518743,93810518742,-1,768,1539
93815329194,93815329192,-2,1125,1636
93818176848,93818176846,-2,1325,2663
93818544356,93818544358,2,1772,1337
93819209942,93819209938,-4,977,1954
93821778147,93821778145,-2,524,2010
93828164926,93828164922,-4,1167,2264
93829761377,93829761369,-8,2346,5398
93836145180,93836145177,-3,1075,2093
93837945859,93837945856,-3,925,1710
93842822892,93842822890,-2,1322,2833
93845271919,93845271922,3,2097,1934
93845971274,93845971270,-4,1132,3098
93846858279,93846858277,-2,1450,2061
93850692879,93850692877,-2,1286,3121
93854864351,93854864346,-5,742,1745
93857038458,93857038453,-5,1267,2033
93858013449,93858013449,0,1118,2384
93869464878,93869464873,-5,973,1660
93876492829,93876492829,0,2097,2466
93879067730,93879067729,-1,1136,2296
93879921540,93879921537,-3,1074,1942
93884051476,93884051470,-6,1207,2692
93890093211,93890093210,-1,1308,1753
93893196123,93893196122,-1,1551,2320
93893321920,93893321920,0,1030,1269
93896886109,93896886106,-3,1325,2221
93898270833,93898270831,-2,1274,2207
93902690525,93902690524,-1,1396,2770
93907182842,93907182840,-2,1356,3475
93911077450,93911077446,-4,738,1271
93916057163,93916057159,-4,1305,1802
93917002318,93917002315,-3,1253,1975
93917265743,93917265741,-2,1615,1890
93921633525,93921633521,-4,1004,1886
93924925303,93924925302,-1,1094,2037
93926138266,93926138263,-3,942,1491
93926709164,93926709162,-2,1790,3387
93929075954,93929075953,-1,1160,1822
93933226681,93933226674,-7,939,4155
93933729411,93933729409,-2,1071,2399
93934816173,93934816170,-3,1050,1972
93936599827,93936599821,-6,1276,3111
93941003765,93941003757,-8,2418,5966
93949214791,93949214788,-3,1304,2028
93949421953,93949421949,-4,1232,2405
93956087627,93956087625,-2,1180,3094
93956519115,93956519110,-5,1092,2116
93957125862,93957125858,-4,1746,1614
93959040055,93959040053,-2,1005,1984
93960288898,93960288897,-1,1182,2412
93960831885,93960831884,-1,1015,2310
93964265270,93964265270,0,636,1267
93973157086,93973157106,20,96,679
93974226262,93974226260,-2,988,2216
93976751902,93976751899,-3,774,1658
93976916822,93976916819,-3,1565,2734
93979111370,93979111366,-4,1221,2363
93979505231,93979505220,-11,1168,2169
93983653266,93983653261,-5,624,3612
93987457881,93987457874,-7,1290,5829
93987916489,93987916491,2,1154,1377
93991306742,93991306740,-2,1236,2544
93994214654,93994214652,-2,770,1274
93995745881,93995745879,-2,1117,1951
94000787641,94000787645,4,2227,1490
94003325146,94003325142,-4,1398,2663
94008686170,94008686166,-4,1491,2828
94008844586,94008844588,2,1051,1529
94010515914,94010515910,-4,1299,2701
94015998643,94015998642,-1,771,1695
94017546854,94017546849,-5,1142,2611
94019814866,94019814866,0,985,1558
94024840330,94024840326,-4,1185,2382
94025114347,94025114357,10,653,775
94027288065,94027288065,0,887,1103
94035382083,94035382081,-2,922,1399
94037373878,94037373879,1,1506,1107
94038131334,94038131331,-3,1221,2240
94044043954,94044043951,-3,1203,1967
94045282069,94045282067,-2,1425,1850
94045493920,94045493902,-18,824,1572
94046009316,94046009320,4,3696,2386
94051297078,94051297074,-4,1719,3146
94051373712,94051373723,11,706,1494
94051974827,94051974824,-3,1501,2996
94055448961,94055448960,-1,1324,2359
94056288929,94056288927,-2,1257,2737
94056899989,94056899986,-3,1192,2495
94057139727,94057139725,-2,1090,2048
94057897980,94057897976,-4,1044,3048
94057940694,94057940692,-2,954,1925
94059223632,94059223629,-3,1289,2758
94063507258,94063507254,-4,1029,2045
94066361668,94066361664,-4,1188,2934
94068234126,94068234122,-4,1374,2639
94069540174,94069540170,-4,1368,2286
94069736916,94069736913,-3,941,1920
94070488599,94070488594,-5,1266,3346
94072921510,94072921506,-4,915,2620
94074284097,94074284098,1,2115,2087
94075891642,94075891642,0,604,1162
94079839733,94079839727,-6,951,2314
94080567390,94080567386,-4,1602,3762
94085821651,94085821650,-1,1156,2306
94086478449,94086478446,-3,1871,3271
94086753006,94086753005,-1,1137,1933
94089676562,94089676560,-2,991,2440
94090810402,94090810401,-1,1376,2042
94093590600,94093590598,-2,1092,2264
94097468462,94097468461,-1,791,2227
94098261741,94098261739,-2,1600,2656
94101486444,94101486443,-1,1292,1516
94103760523,94103760519,-4,1041,2287
94104421932,94104421930,-2,1465,2382
94111695538,94111695538,0,1454,2196
94113859227,94113859225,-2,1061,2205
94114521872,94114521870,-2,1227,2540
94116113878,94116113876,-2,1175,2006
94119130945,94119130943,-2,1219,1919
94122697518,94122697519,1,1150,1284
94122875257,94122875253,-4,1127,2562
94125256102,94125256099,-3,1562,2353
94130188742,94130188741,-1,841,1684
94131731630,94131731633,3,3149,2916
94132909302,94132909300,-2,1112,2522
94136292883,94136292882,-1,1153,2044
94137832019,94137832017,-2,490,2063
94142167100,94142167082,-18,102,562
94142926004,94142925999,-5,1006,1728
94145602219,94145602210,-9,937,2458
94148382014,94148382013,-1,969,1707
94156403438,94156403433,-5,1457,4931
94157176358,94157176378,20,719,1356
94160512382,94160512382,0,914,2479
94162235291,94162235290,-1,1113,1757
94165173171,94165173169,-2,1025,1586
94167804044,94167804037,-7,2037,10070
94168125291,94168125291,0,1000,1665
94169224721,94169224718,-3,1142,2299
94172907489,94172907491,2,1354,1497
94173115605,94173115601,-4,902,1787
94177479559,94177479557,-2,1542,3327
94181281538,94181281535,-3,1356,2958
94181354134,94181354130,-4,1457,2359
94185851777,94185851775,-2,1330,2293
94187552030,94187552027,-3,1401,2305
94189486550,94189486556,6,2890,1541
94189822250,94189822247,-3,734,2047
94194472877,94194472874,-3,1491,2346
94199416914,94199416912,-2,1277,2427
94203627911,94203627908,-3,1440,3102
94204044095,94204044086,-9,1318,2333
94206361884,94206361888,4,2041,1607
94207391567,94207391565,-2,1345,1889
94211430664,94211430663,-1,1163,1785
94214621671,94214621670,-1,909,2345
94216411616,94216411617,1,1285,1758
94216652021,94216652007,-14,251,592
94223481479,94223481478,-1,619,889
94227933503,94227933501,-2,1000,2285
94229165579,94229165582,3,1837,1456
94232910926,94232910925,-1,804,1890
94237175657,94237175655,-2,1205,1871
94243760951,94243760936,-15,3725,17046
94246014103,94246014101,-2,1403,2289
94251624953,94251624950,-3,1060,2657
94256129195,94256129194,-1,1088,2201
94263051866,94263051865,-1,939,2714
94266384090,94266384088,-2,1418,3025
94267723302,94267723298,-4,1103,2190
94269197151,94269197148,-3,1017,2087
94269975739,94269975738,-1,2057,3930
94273308066,94273308063,-3,1356,2031
94274504539,94274504537,-2,855,2215
94278646375,94278646370,-5,1089,1948
94283250274,94283250276,2,1359,2302
94284635226,94284635224,-2,969,1808
94286090960,94286090968,8,4828,2496
94286866519,94286866517,-2,813,2350
94287736686,94287736683,-3,818,1979
94291332014,94291332010,-4,1450,1929
94293952158,94293952156,-2,2627,4019
94294566002,94294565998,-4,1485,2746
94296740339,94296740334,-5,906,1907
94302306849,94302306846,-3,1151,1851
94303448365,94303448363,-2,1203,1682
94304004944,94304004939,-5,1032,1639
94308716214,94308716214,0,780,788
94309744250,94309744250,0,1365,1690
94312030749,94312030746,-3,1165,2448
94312279975,94312279982,7,2616,1326
94314644040,94314644038,-2,914,1377
94319382446,94319382447,1,1382,1523
94324957508,94324957506,-2,1073,2029
94325705663,94325705659,-4,1253,2929
94326290501,94326290494,-7,1305,8097
94327931749,94327931743,-6,1070,1873
94331478541,94331478548,7,5017,1993
94334078077,94334078077,0,1161,1367
94336932182,94336932177,-5,1377,5563
94337739020,94337739018,-2,1352,2230
94338583894,94338583910,16,379,983
94341060139,94341060136,-3,1140,2256
94343114827,94343114822,-5,1088,2093
94344584252,94344584246,-6,804,2335
94352857278,94352857274,-4,1144,2481
94354912775,94354912772,-3,1599,2130
94359424153,94359424149,-4,1431,2935
94362064284,94362064281,-3,950,3182
94367280346,94367280342,-4,983,1445
94370168746,94370168742,-4,1254,2745
94371146586,94371146585,-1,924,2713
94372242821,94372242818,-3,617,1007
94376768123,94376768120,-3,1005,2672
94377955086,94377955084,-2,1020,1670
94380007717,94380007718,1,1088,1871
94383433293,94383433290,-3,865,2360
94384897733,94384897730,-3,1222,1988
94388134383,94388134381,-2,1266,1785
94390369644,94390369642,-2,1014,2270
94394569574,94394569573,-1,1107,1855
94399494377,94399494375,-2,1056,1403
94401817031,94401817030,-1,1137,1623
94402617018,94402617019,1,1659,1893
94404943670,94404943666,-4,889,2286
94405877001,94405876997,-4,1357,2334
94410031591,94410031586,-5,1312,5648
94412251563,94412251559,-4,643,725
94417003062,94417003059,-3,1540,3106
94419218013,94419218008,-5,919,2267
94426829005,94426829008,3,1811,1376
94430404238,94430404235,-3,1238,2284
94432640926,94432640920,-6,729,3854
94437571334,94437571332,-2,1223,3221
94439115923,94439115931,8,3266,1802
94439903502,94439903498,-4,1649,2455
94443656862,94443656860,-2,1272,2831
94445080195,94445080195,0,761,1917
94449983275,94449983274,-1,912,1594
94454849459,94454849455,-4,1012,1508
94455405378,94455405375,-3,1079,2510
94456257915,94456257914,-1,1099,1374
94460554123,94460554120,-3,737,1966
94466918286,94466918285,-1,859,1764
94469715916,94469715918,2,1899,1231
94474051483,94474051483,0,890,2334
94475237475,94475237473,-2,1152,1370
94475484456,94475484440,-16,1005,2181
94475611679,94475611682,3,1848,1893
94475920121,94475920120,-1,660,2253
94476074399,94476074398,-1,823,1653
94476798739,94476798736,-3,1517,1736
94477112956,94477112955,-1,1356,2316
94479779890,94479779887,-3,941,1330
94479999469,94479999466,-3,1077,2273
94485142781,94485142778,-3,1354,2200
94486823467,94486823465,-2,830,2049
94487867197,94487867194,-3,1085,2235
94489957254,94489957250,-4,1524,1709
94490528826,94490528824,-2,687,1676
94490689123,94490689119,-4,1345,2755
94490865146,94490865146,0,1576,1762
94495617925,94495617920,-5,1034,2665
94497019815,94497019811,-4,1562,2245
94500699259,94500699256,-3,1317,2266
94503666246,94503666245,-1,1438,2958
94507392683,94507392680,-3,518,2372
94515543273,94515543270,-3,906,2057
94516693663,94516693661,-2,1411,2336
94521038464,94521038462,-2,958,1878
94521443515,94521443517,2,1839,2235
94525294530,94525294527,-3,1066,2238
94527845673,94527845670,-3,1426,3203
94527971309,94527971329,20,840,1220
94531352747,94531352745,-2,1423,3137
94533276748,94533276745,-3,912,1961
94534119059,94534119054,-5,684,1954
94534676651,94534676658,7,2608,953
94543462610,94543462612,2,1784,1701
94544055698,94544055697,-1,1035,2002
94545364763,94545364761,-2,1378,2148
94546334695,94546334693,-2,995,2456
94547566230,94547566225,-5,1003,2697
94548343138,94548343137,-1,791,1352
94549966452,94549966449,-3,952,2490
94552312123,94552312120,-3,1225,1627
94553026885,94553026883,-2,1822,2114
94554915066,94554915063,-3,917,1384
94557178119,94557178125,6,2847,1745
94557550858,94557550854,-4,1407,2279
94558592711,94558592709,-2,1510,1692
94560005447,94560005446,-1,898,2016
94561343534,94561343531,-3,1084,2822
94562108508,94562108508,0,1176,1435
94564824610,94564824607,-3,1314,2559
94565498274,94565498270,-4,1126,2507
94565996561,94565996561,0,1022,1632
94566514465,94566514462,-3,1002,1828
94566597765,94566597782,17,1039,2523
94569912178,94569912175,-3,1161,2356
94570193575,94570193594,19,1053,1819
94571708939,94571708937,-2,880,1460
94579359481,94579359478,-3,627,2009
94580078074,94580078071,-3,745,1249
94582679850,94582679855,5,2733,1311
94586653083,94586653081,-2,1380,2026
94587483180,94587483174,-6,1527,4557
94591232778,94591232778,0,1215,2405
94592585866,94592585866,0,892,1282
94594925669,94594925666,-3,1143,1886
94595470163,94595470161,-2,769,1563
94600082061,94600082058,-3,619,2501
94600168148,94600168137,-11,1306,2307
94601286379,94601286379,0,656,2034
94601678848,94601678863,15,319,1042
94603336799,94603336795,-4,801,1439
94604178443,94604178440,-3,1444,2240
94604814510,94604814511,1,2533,2490
94605612655,94605612650,-5,1345,2293
94605734259,94605734258,-1,1188,2786
94607274310,94607274311,1,1585,1447
94610675340,94610675338,-2,1492,2450
94614063559,94614063557,-2,1187,2449
94619488009,94619488005,-4,1218,2779
94621064695,94621064694,-1,889,2218
94622550717,94622550714,-3,1383,3215
94624426568,94624426566,-2,766,1710
94628613822,94628613818,-4,1524,1888
94629704097,94629704094,-3,1177,2700
94636380935,94636380934,-1,1328,1954
94636810135,94636810131,-4,1158,2395
94638587486,94638587484,-2,1016,2083
94643452787,94643452782,-5,1508,3627
94643499030,94643499010,-20,134,1316
94648435688,94648435685,-3,1107,2766
94650444347,94650444342,-5,2611,9177
94650618435,94650618432,-3,1375,3338
94652246602,94652246598,-4,828,2279
94655224067,94655224063,-4,1105,2247
94657866303,94657866306,3,1190,1387
94657904131,94657904128,-3,1385,2706
94660189083,94660189079,-4,673,2085
94660221406,94660221405,-1,1136,1758
94663582079,94663582076,-3,1140,1959
94666610946,94666610944,-2,1280,2386
94667840169,94667840172,3,1521,1964
94668758430,94668758426,-4,1162,2296
94671530965,94671530963,-2,821,1619
94673123906,94673123913,7,2356,1281
94675467918,94675467914,-4,2245,4880
94679305330,94679305337,7,2988,1998
94686383561,94686383558,-3,1067,2045
94686594256,94686594271,15,235,765
94686977210,94686977208,-2,948,2241
94688477389,94688477396,7,4870,1389
94690714031,94690714029,-2,866,1355
94696355805,94696355802,-3,1274,2501
94701267477,94701267473,-4,981,1734
94701517666,94701517663,-3,997,1739
94701569690,94701569688,-2,1227,2614
94702431632,94702431629,-3,1206,2201
94706003208,94706003205,-3,1504,1556
94707513632,94707513629,-3,780,1204
94708520103,94708520101,-2,1169,2116
94710229978,94710229982,4,1890,1284
94711133578,94711133586,8,6961,1502
94711328150,94711328147,-3,1298,2613
94711593039,94711593036,-3,1564,2757
94712528979,94712528978,-1,1088,1839
94712680482,94712680478,-4,1219,2371
94718107789,94718107787,-2,943,2250
94721896885,94721896894,9,12192,40504
94724299360,94724299357,-3,678,2187
94725819001,94725818998,-3,1191,2078
94727248463,94727248461,-2,1493,2068
94728249044,94728249049,5,2270,1197
94728276382,94728276381,-1,1117,3114
94730831930,94730831932,2,932,1682
94730969383,94730969365,-18,703,2066
94734838826,94734838824,-2,1487,2400
94736107282,94736107280,-2,967,2187
94741696426,94741696429,3,1692,1803
94747321355,94747321353,-2,887,2348
94747627810,94747627806,-4,914,2875
94752654441,94752654443,2,1513,1137
94755763041,94755763038,-3,1503,2329
94762006113,94762006113,0,25366,36569
94762128447,94762128446,-1,1689,2110
94763530965,94763530962,-3,7549,14704
94764372082,94764372078,-4,1427,2626
94766847586,94766847586,0,535,1089
94768413116,94768413113,-3,894,2243
94770168106,94770168104,-2,1479,2206
94772472755,94772472754,-1,1533,2641
94778356343,94778356343,0,463,1704
94778794115,94778794104,-11,44378,12826
94787924850,94787924848,-2,1163,2192
94789748957,94789748951,-6,881,2794
94789857060,94789857060,0,1077,2400
94790902887,94790902884,-3,19132,8039
94796220108,94796220106,-2,1313,1802
94796245315,94796245312,-3,1169,2225
94796285232,94796285232,0,1271,1916
94796535142,94796535127,-15,997,2634
94799611270,94799611269,-1,755,1880
94802742730,94802742727,-3,759,1506
94804745974,94804745970,-4,1343,2023
94805483637,94805483642,5,2347,1416
94809834728,94809834726,-2,1892,3345
94811023334,94811023337,3,3148,2569
94813536434,94813536431,-3,1072,2351
94818508729,94818508726,-3,1090,1989
94818580751,94818580733,-18,1099,2801
94820844951,94820844949,-2,929,1783
94826216583,94826216581,-2,7913,16291
94834610016,94834610015,-1,1349,2175
94834748143,94834748143,0,932,1166
94835133306,94835133311,5,43387,29100
94836008025,94836008021,-4,840,1989
94836663998,94836663998,0,1222,2340
94839798010,94839798006,-4,1435,1716
94843130758,94843130752,-6,35436,9587
94844505285,94844505282,-3,1140,3178
94853093006,94853093010,4,2288,1834
94855243528,94855243526,-2,1617,2073
94857416597,94857416594,-3,1213,2088
94859893408,94859893405,-3,1069,1783
94861977794,94861977796,2,1611,935
94862460406,94862460406,0,1314,2425
94864062680,94864062678,-2,1301,2342
94869156621,94869156624,3,1330,1219
94873060133,94873060130,-3,1347,2581
94874693780,94874693777,-3,26,814
94876543991,94876543989,-2,981,2013
94878357017,94878357015,-2,983,2496
94879254525,94879254521,-4,1134,2314
94880384709,94880384706,-3,1202,2943
94890118060,94890118058,-2,1258,2163
94895086232,94895086230,-2,909,2034
94896007795,94896007794,-1,965,1635
94899059791,94899059792,1,5440,15772
94902203210,94902203215,5,2830,1540
94903984673,94903984672,-1,933,1677
94906659495,94906659492,-3,815,2214
94912604346,94912604343,-3,928,1624
94913464318,94913464314,-4,1115,1982
94918248891,94918248886,-5,1107,2627
94919699582,94919699581,-1,1428,2304
94924366293,94924366298,5,3667,1524
94924779718,94924779714,-4,869,1829
94929323814,94929323814,0,1574,2552
94929898971,94929898970,-1,603,1406
94933027872,94933027869,-3,843,2187
94933573686,94933573684,-2,828,1740
94934496751,94934496751,0,198,692
94939667818,94939667816,-2,1572,2681
94939824021,94939824017,-4,1747,3200
94947311199,94947311199,0,1104,1652
94951080003,94951080001,-2,1697,2568
94951343835,94951343834,-1,1246,2548
94957235261,94957235260,-1,961,1973
94957828325,94957828311,-14,210,554
94959811893,94959811891,-2,1355,2736
94963967050,94963967048,-2,868,1841
94972206813,94972206813,0,5405,8157
94972374909,94972374905,-4,1298,2520
94972718041,94972718037,-4,1320,1684
94974565205,94974565202,-3,2116,3723
94982067957,94982067969,12,12908,51249
94986241609,94986241609,0,1590,2426
94987717998,94987717996,-2,1088,2329
94990423287,94990423284,-3,1037,1687
94992450990,94992450989,-1,1440,2955
94993714842,94993714841,-1,1036,1598
95000489894,95000489890,-4,1193,2373
95001870303,95001870298,-5,905,2420
95002553663,95002553661,-2,953,2219
95003635731,95003635730,-1,1031,2279
95006025261,95006025257,-4,811,1934
95008122405,95008122416,11,299,833
95012702636,95012702634,-2,1366,2129
95013248328,95013248323,-5,1072,2127
95018318313,95018318310,-3,1509,2196
95018800102,95018800098,-4,841,2531
95030119945,95030119942,-3,897,1975
95032128641,95032128640,-1,658,1252
95032334398,95032334398,0,828,2254
95033016374,95033016374,0,791,1912
95035910566,95035910562,-4,1476,2835
95041713328,95041713326,-2,1561,3065
95044639854,95044639853,-1,1493,2854
95046341767,95046341765,-2,874,1601
95048474501,95048474500,-1,918,2226
95052805635,95052805630,-5,932,2695
95055038000,95055037998,-2,1215,2932
95055221911,95055221931,20,664,1951
95060818206,95060818203,-3,1076,2157
95062351778,95062351775,-3,1397,2094
95065406673,95065406678,5,22460,32798
95068940370,95068940366,-4,1423,1805
95081217227,95081217222,-5,1182,2415
95083512511,95083512510,-1,1517,1979
95086204901,95086204898,-3,715,1257
95090950149,95090950146,-3,1165,2749
95096300894,95096300890,-4,861,1874
95098242015,95098242011,-4,1325,3247
95099648958,95099648959,1,728,1379
95101511122,95101511116,-6,1413,3252
95104096515,95104096512,-3,1342,5548
95107495442,95107495439,-3,1353,2344
95116149166,95116149161,-5,1105,1975
95116639862,95116639859,-3,1197,2519
95117089143,95117089140,-3,1160,2060
95121715210,95121715207,-3,1178,2095
95123809741,95123809738,-3,1617,2537
95129052915,95129052916,1,1329,2663
95130478607,95130478606,-1,835,1880
95130930506,95130930505,-1,993,1608
95136617458,95136617454,-4,931,1685
95136754181,95136754173,-8,1029,1082
95138598709,95138598705,-4,623,1918
95141160716,95141160716,0,843,1251
95145699171,95145699174,3,1603,1328
95148344201,95148344199,-2,1129,1937
95151894885,95151894881,-4,824,2596
95154258853,95154258851,-2,1070,2132
95156456271,95156456266,-5,1272,2103
95161880384,95161880381,-3,2213,4793
95162483982,95162483980,-2,1308,2279
95162686517,95162686513,-4,1107,2720
95162859479,95162859478,-1,877,2370
95163265018,95163265016,-2,1017,2150
95163554822,95163554820,-2,1183,1877
95163861955,95163861953,-2,976,2163
95165700082,95165700078,-4,1315,2601
95168994271,95168994267,-4,1983,2696
95170889440,95170889437,-3,1350,2725
95171359190,95171359170,-20,953,2213
95173494420,95173494416,-4,1090,1890
95173689506,95173689507,1,1653,1602
95176015478,95176015476,-2,1068,2704
95182289773,95182289771,-2,1251,2384
95182450287,95182450284,-3,1037,1973
95183860373,95183860371,-2,1524,1828
95190944301,95190944297,-4,1143,2372
95191874816,95191874811,-5,884,2455
95198940968,95198940974,6,2054,823
95205197890,95205197884,-6,1135,3958
95207851794,95207851791,-3,642,829
95213661407,95213661405,-2,1146,2724
95215715399,95215715398,-1,1451,2439
95216287094,95216287093,-1,862,1304
95216614335,95216614327,-8,1002,2176
95219896646,95219896642,-4,830,3623
95222969665,95222969663,-2,1829,2473
95223579074,95223579072,-2,1215,2599
95227863754,95227863749,-5,1143,3722
95231118441,95231118438,-3,1240,2780
95233338831,95233338835,4,1710,1519
95234130311,95234130310,-1,726,2046
95234904380,95234904378,-2,680,1924
95241127991,95241127988,-3,921,2485
95241585706,95241585703,-3,1668,1941
95241886473,95241886470,-3,1443,2021
95242683963,95242683956,-7,1028,2257
95243469135,95243469138,3,1578,1406
95243697239,95243697237,-2,1191,2386
95250156738,95250156735,-3,1818,2245
95251571858,95251571857,-1,1206,1563
95253000618,95253000619,1,1148,2619
95254248893,95254248888,-5,1291,1729
95262026818,95262026819,1,2853,3257
95267943522,95267943519,-3,1349,2164
95269411785,95269411782,-3,904,2073
95271902251,95271902247,-4,1011,1858
95273106219,95273106218,-1,1415,3093
95273555778,95273555775,-3,857,2334
95280902927,95280902924,-3,997,3210
95283321534,95283321529,-5,1117,1791
95284176901,95284176897,-4,1660,4399
95285914999,95285914997,-2,899,1983
95287376775,95287376772,-3,1277,2011
95289970130,95289970130,0,1162,2268
95293542388,95293542386,-2,1122,1990
95303281686,95303281685,-1,1008,2245
95305261590,95305261589,-1,1344,1570
95306176831,95306176833,2,208,1617
95308616610,95308616607,-3,666,2070
95312597281,95312597278,-3,1181,2594
95313312099,95313312098,-1,1385,2346
95313648886,95313648883,-3,917,2338
95313791937,95313791935,-2,890,2452
95314273495,95314273492,-3,866,2367
95314816920,95314816917,-3,1386,1653
95318018050,95318018048,-2,816,1885
95319538663,95319538661,-2,1332,1903
95322879725,95322879730,5,1113,1298
95324572337,95324572333,-4,2988,5157
95325041955,95325041954,-1,3467,5560
95325519239,95325519235,-4,1116,1795
95325822367,95325822363,-4,1152,2636
95329406803,95329406802,-1,1576,1885
95331942735,95331942734,-1,1158,2448
95336834358,95336834355,-3,1398,2598
95338997653,95338997649,-4,1362,1978
95340159441,95340159439,-2,1230,1557
95341065048,95341065042,-6,2232,7346
95344534833,95344534829,-4,1306,2254
95345794172,95345794167,-5,1102,2376
95346994521,95346994519,-2,983,1792
95356047642,95356047639,-3,874,1571
95356172959,95356172957,-2,1265,1739
95356557283,95356557279,-4,911,2394
95360420722,95360420723,1,990,2098
95361456625,95361456624,-1,1037,1408
95365546174,95365546171,-3,512,1264
95369015254,95369015254,0,1560,2112
95370618963,95370618962,-1,1241,1518
95371370341,95371370338,-3,1407,2528
95372549161,95372549157,-4,1246,2194
95378224434,95378224422,-12,9887,39800
95378435591,95378435586,-5,962,2129
95384119106,95384119104,-2,1343,1498
95391202673,95391202672,-1,1374,1497
95398973245,95398973246,1,1107,1635
95401811471,95401811468,-3,1387,2122
95406095367,95406095364,-3,1069,1550
95406357982,95406357979,-3,1009,1747
95407161822,95407161820,-2,1276,3141
95407200486,95407200507,21,712,2028
95408967302,95408967299,-3,1331,3014
95410097970,95410097973,3,3241,2199
95413401558,95413401557,-1,1221,2415
95415665077,95415665073,-4,1498,1820
95417184466,95417184474,8,5234,1793
95418076753,95418076753,0,1467,3395
95420276258,95420276253,-5,651,899
95425006918,95425006916,-2,1404,2120
95430852942,95430852940,-2,984,1397
95431905078,95431905078,0,1191,2388
95433388771,95433388770,-1,517,1261
95433652264,95433652249,-15,129,614
95435188022,95435188019,-3,1077,2462
95435968591,95435968588,-3,1020,2341
95442020750,95442020746,-4,1137,2377
95442259075,95442259072,-3,1018,2146
95444649967,95444649965,-2,774,1644
95450556713,95450556714,1,1132,2157
95454929611,95454929609,-2,1335,2499
95457379291,95457379288,-3,1728,3120
95458244550,95458244549,-1,868,1632
95464170117,95464170114,-3,1072,1848
95464618368,95464618385,17,664,1476
95472604826,95472604819,-7,2208,4971
95480060538,95480060534,-4,992,2578
95492719627,95492719625,-2,747,2184
95492777071,95492777068,-3,958,1950
95495910517,95495910529,12,795,1816
95497999169,95497999166,-3,907,2523
95500537570,95500537569,-1,987,1588
95502700169,95502700151,-18,33231,27537
95505122402,95505122398,-4,2397,4576
95507279859,95507279855,-4,782,1561
95507712019,95507712016,-3,946,1855
95509106902,95509106900,-2,1059,2590
95511026022,95511026021,-1,1562,2517
95512294738,95512294734,-4,856,2409
95515628027,95515628026,-1,1121,2018
95515967740,95515967761,21,1126,2366
95516835318,95516835317,-1,1232,2173
95520559038,95520559034,-4,1314,2198
95521006363,95521006362,-1,1123,1473
95521397178,95521397177,-1,1377,3540
95521641616,95521641626,10,235,888
95522433347,95522433345,-2,811,2381
95523010034,95523010030,-4,1033,2611
95530387700,95530387699,-1,989,2046
95531674175,95531674171,-4,1083,3424
95531875824,95531875823,-1,988,2068
95533309834,95533309829,-5,2343,6628
95533961000,95533960998,-2,1093,2464
95535958807,95535958807,0,1458,1900
95540903033,95540903031,-2,1130,2250
95543296938,95543296937,-1,1310,2288
95544532366,95544532364,-2,1067,1295
95545676351,95545676350,-1,1187,1446
95546268622,95546268622,0,1534,2537
95546693914,95546693915,1,1175,1564
95548579402,95548579400,-2,1354,2798
95555950980,95555950977,-3,1297,2256
95559184773,95559184772,-1,1028,1841
95573630969,95573630966,-3,1127,3511
95573663142,95573663146,4,3403,1455
95579318744,95579318742,-2,1533,1865
95580820795,95580820793,-2,1114,2388
95581414559,95581414556,-3,866,1980
95584249466,95584249461,-5,1218,3019
95584703669,95584703666,-3,4277,6627
95590118449,95590118446,-3,953,1294
95601483480,95601483475,-5,1157,2301
95614864706,95614864703,-3,954,2327
95617892711,95617892707,-4,799,2732
95618959786,95618959790,4,1812,1309
95625498382,95625498378,-4,1075,1688
95633726046,95633726044,-2,1157,1956
95635286807,95635286810,3,764,1817
95636030317,95636030315,-2,1804,2528
95636488335,95636488331,-4,1055,2074
95640416601,95640416597,-4,1347,1836
95642412982,95642412980,-2,834,2069
95647977075,95647977073,-2,1725,3402
95649537047,95649537045,-2,804,1598
95654443273,95654443270,-3,883,1914
95655907638,95655907634,-4,1329,2431
95661154369,95661154371,2,1261,1007
95662703247,95662703245,-2,1254,2256
95663780496,95663780496,0,2337,3416
95664371586,95664371591,5,953,616
95665195572,95665195569,-3,1348,2846
95667687242,95667687238,-4,1015,2200
95667951939,95667951935,-4,1181,1663
95671173345,95671173342,-3,1244,1967
95671329298,95671329297,-1,848,2080
95671911159,95671911158,-1,1201,1886
95675549256,95675549253,-3,1550,2694
95675629983,95675629978,-5,1232,2570
95676477372,95676477369,-3,1234,1249
95676857810,95676857806,-4,1196,2747
95677209862,95677209853,-9,1098,1633
95679234634,95679234632,-2,1562,2103
95679321819,95679321814,-5,1289,2329
95680056554,95680056550,-4,880,1581
95680497981,95680498002,21,731,1199
95682677154,95682677152,-2,1111,2122
95684365005,95684365000,-5,949,2229
95685056950,95685056937,-13,917,1985
95688917567,95688917566,-1,1024,2382
95689027694,95689027693,-1,1241,1822
95690989270,95690989266,-4,1076,3607
95694547645,95694547643,-2,5802,11508
95695005926,95695005925,-1,947,2205
95697890087,95697890083,-4,1042,2019
95701227465,95701227461,-4,1290,2246
95702008071,95702008071,0,1575,2610
95702631547,95702631538,-9,1174,2579
95704659134,95704659139,5,1898,1022
95706440577,95706440574,-3,1246,2260
95707504431,95707504428,-3,190,956
95708513750,95708513748,-2,1499,2844
95711009822,95711009822,0,1006,2014
95716228545,95716228541,-4,1137,2676
95727973134,95727973139,5,2198,1703
95729437901,95729437899,-2,778,1773
95729541333,95729541331,-2,1308,2763
95731058134,95731058139,5,3845,1545
95731489354,95731489350,-4,1135,2463
95732328382,95732328378,-4,1535,2846
95733461174,95733461174,0,1372,2182
95734282830,95734282830,0,1160,1520
95735240926,95735240930,4,1682,1216
95735720838,95735720834,-4,1259,2788
95735826940,95735826939,-1,1294,2425
95741913054,95741913054,0,1219,2659
95746284129,95746284124,-5,975,1795
95749224275,95749224273,-2,1014,1758
95753296181,95753296174,-7,1130,4079
95754076782,95754076781,-1,1599,2838
95754400641,95754400638,-3,1085,2082
95757298720,95757298715,-5,1194,2865
95762271075,95762271076,1,1457,1667
95764237958,95764237954,-4,1091,2241
95765744647,95765744654,7,5747,2213
95765921302,95765921297,-5,1399,3966
95769023231,95769023230,-1,1174,1876
95773658151,95773658149,-2,976,1675
95774209519,95774209517,-2,1065,2723
95776380805,95776380809,4,1986,1274
95777095270,95777095266,-4,982,2260
95777930779,95777930775,-4,896,1717
95781330662,95781330659,-3,809,2601
95787311122,95787311120,-2,859,2108
95787799559,95787799557,-2,1057,1320
95792158084,95792158080,-4,914,2822
95793874177,95793874174,-3,1491,2227
95796883427,95796883423,-4,1087,2211
95797954618,95797954623,5,1682,1046
95800829250,95800829251,1,882,1339
95801605958,95801605938,-20,872,1469
95803993355,95803993354,-1,897,1851
95805147339,95805147333,-6,1264,3171
95805433742,95805433740,-2,721,2658
95806993777,95806993778,1,2000,1772
95808066243,95808066238,-5,1204,2861
95809453296,95809453298,2,2062,1366
95810052407,95810052405,-2,891,1697
95814097573,95814097570,-3,1514,2111
95814513378,95814513377,-1,1048,1968
95815996513,95815996509,-4,1331,1865
95817365332,95817365338,6,2737,1119
95818441707,95818441705,-2,1128,1972
95823482045,95823482043,-2,984,2314
95829368682,95829368678,-4,862,1338
95836474713,95836474709,-4,1176,2557
95838778539,95838778538,-1,1150,2009
95839859865,95839859862,-3,1241,3092
95843885846,95843885843,-3,840,1857
95846352042,95846352060,18,1184,1795
95847223347,95847223346,-1,1361,1740
95860628125,95860628121,-4,1310,2401
95862010073,95862010070,-3,1077,2165
95863575658,95863575657,-1,901,1988
95869060869,95869060872,3,1041,1721
95870267638,95870267633,-5,1205,2464
95870796482,95870796481,-1,908,2589
95876386309,95876386322,13,214,1119
95878282060,95878282054,-6,1407,2213
95879071687,95879071685,-2,1475,3123
95892852000,95892851998,-2,1245,1924
95892985871,95892985870,-1,1150,2751
95893669808,95893669806,-2,1236,1867
95895069924,95895069922,-2,1699,3127
95896952046,95896952046,0,1516,3189
95898864806,95898864806,0,1144,2093
95900428809,95900428806,-3,1493,1971
95902561278,95902561275,-3,899,1066
95905456327,95905456325,-2,1463,3347
95905574909,95905574907,-2,848,1119
95908868821,95908868820,-1,951,1433
95910068333,95910068331,-2,874,1761
95912121829,95912121837,8,3761,2157
95914389714,95914389692,-22,1042,1306
95915681879,95915681877,-2,1077,1627
95918043202,95918043200,-2,1201,2420
95922989774,95922989781,7,3672,1165
95927671230,95927671228,-2,1019,2339
95927959157,95927959179,22,352,711
95928842982,95928842981,-1,1378,2263
95931307175,95931307174,-1,1267,2173
95932661579,95932661575,-4,1218,2439
95933274528,95933274526,-2,992,1981
95939052667,95939052665,-2,1247,2766
95941274639,95941274638,-1,1267,1906
95942983738,95942983735,-3,1127,2054
95946122695,95946122695,0,1769,3093
95946511551,95946511549,-2,1216,2018
95953842094,95953842094,0,1045,1734
95959287802,95959287798,-4,1317,1867
95959606697,95959606695,-2,1343,2460
95960165550,95960165547,-3,890,1950
95960415754,95960415760,6,1614,1280
95966924774,95966924773,-1,1082,1831
95968465037,95968465034,-3,1370,2711
95975668614,95975668611,-3,951,2581
95977274642,95977274641,-1,760,1160
95988012402,95988012399,-3,836,1385
95989183322,95989183319,-3,1068,2536
95992770340,95992770334,-6,2215,5994
95995290238,95995290234,-4,1087,2294
96000292154,96000292151,-3,1401,1994
96002439615,96002439614,-1,1319,1995
96006476775,96006476773,-2,1383,2830
96008073382,96008073379,-3,1427,2865
96008694915,96008694914,-1,1315,2003
96008834466,96008834464,-2,778,1988
96011456108,96011456105,-3,991,2532
96014188763,96014188759,-4,1248,2148
96021278703,96021278700,-3,1144,1827
96024887704,96024887701,-3,1109,2747
96027298899,96027298894,-5,1290,1477
96035238331,96035238329,-2,1330,1817
96036821455,96036821457,2,937,1910
96043232065,96043232064,-1,1167,3267
96045446964,96045446962,-2,1376,2264
96045870623,96045870622,-1,935,2022
96046581946,96046581943,-3,1469,2180
96053579938,96053579934,-4,1010,2385
96056854495,96056854490,-5,1021,2883
96057876002,96057876000,-2,1048,1786
96060632584,96060632582,-2,1462,2774
96062896415,96062896413,-2,1099,2035
96066321262,96066321261,-1,1025,2734
96067646268,96067646267,-1,42920,6570
96067968631,96067968630,-1,1153,2361
96070728018,96070728015,-3,1423,3005
96077839120,96077839142,22,1136,2084
96080844449,96080844467,18,438,1238
96082473579,96082473577,-2,1777,3784
96086938647,96086938644,-3,2637,6111
96090742475,96090742477,2,1333,1616
96091850067,96091850062,-5,1181,1556
96095709437,96095709433,-4,1066,2520
96099498056,96099498053,-3,1179,2281
96105271054,96105271051,-3,1026,2275
96105773278,96105773278,0,1938,2899
96109339127,96109339126,-1,1386,2168
96109716535,96109716533,-2,1421,1838
96120509621,96120509618,-3,976,1748
96125589490,96125589487,-3,1077,2775
96128807517,96128807517,0,1416,833
96129237166,96129237163,-3,1842,2599
96131200111,96131200110,-1,1527,2674
96132704986,96132704982,-4,1440,3525
96138887399,96138887394,-5,835,2154
96139071470,96139071477,7,2500,2033
96139645179,96139645178,-1,866,1746
96141380577,96141380581,4,3633,2731
96148397982,96148397980,-2,893,2292
96152324069,96152324062,-7,979,3293
96157658155,96157658153,-2,1054,2446
96158928286,96158928283,-3,705,2231
96161409206,96161409202,-4,1071,2005
96162739522,96162739519,-3,889,1322
96165643553,96165643553,0,1422,1610
96166457456,96166457453,-3,1078,1883
96168394153,96168394163,10,3668,1271
96168660178,96168660175,-3,991,2668
96177534015,96177534013,-2,732,1641
96178160674,96178160674,0,932,2117
96178186758,96178186754,-4,1250,2070
96180744950,96180744947,-3,1050,2384
96181550498,96181550494,-4,835,1486
96181784978,96181784974,-4,1194,1993
96182488245,96182488242,-3,1087,1618
96183689121,96183689118,-3,899,1651
96184169239,96184169230,-9,1076,1929
96185160559,96185160555,-4,899,2078
96192977077,96192977075,-2,1113,1990
96193469458,96193469457,-1,1722,2230
96195714954,96195714951,-3,690,1454
96197856147,96197856146,-1,1166,2472
96200047317,96200047317,0,1409,2524
96200463863,96200463858,-5,1678,6872
96204719778,96204719775,-3,858,1748
96206775563,96206775558,-5,1491,2525
96208989201,96208989197,-4,1092,1462
96210870815,96210870814,-1,1123,1970
96212172930,96212172913,-17,276,378
96212729638,96212729637,-1,1167,2006
96217581983,96217581981,-2,1296,2813
96220382855,96220382854,-1,1529,2051
96223198060,96223198057,-3,1535,3489
96224026904,96224026902,-2,1483,2625
96224640181,96224640177,-4,1122,2009
96246796646,96246796645,-1,1222,2579
96248543603,96248543599,-4,1362,2575
96248885420,96248885416,-4,1235,2375
96254607234,96254607234,0,1214,1251
96260600516,96260600511,-5,1076,1655
96265112530,96265112534,4,3195,1605
96267215977,96267215994,17,15138,51592
96269078814,96269078813,-1,830,1669
96269252945,96269252954,9,3561,1064
96271393324,96271393320,-4,1032,2119
96272050670,96272050670,0,1463,2825
96273598802,96273598800,-2,1455,3145
96273993678,96273993677,-1,1106,2564
96275605432,96275605430,-2,1148,2028
96277577466,96277577464,-2,1632,2517
96285536775,96285536774,-1,9796,13454
96286314779,96286314775,-4,1215,2066
96286708494,96286708510,16,790,2011
96288574463,96288574461,-2,965,1560
96292449275,96292449273,-2,1809,2368
96293299089,96293299086,-3,1326,2631
96298697434,96298697432,-2,1224,2518
96300873586,96300873586,0,650,1691
96301543302,96301543301,-1,1800,2749
96301679827,96301679823,-4,682,1532
96303500894,96303500893,-1,1206,2244
96307195153,96307195150,-3,1145,2682
96309058210,96309058202,-8,1031,3412
96309395451,96309395447,-4,1039,1807
96311077557,96311077557,0,1280,2580
96311942474,96311942474,0,1328,1374
96316724123,96316724121,-2,1244,2712
96318412384,96318412382,-2,1240,1662
96320264538,96320264534,-4,1082,2537
96323272262,96323272259,-3,1295,3061
96331697599,96331697598,-1,819,1502
96333605277,96333605274,-3,1159,2667
96333686381,96333686380,-1,1401,2480
96333835009,96333835004,-5,1195,3142
96337290738,96337290743,5,8961,3853
96337873097,96337873094,-3,946,1493
96339978138,96339978137,-1,1357,2778
96340274979,96340274974,-5,988,2439
96340960448,96340960446,-2,1668,1814
96343148590,96343148589,-1,1341,1824
96347372066,96347372063,-3,1168,2796
96355011141,96355011140,-1,816,2830
96355213590,96355213586,-4,888,1719
96357335879,96357335876,-3,735,1806
96361382106,96361382108,2,1699,1093
96361573493,96361573491,-2,421,1526
96364780665,96364780662,-3,600,1702
96369587866,96369587864,-2,1267,2175
96371045421,96371045418,-3,1377,2416
96371653834,96371653832,-2,881,2722
96375009058,96375009057,-1,1353,1413
96375884203,96375884201,-2,1364,2375
96379091215,96379091212,-3,1157,2111
96379688618,96379688623,5,3351,1931
96380377792,96380377784,-8,3096,10605
96384619021,96384619018,-3,1142,1732
96385853453,96385853450,-3,1022,2662
96389429189,96389429194,5,1747,1339
96391535021,96391535021,0,1591,1652
96394848303,96394848299,-4,1053,2039
96395224503,96395224496,-7,1390,2621
96397092220,96397092215,-5,1304,2700
96397879717,96397879714,-3,982,1791
96398606246,96398606242,-4,1138,1919
96406594554,96406594550,-4,1073,1975
96407003545,96407003554,9,16193,19280
96407938314,96407938314,0,680,1534
96414954007,96414954004,-3,981,1604
96419693753,96419693749,-4,1776,2436
96427122841,96427122838,-3,856,1736
96428825939,96428825938,-1,1007,1851
96433667175,96433667171,-4,1083,1174
96439818775,96439818770,-5,1396,2538
96440076832,96440076831,-1,1434,2408
96442837197,96442837197,0,1558,1500
96445740594,96445740591,-3,1002,2111
96446501413,96446501410,-3,1137,1953
96446673660,96446673657,-3,1177,2292
96450790947,96450790946,-1,937,1652
96451195049,96451195046,-3,966,2317
96453590450,96453590451,1,3455,2427
96456023603,96456023618,15,561,1118
96456562563,96456562559,-4,954,2427
96458375059,96458375059,0,1171,897
96458906225,96458906221,-4,772,1284
96461218211,96461218205,-6,875,1406
96463015430,96463015426,-4,1236,2108
96466056198,96466056196,-2,1264,2906
96472639218,96472639218,0,1440,2154
96485491966,96485491965,-1,1190,1725
96490836905,96490836902,-3,1147,1930
96491734223,96491734219,-4,1007,1490
96494228999,96494228994,-5,886,2383
96494886707,96494886705,-2,1016,2171
96496662306,96496662306,0,2199,1867
96501715231,96501715228,-3,1118,2237
96502476263,96502476269,6,1138,1719
96504694328,96504694328,0,1007,1338
96507444163,96507444158,-5,999,2317
96510026958,96510026954,-4,1336,1780
96519861493,96519861493,0,2343,3653
96521247419,96521247414,-5,1501,3344
96524431646,96524431648,2,1232,2486
96534535217,96534535213,-4,1342,2931
96542804340,96542804337,-3,1204,2144
96543840411,96543840409,-2,1176,2230
96545365319,96545365317,-2,970,1956
96548596167,96548596161,-6,252,1683
96549772107,96549772104,-3,936,2351
96550281346,96550281354,8,4930,2096
96553275834,96553275829,-5,1156,1897
96555093135,96555093154,19,515,1029
96556293454,96556293451,-3,925,1252
96571837953,96571837950,-3,1249,2820
96574250006,96574250005,-1,665,1184
96589481391,96589481389,-2,996,3079
96589964213,96589964209,-4,2356,5439
96591425855,96591425853,-2,1337,2015
96597977894,96597977893,-1,1259,1932
96598709310,96598709309,-1,1291,2294
96599286012,96599286008,-4,1210,2376
96599881812,96599881812,0,1336,2043
96600788597,96600788606,9,3868,1355
96603141802,96603141798,-4,633,2147
96604338918,96604338902,-16,972,1769
96606662917,96606662916,-1,1023,1635
96614671448,96614671442,-6,5225,13477
96614719380,96614719383,3,3500,3438
96619062360,96619062356,-4,1261,3185
96619334019,96619334018,-1,1157,1496
96624447455,96624447453,-2,964,1678
96631416330,96631416325,-5,511,1675
96632237667,96632237663,-4,602,1216
96632379970,96632379971,1,1094,1297
96633557854,96633557851,-3,1073,2161
96634363783,96634363783,0,1651,2277
96636295992,96636295989,-3,1307,1350
96637921399,96637921398,-1,814,2205
96639446447,96639446445,-2,1157,3018
96640209801,96640209797,-4,1520,3222
96641039463,96641039458,-5,671,1425
96642576970,96642576969,-1,913,2258
96643921310,96643921309,-1,1184,1923
96644182858,96644182854,-4,922,1777
96644692171,96644692167,-4,952,1157
96644740331,96644740329,-2,1454,2082
96645597987,96645597986,-1,782,1575
96648796930,96648796926,-4,955,2066
96649812791,96649812790,-1,1328,2427
96652156563,96652156556,-7,746,3211
96652233587,96652233582,-5,1033,3555
96652629897,96652629895,-2,1752,2801
96654559479,96654559478,-1,1286,2174
96654722467,96654722462,-5,767,1713
96654874837,96654874859,22,832,2213
96656938306,96656938303,-3,1124,3547
96670643774,96670643770,-4,679,1619
96671620450,96671620450,0,1239,2472
96673144402,96673144401,-1,567,1355
96676491401,96676491405,4,2211,1182
96678286783,96678286781,-2,676,1615
96690632666,96690632664,-2,978,1800
96691994897,96691994880,-17,836,1207
96693255179,96693255174,-5,550,2279
96696951040,96696951037,-3,1531,3472
96697671039,96697671037,-2,1239,1955
96697887302,96697887298,-4,1068,1880
96698332034,96698332033,-1,1210,2477
96699725035,96699725033,-2,1419,1566
96707362633,96707362630,-3,1359,1992
96708030514,96708030505,-9,1179,6788
96708798646,96708798643,-3,919,1789
96712706710,96712706709,-1,1209,2114
96713629845,96713629842,-3,966,1941
96713894110,96713894097,-13,1158,2386
96718855681,96718855678,-3,1209,2987
96719240926,96719240927,1,606,1340
96722604826,96722604822,-4,1044,1869
96722726574,96722726595,21,207,1317
96723099198,96723099195,-3,1103,1752
96724488344,96724488363,19,598,2693
96731330019,96731330018,-1,987,1619
96732994007,96732994009,2,1151,1398
96736051330,96736051326,-4,1404,2847
96745931818,96745931832,14,632,1170
96747176875,96747176863,-12,1315,2046
96747616863,96747616843,-20,218,1555
96749655946,96749655945,-1,1254,2137
96752126801,96752126797,-4,907,2607
96752294922,96752294916,-6,1376,3154
96752327330,96752327327,-3,892,2226
96754129861,96754129857,-4,1308,2668
96755065757,96755065755,-2,1094,2244
96755607511,96755607526,15,496,1448
96756819281,96756819278,-3,902,2283
96757574170,96757574166,-4,837,1574
96758805830,96758805844,14,1287,1295
96770113953,96770113950,-3,1131,2527
96770731878,96770731877,-1,1153,2327
96772449542,96772449535,-7,1059,2583
96773312986,96773312987,1,1143,1405
96774558235,96774558234,-1,1311,2518
96776646187,96776646185,-2,1143,2185
96787773115,96787773118,3,2553,2415
96788676382,96788676380,-2,1103,1346
96790931671,96790931669,-2,1059,1694
96791058366,96791058363,-3,1613,4194
96796680691,96796680686,-5,974,2349
96799871493,96799871490,-3,1325,1720
96801147283,96801147280,-3,880,1627
96802538446,96802538442,-4,1240,2124
96807125709,96807125707,-2,1525,3065
96810727883,96810727879,-4,1123,1762
96815550375,96815550370,-5,804,3174
96817973006,96817972998,-8,823,2419
96818070277,96818070263,-14,1129,2213
96819540378,96819540378,0,1226,1213
96820108661,96820108658,-3,1191,2220
96821529895,96821529894,-1,852,2064
96822253123,96822253122,-1,983,2297
96823700501,96823700499,-2,1023,1938
96825075983,96825075981,-2,1079,2083
96826963271,96826963274,3,2950,1982
96829900998,96829900996,-2,625,1456
96835654252,96835654250,-2,965,2618
96837970061,96837970059,-2,1308,2394
96839605185,96839605182,-3,1171,1736
96841513985,96841513984,-1,1189,2229
96841540789,96841540810,21,896,2120
96844755610,96844755611,1,1573,1712
96845019590,96845019593,3,1784,1933
96846571870,96846571870,0,2772,4067
96847633302,96847633301,-1,1217,2252
96850376778,96850376774,-4,1137,3021
96853920890,96853920894,4,1649,918
96857266661,96857266669,8,12398,21666
96860297955,96860297953,-2,1229,2118
96860563508,96860563495,-13,694,1029
96862220711,96862220709,-2,1043,1890
96862707756,96862707753,-3,1286,2014
96865106449,96865106447,-2,1214,1811
96866963538,96866963537,-1,1012,2811
96867393520,96867393518,-2,970,2328
96869931389,96869931386,-3,1729,2289
96871863920,96871863913,-7,1435,4663
96872499595,96872499593,-2,806,2384
96873915622,96873915617,-5,1260,2042
96876196686,96876196681,-5,1008,1907
96884535278,96884535277,-1,1359,2319
96887120823,96887120818,-5,990,2697
96887882723,96887882718,-5,574,1386
96888231799,96888231816,17,850,2633
96889821131,96889821127,-4,1366,2773
96894854137,96894854134,-3,782,1938
96897019631,96897019639,8,8537,21520
96900959574,96900959570,-4,842,2659
96901034332,96901034347,15,231,855
96905890086,96905890090,4,4880,2388
96906554462,96906554470,8,1223,575
96909526636,96909526631,-5,907,1794
96910243255,96910243253,-2,1364,1452
96917840758,96917840757,-1,976,1761
96919662662,96919662657,-5,955,2764
96921446382,96921446378,-4,1080,2910
96923499763,96923499761,-2,1227,2788
96923968405,96923968405,0,1276,1908
96925155990,96925155989,-1,1677,2858
96926569621,96926569622,1,1769,1837
96928417517,96928417538,21,1177,2652
96933348217,96933348214,-3,1155,1932
96939274618,96939274614,-4,1092,1905
96939350833,96939350831,-2,1291,2050
96946707562,96946707561,-1,999,2980
96954320953,96954320952,-1,1132,1912
96958453858,96958453856,-2,1632,2220
96962583743,96962583740,-3,1308,2862
96964820282,96964820281,-1,699,2148
96968725531,96968725525,-6,1077,2047
96970508110,96970508108,-2,1191,2202
96970540607,96970540606,-1,1657,2886
96972863353,96972863350,-3,1441,2119
96973486606,96973486603,-3,769,1853
96974299531,96974299526,-5,1860,5547
96980608502,96980608503,1,1295,2141
96981962510,96981962507,-3,678,1617
96990475524,96990475522,-2,1044,1611
96994713899,96994713897,-2,1056,1583
96995638891,96995638893,2,1515,1785
96997625975,96997625975,0,4512,6179
96998866763,96998866762,-1,1881,2468
96999640632,96999640633,1,1622,1599
97002476629,97002476626,-3,1053,1718
97004544974,97004544971,-3,951,2274
97014159694,97014159691,-3,878,2104
97015716326,97015716325,-1,697,2100
97019551323,97019551322,-1,1479,2962
97032995215,97032995214,-1,1028,2070
97038288371,97038288369,-2,1170,2197
97046359853,97046359853,0,1468,2121
97047719715,97047719712,-3,1330,2239
97049169475,97049169472,-3,1026,2302
97056808389,97056808386,-3,1032,2023
97058831350,97058831348,-2,1053,3566
97065152709,97065152706,-3,1173,2336
97067655685,97067655682,-3,1190,2227
97071878626,97071878623,-3,1527,2456
97077828941,97077828938,-3,1196,2338
97079631269,97079631266,-3,959,1169
97080811182,97080811174,-8,796,3627
97082780556,97082780554,-2,1545,2104
97088252717,97088252716,-1,1144,1771
97088341562,97088341557,-5,1261,2778
97088607693,97088607690,-3,1400,2449
97088831554,97088831549,-5,1112,2431
97090169093,97090169091,-2,1248,2712
97093959931,97093959931,0,1635,2308
97096844257,97096844255,-2,972,1938
97098673883,97098673881,-2,1027,3121
97103656118,97103656122,4,1511,962
97105546803,97105546800,-3,919,1766
97106648517,97106648497,-20,1323,2038
97111867790,97111867797,7,5739,2034
97115434115,97115434114,-1,750,1565
97116977213,97116977223,10,3821,1509
97117634295,97117634294,-1,1219,1663
97118603061,97118603060,-1,971,1447
97118721950,97118721950,0,868,1947
97119713991,97119713990,-1,1037,1674
97122498705,97122498701,-4,941,1404
97128732253,97128732258,5,4148,1453
97130238178,97130238176,-2,1038,1950
97130712003,97130712002,-1,999,1829
97130784935,97130784934,-1,985,1852
97131592983,97131592981,-2,1607,2572
97131707773,97131707793,20,1205,1599
97132477794,97132477793,-1,1152,2142
97134105514,97134105514,0,1358,3155
97134329479,97134329477,-2,725,1442
97134923044,97134923041,-3,1341,2368
97141633691,97141633688,-3,984,1694
97142325648,97142325648,0,2244,3632
97143131932,97143131929,-3,1739,2692
97143259531,97143259531,0,1762,2089
97145008678,97145008673,-5,1400,2288
97147694288,97147694285,-3,1116,3024
97154090710,97154090710,0,1399,2408
97155381300,97155381299,-1,1231,2467
97155408493,97155408494,1,206,939
97156139233,97156139232,-1,1054,2532
97158988239,97158988238,-1,724,2251
97159213765,97159213762,-3,183,745
97163062360,97163062360,0,1597,2167
97163656470,97163656467,-3,763,2003
97171401359,97171401358,-1,1109,1586
97171496860,97171496857,-3,1221,1967
97173341458,97173341455,-3,1010,2112
97173696351,97173696350,-1,826,1155
97175001267,97175001262,-5,690,1841
97175921418,97175921417,-1,1206,2288
97176685452,97176685449,-3,1195,2590
97176806438,97176806458,20,730,1625
97180965369,97180965367,-2,1183,2406
97190647820,97190647836,16,1008,2391
97192109600,97192109598,-2,1430,1777
97193670418,97193670417,-1,796,1897
97197133550,97197133539,-11,90,346
97198541102,97198541102,0,936,1560
97200724310,97200724307,-3,942,2385
97201957541,97201957548,7,3532,1348
97202096446,97202096443,-3,985,2513
97204158034,97204158032,-2,1484,2975
97208914286,97208914287,1,1573,2071
97209656911,97209656910,-1,949,1629
97211085425,97211085422,-3,954,2119
97216773461,97216773461,0,918,1844
97217444103,97217444100,-3,1263,2370
97218273986,97218273985,-1,1191,1954
97219274154,97219274159,5,1087,1173
97219625426,97219625421,-5,883,1580
97221104515,97221104514,-1,933,2098
97223979420,97223979417,-3,1252,2363
97228970587,97228970582,-5,922,2283
97230112491,97230112490,-1,654,1678
97238154071,97238154069,-2,948,2089
97239107080,97239107076,-4,1028,1845
97242073143,97242073139,-4,817,2110
97243518416,97243518413,-3,1116,2237
97248804790,97248804788,-2,1136,2260
97252927384,97252927384,0,1275,2002
97258226766,97258226765,-1,1735,2170
97258664890,97258664889,-1,883,2196
97260542433,97260542434,1,1605,1810
97263067430,97263067429,-1,1169,2042
97264055889,97264055887,-2,1196,2481
97264415035,97264415032,-3,983,2988
97266202038,97266202054,16,1000,2042
97271746363,97271746360,-3,1006,1999
97274573048,97274573045,-3,1304,2183
97275981775,97275981773,-2,1364,2508
97278890945,97278890942,-3,1245,2355
97279017361,97279017358,-3,1332,2284
97281864136,97281864116,-20,1542,2447
97283663531,97283663528,-3,1186,3272
97285639191,97285639195,4,2115,1314
97289963746,97289963745,-1,850,1380
97291227483,97291227487,4,2492,1570
97297768142,97297768138,-4,1491,2382
97298021505,97298021500,-5,683,2423
97298433509,97298433522,13,234,775
97299185132,97299185130,-2,1435,2058
97304186969,97304186966,-3,1738,2340
97305618626,97305618623,-3,1135,2561
97305917720,97305917713,-7,2250,6712
97311272607,97311272605,-2,942,1982
97314366550,97314366547,-3,1020,1982
97316288238,97316288234,-4,1817,2258
97320009817,97320009815,-2,984,1339
97321708089,97321708086,-3,1305,2243
97324934067,97324934073,6,2296,1483
97325146028,97325146025,-3,1518,4018
97325264051,97325264050,-1,1121,2205
97327947823,97327947821,-2,1157,1441
97329002151,97329002149,-2,1104,2586
97331999058,97331999058,0,1322,1839
97333922354,97333922353,-1,1282,1851
97334042373,97334042392,19,680,1832
97334517783,97334517780,-3,990,2686
97345857026,97345857025,-1,988,1966
97352791442,97352791441,-1,1169,2127
97353517458,97353517454,-4,1135,1986
97358336790,97358336791,1,2216,2141
97358700263,97358700262,-1,1064,2188
97360546214,97360546214,0,944,1827
97367576758,97367576756,-2,1378,2607
97367734049,97367734044,-5,1007,1964
97368059798,97368059795,-3,1049,2261
97368560818,97368560813,-5,901,2062
97372019303,97372019301,-2,1143,2855
97376448934,97376448930,-4,1091,2364
97378188030,97378188025,-5,916,2424
97380411877,97380411873,-4,521,2162
97381437279,97381437272,-7,1070,2278
97385957887,97385957885,-2,878,1530
97390168815,97390168817,2,1163,1374
97391762243,97391762240,-3,22348,9636
97392696562,97392696579,17,1138,1862
97396257275,97396257274,-1,781,1725
97398209265,97398209262,-3,1309,2458
97402316990,97402316987,-3,930,2685
97403465323,97403465321,-2,1442,2270
97409798595,97409798593,-2,844,1592
97412063338,97412063341,3,1738,1138
97417373706,97417373701,-5,1082,1991
97419463457,97419463449,-8,578,2089
97420261454,97420261442,-12,962,2774
97421261549,97421261546,-3,540,1907
97421726167,97421726163,-4,1048,3134
97423164082,97423164082,0,1278,1905
97424620089,97424620093,4,1552,1141
97428268471,97428268469,-2,1227,2332
97429014059,97429014056,-3,1110,1989
97433357986,97433357985,-1,808,1540
97435072409,97435072410,1,1296,1986
97435300681,97435300676,-5,1285,2193
97439647644,97439647642,-2,1147,2153
97445040326,97445040323,-3,1434,2532
97448390313,97448390310,-3,1143,2254
97450411506,97450411503,-3,1078,2282
97452043255,97452043253,-2,1061,2384
97452651162,97452651163,1,1230,1954
97454608847,97454608845,-2,1166,2554
97456076075,97456076071,-4,1307,3339
97459183853,97459183851,-2,1225,2072
97459984702,97459984702,0,1014,1877
97460263006,97460263006,0,2443,3340
97462253462,97462253460,-2,1045,1254
97463155759,97463155758,-1,1570,1360
97465033203,97465033203,0,948,1518
97467876478,97467876475,-3,1359,2599
97470835374,97470835373,-1,1285,1746
97471692942,97471692940,-2,1393,3056
97471955671,97471955650,-21,260,3686
97472602470,97472602466,-4,1124,3236
97472971462,97472971460,-2,1008,2059
97473517074,97473517069,-5,922,2373
97477402475,97477402472,-3,2370,6087
97477688954,97477688951,-3,1402,2381
97481464722,97481464721,-1,1190,2565
97482603449,97482603450,1,4379,3072
97483761908,97483761902,-6,810,2408
97495061409,97495061405,-4,1215,3064
97498083254,97498083251,-3,1164,1398
97500445739,97500445737,-2,890,1995
97500546261,97500546268,7,51942,19394
97507781822,97507781816,-6,1299,2221
97520166163,97520166160,-3,1284,3135
97524685014,97524685011,-3,707,2282
97526998181,97526998178,-3,1218,2997
97533655851,97533655846,-5,942,2639
97535296723,97535296721,-2,942,2168
97536523974,97536523972,-2,1115,1627
97536961303,97536961301,-2,1459,2679
97543379945,97543379942,-3,1505,2459
97544961703,97544961701,-2,1397,1581
97545159772,97545159764,-8,1074,1914
97547863371,97547863367,-4,1322,2702
97550145725,97550145722,-3,952,1387
97552745900,97552745907,7,4757,1713
97555317328,97555317321,-7,1001,3065
97556244328,97556244346,18,869,2330
97556935650,97556935648,-2,953,2906
97557025813,97557025801,-12,752,1396
97558066140,97558066123,-17,812,1751
97561567727,97561567725,-2,1114,1622
97562811835,97562811834,-1,1090,2488
97564129099,97564129095,-4,874,2360
97564427198,97564427214,16,1349,2493
97564629508,97564629498,-10,334,1839
97565131355,97565131350,-5,996,2032
97565637193,97565637192,-1,1312,1816
97568902520,97568902522,2,2444,2153
97570516563,97570516563,0,1002,1025
97573903339,97573903338,-1,1164,2487
97578129712,97578129710,-2,1298,2325
97578250318,97578250312,-6,1019,5234
97578917969,97578917966,-3,1264,3034
97579408557,97579408559,2,1419,1493
97583865566,97583865562,-4,656,1324
97586443562,97586443558,-4,1316,3549
97589563225,97589563224,-1,1065,2054
97592758323,97592758320,-3,861,1653
97593167504,97593167493,-11,253,696
97598422543,97598422539,-4,1135,2182
97599098875,97599098874,-1,1250,2047
97601686501,97601686501,0,1496,1885
97604250237,97604250239,2,4246,2714
97604455995,97604455990,-5,917,3210
97611536897,97611536900,3,2298,2042
97612228223,97612228218,-5,1010,4288
97613595249,97613595248,-1,1316,2414
97614644226,97614644222,-4,634,1176
97617750642,97617750640,-2,1109,1883
97618221190,97618221190,0,1291,2025
97620581271,97620581268,-3,1211,1852
97622251427,97622251424,-3,1158,2022
97626605118,97626605115,-3,1207,2335
97633042833,97633042829,-4,1396,2535
97635296511,97635296507,-4,1237,2125
97639496903,97639496899,-4,2061,4157
97639936237,97639936234,-3,1449,2758
97640134186,97640134183,-3,1723,2304
97640499417,97640499424,7,8639,2873
97641502165,97641502162,-3,1112,2888
97643306727,97643306724,-3,984,1898
97645801313,97645801310,-3,786,3422
97646774933,97646774929,-4,1016,2938
97651229382,97651229382,0,1477,1589
97652057809,97652057806,-3,882,2282
97656520827,97656520825,-2,1260,1793
97659832947,97659832942,-5,947,2156
97665415997,97665415993,-4,30262,12705
97668224239,97668224239,0,1256,1359
97669238734,97669238729,-5,974,2629
97676450835,97676450832,-3,1642,2618
97676730742,97676730740,-2,1288,2075
97685546933,97685546931,-2,1164,1926
97691045273,97691045270,-3,1438,2380
97691347695,97691347681,-14,397,987
97698076271,97698076266,-5,962,3003
97699791281,97699791278,-3,1169,2383
97700762358,97700762354,-4,1681,4013
97704704011,97704704009,-2,1242,2393
97705002698,97705002694,-4,1160,3218
97705858847,97705858837,-10,972,1938
97705998023,97705998021,-2,726,2124
97710777460,97710777483,23,715,1918
97711313255,97711313250,-5,1159,2751
97716041153,97716041154,1,32745,35056
97719152573,97719152572,-1,1057,1744
97722872280,97722872286,6,2087,1044
97744944567,97744944568,1,2331,3025
97745662835,97745662834,-1,1950,1581
97749384125,97749384123,-2,956,2616
97751060422,97751060421,-1,1193,1592
97751423254,97751423260,6,10781,35164
97757382417,97757382399,-18,29509,26559
97757692080,97757692073,-7,1683,5772
97758798046,97758798047,1,1823,2677
97763557170,97763557165,-5,982,3511
97766576149,97766576142,-7,38344,13471
97767606151,97767606145,-6,613,2097
97767796337,97767796334,-3,1027,2100
97768705409,97768705415,6,6892,3347
97770493190,97770493190,0,1489,2290
97772504294,97772504291,-3,974,2526
97780620498,97780620492,-6,1442,2724
97788721374,97788721369,-5,4769,13799
97789223445,97789223442,-3,1224,1915
97789903291,97789903286,-5,996,2638
97802478263,97802478262,-1,1228,1924
97802862045,97802862067,22,1465,2576
97805162071,97805162066,-5,1106,2339
97805244367,97805244384,17,398,1421
97806214962,97806214958,-4,754,1666
97807616191,97807616187,-4,1162,1414
97811270258,97811270262,4,1500,965
97812740995,97812740990,-5,996,1924
97816520134,97816520129,-5,1125,2615
97816850831,97816850822,-9,179,994
97823272491,97823272487,-4,1578,4568
97824791102,97824791098,-4,1270,2784
97827605241,97827605245,4,4173,2782
97828885099,97828885098,-1,1306,1978
97829036365,97829036349,-16,1203,2097
97829307163,97829307162,-1,855,2056
97831726642,97831726641,-1,864,1860
97836647556,97836647553,-3,1335,2763
97836832831,97836832837,6,2493,1505
97839524098,97839524097,-1,1249,2633
97841872692,97841872690,-2,1117,1935
97844037516,97844037512,-4,1160,2757
97848670969,97848670966,-3,1089,2155
97849939314,97849939313,-1,1183,2118
97850762153,97850762150,-3,774,2161
97851127445,97851127441,-4,1444,1783
97851510212,97851510211,-1,1156,2015
97851645134,97851645133,-1,669,1093
97853034268,97853034263,-5,1023,2261
97858797285,97858797284,-1,2096,4515
97864463296,97864463294,-2,940,2118
97864804419,97864804416,-3,1513,2827
97870194798,97870194797,-1,1347,2522
97871652823,97871652821,-2,1297,1865
97874652170,97874652165,-5,1031,1928
97876698815,97876698815,0,1276,1999
97877474391,97877474397,6,3203,1206
97882734452,97882734447,-5,883,2125
97883231616,97883231634,18,1162,1636
97887063440,97887063438,-2,960,1425
97888401874,97888401870,-4,829,1588
97889753920,97889753915,-5,1409,3897
97890132038,97890132025,-13,1112,3214
97891195622,97891195619,-3,846,2702
97891621790,97891621789,-1,1319,2339
97893109565,97893109561,-4,866,2721
97897197679,97897197678,-1,1282,1752
97897428230,97897428228,-2,1466,2171
97901189967,97901189966,-1,774,1484
97905171187,97905171193,6,4433,1910
97908187107,97908187103,-4,1231,1928
97908812133,97908812143,10,145,923
97909699023,97909699018,-5,1045,2333
97909908279,97909908283,4,448,652
97911349804,97911349802,-2,1412,3692
97911993630,97911993628,-2,1360,2401
97919177129,97919177125,-4,923,2785
97919508337,97919508334,-3,1685,2375
97921929322,97921929319,-3,866,2481
97924252151,97924252146,-5,1261,2303
97928535468,97928535466,-2,1402,2253
97928578870,97928578866,-4,867,3658
97936189962,97936189959,-3,1105,2450
97936226516,97936226514,-2,825,1496
97939721631,97939721633,2,3593,3163
97947810347,97947810343,-4,757,1445
97950519237,97950519235,-2,818,2481
97950761966,97950761963,-3,906,1825
97950855175,97950855179,4,2310,1331
97951902315,97951902313,-2,1417,2547
97952274519,97952274533,14,13806,47746
97959240701,97959240703,2,1478,2247
97960275629,97960275626,-3,1199,2619
97962253262,97962253258,-4,474,1662
97963843621,97963843619,-2,761,2189
97966800687,97966800687,0,937,1599
97968411294,97968411293,-1,1089,2090
97969090383,97969090383,0,18183,22404
97970064234,97970064233,-1,1035,2021
97970852643,97970852640,-3,1609,2870
97970951399,97970951397,-2,1142,2989
97971875141,97971875138,-3,1026,2195
97972508238,97972508232,-6,1341,2062
97973987575,97973987573,-2,2268,2923
97974506098,97974506097,-1,1089,1770
97981923348,97981923344,-4,1588,3205
97983727719,97983727718,-1,949,2313
97986890034,97986890032,-2,1863,3287
97987872626,97987872624,-2,897,2191
97990729343,97990729341,-2,1280,2549
97993544784,97993544800,16,812,1626
97996502610,97996502606,-4,1057,2086
98004722007,98004722003,-4,1366,2157
98005177227,98005177223,-4,1364,2535
98005784334,98005784331,-3,1126,2196
98011453458,98011453456,-2,951,1449
98011706521,98011706521,0,797,1483
98013196073,98013196070,-3,1107,2429
98013917362,98013917361,-1,1107,2487
98014435583,98014435582,-1,836,2890
98014998846,98014998845,-1,1262,2114
98017960551,98017960548,-3,1014,1752
98019539767,98019539764,-3,932,1638
98023822490,98023822486,-4,1590,2370
98024253308,98024253302,-6,950,1978
98025972282,98025972279,-3,1550,2689
98036184489,98036184486,-3,737,1982
98036937555,98036937553,-2,1066,1732
98038312046,98038312044,-2,949,2025
98039000057,98039000053,-4,868,2369
98039652791,98039652790,-1,2044,2692
98040681169,98040681165,-4,1082,2793
98041864889,98041864886,-3,953,1684
98044037827,98044037826,-1,1478,1686
98044217370,98044217370,0,1344,2276
98044840746,98044840746,0,906,2184
98046747431,98046747429,-2,1315,2011
98046808358,98046808356,-2,854,2213
98048238834,98048238831,-3,1619,3020
98049702575,98049702576,1,961,1276
98054713950,98054713949,-1,705,1976
98061647409,98061647406,-3,1577,2038
98062028509,98062028507,-2,1315,2334
98062673423,98062673421,-2,1615,2537
98066332443,98066332439,-4,801,1990
98067820909,98067820906,-3,823,2600
98073639735,98073639734,-1,877,1881
98075169957,98075169953,-4,939,1801
98082675106,98082675104,-2,1392,2358
98083922842,98083922838,-4,751,1953
98088025766,98088025766,0,1405,1473
98088517003,98088517001,-2,718,2108
98089638493,98089638507,14,360,840
98092056483,98092056481,-2,1678,2811
98096134615,98096134613,-2,1106,2110
98096916887,98096916892,5,2511,1323
98102065918,98102065913,-5,971,2305
98103739900,98103739917,17,957,1971
98103971774,98103971770,-4,996,2981
98107763590,98107763590,0,1505,1352
98109189397,98109189398,1,2431,2313
98109970379,98109970378,-1,1138,1949
98115196981,98115196992,11,13426,51241
98119014081,98119014078,-3,842,2666
98120675344,98120675341,-3,946,1816
98121870290,98121870289,-1,1345,1479
98124565110,98124565109,-1,684,2301
98125629926,98125629923,-3,1317,2276
98127797678,98127797675,-3,1106,2730
98128218090,98128218089,-1,900,2172
98131226147,98131226145,-2,1016,1433
98132847615,98132847611,-4,906,2491
98133464627,98133464626,-1,1553,2586
98134861274,98134861270,-4,984,1479
98136882277,98136882274,-3,1290,2559
98136989292,98136989275,-17,346,981
98137493265,98137493262,-3,963,2015
98149294054,98149294050,-4,1124,3966
98149551405,98149551402,-3,1327,2555
98152182340,98152182338,-2,954,1506
98153539314,98153539310,-4,1329,2273
98154044114,98154044110,-4,703,1368
98154616995,98154616991,-4,891,2075
98157178814,98157178810,-4,917,2051
98158034523,98158034520,-3,866,1458
98160075650,98160075648,-2,1023,1844
98162906448,98162906445,-3,1224,2156
98164271783,98164271778,-5,1069,2929
98164795591,98164795594,3,1085,19387
98166090382,98166090382,0,1645,1976
98168659357,98168659354,-3,1284,1940
98171413235,98171413230,-5,841,2584
98180296922,98180296918,-4,1317,3464
98181065079,98181065077,-2,1082,2842
98186485490,98186485484,-6,726,2987
98190796630,98190796613,-17,4027,1450
98192381725,98192381723,-2,990,1948
98194783746,98194783746,0,1042,2328
98194873764,98194873786,22,1576,2002
98196149598,98196149596,-2,1182,2050
98197987111,98197987108,-3,924,3144
98199651992,98199651989,-3,1117,2010
98204553241,98204553238,-3,1348,2657
98206963435,98206963432,-3,1040,1890
98208436422,98208436422,0,1416,2284
98210686053,98210686049,-4,1326,2346
98214659614,98214659609,-5,1520,2345
98215887798,98215887796,-2,1060,2847
98220797793,98220797791,-2,1885,2410
98221558217,98221558216,-1,943,2345
98224255230,98224255229,-1,960,1957
98226480902,98226480898,-4,805,1444
98230373870,98230373867,-3,801,2278
98233297261,98233297259,-2,1041,3118
98233499763,98233499758,-5,1155,2439
98234984693,98234984688,-5,1201,1420
98236569499,98236569497,-2,2098,3649
98237373211,98237373206,-5,911,1118
98240409342,98240409337,-5,1033,2727
98246082409,98246082402,-7,2495,6797
98246363445,98246363444,-1,990,2145
98247733558,98247733553,-5,769,1141
98250449199,98250449205,6,2792,1753
98251819965,98251819962,-3,1622,2437
98253601564,98253601562,-2,1169,1956
98255046493,98255046477,-16,1116,2112
98263879611,98263879610,-1,908,2066
98265335567,98265335564,-3,1278,3072
98268950823,98268950818,-5,976,2447
98271873993,98271873997,4,2527,1536
98275467682,98275467682,0,1265,1451
98281783752,98281783749,-3,914,1940
98285284818,98285284821,3,592,896
98286415594,98286415595,1,1482,1481
98290274030,98290274028,-2,1292,1926
98291893218,98291893216,-2,977,2469
98296535237,98296535235,-2,954,1594
98299944262,98299944256,-6,1173,4983
98300478450,98300478450,0,1306,2402
98304142195,98304142191,-4,1132,2764
98309341870,98309341869,-1,1121,2734
98313241206,98313241203,-3,1217,2803
98314587351,98314587350,-1,1012,1964
98319207315,98319207313,-2,739,1374
98336484961,98336484962,1,1604,1900
98337460015,98337460014,-1,839,1454
98337685688,98337685706,18,1044,2073
98342198385,98342198381,-4,1511,6193
98345352055,98345352054,-1,875,2025
98345740413,98345740406,-7,1108,2799
98352971093,98352971090,-3,1099,2777
98354027496,98354027493,-3,1128,2914
98355619638,98355619638,0,1482,2552
98361477136,98361477134,-2,1144,2159
98363168308,98363168306,-2,1395,1538
98363852711,98363852709,-2,1089,2484
98365553630,98365553629,-1,761,1162
98368575566,98368575555,-11,11768,28945
98369252963,98369252960,-3,898,2169
98373904646,98373904645,-1,1235,2275
98376544051,98376544062,11,14180,29737
98378453521,98378453517,-4,1330,2468
98381290287,98381290283,-4,1235,2066
98384635549,98384635565,16,1492,910
98385735255,98385735252,-3,1004,2509
98386759691,98386759689,-2,1305,1710
98389217580,98389217578,-2,1033,2595
98394029855,98394029853,-2,997,2136
98395336762,98395336760,-2,1318,3232
98395663439,98395663437,-2,1224,2261
98398830474,98398830471,-3,1025,2344
98402721211,98402721210,-1,962,1476
98402957837,98402957833,-4,1635,1649
98403994545,98403994545,0,1503,1464
98404528714,98404528710,-4,1120,1825
98405296565,98405296563,-2,947,1838
98414993566,98414993564,-2,1131,2213
98417556035,98417556032,-3,1130,2775
98422903246,98422903253,7,2855,1317
98424764671,98424764667,-4,1571,3000
98425979801,98425979798,-3,968,2919
98426630014,98426630012,-2,1141,2095
98427562977,98427562979,2,3923,2359
98428249233,98428249230,-3,743,1591
98429314942,98429314939,-3,1122,2095
98431414678,98431414675,-3,1443,3092
98431469517,98431469537,20,1424,2628
98435365819,98435365818,-1,973,1568
98436618994,98436618989,-5,1524,2078
98439420967,98439420964,-3,1007,1881
98442375901,98442375894,-7,1010,4532
98445498869,98445498865,-4,1145,2158
98454344566,98454344562,-4,2057,3256
98454419210,98454419206,-4,1007,1982
98455549116,98455549113,-3,1166,2355
98457720995,98457720994,-1,1400,2568
98458212581,98458212595,14,356,1609
98461483852,98461483849,-3,1198,2002
98463576149,98463576146,-3,1312,2177
98463855581,98463855568,-13,871,2734
98466064408,98466064405,-3,1638,1916
98468173981,98468173980,-1,1472,2767
98468953751,98468953750,-1,913,2078
98474422543,98474422542,-1,1048,1873
98480910498,98480910498,0,1571,2989
98483317755,98483317755,0,1020,1469
98487124095,98487124092,-3,1356,2895
98487983951,98487983947,-4,981,2799
98497378514,98497378516,2,2265,2071
98498792623,98498792618,-5,966,3101
98505559130,98505559128,-2,1224,1769
98522688251,98522688246,-5,1043,2014
98524730763,98524730762,-1,1272,1894
98526780225,98526780223,-2,858,1887
98527306565,98527306562,-3,1291,2436
98535255666,98535255666,0,1028,1779
98535459778,98535459775,-3,1208,2438
98538684238,98538684237,-1,1303,1952
98541388324,98541388330,6,4894,1850
98542680818,98542680817,-1,1096,2427
98546787126,98546787133,7,3495,1347
98550197744,98550197738,-6,1524,2534
98551259630,98551259626,-4,915,2185
98555093894,98555093893,-1,865,1711
98555549443,98555549441,-2,1039,1494
98555639945,98555639941,-4,2075,4983
98555768502,98555768503,1,1052,1461
98556475687,98556475707,20,1032,1785
98556737842,98556737839,-3,1179,2580
98558320123,98558320127,4,2699,1103
98558890289,98558890290,1,1274,2142
98559722352,98559722339,-13,1006,2206
98573721323,98573721322,-1,1565,2772
98577832267,98577832264,-3,1569,2705
98578738181,98578738178,-3,796,1607
98582633470,98582633468,-2,1332,2382
98583961966,98583961962,-4,1340,2338
98598173763,98598173761,-2,1388,2508
98600525941,98600525937,-4,1320,2353
98602920083,98602920082,-1,957,2346
98602984532,98602984527,-5,1172,3020
98603374751,98603374769,18,910,2249
98610799630,98610799630,0,1442,1800
98614732445,98614732445,0,1505,1820
98616686035,98616686031,-4,1282,2864
98618011249,98618011247,-2,1590,2849
98621288527,98621288526,-1,1408,2826
98628021129,98628021126,-3,748,2462
98628125645,98628125633,-12,924,1967
98630845659,98630845654,-5,1583,3072
98632272022,98632272019,-3,1148,2015
98633716474,98633716471,-3,1068,1883
98640523770,98640523767,-3,1312,1826
98643378576,98643378594,18,334,1748
98651501855,98651501852,-3,896,1831
98652900600,98652900599,-1,908,2441
98658432640,98658432638,-2,1721,3122
98659951893,98659951890,-3,1132,3111
98660020686,98660020685,-1,815,2000
98661502264,98661502258,-6,1000,2427
98661716334,98661716330,-4,1022,2121
98665950094,98665950091,-3,582,1442
98670188848,98670188842,-6,1164,2265
98670733437,98670733445,8,6674,2452
98672895639,98672895636,-3,627,1438
98679860706,98679860703,-3,1200,2258
98680983138,98680983135,-3,879,1676
98683817661,98683817655,-6,1771,3561
98685188126,98685188124,-2,1315,2463
98685857380,98685857374,-6,1210,1668
98686131311,98686131305,-6,1085,3952
98686360628,98686360622,-6,1183,2943
98686750750,98686750770,20,989,1577
98697830991,98697830989,-2,789,2581
98701116325,98701116322,-3,955,2908
98701552634,98701552630,-4,1103,1765
98711255754,98711255753,-1,1594,2308
98713558126,98713558125,-1,1133,2208
98715205779,98715205777,-2,1468,3312
98720548575,98720548573,-2,931,2604
98724774736,98724774731,-5,850,1483
98729270902,98729270902,0,1167,3098
98729755485,98729755484,-1,1100,2792
98730204039,98730204038,-1,1149,2528
98737552592,98737552589,-3,1024,1918
98739819339,98739819338,-1,1010,1944
98742965179,98742965178,-1,917,2042
98746487395,98746487393,-2,779,2004
98751023452,98751023450,-2,1305,1939
98754932476,98754932475,-1,912,1618
98758169350,98758169350,0,1552,2560
98760039479,98760039477,-2,1271,2719
98760171903,98760171901,-2,1247,2179
98761144815,98761144819,4,2527,2343
98761330387,98761330386,-1,1205,2084
98764525839,98764525836,-3,859,1831
98766100694,98766100691,-3,1064,2592
98766633143,98766633142,-1,1053,2092
98766881709,98766881728,19,882,1398
98770315509,98770315507,-2,628,2113
98771897915,98771897911,-4,1301,2524
98777064478,98777064475,-3,1088,3209
98778632642,98778632641,-1,1119,2131
98784370806,98784370803,-3,812,1345
98786294007,98786294004,-3,829,2252
98786611310,98786611323,13,358,1585
98798787170,98798787167,-3,949,2366
98798859870,98798859868,-2,935,2317
98802560922,98802560920,-2,1313,1951
98802919037,98802919037,0,1049,1895
98803819025,98803819025,0,1752,1163
98806623859,98806623858,-1,1067,2101
98810562895,98810562891,-4,1009,1903
98817565039,98817565038,-1,1022,2706
98818862821,98818862819,-2,751,1610
98819752846,98819752845,-1,1247,2254
98820080434,98820080430,-4,1219,1594
98820209958,98820209957,-1,1117,2163
98823181849,98823181845,-4,887,1800
98824151851,98824151847,-4,1026,1757
98826231707,98826231705,-2,963,2364
98828004458,98828004455,-3,1135,2753
98829796468,98829796464,-4,1135,2029
98833024833,98833024830,-3,1184,1655
98843116726,98843116729,3,1568,1739
98843313972,98843313968,-4,1490,4071
98843762571,98843762569,-2,1715,2973
98846270622,98846270619,-3,987,1782
98849838354,98849838351,-3,843,2040
98856780171,98856780170,-1,1688,2078
98858850978,98858850975,-3,770,1880
98858885846,98858885855,9,115,645
98867337335,98867337343,8,3180,1195
98877147957,98877147955,-2,697,2497
98878489955,98878489952,-3,1272,2118
98880857538,98880857538,0,1410,1654
98883477481,98883477478,-3,1494,2369
98884746374,98884746370,-4,1700,2756
98885152906,98885152903,-3,1214,2002
98885400238,98885400235,-3,952,2361
98885854347,98885854345,-2,1504,2538
98888778970,98888778966,-4,750,1165
98889033736,98889033732,-4,1459,2704
98891982902,98891982905,3,3863,3264
98894535727,98894535725,-2,1729,2679
98895114204,98895114199,-5,1707,2645
98895336526,98895336519,-7,1292,6407
98896590593,98896590590,-3,948,1406
98897772467,98897772464,-3,1165,2521
98898056143,98898056143,0,944,1852
98899958463,98899958462,-1,1739,2775
98903685614,98903685614,0,1122,1482
98906714943,98906714941,-2,784,1218
98907369357,98907369354,-3,1373,2436
98918057806,98918057803,-3,970,2002
98918160356,98918160342,-14,1040,1337
98924143018,98924143015,-3,1004,3479
98927072135,98927072135,0,1204,2147
98929117362,98929117361,-1,934,2606
98930977923,98930977919,-4,1021,2240
98936560978,98936560974,-4,1286,3080
98943833196,98943833191,-5,772,2131
98944812901,98944812902,1,1696,1831
98944919051,98944919048,-3,1343,2741
98945209783,98945209780,-3,925,1464
98947329882,98947329881,-1,1158,1953
98947672514,98947672510,-4,815,1650
98954851496,98954851494,-2,1071,2344
98954956879,98954956875,-4,1136,1441
98956309325,98956309321,-4,946,1811
98957759669,98957759655,-14,1659,1063
98958856958,98958856953,-5,634,1882
98958922790,98958922790,0,346,1556
98966933174,98966933172,-2,1851,2753
98969798621,98969798627,6,17217,7665
98970698682,98970698678,-4,1002,1690
98979527046,98979527044,-2,1375,2025
98981523797,98981523797,0,1486,1997
98981967367,98981967363,-4,928,2144
98991219830,98991219832,2,2907,2852
98998228403,98998228403,0,1336,2246
99000847409,99000847416,7,3344,2176
99005511331,99005511326,-5,1163,2219
99007003441,99007003442,1,1788,1629
99014763531,99014763529,-2,1578,2178
99016104498,99016104496,-2,1398,2714
99018333405,99018333402,-3,1035,2143
99020967935,99020967931,-4,992,2410
99022441234,99022441234,0,919,1898
99023529788,99023529787,-1,1585,1956
99023917623,99023917618,-5,932,2455
99024348179,99024348179,0,701,1387
99029046858,99029046855,-3,1147,2634
99037846705,99037846702,-3,1305,2258
99055305343,99055305341,-2,1161,2009
99056136971,99056136970,-1,926,1868
99058989815,99058989813,-2,1196,2767
99064944566,99064944565,-1,1108,1961
99065681528,99065681526,-2,787,2060
99065891170,99065891166,-4,22483,9541
99067515986,99067515985,-1,1567,2433
99069677518,99069677514,-4,1003,2096
99075806557,99075806552,-5,1214,2786
99082562376,99082562375,-1,1285,2741
99087807156,99087807154,-2,1042,2306
99090126603,99090126599,-4,1213,2516
99091724227,99091724224,-3,767,1872
99095512501,99095512498,-3,993,1816
99097040969,99097040968,-1,1137,2120
99099954694,99099954691,-3,959,2760
99106331783,99106331779,-4,1317,1973
99107512481,99107512479,-2,1015,2577
99109988560,99109988558,-2,1519,1894
99111585272,99111585269,-3,1167,1719
99114983922,99114983922,0,1260,1824
99117073679,99117073678,-1,738,1989
99120034985,99120034986,1,2432,3189
99120741623,99120741619,-4,1605,2574
99122862428,99122862426,-2,1175,1993
99127383767,99127383764,-3,777,1769
99128398867,99128398866,-1,1128,2384
99128553699,99128553694,-5,979,2454
99129780901,99129780897,-4,1020,2295
99131531723,99131531718,-5,979,2019
99139568183,99139568182,-1,951,3219
99139607821,99139607818,-3,1311,1924
99140127995,99140127991,-4,1246,2862
99146171581,99146171577,-4,924,2521
99146636956,99146636958,2,2053,1822
99147089228,99147089226,-2,1506,1993
99147532605,99147532601,-4,1384,2432
99147643508,99147643501,-7,1252,1619
99153487470,99153487469,-1,975,1911
99158532388,99158532386,-2,1926,3686
99158662350,99158662369,19,1407,2588
99159639582,99159639582,0,1106,1888
99159923354,99159923362,8,12299,4628
99164765098,99164765097,-1,969,1597
99166013719,99166013714,-5,1213,2645
99169850147,99169850144,-3,1418,1944
99173797073,99173797065,-8,2555,8323
99177455201,99177455198,-3,865,1255
99183306361,99183306358,-3,1307,2343
99184346380,99184346372,-8,1733,8464
99184426564,99184426546,-18,1352,2789
99186955577,99186955574,-3,963,2275
99187732569,99187732567,-2,822,2315
99199122126,99199122122,-4,976,2160
99200574311,99200574311,0,1556,1841
99204844002,99204843997,-5,878,2333
99204960766,99204960763,-3,965,2378
99205130665,99205130662,-3,866,2426
99208765486,99208765483,-3,1341,3011
99211428999,99211428995,-4,1131,3201
99214982931,99214982933,2,1118,1896
99217386361,99217386357,-4,959,2076
99217755645,99217755641,-4,985,1545
99219691006,99219691003,-3,41434,20025
99220310671,99220310670,-1,1249,2416
99220979979,99220979974,-5,1072,1645
99225687875,99225687870,-5,1158,2305
99230374889,99230374886,-3,1368,2856
99232020726,99232020726,0,673,1472
99235835186,99235835190,4,7408,21885
99248192435,99248192433,-2,942,2534
99250385539,99250385537,-2,1241,2030
99257721245,99257721243,-2,856,1410
99257904580,99257904594,14,365,893
99262063919,99262063914,-5,1152,2420
99264668826,99264668823,-3,1668,3021
99264775457,99264775468,11,15200,44599
99265300683,99265300682,-1,1439,2539
99269241448,99269241443,-5,592,1388
99272196685,99272196690,5,2502,1711
99272474570,99272474569,-1,1130,1903
99272847878,99272847878,0,1364,2185
99273737967,99273737965,-2,1251,1975
99276386204,99276386203,-1,1100,1661
99277680793,99277680790,-3,25914,15102
99282680098,99282680097,-1,1498,1933
99283548699,99283548697,-2,1163,2043
99283653357,99283653369,12,354,1030
99285758030,99285758027,-3,1180,2217
99287675738,99287675735,-3,754,2434
99290351302,99290351300,-2,1083,1828
99292553170,99292553167,-3,1266,2081
99297039370,99297039367,-3,1006,1442
99302062786,99302062783,-3,673,1684
99305487850,99305487845,-5,773,2633
99305764934,99305764932,-2,912,2385
99306874794,99306874790,-4,701,1109
99309856873,99309856879,6,5972,2889
99310260948,99310260947,-1,1037,1729
99311550194,99311550191,-3,1480,1835
99313710990,99313710988,-2,1253,1924
99314282958,99314282957,-1,4178,7751
99315280682,99315280681,-1,1156,1908
99317589907,99317589906,-1,827,2256
99319255538,99319255537,-1,1443,1577
99320455631,99320455627,-4,956,2175
99320601284,99320601307,23,713,1601
99320756530,99320756526,-4,972,2050
99327338542,99327338544,2,857,1441
99332122518,99332122514,-4,982,1761
99335311727,99335311722,-5,820,2148
99335807454,99335807452,-2,926,2093
99342235906,99342235903,-3,902,1865
99343027418,99343027414,-4,1039,2233
99344525105,99344525105,0,1050,1333
99345943243,99345943242,-1,616,1538
99346393929,99346393925,-4,1230,1782
99348491234,99348491229,-5,947,2652
99351694714,99351694713,-1,868,1584
99354383575,99354383569,-6,790,3659
99359738759,99359738757,-2,1372,2277
99360892753,99360892750,-3,748,2222
99363285798,99363285797,-1,1124,2307
99370495041,99370495038,-3,1570,2568
99378840518,99378840516,-2,1160,1488
99381378366,99381378364,-2,1230,1751
99382064918,99382064916,-2,1130,2223
99383206625,99383206622,-3,1998,2922
99384766135,99384766130,-5,684,1925
99385403005,99385403002,-3,944,2104
99386109741,99386109738,-3,971,1800
99390019222,99390019218,-4,1162,2614
99395386207,99395386204,-3,916,2126
99397070578,99397070575,-3,1436,2000
99399308658,99399308655,-3,1120,1521
99401140334,99401140331,-3,940,1947
99402080294,99402080279,-15,157,553
99421067718,99421067715,-3,845,2061
99422764882,99422764882,0,1450,2132
99425293549,99425293545,-4,1006,1962
99427606638,99427606638,0,1513,2352
99428330258,99428330258,0,1361,2109
99428442365,99428442364,-1,1550,2606
99429772703,99429772701,-2,1352,2618
99435544766,99435544762,-4,1040,2568
99437226481,99437226478,-3,1127,2678
99439306008,99439306021,13,351,1492
99440385958,99440385958,0,973,1765
99441276111,99441276109,-2,739,2429
99441757718,99441757729,11,469,1809
99442192450,99442192448,-2,1556,2600
99446320333,99446320333,0,1114,1917
99449043715,99449043735,20,998,1030
99450670275,99450670274,-1,1337,2768
99453068966,99453068951,-15,849,2312
99453145261,99453145281,20,1181,2552
99453713882,99453713878,-4,994,2305
99454014621,99454014618,-3,1091,2644
99458666335,99458666331,-4,1191,2488
99461227877,99461227873,-4,1070,2910
99462689454,99462689474,20,753,2387
99465707840,99465707840,0,1380,2104
99471741771,99471741767,-4,1074,3480
99473067385,99473067380,-5,1203,3327
99473447931,99473447930,-1,1122,1884
99475757422,99475757418,-4,1557,2099
99476014899,99476014898,-1,1222,1659
99476415675,99476415670,-5,662,1520
99476692911,99476692907,-4,770,1315
99477416522,99477416527,5,1506,1304
99478493678,99478493677,-1,1506,2353
99479544305,99479544301,-4,1087,2449
99480677399,99480677395,-4,1216,2277
99481588248,99481588245,-3,1447,2455
99487013645,99487013642,-3,1088,1523
99487256827,99487256825,-2,1033,2593
99489139217,99489139215,-2,1626,2618
99496922347,99496922346,-1,1178,2786
99502596918,99502596916,-2,726,1733
99505665123,99505665120,-3,1570,2903
99510885430,99510885428,-2,1247,2747
99514838327,99514838326,-1,892,1217
99516146278,99516146271,-7,1302,9709
99516564278,99516564275,-3,1426,2050
99518887275,99518887274,-1,1505,2687
99521463842,99521463841,-1,914,2410
99523433641,99523433638,-3,1190,1914
99529983298,99529983296,-2,1618,2816
99532674513,99532674518,5,2769,1511
99534246259,99534246254,-5,1038,1584
99534503496,99534503498,2,1068,1304
99535040307,99535040304,-3,1352,1757
99537613291,99537613286,-5,949,2682
99538017543,99538017544,1,1390,1602
99544496362,99544496359,-3,801,1863
99545907655,99545907653,-2,1250,2917
99546934886,99546934881,-5,1341,2497
99551178011,99551178006,-5,1247,2070
99553476192,99553476190,-2,1094,1861
99554358439,99554358437,-2,1063,2694
99555361090,99555361087,-3,1114,1991
99556048142,99556048140,-2,1192,2228
99556812378,99556812374,-4,991,2017
99556991020,99556991026,6,5248,2329
99562248592,99562248591,-1,1529,2148
99562603753,99562603750,-3,1744,2964
99564658845,99564658844,-1,1244,2230
99565733893,99565733890,-3,528,1870
99566948882,99566948879,-3,1259,2792
99568087482,99568087479,-3,1259,2577
99572313871,99572313870,-1,2077,2526
99577280880,99577280874,-6,1469,8587
99577515961,99577515959,-2,1489,2160
99577541508,99577541505,-3,1217,2604
99582064340,99582064348,8,2997,1225
99583377048,99583377047,-1,952,2024
99586324333,99586324334,1,1239,1829
99588231258,99588231255,-3,939,1795
99588757136,99588757133,-3,882,3465
99590468167,99590468163,-4,919,1468
99592859705,99592859706,1,1707,1468
99593996511,99593996508,-3,1138,2956
99594320379,99594320377,-2,1349,1737
99597015637,99597015635,-2,1417,1812
99597854921,99597854917,-4,965,1933
99600388666,99600388667,1,1008,2234
99600873539,99600873538,-1,1099,1849
99603513582,99603513579,-3,1521,3731
99605963802,99605963801,-1,1341,2368
99606377414,99606377411,-3,1363,2590
99607754570,99607754566,-4,953,1798
99609210001,99609209998,-3,1493,1754
99611153097,99611153096,-1,998,3038
99611508226,99611508225,-1,978,2037
99612122587,99612122585,-2,1134,2457
99622682806,99622682802,-4,1171,2427
99623477230,99623477228,-2,816,1585
99625303328,99625303325,-3,1442,2093
99626986001,99626986009,8,5369,1886
99628194650,99628194649,-1,1085,1880
99630834821,99630834817,-4,1470,2492
99632664262,99632664257,-5,1037,1515
99634385150,99634385149,-1,943,2063
99636934180,99636934178,-2,666,1529
99639795610,99639795607,-3,1081,2479
99644283543,99644283542,-1,4590,45341
99651656571,99651656573,2,1348,2208
99655282390,99655282387,-3,942,2338
99656430896,99656430902,6,3779,2023
99656609347,99656609344,-3,746,1981
99657963639,99657963638,-1,1486,2260
99658124517,99658124527,10,12527,24445
99660153998,99660153995,-3,864,2320
99662821509,99662821508,-1,1175,1652
99668800722,99668800723,1,925,1028
99673753502,99673753501,-1,1377,2178
99674954760,99674954755,-5,1440,2724
99678488249,99678488246,-3,1897,3380
99678676290,99678676286,-4,942,1887
99679487990,99679487990,0,1034,1887
99680279911,99680279906,-5,1036,2761
99680514415,99680514413,-2,1078,2269
99681044769,99681044766,-3,721,1723
99683274674,99683274670,-4,782,1419
99688934646,99688934645,-1,950,1856
99690546986,99690546984,-2,1154,2694
99696860546,99696860544,-2,913,1969
99699022086,99699022078,-8,808,1400
99699870465,99699870462,-3,1449,2259
99701044398,99701044393,-5,1411,3931
99703803478,99703803474,-4,1117,1787
99705997911,99705997909,-2,1637,2907
99711512710,99711512709,-1,1156,2762
99714552376,99714552373,-3,1312,2599
99716762335,99716762333,-2,43188,20154
99718199976,99718199974,-2,2081,2755
99719829621,99719829619,-2,1699,1374
99722163897,99722163894,-3,1339,1893
99722826621,99722826618,-3,7756,15862
99723349888,99723349885,-3,1234,2044
99728676446,99728676444,-2,1113,2370
99728948321,99728948317,-4,1024,2387
99732034490,99732034485,-5,1037,3014
99741421334,99741421331,-3,1045,2015
99744952930,99744952934,4,5494,2805
99745258826,99745258824,-2,964,1247
99747634376,99747634382,6,85380,35960
99748647365,99748647362,-3,1213,2469
99751920089,99751920087,-2,1042,1687
99752270351,99752270346,-5,1213,1979
99752852482,99752852477,-5,1238,3091
99753191956,99753191976,20,959,1619
99757141806,99757141801,-5,924,3377
99761014146,99761014145,-1,1263,2162
99767965158,99767965153,-5,1094,2221
99769460651,99769460649,-2,1184,2171
99770365505,99770365499,-6,1494,3042
99771527958,99771527956,-2,899,2021
99774066736,99774066733,-3,1037,2362
99777201206,99777201204,-2,985,3009
99778085702,99778085701,-1,1307,2027
99779403630,99779403629,-1,744,1245
99780942728,99780942729,1,26796,33897
99781655847,99781655846,-1,1292,2845
99787033213,99787033210,-3,1410,1918
99788293342,99788293341,-1,1346,2845
99788345713,99788345710,-3,1099,1719
99791327854,99791327853,-1,882,1872
99791386709,99791386702,-7,943,2114
99794058133,99794058136,3,1967,2116
99797402065,99797402061,-4,1176,2373
99799322194,99799322193,-1,1714,1984
99799890331,99799890329,-2,716,1777
99800951874,99800951871,-3,1110,2266
99802932914,99802932911,-3,1487,2977
99805523851,99805523846,-5,1080,2450
99807769989,99807769989,0,1236,2289
99808558314,99808558314,0,1410,1786
99812812630,99812812630,0,1110,2145
99813178365,99813178386,21,260,1012
99816094371,99816094370,-1,841,1716
99821184289,99821184287,-2,1545,1985
99824819112,99824819110,-2,1155,2321
99826828770,99826828767,-3,875,2331
99827195944,99827195959,15,915,2895
99827546262,99827546257,-5,1383,2358
99828237550,99828237554,4,2999,1599
99828480007,99828480003,-4,946,1651
99829371190,99829371186,-4,801,1701
99829637843,99829637841,-2,1512,3171
99831829059,99831829057,-2,1007,3038
99833311862,99833311861,-1,1232,2603
99833882734,99833882730,-4,2279,5443
99834353984,99834353979,-5,849,2076
99835861734,99835861730,-4,1226,1890
99835994902,99835994898,-4,1105,2591
99839240813,99839240810,-3,1172,2396
99843083591,99843083587,-4,1206,2864
99844591562,99844591561,-1,1371,2655
99850500227,99850500234,7,3619,1672
99854913964,99854913961,-3,1527,2908
99856330226,99856330224,-2,1360,2095
99862424757,99862424757,0,976,3055
99863991819,99863991817,-2,1132,2561
99865149341,99865149337,-4,1128,2443
99868839482,99868839479,-3,609,1884
99873583178,99873583182,4,1749,1318
99874931183,99874931178,-5,1275,2763
99878677205,99878677203,-2,1722,2471
99879024053,99879024051,-2,1049,2426
99879955230,99879955228,-2,1165,2108
99881274746,99881274745,-1,1558,1746
99884066415,99884066413,-2,1317,2008
99886209589,99886209586,-3,1544,2304
99888956625,99888956622,-3,727,1034
99890626385,99890626383,-2,1357,2272
99891800370,99891800371,1,1747,2162
99892790119,99892790118,-1,1457,1558
99902043779,99902043777,-2,1292,2115
99906363611,99906363610,-1,1289,2645
99907948511,99907948509,-2,650,1931
99911631883,99911631879,-4,848,3230
99918179678,99918179678,0,1362,2349
99919184398,99919184394,-4,1056,2358
99921611738,99921611733,-5,1511,3630
99922381686,99922381682,-4,1041,1951
99928089965,99928089972,7,2383,1304
99933719414,99933719410,-4,1220,3021
99936343969,99936343965,-4,795,1160
99939317642,99939317640,-2,1200,1922
99939370714,99939370713,-1,1208,1887
99948059733,99948059732,-1,1103,2303
99949221927,99949221923,-4,1739,3070
99952955745,99952955747,2,1213,1050
99955868950,99955868945,-5,871,3901
99955978046,99955978045,-1,886,2548
99966425803,99966425802,-1,955,1428
99973640431,99973640428,-3,1043,2454
99975093610,99975093602,-8,1459,8940
99977638006,99977638005,-1,1198,2319
99977950078,99977950097,19,615,1786
99979822779,99979822778,-1,585,1225
99982623046,99982623043,-3,398,612
99988117645,99988117641,-4,1089,2442
99994226311,99994226308,-3,956,2457
99994780536,99994780535,-1,1312,1689
99995204219,99995204215,-4,986,1282
99995920269,99995920265,-4,1704,2995
99996847670,99996847667,-3,844,1841
99998530480,99998530474,-6,995,2674
100001591401,100001591400,-1,1067,1521
100003320142,100003320129,-13,1393,1991
100004305156,100004305154,-2,1496,2228
100010044370,100010044368,-2,1209,2457
100010188585,100010188584,-1,996,2051
100012133195,100012133190,-5,792,2071
100013078652,100013078655,3,1323,1842
100013839357,100013839353,-4,863,2781
100014327060,100014327070,10,231,1599
100016813390,100016813395,5,3155,1331
100017163659,100017163657,-2,1439,2227
100017241673,100017241671,-2,913,3036
100018289427,100018289427,0,1081,1814
100020181238,100020181234,-4,678,1462
100023295174,100023295171,-3,1704,2601
100024518037,100024518023,-14,821,2207
100024807949,100024807946,-3,1425,2955
100027541175,100027541173,-2,1084,1903
100032715835,100032715833,-2,762,1623
100039428443,100039428441,-2,1278,1506
100044851230,100044851230,0,1498,1227
100047195052,100047195050,-2,952,1706
100051424779,100051424785,6,1747,823
100052788460,100052788458,-2,983,2661
100056022417,100056022413,-4,1516,3822
100060344675,100060344672,-3,1147,1998
100060441968,100060441965,-3,1388,2195
100061458253,100061458258,5,3088,1593
100064755994,100064755991,-3,1025,2128
100064911054,100064911074,20,1173,1903
100065620829,100065620826,-3,756,1822
100069685993,100069685991,-2,1170,2280
100070157040,100070157056,16,1051,2441
100074483929,100074483925,-4,1640,2648
100076361585,100076361581,-4,744,2519
100077504341,100077504362,21,861,1759
100081919707,100081919706,-1,712,1651
100084874364,100084874362,-2,1129,2026
100085828075,100085828074,-1,1140,2612
100088266454,100088266458,4,1349,972
100090565886,100090565885,-1,1217,1463
100091875434,100091875438,4,1863,708
100092020369,100092020366,-3,1130,2651
100105873641,100105873638,-3,1268,3172
100108121310,100108121308,-2,1657,2113
100108476547,100108476546,-1,970,2153
100111084867,100111084872,5,3318,2540
100119918595,100119918589,-6,1144,4322
100120683876,100120683867,-9,700,1808
100132204508,100132204505,-3,975,2577
100133532878,100133532880,2,999,1834
100133803962,100133803958,-4,1154,2535
100134930687,100134930706,19,570,1740
100137452858,100137452856,-2,802,1313
100138428913,100138428910,-3,1354,2627
100139754245,100139754242,-3,1312,2529
100145873256,100145873254,-2,1568,2760
100148663371,100148663369,-2,1004,2084
100148690512,100148690531,19,857,1527
100161290571,100161290570,-1,1065,1813
100164956058,100164956057,-1,1107,1468
100165570701,100165570699,-2,1091,2600
100166429127,100166429126,-1,1150,2755
100167444491,100167444489,-2,1093,2545
100175330095,100175330093,-2,1264,2144
100179603004,100179603010,6,8377,3583
100184417227,100184417225,-2,1135,2192
100185063106,100185063105,-1,1307,2340
100185354802,100185354799,-3,1044,2641
100185490279,100185490297,18,1420,2616
100187992119,100187992123,4,4231,1165
100190626753,100190626751,-2,1564,2442
100190754330,100190754328,-2,947,2595
100195103263,100195103257,-6,1102,2255
100197233285,100197233281,-4,1129,2078
100199356940,100199356937,-3,24193,15224
100202600306,100202600307,1,896,1310
100204741282,100204741281,-1,1090,1847
100210248222,100210248219,-3,1183,1636
100214843866,100214843862,-4,1061,2472
100216163638,100216163636,-2,1196,2523
100224206687,100224206686,-1,1195,2008
100225084466,100225084465,-1,1853,3562
100225306370,100225306367,-3,1352,2316
100225875373,100225875370,-3,1123,1921
100228826866,100228826862,-4,1328,3099
100229716339,100229716336,-3,1148,2719
100230725950,100230725947,-3,1352,2236
100231468250,100231468247,-3,1116,1441
100236382474,100236382469,-5,733,1288
100237301082,100237301080,-2,1325,2104
100240926070,100240926070,0,1179,2395
100244473283,100244473279,-4,955,2652
100246970242,100246970249,7,2969,1733
100254195178,100254195175,-3,1439,2530
100254622706,100254622706,0,714,1367
100257516811,100257516807,-4,1267,2422
100260666388,100260666386,-2,1122,1518
100263479439,100263479437,-2,969,2659
100267281045,100267281043,-2,955,1874
100267340492,100267340513,21,1318,2665
100268602953,100268602949,-4,1275,1992
100268638543,100268638550,7,405,1465
100271432638,100271432637,-1,923,2074
100272589275,100272589272,-3,869,2030
100274086091,100274086089,-2,1150,2520
100275663957,100275663954,-3,20115,70026
100275729761,100275729758,-3,1065,2687
100276139761,100276139760,-1,1268,1597
100277727976,100277727974,-2,1221,2785
100280653267,100280653265,-2,790,1436
100281634017,100281634015,-2,808,2063
100283257691,100283257690,-1,1142,1664
100285000777,100285000774,-3,1404,1976
100285340190,100285340185,-5,531,1044
100287571646,100287571643,-3,694,1657
100289871331,100289871328,-3,1274,2505
100304893974,100304893973,-1,1230,2579
100308327182,100308327181,-1,2740,4282
100309093998,100309093994,-4,1070,1696
100310789814,100310789814,0,1107,1461
100312084539,100312084538,-1,1302,2358
100316460594,100316460587,-7,848,2168
100319674381,100319674378,-3,1137,1879
100320455948,100320455950,2,19091,19100
100320724954,100320724947,-7,952,2325
100321498630,100321498624,-6,1902,11147
100325624919,100325624910,-9,38684,10829
100328749879,100328749879,0,1280,1635
100329223994,100329223995,1,1588,2221
100330743367,100330743362,-5,1205,3980
100338038854,100338038852,-2,747,1650
100341198017,100341198014,-3,1163,2805
100342476650,100342476646,-4,603,1569
100343002931,100343002929,-2,1318,2747
100346988353,100346988349,-4,1564,2688
100349137830,100349137826,-4,639,1842
100350362351,100350362346,-5,1295,1991
100351526327,100351526321,-6,690,1474
100352070066,100352070060,-6,977,4588
100353287828,100353287825,-3,1439,1947
100353747740,100353747762,22,1058,1768
100353951013,100353951033,20,1198,2984
100366659908,100366659905,-3,1255,2878
100367982995,100367982994,-1,1030,1949
100368317290,100368317287,-3,1370,2157
100371694021,100371694019,-2,976,2257
100373835903,100373835900,-3,649,1673
100375051945,100375051950,5,4215,987
100378191937,100378191931,-6,1000,1577
100385788807,100385788807,0,1225,1711
100387247434,100387247432,-2,1732,2825
100390729046,100390729045,-1,867,2158
100391735811,100391735808,-3,1020,1782
100398968437,100398968434,-3,1235,2086
100399031135,100399031133,-2,1069,2142
100399674370,100399674367,-3,1199,2851
100407812715,100407812714,-1,1654,2013
100408180133,100408180130,-3,1112,2974
100409005374,100409005355,-19,128,386
100409317568,100409317566,-2,897,1304
100416223142,100416223147,5,1506,1266
100419828317,100419828314,-3,1099,2142
100429292114,100429292119,5,3923,1490
100430018533,100430018532,-1,855,1295
100431155974,100431155970,-4,1241,1662
100441651943,100441651940,-3,1466,3019
100445985513,100445985520,7,10412,42907
100447754173,100447754172,-1,900,1879
100449252347,100449252344,-3,1556,1716
100449734951,100449734946,-5,1123,1677
100451219732,100451219729,-3,1111,2703
100455423099,100455423094,-5,777,2654
100462416182,100462416182,0,1246,1618
100464370510,100464370507,-3,1038,2258
100465613199,100465613198,-1,849,1573
100469273459,100469273455,-4,847,2541
100473573314,100473573313,-1,1513,2818
100474496575,100474496589,14,635,2014
100476404599,100476404606,7,4967,1578
100483229710,100483229718,8,11867,25785
100488505295,100488505291,-4,1232,3227
100489373175,100489373175,0,1332,2559
100490473453,100490473433,-20,951,2881
100499136250,100499136246,-4,792,1873
100499292511,100499292490,-21,795,2390
100499390934,100499390927,-7,1208,1904
100499541294,100499541282,-12,56,976
100500021342,100500021339,-3,1092,2580
100500374681,100500374677,-4,1172,2378
100501406507,100501406506,-1,739,2263
100502872038,100502872038,0,1694,2762
100506994537,100506994537,0,876,2051
100510944728,100510944723,-5,1052,1752
100515031469,100515031464,-5,571,1946
100515239333,100515239331,-2,1233,2768
100516449157,100516449153,-4,1462,1940
100519807355,100519807353,-2,949,1755
100520063558,100520063554,-4,983,2205
100521035254,100521035250,-4,1050,2343
100524731839,100524731838,-1,1494,1864
100525965191,100525965187,-4,1199,3024
100528065360,100528065356,-4,938,1847
100529773491,100529773486,-5,1295,3076
100531262442,100531262439,-3,871,2366
100531503385,100531503381,-4,1110,2623
100534834247,100534834250,3,7401,21775
100536718210,100536718207,-3,1776,3244
100539703946,100539703944,-2,901,1808
100542703027,100542703025,-2,1188,1918
100542909018,100542909017,-1,637,1655
100545353648,100545353645,-3,1736,2137
100545957968,100545957971,3,2050,1458
100548934724,100548934721,-3,1221,2092
100551330057,100551330054,-3,791,2408
100552598290,100552598289,-1,1159,2792
100556913985,100556913980,-5,1014,1992
100557339405,100557339405,0,776,1490
100561854197,100561854196,-1,1745,2514
100563838800,100563838802,2,13525,14240
100565948694,100565948690,-4,1382,2350
100569144772,100569144770,-2,1182,2121
100569251213,100569251207,-6,1061,2850
100570091425,100570091418,-7,935,1909
100576792410,100576792414,4,2625,1687
100579506118,100579506114,-4,1781,2170
100583574466,100583574462,-4,1112,2870
100598395084,100598395081,-3,1183,1789
100598720682,100598720682,0,1055,1395
100599723614,100599723615,1,1646,1767
100601280205,100601280202,-3,926,1477
100605358550,100605358547,-3,1020,2112
100606590712,100606590710,-2,836,2182
100608993066,100608993064,-2,1416,3256
100611060903,100611060902,-1,1185,1785
100611868036,100611868033,-3,1495,1699
100611999473,100611999473,0,948,2339
100612065254,100612065243,-11,956,3212
100614012146,100614012146,0,772,1533
100615292997,100615292994,-3,1825,2250
100615375873,100615375871,-2,999,2244
100615642976,100615642972,-4,842,1686
100619526082,100619526079,-3,982,1784
100622996745,100622996743,-2,1197,2630
100624173951,100624173948,-3,883,1685
100624939976,100624939974,-2,1037,2304
100626777519,100626777517,-2,1123,1735
100630844903,100630844901,-2,1208,2188
100631999410,100631999409,-1,1308,1733
100635926959,100635926956,-3,1277,1810
100636305528,100636305528,0,1888,2223
100637007823,100637007819,-4,1466,3140
100639234259,100639234257,-2,1208,2380
100641648233,100641648229,-4,1087,1566
100643650829,100643650825,-4,1139,1761
100644356518,100644356517,-1,1720,1996
100648714369,100648714367,-2,1118,1726
100656989243,100656989241,-2,1031,1778
100660688815,100660688813,-2,1266,2231
100663047422,100663047418,-4,1228,2328
100663512053,100663512050,-3,1205,2693
100669658822,100669658818,-4,963,1848
100673490274,100673490283,9,2752,1008
100679486167,100679486165,-2,965,1696
100681855199,100681855197,-2,1301,2139
100684173573,100684173570,-3,1232,2505
100690995543,100690995542,-1,1439,1639
100702069566,100702069564,-2,1107,2741
100703949643,100703949640,-3,1290,2163
100703984787,100703984782,-5,1122,1758
100706193086,100706193082,-4,1001,2785
100707993983,100707993986,3,1499,909
100710442114,100710442111,-3,1167,1399
100711166606,100711166605,-1,928,1333
100713677811,100713677806,-5,1072,1999
100713804840,100713804857,17,909,1526
100714601286,100714601282,-4,1240,2865
100715999607,100715999606,-1,852,1027
100718214914,100718214913,-1,771,1593
100722093903,100722093900,-3,936,1278
100727057458,100727057457,-1,1246,2240
100728221237,100728221233,-4,1100,2181
100733747158,100733747155,-3,772,1233
100735989419,100735989417,-2,1138,1964
100738837699,100738837698,-1,1029,1071
100742932697,100742932694,-3,1143,1711
100747335433,100747335431,-2,745,2111
100747588365,100747588384,19,1202,2954
100747795491,100747795496,5,5737,2121
100747917074,100747917073,-1,1031,2363
100749943055,100749943052,-3,1073,1978
100750887126,100750887127,1,1712,1128
100751015570,100751015569,-1,1447,2781
100751641730,100751641726,-4,804,1764
100753716974,100753716970,-4,1307,2046
100755220926,100755220921,-5,1262,2435
100758624442,100758624441,-1,952,1644
100758894775,100758894777,2,2110,1923
100761187464,100761187460,-4,612,2110
100762830011,100762830008,-3,767,1501
100766571265,100766571262,-3,1225,2132
100768868055,100768868050,-5,1285,2996
100770658859,100770658857,-2,1627,2596
100770866683,100770866681,-2,1012,1190
100771727126,100771727124,-2,2389,3917
100777406955,100777406953,-2,1288,2508
100778189655,100778189655,0,1499,2245
100781504606,100781504604,-2,968,2051
100787201025,100787201032,7,9930,2986
100787808178,100787808176,-2,933,2277
100788754887,100788754886,-1,872,1673
100791044517,100791044514,-3,788,1849
100792251990,100792251988,-2,1262,2106
100793575355,100793575352,-3,930,2069
100795601518,100795601515,-3,738,1285
100796970741,100796970754,13,614,1355
100798217609,100798217616,7,3344,1346
100799254021,100799254018,-3,1090,2055
100800547860,100800547862,2,18598,27104
100804085258,100804085258,0,783,1502
100808572328,100808572325,-3,1970,3852
100811710950,100811710950,0,861,1489
100812834675,100812834671,-4,1105,3783
100814052031,100814052028,-3,1086,2405
100817663275,100817663275,0,1780,2651
100822666830,100822666835,5,2594,2096
100822763654,100822763653,-1,1300,1426
100825373337,100825373339,2,1384,994
100825904411,100825904409,-2,917,1592
100832968868,100832968866,-2,1001,1901
100836602087,100836602083,-4,898,2413
100837726958,100837726955,-3,738,2176
100841677650,100841677655,5,1337,1188
100843214271,100843214285,14,821,1477
100844145740,100844145736,-4,1881,3166
100844648488,100844648486,-2,1394,2201
100848757296,100848757293,-3,1199,1760
100849988819,100849988816,-3,1023,2457
100852229043,100852229041,-2,797,1769
100858162425,100858162423,-2,1038,1871
100859333498,100859333497,-1,1614,1693
100861340701,100861340698,-3,982,2505
100863715885,100863715882,-3,1128,2682
100864473877,100864473873,-4,842,2321
100864873291,100864873290,-1,1190,1900
100870008694,100870008693,-1,1051,2249
100870080527,100870080525,-2,269,453
100878599693,100878599690,-3,1739,2901
100882713238,100882713234,-4,1127,2400
100885746036,100885746035,-1,879,2039
100888213574,100888213573,-1,840,2121
100890201386,100890201385,-1,1217,2272
100890582790,100890582789,-1,1091,2103
100890956813,100890956811,-2,1094,2602
100903130669,100903130666,-3,1344,2291
100903976319,100903976316,-3,1055,2367
100905937381,100905937378,-3,867,2255
100907345786,100907345784,-2,1279,1880
100908049645,100908049642,-3,1103,1227
100911447858,100911447857,-1,1399,1875
100911826106,100911826104,-2,1127,2956
100912313732,100912313730,-2,1060,2060
100913608969,100913608962,-7,1065,4398
100914009837,100914009826,-11,14,875
100915097378,100915097375,-3,1215,1949
100924460806,100924460801,-5,1788,4609
100926260753,100926260754,1,2242,2079
100927617149,100927617146,-3,1014,2029
100928828521,100928828522,1,1283,2215
100931264303,100931264282,-21,954,2217
100936205396,100936205393,-3,967,2445
100938773597,100938773593,-4,1353,2351
100941810192,100941810190,-2,1330,1752
100948369499,100948369495,-4,1112,2298
100955196262,100955196260,-2,1417,2036
100957073937,100957073934,-3,933,1669
100958158090,100958158088,-2,1473,2037
100959855515,100959855514,-1,1142,2677
100962707892,100962707913,21,395,1341
100962896099,100962896097,-2,1104,1952
100968097148,100968097145,-3,1244,2469
100977413734,100977413730,-4,597,1864
100981032657,100981032655,-2,1042,2273
100982310397,100982310401,4,2674,1935
100983533949,100983533946,-3,979,2486
100989327655,100989327651,-4,1216,2715
100990914463,100990914459,-4,1494,1982
100992318347,100992318346,-1,1347,1272
100992524138,100992524135,-3,1039,2334
100995576206,100995576203,-3,1003,1572
100996523586,100996523586,0,801,1975
100998098009,100998098006,-3,2132,2454
101000192346,101000192347,1,1096,1269
101002056974,101002056973,-1,1103,2848
101005527933,101005527930,-3,1367,2742
101009350189,101009350186,-3,1182,2071
101009458331,101009458329,-2,1086,1745
101009507007,101009507007,0,945,1614
101009664489,101009664486,-3,1352,2498
101010583766,101010583764,-2,1202,2190
101010770974,101010770973,-1,882,2479
101017557782,101017557779,-3,1304,2653
101023668802,101023668797,-5,1211,2720
101025359758,101025359755,-3,1186,1854
101028696462,101028696459,-3,852,1374
101033885878,101033885877,-1,1170,2547
101038534850,101038534848,-2,1119,2696
101039020198,101039020196,-2,1390,2478
101042086451,101042086449,-2,924,2114
101047730070,101047730066,-4,1157,2220
101050565464,101050565446,-18,326,1028
101051067308,101051067307,-1,1274,2299
101052813010,101052813007,-3,1438,2285
101054808366,101054808369,3,2325,1731
101055056125,101055056122,-3,1102,2290
101057254314,101057254319,5,4005,1411
101060121582,101060121578,-4,997,2768
101060416180,101060416166,-14,878,2320
101066806139,101066806137,-2,1070,3481
101074456152,101074456147,-5,911,1530
101079662414,101079662411,-3,1292,2337
101087270703,101087270697,-6,1011,2816
101089212349,101089212346,-3,2352,5542
101091019087,101091019077,-10,1847,2807
101093101964,101093101962,-2,1151,1859
101096669550,101096669550,0,711,1440
101099167316,101099167310,-6,1046,2122
101099756287,101099756285,-2,1053,2341
101101170361,101101170361,0,1343,2412
101101306240,101101306247,7,2598,1136
101102504491,101102504490,-1,1543,2301
101106521911,101106521917,6,3413,1578
101107196119,101107196100,-19,1335,1818
101108417142,101108417137,-5,1431,3558
101113027325,101113027323,-2,1239,1733
101113957571,101113957569,-2,1248,2326
101115691653,101115691654,1,3020,3300
101117676815,101117676818,3,1413,982
101118320212,101118320210,-2,1277,2427
101118936525,101118936523,-2,932,1441
101123635625,101123635622,-3,1392,3035
101129745206,101129745203,-3,1330,1987
101131084927,101131084933,6,11699,5383
101132495593,101132495589,-4,1682,1601
101134743948,101134743948,0,1387,2188
101135127636,101135127658,22,419,846
101138259041,101138259038,-3,1668,2899
101138522868,101138522868,0,1153,2250
101138835167,101138835161,-6,878,3819
101143338053,101143338059,6,3106,1949
101145930764,101145930761,-3,1576,2557
101148558497,101148558493,-4,1364,3125
101154212083,101154212082,-1,947,2570
101154404630,101154404614,-16,1003,2521
101154989822,101154989821,-1,1425,3017
101156148913,101156148911,-2,904,2092
101157600765,101157600762,-3,901,1847
101158191314,101158191313,-1,1251,2685
101158678884,101158678882,-2,1170,2315
101159301051,101159301051,0,824,1262
101160868355,101160868353,-2,1210,1828
101165552365,101165552358,-7,2525,9279
101165822026,101165822025,-1,984,2067
101165934126,101165934122,-4,1024,2250
101167486258,101167486256,-2,1057,2403
101167539278,101167539274,-4,1405,1632
101167939143,101167939141,-2,1053,1642
101169963797,101169963805,8,4789,1948
101174937794,101174937791,-3,921,2086
101174991814,101174991814,0,71,1053
101177625474,101177625469,-5,1041,1609
101178814179,101178814174,-5,478,1910
101183204828,101183204829,1,33,824
101184926540,101184926528,-12,1080,2422
101187858554,101187858549,-5,1174,2665
101198789091,101198789087,-4,1002,1401
101199098531,101199098528,-3,1267,2333
101203244945,101203244941,-4,851,1972
101205691021,101205691019,-2,1298,2082
101210711802,101210711781,-21,1412,1101
101213560519,101213560517,-2,924,1854
101214762479,101214762476,-3,1254,2040
101219638284,101219638280,-4,682,1667
101221803350,101221803347,-3,923,2430
101222089987,101222089981,-6,24216,12119
101222368995,101222368993,-2,686,2206
101224388744,101224388742,-2,946,2340
101225885069,101225885068,-1,1359,3279
101226200237,101226200235,-2,1595,2200
101226666018,101226666015,-3,1477,3029
101228866734,101228866729,-5,1251,3541
101232070459,101232070456,-3,1181,3393
101234893623,101234893622,-1,1114,1143
101237047007,101237047005,-2,1180,1669
101241915081,101241915078,-3,927,2304
101244244357,101244244355,-2,1076,2099
101245091350,101245091348,-2,1383,2318
101247264007,101247264006,-1,1151,1891
101248827969,101248827964,-5,1052,3224
101253259829,101253259821,-8,1237,5250
101254295014,101254295013,-1,1080,1815
101254721291,101254721289,-2,1025,2398
101254803054,101254803074,20,985,2198
101256181962,101256181959,-3,1124,2243
101261664166,101261664166,0,1363,2142
101266397886,101266397893,7,12867,30714
101267336804,101267336800,-4,1333,2805
101271421087,101271421085,-2,1317,2269
101277840906,101277840905,-1,1002,2642
101279821839,101279821843,4,2439,1483
101281035903,101281035901,-2,1316,2302
101282006313,101282006311,-2,1202,1686
101284309661,101284309666,5,2218,1053
101293059393,101293059392,-1,1178,1981
101294203875,101294203872,-3,881,1664
101296181519,101296181516,-3,1257,2616
101296277890,101296277886,-4,697,1758
101300957172,101300957167,-5,1317,2423
101301738082,101301738081,-1,1628,2365
101302550387,101302550384,-3,866,2812
101303295441,101303295438,-3,1199,2742
101304197659,101304197654,-5,1157,2496
101309170309,101309170303,-6,835,1672
101310915776,101310915776,0,1671,2780
101311326798,101311326793,-5,1088,2168
101313416655,101313416654,-1,991,1543
101314791306,101314791302,-4,1196,2500
101315139531,101315139530,-1,1126,1660
101324049089,101324049087,-2,1043,1812
101325259631,101325259631,0,785,1989
101325505169,101325505166,-3,1305,3284
101326350519,101326350515,-4,369,1441
101329106629,101329106626,-3,1222,3102
101337461325,101337461324,-1,805,2423
101339850539,101339850537,-2,1047,2659
101341204017,101341204018,1,1219,1605
101341345915,101341345911,-4,1100,2195
101342948990,101342948990,0,815,2178
101343342994,101343342995,1,965,1875
101345279874,101345279873,-1,1223,2224
101345537173,101345537192,19,922,2743
101349898614,101349898613,-1,1423,1937
101352781375,101352781372,-3,985,2214
101354463960,101354463957,-3,1275,2494
101356514427,101356514425,-2,1087,1521
101365766563,101365766562,-1,962,2015
101367644103,101367644111,8,5894,1964
101369537859,101369537855,-4,1041,2202
101370758063,101370758061,-2,814,2442
101373379042,101373379041,-1,1032,2608
101374185582,101374185579,-3,806,1897
101379207761,101379207758,-3,773,2484
101380011487,101380011493,6,4083,1856
101381408809,101381408806,-3,1172,2549
101389688730,101389688725,-5,1178,2131
101393679391,101393679392,1,881,1830
101394179335,101394179322,-13,979,1641
101394979719,101394979716,-3,1112,2261
101401080874,101401080871,-3,1226,2799
101403184619,101403184624,5,2147,1670
101404185874,101404185869,-5,1198,2221
101405498310,101405498308,-2,953,1532
101406791117,101406791111,-6,1092,2033
101407327268,101407327266,-2,1762,2773
101408841571,101408841569,-2,1208,2349
101409650245,101409650230,-15,1007,2229
101411723175,101411723173,-2,1081,2792
101413627150,101413627148,-2,1097,2474
101414025041,101414025038,-3,1502,2315
101417504731,101417504726,-5,1308,4068
101419448151,101419448148,-3,1483,2578
101421215538,101421215535,-3,1171,2387
101424453982,101424453979,-3,1054,2668
101432818154,101432818152,-2,1105,1678
101439670589,101439670589,0,1456,1680
101440556564,101440556562,-2,835,1677
101440675055,101440675033,-22,247,887
101442956730,101442956725,-5,1104,4452
101444579518,101444579515,-3,978,2113
101449264558,101449264554,-4,1072,1890
101449499932,101449499932,0,959,1953
101450093771,101450093768,-3,1043,1828
101450251467,101450251465,-2,1093,1667
101454662602,101454662598,-4,958,2016
101456002532,101456002530,-2,1666,2651
101458171042,101458171039,-3,1080,1724
101459096515,101459096514,-1,1282,2415
101463870441,101463870423,-18,970,2615
101473851206,101473851209,3,4369,3016
101475091947,101475091941,-6,1026,2301
101475398343,101475398340,-3,1068,1871
101475583510,101475583506,-4,1458,2352
101479745875,101479745875,0,1362,1986
101480972311,101480972308,-3,863,1403
101481255871,101481255850,-21,881,1989
101481476951,101481476953,2,2019,1325
101486169675,101486169674,-1,1375,2242
101489491003,101489491000,-3,1297,3026
101489601882,101489601879,-3,1147,2077
101491013943,101491013946,3,272,1709
101491503463,101491503462,-1,900,2392
101507920069,101507920068,-1,1565,1826
101512132610,101512132609,-1,949,2141
101512647523,101512647523,0,1224,1622
101513088381,101513088378,-3,1090,2230
101518757869,101518757867,-2,1330,3006
101520014516,101520014514,-2,1138,2242
101522853853,101522853850,-3,2965,4380
101524209966,101524209965,-1,1077,1777
101531806546,101531806550,4,1830,1451
101533697027,101533697046,19,1102,1905
101540086341,101540086339,-2,1715,2814
101540254614,101540254611,-3,866,2188
101541801408,101541801402,-6,1654,2014
101547012934,101547012931,-3,446,1349
101548855496,101548855495,-1,1135,1750
101549063600,101549063588,-12,865,2103
101549959590,101549959587,-3,985,2228
101550049364,101550049362,-2,1443,2185
101550544953,101550544951,-2,1052,2456
101550744509,101550744530,21,820,2824
101550797792,101550797789,-3,1176,1969
101553853648,101553853646,-2,1688,2673
101555778525,101555778521,-4,1214,2656
101560909520,101560909518,-2,787,1502
101562802881,101562802878,-3,1367,2672
101571513910,101571513915,5,2750,1593
101574943105,101574943101,-4,884,3072
101591555253,101591555243,-10,3296,14749
101597903343,101597903339,-4,634,1292
101599323814,101599323814,0,1140,1731
101604874948,101604874945,-3,983,2365
101607720826,101607720825,-1,56563,49405
101608150546,101608150550,4,1083,1597
101610353886,101610353894,8,2803,1224
101612849858,101612849852,-6,830,4650
101615066669,101615066671,2,3819,3816
101616591285,101616591282,-3,1277,2417
101629136739,101629136736,-3,916,2271
101631435052,101631435049,-3,1423,2693
101631685791,101631685787,-4,990,2029
101632352011,101632352010,-1,1513,2200
101633710874,101633710871,-3,1700,3110
101635789720,101635789716,-4,1111,1602
101637915158,101637915155,-3,1398,2480
101640322214,101640322210,-4,1122,1368
101640786595,101640786590,-5,652,2045
101640880843,101640880838,-5,1600,2750
101641522775,101641522773,-2,1060,2197
101642020222,101642020203,-19,788,1840
101643332914,101643332913,-1,852,1914
101643772712,101643772710,-2,20976,16784
101648571249,101648571246,-3,976,1836
101652381374,101652381373,-1,980,2475
101654787749,101654787748,-1,1759,2757
101658510561,101658510558,-3,1528,2678
101659484333,101659484329,-4,889,1268
101662850783,101662850778,-5,1276,2611
101664812574,101664812578,4,2286,1080
101665970939,101665970940,1,1619,1856
101666970699,101666970695,-4,866,1565
101675132504,101675132502,-2,941,2756
101677266766,101677266765,-1,1230,2047
101678392142,101678392141,-1,1082,2713
101680220957,101680220955,-2,957,2442
101680897513,101680897509,-4,1287,2207
101681539701,101681539697,-4,702,1800
101681881602,101681881599,-3,1042,2066
101684890054,101684890051,-3,1257,2717
101686590803,101686590803,0,2391,2598
101694463098,101694463098,0,1486,1404
101696242114,101696242113,-1,1166,1601
101696295799,101696295817,18,726,1437
101699534474,101699534471,-3,1034,2665
101701915981,101701915974,-7,710,1253
101703146574,101703146570,-4,1074,2400
101705874784,101705874783,-1,1491,2142
101706846357,101706846354,-3,1474,2849
101708890579,101708890575,-4,1352,1725
101715512772,101715512770,-2,799,1480
101717343025,101717343020,-5,566,1530
101717792663,101717792674,11,353,921
101718224142,101718224138,-4,1029,2405
101718330937,101718330926,-11,17697,40329
101720834893,101720834893,0,1443,1740
101722652777,101722652775,-2,938,1508
101729057143,101729057138,-5,1449,2711
101731008511,101731008507,-4,935,1631
101735255831,101735255826,-5,901,2404
101738492838,101738492838,0,1604,2129
101745001603,101745001598,-5,1085,2941
101745066903,101745066887,-16,167,1662
101749655804,101749655801,-3,1055,1605
101754286761,101754286762,1,1763,1798
101759580204,101759580201,-3,929,2194
101761196473,101761196471,-2,1747,3256
101762438385,101762438384,-1,1005,1528
101763282931,101763282926,-5,1013,2123
101764205674,101764205670,-4,1653,2186
101768587579,101768587575,-4,1427,2619
101770535863,101770535861,-2,1165,2370
101775727683,101775727681,-2,974,2096
101786170847,101786170846,-1,1901,3115
101792061711,101792061710,-1,949,1278
101796286491,101796286497,6,2204,1086
101797423567,101797423563,-4,1044,1614
101797649257,101797649261,4,2752,2013
101802325206,101802325202,-4,1247,3245
101803665430,101803665429,-1,1820,2372
101803789658,101803789657,-1,1295,2950
101804172430,101804172426,-4,867,1744
101804297734,101804297751,17,652,1938
101804358962,101804358959,-3,1222,2710
101805956628,101805956629,1,2990,3160
101808234070,101808234067,-3,23562,59452
101813184532,101813184529,-3,1422,2967
101819173718,101819173722,4,1830,759
101825167756,101825167757,1,1440,2965
101825994143,101825994137,-6,1024,1962
101830762759,101830762758,-1,1949,2780
101832591332,101832591329,-3,1371,1980
101833814866,101833814865,-1,980,1619
101835918495,101835918494,-1,1062,1683
101836551382,101836551386,4,1993,1049
101838881082,101838881079,-3,1192,3073
101841478630,101841478627,-3,1246,1644
101842731252,101842731250,-2,1274,2625
101848410726,101848410739,13,957,124
101856412870,101856412869,-1,1161,1533
101857443362,101857443358,-4,928,1856
101859041850,101859041846,-4,1327,1934
101859205408,101859205425,17,915,2455
101860113234,101860113230,-4,959,2453
101860699141,101860699135,-6,806,2351
101872956461,101872956457,-4,1121,2891
101875398142,101875398138,-4,572,1734
101877871170,101877871171,1,1741,2941
101879150739,101879150735,-4,766,1523
101879314158,101879314156,-2,1076,1932
101879839403,101879839401,-2,1194,2284
101882572398,101882572394,-4,1446,3331
101885675114,101885675115,1,913,1367
101888504076,101888504072,-4,1006,2089
101890688410,101890688406,-4,1500,2488
101890982282,101890982279,-3,1132,1536
101895001253,101895001250,-3,1240,1830
101901773265,101901773261,-4,778,1777
101902199289,101902199288,-1,1333,2723
101902328318,101902328315,-3,1057,2112
101903559025,101903559021,-4,1094,2024
101907457963,101907457966,3,2411,1823
101915084217,101915084198,-19,1102,1815
101919404155,101919404150,-5,1024,2043
101923914229,101923914226,-3,1500,2109
101923946350,101923946350,0,1352,2144
101928662022,101928662020,-2,866,1696
101928737697,101928737702,5,2232,1350
101930585187,101930585184,-3,1000,2557
101931162763,101931162761,-2,830,1948
101931626413,101931626403,-10,984,1727
101932816415,101932816412,-3,880,2320
101933486443,101933486441,-2,1392,1754
101936529810,101936529813,3,1480,2138
101937089142,101937089143,1,988,2074
101942794002,101942793999,-3,1600,1548
101946225616,101946225613,-3,1385,1821
101954696059,101954696057,-2,1446,2302
101955094214,101955094210,-4,1274,3188
101960023389,101960023384,-5,1290,1924
101965725238,101965725235,-3,902,2483
101967521058,101967521058,0,930,1317
101967680934,101967680933,-1,1282,1385
101968406381,101968406366,-15,1353,2344
101969500310,101969500306,-4,2259,6103
101970537432,101970537428,-4,954,2353
101974380014,101974380009,-5,1176,2883
101979258406,101979258403,-3,994,2025
101982977784,101982977782,-2,587,1821
101989416557,101989416554,-3,1196,1735
101991847771,101991847767,-4,949,2228
101993135747,101993135743,-4,825,2412
101993708933,101993708950,17,836,2039
101994216429,101994216426,-3,1467,2059
101994572025,101994572023,-2,1309,2603
102001169608,102001169609,1,928,1464
102005529818,102005529819,1,1343,2265
102007799487,102007799485,-2,1688,2024
102008084538,102008084536,-2,900,1433
102014165978,102014165983,5,6350,2189
102015211530,102015211526,-4,971,1365
102017237029,102017237023,-6,976,1518
102024041046,102024041044,-2,1212,2109
102024868877,102024868881,4,218,1007
102026193291,102026193287,-4,619,1701
102026629630,102026629623,-7,404,621
102030720334,102030720332,-2,1669,1957
102033174501,102033174498,-3,916,2679
102034144049,102034144048,-1,1114,1772
102035823507,102035823502,-5,1349,3312
102036989987,102036989984,-3,833,1818
102045820644,102045820664,20,1147,2009
102046943118,102046943119,1,404,1202
102047485586,102047485584,-2,1081,1777
102052048277,102052048283,6,2334,1538
102054478309,102054478305,-4,1149,2111
102055428483,102055428481,-2,1329,2220
102056210677,102056210674,-3,3571,7348
102058047532,102058047529,-3,1376,1779
102061106297,102061106295,-2,1338,3198
102062896775,102062896773,-2,681,1653
102066241409,102066241407,-2,3185,4314
102067879195,102067879191,-4,1154,2566
102070340422,102070340418,-4,921,2261
102070655305,102070655301,-4,785,2533
102072914633,102072914630,-3,880,1114
102073240441,102073240437,-4,835,1965
102076678207,102076678206,-1,1505,2069
102086506249,102086506245,-4,1602,2897
102088259405,102088259402,-3,875,2419
102093058522,102093058525,3,3367,2180
102100606038,102100606034,-4,1682,3737
102104514576,102104514574,-2,1316,1866
102104560463,102104560461,-2,991,1966
102107037062,102107037062,0,1205,1889
102114097335,102114097333,-2,1121,1912
102117318117,102117318115,-2,952,1985
102119351795,102119351793,-2,1170,2397
102119967447,102119967453,6,29391,17695
102120049683,102120049679,-4,1314,2190
102124067802,102124067801,-1,1140,2185
102130516500,102130516502,2,1884,1574
102133203650,102133203649,-1,1214,2668
102137539230,102137539226,-4,689,1466
102142257177,102142257174,-3,936,1831
102142964945,102142964942,-3,793,1637
102143461877,102143461873,-4,1394,2697
102145913711,102145913709,-2,1060,2004
102147208716,102147208711,-5,1449,4136
102149302346,102149302345,-1,1215,2528
102151394165,102151394162,-3,1680,2070
102153929533,102153929526,-7,23630,15167
102154508955,102154508952,-3,770,2385
102155788159,102155788158,-1,1176,2281
102157044406,102157044403,-3,1430,2771
102161360553,102161360553,0,2114,2817
102162490605,102162490601,-4,1098,1996
102167281571,102167281569,-2,1209,2146
102167925355,102167925352,-3,1171,3180
102169033219,102169033216,-3,1565,3282
102169059141,102169059141,0,1271,2009
102173506032,102173506026,-6,2398,7648
102173818294,102173818286,-8,392,820
102175036238,102175036233,-5,1063,2234
102175311687,102175311674,-13,951,2371
102175757920,102175757938,18,861,2528
102183175793,102183175794,1,1359,1511
102184917968,102184917974,6,3399,1056
102185555546,102185555548,2,1709,1513
102188110454,102188110449,-5,892,4673
102191426827,102191426823,-4,771,1830
102197422701,102197422698,-3,1851,3077
102208646938,102208646930,-8,1242,4560
102210003350,102210003349,-1,927,2213
102214178773,102214178771,-2,1249,1783
102217774793,102217774789,-4,1187,2501
102218707894,102218707894,0,1685,2395
102220229255,102220229251,-4,1008,2818
102220431786,102220431782,-4,1465,2727
102225072004,102225072002,-2,1149,2121
102230849606,102230849602,-4,1217,1980
102232093888,102232093885,-3,877,1973
102242804850,102242804850,0,1133,1521
102246018506,102246018502,-4,1624,2955
102247611038,102247611043,5,1856,1143
102248070987,102248070984,-3,1036,2267
102250184983,102250184979,-4,1138,1795
102251038071,102251038068,-3,1208,2480
102258926567,102258926562,-5,1425,2372
102264866439,102264866438,-1,1233,2697
102268629882,102268629890,8,3683,1769
102270489029,102270489029,0,1545,1815
102271522662,102271522666,4,2677,1390
102273418646,102273418648,2,1995,2318
102276100753,102276100757,4,3796,3141
102276356578,102276356579,1,1076,1915
102278098947,102278098945,-2,1543,3143
102280593099,102280593096,-3,969,2371
102281599606,102281599602,-4,1017,2144
102285128866,102285128863,-3,1090,1896
102285496900,102285496895,-5,1129,2718
102285587473,102285587470,-3,1670,2670
102290112342,102290112338,-4,1129,2232
102291370905,102291370902,-3,1139,1306
102295642386,102295642391,5,1383,1391
102296484002,102296484003,1,1618,2153
102298388528,102298388524,-4,1005,1607
102299418396,102299418394,-2,1095,2127
102305632214,102305632211,-3,884,2200
102309787818,102309787815,-3,872,1348
102311285186,102311285195,9,9535,21670
102312174061,102312174060,-1,1372,1927
102322915470,102322915467,-3,1260,2435
102326384153,102326384151,-2,1194,1741
102327694919,102327694919,0,1317,2480
102327846778,102327846774,-4,1026,1516
102330745717,102330745711,-6,1272,5548
102335434700,102335434698,-2,1035,1652
102343413763,102343413761,-2,1410,3025
102343996746,102343996754,8,8994,27836
102348813562,102348813554,-8,698,2472
102361137355,102361137374,19,168,920
102362417277,102362417275,-2,1155,1647
102362555457,102362555454,-3,1301,3396
102362848898,102362848896,-2,1132,2076
102363495605,102363495610,5,4784,2448
102363562026,102363562023,-3,1404,3315
102365401608,102365401605,-3,994,1915
102368146170,102368146168,-2,1354,2898
102369996449,102369996443,-6,1067,2527
102372520878,102372520898,20,549,784
102373629544,102373629538,-6,1221,2032
102374845276,102374845276,0,969,1997
102375631319,102375631317,-2,1189,2394
102379732416,102379732414,-2,1293,2053
102381242794,102381242791,-3,1146,2172
102381272418,102381272415,-3,1008,2335
102383238998,102383238994,-4,1284,2520
102383693077,102383693074,-3,1067,2809
102386913962,102386913958,-4,654,1835
102387576812,102387576813,1,141,735
102387709126,102387709146,20,492,1639
102391845363,102391845363,0,1063,2619
102396093006,102396093005,-1,1233,3171
102400702630,102400702629,-1,1660,1677
102402013602,102402013601,-1,934,1916
102402755597,102402755598,1,5667,7453
102403801375,102403801371,-4,951,2334
102403878859,102403878854,-5,838,2607
102407299079,102407299077,-2,901,2264
102408515805,102408515809,4,2721,1936
102409920309,102409920307,-2,1372,2502
102410073994,102410073990,-4,1460,1903
102410735406,102410735409,3,1606,709
102410950845,102410950842,-3,1469,2364
102413551333,102413551338,5,2981,1160
102414491444,102414491457,13,1007,1734
102416228607,102416228607,0,1536,1880
102417794071,102417794069,-2,1511,2577
102419422166,102419422162,-4,1425,2748
102423359742,102423359738,-4,873,2812
102427074654,102427074661,7,2889,1389
102430725450,102430725449,-1,949,1900
102435185042,102435185039,-3,787,1430
102439384337,102439384341,4,1886,1229
102439961779,102439961776,-3,1109,2947
102440570560,102440570556,-4,1193,1888
102442456883,102442456880,-3,1371,2949
102443424374,102443424373,-1,987,2092
102443702814,102443702813,-1,1236,2060
102449603332,102449603330,-2,1271,2688
102455570106,102455570108,2,7293,24059
102458410425,102458410421,-4,1446,2396
102459990921,102459990918,-3,1282,2758
102461613259,102461613257,-2,33581,17897
102463933694,102463933690,-4,1412,3032
102464041826,102464041824,-2,883,1936
102465173589,102465173587,-2,1104,1855
102469894048,102469894045,-3,1465,3069
102469938852,102469938838,-14,97,694
102472310162,102472310160,-2,1329,2227
102472534122,102472534121,-1,898,2611
102473087534,102473087530,-4,1248,2705
102476563226,102476563222,-4,1242,2281
102477424785,102477424781,-4,1184,3249
102479966172,102479966170,-2,1215,1627
102481728350,102481728348,-2,1080,2720
102484881537,102484881534,-3,1316,1974
102484959636,102484959634,-2,1115,1948
102486710002,102486709999,-3,1540,2257
102493340551,102493340550,-1,1452,2021
102494127231,102494127229,-2,1107,1803
102500897867,102500897867,0,958,2422
102503452206,102503452205,-1,1076,1955
102505919851,102505919850,-1,367,1381
102510497275,102510497271,-4,1034,2294
102516671367,102516671365,-2,713,1250
102516795183,102516795171,-12,833,2382
102517036405,102517036385,-20,1067,2482
102519186642,102519186638,-4,1146,2963
102519332837,102519332834,-3,893,2125
102521093505,102521093503,-2,855,1480
102522583262,102522583259,-3,1331,2445
102522614549,102522614546,-3,1045,1138
102527641397,102527641398,1,1003,1352
102535087231,102535087224,-7,737,2192
102535930178,102535930174,-4,1207,1974
102537660584,102537660582,-2,1374,1940
102538349167,102538349186,19,1067,1653
102540762197,102540762194,-3,1401,2215
102542749452,102542749441,-11,1809,3591
102543593150,102543593151,1,880,1142
102544578849,102544578857,8,12755,43435
102545189388,102545189385,-3,1378,2939
102549787854,102549787853,-1,791,2583
102551660746,102551660744,-2,1253,2596
102551876606,102551876611,5,2770,1988
102552475009,102552475003,-6,1970,8922
102554259397,102554259394,-3,542,1588
102560318858,102560318856,-2,2237,3148
102561714509,102561714514,5,3060,1171
102562370798,102562370795,-3,1042,2650
102562426405,102562426405,0,987,1177
102567203574,102567203556,-18,991,57
102568888518,102568888517,-1,862,2205
102572944055,102572944051,-4,1300,2028
102573330191,102573330186,-5,1114,2723
102578255424,102578255420,-4,1214,2382
102579320765,102579320761,-4,1074,2020
102579694325,102579694313,-12,918,1563
102583001555,102583001552,-3,1596,2452
102583432478,102583432473,-5,1010,3181
102588528167,102588528165,-2,818,1754
102589604662,102589604658,-4,201,720
102590495042,102590495038,-4,1064,2266
102591066837,102591066835,-2,1019,2464
102592489831,102592489830,-1,625,1576
102594209981,102594209978,-3,1235,2435
102598523046,102598523043,-3,932,2689
102608554530,102608554535,5,2342,1144
102611093619,102611093621,2,1788,1828
102619844414,102619844413,-1,605,2307
102627270015,102627270014,-1,912,1674
102629280287,102629280285,-2,1248,2177
102629540807,102629540797,-10,945,1577
102633999914,102633999911,-3,1133,2224
102635081451,102635081453,2,1667,1608
102639156728,102639156725,-3,1611,2991
102639220926,102639220945,19,745,2336
102639812087,102639812083,-4,1111,2186
102640517041,102640517024,-17,3568,1239
102641437190,102641437186,-4,656,1804
102644158763,102644158762,-1,1180,1372
102644447040,102644447037,-3,1288,3365
102645120614,102645120611,-3,714,2119
102645291967,102645291965,-2,546,1431
102647087306,102647087304,-2,1124,2376
102648927342,102648927338,-4,970,1598
102660242125,102660242120,-5,843,1860
102662877391,102662877387,-4,1299,2407
102663623763,102663623761,-2,1258,2580
102667429253,102667429251,-2,1308,2339
102669473559,102669473558,-1,907,1950
102671352497,102671352494,-3,1041,1375
102673338955,102673338954,-1,762,1547
102675521892,102675521889,-3,930,2100
102677639910,102677639909,-1,800,2248
102678047410,102678047408,-2,885,2165
102678894206,102678894203,-3,1154,2155
102679154614,102679154615,1,1266,1283
102679398774,102679398773,-1,2629,5680
102684814627,102684814624,-3,772,1703
102690332058,102690332056,-2,887,2454
102701157047,102701157046,-1,1496,2723
102706440079,102706440074,-5,793,2677
102707259974,102707259972,-2,1158,2866
102707321151,102707321141,-10,744,1919
102710725698,102710725697,-1,1136,1774
102711073287,102711073275,-12,747,1817
102713336414,102713336405,-9,1424,2320
102714465631,102714465628,-3,1098,2509
102715211806,102715211804,-2,1485,2220
102717733263,102717733260,-3,1379,2456
102718683246,102718683243,-3,944,2060
102723367617,102723367614,-3,1085,2187
102725314987,102725314987,0,878,2204
102730194737,102730194734,-3,1123,2082
102733306957,102733306954,-3,1101,2111
102737199143,102737199143,0,1644,1777
102738354009,102738354005,-4,1161,2283
102741386193,102741386191,-2,1055,2036
102741443335,102741443334,-1,912,1911
102743151885,102743151882,-3,1172,2578
102743468131,102743468126,-5,1313,2520
102745667701,102745667698,-3,1675,2491
102746874025,102746874023,-2,1311,2496
102751217402,102751217399,-3,792,2144
102760380644,102760380642,-2,1255,2241
102763009280,102763009278,-2,1386,2177
102775946102,102775946101,-1,1363,2966
102778274751,102778274751,0,872,2047
102778827591,102778827587,-4,1026,1341
102779733998,102779733999,1,1356,1400
102780319549,102780319569,20,1052,1796
102783610330,102783610326,-4,718,2283
102789149542,102789149540,-2,1290,3195
102791250325,102791250323,-2,1379,2615
102795987709,102795987706,-3,1058,1521
102802375618,102802375615,-3,1056,1921
102806560634,102806560649,15,12888,49204
102807701902,102807701898,-4,1024,2331
102813998449,102813998446,-3,1066,2411
102823427464,102823427460,-4,1251,2306
102825148919,102825148914,-5,1098,2596
102825550223,102825550221,-2,1709,2682
102828650226,102828650222,-4,958,1609
102828683368,102828683387,19,310,1384
102838410698,102838410697,-1,1506,1873
102843601739,102843601737,-2,773,1999
102846035107,102846035107,0,613,1166
102846260637,102846260634,-3,908,1936
102847452106,102847452103,-3,1083,1837
102852823202,102852823199,-3,1139,2846
102853267232,102853267230,-2,986,2133
102857917252,102857917257,5,1567,1153
102859303601,102859303596,-5,1107,3666
102867068218,102867068216,-2,674,1783
102867430407,102867430410,3,10730,20137
102869940237,102869940234,-3,1128,1432
102872607687,102872607684,-3,759,1902
102874308973,102874308971,-2,1356,3105
102877615435,102877615431,-4,974,2243
102878037131,102878037130,-1,1130,2424
102879840978,102879840977,-1,1177,1090
102883182098,102883182102,4,1212,1070
102886592998,102886592995,-3,1216,1607
102887442729,102887442725,-4,1016,1857
102889970810,102889970805,-5,1123,2316
102892143696,102892143696,0,24046,19044
102896832086,102896832091,5,2469,1127
102906045917,102906045915,-2,737,1662
102906191354,102906191357,3,1186,1315
102906825754,102906825750,-4,1043,2947
102910146302,102910146300,-2,1308,2824
102912737230,102912737229,-1,1147,1774
102914439303,102914439302,-1,2859,4487
102918160493,102918160492,-1,1187,2463
102918476301,102918476297,-4,946,2079
102919336974,102919336973,-1,795,1520
102926632690,102926632689,-1,1428,2767
102939937300,102939937297,-3,1634,1335
102939981581,102939981561,-20,1473,1920
102944041854,102944041850,-4,1229,2158
102944390840,102944390837,-3,1059,2469
102946097067,102946097070,3,1243,827
102949991471,102949991469,-2,700,1540
102953660751,102953660750,-1,1325,2669
102960277461,102960277458,-3,1204,2484
102961498559,102961498578,19,1016,2652
102966677603,102966677601,-2,1582,3227
102969704808,102969704804,-4,1280,1959
102970130687,102970130706,19,1023,1980
102972655897,102972655894,-3,1134,2349
102972897694,102972897710,16,648,2310
102977765226,102977765223,-3,1370,2228
102982962643,102982962641,-2,1482,2849
102984093602,102984093602,0,756,1637
102986595347,102986595346,-1,985,1833
102986827051,102986827048,-3,821,1671
102996146241,102996146242,1,684,2016
103000340272,103000340285,13,781,1221
103002112118,103002112118,0,1372,2011
103007482153,103007482151,-2,1405,3061
103010940619,103010940630,11,13509,27061
103012729561,103012729556,-5,724,1844
103014325526,103014325523,-3,978,2760
103016389047,103016389043,-4,914,2229
103017850969,103017850966,-3,1215,2448
103025820722,103025820720,-2,712,2296
103026235222,103026235241,19,837,2209
103028461748,103028461750,2,17545,11044
103031272134,103031272132,-2,875,1826
103032119637,103032119634,-3,1359,2538
103032559529,103032559525,-4,1320,2360
103035358050,103035358046,-4,625,1568
103038606586,103038606585,-1,1092,1619
103041617472,103041617467,-5,1691,5778
103043765413,103043765412,-1,1451,2778
103044104252,103044104249,-3,1685,1952
103046422092,103046422089,-3,1709,2342
103047425474,103047425471,-3,1718,2258
103051682346,103051682361,15,3717,1444
103053004024,103053004023,-1,1255,1902
103053883836,103053883834,-2,1365,1411
103063051294,103063051300,6,9976,25181
103067832905,103067832904,-1,999,2285
103068876625,103068876623,-2,1258,2490
103073216958,103073216956,-2,857,1763
103075560031,103075560030,-1,1056,2169
103083398163,103083398162,-1,1203,1486
103084923662,103084923677,15,1187,2132
103087176838,103087176835,-3,1893,3009
103087365859,103087365857,-2,1416,2178
103092601226,103092601222,-4,944,2468
103096222993,103096222990,-3,1438,2404
103096350984,103096350982,-2,1288,2717
103099140843,103099140842,-1,946,1878
103100057670,103100057670,0,1547,1920
103102980643,103102980640,-3,1213,2706
103105563900,103105563899,-1,1359,2531
103106533801,103106533799,-2,1160,2260
103112608875,103112608874,-1,974,1572
103121782810,103121782808,-2,1077,1723
103122746012,103122746010,-2,937,1570
103123919395,103123919392,-3,1267,2752
103126471031,103126471029,-2,871,1672
103132546529,103132546526,-3,1428,2303
103132681422,103132681419,-3,1144,836
103134569741,103134569741,0,1280,1675
103135644522,103135644518,-4,949,1684
103140006400,103140006397,-3,1475,2726
103141436139,103141436138,-1,879,1799
103141571949,103141571945,-4,166,645
103142156633,103142156630,-3,1153,2004
103142832486,103142832484,-2,1106,1572
103144553064,103144553064,0,1502,2009
103145775641,103145775638,-3,1229,1929
103146013185,103146013181,-4,1571,3551
103147351654,103147351658,4,2665,1539
103147592411,103147592408,-3,1538,2493
103148169973,103148169971,-2,1875,3460
103148317618,103148317614,-4,1034,2417
103149706999,103149706997,-2,1258,1727
103151269067,103151269064,-3,1118,1907
103156627073,103156627072,-1,1094,1950
103156959795,103156959794,-1,1586,1914
103159788298,103159788294,-4,936,2152
103159917965,103159917985,20,977,1335
103160296199,103160296198,-1,949,2290
103160654178,103160654174,-4,1284,2238
103160993187,103160993183,-4,1257,2626
103162453999,103162453997,-2,1274,2534
103163654386,103163654384,-2,1474,2538
103166943269,103166943267,-2,1221,2463
103167550061,103167550078,17,470,1001
103169007347,103169007342,-5,1040,2268
103170447139,103170447135,-4,1503,2410
103172491795,103172491793,-2,1394,2523
103175583283,103175583279,-4,1090,2131
103177622780,103177622777,-3,1314,2403
103181690973,103181690970,-3,1576,2352
103186027470,103186027468,-2,1292,2493
103188602168,103188602165,-3,1157,2417
103191168262,103191168258,-4,1690,3670
103193782029,103193782024,-5,1599,2441
103194527415,103194527421,6,3041,1710
103195065030,103195065027,-3,829,1801
103195694930,103195694928,-2,725,1564
103197345195,103197345194,-1,1525,3092
103199392821,103199392818,-3,1144,2011
103204501957,103204501954,-3,1151,2074
103207520483,103207520481,-2,986,1937
103207572965,103207572958,-7,1175,2230
103209599482,103209599478,-4,1260,2336
103212385906,103212385903,-3,1417,2048
103213670259,103213670258,-1,1478,1857
103217562186,103217562184,-2,2208,3527
103221881925,103221881922,-3,1239,1841
103225333787,103225333782,-5,748,1800
103225976289,103225976285,-4,1546,2466
103226372901,103226372898,-3,890,1854
103226539311,103226539306,-5,956,2685
103226972270,103226972266,-4,926,1795
103227405108,103227405129,21,1384,2222
103227556543,103227556530,-13,1374,3395
103239217798,103239217795,-3,1019,2081
103239855090,103239855086,-4,1531,3283
103240042086,103240042081,-5,788,2157
103240175367,103240175362,-5,957,1724
103240539854,103240539874,20,1197,1516
103241151346,103241151341,-5,1666,6742
103242070902,103242070902,0,751,2328
103242880781,103242880803,22,1444,2259
103243701484,103243701483,-1,1542,2732
103244198330,103244198326,-4,1274,1578
103244397282,103244397278,-4,1155,2906
103245487119,103245487109,-10,339,835
103248303164,103248303161,-3,1150,2439
103250601154,103250601156,2,2291,1998
103265813055,103265813053,-2,1236,2330
103266550146,103266550143,-3,1038,2902
103266866532,103266866550,18,1028,2749
103269083970,103269083967,-3,1504,3038
103269977087,103269977086,-1,1384,1518
103270036524,103270036522,-2,1297,2193
103279362602,103279362600,-2,1573,2817
103281267309,103281267304,-5,1186,2935
103283530125,103283530123,-2,1134,2292
103285525767,103285525762,-5,993,2230
103286915261,103286915261,0,1061,1510
103289791421,103289791414,-7,886,2434
103291653091,103291653088,-3,1120,2347
103292270459,103292270458,-1,1142,1826
103292761637,103292761636,-1,157,571
103293368169,103293368166,-3,1734,3656
103295115733,103295115729,-4,1155,2193
103303860214,103303860214,0,999,2443
103305816966,103305816963,-3,880,1909
103306678970,103306678970,0,813,2065
103317959279,103317959277,-2,1339,2497
103320381759,103320381759,0,1072,1315
103324584683,103324584683,0,1398,2071
103327780045,103327780037,-8,1124,326
103328763971,103328763969,-2,1119,1615
103333458682,103333458679,-3,1178,1799
103334412199,103334412193,-6,55258,122719
103337553665,103337553663,-2,1441,2283
103339077130,103339077136,6,4119,1334
103342776639,103342776638,-1,975,1963
103346388569,103346388569,0,920,2476
103348394491,103348394486,-5,728,2588
103348429408,103348429418,10,310,980
103350478246,103350478242,-4,701,1789
103351925294,103351925300,6,2471,1227
103353616945,103353616946,1,1396,1680
103357785953,103357785951,-2,1109,2216
103357869108,103357869130,22,773,2140
103362227557,103362227553,-4,1024,2467
103365913214,103365913212,-2,1035,2450
103367491279,103367491283,4,3172,2265
103374140928,103374140926,-2,856,1817
103374183324,103374183321,-3,1575,2228
103375720912,103375720909,-3,1531,1780
103381339600,103381339598,-2,1186,2190
103384033766,103384033764,-2,1375,1788
103385290452,103385290450,-2,1456,2804
103386048863,103386048861,-2,804,1845
103386182758,103386182765,7,253,1497
103386336918,103386336915,-3,1316,2462
103389624849,103389624852,3,26273,42242
103391432984,103391432983,-1,1546,3145
103392016023,103392016021,-2,928,2439
103392091503,103392091521,18,275,771
103392656093,103392656091,-2,911,2074
103394057133,103394057130,-3,946,2825
103394213255,103394213234,-21,1217,1960
103401227015,103401227013,-2,1416,1345
103403855539,103403855538,-1,1407,1767
103405892147,103405892144,-3,1698,2651
103406675846,103406675844,-2,1255,2984
103406871182,103406871163,-19,209,847
103410724435,103410724431,-4,1217,3394
103411339668,103411339679,11,269,782
103417063647,103417063645,-2,1529,2515
103418297346,103418297352,6,2043,1733
103419342971,103419342969,-2,1095,2804
103425871089,103425871087,-2,1566,3298
103426185607,103426185605,-2,1000,2103
103434316982,103434316981,-1,1279,2822
103437199925,103437199922,-3,1466,2408
103439020843,103439020841,-2,859,1626
103439692257,103439692254,-3,765,2025
103439989928,103439989942,14,1391,2709
103440523914,103440523913,-1,1067,1960
103444860698,103444860697,-1,1079,2228
103448980059,103448980059,0,1526,1797
103449802970,103449802969,-1,1410,2082
103450859485,103450859483,-2,903,2006
103456163171,103456163169,-2,1405,2694
103469471598,103469471596,-2,1621,3092
103473443690,103473443687,-3,1339,2668
103474057731,103474057726,-5,847,1646
103475299961,103475299982,21,1050,2204
103475893639,103475893637,-2,1116,2211
103477079794,103477079794,0,1113,1648
103481340725,103481340735,10,938,1076
103482758167,103482758165,-2,1356,2768
103490383101,103490383094,-7,863,2445
103502535180,103502535183,3,1959,1383
103504812572,103504812570,-2,1086,1958
103505662202,103505662198,-4,776,2136
103510954249,103510954246,-3,1138,2995
103512341493,103512341489,-4,2138,5822
103512684795,103512684791,-4,1093,1990
103513960463,103513960459,-4,445,1619
103515539880,103515539878,-2,1123,2334
103516303139,103516303143,4,3521,3272
103519369487,103519369491,4,2535,1474
103524402242,103524402237,-5,816,3452
103528584200,103528584198,-2,1244,2016
103528760181,103528760180,-1,1184,1738
103531201229,103531201225,-4,855,2130
103536443890,103536443888,-2,1548,2425
103536845587,103536845584,-3,1263,3059
103537178501,103537178499,-2,885,1283
103538279766,103538279766,0,1965,2842
103539473818,103539473812,-6,33762,13976
103540214014,103540214014,0,2137,2340
103541354147,103541354144,-3,893,1739
103543143236,103543143236,0,1340,1766
103549880507,103549880504,-3,1149,1486
103550254254,103550254272,18,465,1694
103553492317,103553492311,-6,972,2190
103553818072,103553818087,15,1143,2562
103557638137,103557638134,-3,1736,2710
103558898412,103558898414,2,1337,1613
103575817102,103575817100,-2,852,1641
103576271066,103576271071,5,2064,1687
103581553989,103581553987,-2,1220,2019
103593441354,103593441353,-1,1074,2600
103593610672,103593610678,6,242,1035
103594452238,103594452216,-22,1175,2239
103598181973,103598181971,-2,963,2261
103600335358,103600335359,1,1084,1455
103605329771,103605329773,2,1437,1751
103605893173,103605893171,-2,1310,2644
103606325930,103606325929,-1,1234,2336
103607669910,103607669909,-1,1379,1844
103610221875,103610221874,-1,1115,2715
103614183413,103614183421,8,15558,24010
103619793117,103619793115,-2,1352,2422
103629750503,103629750500,-3,760,1585
103630253526,103630253523,-3,777,2073
103631435705,103631435703,-2,732,1574
103638055810,103638055809,-1,1006,1551
103643215247,103643215245,-2,971,1759
103647771190,103647771186,-4,1020,1735
103648130732,103648130749,17,534,1562
103649308394,103649308391,-3,966,2318
103650309862,103650309861,-1,1164,2564
103653286498,103653286494,-4,1065,1734
103653377092,103653377113,21,1252,2472
103654012123,103654012117,-6,731,2834
103655372246,103655372244,-2,1000,1683
103663399579,103663399580,1,1899,1111
103663771301,103663771294,-7,1156,4028
103667060607,103667060602,-5,1098,2531
103667620666,103667620663,-3,1182,2001
103668260561,103668260558,-3,918,2092
103668449032,103668449049,17,775,3175
103670725715,103670725716,1,1116,1931
103674368862,103674368858,-4,1221,2054
103674816641,103674816637,-4,909,2020
103675284530,103675284526,-4,1109,2043
103677703590,103677703586,-4,1240,2422
103680194746,103680194745,-1,1378,3032
103680818434,103680818431,-3,1138,2168
103682912214,103682912209,-5,762,1985
103685087977,103685087975,-2,1556,3042
103687925027,103687925025,-2,951,2152
103694246487,103694246482,-5,1247,4059
103697901492,103697901490,-2,1079,2598
103702568730,103702568730,0,1340,2758
103703399693,103703399692,-1,1140,1920
103704916373,103704916395,22,1316,2607
103705052926,103705052913,-13,1034,2322
103705369460,103705369457,-3,1240,2691
103712977869,103712977870,1,2067,1922
103714341318,103714341315,-3,914,2033
103716513535,103716513533,-2,1118,1900
103718456912,103718456910,-2,1111,2168
103719994233,103719994231,-2,680,1806
103721165986,103721165983,-3,1231,1656
103724918110,103724918107,-3,1409,2550
103727692482,103727692479,-3,1300,1729
103728387846,103728387844,-2,1246,1802
103728643009,103728643005,-4,1796,3490
103730471162,103730471160,-2,1316,2054
103734244601,103734244597,-4,1317,2406
103741038462,103741038459,-3,600,1706
103743395887,103743395882,-5,1700,4853
103747420963,103747420962,-1,1015,1805
103748961711,103748961707,-4,1107,2056
103752186331,103752186330,-1,713,1323
103754039992,103754040002,10,18414,50605
103757861071,103757861070,-1,677,1536
103759120382,103759120379,-3,1357,2360
103766073112,103766073108,-4,875,2154
103771265265,103771265262,-3,990,2323
103776416015,103776416013,-2,1099,1880
103786117571,103786117569,-2,971,2972
103788484887,103788484886,-1,938,2032
103794493976,103794493974,-2,1003,2174
103797826282,103797826277,-5,3478,8477
103797894090,103797894087,-3,1514,2654
103799540716,103799540716,0,1429,1946
103801477552,103801477549,-3,870,2049
103803978398,103803978396,-2,1061,2615
103809031175,103809031174,-1,1330,1827
103815037006,103815037005,-1,1664,2655
103817170394,103817170397,3,1733,1535
103818511839,103818511835,-4,1245,2277
103820621141,103820621138,-3,1007,3103
103823854831,103823854829,-2,1353,2541
103825337927,103825337922,-5,885,1968
103825464446,103825464450,4,4891,3443
103829251854,103829251852,-2,1089,2059
103830885825,103830885820,-5,1163,2882
103831223745,103831223742,-3,1096,1960
103832299850,103832299855,5,13161,8009
103832425665,103832425665,0,1283,1574
103836032832,103836032829,-3,938,2377
103837686511,103837686509,-2,916,1759
103846493523,103846493522,-1,1287,1838
103850471357,103850471353,-4,777,1823
103850520294,103850520299,5,401,898
103853819491,103853819489,-2,711,1389
103856673200,103856673214,14,391,1294
103861022110,103861022118,8,16451,23830
103863472746,103863472741,-5,1090,2453
103864594657,103864594653,-4,1386,1902
103864851362,103864851359,-3,1067,2221
103866767939,103866767937,-2,764,1486
103868212159,103868212157,-2,1508,2257
103869175541,103869175557,16,1065,12962
103872733162,103872733162,0,876,1451
103873560367,103873560366,-1,893,2374
103877920486,103877920484,-2,1041,2458
103879675267,103879675264,-3,783,1062
103881507606,103881507604,-2,1588,2475
103885673319,103885673317,-2,1302,1917
103887952398,103887952395,-3,1950,2421
103892497351,103892497348,-3,987,2028
103895508447,103895508445,-2,1322,2062
103898692493,103898692501,8,14500,21316
103903074221,103903074220,-1,875,1700
103905006453,103905006446,-7,379,428
103906251503,103906251502,-1,1302,2676
103910081959,103910081971,12,13421,41512
103913314430,103913314427,-3,1098,2536
103915434565,103915434564,-1,959,2298
103917398842,103917398841,-1,1220,2554
103918899479,103918899477,-2,923,1756
103920292060,103920292058,-2,1213,2153
103920492539,103920492537,-2,1478,2523
103920875898,103920875894,-4,981,2780
103922923278,103922923274,-4,1387,2281
103925491559,103925491570,11,13471,31423
103934537793,103934537792,-1,964,1231
103939422850,103939422848,-2,1037,1824
103945600221,103945600218,-3,1230,2410
103945972444,103945972447,3,3475,2379
103951533205,103951533203,-2,1210,2426
103956901337,103956901334,-3,901,2415
103958639406,103958639403,-3,522,1754
103959217881,103959217880,-1,1062,2091
103960815269,103960815265,-4,911,2287
103964394566,103964394564,-2,1317,2586
103965331922,103965331919,-3,1082,2183
103967453854,103967453851,-3,2420,6003
103970212343,103970212346,3,1654,1432
103970249951,103970249951,0,1152,2355
103971826289,103971826286,-3,1202,2085
103973577646,103973577643,-3,1325,2329
103974289657,103974289655,-2,523,996
103978229540,103978229542,2,2170,1904
103981767619,103981767618,-1,994,1377
103984467742,103984467742,0,1083,1723
103992843654,103992843650,-4,1224,3094
103993329724,103993329729,5,22124,45574
104000735298,104000735298,0,1517,2541
104001290391,104001290382,-9,1406,1939
104001618905,104001618902,-3,1397,2318
104001757113,104001757110,-3,1454,2696
104002880858,104002880855,-3,661,1864
104002911548,104002911568,20,248,734
104003781434,104003781434,0,972,2448
104004056424,104004056421,-3,974,1478
104005751271,104005751268,-3,1334,2157
104006369347,104006369345,-2,1018,2111
104008659049,104008659048,-1,934,1566
104011220863,104011220861,-2,1111,2485
104012640893,104012640889,-4,1218,1966
104018302561,104018302560,-1,1795,2426
104026841137,104026841134,-3,1081,1062
104029184816,104029184815,-1,1122,2115
104036058137,104036058133,-4,1052,1700
104037209946,104037209945,-1,1229,2432
104040923309,104040923306,-3,1758,2952
104043502449,104043502446,-3,1044,2153
104044684459,104044684461,2,1288,1713
104045554888,104045554880,-8,13139,18344
104046055489,104046055489,0,1484,1159
104046339377,104046339374,-3,1076,1741
104047643111,104047643110,-1,1210,2098
104049281020,104049281042,22,871,2040
104049717888,104049717885,-3,1018,1936
104053316675,104053316673,-2,1048,2600
104059814121,104059814118,-3,1182,2389
104060620637,104060620630,-7,878,1330
104060923496,104060923512,16,632,1203
104062239890,104062239888,-2,1828,2362
104062449202,104062449199,-3,1168,2021
104062751996,104062751993,-3,1227,2293
104063072451,104063072446,-5,993,1688
104065453979,104065453975,-4,1145,1999
104065918658,104065918654,-4,1084,3397
104066911755,104066911753,-2,1046,2071
104069797805,104069797801,-4,1197,2904
104071035226,104071035226,0,1070,1886
104073647908,104073647905,-3,1390,1969
104075599078,104075599074,-4,1124,2608
104077106861,104077106858,-3,1182,2351
104078573649,104078573647,-2,1659,2990
104081288570,104081288565,-5,1276,3135
104081813086,104081813106,20,481,1430
104085792462,104085792457,-5,1216,2464
104089001142,104089001144,2,1622,1510
104090255547,104090255542,-5,843,2132
104090932470,104090932469,-1,1152,2130
104091273979,104091273979,0,1140,1818
104091642239,104091642237,-2,883,2536
104097065865,104097065861,-4,999,2109
104098163034,104098163030,-4,1120,2197
104102082783,104102082781,-2,1229,2217
104103131374,104103131370,-4,1120,2087
104104038831,104104038817,-14,295,849
104105160218,104105160216,-2,1064,2081
104106380926,104106380923,-3,1190,2645
104108837161,104108837159,-2,1520,2828
104111013155,104111013155,0,1512,1910
104118163894,104118163892,-2,1413,1872
104119049657,104119049653,-4,1123,2066
104121839334,104121839330,-4,1266,2552
104123989795,104123989790,-5,986,2399
104124805482,104124805480,-2,758,1321
104126204450,104126204446,-4,1549,1962
104128059917,104128059915,-2,1392,3382
104129142590,104129142586,-4,811,2266
104129584967,104129584965,-2,1170,2579
104133686806,104133686802,-4,1216,4669
104139735404,104139735403,-1,467,1558
104143291365,104143291360,-5,1799,4251
104143582319,104143582334,15,936,2918
104152914614,104152914609,-5,839,3274
104153453411,104153453409,-2,1231,3107
104154448042,104154448042,0,957,1384
104158689930,104158689937,7,3599,1500
104161466201,104161466198,-3,1049,2510
104161524828,104161524822,-6,805,1916
104162584549,104162584540,-9,347,548
104168955227,104168955223,-4,847,3077
104169074938,104169074934,-4,1209,1842
104170988346,104170988342,-4,848,2001
104173510129,104173510126,-3,1010,1624
104174812706,104174812702,-4,1386,2831
104176408847,104176408846,-1,986,1711
104176470138,104176470135,-3,1696,2035
104180046857,104180046847,-10,1261,2061
104182015487,104182015484,-3,1058,2122
104182879845,104182879830,-15,1398,1337
104190132679,104190132677,-2,1060,2048
104192231138,104192231138,0,683,1602
104194627147,104194627143,-4,1265,2559
104195303679,104195303673,-6,1324,2314
104197607797,104197607793,-4,1067,2808
104200836740,104200836749,9,309,2605
104203958392,104203958388,-4,1191,2598
104205044789,104205044786,-3,1175,3033
104205162539,104205162537,-2,1013,1577
104208596668,104208596666,-2,1217,3300
104209155966,104209155966,0,1257,1851
104210298631,104210298630,-1,857,893
104210365702,104210365698,-4,884,1611
104211363318,104211363316,-2,855,1451
104212715796,104212715800,4,1909,1427
104216113774,104216113774,0,1794,2013
104217763487,104217763485,-2,1116,1648
104217993111,104217993109,-2,1076,2013
104219615606,104219615603,-3,1309,1691
104220361344,104220361342,-2,1716,3145
104221827474,104221827470,-4,1181,2214
104221975364,104221975362,-2,1324,2340
104222185571,104222185574,3,7337,25631
104228642971,104228642969,-2,968,1943
104231529624,104231529627,3,3219,2361
104231661991,104231661989,-2,1142,2437
104232410739,104232410735,-4,893,2256
104233938825,104233938821,-4,907,1999
104234985607,104234985605,-2,1552,2774
104235698350,104235698342,-8,2267,7809
104237431957,104237431956,-1,699,2030
104237471246,104237471237,-9,1101,1669
104238371604,104238371601,-3,1244,2304
104238676620,104238676605,-15,718,1627
104245449931,104245449929,-2,1443,2881
104252697191,104252697189,-2,1531,2873
104257026323,104257026320,-3,1446,2256
104257532292,104257532290,-2,1414,1938
104258941327,104258941326,-1,1472,2633
104261398141,104261398137,-4,987,2551
104262399067,104262399066,-1,1253,2474
104267902860,104267902856,-4,1280,2980
104274993466,104274993466,0,1172,2290
104279610205,104279610203,-2,1677,2113
104281430909,104281430905,-4,1404,2993
104281759791,104281759791,0,1879,2301
104283812544,104283812543,-1,1666,2358
104293563150,104293563159,9,5143,37443
104296932220,104296932217,-3,1432,2499
104301637005,104301637002,-3,879,1781
104302999162,104302999161,-1,1716,2160
104304931900,104304931890,-10,587,1257
104305528855,104305528875,20,1677,3771
104307171402,104307171405,3,1992,2602
104311941725,104311941724,-1,1004,2288
104312726379,104312726373,-6,935,2615
104316112862,104316112861,-1,988,1605
104320182949,104320182946,-3,1240,1700
104322237041,104322237039,-2,1582,2237
104329886382,104329886380,-2,1312,2954
104331285639,104331285639,0,1098,1476
104332830848,104332830847,-1,1026,1487
104337986313,104337986313,0,908,1506
104340162582,104340162580,-2,1103,1928
104340489263,104340489261,-2,1179,1969
104341932062,104341932061,-1,1536,2635
104343715726,104343715723,-3,12990,14433
104344486828,104344486824,-4,1154,2509
104345160002,104345159998,-4,1272,3286
104346011326,104346011323,-3,1523,2722
104351803399,104351803394,-5,1068,3373
104354167510,104354167509,-1,1102,1457
104354722634,104354722634,0,1175,2732
104360934790,104360934790,0,770,1608
104365602489,104365602485,-4,1144,3042
104367591494,104367591493,-1,1208,2623
104369550471,104369550469,-2,1111,2312
104369797490,104369797489,-1,1172,2135
104372674254,104372674250,-4,823,2637
104383956327,104383956326,-1,1155,2806
104387089501,104387089498,-3,1250,1988
104391133446,104391133442,-4,1187,2168
104393015279,104393015276,-3,1206,2777
104394550729,104394550726,-3,1580,1760
104407067486,104407067484,-2,1560,2490
104408027151,104408027150,-1,482,1310
104410639691,104410639689,-2,1248,2299
104412496663,104412496662,-1,1047,2245
104412893651,104412893647,-4,857,2683
104414530257,104414530253,-4,1438,2319
104415636975,104415636973,-2,1073,3527
104417879767,104417879766,-1,806,1838
104418737412,104418737409,-3,827,1352
104421121311,104421121291,-20,1134,2083
104421901822,104421901821,-1,2080,2257
104425043598,104425043597,-1,1236,1923
104425964101,104425964100,-1,1450,2042
104429017975,104429017973,-2,1224,1603
104432873300,104432873295,-5,1146,3858
104433103502,104433103501,-1,1123,2415
104438676158,104438676157,-1,1375,3013
104439416522,104439416520,-2,1216,2349
104439902228,104439902226,-2,1660,2376
104443241978,104443241973,-5,952,2624
104443720748,104443720730,-18,1349,2143
104445503961,104445503958,-3,1007,2108
104447156230,104447156225,-5,1363,2194
104448139667,104448139664,-3,1315,3196
104455390721,104455390722,1,1118,1728
104457727990,104457727987,-3,804,1254
104459035612,104459035609,-3,1444,2150
104461947822,104461947804,-18,1437,1415
104462015050,104462015046,-4,1382,2539
104464723293,104464723294,1,926,1440
104466203251,104466203249,-2,1095,2338
104466663205,104466663194,-11,1023,2005
104472925690,104472925687,-3,1185,2265
104475856973,104475856971,-2,1030,2494
104478347466,104478347464,-2,756,1663
104479773009,104479773013,4,11549,17156
104481370763,104481370760,-3,1389,1802
104484199199,104484199197,-2,1307,2393
104485412081,104485412078,-3,1039,1319
104488326243,104488326241,-2,1481,2713
104489076817,104489076815,-2,979,1564
104492090350,104492090346,-4,1637,3786
104497327507,104497327504,-3,27096,17694
104501361115,104501361112,-3,1321,1979
104501926295,104501926293,-2,695,1725
104502292967,104502292965,-2,1384,1822
104502946827,104502946824,-3,1161,2077
104504754382,104504754380,-2,1073,1858
104509414575,104509414573,-2,945,2231
104510979197,104510979194,-3,1073,1599
104511945222,104511945240,18,1412,2089
104512083934,104512083932,-2,872,1582
104515578610,104515578607,-3,1239,3250
104518344402,104518344399,-3,1131,2669
104518829045,104518829042,-3,1254,2372
104521685746,104521685744,-2,1268,1908
104522311047,104522311043,-4,1435,2239
104525183582,104525183580,-2,1226,2748
104526762163,104526762161,-2,733,1367
104528941042,104528941058,16,1552,4770
104529248453,104529248451,-2,629,886
104530729232,104530729248,16,1429,2210
104532252911,104532252909,-2,1014,1576
104533787150,104533787153,3,2378,1624
104536709990,104536709987,-3,1061,1880
104537010405,104537010404,-1,1397,3164
104540888061,104540888059,-2,1046,2709
104541382923,104541382918,-5,963,2231
104542120732,104542120727,-5,1062,2758
104544583462,104544583463,1,627,1689
104544972910,104544972902,-8,1404,2442
104551725326,104551725324,-2,1212,2171
104551927428,104551927426,-2,1021,2030
104554155992,104554155987,-5,1562,3060
104555508363,104555508361,-2,1174,1949
104561988710,104561988707,-3,1193,2403
104564611918,104564611918,0,1263,1929
104567212922,104567212920,-2,1056,2097
104567893363,104567893358,-5,1358,2930
104571997831,104571997827,-4,1068,1875
104573111099,104573111097,-2,1102,1699
104573210907,104573210901,-6,942,1747
104577573746,104577573752,6,5000,2139
104580626942,104580626944,2,16882,17075
104580663114,104580663110,-4,1553,2331
104582462587,104582462584,-3,1149,2746
104584034161,104584034159,-2,1266,2135
104586767333,104586767336,3,1844,1624
104588221156,104588221151,-5,1452,4915
104592162778,104592162777,-1,997,1383
104593486981,104593486978,-3,1650,3059
104595018254,104595018266,12,15369,43978
104599546599,104599546603,4,1717,1593
104603972554,104603972552,-2,1006,2942
104605013787,104605013785,-2,1201,2438
104610347098,104610347093,-5,968,2517
104616023655,104616023653,-2,859,1149
104620309279,104620309273,-6,824,3059
104621486314,104621486320,6,4926,943
104622132854,104622132853,-1,1577,2641
104623721401,104623721399,-2,722,1924
104631429033,104631429028,-5,652,1545
104634447258,104634447239,-19,30,782
104635710433,104635710433,0,35646,11853
104639732422,104639732421,-1,1173,2387
104640212443,104640212441,-2,952,1815
104645478836,104645478832,-4,1206,1762
104646042271,104646042270,-1,957,2326
104646071881,104646071877,-4,1027,2231
104646810066,104646810062,-4,1678,3010
104652429562,104652429559,-3,1380,2636
104653945663,104653945658,-5,1085,2661
104655433079,104655433078,-1,1007,2274
104655916556,104655916550,-6,815,2119
104656691111,104656691104,-7,972,2436
104657007647,104657007629,-18,813,1629
104657989509,104657989530,21,379,1151
104658327062,104658327059,-3,1158,1841
104665553210,104665553205,-5,605,1675
104667907446,104667907445,-1,1180,2234
104669364994,104669364990,-4,1499,2528
104676497697,104676497693,-4,1195,2173
104684463646,104684463642,-4,1050,2652
104684733326,104684733326,0,892,2243
104688115515,104688115514,-1,883,1897
104689725047,104689725045,-2,1239,2602
104695206793,104695206790,-3,1631,2106
104698041022,104698041021,-1,1176,2038
104701030597,104701030593,-4,861,2732
104701522546,104701522542,-4,1184,2257
104704474344,104704474345,1,1632,1752
104705779098,104705779101,3,10806,7890
104709659730,104709659726,-4,1517,3464
104714681359,104714681355,-4,1088,1833
104718106686,104718106687,1,1603,1406
104723722961,104723722959,-2,2421,3531
104724614765,104724614762,-3,1226,2853
104730107770,104730107768,-2,1436,2773
104731450071,104731450067,-4,38158,16838
104733780382,104733780388,6,1165,850
104738705659,104738705658,-1,1019,2297
104739632283,104739632282,-1,1652,3029
104740595678,104740595674,-4,1366,2142
104742302247,104742302243,-4,900,2211
104744681334,104744681333,-1,905,2579
104748404513,104748404509,-4,789,1730
104750231855,104750231853,-2,1180,1952
104750581847,104750581830,-17,673,1770
104752924542,104752924539,-3,1119,2713
104755280881,104755280877,-4,831,1784
104756961014,104756961010,-4,1145,2694
104758129050,104758129046,-4,1071,2458
104759667314,104759667311,-3,1247,3152
104759932471,104759932470,-1,848,1642
104760817882,104760817879,-3,1057,1748
104764795867,104764795870,3,3372,1411
104768069510,104768069502,-8,2330,11544
104779199707,104779199705,-2,819,1826
104782013109,104782013107,-2,726,975
104783597842,104783597848,6,5331,2230
104788935565,104788935562,-3,1345,1597
104792062485,104792062485,0,1005,1964
104792283504,104792283519,15,761,2201
104801882788,104801882783,-5,1172,2303
104802280257,104802280254,-3,1089,1439
104807218990,104807218989,-1,1205,2284
104808347471,104808347469,-2,1600,1731
104808376581,104808376580,-1,1059,1721
104808880568,104808880566,-2,1216,2023
104812224955,104812224951,-4,1115,2220
104813430075,104813430073,-2,1075,1794
104817905238,104817905234,-4,1261,2110
104822615018,104822615023,5,3018,1994
104827334598,104827334595,-3,831,1386
104840122465,104840122463,-2,1018,2654
104841241865,104841241861,-4,1679,4351
104841317403,104841317401,-2,1434,2249
104851803682,104851803678,-4,1126,1839
104856198927,104856198928,1,1125,1365
104858929929,104858929927,-2,1598,2304
104862402607,104862402606,-1,785,1390
104863371154,104863371157,3,1449,1467
104864405318,104864405315,-3,969,2266
104864525927,104864525924,-3,758,1885
104870082888,104870082887,-1,1310,1964
104871586010,104871586006,-4,1643,3095
104872197426,104872197425,-1,1211,2328
104873030860,104873030857,-3,1467,4072
104873870673,104873870671,-2,1147,2491
104874924678,104874924676,-2,1024,2270
104876408522,104876408517,-5,878,2425
104879405076,104879405075,-1,1648,2252
104879565765,104879565763,-2,1141,3029
104880616834,104880616833,-1,1000,2734
104883435902,104883435902,0,1075,1584
104888441261,104888441280,19,938,1680
104891565812,104891565806,-6,31466,13261
104895656578,104895656574,-4,1176,2729
104898263803,104898263808,5,5085,2685
104898402728,104898402725,-3,753,2022
104898963748,104898963758,10,9844,41356
104901083082,104901083080,-2,1180,2255
104904934489,104904934488,-1,1378,2265
104905245839,104905245822,-17,1201,1718
104905529976,104905529991,15,295,964
104905595665,104905595662,-3,974,1834
104907599622,104907599621,-1,971,1721
104907705025,104907705028,3,2103,598
104907972977,104907972973,-4,1125,2906
104909375812,104909375807,-5,958,2599
104910584834,104910584831,-3,826,1643
104912705051,104912705048,-3,849,1253
104919258759,104919258741,-18,941,12997
104920406821,104920406818,-3,1189,2213
104923761562,104923761559,-3,897,2074
104927244155,104927244153,-2,874,1918
104931295105,104931295102,-3,798,2612
104932317382,104932317398,16,1270,2805
104933085555,104933085553,-2,1332,3278
104933845745,104933845742,-3,1330,2098
104935876714,104935876710,-4,1367,2758
104938452238,104938452236,-2,1429,2235
104938965358,104938965356,-2,1252,2465
104942774397,104942774395,-2,1293,2994
104944472415,104944472413,-2,1325,2573
104947434043,104947434042,-1,956,1486
104948923905,104948923905,0,1431,1899
104950252922,104950252918,-4,936,2051
104951158249,104951158245,-4,1272,2446
104952698701,104952698698,-3,877,2170
104953644044,104953644042,-2,885,1775
104957852782,104957852779,-3,1103,1991
104957913127,104957913124,-3,1152,2561
104963270545,104963270549,4,1539,297
104964945877,104964945874,-3,1124,2554
104969187393,104969187389,-4,812,1497
104969559343,104969559340,-3,1307,2038
104970485600,104970485598,-2,1577,2640
104975580418,104975580415,-3,1077,2259
104979934182,104979934181,-1,1636,2410
104982397262,104982397263,1,1537,1841
104982581567,104982581562,-5,1100,5722
104986584129,104986584114,-15,299,2179
104988623089,104988623094,5,2247,1385
104991347059,104991347057,-2,1434,3124
104991844914,104991844910,-4,1487,3250
105000390413,105000390414,1,1410,1975
105001660953,105001660950,-3,1832,3213
105002486393,105002486390,-3,1246,1950
105005971935,105005971931,-4,536,2004
105008010343,105008010342,-1,1072,1325
105008451726,105008451744,18,721,1371
105008967529,105008967525,-4,876,1731
105009202202,105009202198,-4,768,2687
105012397785,105012397782,-3,1214,2625
105015696565,105015696563,-2,1152,1190
105016223990,105016223985,-5,656,832
105018216558,105018216555,-3,1044,2722
105019168006,105019168001,-5,1526,3300
105020191361,105020191358,-3,1001,1809
105021364798,105021364795,-3,1643,2961
105021496502,105021496499,-3,686,980
105023396324,105023396322,-2,829,1457
105024115740,105024115746,6,1583,814
105025275110,105025275106,-4,1984,2525
105028139276,105028139278,2,1212,1553
105028838790,105028838788,-2,1002,1897
105034191600,105034191597,-3,843,1594
105038173526,105038173517,-9,1272,2743
105040580181,105040580177,-4,1084,2271
105042467099,105042467096,-3,996,1912
105046165509,105046165506,-3,1215,1997
105055196894,105055196890,-4,1075,2180
105056736562,105056736557,-5,1648,2911
105057508029,105057508039,10,3359,1130
105058579818,105058579813,-5,1388,1853
105062727758,105062727760,2,3680,2874
105064588310,105064588310,0,1505,3285
105067855823,105067855819,-4,790,1730
105068016500,105068016519,19,381,701
105072268246,105072268243,-3,1161,2950
105079685122,105079685119,-3,1224,2343
105085260730,105085260725,-5,1449,1876
105089504886,105089504883,-3,959,1995
105091227757,105091227753,-4,1558,2847
105091923893,105091923886,-7,1807,8012
105095798654,105095798652,-2,1024,1819
105098969825,105098969825,0,1133,1743
105109469528,105109469523,-5,1244,2695
105110663217,105110663218,1,1072,1466
105115613938,105115613933,-5,556,2909
105121347018,105121347026,8,13890,17791
105122855742,105122855741,-1,1229,2556
105123079036,105123079035,-1,1552,3022
105123386263,105123386262,-1,29086,51969
105124416446,105124416445,-1,881,2633
105127314269,105127314269,0,1126,1438
105127429130,105127429129,-1,897,1820
105129195091,105129195087,-4,973,4355
105129271094,105129271094,0,542,711
105130061978,105130061973,-5,1045,2873
105131432891,105131432888,-3,1129,2139
105132327791,105132327788,-3,1192,2984
105133686189,105133686189,0,1363,2453
105133860965,105133860961,-4,1218,2018
105136802790,105136802787,-3,915,1830
105142052545,105142052548,3,1729,1340
105150188158,105150188156,-2,1509,2364
105151318228,105151318225,-3,1043,1589
105151360599,105151360597,-2,751,2307
105153656554,105153656538,-16,845,154
105161083603,105161083602,-1,941,1665
105162499382,105162499378,-4,788,1812
105162554042,105162554044,2,1361,1963
105163364344,105163364358,14,1042,2408
105164854565,105164854561,-4,1067,1665
105167177481,105167177478,-3,977,2604
105170364333,105170364329,-4,1254,2397
105171772523,105171772520,-3,847,1833
105178156609,105178156606,-3,1523,2255
105178533707,105178533704,-3,1295,1765
105178584509,105178584488,-21,1015,1615
105179093622,105179093618,-4,660,1037
105180102514,105180102513,-1,957,2382
105183437523,105183437521,-2,922,2315
105185347234,105185347234,0,1610,2882
105186732918,105186732937,19,331,2103
105189649087,105189649085,-2,1181,1560
105191701893,105191701891,-2,1368,2099
105194107420,105194107427,7,3619,1348
105194367699,105194367706,7,4640,2633
105194399238,105194399238,0,1532,2157
105194506029,105194506026,-3,769,2978
105197212939,105197212937,-2,678,2203
105201896552,105201896557,5,2101,1564
105201991097,105201991094,-3,1225,2727
105207920876,105207920873,-3,1412,2488
105208914789,105208914805,16,564,1106
105212288655,105212288650,-5,1111,2175
105213320538,105213320535,-3,1335,2900
105216248083,105216248081,-2,708,1689
105216294037,105216294018,-19,283,467
105220402653,105220402650,-3,1189,2387
105226027118,105226027114,-4,1154,2151
105228064645,105228064651,6,4967,1662
105228275639,105228275637,-2,1237,1730
105234691878,105234691874,-4,1092,2361
105234785682,105234785679,-3,850,1624
105235563259,105235563256,-3,1059,1882
105239623683,105239623681,-2,821,1969
105240235429,105240235426,-3,1016,2455
105240483429,105240483426,-3,870,2128
105240738622,105240738637,15,425,2588
105241895459,105241895457,-2,693,1385
105243421998,105243421998,0,978,2280
105244280473,105244280470,-3,1016,2082
105244581239,105244581236,-3,854,2357
105245459839,105245459836,-3,1012,2439
105247941012,105247941014,2,1371,1620
105251831183,105251831180,-3,795,1582
105257476826,105257476822,-4,1115,2004
105258770846,105258770839,-7,590,3323
105261000331,105261000329,-2,950,1439
105265153459,105265153456,-3,1597,2513
105270104150,105270104146,-4,635,1479
105276997200,105276997196,-4,862,1801
105283976959,105283976958,-1,1426,1995
105285536726,105285536726,0,1468,1780
105290118589,105290118582,-7,2475,7534
105294489686,105294489683,-3,1221,2388
105295205535,105295205554,19,244,1234
105300559470,105300559469,-1,946,2530
105302319795,105302319794,-1,968,2412
105305073759,105305073756,-3,790,2258
105308753377,105308753374,-3,1005,2091
105309115031,105309115010,-21,273,1114
105316435585,105316435584,-1,3127,4399
105317110929,105317110925,-4,1248,2187
105317648260,105317648281,21,574,1524
105320338481,105320338478,-3,1465,2556
105328811414,105328811410,-4,1890,2482
105335138511,105335138509,-2,1072,2260
105336011853,105336011849,-4,904,2319
105341203439,105341203435,-4,893,2433
105341304179,105341304178,-1,1054,1999
105341412399,105341412397,-2,29817,63835
105344525878,105344525874,-4,1257,2514
105344940718,105344940731,13,626,1041
105350747196,105350747193,-3,1218,2518
105352593647,105352593644,-3,1237,2484
105361769317,105361769323,6,206,349
105362384854,105362384850,-4,1377,5045
105363210946,105363210945,-1,790,1541
105367836286,105367836282,-4,1237,2393
105367863150,105367863149,-1,1571,1631
105369171462,105369171462,0,899,1442
105371148878,105371148879,1,893,1418
105372236430,105372236427,-3,1223,1531
105375660928,105375660926,-2,737,1768
105375966833,105375966830,-3,1187,2178
105377595646,105377595633,-13,4992,793
105379906468,105379906467,-1,1249,2385
105383133647,105383133646,-1,576,1751
105384400247,105384400245,-2,647,1040
105386443580,105386443581,1,2017,2626
105391907050,105391907050,0,1116,2317
105393699293,105393699289,-4,1034,1871
105395716635,105395716633,-2,1087,1704
105399939509,105399939513,4,2583,1208
105407551614,105407551610,-4,1477,2243
105409720478,105409720477,-1,1452,2560
105414932321,105414932317,-4,1402,2919
105415249731,105415249729,-2,895,2073
105417593383,105417593381,-2,1111,2543
105417906990,105417906975,-15,726,959
105419242567,105419242566,-1,868,1730
105429373863,105429373859,-4,1243,1939
105430808079,105430808076,-3,1189,2075
105433802363,105433802362,-1,1080,1901
105435199811,105435199806,-5,883,1853
105435375028,105435375050,22,1677,2607
105440406799,105440406799,0,712,1097
105441120145,105441120143,-2,1130,2227
105442210918,105442210914,-4,1224,3316
105442420062,105442420058,-4,941,1722
105442486720,105442486719,-1,1086,1176
105445213925,105445213921,-4,1230,1976
105447713195,105447713190,-5,1214,2189
105451321674,105451321653,-21,769,2008
105452901995,105452901991,-4,1102,2047
105453035742,105453035723,-19,1020,3213
105453813613,105453813605,-8,1157,4563
105454395026,105454395025,-1,879,1614
105455456525,105455456523,-2,836,2381
105456813956,105456813952,-4,1235,2744
105457018799,105457018778,-21,1315,2225
105461840475,105461840471,-4,980,2319
105473623550,105473623546,-4,1812,2776
105475791678,105475791674,-4,1233,2359
105475961105,105475961102,-3,752,2590
105478340431,105478340428,-3,1245,1789
105480256642,105480256645,3,3288,3927
105482670477,105482670470,-7,963,2587
105488659287,105488659286,-1,769,1737
105488762604,105488762625,21,980,2055
105496719379,105496719377,-2,1527,2720
105496891494,105496891492,-2,1504,1696
105501221702,105501221700,-2,1002,1812
105503792901,105503792901,0,723,2179
105504136643,105504136640,-3,1404,2559
105506585077,105506585077,0,1037,2496
105507664144,105507664163,19,793,1173
105510654495,105510654493,-2,1037,2500
105512493687,105512493666,-21,688,2514
105517689726,105517689726,0,1182,1800
105522271717,105522271715,-2,892,2108
105526479948,105526479946,-2,1133,2028
105526898726,105526898722,-4,167,937
105529891377,105529891383,6,3911,2339
105531316406,105531316403,-3,952,1900
105532813212,105532813212,0,25115,21731
105536912882,105536912880,-2,919,2538
105538032211,105538032207,-4,850,2999
105539651150,105539651155,5,3094,1482
105543080048,105543080041,-7,1804,4809
105543363891,105543363888,-3,1245,1745
105545864564,105545864562,-2,1611,2287
105554908185,105554908182,-3,890,1435
105557476074,105557476073,-1,1618,2148
105560418104,105560418106,2,1172,1075
105561981603,105561981602,-1,843,1503
105562268717,105562268715,-2,1295,1775
105569123781,105569123766,-15,345,1008
105572956503,105572956511,8,12141,23583
105578911924,105578911922,-2,835,2111
105580864587,105580864583,-4,868,1810
105585735522,105585735521,-1,1404,2764
105590142883,105590142881,-2,1103,1970
105592753886,105592753882,-4,1738,2127
105596436899,105596436899,0,1356,2209
105597710853,105597710849,-4,1316,2756
105600965007,105600965003,-4,905,1638
105603410985,105603410982,-3,1337,2732
105604917527,105604917525,-2,1322,2550
105605626746,105605626744,-2,1077,1903
105607170546,105607170541,-5,1421,6369
105611835655,105611835651,-4,1023,2360
105613453395,105613453394,-1,899,1674
105613758844,105613758841,-3,945,2981
105614868263,105614868240,-23,1225,1076
105615144645,105615144647,2,924,1513
105618859514,105618859520,6,5082,2709
105623969734,105623969731,-3,693,1541
105625624124,105625624122,-2,1315,3515
105626506831,105626506830,-1,870,1527
105626775374,105626775374,0,1130,2431
105626953755,105626953754,-1,1200,2583
105629810914,105629810915,1,1155,1252
105629998998,105629998985,-13,1041,2196
105631459174,105631459171,-3,1118,2551
105631860311,105631860308,-3,1552,2311
105634715935,105634715932,-3,1099,2840
105635671451,105635671447,-4,1255,2162
105642748391,105642748391,0,721,2179
105648213570,105648213571,1,1266,1686
105650886987,105650886981,-6,1005,2317
105651975599,105651975595,-4,1261,2106
105652873410,105652873404,-6,1109,3279
105661064583,105661064581,-2,993,2600
105663728675,105663728671,-4,887,2007
105664223096,105664223110,14,670,1188
105668112858,105668112856,-2,876,2374
105670287804,105670287803,-1,944,1433
105673826015,105673826012,-3,921,2427
105674003015,105674003029,14,306,1901
105675978620,105675978617,-3,1026,2419
105677536876,105677536874,-2,1487,2484
105678958278,105678958278,0,1372,1899
105682664328,105682664324,-4,1137,2048
105685967295,105685967295,0,1507,2442
105688955822,105688955820,-2,1265,1534
105690443374,105690443370,-4,1068,2604
105698875246,105698875253,7,2835,1268
105700365029,105700365027,-2,1226,2327
105700525422,105700525420,-2,1224,2021
105704417662,105704417660,-2,1047,1699
105706491623,105706491622,-1,1153,1612
105712345038,105712345034,-4,1595,2716
105715984462,105715984461,-1,1195,1781
105718473902,105718473900,-2,1490,2171
105719087539,105719087537,-2,1365,2482
105722490566,105722490565,-1,914,1362
105726560638,105726560636,-2,959,2192
105728335833,105728335830,-3,1833,3173
105728871719,105728871716,-3,994,2945
105729296732,105729296721,-11,1258,2564
105735046687,105735046685,-2,745,2348
105742649718,105742649715,-3,1679,3223
105743534189,105743534197,8,13150,43429
105747094638,105747094646,8,4584,1539
105749080318,105749080317,-1,1304,2582
105749152967,105749152946,-21,891,2551
105749491022,105749491018,-4,1496,3711
105752332730,105752332726,-4,1111,2778
105753012094,105753012110,16,1011,2494
105753044944,105753044941,-3,1240,2163
105753108825,105753108823,-2,1369,1945
105753341329,105753341329,0,1036,2106
105757542185,105757542180,-5,1302,3283
105757622846,105757622843,-3,1025,2563
105760947282,105760947279,-3,838,2398
105761269285,105761269289,4,245,868
105764217039,105764217037,-2,1256,2517
105767581811,105767581809,-2,1100,1973
105770656511,105770656508,-3,1320,3442
105773733818,105773733814,-4,1053,2153
105775008962,105775008960,-2,1586,2509
105777449633,105777449629,-4,1291,1943
105779620361,105779620358,-3,1176,2267
105784201268,105784201266,-2,1108,2257
105784409910,105784409910,0,1490,1944
105787444822,105787444818,-4,838,1990
105790787372,105790787370,-2,1259,2402
105794156502,105794156499,-3,320,1489
105796061781,105796061780,-1,1056,1941
105802027033,105802027029,-4,1055,2211
105803950937,105803950934,-3,1095,1896
105805946686,105805946707,21,1197,1950
105809372947,105809372946,-1,1250,1813
105809584765,105809584786,21,731,1114
105812465903,105812465901,-2,1105,2115
105815673875,105815673873,-2,908,2222
105816730790,105816730790,0,1206,2149
105818848264,105818848261,-3,880,2652
105819999799,105819999798,-1,899,2314
105820143151,105820143166,15,1129,2352
105821238243,105821238242,-1,990,1699
105822015032,105822015027,-5,1004,1654
105822713364,105822713363,-1,1267,1948
105824853691,105824853691,0,957,2114
105827305314,105827305313,-1,1374,2321
105836449158,105836449156,-2,1144,2713
105836821229,105836821251,22,1071,2193
105842049516,105842049513,-3,1016,1267
105843141834,105843141832,-2,954,1794
105848692929,105848692926,-3,1259,2196
105851703163,105851703159,-4,1344,2785
105853470003,105853469999,-4,985,2602
105863196086,105863196091,5,1941,1401
105864391976,105864391975,-1,1168,1714
105865216490,105865216486,-4,963,2973
105873554048,105873554045,-3,716,1203
105874560285,105874560284,-1,1338,2680
105878069625,105878069622,-3,1330,3412
105878741337,105878741334,-3,1456,1519
105879737885,105879737886,1,1632,1430
105883171716,105883171714,-2,1274,3101
105883587328,105883587343,15,952,2281
105886193683,105886193687,4,2096,1116
105887026111,105887026109,-2,907,1697
105892427538,105892427535,-3,1197,1847
105892541131,105892541129,-2,1631,1876
105892623791,105892623789,-2,1838,2323
105893656683,105893656685,2,1169,1651
105895698255,105895698251,-4,1034,1867
105897730714,105897730710,-4,1291,3372
105898785497,105898785496,-1,1231,1665
105900263511,105900263509,-2,985,1546
105901990134,105901990131,-3,942,1857
105902206182,105902206180,-2,1470,2484
105907490157,105907490154,-3,1384,2491
105909719665,105909719663,-2,1253,2577
105911866389,105911866385,-4,1261,2510
105914548299,105914548298,-1,1038,2707
105914735679,105914735677,-2,1240,2462
105917100033,105917100030,-3,1429,2003
105917761966,105917761969,3,2458,2240
105924658390,105924658387,-3,1088,2048
105927116085,105927116081,-4,1066,1893
105927537321,105927537319,-2,1074,2021
105927901771,105927901768,-3,1026,2426
105933551368,105933551386,18,14338,38188
105941494038,105941494034,-4,855,1895
105942218285,105942218274,-11,190,915
105942956429,105942956426,-3,1349,2910
105945324111,105945324106,-5,806,4055
105947701106,105947701102,-4,1045,2116
105951279671,105951279667,-4,1095,2355
105957012597,105957012593,-4,1105,2795
105959985741,105959985727,-14,2880,1165
105960412059,105960412053,-6,20736,15657
105966269869,105966269866,-3,1164,2074
105972454150,105972454147,-3,1301,1977
105974381058,105974381056,-2,1414,2404
105975182565,105975182563,-2,1417,3161
105976111131,105976111130,-1,1204,2141
105976166987,105976166982,-5,1291,2438
105977313791,105977313789,-2,1289,2521
105981810340,105981810337,-3,1368,2619
105981873102,105981873101,-1,1646,3514
105983397358,105983397355,-3,1310,3082
105984450654,105984450650,-4,1149,2916
105986133861,105986133858,-3,2186,7176
105988198266,105988198262,-4,867,2577
105996292847,105996292845,-2,871,1739
105997004121,105997004119,-2,1500,2988
105998583402,105998583396,-6,22500,12160
105999546557,105999546558,1,1311,1283
106002879710,106002879706,-4,1174,2182
106005027293,106005027291,-2,1082,1874
106005077720,106005077709,-11,116,884
106013960909,106013960905,-4,706,1634
106016636045,106016636042,-3,1820,2165
106017362139,106017362137,-2,1036,1682
106017840093,106017840087,-6,1025,2216
106021467571,106021467570,-1,1230,1818
106023390688,106023390684,-4,1191,2950
106028186201,106028186193,-8,1062,1770
106031001197,106031001191,-6,912,2116
106031395274,106031395270,-4,1403,2650
106041186931,106041186926,-5,1121,3012
106041969818,106041969815,-3,1488,1708
106048233341,106048233337,-4,789,2181
106055542810,106055542810,0,441,983
106058000199,106058000197,-2,1181,2454
106058354025,106058354029,4,1812,1643
106059765950,106059765948,-2,2358,3021
106060375627,106060375626,-1,1255,2147
106061004879,106061004886,7,4074,1208
106071588322,106071588318,-4,989,2082
106071844039,106071844055,16,901,2407
106072936962,106072936962,0,1051,1531
106073906023,106073906018,-5,1146,2803
106074913919,106074913918,-1,1331,2255
106079288048,106079288046,-2,1262,2210
106080914553,106080914540,-13,1107,1970
106087290600,106087290597,-3,1330,2737
106090586967,106090586965,-2,1251,2136
106090648219,106090648217,-2,831,1960
106091634728,106091634726,-2,1456,3093
106093750806,106093750804,-2,1063,2325
106094218213,106094218211,-2,1440,3068
106095964736,106095964734,-2,978,2155
106102876002,106102875999,-3,1350,2709
106104359612,106104359610,-2,850,1699
106106861523,106106861521,-2,1473,2523
106106892608,106106892605,-3,964,1536
106107555126,106107555144,18,1480,2854
106113102746,106113102745,-1,1009,1981
106117414803,106117414811,8,4122,1378
106122643403,106122643401,-2,1302,2963
106133149062,106133149058,-4,856,1850
106136612191,106136612189,-2,911,984
106136799198,106136799194,-4,1392,2143
106141333778,106141333777,-1,1776,1996
106142675382,106142675380,-2,266,767
106143973170,106143973169,-1,678,1408
106145787330,106145787328,-2,1262,2670
106146832081,106146832076,-5,872,420
106155894930,106155894939,9,16063,57492
106156660970,106156660966,-4,827,942
106159461647,106159461643,-4,908,3156
106168750940,106168750939,-1,1243,1649
106172372330,106172372325,-5,744,2054
106178817130,106178817125,-5,1152,3015
106183062167,106183062166,-1,732,1440
106183206628,106183206627,-1,1165,2018
106190099910,106190099905,-5,858,2081
106192964284,106192964282,-2,1302,1525
106193041061,106193041054,-7,897,1266
106195340654,106195340650,-4,872,2222
106198093989,106198093987,-2,828,2085
106199150578,106199150574,-4,1418,2613
106200304153,106200304150,-3,960,1537
106201099111,106201099110,-1,979,1920
106202763607,106202763605,-2,1083,1740
106205820802,106205820797,-5,1018,2216
106207954940,106207954939,-1,1493,2278
106209218066,106209218065,-1,897,1313
106211752424,106211752421,-3,1281,1919
106220970855,106220970854,-1,795,2489
106221241550,106221241566,16,557,804
106228662129,106228662127,-2,1160,2306
106235337699,106235337697,-2,784,2127
106238970411,106238970408,-3,792,2329
106239299564,106239299561,-3,1512,2475
106243162249,106243162247,-2,818,2127
106249344657,106249344658,1,2905,3090
106252491929,106252491925,-4,865,2455
106253887499,106253887498,-1,1407,1625
106254170878,106254170876,-2,848,2124
106258327903,106258327903,0,1251,2594
106258999527,106258999526,-1,1042,1376
106259530664,106259530661,-3,1308,3105
106260994121,106260994117,-4,1843,3166
106262505658,106262505655,-3,1117,2383
106263179410,106263179407,-3,1279,2609
106264053996,106264053992,-4,1628,2660
106265810258,106265810256,-2,998,1753
106268220526,106268220523,-3,1319,1605
106268295575,106268295566,-9,1017,2041
106268565007,106268565005,-2,987,2071
106269274081,106269274079,-2,1349,2385
106272115979,106272115978,-1,1212,1831
106272161079,106272161075,-4,1332,2874
106273598238,106273598236,-2,976,1850
106277378759,106277378757,-2,1434,2375
106280633505,106280633502,-3,1209,2328
106283422405,106283422403,-2,1280,1986
106287560472,106287560466,-6,574,1567
106290013719,106290013717,-2,1192,2394
106296650390,106296650397,7,10752,27554
106301261094,106301261101,7,4730,1843
106307047679,106307047677,-2,481,991
106314016974,106314016977,3,1848,1468
106320193454,106320193454,0,1459,1722
106323139990,106323139989,-1,1458,2226
106323936966,106323936962,-4,1315,1993
106324158938,106324158937,-1,2081,2699
106328843258,106328843259,1,1102,1663
106333763797,106333763793,-4,856,1740
106341062287,106341062286,-1,1155,2684
106341233575,106341233591,16,697,1526
106344838002,106344838001,-1,1367,3016
106345353096,106345353094,-2,680,1487
106346465466,106346465460,-6,2283,6762
106348408361,106348408359,-2,1475,2593
106359737603,106359737598,-5,1045,2597
106367117662,106367117659,-3,1579,2186
106368216969,106368216966,-3,1400,1735
106369845938,106369845935,-3,863,2146
106371048600,106371048596,-4,1169,2394
106374515087,106374515086,-1,816,1811
106375340861,106375340859,-2,1027,1820
106376464242,106376464241,-1,1486,2229
106376505171,106376505171,0,502,1215
106378534858,106378534855,-3,1042,2203
106379266854,106379266852,-2,853,1840
106385077436,106385077439,3,2950,2499
106389172391,106389172389,-2,748,1666
106390475367,106390475364,-3,630,2410
106391228703,106391228691,-12,899,1654
106391295496,106391295493,-3,1201,2520
106394005119,106394005117,-2,955,2155
106395101514,106395101513,-1,986,1973
106395516111,106395516107,-4,620,1627
106402632060,106402632058,-2,1509,1510
106403941219,106403941218,-1,1519,1962
106408102383,106408102379,-4,961,2255
106410554626,106410554623,-3,923,2999
106411240445,106411240442,-3,725,1750
106413964069,106413964050,-19,958,900
106414976402,106414976399,-3,1114,2754
106417213567,106417213565,-2,963,2614
106420213310,106420213310,0,1218,2228
106422314917,106422314914,-3,1091,2644
106422392786,106422392785,-1,865,2128
106423181333,106423181331,-2,648,2688
106431917374,106431917369,-5,1152,3432
106433346503,106433346502,-1,976,1483
106433973530,106433973527,-3,1549,2921
106437397015,106437397015,0,1154,2125
106440958057,106440958054,-3,1005,1743
106442484421,106442484418,-3,1340,2274
106450884310,106450884310,0,1842,2979
106453820914,106453820913,-1,974,1870
106459302694,106459302692,-2,1322,1780
106465652742,106465652739,-3,1478,1612
106468078872,106468078865,-7,1029,3232
106468514798,106468514797,-1,1433,2046
106469559111,106469559105,-6,1230,2292
106469654470,106469654478,8,16495,48884
106470045929,106470045926,-3,1514,2880
106471324149,106471324145,-4,625,980
106471739017,106471739015,-2,921,2262
106473743147,106473743144,-3,1013,1716
106480985535,106480985532,-3,916,2212
106484354966,106484354962,-4,1096,2488
106486578943,106486578941,-2,1570,3051
106486686956,106486686951,-5,1017,2997
106487258102,106487258102,0,890,1740
106490177906,106490177908,2,1091,1543
106491208908,106491208906,-2,1407,2492
106491821701,106491821685,-16,1010,3706
106494234003,106494234001,-2,1015,2863
106497397635,106497397631,-4,1741,3259
106498711178,106498711176,-2,1553,2835
106499985037,106499985041,4,1035,1017
106503666538,106503666535,-3,1199,2133
106507068814,106507068812,-2,1065,1945
106509333793,106509333791,-2,1273,1745
106509515614,106509515614,0,1306,2643
106515025004,106515025001,-3,1485,2596
106517681358,106517681359,1,563,972
106520681398,106520681394,-4,1141,2397
106521529159,106521529157,-2,920,1826
106526307265,106526307262,-3,538,1586
106529052231,106529052231,0,1098,1710
106530212313,106530212310,-3,1117,2830
106532365481,106532365478,-3,1170,2706
106537669348,106537669346,-2,1075,1621
106538544879,106538544877,-2,1291,1715
106539444964,106539444969,5,3472,1700
106539635550,106539635547,-3,1367,2647
106539807585,106539807581,-4,768,1718
106541247561,106541247558,-3,1220,1970
106541312575,106541312573,-2,1272,2743
106544747470,106544747450,-20,1387,2449
106546114781,106546114778,-3,1632,2682
106546321688,106546321686,-2,1022,2130
106546768280,106546768297,17,16997,21416
106549355271,106549355270,-1,508,1279
106555536146,106555536153,7,3802,1672
106557777961,106557777957,-4,1393,2611
106563125530,106563125528,-2,979,1964
106563388349,106563388366,17,15,2359
106563553475,106563553474,-1,1348,2257
106564671285,106564671286,1,940,2523
106564972402,106564972398,-4,1019,1768
106572124993,106572124991,-2,1281,2664
106579007487,106579007484,-3,1505,3002
106579322056,106579322074,18,1327,2282
106582210557,106582210551,-6,1345,3221
106582407574,106582407570,-4,944,1378
106583271563,106583271561,-2,1308,2151
106583335672,106583335669,-3,959,1896
106584647381,106584647377,-4,728,1534
106585284414,106585284414,0,1323,1713
106588403987,106588403985,-2,860,1789
106592486011,106592486005,-6,1004,1975
106596751335,106596751334,-1,1185,1841
106598703187,106598703199,12,310,735
106599665564,106599665573,9,17539,15337
106601760965,106601760962,-3,1489,2507
106601838637,106601838633,-4,1557,3149
106602855331,106602855331,0,698,1718
106605663050,106605663046,-4,696,2365
106606907204,106606907203,-1,1586,2513
106615522735,106615522731,-4,790,1995
106616786117,106616786139,22,2675,2605
106618772869,106618772867,-2,1329,3214
106620794132,106620794130,-2,979,1346
106624084430,106624084426,-4,1280,2443
106624971206,106624971208,2,560,823
106625410189,106625410207,18,650,1440
106625786381,106625786377,-4,705,2554
106626642375,106626642370,-5,1186,1992
106629265241,106629265239,-2,1265,2383
106634016943,106634016938,-5,1126,2520
106635165138,106635165136,-2,756,1838
106635503625,106635503623,-2,758,1397
106637618181,106637618181,0,1714,2212
106638160077,106638160078,1,1896,2340
106642362199,106642362198,-1,801,1381
106644665861,106644665858,-3,954,1936
106645344272,106645344286,14,840,2587
106645858033,106645858031,-2,918,2458
106646436546,106646436540,-6,1431,4828
106646529210,106646529206,-4,1029,2178
106649211779,106649211778,-1,1284,2754
106651787093,106651787094,1,31151,36930
106655793431,106655793428,-3,1035,2944
106657119584,106657119582,-2,1407,2146
106657994789,106657994786,-3,783,1054
106659592611,106659592608,-3,1020,2368
106660187246,106660187245,-1,897,1316
106660276452,106660276448,-4,1213,2310
106665495577,106665495577,0,1376,2140
106676815693,106676815690,-3,821,2571
106677801648,106677801657,9,13353,27771
106679260683,106679260679,-4,1335,2667
106680157983,106680157981,-2,1093,1881
106685132122,106685132121,-1,1431,1620
106687076148,106687076145,-3,1329,2480
106687292920,106687292919,-1,1513,1572
106687649339,106687649335,-4,1045,1483
106691046511,106691046490,-21,185,783
106694218275,106694218273,-2,803,1668
106694890665,106694890662,-3,1075,3112
106696529298,106696529297,-1,1139,1682
106698809549,106698809546,-3,1423,2936
106700183816,106700183829,13,454,2152
106704056707,106704056704,-3,864,3079
106706203726,106706203725,-1,1274,1878
106706782388,106706782411,23,630,987
106711237970,106711237965,-5,1107,1954
106711490325,106711490345,20,289,1165
106712136123,106712136118,-5,1318,3593
106714216653,106714216651,-2,1049,2624
106715515978,106715515975,-3,1055,1703
106718685182,106718685182,0,725,1639
106720161973,106720161971,-2,1273,2597
106721381450,106721381451,1,791,1569
106721542947,106721542945,-2,1119,1964
106721695653,106721695646,-7,144,918
106724050700,106724050697,-3,1553,2769
106724906258,106724906255,-3,803,2579
106735740045,106735740041,-4,1005,1682
106738304531,106738304528,-3,1201,2352
106742297386,106742297385,-1,1078,2331
106742333217,106742333215,-2,871,1479
106745070062,106745070070,8,3995,1210
106750707126,106750707125,-1,1511,2039
106752397325,106752397321,-4,967,2187
106754785099,106754785099,0,1009,2615
106757515433,106757515430,-3,1033,1857
106767447128,106767447121,-7,1977,6247
106770059450,106770059450,0,1301,1492
106776324278,106776324274,-4,606,1337
106776417904,106776417902,-2,186,781
106777066719,106777066718,-1,1234,2865
106780132565,106780132566,1,1797,1944
106780908465,106780908465,0,1167,2523
106781530378,106781530382,4,2206,1131
106783462804,106783462800,-4,845,15508
106784469192,106784469190,-2,1835,3063
106792626254,106792626254,0,1027,1873
106802770133,106802770130,-3,1250,1592
106802828333,106802828355,22,399,901
106803077013,106803077010,-3,1090,1584
106803736626,106803736623,-3,39357,21820
106809043896,106809043893,-3,1191,3176
106812588435,106812588434,-1,1101,1626
106813751406,106813751401,-5,864,1642
106815190104,106815190101,-3,1320,2626
106816843630,106816843629,-1,1327,2674
106818574346,106818574343,-3,1182,2717
106820283051,106820283049,-2,780,1715
106825502310,106825502309,-1,1070,1505
106828891917,106828891919,2,3600,2884
106832029806,106832029802,-4,1230,2316
106832721783,106832721782,-1,967,2627
106835329917,106835329917,0,1300,1799
106835405790,106835405784,-6,1120,2374
106836270274,106836270280,6,4362,2715
106837528214,106837528213,-1,1267,2966
106838788326,106838788322,-4,848,1190
106842367238,106842367237,-1,769,2655
106848892080,106848892077,-3,1606,2192
106850673914,106850673913,-1,578,932
106853799643,106853799641,-2,1103,1571
106853957574,106853957570,-4,1448,2747
106859373752,106859373751,-1,1357,1503
106860043325,106860043323,-2,1548,1956
106860219379,106860219377,-2,990,1992
106863520470,106863520466,-4,810,2276
106870727490,106870727486,-4,728,1608
106873099075,106873099073,-2,1111,2070
106878360297,106878360294,-3,1423,3304
106879565827,106879565823,-4,1086,1494
106880343397,106880343387,-10,737,1891
106883350383,106883350380,-3,1428,2190
106895565809,106895565814,5,1192,1654
106896585475,106896585470,-5,948,2110
106898652786,106898652783,-3,1117,2001
106902484977,106902484973,-4,1140,2803
106907210270,106907210263,-7,997,5182
106916167515,106916167514,-1,1034,2482
106918937697,106918937697,0,1560,1630
106921331011,106921331006,-5,1178,2100
106921455830,106921455846,16,626,1874
106924105346,106924105344,-2,1201,2615
106924573951,106924573949,-2,1166,2164
106925756077,106925756074,-3,1019,2335
106926368467,106926368466,-1,1143,2471
106927079150,106927079149,-1,970,1667
106927268112,106927268111,-1,1601,1309
106931138167,106931138165,-2,1138,2138
106934289173,106934289171,-2,1128,1869
106934596927,106934596911,-16,1432,2140
106940992979,106940992979,0,1708,2035
106943337463,106943337462,-1,1071,1711
106945914289,106945914285,-4,908,1961
106946874879,106946874878,-1,37548,69015
106947004163,106947004162,-1,1326,1979
106949061199,106949061199,0,1564,2231
106949487030,106949487028,-2,1486,2168
106951171303,106951171299,-4,1232,2102
106951221761,106951221763,2,1595,1088
106951594264,106951594278,14,954,3397
106957799431,106957799427,-4,1009,1254
106958248710,106958248722,12,99416,26447
106962904970,106962904966,-4,983,1958
106968147949,106968147946,-3,1035,2556
106972387352,106972387349,-3,1454,2508
106973644374,106973644370,-4,1209,2171
106975182681,106975182680,-1,1259,1396
106976337936,106976337936,0,3446,3156
106976645286,106976645285,-1,1187,1989
106979480567,106979480565,-2,984,2027
106983169942,106983169939,-3,860,2168
106984489373,106984489369,-4,981,1533
106987353045,106987353043,-2,1288,2192
106987678035,106987678032,-3,1537,2309
106995883151,106995883147,-4,829,1809
106996632038,106996632037,-1,1123,1823
106998553367,106998553361,-6,952,2157
106999300748,106999300736,-12,1314,2239
107002824396,107002824393,-3,1287,1281
107008668668,107008668666,-2,1328,2098
107014562674,107014562671,-3,1024,2750
107016602631,107016602630,-1,1235,2452
107019194937,107019194935,-2,1012,2124
107020844470,107020844466,-4,1044,1667
107024111659,107024111662,3,1953,2095
107027484543,107027484541,-2,1376,2312
107027777702,107027777699,-3,1259,2901
107029286638,107029286642,4,2298,870
107029523476,107029523474,-2,1407,3154
107039610526,107039610522,-4,1318,1948
107043938735,107043938732,-3,1272,2450
107044324046,107044324047,1,10939,11636
107045832200,107045832201,1,1823,2197
107047689190,107047689187,-3,1146,2099
107048952131,107048952129,-2,835,1850
107051549394,107051549397,3,1542,1348
107054584424,107054584431,7,1414,957
107055792439,107055792437,-2,987,1791
107065039763,107065039760,-3,793,1761
107067359817,107067359815,-2,689,1763
107068877304,107068877302,-2,1243,2882
107071044618,107071044615,-3,1315,2882
107075042427,107075042426,-1,1166,2566
107077646029,107077646025,-4,1471,2447
107084283614,107084283610,-4,820,1653
107084944989,107084944986,-3,1086,2936
107090751978,107090751972,-6,1032,3755
107093653566,107093653562,-4,1198,3065
107094643973,107094643970,-3,1251,2192
107101287990,107101287991,1,1831,1919
107101685044,107101685042,-2,814,2451
107103040842,107103040846,4,2211,1318
107104879550,107104879547,-3,1154,2366
107106001386,107106001383,-3,1279,2918
107107070898,107107070897,-1,979,1974
107108628769,107108628771,2,2621,2429
107111864431,107111864429,-2,1265,2569
107114030282,107114030281,-1,1025,1917
107115919575,107115919582,7,1613,1414
107118186083,107118186078,-5,1038,1285
107124304086,107124304083,-3,431,1111
107126240822,107126240818,-4,1008,1473
107135142829,107135142826,-3,1281,2544
107138975294,107138975292,-2,1214,1915
107144121954,107144121954,0,1171,2063
107145070501,107145070498,-3,1060,1748
107148081023,107148081022,-1,903,1724
107148859754,107148859752,-2,1595,2827
107149164619,107149164616,-3,945,2156
107149956693,107149956690,-3,1096,1802
107160006731,107160006728,-3,1091,3120
107165227278,107165227275,-3,1390,3111
107167165735,107167165732,-3,919,1666
107170311408,107170311407,-1,1216,1864
107173830712,107173830729,17,1048,2795
107180281268,107180281266,-2,1406,2062
107181628401,107181628397,-4,1778,4422
107183147711,107183147707,-4,1110,2927
107186238639,107186238635,-4,1049,2497
107189269103,107189269097,-6,833,2216
107195811424,107195811422,-2,1203,2508
107196740157,107196740161,4,1961,1309
107199588219,107199588216,-3,1357,2503
107199640148,107199640144,-4,1176,2564
107201329583,107201329581,-2,846,1552
107203601118,107203601115,-3,992,2063
107204904404,107204904402,-2,1500,2502
107205190366,107205190387,21,254,730
107205924350,107205924348,-2,3103,16757
107214160975,107214160974,-1,1087,2556
107214666245,107214666229,-16,877,1837
107220056601,107220056599,-2,1052,2408
107223148258,107223148255,-3,902,1963
107223302173,107223302170,-3,936,2928
107228003387,107228003384,-3,1220,2831
107228834533,107228834530,-3,1419,2006
107229356221,107229356220,-1,1385,1925
107229613454,107229613462,8,11311,28553
107229711715,107229711715,0,1112,2040
107233597616,107233597622,6,4132,1758
107234632047,107234632043,-4,806,1663
107234679595,107234679593,-2,1113,1724
107235564891,107235564886,-5,1208,2325
107236813654,107236813650,-4,1133,1949
107238017478,107238017475,-3,998,2127
107247506540,107247506537,-3,1031,2408
107250233138,107250233137,-1,1047,2472
107252185989,107252185988,-1,1155,2755
107254384086,107254384093,7,2593,813
107256700733,107256700729,-4,1263,2272
107261660174,107261660171,-3,1027,2271
107262629746,107262629745,-1,1459,2059
107263819403,107263819405,2,2499,3083
107265552011,107265552010,-1,1804,3193
107275373542,107275373539,-3,857,2325
107279004082,107279004080,-2,542,1038
107282213595,107282213593,-2,903,1877
107282664834,107282664830,-4,1386,2376
107287759293,107287759291,-2,1350,2562
107291728208,107291728207,-1,2179,3024
107298357858,107298357854,-4,1071,2981
107299678090,107299678087,-3,1110,2304
107300891255,107300891250,-5,1216,3149
107302665419,107302665416,-3,814,1832
107303098213,107303098210,-3,1188,2162
107304372602,107304372598,-4,861,2157
107308797410,107308797407,-3,1678,2828
107309978638,107309978640,2,1405,1456
107310557861,107310557858,-3,1376,3136
107319589851,107319589846,-5,1207,1501
107319641902,107319641898,-4,194,636
107326444204,107326444201,-3,1149,2551
107328717131,107328717127,-4,802,1561
107329194356,107329194354,-2,1045,2779
107333482054,107333482051,-3,1038,2695
107333528633,107333528633,0,1116,2234
107334705487,107334705486,-1,735,2424
107336772946,107336772946,0,1056,2110
107344491347,107344491350,3,5140,18317
107347687769,107347687766,-3,1143,2523
107350782386,107350782384,-2,1537,2883
107353305841,107353305862,21,1312,1329
107356198196,107356198194,-2,1122,2222
107367833807,107367833802,-5,1670,6915
107369907527,107369907530,3,1585,799
107370881938,107370881935,-3,1105,3433
107379575090,107379575087,-3,1781,2478
107381342555,107381342550,-5,542,1095
107383209478,107383209474,-4,1524,2722
107385815977,107385815973,-4,1367,3472
107386172351,107386172362,11,297,1417
107390898523,107390898519,-4,1028,2401
107391925730,107391925727,-3,1269,1270
107394121961,107394121959,-2,1571,494
107396186502,107396186499,-3,1113,2513
107396796412,107396796434,22,421,1379
107402755210,107402755206,-4,1087,2294
107408161947,107408161945,-2,1288,2287
107409596870,107409596867,-3,1300,3388
107410174031,107410174030,-1,1431,1734
107414292567,107414292565,-2,1085,2408
107416725218,107416725215,-3,661,2319
107417305095,107417305094,-1,1531,1793
107420163281,107420163279,-2,1297,2399
107420359030,107420359031,1,1194,1566
107420588963,107420588962,-1,1396,2847
107420796908,107420796911,3,1993,2106
107422761031,107422761028,-3,727,2562
107424183797,107424183793,-4,1499,2414
107424790347,107424790343,-4,1305,2494
107426719138,107426719140,2,5627,39850
107429175303,107429175302,-1,864,1794
107437968909,107437968906,-3,1915,2842
107440098864,107440098861,-3,1202,2930
107443934837,107443934834,-3,1452,2160
107444667994,107444667989,-5,935,2232
107445110883,107445110860,-23,763,400
107449386118,107449386115,-3,1093,1605
107451859132,107451859130,-2,1029,1907
107455391866,107455391862,-4,1093,2669
107460699402,107460699401,-1,1337,2007
107460879441,107460879437,-4,1487,3246
107461788771,107461788770,-1,1175,2749
107463236730,107463236727,-3,1473,1331
107464678295,107464678293,-2,1172,2991
107465921329,107465921329,0,1042,1601
107467196830,107467196826,-4,923,1664
107470809210,107470809209,-1,1079,2607
107471171925,107471171919,-6,581,2227
107473143694,107473143695,1,1162,1709
107476816982,107476817002,20,243,869
107480102818,107480102814,-4,814,1569
107483771326,107483771321,-5,1359,2975
107487714990,107487714986,-4,925,2272
107490283214,107490283212,-2,746,1772
107492566371,107492566370,-1,1240,1992
107492791268,107492791273,5,2945,1630
107493286866,107493286863,-3,1324,2692
107497254078,107497254074,-4,893,2204
107497407426,107497407423,-3,1996,3264
107499077118,107499077115,-3,1189,2452
107501305577,107501305573,-4,1202,2502
107502325494,107502325492,-2,1456,1775
107503336969,107503336967,-2,939,1714
107503831627,107503831623,-4,726,2371
107506618823,107506618821,-2,1284,2357
107509861105,107509861102,-3,1023,1975
107509967359,107509967356,-3,1405,2651
107510768657,107510768655,-2,1118,1601
107517666795,107517666793,-2,1116,2541
107520097423,107520097418,-5,1200,3465
107521514990,107521514989,-1,1033,1632
107531039588,107531039585,-3,19339,75700
107533566406,107533566404,-2,1224,1489
107533710273,107533710278,5,1975,1013
107536086508,107536086515,7,2665,1304
107536496430,107536496429,-1,1166,1591
107537989059,107537989051,-8,873,3422
107538239448,107538239445,-3,1346,2039
107538878637,107538878659,22,1014,1999
107540566915,107540566909,-6,801,2020
107542273910,107542273905,-5,2370,7611
107546705435,107546705441,6,7237,2994
107547828241,107547828240,-1,1336,1827
107547915912,107547915931,19,802,1534
107549864450,107549864449,-1,1027,2396
107570201663,107570201661,-2,1097,2186
107571256809,107571256812,3,1570,1648
107573782695,107573782693,-2,1511,2732
107585700578,107585700575,-3,899,1554
107592832127,107592832128,1,1256,1553
107593286391,107593286389,-2,783,2575
107608935426,107608935422,-4,1256,2861
107613248538,107613248537,-1,1478,2261
107613449151,107613449148,-3,902,2635
107614100864,107614100865,1,1193,2072
107616380334,107616380337,3,1709,1348
107627788006,107627788002,-4,1025,2719
107631070082,107631070077,-5,836,2789
107638882689,107638882684,-5,1045,2303
107639039677,107639039674,-3,1245,2141
107639105466,107639105470,4,2615,1814
107640058104,107640058101,-3,1066,1589
107645655490,107645655489,-1,654,2276
107646041430,107646041427,-3,934,2434
107646129918,107646129899,-19,1027,1071
107650091410,107650091408,-2,1079,2387
107650277143,107650277161,18,773,2499
107652935917,107652935917,0,1412,1541
107653435447,107653435445,-2,1049,2984
107653692565,107653692565,0,1602,1786
107655633248,107655633268,20,456,2072
107660269894,107660269890,-4,1288,2417
107664096222,107664096220,-2,1224,2501
107665740670,107665740663,-7,943,2036
107667274531,107667274527,-4,1178,2100
107668158085,107668158093,8,1807,963
107669019465,107669019465,0,1056,2053
107673147738,107673147737,-1,1235,2337
107673774109,107673774129,20,731,2649
107673881802,107673881799,-3,1020,2874
107675222963,107675222962,-1,765,1911
107677331787,107677331785,-2,1051,1787
107680023941,107680023939,-2,1281,2060
107681149817,107681149814,-3,1150,2962
107685632572,107685632568,-4,938,1943
107686144858,107686144856,-2,1195,1451
107693703150,107693703146,-4,1247,3140
107693981606,107693981605,-1,1144,1766
107697620993,107697620990,-3,1456,2063
107698366205,107698366207,2,1547,1581
107709908550,107709908554,4,1047,1173
107710225497,107710225494,-3,1090,2128
107717748673,107717748668,-5,1312,4192
107720063369,107720063367,-2,1176,2315
107728406404,107728406401,-3,1296,2371
107732268982,107732268980,-2,969,2444
107735892605,107735892601,-4,1264,2297
107736654163,107736654161,-2,1341,2513
107736954059,107736954057,-2,1069,2222
107741310902,107741310907,5,2362,1231
107746405287,107746405292,5,3102,1103
107749658597,107749658594,-3,1415,2215
107750893110,107750893106,-4,1095,2398
107751432626,107751432621,-5,1508,2178
107753792793,107753792789,-4,787,1920
107757002519,107757002519,0,792,1340
107767083871,107767083868,-3,1226,2426
107770305271,107770305269,-2,1002,1744
107772287911,107772287908,-3,1100,1933
107775487372,107775487369,-3,943,1557
107778833545,107778833542,-3,1189,2266
107780577106,107780577104,-2,1364,2757
107782258695,107782258693,-2,1485,3623
107783174822,107783174818,-4,959,1759
107786472094,107786472090,-4,1266,2116
107788926957,107788926954,-3,1670,2755
107789525507,107789525504,-3,1025,2527
107790401922,107790401922,0,1025,2048
107791145891,107791145887,-4,1184,2253
107794685261,107794685261,0,1313,2073
107795362060,107795362066,6,2731,1499
107798536750,107798536747,-3,987,2093
107799606931,107799606929,-2,1099,2141
107803030218,107803030216,-2,940,1956
107803177615,107803177612,-3,1342,1861
107807858567,107807858566,-1,1276,1868
107809720161,107809720158,-3,1621,3204
107811696410,107811696410,0,2397,3949
107812288725,107812288722,-3,1295,2959
107819156247,107819156245,-2,1011,1837
107820849570,107820849569,-1,958,1856
107825239291,107825239287,-4,2469,2820
107830229203,107830229202,-1,1365,1809
107838358757,107838358754,-3,1488,2425
107838986761,107838986761,0,958,2558
107840608044,107840608049,5,2468,1461
107841261546,107841261542,-4,796,2535
107844876873,107844876870,-3,1546,2712
107845085772,107845085771,-1,1738,2780
107847842745,107847842752,7,3923,1981
107848106293,107848106293,0,961,1287
107848485959,107848485957,-2,1266,1938
107848671111,107848671109,-2,1018,1788
107848970411,107848970409,-2,1497,3054
107850183210,107850183209,-1,1053,1536
107850426765,107850426761,-4,1273,2090
107853778456,107853778477,21,1340,2609
107857942918,107857942917,-1,1289,2125
107863346473,107863346470,-3,1027,2714
107866807219,107866807214,-5,1495,3054
107869389143,107869389133,-10,26345,18232
107869510658,107869510655,-3,1481,3318
107869707979,107869707977,-2,1027,2195
107870916552,107870916550,-2,935,1947
107871001061,107871001058,-3,1226,2096
107871723223,107871723222,-1,785,1479
107872638022,107872638020,-2,1162,2584
107875695166,107875695166,0,1159,2542
107884354483,107884354482,-1,1208,2072
107888019448,107888019451,3,2138,1541
107890424382,107890424382,0,1241,1600
107892366206,107892366203,-3,913,2227
107893728063,107893728062,-1,1672,1921
107903843382,107903843382,0,1011,1619
107904402171,107904402166,-5,1237,1946
107909220334,107909220334,0,1067,2070
107911030070,107911030066,-4,991,1632
107912385830,107912385826,-4,1286,2233
107912821549,107912821541,-8,503,1407
107913681487,107913681485,-2,985,2513
107918444302,107918444302,0,714,1630
107921717358,107921717355,-3,1262,2635
107931267091,107931267085,-6,1132,3659
107939926773,107939926771,-2,729,2410
107941953630,107941953626,-4,1458,4222
107943718782,107943718778,-4,1043,1752
107948360836,107948360835,-1,2871,4172
107953232958,107953232953,-5,1178,3632
107953981607,107953981606,-1,997,1661
107954719257,107954719254,-3,1800,2598
107955184104,107955184101,-3,1066,2052
107955624143,107955624145,2,136,1649
107957274391,107957274389,-2,657,1863
107962963990,107962963986,-4,1347,1877
107963291859,107963291854,-5,1045,1744
107963737700,107963737702,2,46146,19372
107965148246,107965148241,-5,942,2198
107966777082,107966777079,-3,1185,2378
107970830576,107970830574,-2,837,1493
107974782960,107974782957,-3,1592,2806
107974938487,107974938487,0,838,1906
107983081662,107983081660,-2,1210,1898
107985067635,107985067633,-2,767,1820
107988344470,107988344467,-3,1295,2339
107989615544,107989615541,-3,1836,3274
107991105081,107991105077,-4,1294,1944
107992128854,107992128851,-3,984,1998
107994380483,107994380481,-2,1058,1302
107996197141,107996197137,-4,937,2665
107996767903,107996767902,-1,1399,1743
108009526397,108009526396,-1,1203,2126
108013942514,108013942513,-1,1194,2315
108014378951,108014378954,3,2036,1346
108015613934,108015613931,-3,1647,1612
108022745648,108022745647,-1,652,1819
108023732450,108023732448,-2,1500,3050
108029051746,108029051743,-3,1191,2416
108031441222,108031441218,-4,1099,2195
108037110986,108037110991,5,1764,1241
108039521562,108039521558,-4,1078,1919
108042798344,108042798338,-6,1254,4109
108043062222,108043062202,-20,1305,1994
108044247094,108044247090,-4,1372,1493
108044315613,108044315601,-12,914,2920
108045899054,108045899053,-1,1134,1804
108049105245,108049105249,4,2334,1565
108050723934,108050723930,-4,878,2182
108053549650,108053549647,-3,1057,2325
108055239561,108055239557,-4,733,1123
108061067606,108061067605,-1,1128,1481
108061239297,108061239292,-5,1884,5928
108061659575,108061659573,-2,1115,2323
108063374631,108063374629,-2,1032,1552
108067630494,108067630494,0,998,2058
108068298149,108068298153,4,546,8676
108074130535,108074130533,-2,1154,2310
108075925366,108075925370,4,2811,2262
108076876625,108076876622,-3,1116,3177
108077539392,108077539389,-3,1035,2576
108077646998,108077646994,-4,1317,3061
108079696251,108079696250,-1,1131,1829
108080733113,108080733112,-1,1371,1689
108082076611,108082076607,-4,1323,2278
108082826405,108082826402,-3,1167,1874
108085889191,108085889191,0,878,2112
108087697627,108087697626,-1,1348,2646
108088902608,108088902607,-1,1876,3463
108089894785,108089894785,0,1641,2120
108090280137,108090280134,-3,931,2104
108092449775,108092449771,-4,811,1982
108093380257,108093380257,0,871,2039
108093731770,108093731768,-2,1045,1754
108094766474,108094766479,5,2133,1429
108095857478,108095857472,-6,1725,16052
108098104310,108098104308,-2,1057,1906
108102869487,108102869481,-6,1009,2215
108103783647,108103783646,-1,990,1748
108108857074,108108857075,1,1822,1887
108108907511,108108907509,-2,1115,3087
108113076652,108113076649,-3,1248,1943
108113676223,108113676221,-2,1024,2510
108115485367,108115485366,-1,1113,2259
108116707620,108116707617,-3,1367,2528
108117413071,108117413070,-1,1145,1416
108118024127,108118024122,-5,1132,2065
108118077907,108118077904,-3,1247,2179
108123149462,108123149459,-3,793,1630
108124792584,108124792591,7,1127,1677
108126305923,108126305919,-4,417,1043
108129396090,108129396090,0,756,1206
108133378073,108133378072,-1,793,1626
108133973173,108133973194,21,1004,2743
108134111129,108134111129,0,1289,1930
108134580015,108134580007,-8,734,1667
108135472188,108135472169,-19,105,829
108136547745,108136547741,-4,1180,1843
108137262728,108137262745,17,1144,2044
108140727294,108140727290,-4,739,2087
108142468895,108142468891,-4,683,1615
108144110699,108144110694,-5,1182,2128
108147204247,108147204245,-2,631,1826
108147232543,108147232558,15,831,2896
108148072658,108148072654,-4,1376,2003
108148555826,108148555818,-8,516,2360
108151271916,108151271912,-4,1429,2167
108152765207,108152765205,-2,1154,1895
108155018426,108155018424,-2,1077,2242
108159243296,108159243294,-2,1095,2269
108161468107,108161468105,-2,1364,1955
108162185926,108162185924,-2,1559,2056
108164056991,108164056986,-5,1237,2608
108164782361,108164782363,2,1707,1269
108175917816,108175917833,17,684,1639
108178657691,108178657688,-3,931,1706
108181935930,108181935926,-4,820,2151
108183064146,108183064144,-2,1003,2028
108184589954,108184589952,-2,1351,1688
108187752841,108187752838,-3,982,1751
108189115946,108189115945,-1,1319,1690
108197283838,108197283837,-1,1125,2307
108197810950,108197810966,16,245,867
108201110146,108201110143,-3,581,1487
108203517234,108203517230,-4,1650,4528
108211038666,108211038663,-3,1147,2631
108211359904,108211359919,15,1251,1581
108212002203,108212002201,-2,700,2055
108212033622,108212033622,0,1016,1248
108212147553,108212147558,5,1732,1072
108213105882,108213105886,4,1328,1283
108213650423,108213650441,18,1367,3163
108215374786,108215374785,-1,777,1485
108226221983,108226221979,-4,825,1485
108230962997,108230962994,-3,203,827
108233113614,108233113619,5,6264,2691
108234166997,108234166993,-4,1696,2498
108234419615,108234419612,-3,886,2513
108235874526,108235874523,-3,1000,1935
108236520931,108236520927,-4,1292,3271
108238510985,108238510979,-6,862,4037
108242201593,108242201599,6,3243,1137
108242288986,108242288983,-3,845,2306
108242491043,108242491041,-2,1141,2230
108245536615,108245536613,-2,1063,2312
108258766231,108258766229,-2,1259,2301
108259108832,108259108847,15,742,1526
108263448339,108263448337,-2,1349,2894
108264696421,108264696417,-4,1322,3185
108274059786,108274059784,-2,1350,2493
108277946191,108277946189,-2,897,2163
108280230858,108280230855,-3,1261,1886
108284860614,108284860615,1,1244,1964
108289142895,108289142894,-1,1039,1977
108292414757,108292414759,2,2227,2171
108297205461,108297205457,-4,6528,14805
108300236661,108300236658,-3,2273,3754
108302689422,108302689422,0,1469,2533
108303018200,108303018215,15,1015,2285
108309633437,108309633435,-2,994,2503
108310425539,108310425536,-3,1027,2449
108311547901,108311547897,-4,1953,4527
108312321461,108312321443,-18,2404,804
108318288743,108318288740,-3,1226,2478
108319852061,108319852059,-2,386,1241
108323920228,108323920226,-2,1041,1955
108327404546,108327404546,0,1130,1978
108332121094,108332121091,-3,1023,2054
108334488790,108334488789,-1,1400,2634
108342779755,108342779753,-2,1433,2945
108354650739,108354650736,-3,1091,1822
108361765206,108361765202,-4,1229,3078
108364587958,108364587958,0,1489,3120
108365005340,108365005362,22,1261,2025
108370927374,108370927371,-3,913,1376
108371900844,108371900840,-4,2308,6544
108372798101,108372798107,6,20483,17896
108380443987,108380443986,-1,720,1130
108382013460,108382013465,5,4480,2215
108385508678,108385508677,-1,1412,2665
108390785710,108390785707,-3,1556,1794
108398279194,108398279190,-4,1200,2972
108398753984,108398753977,-7,2681,9405
108399669585,108399669582,-3,1355,2599
108400205346,108400205345,-1,996,1767
108401978127,108401978125,-2,969,1879
108403480987,108403480986,-1,973,2224
108404485875,108404485873,-2,1149,2736
108406919403,108406919399,-4,591,1968
108407173870,108407173853,-17,522,2452
108407772470,108407772464,-6,920,3004
108408533134,108408533134,0,1414,2931
108411347487,108411347486,-1,759,790
108412127848,108412127865,17,295,848
108412423565,108412423566,1,208,604
108414446874,108414446871,-3,1186,2464
108418952674,108418952671,-3,1038,1965
108419370403,108419370402,-1,1740,2510
108423418990,108423418985,-5,1025,2104
108426014346,108426014350,4,2656,1400
108426314455,108426314451,-4,1060,1811
108427688838,108427688836,-2,1271,2093
108428707770,108428707768,-2,822,2132
108429147386,108429147386,0,1045,1892
108430747981,108430747979,-2,838,1415
108431225706,108431225708,2,1366,1487
108441073117,108441073115,-2,2113,4005
108444115409,108444115409,0,1077,1255
108450525630,108450525627,-3,1469,1835
108452871867,108452871865,-2,1308,2588
108454425402,108454425400,-2,1233,2126
108455839450,108455839446,-4,1377,2652
108458801809,108458801806,-3,878,2077
108464279033,108464279031,-2,596,1467
108464843884,108464843882,-2,795,2059
108466667837,108466667833,-4,1662,2279
108468533623,108468533622,-1,1378,1676
108475201928,108475201924,-4,1015,2110
108475472095,108475472094,-1,1575,2580
108477216819,108477216817,-2,910,2077
108477468039,108477468035,-4,1475,3255
108477931169,108477931166,-3,1289,2301
108478945337,108478945342,5,4948,1960
108482539690,108482539685,-5,1013,2025
108485670091,108485670085,-6,965,2255
108487047849,108487047847,-2,1208,1819
108488109851,108488109848,-3,1380,3292
108489108213,108489108218,5,2526,1155
108490588063,108490588062,-1,1382,1787
108492482097,108492482094,-3,1403,2333
108493969866,108493969864,-2,958,2455
108494630408,108494630406,-2,1204,2611
108497668998,108497668995,-3,715,1815
108502340399,108502340397,-2,688,1261
108504438167,108504438159,-8,818,2322
108510313780,108510313778,-2,968,1646
108510747153,108510747149,-4,1401,2590
108510918582,108510918600,18,863,1905
108514242815,108514242812,-3,971,1976
108515677422,108515677428,6,3172,2612
108530689798,108530689795,-3,1112,2229
108532665923,108532665922,-1,1313,2007
108532739463,108532739460,-3,1207,1946
108533520780,108533520799,19,740,1985
108537887341,108537887338,-3,791,2128
108540140518,108540140526,8,7512,1408
108541797285,108541797282,-3,968,2138
108544687592,108544687588,-4,846,2462
108545104123,108545104122,-1,1275,1718
108546520167,108546520166,-1,1190,1902
108546617882,108546617881,-1,1103,1886
108547530037,108547530034,-3,1526,2714
108551430339,108551430338,-1,1128,2668
108554469434,108554469432,-2,1147,2078
108557261701,108557261707,6,4756,2228
108558380227,108558380226,-1,1368,2354
108561083054,108561083049,-5,1284,2488
108567905177,108567905175,-2,1532,1941
108568054949,108568054945,-4,1457,3030
108571827246,108571827249,3,1578,932
108573395130,108573395128,-2,1030,2195
108576036479,108576036478,-1,1194,2680
108579539394,108579539394,0,1369,1860
108581105735,108581105742,7,4618,2497
108585619894,108585619893,-1,1069,2503
108588029562,108588029558,-4,1925,2668
108591539667,108591539665,-2,1124,2489
108594427374,108594427372,-2,1300,2529
108603515525,108603515522,-3,1208,2670
108605216846,108605216844,-2,1833,2341
108606507206,108606507203,-3,808,2869
108613957131,108613957130,-1,828,2517
108621126325,108621126323,-2,1761,2796
108621767946,108621767947,1,1600,2223
108623511226,108623511222,-4,1110,2214
108627535347,108627535345,-2,1181,2169
108629081536,108629081534,-2,765,1823
108634965833,108634965830,-3,1119,2523
108635468234,108635468229,-5,899,2565
108638625070,108638625077,7,4432,2039
108638812002,108638812001,-1,1362,1894
108647040378,108647040375,-3,1072,1973
108649603014,108649603013,-1,1071,2287
108651209237,108651209233,-4,1079,2115
108654138587,108654138585,-2,1330,2282
108655923093,108655923089,-4,827,2039
108656994146,108656994144,-2,817,1783
108659777714,108659777713,-1,1109,1945
108660493359,108660493355,-4,1393,2446
108662059990,108662059988,-2,956,2361
108664347559,108664347555,-4,2064,4657
108668756099,108668756098,-1,1437,1989
108673046788,108673046786,-2,1503,2193
108673373884,108673373878,-6,922,2214
108675405939,108675405957,18,1025,1448
108682143261,108682143265,4,2189,1348
108684640610,108684640610,0,935,2179
108690641668,108690641665,-3,768,2257
108691054782,108691054798,16,348,864
108691157922,108691157918,-4,1235,2113
108691411272,108691411271,-1,1220,1995
108694838614,108694838612,-2,852,1486
108699775216,108699775214,-2,1035,2792
108705583651,108705583649,-2,849,1755
108707452972,108707452965,-7,2285,8205
108710037959,108710037954,-5,971,2391
108710897003,108710897003,0,1050,882
108711798887,108711798893,6,2814,1864
108716244374,108716244372,-2,1235,2296
108718456186,108718456184,-2,1508,3405
108725119927,108725119925,-2,1111,1426
108727130029,108727130018,-11,1333,1964
108728000248,108728000262,14,239,709
108735856058,108735856055,-3,1316,3243
108736777550,108736777545,-5,889,3831
108737250791,108737250790,-1,831,3060
108740840449,108740840452,3,1913,1197
108755146845,108755146843,-2,1070,1952
108758008853,108758008851,-2,1093,1711
108759852167,108759852166,-1,862,2764
108760417802,108760417800,-2,1109,2074
108761373455,108761373452,-3,903,3050
108771076281,108771076280,-1,1245,2006
108773833343,108773833339,-4,939,2588
108777523050,108777523045,-5,1164,2645
108783726831,108783726835,4,141,892
108784016547,108784016546,-1,1397,1489
108784357178,108784357175,-3,1827,3481
108788376178,108788376182,4,1639,1109
108790042281,108790042277,-4,1154,2708
108792461574,108792461573,-1,1395,2399
108796771491,108796771489,-2,1158,3083
108798145715,108798145713,-2,795,1757
108800853985,108800853982,-3,1365,2349
108802841006,108802841004,-2,1158,2167
108807902050,108807902046,-4,969,2017
108809097626,108809097623,-3,853,1666
108815230328,108815230329,1,1215,1595
108816959032,108816959028,-4,1197,2349
108817136499,108817136499,0,2466,2407
108822292838,108822292837,-1,921,1782
108822503468,108822503461,-7,1146,1812
108826272593,108826272590,-3,923,1807
108831022456,108831022457,1,1591,1403
108834384779,108834384777,-2,673,1432
108835707535,108835707533,-2,1189,2107
108843007674,108843007670,-4,1094,1870
108843154156,108843154153,-3,1216,2988
108844619754,108844619750,-4,1110,2712
108852387988,108852387986,-2,1024,2519
108854657658,108854657657,-1,1436,2053
108855003381,108855003379,-2,1459,2250
108856997525,108856997521,-4,1373,2468
108861193095,108861193090,-5,1527,2196
108861527677,108861527694,17,1013,2006
108866773739,108866773734,-5,1035,2041
108867917930,108867917933,3,5850,6231
108878405234,108878405232,-2,1181,2151
108883146394,108883146390,-4,1775,3511
108884109278,108884109277,-1,1463,1488
108885542981,108885542978,-3,1198,2295
108887633522,108887633521,-1,826,1163
108888644371,108888644370,-1,1235,2614
108894135547,108894135546,-1,1686,2415
108897783920,108897783916,-4,1392,2364
108902346998,108902346994,-4,895,2817
108911467610,108911467605,-5,861,1404
108919038207,108919038223,16,1061,1508
108923786201,108923786223,22,971,1684
108928871191,108928871186,-5,981,1991
108930332010,108930332006,-4,1082,1664
108933927606,108933927603,-3,776,1699
108940252045,108940252041,-4,958,1989
108941055442,108941055442,0,1525,2319
108941231967,108941231966,-1,1310,2752
108943606135,108943606133,-2,1297,2749
108946844511,108946844507,-4,862,2287
108950469808,108950469807,-1,894,2353
108951663288,108951663285,-3,1606,2026
108951906982,108951906982,0,1159,1493
108953337031,108953337027,-4,1421,2936
108954037976,108954037977,1,836,1042
108955558732,108955558729,-3,1091,2113
108955628325,108955628322,-3,636,1227
108955825259,108955825257,-2,652,2279
108959203167,108959203165,-2,768,1538
108960007242,108960007242,0,1170,1549
108964083853,108964083850,-3,1467,2611
108966657827,108966657823,-4,1229,2733
108968029653,108968029650,-3,1022,1500
108968415875,108968415876,1,901,1376
108969052449,108969052453,4,664,1298
108969802216,108969802214,-2,1483,3034
108971772286,108971772282,-4,1494,2417
108971918613,108971918634,21,949,1277
108977454709,108977454706,-3,926,2753
108979290250,108979290246,-4,1125,1609
108984469797,108984469794,-3,793,1725
108984925402,108984925401,-1,1107,2240
108993415650,108993415649,-1,799,1533
108994230701,108994230702,1,1270,1668
108995016075,108995016072,-3,1067,2921
109000305145,109000305143,-2,940,1202
109000957611,109000957608,-3,524,1238
109008528256,109008528250,-6,913,2366
109013348045,109013348042,-3,1043,1964
109013578564,109013578582,18,100,871
109017050506,109017050504,-2,916,1694
109025995991,109025995988,-3,878,2121
109026705215,109026705199,-16,994,3617
109028314897,109028314894,-3,1306,1787
109028657497,109028657493,-4,966,2095
109030151220,109030151217,-3,893,2264
109034586122,109034586117,-5,932,1463
109035271883,109035271881,-2,841,1624
109039830699,109039830696,-3,886,1403
109044479261,109044479258,-3,1422,1962
109053472857,109053472854,-3,1321,2000
109056552808,109056552805,-3,1343,1726
109064691563,109064691558,-5,784,1361
109066301163,109066301160,-3,1279,3125
109068772341,109068772341,0,1344,2261
109071776682,109071776680,-2,1041,2137
109076430103,109076430101,-2,1111,1130
109082274492,109082274515,23,369,924
109092654830,109092654830,0,2219,2559
109096573255,109096573251,-4,1170,3009
109098237293,109098237290,-3,1001,2037
109098866123,109098866122,-1,517,1877
109099442134,109099442133,-1,1555,2477
109101779798,109101779794,-4,584,1360
109104582576,109104582573,-3,1751,2803
109115844552,109115844551,-1,1178,1614
109116512823,109116512823,0,750,1505
109117047716,109117047734,18,1248,3838
109117135306,109117135303,-3,1505,3954
109118160362,109118160358,-4,1119,2047
109121560862,109121560859,-3,1062,2384
109123991351,109123991350,-1,1462,2495
109129551729,109129551726,-3,1151,2809
109129921552,109129921550,-2,830,1809
109135354030,109135354026,-4,772,1957
109135832066,109135832065,-1,926,1172
109138272842,109138272838,-4,1021,2767
109140477705,109140477702,-3,1343,2637
109140717438,109140717420,-18,1468,3224
109141413827,109141413829,2,431,1069
109142203502,109142203498,-4,1172,2048
109144001325,109144001323,-2,1672,2495
109147379653,109147379650,-3,1500,2386
109150886339,109150886336,-3,792,2250
109151436631,109151436651,20,783,2162
109152366834,109152366830,-4,780,2859
109153958443,109153958440,-3,504,2117
109155758609,109155758604,-5,1016,1722
109158433969,109158433974,5,4949,2858
109162401594,109162401600,6,11091,3880
109166166081,109166166080,-1,1423,2394
109167704831,109167704829,-2,1209,2385
109168707529,109168707526,-3,1164,2102
109174038541,109174038538,-3,15944,16999
109174572405,109174572402,-3,886,1044
109174757807,109174757791,-16,770,2018
109176305845,109176305843,-2,1494,2100
109176931212,109176931211,-1,854,1710
109178921670,109178921669,-1,1460,1606
109182333247,109182333246,-1,1438,2213
109183614413,109183614410,-3,1445,3348
109185248008,109185248001,-7,1030,1836
109185500145,109185500141,-4,912,2024
109186353655,109186353653,-2,1095,1885
109188776919,109188776916,-3,1016,2491
109192723311,109192723307,-4,854,2006
109196160191,109196160189,-2,1027,2309
109200361025,109200361022,-3,1140,2141
109201693122,109201693119,-3,1008,2407
109204345279,109204345279,0,1363,19047
109208854298,109208854298,0,1074,1591
109212127778,109212127775,-3,1542,2797
109213031118,109213031114,-4,1153,2110
109215772842,109215772837,-5,1186,2130
109220196061,109220196058,-3,1290,1999
109231337621,109231337619,-2,1384,2665
109237138319,109237138317,-2,1456,3976
109239753152,109239753141,-11,825,2193
109240786754,109240786753,-1,1513,2359
109246883902,109246883898,-4,1272,1708
109250383535,109250383534,-1,1472,3059
109251459317,109251459311,-6,1217,4319
109253145775,109253145773,-2,1029,1843
109256748339,109256748337,-2,791,1678
109260951093,109260951101,8,3345,1327
109261795375,109261795373,-2,1222,2550
109262841881,109262841879,-2,1037,2603
109264992073,109264992071,-2,824,2006
109266521228,109266521226,-2,1586,2459
109270120583,109270120580,-3,1379,2861
109270444550,109270444541,-9,708,1440
109273373806,109273373804,-2,1244,2436
109281744287,109281744290,3,1453,1644
109282261314,109282261314,0,643,1522
109282782134,109282782143,9,216,798
109283944482,109283944481,-1,1142,1710
109284077512,109284077531,19,1537,2609
109284136063,109284136061,-2,1011,1905
109292880472,109292880491,19,1063,2510
109300456026,109300456022,-4,1023,1850
109305067020,109305067018,-2,1079,2330
109309296076,109309296074,-2,1251,1555
109310266758,109310266765,7,2554,1402
109319968932,109319968930,-2,1103,2043
109326275034,109326275031,-3,1070,2769
109330990307,109330990310,3,1473,1080
109334158523,109334158517,-6,1424,4713
109334197230,109334197227,-3,1376,3547
109338426641,109338426637,-4,1510,2461
109338583479,109338583462,-17,1378,2655
109339248273,109339248270,-3,1131,2825
109342363482,109342363487,5,2884,1449
109343704841,109343704838,-3,1551,2748
109345457854,109345457850,-4,1309,2725
109348300518,109348300522,4,1465,1383
109354594239,109354594257,18,385,1195
109356034499,109356034495,-4,1112,2001
109356383638,109356383635,-3,1515,3116
109356512074,109356512070,-4,1236,2066
109359869231,109359869230,-1,631,1441
109363091243,109363091241,-2,998,2202
109363447373,109363447354,-19,299,1682
109365876393,109365876389,-4,1359,2079
109369508871,109369508868,-3,1895,6305
109370551703,109370551701,-2,835,1895
109373229148,109373229145,-3,1572,3263
109376408183,109376408182,-1,1453,1956
109379859917,109379859923,6,3420,1668
109385111795,109385111795,0,825,1695
109385687385,109385687382,-3,1128,2960
109386498367,109386498364,-3,1372,2280
109388449212,109388449210,-2,1137,1710
109389382401,109389382398,-3,1135,2584
109389468917,109389468914,-3,1246,1846
109389662370,109389662367,-3,1348,2745
109397923487,109397923484,-3,1171,2007
109399985707,109399985707,0,1674,2865
109400954981,109400954977,-4,1054,1960
109403381098,109403381094,-4,1251,2252
109405479441,109405479438,-3,1319,2750
109408405885,109408405884,-1,1171,2073
109408814649,109408814646,-3,1140,2063
109412307050,109412307046,-4,831,2131
109412478428,109412478423,-5,521,1333
109414629935,109414629930,-5,929,2436
109414906676,109414906657,-19,1348,1693
109415697820,109415697818,-2,1231,2251
109417928466,109417928460,-6,1416,2626
109418890956,109418890954,-2,1251,1696
109419627714,109419627710,-4,755,2050
109422533797,109422533794,-3,1218,3349
109423263190,109423263187,-3,1109,2078
109423682485,109423682481,-4,787,2375
109424048094,109424048093,-1,1667,1963
109424282126,109424282122,-4,914,2325
109424847883,109424847883,0,1330,2048
109426616942,109426616937,-5,2154,5105
109431916219,109431916218,-1,1167,1938
109432569429,109432569428,-1,1397,2135
109437400043,109437400039,-4,1266,2673
109440626801,109440626790,-11,4204,11807
109442628322,109442628320,-2,956,2255
109446931078,109446931075,-3,1085,2133
109448148027,109448148023,-4,928,2864
109448917053,109448917070,17,782,1707
109448957962,109448957960,-2,1147,2829
109449565985,109449565982,-3,837,1211
109451393942,109451393941,-1,657,1584
109452257093,109452257089,-4,1115,2537
109453846427,109453846426,-1,1291,1750
109454303801,109454303797,-4,733,1997
109458892821,109458892821,0,1235,2342
109460795251,109460795253,2,1060,1466
109462404198,109462404195,-3,1453,2357
109464952373,109464952373,0,1843,1878
109465440931,109465440929,-2,1016,1564
109466193639,109466193637,-2,1532,2008
109467762443,109467762439,-4,1135,1991
109469703326,109469703340,14,13829,46232
109472061200,109472061197,-3,1514,1763
109473319866,109473319863,-3,1061,1741
109474578792,109474578802,10,14565,35229
109478029971,109478029965,-6,1394,8333
109478177705,109478177687,-18,1317,832
109478900650,109478900658,8,4186,1657
109480398870,109480398866,-4,514,2113
109483305339,109483305337,-2,982,2456
109490304777,109490304775,-2,1132,1244
109495385190,109495385199,9,2063,1269
109496077657,109496077658,1,1730,1382
109497890510,109497890507,-3,1341,1940
109498005719,109498005714,-5,856,1762
109501247298,109501247294,-4,703,2231
109510341391,109510341388,-3,1496,3184
109512104058,109512104060,2,2114,1504
109520221671,109520221670,-1,897,2350
109522282780,109522282777,-3,1431,2491
109529952779,109529952778,-1,971,999
109531601456,109531601453,-3,1625,2057
109535199657,109535199652,-5,985,1801
109549448101,109549448095,-6,854,779
109550373707,109550373705,-2,918,1743
109550478607,109550478626,19,698,1569
109552827645,109552827643,-2,2000,2971
109557210135,109557210133,-2,1020,2215
109558601575,109558601571,-4,1304,2619
109559409255,109559409250,-5,1007,2466
109564970945,109564970942,-3,603,1380
109569320409,109569320407,-2,1419,2509
109571520973,109571520970,-3,892,2145
109580319238,109580319235,-3,1416,2042
109582687798,109582687794,-4,655,2137
109588712125,109588712121,-4,1632,2278
109589620597,109589620594,-3,1403,1621
109591916514,109591916513,-1,919,2335
109592262373,109592262365,-8,1489,2113
109595334119,109595334117,-2,1126,2374
109600312647,109600312652,5,2583,1707
109601451777,109601451778,1,1467,2173
109602334564,109602334562,-2,1378,2824
109604518699,109604518696,-3,1025,2016
109604845059,109604845057,-2,863,1625
109606536009,109606536004,-5,1582,2650
109611968270,109611968266,-4,1659,2637
109613037099,109613037097,-2,1357,2436
109615010613,109615010611,-2,946,1946
109619819784,109619819781,-3,648,1113
109621148950,109621148957,7,12815,20764
109622426085,109622426090,5,2761,1300
109623717462,109623717463,1,993,1011
109625151709,109625151706,-3,1146,2062
109629379823,109629379821,-2,853,1397
109629629461,109629629458,-3,1518,3127
109630878466,109630878465,-1,855,1676
109636883015,109636883012,-3,1070,2586
109639516468,109639516463,-5,953,2638
109643918034,109643918030,-4,1193,2401
109648526510,109648526506,-4,1499,2835
109650026387,109650026384,-3,1130,2497
109651158361,109651158354,-7,1371,2051
109651777263,109651777261,-2,1019,2259
109652447111,109652447110,-1,1159,1554
109655046662,109655046659,-3,1040,2203
109656150013,109656150009,-4,1659,2396
109659469045,109659469041,-4,1128,2251
109660029379,109660029377,-2,950,1617
109661097915,109661097913,-2,1125,3050
109662489865,109662489862,-3,1211,2254
109662974177,109662974175,-2,1166,1745
109663210934,109663210930,-4,1065,2136
109669875050,109669875046,-4,1139,2342
109669945480,109669945478,-2,937,2317
109671435145,109671435144,-1,745,1548
109671540769,109671540766,-3,1014,2109
109676385453,109676385452,-1,978,1520
109679185563,109679185561,-2,1199,2128
109679378879,109679378885,6,232,914
109682512544,109682512542,-2,994,1116
109683414981,109683414979,-2,838,1129
109684060417,109684060412,-5,1132,1990
109688733962,109688733961,-1,1270,2920
109689752866,109689752863,-3,995,1950
109690065703,109690065711,8,280,1139
109691177181,109691177177,-4,1489,2685
109692825315,109692825313,-2,1038,1619
109693378869,109693378850,-19,55,2233
109695050150,109695050147,-3,1625,2818
109697010198,109697010195,-3,895,2220
109697208419,109697208415,-4,886,2932
109699023504,109699023502,-2,1169,2924
109700025526,109700025522,-4,815,2958
109700853372,109700853370,-2,1401,2863
109701621666,109701621663,-3,1113,2260
109705600421,109705600419,-2,1156,1819
109708950071,109708950068,-3,1229,3016
109709214430,109709214416,-14,1104,2972
109709653654,109709653638,-16,1414,2783
109711818371,109711818383,12,14608,31316
109713894468,109713894464,-4,2523,4740
109715459062,109715459060,-2,900,1090
109715938302,109715938301,-1,1069,1904
109722961667,109722961665,-2,691,1698
109723008158,109723008155,-3,1231,2018
109727103411,109727103406,-5,950,2224
109727433747,109727433745,-2,971,2529
109728672594,109728672593,-1,1734,2926
109731338018,109731338014,-4,1348,2141
109731711048,109731711065,17,701,1255
109732567220,109732567225,5,26263,26297
109735951902,109735951901,-1,614,1713
109736520035,109736520030,-5,1077,2809
109742249860,109742249858,-2,1388,3145
109742885346,109742885346,0,1018,2318
109743879623,109743879620,-3,1067,1901
109746768652,109746768646,-6,1038,2111
109748912244,109748912242,-2,1213,2153
109753041036,109753041034,-2,1285,2547
109753267143,109753267126,-17,859,1495
109756697891,109756697886,-5,1189,2777
109758422166,109758422168,2,2410,1650
109760154894,109760154891,-3,1226,2352
109762102868,109762102866,-2,1057,1647
109769027203,109769027209,6,2347,1365
109770138503,109770138499,-4,774,2192
109784270330,109784270326,-4,1061,2112
109785157926,109785157919,-7,1243,2969
109788475683,109788475680,-3,1851,2460
109791594898,109791594897,-1,1327,2454
109793468148,109793468146,-2,713,1740
109793625228,109793625211,-17,987,1997
109793678667,109793678674,7,6155,1551
109794608404,109794608401,-3,1076,2707
109800117694,109800117693,-1,1711,2035
109803208105,109803208112,7,6102,2856
109804310318,109804310316,-2,1227,2917
109804489335,109804489355,20,481,933
109807388605,109807388603,-2,1181,2759
109808523827,109808523826,-1,1087,2359
109808590631,109808590626,-5,963,1856
109812386756,109812386753,-3,975,1954
109812568911,109812568912,1,1464,2036
109813251779,109813251778,-1,693,1762
109817195979,109817195976,-3,1074,1493
109824293414,109824293411,-3,1123,2197
109824419532,109824419515,-17,578,1980
109824536199,109824536202,3,1387,1569
109825888987,109825888985,-2,1158,2589
109826097098,109826097097,-1,870,2449
109827720522,109827720500,-22,711,859
109828476640,109828476641,1,2539,1618
109829950430,109829950428,-2,971,1223
109831431343,109831431340,-3,806,2374
109835105823,109835105822,-1,865,1981
109835515861,109835515855,-6,131,603
109837009582,109837009578,-4,1450,2320
109837907005,109837907003,-2,1331,1942
109841530871,109841530870,-1,1102,2040
109844369182,109844369180,-2,1080,2005
109845771682,109845771678,-4,1509,2641
109846640263,109846640260,-3,1321,2055
109846719964,109846719962,-2,23,749
109848825809,109848825804,-5,981,2760
109852016001,109852016000,-1,1675,2030
109857179675,109857179678,3,3066,2896
109861308306,109861308305,-1,925,2064
109865785151,109865785136,-15,1206,2218
109870210603,109870210601,-2,580,1153
109871456486,109871456506,20,1149,2604
109873203830,109873203826,-4,881,2083
109874818602,109874818599,-3,787,1343
109879766117,109879766114,-3,1160,2974
109882317790,109882317787,-3,979,2464
109882867492,109882867488,-4,766,2267
109884812782,109884812782,0,1271,1552
109884933483,109884933480,-3,1612,2572
109887058631,109887058629,-2,1524,2178
109892352291,109892352288,-3,1104,2143
109893510054,109893510054,0,1084,2587
109893648282,109893648277,-5,1006,2024
109894760855,109894760841,-14,1515,1811
109896627047,109896627045,-2,1258,2125
109896866625,109896866623,-2,997,2474
109899997831,109899997828,-3,1159,1849
109900355815,109900355818,3,2059,1763
109902188219,109902188223,4,1734,1212
109908436386,109908436382,-4,1139,2456
109913858333,109913858332,-1,1289,1682
109914849403,109914849401,-2,1946,2900
109919630014,109919630010,-4,1229,2534
109919921638,109919921655,17,969,1823
109920368707,109920368705,-2,1285,2163
109923336630,109923336629,-1,1456,2772
109924209402,109924209401,-1,928,2257
109928584778,109928584774,-4,973,2114
109931743476,109931743473,-3,1103,2271
109932051775,109932051774,-1,1409,2426
109933062615,109933062611,-4,1142,1849
109941102540,109941102537,-3,1129,3159
109944800184,109944800185,1,1505,1874
109944903613,109944903610,-3,4219,8148
109947776007,109947776005,-2,1284,2376
109948770414,109948770412,-2,1535,2305
109953153463,109953153462,-1,1003,2211
109953992728,109953992725,-3,805,2025
109955659143,109955659141,-2,1211,1841
109957514328,109957514331,3,7701,5341
109958939926,109958939924,-2,1179,2404
109963865082,109963865080,-2,719,1055
109964730518,109964730513,-5,1118,2083
109971159248,109971159245,-3,1253,2116
109972447249,109972447246,-3,1319,2410
109972498070,109972498069,-1,1090,2357
109980898624,109980898619,-5,1668,3569
109982003033,109982003030,-3,1356,2088
109983915050,109983915053,3,1164,686
109988863895,109988863893,-2,1528,2708
109994249048,109994249046,-2,1136,1570
109994830609,109994830606,-3,1016,2748
109995298371,109995298368,-3,1882,2575
109997207564,109997207559,-5,883,1813
109998368238,109998368236,-2,1452,1988
109999156935,109999156933,-2,873,1750
110002027328,110002027324,-4,928,2570
110004146125,110004146122,-3,1647,3048
110004482210,110004482207,-3,1076,2019
110006959091,110006959090,-1,1317,1589
110007035815,110007035833,18,379,1033
110007325169,110007325166,-3,1465,2679
110010712109,110010712106,-3,1078,2261
110011820392,110011820385,-7,2179,9014
110015905673,110015905675,2,1857,1805
110022162055,110022162052,-3,1052,2712
110022353949,110022353946,-3,1350,3247
110025993870,110025993873,3,1540,977
110032552975,110032552974,-1,1471,3077
110036151006,110036150987,-19,1882,1588
110040569608,110040569614,6,4234,2321
110047971335,110047971334,-1,1040,1885
110048721180,110048721183,3,1596,815
110051022100,110051022097,-3,1655,2268
110054141038,110054141036,-2,1139,2040
110054339204,110054339200,-4,1082,2162
110055210655,110055210653,-2,1159,2009
110055489533,110055489530,-3,1125,2330
110057197505,110057197502,-3,1727,2695
110061201389,110061201386,-3,943,1759
110063897990,110063897988,-2,1099,2477
110065514216,110065514215,-1,1000,1724
110068110158,110068110155,-3,1325,1927
110068775898,110068775896,-2,1349,2481
110073033065,110073033062,-3,1168,1956
110073590750,110073590770,20,1265,2890
110074409557,110074409566,9,10954,25333
110076551978,110076551975,-3,821,1950
110078010787,110078010793,6,4206,2234
110079101120,110079101117,-3,1071,1948
110083382009,110083382007,-2,1099,1920
110085158994,110085158993,-1,887,1117
110087707767,110087707765,-2,896,2093
110089055725,110089055726,1,2575,3282
110092790734,110092790729,-5,808,2186
110099126356,110099126362,6,11427,26543
110100265590,110100265585,-5,1093,2405
110100425270,110100425267,-3,1643,2894
110103319611,110103319610,-1,1346,2491
110106204304,110106204302,-2,1236,1929
110107748258,110107748256,-2,1051,1961
110110173599,110110173598,-1,946,1403
110110449739,110110449739,0,850,1988
110113706694,110113706693,-1,1328,2316
110118217430,110118217436,6,3253,1409
110122012999,110122012996,-3,920,2018
110125322258,110125322254,-4,1257,2456
110125853908,110125853914,6,6104,2920
110131442607,110131442606,-1,1109,1594
110131993522,110131993518,-4,1532,3202
110133793485,110133793486,1,965,2076
110134041725,110134041722,-3,1505,2712
110134544627,110134544640,13,37607,15644
110138767729,110138767726,-3,1304,2368
110140267539,110140267535,-4,900,2677
110140384958,110140384954,-4,1414,1689
110144423114,110144423113,-1,922,1725
110144784106,110144784102,-4,1293,2258
110148452682,110148452680,-2,1425,2268
110149141959,110149141957,-2,1088,2203
110149348045,110149348062,17,1267,2145
110156648796,110156648792,-4,1012,2106
110161975199,110161975193,-6,911,2145
110163352961,110163352956,-5,629,2226
110168177013,110168177010,-3,1012,1896
110169791945,110169791943,-2,1339,2816
110170483975,110170483973,-2,871,2177
110174643834,110174643831,-3,1737,2642
110176878651,110176878647,-4,1367,2074
110177422929,110177422926,-3,1321,2138
110178747016,110178747013,-3,1172,2301
110179537317,110179537317,0,875,1559
110183111537,110183111535,-2,1233,1853
110185606451,110185606449,-2,1013,1474
110188457601,110188457598,-3,1241,2570
110192203706,110192203702,-4,969,2356
110195139476,110195139465,-11,1757,2796
110196160761,110196160767,6,2403,1377
110196911310,110196911305,-5,1370,2786
110199597057,110199597054,-3,1033,2962
110206984524,110206984522,-2,912,1705
110207801848,110207801842,-6,1170,2837
110209640946,110209640941,-5,1313,4054
110218014641,110218014640,-1,1495,2970
110220623150,110220623144,-6,1314,5944
110224269978,110224269975,-3,1073,1440
110224710386,110224710384,-2,1144,1691
110228339075,110228339073,-2,1433,2251
110231597417,110231597421,4,36660,25645
110232587544,110232587541,-3,1355,1763
110232845756,110232845742,-14,1173,1630
110233496770,110233496789,19,449,1555
110233745919,110233745935,16,1374,2019
110237693911,110237693908,-3,1039,2031
110238301281,110238301279,-2,1026,1941
110239869988,110239869986,-2,1148,2730
110241365854,110241365855,1,1362,2658
110243567052,110243567049,-3,1191,1891
110245734169,110245734166,-3,1322,2025
110250219026,110250219026,0,1025,1304
110256455908,110256455905,-3,898,2258
110259924574,110259924570,-4,1072,2224
110260470418,110260470415,-3,775,2128
110264144593,110264144589,-4,1283,2201
110280492196,110280492179,-17,33676,25475
110283995603,110283995600,-3,1000,2518
110285264673,110285264670,-3,1051,1848
110285809740,110285809736,-4,1392,2509
110288737241,110288737238,-3,1722,2167
110291678318,110291678314,-4,1246,2324
110302009654,110302009651,-3,1207,2563
110308753119,110308753116,-3,1291,2830
110312949674,110312949671,-3,977,2785
110315490974,110315490975,1,1053,1548
110315612631,110315612626,-5,1378,2511
110316401479,110316401475,-4,1401,2204
110318432222,110318432216,-6,877,1619
110319159114,110319159117,3,1538,1956
110325264142,110325264139,-3,922,1482
110329008314,110329008311,-3,1020,2110
110330145527,110330145523,-4,219,1035
110330507934,110330507933,-1,11830,19243
110334871765,110334871764,-1,1200,1889
110337149602,110337149604,2,1590,1969
110338401248,110338401241,-7,1339,2290
110342690087,110342690082,-5,901,2197
110342858094,110342858092,-2,1373,2232
110346010914,110346010895,-19,590,637
110347766022,110347766019,-3,1250,2152
110350708373,110350708370,-3,1232,1875
110351996716,110351996714,-2,982,2710
110352694178,110352694177,-1,927,2126
110355091183,110355091177,-6,975,2518
110356592440,110356592437,-3,1056,1267
110360692332,110360692335,3,3312,1365
110361682326,110361682323,-3,1492,2296
110362642005,110362642002,-3,983,1672
110363360303,110363360321,18,1028,1652
110363588791,110363588787,-4,937,2635
110365472466,110365472463,-3,1488,2124
110366232870,110366232869,-1,1410,2592
110366391935,110366391933,-2,1370,1960
110367506603,110367506600,-3,802,1096
110370206457,110370206454,-3,1615,2538
110371487499,110371487516,17,1675,1691
110372764519,110372764516,-3,1216,2214
110373305712,110373305695,-17,17459,27661
110375675191,110375675190,-1,1272,2997
110375822387,110375822382,-5,1208,2078
110388480973,110388480970,-3,666,1686
110393164410,110393164410,0,1391,2546
110393942356,110393942354,-2,2047,2508
110405722365,110405722362,-3,1429,2447
110407713065,110407713065,0,4513,5141
110408229981,110408229981,0,1815,1660
110414438091,110414438092,1,1686,1662
110417162115,110417162114,-1,1501,2856
110424916770,110424916768,-2,1141,1665
110425118062,110425118059,-3,1464,2772
110425152862,110425152858,-4,1131,2144
110427303717,110427303735,18,1078,1552
110434489316,110434489319,3,1926,1561
110435301286,110435301282,-4,1387,2048
110438062883,110438062880,-3,1268,1889
110442560446,110442560442,-4,952,2550
110449044287,110449044281,-6,1223,3263
110451959500,110451959495,-5,1158,3483
110455024817,110455024814,-3,1224,1988
110464121408,110464121407,-1,1205,1935
110467058282,110467058280,-2,986,2161
110467305424,110467305422,-2,1551,2056
110468030448,110468030445,-3,1096,2004
110469462719,110469462717,-2,807,2512
110471512477,110471512474,-3,798,1634
110472234184,110472234181,-3,952,1728
110474323815,110474323813,-2,729,1105
110481447118,110481447115,-3,1657,2551
110486860689,110486860685,-4,1210,2367
110488110486,110488110483,-3,991,2308
110491318072,110491318069,-3,994,2763
110492985250,110492985246,-4,1262,2092
110494854687,110494854684,-3,1357,2885
110497440179,110497440177,-2,922,1974
110499929746,110499929744,-2,1114,1954
110501976635,110501976632,-3,914,3240
110502262121,110502262118,-3,1033,1590
110504299065,110504299060,-5,1407,2692
110507259435,110507259434,-1,1187,1811
110507680271,110507680269,-2,1889,4557
110512088086,110512088084,-2,1412,2077
110512136905,110512136904,-1,1205,2332
110514836503,110514836498,-5,1446,3305
110515045883,110515045881,-2,1176,1791
110520253112,110520253111,-1,801,1297
110520396955,110520396958,3,1412,1500
110523375290,110523375290,0,1667,2177
110523879042,110523879038,-4,1275,2267
110525549411,110525549409,-2,795,1872
110527662197,110527662195,-2,1016,2385
110527947694,110527947694,0,476,960
110534572309,110534572306,-3,1044,1877
110540640774,110540640773,-1,1332,2252
110541128674,110541128669,-5,844,2397
110541322519,110541322511,-8,31,526
110542002475,110542002473,-2,1072,2533
110542571494,110542571493,-1,1308,2659
110545006754,110545006754,0,1663,3062
110546039577,110546039576,-1,1192,1820
110546331889,110546331888,-1,1464,1477
110549031799,110549031797,-2,1016,1650
110557868126,110557868123,-3,1605,2932
110562572906,110562572902,-4,1140,2208
110563499603,110563499602,-1,1134,2658
110567545899,110567545897,-2,1121,2420
110572084574,110572084578,4,1919,1696
110572859546,110572859545,-1,1080,2241
110573465712,110573465729,17,1076,1535
110579356194,110579356192,-2,2590,5877
110579474935,110579474932,-3,1697,2766
110580351199,110580351197,-2,928,2231
110582416953,110582416951,-2,1055,1632
110583532061,110583532041,-20,273,937
110586255341,110586255338,-3,638,2429
110589558419,110589558417,-2,823,871
110595815679,110595815678,-1,1071,2529
110596342866,110596342859,-7,2511,8206
110597651091,110597651088,-3,771,2222
110600380959,110600380956,-3,1184,2650
110602227640,110602227633,-7,1269,2593
110605516434,110605516430,-4,888,2235
110606117942,110606117941,-1,983,2529
110606661006,110606661005,-1,1339,2016
110608218975,110608218972,-3,1040,1524
110608426091,110608426070,-21,2292,1738
110610177504,110610177524,20,1086,1567
110610665981,110610665977,-4,1410,1767
110611433495,110611433491,-4,945,2285
110613153017,110613153015,-2,2026,2240
110613676847,110613676843,-4,990,2049
110617304549,110617304547,-2,1259,2617
110622060703,110622060700,-3,892,1469
110625360679,110625360681,2,1809,1668
110630289078,110630289077,-1,1051,1754
110630508890,110630508889,-1,983,2376
110632861259,110632861259,0,1659,1934
110635048918,110635048917,-1,1192,1610
110641025766,110641025762,-4,1460,2385
110647374894,110647374892,-2,1127,1651
110648992522,110648992527,5,2516,1449
110654614247,110654614246,-1,1204,2233
110655539666,110655539665,-1,1040,1907
110655727290,110655727290,0,1394,1827
110656760045,110656760042,-3,1308,2030
110657510994,110657510990,-4,702,1516
110658219929,110658219927,-2,814,2053
110658457358,110658457379,21,1045,1660
110661506688,110661506686,-2,1099,1854
110664831975,110664831974,-1,1219,2176
110665782787,110665782786,-1,1465,2368
110667215898,110667215894,-4,1926,2952
110668967982,110668967995,13,724,1358
110672563234,110672563235,1,1206,1485
110675883125,110675883121,-4,1000,2124
110678007713,110678007711,-2,1393,2264
110679159907,110679159913,6,2913,1063
110681516689,110681516686,-3,1219,2319
110685661219,110685661217,-2,1538,2146
110688090433,110688090430,-3,1084,2389
110689208814,110689208812,-2,1351,2359
110690058935,110690058938,3,1506,1100
110692961413,110692961410,-3,959,1794
110695971642,110695971641,-1,1388,2403
110700556282,110700556278,-4,999,1777
110706424755,110706424753,-2,723,2234
110706567988,110706567985,-3,1257,2353
110706844454,110706844452,-2,1409,3075
110709772501,110709772501,0,1179,2406
110712551197,110712551193,-4,987,2302
110712727898,110712727895,-3,1136,2457
110716295144,110716295140,-4,1089,2185
110718567411,110718567408,-3,992,2313
110722088705,110722088702,-3,1183,2326
110722216106,110722216101,-5,1429,2460
110723690023,110723690021,-2,709,1401
110724177254,110724177250,-4,680,1513
110732327694,110732327690,-4,1226,2828
110732357579,110732357577,-2,1136,2322
110733513516,110733513510,-6,1365,4100
110738618599,110738618597,-2,693,1828
110739517983,110739517983,0,782,1126
110740584759,110740584758,-1,994,2083
110750639595,110750639593,-2,1358,1678
110752129678,110752129676,-2,1305,1512
110764063106,110764063105,-1,1031,2452
110770175972,110770175968,-4,1038,1436
110771617822,110771617801,-21,901,1469
110780266702,110780266699,-3,1117,2477
110782584491,110782584491,0,746,1260
110793832914,110793832912,-2,1132,1876
110797444759,110797444757,-2,1052,2587
110797591220,110797591218,-2,1858,3567
110803486139,110803486137,-2,590,1789
110806712761,110806712758,-3,1337,2402
110809181223,110809181221,-2,1270,2772
110812871035,110812871032,-3,1144,2191
110812913583,110812913599,16,517,1772
110815134442,110815134440,-2,1112,1608
110818180623,110818180620,-3,1708,2997
110820485933,110820485930,-3,1174,1965
110820869338,110820869343,5,3099,1241
110823499746,110823499743,-3,965,2193
110827909345,110827909341,-4,986,1569
110828665431,110828665430,-1,711,1935
110833432958,110833432952,-6,1006,2594
110833621285,110833621277,-8,976,1694
110833649103,110833649119,16,826,2359
110837973990,110837973985,-5,1336,2266
110839476148,110839476145,-3,1286,2444
110845581250,110845581248,-2,1353,2073
110847528352,110847528352,0,1439,1907
110848066138,110848066135,-3,1376,1910
110849753990,110849753987,-3,1108,2097
110850452926,110850452921,-5,1222,2767
110851891470,110851891466,-4,943,2474
110853233881,110853233878,-3,1242,3056
110853413097,110853413094,-3,1288,2312
110853590005,110853590002,-3,825,1140
110857918534,110857918531,-3,1064,2659
110867647476,110867647474,-2,1234,2350
110869228980,110869228979,-1,1098,2305
110869423406,110869423405,-1,893,2056
110870951749,110870951746,-3,1241,2106
110874859985,110874859981,-4,1091,1682
110875228899,110875228905,6,4427,2736
110876825235,110876825234,-1,1142,1810
110878012676,110878012672,-4,1431,1845
110882042403,110882042406,3,1713,1300
110882209602,110882209614,12,1061,1811
110883629106,110883629105,-1,703,1084
110886278642,110886278641,-1,1088,2098
110886749742,110886749739,-3,1186,2609
110889204517,110889204514,-3,1360,2249
110891050694,110891050691,-3,660,1188
110892907693,110892907679,-14,2165,1978
110901826750,110901826749,-1,566,1253
110902408343,110902408329,-14,961,2167
110902808386,110902808383,-3,1336,2611
110903666617,110903666614,-3,1137,2238
110904133292,110904133309,17,945,1906
110906667905,110906667902,-3,1027,2476
110908243961,110908243954,-7,1978,7247
110909038007,110909038004,-3,1188,2405
110913100644,110913100641,-3,1345,2673
110917396482,110917396478,-4,1012,2129
110925151156,110925151154,-2,1376,2814
110925299127,110925299125,-2,1293,2213
110926473575,110926473573,-2,794,1651
110933568137,110933568135,-2,1258,2076
110939100693,110939100689,-4,1657,2659
110943065610,110943065608,-2,1167,2575
110948577604,110948577601,-3,1194,2043
110956396894,110956396890,-4,964,2703
110959065539,110959065540,1,1464,1659
110959279986,110959279982,-4,1162,2297
110959460790,110959460785,-5,1190,1707
110959863773,110959863793,20,1063,4207
110960393397,110960393382,-15,226,827
110960771575,110960771574,-1,1180,2322
110961185401,110961185399,-2,1168,2880
110961875469,110961875485,16,232,561
110967622451,110967622450,-1,1406,2564
110968183695,110968183689,-6,1381,2104
110970131873,110970131870,-3,1366,2291
110970855467,110970855462,-5,1173,2287
110971011344,110971011363,19,1227,1641
110980654189,110980654186,-3,1141,2623
110982179108,110982179106,-2,943,1210
110983263798,110983263796,-2,1551,2242
110991561263,110991561260,-3,1439,2360
110992683754,110992683750,-4,1003,2572
110996643425,110996643423,-2,941,1737
110998088194,110998088193,-1,920,2252
111002388162,111002388158,-4,1451,2824
111007102080,111007102102,22,1286,2223
111007611007,111007611003,-4,1697,2559
111008603330,111008603327,-3,1079,1794
111011303123,111011303120,-3,1159,2547
111014938149,111014938146,-3,804,1968
111015539543,111015539542,-1,1146,1943
111019763707,111019763705,-2,919,1818
111027778372,111027778370,-2,1437,2628
111029836839,111029836836,-3,925,1954
111035930951,111035930955,4,1668,1752
111038380838,111038380835,-3,1042,3000
111042040575,111042040571,-4,1063,2798
111042779672,111042779665,-7,965,3162
111047275491,111047275486,-5,1250,2013
111047402812,111047402810,-2,1177,2291
111050367276,111050367273,-3,1539,2462
111053021746,111053021744,-2,688,1616
111054145757,111054145754,-3,1052,1924
111058209291,111058209287,-4,1054,2203
111058640939,111058640937,-2,1087,1304
111059764509,111059764506,-3,624,1544
111067849043,111067849042,-1,1081,1263
111070081753,111070081750,-3,907,2413
111073253982,111073253982,0,1473,2018
111078665179,111078665178,-1,1554,2746
111079030310,111079030305,-5,1171,1683
111080350021,111080350015,-6,975,2479
111089557258,111089557256,-2,1065,2211
111093682686,111093682682,-4,1079,2387
111104321138,111104321135,-3,1410,2027
111106031655,111106031654,-1,1719,1678
111107160746,111107160742,-4,924,1936
111111208727,111111208725,-2,1090,2493
111111655890,111111655892,2,1423,1741
111115043608,111115043602,-6,2270,9324
111120185358,111120185354,-4,1253,1904
111121655403,111121655405,2,3713,3357
111126031885,111126031881,-4,1306,2350
111127972739,111127972737,-2,1016,2391
111130607402,111130607397,-5,1715,4767
111134263037,111134263033,-4,1065,3520
111136863524,111136863522,-2,1222,1981
111137851767,111137851763,-4,1439,2698
111137982082,111137982079,-3,1066,2048
111142106146,111142106143,-3,1279,2463
111142435684,111142435701,17,693,2133
111143469645,111143469642,-3,1150,2489
111153093892,111153093889,-3,1210,2233
111156116705,111156116708,3,6809,6237
111158317566,111158317562,-4,791,2087
111158469579,111158469578,-1,1140,3072
111158517789,111158517785,-4,1069,2073
111158965174,111158965155,-19,182,1178
111160591508,111160591528,20,808,781
111169173111,111169173109,-2,1243,2735
111173065325,111173065326,1,1330,1228
111180474257,111180474259,2,1421,1383
111181620369,111181620369,0,1074,1940
111186145607,111186145605,-2,984,1894
111188571738,111188571738,0,971,1557
111201202743,111201202742,-1,2297,4194
111203461073,111203461079,6,9599,4952
111204242082,111204242082,0,1979,3364
111209871905,111209871902,-3,989,2504
111213544891,111213544887,-4,1123,2600
111217600163,111217600160,-3,1155,1482
111218389654,111218389653,-1,1059,2645
111222371290,111222371286,-4,1220,2667
111227800007,111227800006,-1,1239,2429
111230357289,111230357286,-3,1170,2095
111230441406,111230441385,-21,205,1276
111231477146,111231477144,-2,1193,2673
111232427642,111232427641,-1,916,2052
111241704283,111241704280,-3,804,2378
111248137270,111248137267,-3,1460,2917
111248557693,111248557690,-3,1019,2522
111258896135,111258896132,-3,1117,1711
111269762777,111269762773,-4,1507,5374
111270329225,111270329223,-2,1314,2492
111271686777,111271686773,-4,876,2094
111276837831,111276837827,-4,1112,2770
111278970642,111278970638,-4,1526,2711
111280484633,111280484632,-1,1275,2269
111285204352,111285204349,-3,1260,2575
111285682651,111285682649,-2,579,1176
111286723803,111286723801,-2,1242,1534
111288518881,111288518878,-3,1177,1571
111289763410,111289763408,-2,915,2673
111290658003,111290657998,-5,1032,2144
111302471570,111302471569,-1,1282,1943
111306148258,111306148257,-1,1150,1506
111307326307,111307326305,-2,1085,1360
111308605774,111308605772,-2,1235,2388
111309601199,111309601198,-1,981,3559
111310463347,111310463348,1,1539,1974
111321080438,111321080436,-2,735,1812
111321345890,111321345886,-4,1609,2433
111321889509,111321889529,20,485,1592
111323460733,111323460732,-1,850,1419
111323731665,111323731662,-3,909,2516
111326731606,111326731605,-1,1060,2110
111334682090,111334682085,-5,1096,2617
111336099078,111336099076,-2,1288,2414
111339234858,111339234855,-3,1209,1776
111343228489,111343228486,-3,699,1586
111346517871,111346517869,-2,1234,2021
111349254959,111349254958,-1,1137,1483
111349820615,111349820598,-17,976,2195
111350672396,111350672393,-3,1189,1683
111351069185,111351069182,-3,1346,2256
111351641261,111351641258,-3,1320,1534
111352670154,111352670155,1,1739,2375
111357445178,111357445198,20,1173,1981
111358344734,111358344733,-1,1052,1598
111358867587,111358867586,-1,1197,1866
111358904719,111358904719,0,1256,1486
111358998968,111358998984,16,882,388
111359463532,111359463529,-3,1151,1782
111360893815,111360893810,-5,695,2626
111362026160,111362026179,19,408,1636
111366026943,111366026941,-2,832,2322
111368436435,111368436454,19,196,765
111372717830,111372717839,9,13345,29455
111375485538,111375485535,-3,1190,893
111375748117,111375748110,-7,1556,4487
111380605271,111380605275,4,1924,1819
111382870206,111382870204,-2,1557,2909
111386961046,111386961041,-5,1002,2467
111391439462,111391439462,0,949,1422
111392722070,111392722066,-4,1119,2167
111396037393,111396037389,-4,1019,2456
111400161555,111400161550,-5,1144,2867
111401306158,111401306154,-4,1281,2691
111405889602,111405889597,-5,1162,2629
111408434876,111408434873,-3,780,1330
111410935007,111410935006,-1,1029,1965
111422203178,111422203176,-2,882,2104
111427221249,111427221246,-3,1237,1958
111428344537,111428344535,-2,1253,1752
111429698915,111429698914,-1,1049,1344
111432158042,111432158041,-1,1122,2263
111435413889,111435413887,-2,918,1505
111435626022,111435626040,18,826,1561
111440211886,111440211894,8,795,578
111440692406,111440692404,-2,1333,2597
111440976709,111440976706,-3,1165,2407
111444311362,111444311359,-3,746,1638
111445570405,111445570410,5,5766,2484
111446145147,111446145146,-1,454,1718
111446795180,111446795202,22,478,1303
111447423236,111447423234,-2,1270,2619
111448721746,111448721743,-3,1050,2432
111450216564,111450216561,-3,774,2013
111452039558,111452039561,3,1636,1233
111453937157,111453937156,-1,656,1685
111458896173,111458896170,-3,927,2580
111458993021,111458993021,0,837,1310
111459952996,111459952993,-3,1539,2151
111461754583,111461754582,-1,610,1226
111467903339,111467903338,-1,802,1689
111467947951,111467947965,14,235,815
111468362663,111468362657,-6,133,787
111468598307,111468598302,-5,1267,1852
111470222369,111470222366,-3,888,2150
111470313783,111470313790,7,137,1224
111476376617,111476376614,-3,847,3050
111476479028,111476479030,2,15458,12141
111477828439,111477828444,5,5603,2381
111479200679,111479200676,-3,812,2643
111483016367,111483016365,-2,1079,2107
111485669063,111485669062,-1,898,2350
111493500739,111493500737,-2,806,1643
111493734766,111493734774,8,2783,1090
111494152086,111494152081,-5,877,2801
111497147551,111497147550,-1,1106,1776
111497793847,111497793845,-2,1107,2113
111500927599,111500927594,-5,1069,2016
111503379494,111503379495,1,687,1447
111507634298,111507634295,-3,1042,1931
111507756773,111507756770,-3,1007,2195
111507973038,111507973031,-7,857,2582
111508814906,111508814903,-3,1044,1942
111510786563,111510786562,-1,693,1339
111514316526,111514316525,-1,990,1284
111515105632,111515105625,-7,131,618
111518143056,111518143053,-3,1311,2547
111518439761,111518439757,-4,1443,2369
111523363813,111523363809,-4,1201,2303
111527384195,111527384192,-3,922,1783
111529368105,111529368102,-3,1203,1974
111530223519,111530223516,-3,970,1189
111532139327,111532139326,-1,1509,2487
111533960775,111533960774,-1,912,1968
111538706665,111538706671,6,3111,1675
111541375955,111541375950,-5,1556,3186
111542681931,111542681926,-5,1190,2392
111549693791,111549693790,-1,1136,2516
111549968196,111549968196,0,25513,5796
111550500675,111550500673,-2,33933,27728
111550717913,111550717919,6,2812,756
111559627050,111559627047,-3,1009,2336
111559910271,111559910266,-5,1444,2058
111560633074,111560633072,-2,1370,2185
111563510638,111563510637,-1,1283,1246
111564326583,111564326582,-1,727,1550
111566523391,111566523386,-5,1103,1965
111567267325,111567267317,-8,1670,4185
111579171418,111579171415,-3,889,1891
111582869013,111582869011,-2,995,2701
111584739835,111584739831,-4,1086,1977
111592979745,111592979745,0,995,871
111595633826,111595633825,-1,1102,1771
111597143773,111597143770,-3,861,2609
111600038524,111600038521,-3,1365,2180
111600317455,111600317453,-2,967,1941
111601078311,111601078309,-2,1252,2437
111603311727,111603311723,-4,1066,1851
111604445074,111604445074,0,992,2333
111604924519,111604924513,-6,1126,1907
111606208333,111606208329,-4,717,2090
111607187415,111607187413,-2,1901,2788
111607411390,111607411390,0,1084,1611
111608587989,111608587987,-2,1043,2004
111609839341,111609839337,-4,1143,2085
111616398336,111616398333,-3,803,2132
111620513549,111620513546,-3,1284,3458
111621112310,111621112303,-7,3140,7829
111622191070,111622191066,-4,936,2426
111625283590,111625283586,-4,1132,3083
111627483259,111627483256,-3,1355,2685
111633540978,111633540977,-1,1432,1855
111640279666,111640279663,-3,1386,2992
111641887062,111641887062,0,1233,1989
111642599107,111642599106,-1,888,1702
111643172925,111643172922,-3,1060,2077
111651532217,111651532217,0,948,2461
111652169281,111652169280,-1,1460,2292
111653275025,111653275026,1,732,1678
111655741085,111655741086,1,59671,56491
111657689869,111657689865,-4,1256,3498
111662006501,111662006499,-2,847,2121
111662143134,111662143154,20,941,2394
111666485190,111666485185,-5,1451,2918
111669377562,111669377560,-2,853,2072
111674613527,111674613542,15,827,1236
111677167106,111677167102,-4,1229,2828
111680985254,111680985250,-4,1035,1700
111682304634,111682304633,-1,1469,2255
111683952970,111683952969,-1,1503,2019
111687119086,111687119082,-4,993,3160
111687586126,111687586122,-4,1049,2366
111691120981,111691120979,-2,934,2195
111692089745,111692089742,-3,1198,1743
111695925308,111695925306,-2,1277,3111
111699410055,111699410052,-3,1068,1835
111700132909,111700132913,4,1114,910
111704993793,111704993794,1,820,2148
111708227295,111708227293,-2,1186,3208
111709344289,111709344293,4,877,1251
111710387228,111710387225,-3,1636,3345
111713147598,111713147597,-1,1621,1751
111713343844,111713343858,14,483,2919
111714250198,111714250199,1,1476,1597
111718238275,111718238273,-2,1177,2717
111722530674,111722530669,-5,1098,1731
111722978363,111722978361,-2,982,1632
111726987972,111726987971,-1,838,1826
111727312240,111727312238,-2,766,1874
111727940466,111727940462,-4,1203,1781
111728937535,111728937535,0,1266,2646
111731516191,111731516188,-3,1214,2330
111735710099,111735710097,-2,1193,3314
111736436041,111736436039,-2,1035,1703
111740286900,111740286903,3,1650,1541
111741260521,111741260515,-6,746,910
111747047480,111747047475,-5,908,2872
111748469683,111748469681,-2,975,2330
111748799063,111748799060,-3,1166,2323
111749285695,111749285693,-2,1292,1973
111755006773,111755006770,-3,1259,2105
111755039357,111755039355,-2,1201,1504
111758763092,111758763090,-2,993,1679
111759291039,111759291034,-5,1209,2243
111759796949,111759796946,-3,1215,1916
111759846383,111759846382,-1,754,2103
111760873019,111760873016,-3,1103,1948
111761055935,111761055929,-6,934,1538
111764787919,111764787918,-1,933,2078
111764924526,111764924525,-1,701,1566
111771871562,111771871559,-3,1313,1961
111781947991,111781947990,-1,1260,1843
111788325319,111788325317,-2,1403,2955
111789392879,111789392873,-6,1137,2002
111795606166,111795606158,-8,1325,5533
111801099122,111801099121,-1,999,2872
111803052357,111803052345,-12,29603,13550
111805309950,111805309954,4,2145,1042
111809543049,111809543046,-3,1045,1873
111809609667,111809609666,-1,727,1888
111812771489,111812771486,-3,826,1887
111815585391,111815585395,4,1487,905
111817182462,111817182459,-3,807,2030
111817238070,111817238066,-4,1093,1651
111817802240,111817802256,16,360,1050
111819511842,111819511837,-5,906,1781
111825516425,111825516422,-3,1612,2964
111828182078,111828182077,-1,1511,1675
111828693911,111828693910,-1,1012,1690
111830286173,111830286172,-1,1308,2427
111830881522,111830881521,-1,944,2192
111832281933,111832281939,6,7011,2989
111834733393,111834733389,-4,1019,1996
111836968788,111836968786,-2,1141,1896
111837162831,111837162849,18,375,2060
111837832618,111837832613,-5,1631,2342
111839767999,111839767997,-2,1387,2930
111842222820,111842222820,0,809,1246
111844727212,111844727214,2,1521,1520
111845143314,111845143321,7,4917,2222
111846299702,111846299698,-4,1326,2754
111847581624,111847581622,-2,1279,2543
111850390039,111850390034,-5,1069,2978
111856613462,111856613459,-3,929,1408
111865055583,111865055579,-4,1341,3196
111869146511,111869146510,-1,760,1810
111871600483,111871600482,-1,854,1552
111872704302,111872704299,-3,992,1928
111877103998,111877103998,0,1111,2305
111879771894,111879771893,-1,963,1798
111881738658,111881738658,0,1046,1559
111883171782,111883171781,-1,1013,1824
111888671058,111888671056,-2,1357,2871
111889238230,111889238227,-3,1156,2275
111890298635,111890298633,-2,1117,2322
111892247133,111892247130,-3,1073,1971
111896428951,111896428952,1,1758,2136
111897670923,111897670921,-2,851,1700
111899701639,111899701637,-2,875,2400
111907780106,111907780111,5,2929,2458
111910468946,111910468945,-1,1125,2844
111918594420,111918594400,-20,830,2896
111920710110,111920710109,-1,872,1711
111921276289,111921276286,-3,1154,1491
111922516993,111922516994,1,672,1164
111922992249,111922992252,3,1323,1230
111924403069,111924403069,0,1573,3821
111924701762,111924701762,0,1044,1443
111925289338,111925289337,-1,1373,2777
111927263217,111927263214,-3,1057,1680
111927657102,111927657119,17,87,606
111939510952,111939510949,-3,1081,2167
111942703851,111942703848,-3,1147,3077
111947883427,111947883423,-4,1269,2889
111949681294,111949681293,-1,1270,1966
111953491314,111953491310,-4,944,2757
111956621005,111956621003,-2,1546,2654
111959675093,111959675090,-3,1312,2279
111961728744,111961728741,-3,2318,4015
111963408655,111963408654,-1,755,1244
111965388262,111965388259,-3,1278,2436
111965844471,111965844475,4,1275,1776
111968163414,111968163410,-4,1165,1874
111976491795,111976491793,-2,1080,1626
111984663355,111984663352,-3,979,2630
111986366887,111986366886,-1,1076,1666
111987504160,111987504158,-2,1294,1971
111988045669,111988045690,21,321,1355
111991419529,111991419527,-2,819,1400
111992084042,111992084038,-4,1207,2568
111992637153,111992637151,-2,1349,2748
111995075254,111995075252,-2,1489,2647
111995141997,111995141986,-11,154,778
111999083386,111999083382,-4,764,1755
112002773026,112002773033,7,6576,2648
112008579702,112008579698,-4,1302,2749
112008709804,112008709823,19,1107,2613
112008959882,112008959878,-4,1033,2756
112009004019,112009004017,-2,1351,1944
112009455671,112009455669,-2,1041,2695
112011589134,112011589130,-4,802,2286
112012392170,112012392163,-7,983,2127
112012705726,112012705710,-16,137,1076
112018675569,112018675567,-2,1306,3581
112026073945,112026073942,-3,1210,2410
112027882897,112027882894,-3,1784,3251
112028777246,112028777245,-1,1081,1467
112032083344,112032083341,-3,1145,2324
112033144116,112033144113,-3,1778,2841
112041401136,112041401134,-2,1171,1726
112043013186,112043013203,17,671,1365
112047884586,112047884587,1,1058,1217
112048368679,112048368676,-3,971,2150
112051401891,112051401889,-2,1145,2150
112052261122,112052261118,-4,1926,2916
112053114644,112053114642,-2,1065,2012
112055929321,112055929315,-6,1713,4808
112056453231,112056453229,-2,1141,1757
112056942411,112056942408,-3,1211,1962
112057873279,112057873278,-1,1030,1280
112069072571,112069072569,-2,1033,1796
112071670789,112071670786,-3,919,1874
112072133588,112072133585,-3,1267,2006
112074006291,112074006286,-5,874,1926
112074066473,112074066470,-3,972,2533
112074226837,112074226836,-1,1040,1687
112079492666,112079492669,3,1932,2146
112080073854,112080073853,-1,1073,2078
112081867398,112081867394,-4,1043,1915
112086417746,112086417741,-5,1007,2406
112088871432,112088871429,-3,1200,2321
112089594662,112089594661,-1,908,2415
112092342493,112092342489,-4,1028,1837
112092617364,112092617357,-7,1046,1933
112092804307,112092804305,-2,943,1740
112094706631,112094706629,-2,1150,2614
112097662521,112097662518,-3,815,1465
112101729682,112101729680,-2,1644,2706
112105233538,112105233537,-1,1166,1924
112106203285,112106203280,-5,1377,4665
112110176693,112110176690,-3,1590,2542
112112133602,112112133600,-2,720,1534
112113351579,112113351578,-1,1269,2119
112114952869,112114952869,0,1153,1257
112117059047,112117059045,-2,1139,2636
112121281290,112121281290,0,1324,2040
112123248458,112123248457,-1,1192,2379
112126999227,112126999226,-1,872,1970
112127273182,112127273181,-1,1109,1805
112127334567,112127334568,1,1769,1493
112128553682,112128553660,-22,1088,3394
112130817718,112130817714,-4,1410,2445
112131856649,112131856646,-3,876,2110
112135801814,112135801816,2,5938,21931
112135875195,112135875192,-3,2122,4058
112140618205,112140618212,7,7187,2540
112144824623,112144824615,-8,979,16362
112146731528,112146731529,1,1198,1574
112152736983,112152736981,-2,737,1694
112156138544,112156138539,-5,1271,2400
112156238837,112156238831,-6,1099,2218
112156331023,112156331019,-4,964,3141
112158531291,112158531289,-2,1361,3027
112159024362,112159024353,-9,1280,2143
112159206880,112159206894,14,1027,1825
112162164534,112162164535,1,912,1506
112162853646,112162853646,0,1076,1887
112163089005,112163089002,-3,1193,2522
112166753552,112166753550,-2,1230,2258
112167825034,112167825042,8,12300,22061
112170143442,112170143443,1,1590,1447
112172624211,112172624209,-2,1122,1730
112174361232,112174361230,-2,894,2017
112174700977,112174700974,-3,1368,2548
112176234595,112176234591,-4,1260,3035
112180208458,112180208455,-3,800,2488
112183699455,112183699450,-5,772,2253
112186480586,112186480584,-2,699,1600
112187108151,112187108149,-2,1085,2727
112188498438,112188498434,-4,1371,3086
112189060447,112189060447,0,985,1996
112192981148,112192981145,-3,1110,2398
112194767267,112194767263,-4,1146,3045
112201425705,112201425702,-3,1406,2715
112205866411,112205866407,-4,823,1922
112207698905,112207698902,-3,848,2388
112209366779,112209366775,-4,902,1895
112210162975,112210162965,-10,398,1400
112213672347,112213672346,-1,614,1707
112213862414,112213862407,-7,863,2801
112215173680,112215173678,-2,841,1599
112224916209,112224916202,-7,1181,3235
112228000605,112228000612,7,4244,2050
112228592309,112228592306,-3,1094,2084
112231012879,112231012877,-2,895,1730
112237299424,112237299423,-1,1821,1536
112237798595,112237798594,-1,1357,2520
112238584959,112238584959,0,657,1664
112251277233,112251277233,0,1161,1515
112253124250,112253124271,21,1070,2242
112255405362,112255405360,-2,969,2415
112261189230,112261189227,-3,1223,1994
112261518750,112261518747,-3,1208,2017
112262644162,112262644158,-4,1158,2286
112264131295,112264131293,-2,1183,2443
112267800469,112267800467,-2,1120,1791
112274929638,112274929635,-3,1397,2333
112275049053,112275049049,-4,1007,2444
112275405981,112275405978,-3,1058,1726
112278262586,112278262585,-1,1105,2076
112278764855,112278764849,-6,1020,3472
112281073262,112281073256,-6,1080,3853
112286939356,112286939355,-1,1194,2219
112287275728,112287275725,-3,1326,2393
112287737821,112287737817,-4,1675,2214
112288859746,112288859745,-1,1058,2060
112291017358,112291017362,4,2350,1792
112291356201,112291356213,12,771,1391
112295772577,112295772575,-2,936,1910
112297344573,112297344570,-3,1210,2572
112299020220,112299020214,-6,1966,4580
112299842458,112299842454,-4,989,2167
112303912783,112303912782,-1,1163,1767
112305133416,112305133408,-8,1153,1836
112307496544,112307496541,-3,1281,1976
112307735653,112307735650,-3,1221,2555
112311939947,112311939945,-2,1420,1899
112313369866,112313369862,-4,1099,3155
112314292697,112314292709,12,16578,30236
112317347939,112317347936,-3,1660,3196
112319150128,112319150127,-1,1292,1693
112322064748,112322064744,-4,1018,2100
112328523286,112328523283,-3,977,1615
112328670468,112328670466,-2,994,1259
112329420250,112329420250,0,1938,1687
112339902176,112339902173,-3,1060,2350
112344469271,112344469266,-5,974,2767
112347079097,112347079094,-3,860,2076
112350403260,112350403250,-10,698,1622
112355024378,112355024378,0,1777,1328
112355623128,112355623125,-3,1887,9009
112357669707,112357669700,-7,823,2586
112358487305,112358487303,-2,934,1469
112363846318,112363846320,2,1587,1680
112366322286,112366322280,-6,36833,13616
112369136006,112369136003,-3,767,1371
112370475231,112370475251,20,1192,2552
112372109090,112372109087,-3,843,1408
112376964698,112376964694,-4,1300,3296
112377373291,112377373290,-1,1012,2566
112377761876,112377761874,-2,1311,2536
112378533618,112378533615,-3,1289,2526
112378766890,112378766889,-1,1176,2407
112379104573,112379104582,9,16720,26210
112379254343,112379254341,-2,2090,2855
112385643977,112385643974,-3,1098,2848
112389637339,112389637335,-4,1047,1819
112391147111,112391147111,0,1240,1550
112395674117,112395674115,-2,922,937
112398591309,112398591307,-2,1581,2862
112399010723,112399010720,-3,944,2481
112405055621,112405055617,-4,1251,2463
112406251346,112406251345,-1,1600,2326
112407695437,112407695437,0,1432,1979
112409992199,112409992197,-2,1198,2706
112412221113,112412221110,-3,1249,2469
112412279694,112412279686,-8,1040,2464
112413693050,112413693046,-4,1039,3301
112414351379,112414351377,-2,987,2539
112415629690,112415629688,-2,675,895
112420238424,112420238419,-5,1316,2596
112425245058,112425245053,-5,1007,1571
112447723583,112447723581,-2,1005,2783
112447984005,112447984004,-1,1137,1504
112448115663,112448115661,-2,967,1672
112449280302,112449280301,-1,905,1865
112455537997,112455537989,-8,1295,4541
112456912590,112456912590,0,1512,2053
112457281400,112457281416,16,822,1578
112461954151,112461954146,-5,874,1259
112463156982,112463157001,19,1109,1530
112464159321,112464159318,-3,745,1345
112466240982,112466240979,-3,697,1801
112466304845,112466304861,16,293,2181
112468645998,112468645997,-1,1072,2210
112480419236,112480419234,-2,1534,3202
112487327014,112487327009,-5,1247,2302
112490510978,112490510972,-6,521,2678
112490689413,112490689432,19,948,2311
112491928691,112491928691,0,1166,2027
112494439974,112494439971,-3,1088,2582
112494984373,112494984369,-4,1151,2625
112495835022,112495835018,-4,835,2494
112501362371,112501362367,-4,913,1779
112503784124,112503784121,-3,1508,2428
112503908533,112503908530,-3,1048,2292
112505411194,112505411198,4,1041,1196
112513536615,112513536613,-2,955,2570
112516299377,112516299374,-3,1235,1894
112517194193,112517194193,0,966,1824
112518619855,112518619854,-1,936,1383
112519093016,112519093034,18,1091,2055
112519442735,112519442724,-11,1014,1999
112522626626,112522626623,-3,796,2515
112522821088,112522821084,-4,1370,3537
112524950534,112524950532,-2,1006,1866
112530206006,112530206007,1,1294,2231
112535202175,112535202175,0,1354,1087
112535377038,112535377037,-1,1241,1652
112540005907,112540005902,-5,831,4721
112540324270,112540324266,-4,1271,3378
112541430825,112541430822,-3,1305,2642
112542001865,112542001866,1,1420,1439
112542337918,112542337915,-3,1126,1551
112548934565,112548934562,-3,1038,2253
112550383690,112550383685,-5,1045,2309
112550671708,112550671698,-10,1185,1865
112557213535,112557213532,-3,739,1249
112558892942,112558892936,-6,947,1708
112560325519,112560325515,-4,1049,2269
112560517830,112560517829,-1,1063,1982
112564259357,112564259354,-3,1054,1940
112568557730,112568557730,0,1157,2344
112569642547,112569642546,-1,1237,2229
112571987811,112571987806,-5,2374,5624
112572652966,112572652965,-1,1412,2341
112581220653,112581220651,-2,1781,2207
112590869196,112590869213,17,479,1543
112592310134,112592310130,-4,1150,1547
112594655699,112594655696,-3,964,2036
112594772002,112594771999,-3,942,2798
112603627679,112603627695,16,942,1423
112604091947,112604091946,-1,913,1725
112612563843,112612563839,-4,1057,2616
112617273003,112617273002,-1,606,150
112621904118,112621904113,-5,1157,3462
112623365699,112623365698,-1,1248,2360
112625426146,112625426142,-4,940,1304
112630755229,112630755225,-4,1280,3514
112631110059,112631110058,-1,871,3144
112631533194,112631533193,-1,756,1969
112632146550,112632146547,-3,1077,2280
112636074183,112636074180,-3,1155,2689
112637982255,112637982254,-1,1359,3213
112638922642,112638922640,-2,1394,2047
112641295172,112641295171,-1,1033,1823
112647008506,112647008503,-3,1354,2345
112647865046,112647865046,0,1251,1323
112648610122,112648610119,-3,1262,1533
112656084925,112656084921,-4,1014,2794
112664111550,112664111550,0,1349,2691
112666154042,112666154040,-2,1310,2287
112671381522,112671381517,-5,747,1880
112672356519,112672356516,-3,823,2824
112672474799,112672474797,-2,1298,1492
112673014682,112673014680,-2,1607,2986
112673599246,112673599241,-5,426,1267
112674148629,112674148620,-9,1016,2234
112677191215,112677191213,-2,1049,2700
112678510533,112678510533,0,614,1265
112681551236,112681551233,-3,1511,2749
112684617774,112684617769,-5,2491,4101
112684928182,112684928178,-4,1048,4175
112688937701,112688937695,-6,687,2637
112695297655,112695297653,-2,884,1986
112697089216,112697089214,-2,1267,1989
112698724889,112698724889,0,850,1843
112699755945,112699755943,-2,963,2366
112700142764,112700142762,-2,1310,2056
112701096366,112701096365,-1,1050,2238
112701490190,112701490189,-1,1050,2821
112702489290,112702489288,-2,1156,1220
112702880747,112702880746,-1,1013,2070
112702982188,112702982185,-3,1131,2020
112705081370,112705081368,-2,1041,1453
112707171296,112707171294,-2,1436,3529
112707791911,112707791920,9,245,963
112711140838,112711140837,-1,966,1531
112711763723,112711763718,-5,971,3390
112712428690,112712428694,4,3952,2004
112712691258,112712691253,-5,1074,2458
112715137266,112715137262,-4,1087,2254
112715298482,112715298479,-3,1252,2102
112719299338,112719299331,-7,1742,6946
112720464409,112720464403,-6,954,1766
112720567928,112720567926,-2,961,1658
112721410852,112721410849,-3,1143,2463
112722017253,112722017250,-3,1220,2655
112722396337,112722396334,-3,863,1491
112725847014,112725847013,-1,1394,1779
112731322466,112731322472,6,4320,1434
112732821329,112732821326,-3,1004,1784
112733636349,112733636347,-2,1197,1927
112734342037,112734342029,-8,29329,14178
112736204581,112736204578,-3,1001,2271
112736660933,112736660933,0,1652,2300
112738373170,112738373167,-3,1192,2580
112740237433,112740237434,1,2049,1742
112742013790,112742013789,-1,1078,1980
112742174581,112742174579,-2,972,1663
112744584671,112744584667,-4,924,1570
112747284331,112747284330,-1,1160,1999
112747394558,112747394574,16,701,1802
112747489359,112747489357,-2,869,1571
112749466930,112749466927,-3,1344,2403
112753213858,112753213857,-1,24774,32435
112753877490,112753877486,-4,1341,2791
112757597926,112757597922,-4,1000,2553
112759548781,112759548776,-5,1005,2511
112761594661,112761594660,-1,1645,1327
112762608313,112762608320,7,4582,2902
112764618499,112764618497,-2,1281,2403
112769676057,112769676062,5,5942,1718
112770688083,112770688081,-2,2133,4162
112772652947,112772652946,-1,1386,1967
112776314110,112776314108,-2,876,1971
112776773469,112776773466,-3,1489,2225
112776992022,112776992019,-3,1395,3069
112777469187,112777469185,-2,1224,1760
112793845522,112793845518,-4,1238,2013
112794456918,112794456897,-21,1113,1673
112797558378,112797558385,7,1342,1151
112798131277,112798131293,16,704,2285
112798587412,112798587402,-10,319,548
112805599295,112805599302,7,4563,2151
112808627210,112808627209,-1,827,1889
112809252455,112809252452,-3,614,1742
112812726682,112812726681,-1,766,2397
112814131145,112814131142,-3,1009,2472
112814273111,112814273109,-2,779,1893
112815498026,112815498025,-1,683,1586
112817299390,112817299388,-2,1326,1872
112818760578,112818760577,-1,1174,2118
112824634142,112824634139,-3,1182,1940
112825776210,112825776207,-3,1386,2855
112826672580,112826672603,23,202,1009
112833371468,112833371464,-4,1079,2315
112834643046,112834643042,-4,1461,1892
112835731746,112835731742,-4,883,2042
112836572430,112836572426,-4,1589,2734
112838849454,112838849454,0,938,1873
112841827837,112841827833,-4,1241,1636
112848103093,112848103091,-2,1369,1599
112852904838,112852904836,-2,1010,2386
112853636466,112853636467,1,1065,1654
112854277047,112854277033,-14,1022,2526
112855960255,112855960254,-1,1098,2473
112856023925,112856023942,17,10,462
112861987419,112861987418,-1,1028,2690
112864087458,112864087454,-4,7727,14771
112865352255,112865352253,-2,1187,1652
112872038950,112872038948,-2,1275,2641
112872172557,112872172543,-14,113,1140
112874917829,112874917828,-1,1363,2274
112881954505,112881954500,-5,736,1652
112882134743,112882134737,-6,774,2231
112884569335,112884569332,-3,1220,1940
112887277966,112887277964,-2,764,1558
112895941151,112895941149,-2,2672,2730
112896807034,112896807038,4,2226,1345
112897535219,112897535214,-5,969,3027
112901138494,112901138494,0,1496,1968
112904669554,112904669550,-4,836,1963
112906492088,112906492094,6,2945,1136
112908063930,112908063928,-2,1013,2657
112908901543,112908901542,-1,802,1226
112910764813,112910764810,-3,1226,2196
112913167773,112913167770,-3,1304,1875
112915799613,112915799610,-3,1674,2421
112918370290,112918370288,-2,1050,1727
112920060168,112920060167,-1,1062,2382
112927104211,112927104207,-4,1083,2354
112929226318,112929226316,-2,1342,2610
112929876366,112929876364,-2,1110,2319
112930130917,112930130912,-5,1158,2428
112931672745,112931672742,-3,1317,2089
112931881708,112931881695,-13,1232,950
112932256701,112932256700,-1,1367,2719
112932431746,112932431745,-1,925,1780
112933969557,112933969555,-2,1234,2453
112935880048,112935880042,-6,831,2516
112937275839,112937275837,-2,979,2010
112937756053,112937756037,-16,987,2406
112942050701,112942050699,-2,1160,1831
112945064179,112945064174,-5,1585,4740
112953303038,112953303037,-1,982,2160
112955055186,112955055181,-5,991,2760
112956469967,112956469945,-22,3353,1323
112957418366,112957418366,0,1088,2415
112957683439,112957683437,-2,1280,1859
112959002363,112959002360,-3,1201,2271
112960252599,112960252595,-4,1228,2486
112963619429,112963619426,-3,1118,3260
112964147118,112964147118,0,1446,1698
112966306077,112966306075,-2,1202,1820
112966532270,112966532266,-4,2290,7179
112967742561,112967742558,-3,1176,2179
112967885624,112967885636,12,704,1132
112971223207,112971223203,-4,1119,2420
112973241886,112973241882,-4,1456,2356
112973722004,112973722015,11,440,1034
112982714487,112982714483,-4,751,965
112983662990,112983662985,-5,1291,3251
112984486859,112984486857,-2,825,1833
112989992031,112989992029,-2,958,2580
112992838534,112992838533,-1,1000,2141
112994391760,112994391762,2,3508,3096
112995935774,112995935778,4,1628,1233
112996747600,112996747596,-4,1001,1952
112996991766,112996991759,-7,1650,9196
112999327202,112999327197,-5,1664,7334
113001108710,113001108706,-4,1066,1950
113003082511,113003082509,-2,1382,1498
113003283221,113003283240,19,1129,1805
113004461587,113004461585,-2,1335,1485
113006735079,113006735078,-1,839,1602
113011708851,113011708848,-3,1089,2765
113015762098,113015762099,1,1288,1608
113017721626,113017721625,-1,910,2727
113020838602,113020838600,-2,1017,2615
113021918944,113021918941,-3,904,1634
113035223944,113035223941,-3,1178,2573
113035560041,113035560045,4,2336,1318
113038296436,113038296422,-14,152,981
113047182245,113047182238,-7,879,2053
113047584570,113047584567,-3,1621,2747
113048813769,113048813766,-3,1441,2054
113051296549,113051296547,-2,1597,2692
113052875095,113052875094,-1,1139,2395
113054309655,113054309655,0,777,1534
113055043825,113055043825,0,3954,15626
113055823894,113055823893,-1,804,1981
113056894008,113056894006,-2,1772,2215
113067991623,113067991619,-4,1294,2602
113069682626,113069682626,0,1600,1961
113072263870,113072263869,-1,1164,2411
113073867050,113073867049,-1,19062,7669
113074179037,113074179034,-3,1073,2807
113077248657,113077248656,-1,1153,1960
113079044501,113079044499,-2,1276,2428
113079973552,113079973550,-2,897,1867
113080102458,113080102457,-1,1553,1907
113080154185,113080154180,-5,1535,2846
113080833039,113080833037,-2,1067,1770
113081913016,113081913013,-3,1635,2275
113081953281,113081953277,-4,990,2327
113084997934,113084997938,4,2039,1479
113085219229,113085219236,7,5157,2171
113089257612,113089257608,-4,540,1610
113094205097,113094205093,-4,1323,3046
113095809795,113095809792,-3,875,1702
113097065387,113097065384,-3,1012,2419
113099087579,113099087577,-2,364,1467
113099765756,113099765755,-1,1321,1589
113103793898,113103793894,-4,836,1882
113106823125,113106823122,-3,1734,2984
113112944165,113112944162,-3,1179,2645
113120995490,113120995486,-4,1044,1942
113124920234,113124920233,-1,814,2448
113125602623,113125602614,-9,965,2111
113133132290,113133132289,-1,1397,2040
113142832095,113142832093,-2,1222,1865
113145519953,113145519948,-5,2148,5824
113146958446,113146958444,-2,1233,2245
113154285265,113154285263,-2,752,1988
113155036714,113155036711,-3,928,1813
113156499318,113156499314,-4,896,1930
113158987489,113158987486,-3,1152,1686
113166365429,113166365425,-4,1987,6968
113167237813,113167237809,-4,897,1819
113169128186,113169128185,-1,1032,2048
113180769627,113180769634,7,2270,856
113181371833,113181371830,-3,813,1461
113184507335,113184507333,-2,1137,2292
113185375231,113185375226,-5,947,2628
113187297009,113187297007,-2,1151,1381
113195642982,113195642987,5,2800,1644
113201016069,113201016067,-2,1960,2205
113205225293,113205225290,-3,709,2525
113205696565,113205696563,-2,867,2247
113207340910,113207340909,-1,1088,3093
113215674739,113215674734,-5,1202,2502
113219904818,113219904816,-2,1041,2430
113220635606,113220635603,-3,1204,2252
113220962657,113220962658,1,14806,15364
113227333563,113227333561,-2,933,2578
113227854064,113227854062,-2,1280,2433
113229295381,113229295379,-2,1193,2042
113233652424,113233652420,-4,1274,2265
113237925365,113237925361,-4,1061,2351
113240443008,113240443006,-2,929,1902
113240665700,113240665698,-2,1022,2041
113243396751,113243396751,0,812,1994
113246140335,113246140330,-5,1526,2869
113246842045,113246842044,-1,1447,1853
113249643065,113249643063,-2,1414,2188
113254461009,113254461001,-8,1759,9562
113260460995,113260460990,-5,1258,3094
113261409718,113261409715,-3,1032,1603
113262422147,113262422145,-2,1252,1934
113263121803,113263121800,-3,1216,3076
113267734650,113267734649,-1,1383,1841
113269231835,113269231829,-6,937,2669
113270751906,113270751907,1,1063,1443
113272040733,113272040729,-4,999,2259
113273438915,113273438915,0,1530,2328
113273900606,113273900606,0,967,1736
113274330495,113274330490,-5,925,2675
113279701578,113279701578,0,1867,2277
113280294798,113280294797,-1,1532,2617
113283479882,113283479886,4,1226,891
113284489173,113284489172,-1,1419,2408
113286269955,113286269953,-2,1145,1807
113298000334,113298000340,6,12665,20900
113300784073,113300784070,-3,888,2790
113302232824,113302232823,-1,1444,2477
113304744097,113304744094,-3,1224,2030
113305859138,113305859136,-2,1280,2528
113310373063,113310373062,-1,1519,2294
113321145582,113321145584,2,1247,22087
113321211517,113321211513,-4,1098,2637
113324777009,113324777014,5,3737,1528
113331982896,113331982894,-2,823,1581
113333188862,113333188858,-4,1780,3062
113339416943,113339416939,-4,1025,1822
113340885911,113340885907,-4,1462,1830
113346464822,113346464826,4,1927,1518
113348201716,113348201733,17,1099,2325
113356559659,113356559658,-1,1177,3291
113360403019,113360403017,-2,785,1502
113361073287,113361073294,7,244,1012
113365536654,113365536653,-1,1740,3622
113369112121,113369112122,1,1364,1172
113370206984,113370206981,-3,1171,2623
113370721185,113370721181,-4,991,2083
113375100930,113375100939,9,6539,43851
113375623844,113375623842,-2,1088,2697
113376249551,113376249542,-9,692,1625
113378631986,113378631986,0,767,1364
113379122109,113379122101,-8,1227,3057
113382181465,113382181461,-4,1342,2601
113384562154,113384562152,-2,1150,2635
113386349850,113386349848,-2,1170,1365
113389478910,113389478907,-3,1406,2583
113391431657,113391431654,-3,796,1891
113394724614,113394724611,-3,941,1715
113399693890,113399693886,-4,1093,1822
113400870739,113400870735,-4,1487,3060
113401966081,113401966077,-4,28736,12501
113402350010,113402350006,-4,1070,2043
113403012762,113403012760,-2,1560,1386
113405469936,113405469934,-2,929,1759
113405852473,113405852472,-1,1704,2563
113409305694,113409305689,-5,960,2554
113409871698,113409871694,-4,1404,2080
113412965143,113412965141,-2,1396,2256
113414687113,113414687111,-2,856,1022
113415503952,113415503966,14,573,968
113416967372,113416967371,-1,758,1890
113417265936,113417265933,-3,1237,2515
113417706500,113417706507,7,259,826
113419780818,113419780814,-4,1425,1408
113421149347,113421149343,-4,1348,3372
113423767078,113423767076,-2,1345,2150
113425050230,113425050226,-4,1570,3393
113431136514,113431136510,-4,966,3160
113434194751,113434194747,-4,1202,2475
113434570485,113434570489,4,3520,2045
113435199074,113435199073,-1,1309,3008
113441490322,113441490318,-4,1105,1088
113442518079,113442518077,-2,1203,2079
113443089334,113443089333,-1,1093,2428
113443709822,113443709820,-2,863,1702
113444100579,113444100577,-2,739,1282
113445059799,113445059799,0,1143,2148
113445969279,113445969275,-4,1130,1848
113451413414,113451413411,-3,1104,3255
113451760129,113451760129,0,1251,2294
113456686362,113456686358,-4,733,1235
113460425858,113460425856,-2,938,1334
113460571319,113460571299,-20,357,889
113461580542,113461580541,-1,1108,2232
113462941157,113462941158,1,2033,1759
113465758262,113465758259,-3,814,1704
113467726986,113467726982,-4,805,1738
113468407592,113468407589,-3,1212,2089
113472833010,113472833009,-1,1080,2642
113473293798,113473293806,8,2012,777
113475959059,113475959067,8,2645,1361
113476716664,113476716661,-3,1374,2694
113481364243,113481364242,-1,970,1846
113482754915,113482754914,-1,1573,1754
113486060190,113486060187,-3,1127,2908
113487956189,113487956182,-7,1007,3325
113489067713,113489067710,-3,1289,3012
113496158589,113496158586,-3,1211,1488
113497585319,113497585330,11,788,2139
113498202554,113498202553,-1,763,2178
113499417074,113499417068,-6,1901,7198
113502949666,113502949662,-4,1030,2025
113512394334,113512394331,-3,1239,2960
113513907366,113513907366,0,947,1874
113514018657,113514018654,-3,1807,3380
113523617595,113523617592,-3,964,2369
113524169970,113524169969,-1,650,1380
113524473118,113524473118,0,1007,1522
113526319403,113526319404,1,1250,1775
113527611198,113527611205,7,5990,2033
113529676985,113529676981,-4,1168,2327
113530565780,113530565784,4,1997,1771
113535231921,113535231918,-3,826,1148
113536389022,113536389019,-3,872,1748
113538533061,113538533058,-3,1201,2479
113541722154,113541722150,-4,1094,1733
113543823255,113543823253,-2,1041,2073
113545093849,113545093846,-3,1578,2500
113546472162,113546472160,-2,1628,2387
113548281472,113548281468,-4,1574,2500
113552590658,113552590655,-3,1095,1933
113553959920,113553959917,-3,1289,2320
113554654234,113554654231,-3,1343,2825
113556397607,113556397604,-3,893,2271
113557677195,113557677194,-1,973,1873
113560560202,113560560199,-3,1195,2100
113561390637,113561390635,-2,820,1930
113563772119,113563772119,0,1667,1654
113563986898,113563986895,-3,862,2000
113567107670,113567107667,-3,1270,1600
113569262222,113569262217,-5,1033,2150
113573103130,113573103130,0,1447,1925
113573647637,113573647635,-2,927,2070
113580173520,113580173519,-1,1503,2392
113583308574,113583308572,-2,1438,3391
113583754274,113583754272,-2,1133,2602
113584857885,113584857883,-2,694,1619
113596178789,113596178786,-3,1244,1652
113597792291,113597792291,0,1074,2119
113600778273,113600778270,-3,1891,4189
113603188554,113603188556,2,900,1250
113605619677,113605619676,-1,738,1158
113610686396,113610686391,-5,1169,1796
113613014340,113613014338,-2,1185,2623
113614208850,113614208846,-4,1084,3089
113618189243,113618189241,-2,1332,1960
113624977238,113624977233,-5,1222,2173
113626034968,113626034966,-2,2130,1653
113628541707,113628541710,3,1308,2142
113630261118,113630261118,0,1187,1301
113631313606,113631313604,-2,1452,2965
113635660222,113635660221,-1,1055,2165
113635895349,113635895345,-4,1271,2705
113636696014,113636696014,0,902,875
113641845206,113641845204,-2,1367,2260
113644220301,113644220298,-3,1179,2962
113644705416,113644705433,17,1346,2560
113644914762,113644914760,-2,1027,2368
113645382682,113645382683,1,1036,2032
113645963133,113645963130,-3,880,1756
113647332934,113647332934,0,1314,2524
113657593240,113657593225,-15,986,411
113657829383,113657829380,-3,708,2152
113658159088,113658159087,-1,1498,2989
113660286642,113660286639,-3,1130,1651
113663138276,113663138269,-7,1805,7080
113663845450,113663845448,-2,1358,1905
113665585859,113665585860,1,1074,1188
113666013689,113666013688,-1,1449,2139
113672450754,113672450751,-3,1528,2436
113673737805,113673737802,-3,1418,2794
113674425044,113674425047,3,1153,832
113674953834,113674953831,-3,1541,3320
113678136958,113678136956,-2,1390,2579
113679788446,113679788441,-5,2634,6242
113682175041,113682175038,-3,1787,2888
113682941745,113682941742,-3,1544,3007
113683261171,113683261169,-2,935,1855
113685219603,113685219601,-2,1827,2832
113699907978,113699907973,-5,1168,2115
113705747978,113705747991,13,1424,666
113715171853,113715171860,7,11671,19785
113718331714,113718331711,-3,1153,2444
113720591017,113720591015,-2,919,1845
113723878242,113723878241,-1,781,2182
113725238417,113725238415,-2,1171,2404
113726108911,113726108907,-4,755,1599
113730428535,113730428534,-1,1139,2453
113731536626,113731536622,-4,859,2011
113735485112,113735485110,-2,1356,2658
113742037464,113742037464,0,1349,2124
113744482726,113744482723,-3,1217,2986
113745481274,113745481275,1,1369,1280
113748045235,113748045229,-6,1093,3565
113752010934,113752010931,-3,944,2078
113756805186,113756805182,-4,1348,1786
113759161666,113759161666,0,1472,1768
113764241924,113764241918,-6,1507,2069
113765519567,113765519565,-2,1815,2914
113765980059,113765980056,-3,1432,2478
113766419886,113766419884,-2,937,1599
113766712089,113766712089,0,299,554
113769001138,113769001143,5,3153,1877
113769636953,113769636951,-2,1425,2480
113771121783,113771121777,-6,749,1659
113772709326,113772709322,-4,872,2370
113772907045,113772907042,-3,932,1937
113774431159,113774431158,-1,1294,2557
113775503694,113775503694,0,1509,2435
113775800558,113775800560,2,17702,39220
113781758887,113781758886,-1,1081,1774
113786264372,113786264370,-2,946,1789
113787502025,113787502021,-4,1255,2125
113787935194,113787935193,-1,926,1897
113788081154,113788081154,0,1256,1022
113791872119,113791872118,-1,842,1560
113795276267,113795276265,-2,831,1750
113796817071,113796817055,-16,3136,1053
113800848634,113800848630,-4,1093,2281
113801672447,113801672441,-6,1480,4847
113805660532,113805660536,4,4661,2500
113809830870,113809830865,-5,1747,3807
113812274279,113812274275,-4,1286,2222
113812901401,113812901399,-2,868,2446
113813005110,113813005109,-1,993,2038
113813815199,113813815197,-2,939,2918
113814139612,113814139607,-5,1467,2127
113825232836,113825232834,-2,1144,1880
113825635677,113825635656,-21,965,2364
113827731817,113827731815,-2,1415,1807
113832582255,113832582251,-4,854,2256
113838383587,113838383582,-5,1277,2838
113841221402,113841221397,-5,1481,2083
113842593204,113842593202,-2,1249,1741
113847586891,113847586886,-5,1119,2656
113848137757,113848137754,-3,1073,1945
113848626327,113848626325,-2,898,1617
113851571589,113851571595,6,1634,689
113853171877,113853171869,-8,1145,2333
113854169881,113854169880,-1,1549,2632
113854654766,113854654761,-5,1032,3118
113857203862,113857203882,20,1189,2636
113858341962,113858341958,-4,1153,2296
113859283168,113859283165,-3,1293,2029
113861734737,113861734734,-3,1138,2787
113863041287,113863041285,-2,894,1612
113863663467,113863663464,-3,886,2188
113866594814,113866594811,-3,1907,2568
113867820522,113867820520,-2,763,1436
113868529646,113868529667,21,896,2285
113870810462,113870810461,-1,1418,4022
113871750527,113871750522,-5,1078,2112
113873232206,113873232202,-4,1107,1465
113877234151,113877234150,-1,1661,3020
113880442118,113880442117,-1,1158,2311
113882659937,113882659938,1,1737,1749
113882696941,113882696939,-2,1222,1827
113887138394,113887138389,-5,1382,3538
113890211422,113890211417,-5,951,1712
113899603639,113899603637,-2,821,2163
113900750055,113900750055,0,1093,2142
113904171114,113904171111,-3,1712,3751
113904819819,113904819817,-2,1101,2476
113905280202,113905280201,-1,1162,1573
113911679119,113911679116,-3,800,1758
113916671552,113916671548,-4,1042,2076
113919350929,113919350931,2,1415,1471
113921832148,113921832154,6,1758,1005
113927700099,113927700097,-2,795,1368
113935223110,113935223116,6,2665,2288
113935535826,113935535822,-4,1058,3241
113935870190,113935870185,-5,1172,1406
113935949604,113935949601,-3,1280,2337
113940569946,113940569939,-7,992,5117
113940847022,113940847041,19,268,1232
113943685899,113943685898,-1,1538,2171
113943845115,113943845112,-3,1044,1469
113944243127,113944243124,-3,623,1290
113948319687,113948319685,-2,1393,3141
113951693898,113951693894,-4,814,1737
113951882462,113951882482,20,966,2416
113956754489,113956754486,-3,1167,2152
113962356931,113962356935,4,981,376
113962664442,113962664458,16,980,2761
113962731198,113962731196,-2,1891,2808
113963542574,113963542572,-2,942,1722
113965180959,113965180958,-1,528,1730
113965478181,113965478178,-3,1655,1401
113965743911,113965743910,-1,866,2053
113967246297,113967246294,-3,1297,2388
113974978406,113974978405,-1,1454,2581
113978118021,113978118018,-3,1669,3280
113979633766,113979633763,-3,1157,2226
113980151899,113980151897,-2,1137,2932
113981484126,113981484126,0,1118,1642
113984918701,113984918699,-2,991,1859
113985896523,113985896529,6,1304,1011
113987636971,113987636969,-2,1035,2157
113993299263,113993299260,-3,1085,2136
113998692168,113998692169,1,977,1682
113999470125,113999470123,-2,49596,24229
113999851674,113999851672,-2,715,1462
114005184157,114005184154,-3,1136,1707
114006541392,114006541390,-2,759,1455
114015523545,114015523539,-6,1236,2429
114018279250,114018279248,-2,1024,2632
114019325002,114019325001,-1,1013,1736
114022756722,114022756719,-3,814,2175
114023183318,114023183336,18,976,4148
114025993639,114025993638,-1,1415,2397
114033268733,114033268730,-3,1216,2612
114033615702,114033615700,-2,1180,2308
114033910444,114033910441,-3,758,1644
114034207700,114034207698,-2,380,1461
114036549763,114036549762,-1,1441,1615
114036967814,114036967812,-2,716,2056
114037662730,114037662726,-4,904,2193
114043893365,114043893368,3,1198,1577
114044627522,114044627519,-3,815,1529
114047537838,114047537839,1,1360,1690
114048089339,114048089335,-4,864,1998
114048979839,114048979835,-4,913,1929
114051690307,114051690304,-3,1422,1530
114052187801,114052187798,-3,720,2186
114053066119,114053066116,-3,1676,2767
114053651082,114053651082,0,1319,1811
114055872315,114055872313,-2,1140,2324
114056745610,114056745608,-2,1486,1959
114057197027,114057197023,-4,1245,2959
114060377405,114060377406,1,2716,3235
114063978670,114063978669,-1,1178,1997
114070574636,114070574632,-4,842,2206
114070902521,114070902518,-3,1193,2300
114078631840,114078631838,-2,940,1926
114078812242,114078812239,-3,1485,2882
114081692074,114081692070,-4,1018,2279
114083096669,114083096668,-1,1681,3249
114084041150,114084041149,-1,910,2530
114089695323,114089695322,-1,753,1489
114103443027,114103443024,-3,924,2430
114107571622,114107571620,-2,1518,2286
114109785814,114109785810,-4,717,2416
114110127356,114110127340,-16,1425,2280
114112590188,114112590186,-2,1513,2766
114114693921,114114693919,-2,1350,2465
114129510027,114129510025,-2,1113,1907
114132135680,114132135679,-1,2052,2679
114134376318,114134376313,-5,1229,2571
114139289942,114139289938,-4,1243,2580
114139651238,114139651235,-3,1376,3342
114142842925,114142842923,-2,1061,2003
114143640159,114143640155,-4,1005,2277
114150355673,114150355691,18,1072,2161
114151039139,114151039138,-1,1153,1894
114153704431,114153704426,-5,1533,2801
114154139594,114154139594,0,1109,1689
114159100132,114159100129,-3,1180,1478
114162578035,114162578034,-1,1327,2151
114162805113,114162805113,0,1301,2488
114165696803,114165696797,-6,1087,2371
114166493139,114166493135,-4,879,2161
114169278775,114169278773,-2,1328,2785
114171292574,114171292569,-5,1488,2546
114172484070,114172484067,-3,1060,1961
114175704586,114175704582,-4,1213,2151
114180926727,114180926725,-2,1038,1921
114187856355,114187856353,-2,1620,3486
114191972842,114191972845,3,2187,3119
114198255163,114198255159,-4,20025,8034
114199109172,114199109170,-2,1422,2268
114200479795,114200479793,-2,1659,2224
114210807686,114210807684,-2,672,1868
114211623055,114211623052,-3,1042,2031
114212969418,114212969415,-3,1414,2322
114216262758,114216262755,-3,898,2340
114218316134,114218316133,-1,752,1394
114221521456,114221521459,3,1851,1096
114228128662,114228128659,-3,1239,3117
114230761426,114230761421,-5,1450,2425
114235344759,114235344758,-1,1180,1758
114236579934,114236579952,18,790,1749
114240489397,114240489393,-4,1115,2208
114242756446,114242756442,-4,1142,2028
114242952212,114242952198,-14,405,1136
114243550814,114243550830,16,803,1699
114244327902,114244327900,-2,1412,2625
114245156261,114245156251,-10,624,1561
114254883914,114254883919,5,2645,1450
114264007074,114264007071,-3,780,2427
114268049597,114268049592,-5,1088,1712
114268512457,114268512454,-3,1170,2192
114271125811,114271125808,-3,767,1670
114276128098,114276128096,-2,1978,1643
114280143763,114280143760,-3,919,1763
114281417651,114281417647,-4,1308,2134
114282071745,114282071742,-3,784,1955
114284191262,114284191258,-4,684,1420
114285642227,114285642225,-2,1073,2237
114289990321,114289990318,-3,1508,2649
114292872190,114292872187,-3,1021,2101
114299306462,114299306459,-3,669,1641
114299477383,114299477381,-2,1407,1919
114300103910,114300103909,-1,1361,1820
114303985122,114303985118,-4,999,1819
114309910299,114309910294,-5,1211,3525
114310833139,114310833134,-5,1448,2316
114311452250,114311452247,-3,1356,2654
114315300845,114315300843,-2,1385,2845
114316128839,114316128842,3,2513,1490
114319700119,114319700117,-2,1161,1963
114322621918,114322621917,-1,850,1194
114323863669,114323863669,0,1534,1381
114323990175,114323990154,-21,815,1660
114326531749,114326531747,-2,895,1636
114329274230,114329274231,1,1135,1124
114331640009,114331640014,5,1848,1408
114335114686,114335114682,-4,1236,2151
114336360406,114336360405,-1,928,1933
114339287286,114339287284,-2,1083,1860
114342554369,114342554374,5,2288,2153
114342639124,114342639122,-2,1582,2955
114343110799,114343110795,-4,1183,1945
114343564182,114343564178,-4,1287,3236
114345359111,114345359109,-2,1119,2038
114345966099,114345966098,-1,1029,2398
114347908847,114347908845,-2,921,2342
114349691182,114349691180,-2,1157,1899
114350955430,114350955428,-2,966,2588
114352426172,114352426154,-18,605,2178
114352471749,114352471749,0,50044,72094
114353001749,114353001748,-1,1378,2768
114353616610,114353616609,-1,1072,2050
114356419362,114356419359,-3,1480,2146
114360055715,114360055712,-3,1392,2005
114372263386,114372263385,-1,1104,1643
114373943150,114373943146,-4,834,2245
114377300038,114377300040,2,1948,1360
114378163831,114378163809,-22,844,2054
114381407565,114381407561,-4,976,3363
114389944811,114389944809,-2,1094,2572
114392906284,114392906279,-5,1303,2971
114394278672,114394278668,-4,1239,2497
114395108805,114395108821,16,2005,4838
114395505211,114395505209,-2,1381,2923
114396110894,114396110910,16,71,841
114399062623,114399062621,-2,910,2318
114406682959,114406682957,-2,909,2183
114407146583,114407146579,-4,1423,2584
114417655254,114417655249,-5,751,1595
114417946319,114417946318,-1,599,2140
114423660512,114423660509,-3,988,2217
114427520126,114427520125,-1,1389,1870
114430402894,114430402894,0,1013,1804
114435902986,114435902971,-15,763,1754
114437219348,114437219346,-2,1107,2468
114438102034,114438102031,-3,688,1790
114438435827,114438435825,-2,1467,2298
114438470555,114438470553,-2,612,1802
114441238382,114441238378,-4,1264,2494
114442762012,114442762011,-1,1138,1537
114443811207,114443811206,-1,1501,1823
114448981393,114448981382,-11,1606,3204
114449729882,114449729882,0,1127,1680
114452908515,114452908513,-2,688,1744
114455578191,114455578190,-1,1065,1887
114459547147,114459547145,-2,1163,2813
114462622996,114462622993,-3,1422,2687
114464709201,114464709201,0,1799,2221
114471300423,114471300420,-3,990,1970
114476119909,114476119906,-3,1210,1692
114477066342,114477066344,2,1273,24819
114481608321,114481608318,-3,1606,2209
114483137047,114483137035,-12,296,833
114484815004,114484815025,21,556,1403
114488842993,114488842989,-4,907,2412
114489107334,114489107337,3,2884,2336
114492571072,114492571064,-8,1091,1516
114494380899,114494380894,-5,867,3529
114495026156,114495026154,-2,1331,2202
114498159514,114498159512,-2,923,1466
114498315607,114498315606,-1,1239,1916
114498811690,114498811687,-3,1150,2564
114500494714,114500494711,-3,1027,2205
114501718556,114501718553,-3,1207,2191
114502806507,114502806509,2,982,1377
114503426390,114503426388,-2,916,2048
114504800377,114504800374,-3,1290,1764
114504948256,114504948257,1,1711,2040
114511827080,114511827075,-5,1411,1781
114513033515,114513033513,-2,1218,2217
114517729157,114517729159,2,1015,2032
114518285890,114518285888,-2,1129,2179
114520235375,114520235370,-5,1104,1953
114524597921,114524597917,-4,1069,2513
114525361426,114525361424,-2,857,2231
114525671074,114525671071,-3,1000,2692
114527129558,114527129551,-7,2040,9046
114529945366,114529945365,-1,1610,2256
114532411787,114532411785,-2,1044,2624
114534178853,114534178849,-4,1325,2384
114539339767,114539339764,-3,1526,2547
114542573364,114542573361,-3,1321,2033
114546997116,114546997113,-3,1514,3167
114548488587,114548488585,-2,1770,2529
114550141338,114550141334,-4,1177,2473
114552453554,114552453550,-4,1214,1884
114555790250,114555790246,-4,1036,3728
114561276945,114561276943,-2,1096,2672
114562101887,114562101882,-5,1114,2364
114563099200,114563099197,-3,1337,1822
114563617335,114563617330,-5,1083,2065
114564753922,114564753915,-7,914,3915
114568002361,114568002357,-4,1487,4039
114572004752,114572004750,-2,1449,1902
114577360743,114577360740,-3,868,1957
114578872750,114578872749,-1,1307,2642
114581676597,114581676597,0,1109,1148
114581779253,114581779261,8,3041,1106
114585162949,114585162967,18,328,812
114585461629,114585461625,-4,1608,2676
114589782209,114589782207,-2,748,1370
114593043269,114593043266,-3,1007,1392
114593800594,114593800591,-3,1491,3516
114595441126,114595441122,-4,1124,1902
114599770478,114599770474,-4,2503,5013
114600545504,114600545503,-1,1165,2005
114603931630,114603931626,-4,785,2635
114607215093,114607215092,-1,786,1632
114608740831,114608740830,-1,807,1710
114609081005,114609080995,-10,1211,2271
114611422606,114611422605,-1,1731,1858
114612592539,114612592535,-4,1099,2281
114617240658,114617240655,-3,763,1908
114618624083,114618624081,-2,1569,2984
114620126027,114620126024,-3,853,1699
114621802068,114621802070,2,1745,1565
114629378598,114629378597,-1,828,1150
114629878510,114629878508,-2,840,1579
114636401627,114636401628,1,2006,1426
114638191826,114638191827,1,1222,1356
114640863728,114640863725,-3,1146,1937
114641019848,114641019865,17,763,1495
114642059025,114642059022,-3,1171,1642
114642941605,114642941599,-6,875,2280
114644213449,114644213442,-7,2016,6333
114645701703,114645701699,-4,643,1535
114646613986,114646613981,-5,819,1607
114648361522,114648361519,-3,1004,1255
114651326011,114651326011,0,665,1405
114661073782,114661073778,-4,1079,1892
114662910607,114662910590,-17,781,1652
114664084184,114664084198,14,714,1924
114668005406,114668005403,-3,949,2090
114669955583,114669955582,-1,1274,1711
114673121890,114673121890,0,1322,1738
114674014718,114674014714,-4,1398,1988
114681240118,114681240115,-3,1468,2792
114683046155,114683046152,-3,1618,3386
114683642970,114683642967,-3,963,2024
114685160607,114685160602,-5,1264,1900
114692705070,114692705074,4,1826,1132
114708175436,114708175430,-6,1090,3034
114710232743,114710232739,-4,1029,1730
114714159979,114714159979,0,979,1273
114715525299,114715525286,-13,88,568
114716017091,114716017086,-5,1402,2920
114717025138,114717025136,-2,1237,1625
114721802359,114721802357,-2,1617,2478
114725844809,114725844817,8,14498,14096
114726088413,114726088410,-3,1293,3055
114728248350,114728248349,-1,1202,1366
114729876411,114729876410,-1,840,2054
114732565326,114732565322,-4,840,2714
114736705047,114736705045,-2,1316,2902
114738636379,114738636378,-1,889,1312
114739153842,114739153842,0,1265,1642
114739531526,114739531510,-16,1136,2337
114745137447,114745137425,-22,2991,3619
114747134912,114747134910,-2,1241,2161
114755822649,114755822646,-3,901,2041
114758528526,114758528540,14,1011,1318
114759464958,114759464956,-2,1153,2092
114765442811,114765442813,2,1527,1248
114768980131,114768980136,5,17073,53250
114769129506,114769129502,-4,1140,1696
114772165721,114772165738,17,3028,1281
114772531589,114772531586,-3,1128,1758
114773567673,114773567671,-2,1145,3256
114774112526,114774112526,0,1115,1471
114775062070,114775062066,-4,775,2251
114775129145,114775129141,-4,1032,2169
114780723110,114780723108,-2,1239,2732
114782057655,114782057655,0,1420,1587
114784686422,114784686421,-1,1333,2271
114789128687,114789128685,-2,1056,1826
114789627698,114789627695,-3,1187,1875
114789951000,114789951018,18,704,2523
114790211811,114790211808,-3,1931,2477
114799422717,114799422715,-2,821,1831
114803724078,114803724074,-4,1073,2048
114804856221,114804856218,-3,1108,1799
114805466182,114805466202,20,1055,2094
114815673743,114815673741,-2,977,1979
114816264694,114816264689,-5,946,2591
114817474944,114817474942,-2,1254,2922
114819201679,114819201676,-3,738,2551
114819831624,114819831630,6,3141,1512
114820182447,114820182444,-3,1219,2507
114824288233,114824288230,-3,1055,2058
114824449538,114824449534,-4,596,843
114825461068,114825461067,-1,1112,2154
114827669647,114827669643,-4,1420,2479
114828320982,114828320978,-4,1393,2866
114829503537,114829503551,14,1633,257
114830626674,114830626671,-3,734,2289
114831050763,114831050758,-5,962,2260
114832614836,114832614833,-3,1063,3095
114844107698,114844107697,-1,723,1766
114845310637,114845310633,-4,1198,3461
114856408922,114856408918,-4,1308,2102
114861765735,114861765734,-1,703,1690
114862434510,114862434506,-4,1408,2774
114864801654,114864801659,5,1801,1150
114866357811,114866357809,-2,1050,1667
114867451680,114867451699,19,956,2373
114869420374,114869420371,-3,1017,1703
114870105213,114870105205,-8,938,2076
114870420195,114870420200,5,783,1693
114872047802,114872047798,-4,1089,2902
114872801276,114872801273,-3,1128,2468
114874554408,114874554419,11,18123,25938
114876012139,114876012137,-2,832,2082
114877796206,114877796203,-3,1155,2730
114878719860,114878719859,-1,1177,2293
114878933473,114878933470,-3,1386,2772
114883792678,114883792675,-3,1591,3144
114887289842,114887289839,-3,891,2183
114887856792,114887856811,19,1308,2549
114889217941,114889217949,8,2487,1575
114890363667,114890363665,-2,1078,2978
114895297625,114895297621,-4,973,1984
114895879597,114895879595,-2,1828,2541
114895931750,114895931767,17,504,957
114903508810,114903508810,0,863,1643
114907353139,114907353143,4,2104,1644
114907759250,114907759247,-3,1060,2360
114911444386,114911444382,-4,1322,2311
114914084324,114914084322,-2,1304,2417
114920072921,114920072918,-3,1091,1691
114924502006,114924502005,-1,1184,2105
114925246122,114925246118,-4,1107,2047
114926501906,114926501903,-3,1338,2298
114926570238,114926570236,-2,1223,2077
114927356454,114927356451,-3,1180,2758
114927819055,114927819074,19,1057,1471
114929132998,114929132996,-2,1050,2470
114934656894,114934656889,-5,1281,2279
114940041242,114940041239,-3,923,2359
114941303442,114941303441,-1,1257,2532
114941553638,114941553622,-16,1332,2966
114941734477,114941734497,20,1085,1514
114942086406,114942086427,21,610,986
114945205306,114945205304,-2,1346,1605
114946009859,114946009858,-1,1182,2520
114947281974,114947281973,-1,1231,2316
114948349844,114948349862,18,1686,3473
114950986422,114950986419,-3,1058,1877
114952863878,114952863875,-3,1277,1919
114954770514,114954770519,5,2831,1514
114963950256,114963950263,7,1690,759
114967992735,114967992732,-3,942,2363
114976931256,114976931253,-3,1190,1828
114980424175,114980424181,6,2245,1001
114981393341,114981393338,-3,1296,2260
114982796320,114982796322,2,3717,3485
114982876423,114982876419,-4,1553,3610
114986332410,114986332405,-5,1503,6538
114988933566,114988933574,8,1835,1601
114991411416,114991411413,-3,1027,1994
114993705226,114993705223,-3,1101,2088
114994318590,114994318609,19,1033,2086
114996508956,114996508954,-2,1149,2605
114997071047,114997071043,-4,572,2218
115006167886,115006167886,0,1301,1482
115007583751,115007583748,-3,1263,1923
115007900036,115007900033,-3,797,2232
115013795915,115013795911,-4,1139,1693
115027654883,115027654882,-1,1118,2023
115029435963,115029435962,-1,1694,3415
115031550566,115031550564,-2,1262,2196
115031986236,115031986257,21,891,2516
115036294278,115036294277,-1,1129,2852
115041920049,115041920045,-4,852,2623
115042262838,115042262834,-4,1568,2882
115042707417,115042707419,2,1172,1546
115045306203,115045306199,-4,1281,4049
115045550111,115045550095,-16,1134,2633
115047357521,115047357518,-3,976,1261
115052684836,115052684832,-4,1284,2598
115053486391,115053486390,-1,1333,2248
115054559123,115054559119,-4,1169,3485
115055299105,115055299103,-2,593,1646
115057267892,115057267890,-2,968,1600
115057685682,115057685681,-1,1289,2883
115060500962,115060500953,-9,1252,4184
115066049354,115066049350,-4,916,1579
115069744430,115069744429,-1,1248,2439
115070209255,115070209250,-5,721,2257
115072667780,115072667780,0,1496,2536
115073022195,115073022191,-4,1065,2211
115074627388,115074627390,2,2096,1416
115074694579,115074694575,-4,1807,3128
115077443237,115077443235,-2,1101,2071
115078130570,115078130566,-4,1357,3421
115081596810,115081596809,-1,1427,2804
115083346865,115083346862,-3,1264,2285
115084252822,115084252818,-4,1283,2273
115084768206,115084768201,-5,27789,11487
115084859902,115084859897,-5,1119,3147
115088440962,115088440958,-4,1254,2506
115089019638,115089019635,-3,1728,3411
115090168687,115090168682,-5,1269,2626
115096851614,115096851610,-4,856,2691
115100456921,115100456917,-4,978,2240
115101042246,115101042243,-3,1801,3873
115104728102,115104728101,-1,1275,2007
115110073280,115110073277,-3,1326,3524
115110392456,115110392454,-2,1311,2211
115110816220,115110816237,17,980,1689
115116278300,115116278297,-3,1361,2668
115118568652,115118568649,-3,1093,2674
115121116842,115121116838,-4,1118,2250
115121686757,115121686756,-1,922,2113
115121927309,115121927326,17,382,887
115122775889,115122775887,-2,1740,2858
115123149239,115123149238,-1,1128,2092
115123607266,115123607265,-1,1103,1986
115129480727,115129480734,7,10928,4477
115130610201,115130610206,5,702,185
115131563053,115131563049,-4,1319,2014
115133659639,115133659637,-2,992,2605
115135654439,115135654438,-1,1262,2286
115137654603,115137654601,-2,1180,2098
115137706539,115137706537,-2,953,2077
115146149887,115146149884,-3,1112,1957
115146205734,115146205717,-17,688,2100
115146536433,115146536430,-3,2737,4541
115154829227,115154829226,-1,963,1834
115157242297,115157242295,-2,919,1674
115161131818,115161131817,-1,2446,4124
115162052197,115162052193,-4,1288,1657
115163993499,115163993497,-2,1306,2540
115166021687,115166021687,0,1115,1863
115171800461,115171800458,-3,821,1404
115173781852,115173781850,-2,929,1898
115176104303,115176104302,-1,647,1416
115181987469,115181987466,-3,1022,2650
115182079279,115182079277,-2,1088,1923
115183305284,115183305278,-6,1174,2368
115184647584,115184647601,17,645,1595
115187775697,115187775698,1,1074,1450
115188908430,115188908426,-4,1014,1583
115191035973,115191035970,-3,1385,3194
115193024093,115193024091,-2,1045,2212
115198068833,115198068832,-1,1406,2719
115200521271,115200521267,-4,1110,1806
115202279785,115202279790,5,2993,1163
115202791319,115202791325,6,798,629
115204163314,115204163310,-4,1444,2105
115210864867,115210864866,-1,2174,2736
115213022654,115213022653,-1,1169,2204
115214649750,115214649746,-4,977,1408
115216083497,115216083496,-1,1516,2004
115218914074,115218914071,-3,1183,2474
115225141607,115225141605,-2,1148,1751
115231359299,115231359297,-2,1508,3155
115234449173,115234449170,-3,918,2138
115238209362,115238209358,-4,1044,1637
115243417503,115243417502,-1,843,1417
115247481048,115247481044,-4,1541,2374
115259540574,115259540581,7,1540,1061
115266197992,115266197985,-7,879,4058
115267431127,115267431121,-6,746,3282
115269567560,115269567555,-5,1255,2744
115272105778,115272105774,-4,1263,1648
115274857824,115274857822,-2,1115,2165
115274987252,115274987242,-10,1525,1727
115275049026,115275049022,-4,982,2000
115278596474,115278596478,4,3246,1698
115283226741,115283226739,-2,1408,2208
115285705035,115285705033,-2,966,1674
115285823107,115285823106,-1,793,2188
115291351942,115291351943,1,1319,1628
115297541558,115297541557,-1,1507,2136
115301501424,115301501421,-3,1333,1798
115303248214,115303248218,4,1417,957
115304790149,115304790148,-1,1404,1842
115307407215,115307407212,-3,1098,1876
115309268381,115309268384,3,3298,3109
115310524645,115310524641,-4,1299,2790
115311187451,115311187450,-1,1244,1741
115320270402,115320270398,-4,766,1729
115330400210,115330400209,-1,1032,1907
115332694390,115332694390,0,937,1557
115332950048,115332950045,-3,1012,1597
115336141119,115336141117,-2,1347,2198
115339195739,115339195733,-6,953,1720
115347431125,115347431121,-4,889,2193
115349156186,115349156182,-4,632,2391
115349711709,115349711709,0,810,2468
115353287365,115353287363,-2,1012,2636
115354523856,115354523855,-1,1233,2244
115361721891,115361721887,-4,886,1702
115363911405,115363911402,-3,1405,2434
115367338010,115367338006,-4,1440,2989
115367655603,115367655606,3,1878,1927
115369531098,115369531094,-4,842,2406
115371065026,115371065022,-4,1527,2347
115372137234,115372137231,-3,993,2113
115372968819,115372968816,-3,1109,2378
115380526337,115380526334,-3,1155,2494
115382922495,115382922495,0,1117,1516
115383649499,115383649495,-4,928,2569
115385785882,115385785877,-5,1359,2970
115387590534,115387590531,-3,1010,2216
115390106674,115390106684,10,1094,1573
115390287715,115390287713,-2,1092,2208
115392515455,115392515451,-4,1434,3243
115393752946,115393752943,-3,1038,1542
115394627960,115394627979,19,87,818
115396659104,115396659107,3,1763,2085
115397514478,115397514486,8,7381,2697
115412040794,115412040794,0,1128,2245
115417512216,115417512214,-2,1127,2354
115419884861,115419884858,-3,1611,3534
115422769131,115422769130,-1,1197,2213
115428934845,115428934841,-4,1117,3057
115429003991,115429004008,17,998,2357
115430903093,115430903090,-3,1373,2550
115436972006,115436972003,-3,881,1790
115439195345,115439195343,-2,1214,2174
115439830981,115439831002,21,547,3982
115441041883,115441041882,-1,944,2378
115441947916,115441947923,7,811,1064
115444150863,115444150861,-2,1704,2389
115444605762,115444605758,-4,565,1915
115446722258,115446722255,-3,1280,3031
115452669859,115452669858,-1,1126,1811
115458026602,115458026599,-3,1186,3081
115458492255,115458492250,-5,1066,2547
115460239705,115460239702,-3,1476,1975
115460766062,115460766059,-3,906,1579
115461706561,115461706561,0,1099,1633
115465225987,115465225985,-2,1163,2310
115466104480,115466104478,-2,1189,1651
115470537903,115470537910,7,3794,1597
115471414643,115471414640,-3,1053,2853
115472307473,115472307473,0,928,1372
115477479166,115477479164,-2,1222,2519
115478367334,115478367327,-7,222,763
115479487663,115479487660,-3,998,2227
115484604196,115484604195,-1,1409,2442
115492146441,115492146439,-2,1038,1513
115492758583,115492758582,-1,1089,1569
115493857997,115493858002,5,3006,1557
115497191165,115497191162,-3,3545,4916
115500657277,115500657275,-2,936,2124
115501303862,115501303878,16,904,1808
115508545057,115508545054,-3,666,1298
115509650859,115509650857,-2,1273,2268
115514054575,115514054573,-2,1105,1440
115514439412,115514439432,20,464,923
115517905539,115517905537,-2,1051,1797
115518541419,115518541414,-5,1230,1900
115519021429,115519021425,-4,1302,2146
115519124438,115519124434,-4,1212,2651
115520604798,115520604794,-4,781,3462
115522463930,115522463926,-4,987,1384
115524080886,115524080882,-4,1100,2357
115526150573,115526150570,-3,1524,2955
115535742808,115535742805,-3,923,1985
115535816090,115535816095,5,10270,18768
115539065535,115539065531,-4,956,2183
115539600663,115539600659,-4,1197,2168
115545778879,115545778873,-6,1057,2046
115548295590,115548295590,0,950,1997
115551644323,115551644323,0,1192,2271
115552953631,115552953627,-4,419,1046
115556956309,115556956306,-3,1169,1860
115562273107,115562273106,-1,632,1528
115563559199,115563559196,-3,1282,2686
115563622773,115563622793,20,745,1573
115564317169,115564317166,-3,1418,2037
115566456659,115566456657,-2,1087,1993
115568113348,115568113338,-10,1042,2302
115575648198,115575648201,3,10293,7110
115575742718,115575742715,-3,1463,2424
115576762221,115576762225,4,1767,824
115581183003,115581183002,-1,961,2917
115583597914,115583597911,-3,772,2215
115591087107,115591087104,-3,781,1564
115592293178,115592293175,-3,1105,2829
115593989370,115593989367,-3,1327,1817
115595952086,115595952085,-1,1059,3141
115599631309,115599631307,-2,1100,1934
115600014074,115600014070,-4,823,2264
115600088301,115600088286,-15,1235,2279
115600803263,115600803262,-1,2433,3983
115602195813,115602195810,-3,1062,1959
115602482109,115602482126,17,697,6368
115603116367,115603116372,5,13475,21253
115603920267,115603920265,-2,1346,2725
115604887242,115604887243,1,8673,8312
115605494427,115605494426,-1,1150,2607
115607722545,115607722542,-3,1429,2404
115609516433,115609516431,-2,869,2024
115610493801,115610493794,-7,2203,7402
115616738432,115616738430,-2,1264,2497
115616818423,115616818433,10,399,1441
115617996353,115617996353,0,1200,1803
115618349046,115618349042,-4,940,1815
115619261379,115619261377,-2,989,1941
115622138647,115622138645,-2,1039,1906
115624403933,115624403930,-3,737,1157
115629630279,115629630276,-3,1333,2286
115634452501,115634452502,1,1322,1612
115643511454,115643511454,0,4245,5610
115644627834,115644627830,-4,1009,2222
115646521562,115646521561,-1,1065,1500
115647995373,115647995379,6,4014,1685
115648836245,115648836242,-3,1223,2042
115650098708,115650098705,-3,945,2310
115651508501,115651508503,2,1770,1213
115653525023,115653525022,-1,1048,1119
115664114506,115664114502,-4,1215,1901
115669506705,115669506704,-1,2826,4077
115670131866,115670131863,-3,1364,2083
115670978751,115670978739,-12,809,1125
115675555402,115675555398,-4,1094,2547
115676408190,115676408208,18,1073,2506
115678715742,115678715742,0,1394,1390
115680581348,115680581344,-4,1265,3161
115684122874,115684122871,-3,979,2643
115685067387,115685067383,-4,1044,3057
115688079786,115688079782,-4,1208,2848
115692374027,115692374026,-1,1172,2286
115695295242,115695295239,-3,1404,1340
115696288393,115696288389,-4,1067,1978
115698732263,115698732259,-4,788,2172
115699138287,115699138287,0,1353,2255
115700042562,115700042562,0,1197,1236
115701693755,115701693754,-1,1098,1385
115706253494,115706253491,-3,1367,2798
115710846711,115710846706,-5,1100,2178
115714969754,115714969754,0,956,1720
115718039914,115718039911,-3,1564,2338
115721550273,115721550271,-2,1446,2825
115723783493,115723783492,-1,1013,2022
115724161572,115724161566,-6,792,1862
115727417274,115727417277,3,1208,1831
115734342054,115734342050,-4,804,1784
115740514382,115740514381,-1,1753,2918
115742058712,115742058709,-3,1644,2815
115743187499,115743187496,-3,1239,2882
115745322486,115745322484,-2,1085,3143
115746721331,115746721328,-3,1509,2074
115756311714,115756311710,-4,970,1714
115757909390,115757909391,1,1297,2047
115761605227,115761605226,-1,522,1506
115764988598,115764988596,-2,1196,1968
115765868439,115765868438,-1,1103,1814
115766374958,115766374974,16,834,2067
115767138255,115767138253,-2,1439,1845
115767491555,115767491550,-5,775,980
115768237422,115768237421,-1,1183,2881
115770897468,115770897469,1,959,2048
115774584166,115774584166,0,1121,2028
115775279597,115775279594,-3,763,2095
115784554392,115784554390,-2,1514,3201
115787609159,115787609161,2,1425,1326
115789474709,115789474707,-2,1425,2074
115791831011,115791831008,-3,1055,2448
115792542164,115792542168,4,87330,42087
115793897329,115793897326,-3,832,1273
115795106470,115795106490,20,623,2276
115797625289,115797625290,1,34318,33772
115809666335,115809666329,-6,22874,13696
115812776349,115812776355,6,4841,1546
115813346854,115813346866,12,15464,36582
115813631714,115813631711,-3,836,2789
115816805759,115816805757,-2,986,1395
115816892813,115816892809,-4,1095,2516
115817141860,115817141858,-2,1553,2705
115820239021,115820239022,1,1376,1951
115825597238,115825597236,-2,1103,2176
115830104783,115830104782,-1,986,1622
115837523006,115837523006,0,1169,2068
115838833390,115838833387,-3,1127,2375
115840232525,115840232521,-4,1365,2684
115840720239,115840720238,-1,1091,1720
115845201582,115845201578,-4,1092,2028
115846169445,115846169444,-1,1647,2400
115847042181,115847042179,-2,2703,4142
115850098689,115850098688,-1,1012,1561
115851245354,115851245353,-1,1316,2420
115855660450,115855660452,2,2041,2058
115859198902,115859198901,-1,1079,2004
115861669420,115861669417,-3,1217,2241
115863114053,115863114050,-3,1084,2000
115869080457,115869080462,5,1907,1433
115871707438,115871707437,-1,1154,2058
115872308807,115872308787,-20,1623,1954
115881101788,115881101785,-3,788,2009
115888437154,115888437154,0,2267,1770
115891318128,115891318134,6,2868,2016
115894538621,115894538617,-4,1302,3454
115899568192,115899568189,-3,933,1698
115901939670,115901939666,-4,1125,2142
115903864631,115903864626,-5,983,1965
115905846814,115905846835,21,714,1788
115909504695,115909504694,-1,1247,2260
115911347005,115911347002,-3,1161,1700
115911685814,115911685798,-16,562,2012
115914444206,115914444204,-2,816,2356
115923385598,115923385598,0,1270,2288
115923865239,115923865256,17,703,3250
115926094447,115926094446,-1,887,1588
115931308199,115931308197,-2,1119,1939
115935096591,115935096589,-2,825,1306
115937712479,115937712474,-5,981,1787
115939430542,115939430540,-2,1316,2198
115939469016,115939469033,17,1271,1960
115943230167,115943230166,-1,796,1705
115944867822,115944867815,-7,1226,3785
115948622644,115948622642,-2,1342,2197
115951496767,115951496765,-2,696,2551
115954563042,115954563041,-1,1270,2090
115963742146,115963742145,-1,888,2006
115966066427,115966066422,-5,975,1808
115966692307,115966692304,-3,1132,1963
115967725781,115967725775,-6,1983,4917
115971765047,115971765054,7,11687,26410
115974562544,115974562543,-1,1948,2811
115983762804,115983762799,-5,1119,3459
115991488102,115991488099,-3,1355,1913
115993318270,115993318267,-3,900,1659
115995159032,115995159036,4,2490,1586
115997648982,115997648979,-3,1367,1988
116004370035,116004370033,-2,1030,1956
116007553166,116007553165,-1,1151,2196
116008666827,116008666821,-6,1449,2501
116010789562,116010789561,-1,1822,2486
116010921063,116010921060,-3,1452,2302
116011837321,116011837321,0,1234,1880
116013457725,116013457723,-2,981,1694
116014053161,116014053158,-3,1014,2161
116016707569,116016707566,-3,1345,1498
116019618674,116019618673,-1,1104,1814
116022111766,116022111761,-5,1314,2154
116023687315,116023687311,-4,1275,2396
116032309641,116032309641,0,1211,2275
116038952263,116038952257,-6,953,2895
116040092392,116040092390,-2,1540,2564
116042233957,116042233950,-7,1107,2713
116044926132,116044926128,-4,1424,4428
116048498173,116048498170,-3,1220,2692
116049758842,116049758837,-5,1239,2217
116051733107,116051733102,-5,1313,1654
116055119752,116055119749,-3,1249,1934
116055310449,116055310446,-3,792,2080
116056269454,116056269453,-1,1148,2500
116058890679,116058890676,-3,1298,2008
116060741502,116060741500,-2,1500,2817
116065385927,116065385922,-5,927,4189
116071332503,116071332501,-2,1407,2570
116074074815,116074074811,-4,1056,1606
116076409123,116076409126,3,2329,1668
116080141170,116080141166,-4,1234,2026
116082197912,116082197910,-2,1271,2080
116082376188,116082376186,-2,1000,1810
116086226078,116086226077,-1,963,1855
116086495044,116086495037,-7,1029,1677
116096661650,116096661647,-3,957,1425
116101628120,116101628140,20,1866,1162
116107221171,116107221167,-4,1305,2083
116112159372,116112159370,-2,1247,1590
116117983343,116117983341,-2,1512,2484
116123878467,116123878470,3,1542,1405
116126384310,116126384308,-2,874,1789
116130488127,116130488125,-2,833,2225
116131663164,116131663161,-3,935,1593
116132164546,116132164543,-3,1619,2288
116134539792,116134539789,-3,1524,3211
116141174565,116141174561,-4,887,1758
116143137335,116143137333,-2,1248,2266
116143773181,116143773179,-2,1002,1462
116146754491,116146754489,-2,1013,2051
116147222434,116147222433,-1,1171,2382
116151882138,116151882134,-4,1488,2171
116152561404,116152561402,-2,843,1315
116154336905,116154336918,13,8587,55523
116157017225,116157017222,-3,1052,2449
116160981882,116160981880,-2,998,1865
116163844199,116163844197,-2,1583,2911
116168327808,116168327805,-3,1110,2164
116168693118,116168693114,-4,1142,1986
116170307265,116170307265,0,1386,2727
116172859818,116172859814,-4,1241,2323
116174889787,116174889782,-5,1151,1973
116175814441,116175814459,18,514,1081
116178848873,116178848868,-5,948,2547
116186196757,116186196754,-3,785,1448
116186471343,116186471353,10,164,1120
116188367583,116188367578,-5,525,2064
116197637153,116197637153,0,1264,1394
116199174645,116199174645,0,1243,1595
116199414557,116199414555,-2,1917,2168
116201106335,116201106330,-5,1042,2464
116201280474,116201280470,-4,886,2138
116203504205,116203504205,0,2213,1874
116203736417,116203736415,-2,1080,2923
116204342978,116204342974,-4,1311,2184
116205252386,116205252384,-2,1180,2176
116208762759,116208762739,-20,1099,2038
116212646347,116212646347,0,655,2070
116214650864,116214650875,11,9279,34721
116217556854,116217556854,0,1047,1852
116221606922,116221606919,-3,1387,2316
116221961188,116221961186,-2,798,2276
116224077994,116224077991,-3,1105,2327
116226818804,116226818803,-1,1125,1271
116230686582,116230686578,-4,1561,2926
116237952279,116237952275,-4,1569,2677
116240622724,116240622721,-3,826,2005
116241095718,116241095714,-4,962,2187
116243782710,116243782705,-5,932,2381
116246567039,116246567036,-3,822,1898
116246799034,116246799030,-4,946,1627
116250795829,116250795827,-2,1517,2536
116262110553,116262110551,-2,947,2676
116265416762,116265416758,-4,1072,2587
116271893278,116271893276,-2,1011,1841
116272580649,116272580646,-3,1393,2153
116275414282,116275414279,-3,1479,2061
116275457626,116275457626,0,1030,1825
116278227730,116278227729,-1,1458,1641
116278889629,116278889626,-3,1222,1999
116280295434,116280295435,1,2343,2752
116283938633,116283938630,-3,664,1645
116286703217,116286703214,-3,995,1785
116287369207,116287369202,-5,1221,3421
116291991620,116291991617,-3,1242,1709
116292599085,116292599082,-3,1190,2264
116293041570,116293041569,-1,1037,2191
116295249300,116295249298,-2,1843,3462
116295290221,116295290207,-14,1049,2886
116298094970,116298094967,-3,1372,1992
116298466127,116298466144,17,508,1124
116299714946,116299714942,-4,747,1326
116300510278,116300510277,-1,1479,2690
116301439300,116301439298,-2,932,1945
116304537119,116304537116,-3,2223,4159
116307252717,116307252716,-1,1013,1578
116308470735,116308470731,-4,1164,2517
116309261567,116309261564,-3,871,1049
116311636551,116311636548,-3,1494,2820
116314895786,116314895782,-4,1827,3538
116318607892,116318607899,7,4319,1776
116319367846,116319367845,-1,960,1884
116320919002,116320918999,-3,1667,2221
116322028211,116322028210,-1,627,1662
116323948756,116323948746,-10,968,2387
116328990003,116328989983,-20,1115,2087
116333185694,116333185692,-2,868,2268
116334039642,116334039638,-4,1024,3768
116334356784,116334356782,-2,1344,2393
116337869211,116337869209,-2,829,2021
116343157605,116343157602,-3,1287,2608
116343822856,116343822850,-6,1063,2380
116345389976,116345389973,-3,1237,2475
116345528958,116345528965,7,4957,1801
116354380612,116354380612,0,1159,1650
116355003526,116355003526,0,1209,1594
116359583254,116359583253,-1,1249,1586
116362151157,116362151161,4,2411,1642
116369274724,116369274722,-2,1293,1588
116372733377,116372733371,-6,1184,2335
116373651310,116373651319,9,5951,36968
116378566390,116378566389,-1,1108,1748
116381061752,116381061749,-3,1376,2249
116385210543,116385210542,-1,1128,1873
116389510729,116389510727,-2,1415,2228
116390622875,116390622871,-4,993,1693
116396098512,116396098510,-2,1378,2443
116400473041,116400473037,-4,1201,2192
116400524582,116400524580,-2,1279,2752
116402802554,116402802550,-4,1076,2544
116404024561,116404024558,-3,1474,2820
116404214820,116404214818,-2,1341,2867
116406709437,116406709439,2,2397,1789
116407829502,116407829500,-2,885,2183
116412992207,116412992203,-4,1049,1461
116413187073,116413187065,-8,2506,11961
116416852898,116416852897,-1,1591,2543
116418854881,116418854878,-3,1165,1987
116419123205,116419123203,-2,981,1996
116421799345,116421799342,-3,1233,2594
116435518376,116435518375,-1,1926,1989
116436947682,116436947683,1,1824,1772
116438091692,116438091697,5,2920,2418
116439898995,116439898991,-4,996,1759
116440284693,116440284714,21,562,5880
116445361319,116445361317,-2,893,2229
116446689556,116446689562,6,5122,1785
116446815335,116446815334,-1,1661,2343
116449794590,116449794592,2,1691,1319
116456395766,116456395764,-2,970,2172
116456453924,116456453922,-2,1110,2335
116460923215,116460923211,-4,1100,2305
116464110118,116464110114,-4,873,1561
116465897118,116465897114,-4,998,2343
116470165015,116470165014,-1,999,1628
116471506639,116471506637,-2,883,2105
116472457782,116472457800,18,540,1218
116476453327,116476453325,-2,1342,1665
116477731370,116477731367,-3,822,2430
116484229274,116484229270,-4,1123,2346
116484367993,116484367989,-4,1348,2369
116486401846,116486401843,-3,1264,2863
116488216079,116488216074,-5,1112,5411
116489141276,116489141273,-3,1216,2560
116489618768,116489618761,-7,1516,6450
116490463282,116490463280,-2,1092,1992
116490963647,116490963645,-2,1027,2446
116495152654,116495152655,1,2018,1806
116497405617,116497405615,-2,1213,1859
116497452011,116497452014,3,1462,1471
116502184450,116502184446,-4,742,1581
116509322232,116509322228,-4,1350,2361
116512136846,116512136841,-5,1222,4170
116513782831,116513782829,-2,879,2433
116513823902,116513823899,-3,672,1450
116519431230,116519431228,-2,961,1994
116521144132,116521144138,6,378,1035
116523242655,116523242654,-1,798,1485
116523906214,116523906211,-3,644,2131
116527943994,116527943991,-3,1294,2369
116529621478,116529621474,-4,1278,2389
116531848383,116531848382,-1,2443,3514
116532119951,116532119958,7,2768,1894
116537475139,116537475136,-3,1134,1603
116538827730,116538827726,-4,2171,5256
116539904838,116539904834,-4,1151,2679
116541761691,116541761693,2,705,1748
116542182419,116542182418,-1,755,956
116545784836,116545784835,-1,1203,2615
116545920606,116545920627,21,1167,2498
116548547683,116548547685,2,803,1869
116552084343,116552084342,-1,1131,1854
116552862783,116552862786,3,2514,2256
116558539377,116558539373,-4,822,3778
116559618145,116559618145,0,1561,2070
116569908074,116569908070,-4,1590,3638
116572730530,116572730521,-9,898,2297
116575949414,116575949419,5,3738,2357
116583685623,116583685620,-3,927,1574
116592170098,116592170093,-5,924,1694
116592893113,116592893109,-4,1108,1671
116600083719,116600083718,-1,964,1652
116600596722,116600596721,-1,966,1946
116603584911,116603584906,-5,682,1627
116604011185,116604011182,-3,879,1545
116604812189,116604812190,1,1196,1763
116605557327,116605557326,-1,860,1999
116609512028,116609512025,-3,1294,2436
116611287188,116611287186,-2,903,2148
116611672764,116611672762,-2,1342,2359
116612768287,116612768285,-2,971,2802
116613773167,116613773163,-4,1128,1808
116616086218,116616086218,0,1423,1474
116618173042,116618173038,-4,1223,2287
116618522557,116618522568,11,15887,21276
116629234372,116629234393,21,723,2801
116635387562,116635387560,-2,808,2487
116636538921,116636538914,-7,1157,4286
116644521341,116644521337,-4,1042,2843
116646056302,116646056299,-3,835,1202
116649054508,116649054505,-3,763,1711
116662792238,116662792234,-4,926,2098
116663126342,116663126339,-3,3079,43109
116663424140,116663424134,-6,1018,1599
116664261237,116664261237,0,1405,2931
116670818445,116670818443,-2,1164,1604
116672860694,116672860701,7,3846,1538
116674139376,116674139374,-2,1211,1877
116680930494,116680930489,-5,1810,3477
116683851998,116683851996,-2,1309,2405
116687907899,116687907896,-3,755,1419
116691841534,116691841529,-5,1049,1462
116694449354,116694449350,-4,1294,2222
116694714287,116694714283,-4,1754,4839
116696107311,116696107309,-2,1179,2086
116696626549,116696626537,-12,1222,1914
116698437621,116698437618,-3,835,2505
116700928953,116700928957,4,2044,1331
116704963363,116704963362,-1,1014,1473
116713123731,116713123727,-4,987,2266
116713958615,116713958615,0,915,1638
116726838094,116726838093,-1,992,3020
116729143321,116729143320,-1,840,1843
116738914038,116738914037,-1,1296,2669
116739160717,116739160714,-3,1294,1536
116740114120,116740114099,-21,724,1517
116740827863,116740827861,-2,1121,2270
116746282270,116746282268,-2,1194,1939
116750514863,116750514858,-5,933,1778
116754742565,116754742565,0,1186,1781
116769239378,116769239376,-2,1010,2335
116771646846,116771646844,-2,1628,2681
116776860822,116776860820,-2,1198,2106
116777791987,116777791985,-2,831,2245
116778524078,116778524076,-2,1046,1261
116780436370,116780436359,-11,29755,15445
116787693170,116787693169,-1,1474,947
116790945811,116790945808,-3,1011,1943
116791644790,116791644786,-4,1008,2751
116795821794,116795821793,-1,1750,2669
116796341316,116796341313,-3,1250,2176
116803977458,116803977462,4,1403,1116
116804846155,116804846154,-1,1740,3478
116806340767,116806340760,-7,27665,13955
116813293040,116813293035,-5,999,2488
116813555921,116813555918,-3,1054,2159
116815763901,116815763899,-2,872,2089
116816901180,116816901178,-2,1327,1881
116819526542,116819526539,-3,1319,2432
116821819051,116821819050,-1,1056,3621
116824189477,116824189472,-5,1017,2373
116824857468,116824857461,-7,1031,1935
116825087748,116825087769,21,688,1571
116826186202,116826186202,0,819,1363
116829329439,116829329440,1,987,1788
116832822070,116832822069,-1,670,1647
116833295661,116833295680,19,888,1840
116833542762,116833542760,-2,1096,1779
116834708558,116834708555,-3,1224,1929
116835857193,116835857191,-2,826,2044
116839528877,116839528873,-4,1522,2313
116842274301,116842274300,-1,1173,2898
116843092982,116843092978,-4,1106,2219
116846812770,116846812769,-1,1145,2096
116848667516,116848667513,-3,1084,1401
116853294203,116853294202,-1,1246,1283
116857801523,116857801520,-3,1419,2433
116858170087,116858170080,-7,1041,2437
116863157144,116863157143,-1,771,983
116863726301,116863726321,20,681,1616
116865988325,116865988326,1,1258,1675
116877071315,116877071310,-5,1340,3484
116883277866,116883277865,-1,1162,2543
116883959819,116883959818,-1,1357,1886
116885169176,116885169174,-2,1114,2216
116886042512,116886042522,10,416,1106
116887657457,116887657454,-3,1436,2579
116890126803,116890126798,-5,1276,2851
116891572065,116891572061,-4,1094,1969
116891700983,116891700981,-2,1350,2392
116894387605,116894387602,-3,1195,2630
116897275046,116897275042,-4,824,2336
116899407230,116899407228,-2,1482,2230
116912250306,116912250304,-2,696,1643
116912299116,116912299114,-2,1255,2167
116912355301,116912355318,17,630,1312
116915359499,116915359498,-1,1770,2451
116916960696,116916960687,-9,1480,3539
116920019894,116920019889,-5,981,6037
116921581536,116921581542,6,3409,1622
116924270030,116924270027,-3,816,1972
116928809699,116928809697,-2,941,1475
116929373178,116929373177,-1,1055,1623
116935508647,116935508645,-2,887,1734
116938091708,116938091707,-1,791,2313
116948197286,116948197283,-3,1393,2370
116949101010,116949101007,-3,1219,1777
116957649774,116957649771,-3,1483,2370
116957692717,116957692714,-3,842,2612
116957887460,116957887457,-3,1024,2042
116958430403,116958430402,-1,1029,2186
116959144647,116959144646,-1,1035,1248
116959834188,116959834185,-3,693,1340
116960626081,116960626079,-2,906,2071
116964310525,116964310521,-4,1072,2654
116966925495,116966925491,-4,864,1253
116970630105,116970630101,-4,1087,1993
116971694738,116971694733,-5,1205,2826
116972320792,116972320789,-3,1084,1751
116989139048,116989139045,-3,1010,2477
116991632885,116991632882,-3,925,2105
116995280065,116995280065,0,1057,2115
116998999602,116998999601,-1,1015,2080
116999408980,116999408978,-2,1096,2041
117004518078,117004518082,4,164,915
117010334674,117010334671,-3,974,2494
117010738617,117010738616,-1,631,1268
117013028191,117013028189,-2,1308,2606
117016815694,117016815693,-1,855,2436
117021748762,117021748754,-8,906,2086
117023101066,117023101063,-3,1624,3303
117025460662,117025460669,7,9865,32630
117028201562,117028201560,-2,1113,1944
117031279579,117031279578,-1,912,2739
117031408141,117031408134,-7,1045,2165
117031553285,117031553283,-2,820,1995
117032795181,117032795177,-4,1342,3747
117033995266,117033995260,-6,1406,3292
117035652210,117035652207,-3,1033,1829
117039743811,117039743809,-2,1413,1904
117047380510,117047380507,-3,1097,3054
117049803762,117049803757,-5,1014,2197
117052146644,117052146642,-2,1342,1965
117053302462,117053302460,-2,1177,1768
117053769967,117053769965,-2,1301,3230
117054308602,117054308598,-4,1548,2150
117055238638,117055238633,-5,878,1683
117055414580,117055414602,22,824,1750
117059421958,117059421956,-2,1772,2421
117060330534,117060330533,-1,1088,1698
117068936029,117068936026,-3,1151,2125
117071907445,117071907433,-12,1432,3264
117073002999,117073002994,-5,962,2018
117079271675,117079271674,-1,1239,2599
117083164278,117083164274,-4,1237,1993
117086736158,117086736157,-1,837,1853
117089287870,117089287869,-1,885,1832
117091088858,117091088857,-1,1331,2801
117091459880,117091459876,-4,1029,1915
117093322806,117093322802,-4,611,2064
117101259727,117101259722,-5,987,2413
117101313029,117101313011,-18,1309,5062
117106891315,117106891314,-1,1558,3475
117110232362,117110232358,-4,858,2252
117111140495,117111140494,-1,1024,2131
117114359249,117114359268,19,1225,2316
117117799930,117117799926,-4,949,2143
117119774655,117119774653,-2,1411,2064
117121159353,117121159358,5,5074,1729
117122934173,117122934170,-3,907,2018
117123821027,117123821025,-2,938,2214
117126325913,117126325911,-2,2394,3857
117128307805,117128307807,2,993,1239
117132779778,117132779773,-5,1272,2494
117133667853,117133667850,-3,1232,3015
117134848386,117134848384,-2,926,2713
117136583079,117136583077,-2,1041,2587
117137904711,117137904707,-4,993,1676
117138230345,117138230341,-4,1214,2798
117144248003,117144247999,-4,1126,1894
117147803249,117147803246,-3,1047,2325
117150525727,117150525725,-2,1473,1966
117152676986,117152676985,-1,1068,2017
117153376579,117153376577,-2,1093,2004
117155034426,117155034426,0,1715,3597
117159821002,117159821002,0,548,2409
117160719606,117160719611,5,4224,1543
117163250891,117163250889,-2,1655,2688
117168766905,117168766912,7,4690,2334
117171463478,117171463474,-4,588,2043
117172233025,117172233022,-3,1123,1878
117172802507,117172802507,0,783,1316
117175050937,117175050934,-3,790,1762
117176399307,117176399305,-2,5484,10798
117186955254,117186955249,-5,1171,2223
117193112784,117193112781,-3,1296,2227
117209780670,117209780669,-1,829,2211
117211906954,117211906952,-2,1415,2613
117212055841,117212055838,-3,1252,3045
117213753386,117213753383,-3,1356,2644
117221589220,117221589218,-2,1145,1996
117221751763,117221751759,-4,822,2105
117224375695,117224375693,-2,1177,2956
117229836947,117229836945,-2,1143,3045
117231996892,117231996887,-5,889,2632
117239878081,117239878078,-3,886,2403
117240602118,117240602123,5,2704,1577
117243580023,117243580021,-2,1028,2116
117245223307,117245223302,-5,1484,3355
117247161860,117247161857,-3,1262,2721
117247569071,117247569086,15,1237,1917
117249746001,117249746021,20,1199,2235
117250366669,117250366669,0,712,2210
117252265806,117252265802,-4,1149,2896
117253410489,117253410486,-3,1813,3293
117253515197,117253515196,-1,1020,1857
117253629946,117253629945,-1,1245,2026
117258554391,117258554387,-4,831,2213
117261013583,117261013582,-1,1513,2713
117263707622,117263707619,-3,850,1530
117264284387,117264284382,-5,1250,2997
117265081227,117265081228,1,1707,1701
117278534051,117278534049,-2,1467,2655
117281621231,117281621227,-4,627,1054
117284347191,117284347189,-2,682,1445
117286270391,117286270386,-5,771,1688
117288725102,117288725102,0,949,1164
117289748604,117289748601,-3,1102,1729
117290437669,117290437650,-19,1499,1601
117292679294,117292679283,-11,677,1867
117301690355,117301690354,-1,756,2132
117302577357,117302577355,-2,1226,3387
117306766148,117306766146,-2,1476,2701
117307850786,117307850782,-4,1077,1447
117308870414,117308870412,-2,1178,2273
117309243378,117309243386,8,3743,1130
117309511935,117309511932,-3,1249,1923
117310665542,117310665539,-3,1240,2071
117310881094,117310881099,5,3387,1138
117316303834,117316303827,-7,3471,17394
117321839193,117321839187,-6,1012,2765
117323901844,117323901842,-2,1340,2310
117328479291,117328479291,0,1717,2378
117330116506,117330116503,-3,979,2093
117331020874,117331020874,0,870,1910
117336750343,117336750336,-7,1038,2713
117336933457,117336933453,-4,945,2566
117339223831,117339223829,-2,1449,2670
117341121236,117341121233,-3,1264,2294
117342067355,117342067354,-1,1257,2421
117342671066,117342671063,-3,1037,2485
117345132036,117345132034,-2,1597,2866
117346655967,117346655965,-2,1494,2728
117350851926,117350851925,-1,1108,1978
117356582062,117356582060,-2,1178,1929
117358702521,117358702518,-3,736,2202
117369410230,117369410229,-1,1257,2217
117369579310,117369579330,20,1026,2197
117375215698,117375215693,-5,869,1975
117376082865,117376082863,-2,1555,2626
117376544011,117376544008,-3,974,1820
117378607579,117378607577,-2,1082,1732
117378902028,117378902014,-14,1167,1789
117382049405,117382049405,0,1407,2010
117388401361,117388401360,-1,761,1569
117389245341,117389245321,-20,913,2040
117390075394,117390075391,-3,1369,2638
117391581122,117391581118,-4,942,2065
117395757762,117395757759,-3,1088,2351
117396533777,117396533773,-4,1142,2210
117397756073,117397756078,5,2353,1329
117402870106,117402870102,-4,1099,1784
117402964109,117402964126,17,424,795
117413244067,117413244064,-3,856,3389
117422546574,117422546572,-2,1239,2281
117424339144,117424339138,-6,1330,6713
117433649226,117433649223,-3,1153,2566
117434536502,117434536492,-10,1123,1831
117435712598,117435712594,-4,1110,1688
117440527431,117440527428,-3,1535,3508
117443069470,117443069468,-2,1056,2553
117443949594,117443949599,5,816,917
117445699773,117445699770,-3,807,2064
117446456869,117446456877,8,3939,1653
117447933859,117447933852,-7,2744,4832
117448958442,117448958441,-1,1659,2526
117449983750,117449983747,-3,1269,2447
117454101894,117454101895,1,6937,6085
117455084445,117455084441,-4,1710,3178
117455798675,117455798673,-2,958,1972
117457274005,117457274003,-2,1092,2256
117464271213,117464271210,-3,1023,2028
117473087793,117473087790,-3,1238,2186
117476647601,117476647600,-1,2418,4172
117478084146,117478084143,-3,1332,3024
117478220831,117478220830,-1,1310,1548
117487606038,117487606035,-3,1320,2339
117489324125,117489324124,-1,975,1614
117489547825,117489547822,-3,760,1502
117490103417,117490103414,-3,789,1616
117490829758,117490829757,-1,1305,1994
117494189298,117494189297,-1,1425,3464
117496720271,117496720268,-3,848,1860
117503745675,117503745673,-2,1468,1644
117506024820,117506024817,-3,878,2117
117510640071,117510640069,-2,651,1906
117512150723,117512150721,-2,1212,2272
117516776773,117516776774,1,1508,2079
117517220892,117517220891,-1,1128,2123
117518932425,117518932422,-3,528,1855
117519393522,117519393522,0,1643,2586
117519951383,117519951381,-2,1407,2121
117523458458,117523458454,-4,1287,2964
117531155387,117531155383,-4,964,1997
117535233819,117535233814,-5,913,1677
117539757414,117539757415,1,2078,2476
117541073452,117541073451,-1,1218,1970
117544703983,117544703981,-2,1228,2195
117549938559,117549938555,-4,1018,1747
117550787170,117550787170,0,1163,2640
117550943585,117550943590,5,7447,3509
117551553744,117551553758,14,1168,2213
117553285814,117553285812,-2,1166,1895
117556242609,117556242602,-7,1080,3579
117556776046,117556776043,-3,1247,2667
117557217429,117557217427,-2,687,1908
117559319722,117559319721,-1,961,2420
117559560989,117559560969,-20,999,1425
117559856127,117559856126,-1,1563,2226
117563541260,117563541256,-4,913,1840
117563776103,117563776091,-12,964,2251
117565597305,117565597302,-3,1350,2657
117567390537,117567390541,4,14806,10140
117568565119,117568565117,-2,1190,2151
117569607161,117569607159,-2,1284,3376
117569670589,117569670571,-18,155,638
117570877343,117570877338,-5,983,3682
117570949559,117570949555,-4,1175,1866
117571123246,117571123267,21,1054,2854
117574570655,117574570654,-1,1107,1672
117582533918,117582533915,-3,715,1154
117583173598,117583173594,-4,1536,2528
117583247491,117583247488,-3,905,2690
117590073675,117590073673,-2,1095,1943
117590265895,117590265899,4,2412,1375
117591040643,117591040641,-2,1135,3424
117593102235,117593102231,-4,1421,3685
117595853252,117595853249,-3,1263,1681
117600874511,117600874508,-3,1024,1793
117601919582,117601919581,-1,1235,1620
117606983015,117606983015,0,986,796
117609024278,117609024275,-3,1712,2409
117609491417,117609491416,-1,1395,2184
117609636506,117609636504,-2,1308,2326
117611422431,117611422428,-3,1216,2468
117613036823,117613036821,-2,1538,2922
117613421358,117613421355,-3,744,1962
117615163111,117615163110,-1,1274,2167
117616027035,117616027033,-2,1013,1541
117616144888,117616144885,-3,1374,2819
117617731430,117617731426,-4,1160,2808
117617796666,117617796664,-2,1359,2183
117620277783,117620277780,-3,1266,2200
117635237184,117635237181,-3,1096,2346
117638213710,117638213707,-3,1044,2258
117638638680,117638638690,10,157,1619
117640605470,117640605471,1,1087,1721
117640818659,117640818657,-2,1324,2106
117641061359,117641061356,-3,1263,1843
117641607374,117641607373,-1,1016,1961
117642699831,117642699829,-2,893,2046
117651274112,117651274104,-8,2064,6719
117652404473,117652404466,-7,817,2452
117654232335,117654232330,-5,168,669
117654595021,117654595039,18,430,949
117661459219,117661459230,11,1007,1433
117663574797,117663574793,-4,740,1550
117666871838,117666871835,-3,1389,1015
117669280906,117669280902,-4,1390,2002
117671735819,117671735817,-2,938,1825
117674607663,117674607662,-1,1234,2507
117675403903,117675403902,-1,985,2437
117677380534,117677380532,-2,939,1772
117685182835,117685182833,-2,840,1623
117691014006,117691014002,-4,1063,2693
117697831187,117697831182,-5,1005,2024
117699772423,117699772426,3,2217,1496
117703672147,117703672145,-2,1254,2475
117705522837,117705522833,-4,782,2214
117706816510,117706816510,0,1095,2234
117708845455,117708845453,-2,838,1670
117710383971,117710383968,-3,1401,2286
117711014411,117711014409,-2,1107,2461
117711966125,117711966122,-3,964,2389
117714354678,117714354676,-2,1324,1837
117717571958,117717571958,0,1175,2158
117718777217,117718777216,-1,955,2254
117727366659,117727366658,-1,1105,1863
117727461719,117727461716,-3,1117,2049
117729546688,117729546687,-1,888,2579
117730064056,117730064071,15,1480,2821
117732079354,117732079359,5,773,704
117733301342,117733301341,-1,1017,1933
117733443350,117733443371,21,1331,3218
117743328372,117743328367,-5,851,2350
117750126621,117750126619,-2,824,2421
117752435579,117752435577,-2,1026,2579
117752486353,117752486353,0,778,1992
117758365674,117758365671,-3,770,1557
117759711668,117759711665,-3,1020,2025
117760166062,117760166061,-1,1006,2185
117762989990,117762989989,-1,1023,2205
117764116913,117764116910,-3,1359,2224
117766526833,117766526832,-1,1072,1998
117769151884,117769151880,-4,1270,3625
117771712719,117771712718,-1,1198,1891
117777156810,117777156807,-3,923,1865
117778685661,117778685655,-6,1697,3875
117785816947,117785816946,-1,1091,1230
117785915940,117785915956,16,248,1141
117793051713,117793051711,-2,1789,2228
117795212687,117795212685,-2,1184,1844
117798431670,117798431668,-2,1072,2129
117802439615,117802439612,-3,980,2536
117803000303,117803000310,7,2215,784
117803660330,117803660326,-4,213,833
117806660055,117806660050,-5,651,2256
117806867725,117806867722,-3,644,860
117812117957,117812117958,1,3440,3285
117812414998,117812414997,-1,1465,2904
117816050278,117816050278,0,970,1879
117816589663,117816589662,-1,2873,4729
117818440159,117818440162,3,1233,1005
117819004527,117819004509,-18,647,2104
117819105687,117819105669,-18,1061,1475
117822261698,117822261697,-1,1086,2447
117825527594,117825527590,-4,1447,2278
117828467857,117828467855,-2,1357,2622
117830462607,117830462606,-1,1438,1533
117833121846,117833121843,-3,1177,1843
117834151065,117834151063,-2,1192,2296
117837601903,117837601901,-2,785,1655
117841146795,117841146793,-2,1037,2513
117841616331,117841616331,0,977,2504
117844012979,117844012974,-5,1391,2199
117847798403,117847798400,-3,1114,2144
117849175661,117849175666,5,5158,2228
117849745962,117849745962,0,953,1477
117853580380,117853580378,-2,1214,2037
117857507924,117857507928,4,20641,40432
117859071161,117859071160,-1,1367,2018
117862013253,117862013249,-4,751,2494
117864309218,117864309218,0,1066,2050
117867859485,117867859489,4,1942,1586
117869037148,117869037146,-2,1231,2411
117877883573,117877883576,3,1609,1368
117878092934,117878092931,-3,1021,1456
117884138758,117884138763,5,4410,2725
117884605795,117884605794,-1,1575,2944
117885667083,117885667082,-1,1414,2277
117886532825,117886532819,-6,1021,2187
117890604486,117890604481,-5,1103,2157
117890822053,117890822050,-3,1249,2116
117901801159,117901801157,-2,1172,1539
117902641742,117902641742,0,1013,1958
117903925719,117903925738,19,1454,2172
117905834342,117905834339,-3,1380,2294
117908631304,117908631302,-2,1346,2132
117909698034,117909698033,-1,1111,2045
117909802262,117909802283,21,276,1098
117909998239,117909998253,14,390,831
117912992294,117912992291,-3,755,1896
117913328750,117913328753,3,28835,116519
117914242362,117914242359,-3,1205,2333
117914899095,117914899093,-2,1531,2673
117915046528,117915046533,5,3989,2241
117917359703,117917359700,-3,1424,2757
117918948205,117918948201,-4,1401,2340
117920957828,117920957822,-6,974,3923
117921765570,117921765568,-2,1139,2562
117922652050,117922652046,-4,1271,2987
117922874141,117922874137,-4,921,2429
117925368518,117925368516,-2,1435,2021
117927113489,117927113481,-8,40079,16359
117935393537,117935393538,1,883,999
117935665063,117935665059,-4,1233,2078
117938039209,117938039206,-3,1091,1872
117938148956,117938148949,-7,41,798
117938252970,117938252967,-3,1478,2901
117940793167,117940793165,-2,1628,3618
117941439895,117941439902,7,7161,2015
117953641129,117953641129,0,1077,1851
117953669181,117953669177,-4,1888,3611
117953704917,117953704933,16,1294,4653
117955923127,117955923125,-2,1254,2380
117957649347,117957649342,-5,688,2958
117957934318,117957934314,-4,902,2208
117958503803,117958503799,-4,1180,1803
117962088473,117962088473,0,2052,1400
117964618249,117964618245,-4,1378,3664
117965294354,117965294351,-3,974,1517
117966834931,117966834930,-1,2636,2794
117968797743,117968797743,0,841,1098
117971883378,117971883374,-4,764,2422
117972559005,117972559005,0,1626,1776
117979719395,117979719393,-2,1541,1918
117979753182,117979753179,-3,957,2516
117982385354,117982385354,0,1265,2135
117986254585,117986254585,0,1062,1876
117987743990,117987743989,-1,1579,1905
117987940109,117987940105,-4,787,1777
117988714768,117988714766,-2,1375,3890
117989123640,117989123638,-2,1010,2137
117991445547,117991445544,-3,1327,2154
117991775616,117991775631,15,1346,3039
117992431105,117992431106,1,861,1443
117993979362,117993979361,-1,850,2504
117994504132,117994504130,-2,1629,2733
117998130960,117998130958,-2,1283,2660
118002032122,118002032117,-5,1683,2860
118002445378,118002445374,-4,1012,2151
118003083461,118003083448,-13,1215,2361
118004693785,118004693783,-2,1123,2181
118006167930,118006167928,-2,1341,2186
118008140371,118008140368,-3,1022,3313
118016392351,118016392350,-1,930,1616
118018975975,118018975974,-1,1436,2339
118029270381,118029270381,0,2737,3719
118029494663,118029494660,-3,1341,2868
118033217050,118033217049,-1,1220,1672
118035055811,118035055810,-1,765,2262
118035196358,118035196358,0,1016,2466
118038469687,118038469683,-4,1177,1749
118038757931,118038757929,-2,1469,2239
118039849750,118039849747,-3,1692,2829
118043149160,118043149161,1,999,841
118048552112,118048552116,4,2406,1844
118051469814,118051469810,-4,887,1379
118054553327,118054553326,-1,1219,2230
118055308526,118055308523,-3,1123,2301
118056856967,118056856961,-6,334,2267
118058326701,118058326699,-2,709,1075
118059122858,118059122853,-5,1302,2842
118059307781,118059307777,-4,1215,2397
118064555089,118064555086,-3,1049,3718
118070263679,118070263677,-2,1348,1944
118071652067,118071652065,-2,1807,2631
118075931781,118075931779,-2,759,1317
118077574708,118077574707,-1,1013,2100
118078535639,118078535635,-4,882,2746
118083136211,118083136207,-4,2187,7324
118084943959,118084943955,-4,1137,2786
118086700695,118086700691,-4,1365,1667
118091510757,118091510754,-3,1767,2713
118093203230,118093203225,-5,1213,2095
118095782233,118095782232,-1,1074,1965
118096243882,118096243880,-2,648,2143
118106107074,118106107077,3,1001,1117
118106706223,118106706222,-1,1190,2680
118110895015,118110895013,-2,906,2448
118112102521,118112102520,-1,1334,2060
118113235661,118113235658,-3,1211,2192
118113330928,118113330925,-3,773,1605
118114041393,118114041392,-1,957,2040
118116308214,118116308231,17,382,921
118123505482,118123505481,-1,1194,2079
118130411983,118130411981,-2,1104,1391
118131421646,118131421643,-3,1126,1760
118132295671,118132295669,-2,1256,2662
118136448592,118136448590,-2,625,992
118136561224,118136561217,-7,1149,5461
118137465921,118137465926,5,3375,2005
118141289214,118141289212,-2,1052,2110
118142469639,118142469635,-4,1209,2793
118143375917,118143375915,-2,764,2231
118144297462,118144297460,-2,888,1994
118144664567,118144664555,-12,880,1566
118145808430,118145808426,-4,1010,2392
118153474455,118153474458,3,1327,1683
118155040995,118155040990,-5,974,1619
118159835209,118159835209,0,1622,1483
118159915207,118159915205,-2,1541,2055
118170004785,118170004790,5,5016,2038
118178604929,118178604927,-2,921,2383
118181767651,118181767651,0,1473,1482
118182040730,118182040725,-5,1018,1950
118182574115,118182574124,9,1000,152
118190770100,118190770095,-5,965,2039
118193703127,118193703125,-2,687,1607
118196289676,118196289673,-3,1223,2378
118196754598,118196754594,-4,932,2939
118202878997,118202878993,-4,1090,2832
118207741994,118207741991,-3,1070,1802
118213209293,118213209292,-1,767,1200
118214659350,118214659347,-3,1198,1970
118217515342,118217515339,-3,1723,3237
118220627977,118220627971,-6,875,1992
118222280476,118222280474,-2,1190,2420
118223227935,118223227934,-1,869,2089
118224724474,118224724472,-2,1567,2691
118225829897,118225829894,-3,1235,1500
118228377852,118228377850,-2,1510,1891
118228664726,118228664724,-2,838,2368
118229087215,118229087212,-3,1462,2709
118230070642,118230070639,-3,978,2688
118231139874,118231139870,-4,1058,2105
118232051213,118232051216,3,1954,1688
118234926126,118234926121,-5,784,1306
118237825843,118237825840,-3,1277,2894
118243216945,118243216940,-5,966,2432
118247290317,118247290314,-3,1107,2078
118248218393,118248218390,-3,1390,2222
118249076257,118249076255,-2,1334,2010
118250259749,118250259745,-4,1794,2817
118251393374,118251393369,-5,1173,2423
118252118956,118252118954,-2,1289,2750
118253821919,118253821915,-4,704,910
118261229270,118261229269,-1,712,1465
118262282574,118262282573,-1,1317,2475
118262907171,118262907167,-4,1220,2909
118264162821,118264162818,-3,1002,1932
118279878303,118279878299,-4,1121,2927
118281873107,118281873103,-4,755,2769
118282341617,118282341617,0,592,1379
118283265251,118283265245,-6,1841,5712
118291424676,118291424674,-2,1051,1903
118291595679,118291595674,-5,1283,2992
118292468775,118292468792,17,1351,2413
118293452300,118293452301,1,1858,1668
118295821574,118295821570,-4,1050,1966
118299507077,118299507078,1,886,1070
118300298790,118300298785,-5,1061,2288
118301466879,118301466877,-2,918,2555
118301606535,118301606522,-13,965,2834
118301646263,118301646262,-1,1021,1960
118306070331,118306070329,-2,1153,2131
118310319618,118310319616,-2,1042,1784
118325703974,118325703970,-4,918,2357
118332377107,118332377103,-4,1014,1724
118333461970,118333461968,-2,1174,2428
118335973659,118335973678,19,26881,18434
118336016790,118336016791,1,894,1636
118336103599,118336103578,-21,1033,1993
118336771638,118336771634,-4,1252,2353
118337391410,118337391405,-5,831,2386
118347962765,118347962761,-4,1111,2276
118348643238,118348643222,-16,1063,2310
118350805691,118350805691,0,795,1404
118352122430,118352122426,-4,1574,2814
118352884001,118352884002,1,1295,2121
118355406410,118355406407,-3,1257,1970
118355692032,118355692024,-8,944,1986
118355723966,118355723966,0,1144,1650
118356852633,118356852634,1,1417,1873
118360706406,118360706402,-4,947,1429
118364569127,118364569122,-5,652,2292
118369864419,118369864418,-1,980,1435
118371238998,118371238997,-1,1030,2745
118373010166,118373010179,13,18880,55171
118376773019,118376773017,-2,992,2652
118379220434,118379220430,-4,1194,2546
118382238238,118382238235,-3,1167,2612
118385194348,118385194345,-3,1264,2039
118387001035,118387001034,-1,902,1267
118389955207,118389955202,-5,1139,2413
118399199887,118399199885,-2,1626,2771
118404207422,118404207419,-3,923,1559
118407317126,118407317125,-1,1223,1939
118411483061,118411483062,1,1097,2035
118412666768,118412666766,-2,2206,4169
118414805959,118414805957,-2,1463,3552
118420289262,118420289258,-4,848,1895
118425623722,118425623732,10,14189,7834
118428085498,118428085495,-3,1330,2817
118429178961,118429178957,-4,1551,3186
118431481854,118431481853,-1,1055,1859
118433391796,118433391794,-2,1212,2317
118438205254,118438205269,15,804,1757
118439630973,118439630972,-1,1326,2015
118443280417,118443280419,2,1663,1361
118443412961,118443412958,-3,1105,1842
118446629421,118446629420,-1,1265,2801
118446737207,118446737225,18,1103,2349
118448537518,118448537515,-3,909,1482
118449544880,118449544880,0,1716,2091
118453280657,118453280662,5,2009,1586
118458143488,118458143486,-2,1082,1863
118459118073,118459118071,-2,1034,2195
118467032349,118467032350,1,1884,1668
118468577179,118468577175,-4,1184,2101
118475569100,118475569106,6,8073,33449
118476361811,118476361807,-4,1305,1959
118476397342,118476397339,-3,1512,2882
118477262037,118477262038,1,1330,1633
118480103635,118480103634,-1,1212,1546
118484184719,118484184714,-5,889,2075
118484290245,118484290238,-7,1432,2130
118491725319,118491725315,-4,1257,1638
118493658430,118493658426,-4,687,1942
118495213143,118495213141,-2,1671,1921
118496410369,118496410371,2,2045,1392
118500471979,118500471977,-2,1335,2060
118502511625,118502511622,-3,653,1946
118503627993,118503627992,-1,848,1912
118508175291,118508175289,-2,1033,1817
118510054630,118510054628,-2,1415,2555
118511177913,118511177918,5,2969,1514
118511297273,118511297270,-3,1424,2248
118515051487,118515051485,-2,800,2029
118516907694,118516907691,-3,855,2184
118517398983,118517398981,-2,1213,2400
118520507145,118520507141,-4,1050,2122
118522641979,118522641974,-5,927,1475
118523017365,118523017360,-5,955,2186
118527227438,118527227435,-3,1211,2304
118529012749,118529012745,-4,1504,3037
118532914660,118532914666,6,5043,1220
118536268206,118536268203,-3,996,2372
118541158771,118541158769,-2,1461,3032
118544891447,118544891449,2,1018,1282
118545167663,118545167669,6,241,1174
118546565828,118546565825,-3,1490,2973
118548512190,118548512189,-1,971,1596
118550896699,118550896698,-1,1402,1860
118553195722,118553195719,-3,1267,3014
118557052833,118557052830,-3,1154,2534
118558637322,118558637319,-3,838,2024
118563872439,118563872435,-4,1677,3111
118565330694,118565330687,-7,1148,3523
118566687474,118566687467,-7,608,3094
118566766262,118566766279,17,522,1951
118568840164,118568840158,-6,917,2832
118570446045,118570446043,-2,1322,2448
118570626645,118570626667,22,1172,1879
118570663375,118570663372,-3,1266,3140
118571692216,118571692214,-2,1095,1806
118572022506,118572022505,-1,1302,2830
118575549277,118575549273,-4,442,964
118582148946,118582148945,-1,452,1314
118583450048,118583450045,-3,1371,2781
118584615942,118584615937,-5,2091,7213
118586310482,118586310479,-3,1391,2503
118588816543,118588816539,-4,1328,2818
118589591345,118589591349,4,3097,1742
118591249259,118591249256,-3,1125,2134
118591815458,118591815455,-3,1358,3107
118595315498,118595315493,-5,997,2060
118597695009,118597695007,-2,1053,2546
118598600238,118598600234,-4,798,1867
118601633261,118601633258,-3,1111,2212
118602239265,118602239265,0,1348,2056
118604261198,118604261196,-2,901,1917
118611143172,118611143168,-4,1026,1536
118615971251,118615971247,-4,1089,2191
118619766931,118619766927,-4,705,2230
118619868230,118619868229,-1,1537,2734
118622833967,118622833965,-2,1256,1669
118623163618,118623163615,-3,1350,1688
118627819831,118627819829,-2,1218,1785
118629440866,118629440866,0,1533,1370
118630985397,118630985394,-3,1433,2636
118634303031,118634303029,-2,916,2003
118637650029,118637650024,-5,946,2630
118638816974,118638816972,-2,978,2254
118639745414,118639745434,20,784,1894
118640565866,118640565865,-1,1469,1828
118640783775,118640783773,-2,1219,2191
118645617912,118645617907,-5,909,2218
118645983470,118645983465,-5,1302,1970
118647850624,118647850629,5,3041,2163
118649241587,118649241567,-20,843,715
118650159188,118650159186,-2,1092,2729
118656382685,118656382684,-1,1586,2322
118658104846,118658104843,-3,1017,1702
118659393170,118659393165,-5,1097,2665
118660044789,118660044776,-13,533,2195
118662253509,118662253507,-2,1068,2000
118662562460,118662562482,22,1030,2348
118663170266,118663170262,-4,1137,1789
118663533895,118663533893,-2,1196,1663
118666249503,118666249500,-3,1036,2808
118667738976,118667738974,-2,1389,2044
118672188215,118672188214,-1,954,2258
118673474210,118673474207,-3,984,1875
118677032123,118677032121,-2,896,2185
118677356364,118677356350,-14,51971,10262
118679034395,118679034391,-4,670,1553
118684308865,118684308866,1,1183,2336
118686528654,118686528650,-4,1565,2544
118688513927,118688513922,-5,952,2451
118689887603,118689887602,-1,1037,2289
118690312756,118690312748,-8,1158,1974
118692583389,118692583388,-1,786,1922
118696495238,118696495234,-4,879,2237
118701255059,118701255061,2,5829,28608
118702440713,118702440709,-4,704,1543
118705567878,118705567874,-4,1114,2852
118708726018,118708726016,-2,1233,1803
118709326227,118709326225,-2,1240,2867
118711146359,118711146355,-4,1197,2603
118712210351,118712210337,-14,878,1917
118713780898,118713780895,-3,1404,2418
118714467997,118714467994,-3,1048,2879
118715843491,118715843490,-1,802,1650
118717232854,118717232853,-1,1314,1802
118724832806,118724832805,-1,982,1820
118726702883,118726702877,-6,646,2049
118733757048,118733757046,-2,1115,2900
118739678682,118739678677,-5,873,2868
118739888368,118739888387,19,983,3341
118741500559,118741500550,-9,1317,2469
118743316594,118743316593,-1,971,1765
