fTNear,fTFar,fDelT,fQNear,fQFar
118942156751,118942156747,-4,8,116
3100545,3100549,4,1636,1253
5544670,5544676,6,810,1065
7950115,7950120,5,2326,1998
8592345,8592349,4,2058,1856
10902469,10902448,-21,2088,999
12922302,12922307,5,1985,1139
15362526,15362530,4,10298,30436
16156919,16156923,4,1003,1134
18907855,18907856,1,1114,1858
23423692,23423695,3,2320,2219
24132638,24132641,3,1924,1782
24392031,24392035,4,1986,1367
25093557,25093562,5,2430,1607
28183561,28183566,5,1759,749
28757097,28757117,20,1584,1083
32115869,32115873,4,1561,1070
32148011,32148012,1,1122,1865
32504261,32504266,5,2115,1512
32854072,32854070,-2,1159,1376
39065769,39065774,5,3130,1390
40668599,40668594,-5,1764,5182
42288266,42288270,4,3109,1693
44591138,44591136,-2,1879,3473
49078774,49078779,5,2724,1884
52248902,52248906,4,2232,917
56111281,56111287,6,1906,1356
60661406,60661409,3,841,897
62945791,62945797,6,2335,1137
63026384,63026364,-20,2391,1595
65392730,65392721,-9,917,5115
73810798,73810803,5,1639,1269
74022439,74022446,7,1074,1203
76434906,76434911,5,1733,1377
76537251,76537268,17,1769,1040
77165342,77165344,2,1740,1717
78507287,78507284,-3,1270,2525
79267573,79267564,-9,1549,8477
79723173,79723177,4,2182,1104
79796726,79796731,5,1761,1227
82033351,82033356,5,2054,1355
82186886,82186892,6,2402,1203
83109593,83109572,-21,2136,1569
90071598,90071602,4,3865,2364
91241063,91241066,3,2256,1052
93997976,93997978,2,2726,1552
102725826,102725832,6,2352,1427
108268147,108268152,5,2184,1182
108336858,108336863,5,1704,925
111597422,111597426,4,1915,1175
111673107,111673112,5,2558,1822
113000571,113000578,7,1557,1047
115703502,115703506,4,2712,1586
120156075,120156080,5,1915,1292
121156821,121156821,0,2377,4361
127332715,127332718,3,1617,1447
128302595,128302581,-14,1076,461
130267519,130267523,4,1451,1451
133004086,133004087,1,2004,1805
135645598,135645603,5,1717,1373
135684232,135684213,-19,1367,631
136949882,136949888,6,3797,1893
137260867,137260854,-13,716,382
140850892,140850894,2,1616,1208
142271286,142271290,4,1248,1608
142927593,142927602,9,2298,1835
142969658,142969661,3,2102,1566
144272042,144272047,5,2268,1441
147397735,147397741,6,3001,1647
147726722,147726727,5,1968,1224
149821203,149821206,3,2382,1181
153083864,153083867,3,2576,1581
155952461,155952454,-7,2439,6747
158336806,158336811,5,1765,1192
159073470,159073475,5,1798,962
159962781,159962787,6,2591,1472
160770273,160770279,6,2501,1068
161873576,161873580,4,1005,279
164041258,164041261,3,2045,1701
165062225,165062228,3,2034,1545
165916552,165916557,5,2296,1259
167689479,167689482,3,2173,1511
169709225,169709226,1,2009,1236
172149488,172149494,6,5801,2540
174794461,174794465,4,1869,1058
175002474,175002474,0,1534,2129
184833069,184833073,4,2271,1277
188274071,188274076,5,2147,1239
188972771,188972773,2,1797,1200
189192029,189192013,-16,3080,1410
194293519,194293526,7,1154,1377
195295638,195295643,5,2264,1320
197714118,197714113,-5,1042,2212
198029041,198029046,5,3672,1090
204717866,204717870,4,1591,766
208560384,208560390,6,1677,952
211040300,211040284,-16,1169,1156
212062310,212062311,1,1654,1286
216891591,216891595,4,1710,911
219141178,219141180,2,1609,1497
219662725,219662729,4,2279,2094
221658333,221658339,6,1781,1095
221877975,221877958,-17,2433,1032
221941513,221941518,5,2580,1518
225610837,225610841,4,11517,7417
225989143,225989149,6,1631,1415
226095794,226095799,5,2199,1194
227311278,227311282,4,2334,1253
230339814,230339819,5,2255,1490
236445168,236445181,13,12959,29355
236626930,236626934,4,1785,1358
240909773,240909775,2,1688,1010
241306991,241306994,3,1746,697
244373785,244373787,2,2472,1896
246743401,246743405,4,2544,1574
254924874,254924878,4,2201,1234
256717108,256717110,2,1368,1267
262365766,262365773,7,2211,1736
263539450,263539454,4,2672,1372
264585466,264585472,6,2147,1193
266258916,266258921,5,3567,975
268409789,268409775,-14,570,456
269509874,269509879,5,1299,1126
270036817,270036798,-19,3087,1174
270612997,270613001,4,1075,1005
273687897,273687904,7,2588,1848
276569014,276569013,-1,1795,2237
278728348,278728346,-2,8462,14402
279899435,279899439,4,2041,1204
281571701,281571702,1,28011,29701
282394578,282394582,4,2193,1201
285443882,285443886,4,828,946
287385478,287385482,4,2112,1700
287495942,287495947,5,1744,1307
289666762,289666766,4,1128,988
292697642,292697647,5,2053,1569
300700737,300700742,5,1426,793
303601606,303601609,3,2234,1465
303775434,303775438,4,2230,1718
310397117,310397118,1,1576,1193
310504247,310504232,-15,900,675
311003961,311003973,12,17572,8852
312181145,312181150,5,2308,1201
313576336,313576340,4,3994,2407
319288182,319288187,5,2403,1105
319417275,319417278,3,1886,1374
320574848,320574851,3,2080,1261
322990597,322990601,4,2238,932
323835086,323835066,-20,838,441
331904218,331904222,4,1529,1405
332167789,332167782,-7,1132,2724
333541368,333541373,5,2318,1496
334574220,334574223,3,2555,2105
335636414,335636398,-16,1368,1669
345540294,345540299,5,1510,1072
346752966,346752962,-4,1428,3780
354980996,354980982,-14,2697,1037
358099074,358099078,4,2141,997
361034181,361034185,4,1478,1233
363792622,363792626,4,1759,1338
365449450,365449454,4,1654,882
368424958,368424951,-7,24623,13949
368711643,368711646,3,2365,1784
371031565,371031570,5,2258,1596
373044283,373044287,4,2341,1248
373380479,373380486,7,2176,1204
380697593,380697598,5,2278,1407
382245035,382245029,-6,1242,3793
382742633,382742635,2,1790,940
383315311,383315315,4,2683,1536
384553190,384553201,11,1606,1135
385433452,385433455,3,1866,1044
387265193,387265197,4,1762,1605
390504800,390504807,7,1657,1078
390615438,390615442,4,1773,1313
392364057,392364061,4,2390,1420
394143018,394143020,2,1090,1127
395103494,395103479,-15,987,1022
396060249,396060255,6,5834,1414
397839866,397839867,1,1241,661
397969650,397969632,-18,2308,1198
399176245,399176263,18,2675,2186
400017090,400017093,3,1639,1022
400135345,400135349,4,2032,1353
400323006,400323010,4,1826,1354
400454077,400454082,5,1323,1157
402301365,402301367,2,1955,1238
405823718,405823734,16,407,1519
406728705,406728709,4,2440,1587
410492513,410492519,6,2243,1226
411613451,411613454,3,6089,4702
413325444,413325447,3,1597,1183
416210706,416210711,5,2294,1132
422093370,422093376,6,2033,1427
422359815,422359798,-17,2282,1086
422859278,422859281,3,1892,1662
426760048,426760051,3,1757,1584
427433566,427433570,4,2077,1432
428993715,428993718,3,1074,1182
430584664,430584662,-2,825,2105
432201150,432201155,5,2115,1479
433171134,433171138,4,2660,1528
434648875,434648878,3,2752,1691
434927715,434927719,4,2481,1415
435145299,435145279,-20,1525,1244
435645062,435645064,2,2136,1773
439835077,439835081,4,2174,1650
440131394,440131400,6,2425,1695
440641695,440641699,4,1967,1011
442804754,442804746,-8,1474,4742
443379910,443379914,4,1750,1169
449904673,449904670,-3,1677,2334
452754585,452754587,2,1251,1008
452973202,452973206,4,1720,1314
455184857,455184862,5,1693,1231
458586202,458586202,0,1411,1757
458688032,458688021,-11,1118,967
459531721,459531725,4,2234,1463
466981167,466981171,4,1720,941
468811919,468811924,5,2858,1601
468869998,468869982,-16,1922,1045
472138725,472138727,2,2042,1654
473124174,473124177,3,1567,1193
474502677,474502667,-10,140,958
477690898,477690903,5,1891,1516
477973312,477973313,1,2128,3273
478004558,478004560,2,1440,1373
478428110,478428113,3,1815,1451
489478210,489478209,-1,926,2464
493060462,493060466,4,1242,840
493239103,493239106,3,1468,1113
495123448,495123452,4,2558,1626
496844035,496844038,3,1496,1411
497580345,497580351,6,1627,1086
499206181,499206180,-1,825,1205
500038542,500038520,-22,1282,1146
502851373,502851377,4,2390,1909
503710211,503710215,4,1663,1417
505195589,505195585,-4,43213,66403
505374292,505374298,6,2088,1268
508640185,508640185,0,1010,1710
508690994,508690994,0,938,1554
513216662,513216661,-1,1592,2589
517443623,517443606,-17,1774,771
519237783,519237787,4,2021,1821
525069404,525069406,2,2116,1648
525411179,525411185,6,3782,1564
526419991,526419972,-19,1635,1128
526651951,526651957,6,2107,1119
532751307,532751313,6,1260,1062
538418234,538418240,6,2692,2130
539349826,539349829,3,2813,1589
540035333,540035335,2,2182,1922
548163484,548163490,6,1960,1529
549812928,549812930,2,1436,1347
549974014,549974018,4,1495,1207
551813565,551813570,5,2162,1453
556619501,556619503,2,1321,1239
560326190,560326198,8,7606,2499
562606584,562606587,3,1320,893
569952186,569952192,6,2660,1583
570519737,570519744,7,1607,592
571158326,571158331,5,1824,1315
571777761,571777765,4,2186,1699
572672390,572672394,4,1634,1487
573442178,573442182,4,2330,1680
579456366,579456370,4,3713,2711
583323401,583323405,4,654,411
583871647,583871666,19,13784,45182
589232536,589232541,5,1850,1265
591600066,591600066,0,1384,1601
593365960,593365963,3,1685,1193
600585597,600585602,5,1691,1118
601151625,601151629,4,2104,1252
603132488,603132493,5,1979,1360
605109274,605109278,4,2172,1399
605649918,605649922,4,1798,1337
609531466,609531470,4,1624,1349
609632393,609632397,4,2558,943
611706481,611706486,5,1960,1138
611869557,611869565,8,3769,1156
611971657,611971637,-20,1779,911
614974078,614974084,6,6373,2339
615146350,615146333,-17,1784,1268
616354161,616354165,4,2067,1574
618458374,618458379,5,1465,1194
621976311,621976302,-9,2237,32514
627963973,627963977,4,1751,1768
634254436,634254445,9,1716,843
635011152,635011152,0,1842,1307
636567838,636567839,1,1071,1264
639256541,639256543,2,1678,855
642822397,642822402,5,1860,1615
643160013,643160018,5,1937,1443
644658092,644658098,6,1918,918
647127577,647127578,1,26856,36450
647553631,647553635,4,1797,854
650831952,650831955,3,1988,1506
653167966,653167970,4,1633,922
654631371,654631375,4,2262,1350
656592489,656592497,8,2253,1357
657891145,657891148,3,2825,2152
659470842,659470848,6,2555,1824
660048426,660048430,4,2578,1387
661274718,661274713,-5,21391,17515
664125926,664125930,4,2035,958
664523672,664523678,6,1368,910
673098167,673098174,7,1313,810
674841325,674841330,5,1704,955
676187684,676187687,3,2372,1262
679467314,679467317,3,1995,1406
680650363,680650369,6,2131,1468
685149174,685149179,5,1825,1256
688711800,688711805,5,2287,1180
690570678,690570681,3,2035,1909
692782258,692782262,4,1317,705
693420653,693420647,-6,1297,4370
700752371,700752375,4,1673,828
701864669,701864674,5,2544,943
702720523,702720526,3,714,551
707865529,707865534,5,2006,1410
713289591,713289595,4,1889,1129
717557086,717557090,4,1920,1127
721194064,721194067,3,874,417
721839966,721839969,3,2547,1491
721923299,721923319,20,2973,1715
722041352,722041373,21,1711,1433
724508243,724508245,2,1593,1542
727665921,727665925,4,2707,1680
728589565,728589568,3,1877,1445
729697306,729697313,7,1526,1041
735741857,735741862,5,44432,51262
737019992,737019990,-2,1254,1992
737228095,737228100,5,2152,1421
737714659,737714662,3,2167,1397
738243918,738243923,5,1770,1287
738362568,738362549,-19,1617,1369
739638514,739638525,11,1663,1155
741472815,741472818,3,2080,1276
741518453,741518459,6,1300,949
746348671,746348677,6,2145,1078
746807574,746807577,3,2230,1578
750617372,750617374,2,2112,1613
752308451,752308454,3,1595,1448
753556178,753556178,0,2937,5171
753900965,753900968,3,2438,1683
758255825,758255830,5,1638,1294
759005314,759005316,2,1675,1320
761554253,761554259,6,2009,1468
761623414,761623418,4,2511,1467
761664671,761664674,3,2103,1081
762021737,762021740,3,1565,905
763039949,763039955,6,2132,688
763892920,763892921,1,1658,1583
763967135,763967128,-7,45580,19326
768299830,768299833,3,2217,1452
769811058,769811037,-21,2371,857
771084461,771084463,2,1525,939
772718997,772719002,5,2483,1292
774105697,774105698,1,39131,41843
778522951,778522955,4,1548,1593
779487645,779487650,5,2630,1410
782453726,782453729,3,2869,1894
784369375,784369377,2,3173,1367
784572963,784572967,4,3169,1824
784613183,784613189,6,2209,1413
786127106,786127111,5,1854,940
787200199,787200203,4,2170,1315
787970466,787970472,6,1360,1099
790582844,790582850,6,2237,1542
791578104,791578109,5,2732,1385
795613607,795613609,2,2238,1327
798124981,798124985,4,1957,1309
798939728,798939733,5,1838,1269
805395525,805395528,3,2046,1536
806015233,806015233,0,1950,1100
810785678,810785683,5,2122,1814
816256431,816256435,4,1386,1117
816889329,816889331,2,1711,1377
820105696,820105703,7,1893,1266
824821398,824821403,5,2221,1624
825715464,825715467,3,1925,1358
828789197,828789201,4,2373,1928
831032994,831032997,3,2448,1121
831118892,831118893,1,1772,1240
839438302,839438307,5,2283,1423
839960098,839960102,4,1826,1351
840058401,840058381,-20,2353,1635
840940861,840940866,5,1415,1226
842596039,842596043,4,1838,1361
844355558,844355563,5,2838,1707
845132963,845132967,4,2438,1326
845269151,845269165,14,2467,1148
851713669,851713674,5,2598,1134
853559757,853559760,3,1464,1516
855536156,855536150,-6,728,3262
858816261,858816262,1,1357,1636
862485198,862485203,5,2271,944
865257605,865257608,3,1727,1905
866540116,866540120,4,23000,26683
867280044,867280046,2,2542,1461
867592751,867592753,2,2194,1642
871294272,871294277,5,2340,1507
871360378,871360382,4,2500,1946
872427126,872427131,5,2329,1358
872710207,872710211,4,2538,1036
872861449,872861430,-19,1557,1184
873660538,873660542,4,2639,1427
874645341,874645346,5,2692,1917
876604246,876604251,5,1775,1188
877703170,877703180,10,1600,1173
879852197,879852203,6,3596,1857
882743559,882743563,4,2192,1552
885815025,885815029,4,2381,1492
886429754,886429757,3,2451,1502
898679774,898679779,5,2648,1419
899643494,899643497,3,1472,1718
903889641,903889645,4,2141,1565
905774987,905774993,6,2439,812
911183632,911183637,5,1667,1268
916042134,916042138,4,2335,1474
918248322,918248326,4,2278,1157
922787452,922787456,4,2289,1982
925251647,925251650,3,2263,1226
925711432,925711433,1,1711,1844
925972573,925972580,7,3812,1745
934159999,934160003,4,1287,716
935110248,935110228,-20,1912,786
937930278,937930271,-7,725,3848
941386124,941386127,3,1777,1537
941708498,941708502,4,1814,640
943453913,943453909,-4,954,2720
944720884,944720888,4,2502,2196
948312333,948312338,5,1590,1138
949694344,949694346,2,1621,1334
951040562,951040567,5,2307,1815
951162594,951162598,4,1527,1142
951935713,951935709,-4,1115,330
953227494,953227497,3,1081,1276
955513417,955513421,4,2228,1543
960836667,960836670,3,1973,1194
965053130,965053135,5,1258,1191
966767145,966767150,5,2114,1538
968061930,968061936,6,1724,1525
968903672,968903676,4,2935,1365
972378899,972378893,-6,1326,5986
973510872,973510874,2,2191,1510
974937278,974937282,4,1602,1738
976852781,976852785,4,1590,1431
977125462,977125444,-18,1702,325
977737939,977737942,3,1800,1116
978143606,978143611,5,1618,986
979481286,979481290,4,2262,1798
980112813,980112817,4,1864,1207
981690398,981690402,4,1677,1297
982783070,982783066,-4,1756,4848
988767916,988767921,5,3086,1248
992405475,992405479,4,2067,1367
994168678,994168681,3,1573,1156
999433478,999433483,5,2602,1593
999508986,999508990,4,2128,1502
1004487812,1004487813,1,2266,2168
1007322034,1007322040,6,2435,1300
1007540713,1007540714,1,1527,1131
1010010787,1010010791,4,1667,1155
1012968893,1012968898,5,2272,1605
1013012924,1013012926,2,1621,1438
1013601228,1013601231,3,1936,1504
1013844417,1013844422,5,2423,1374
1015585580,1015585592,12,16938,9970
1017505676,1017505681,5,2587,1522
1017883637,1017883653,16,1423,1542
1021855263,1021855268,5,2143,1369
1022250958,1022250961,3,1550,1186
1023996313,1023996314,1,1489,1607
1025278735,1025278738,3,2068,1518
1025794296,1025794300,4,2334,1401
1026726199,1026726205,6,1948,1321
1026780347,1026780344,-3,978,1553
1027479957,1027479964,7,2244,939
1030959290,1030959297,7,1687,1304
1036218959,1036218958,-1,1613,1417
1037354485,1037354489,4,1433,1037
1038413194,1038413199,5,1913,1379
1040529953,1040529957,4,2206,1561
1043162067,1043162070,3,1745,1147
1047535961,1047535964,3,1478,874
1057973267,1057973270,3,1096,1586
1069971701,1069971706,5,1717,1345
1079867461,1079867466,5,2745,1541
1080804707,1080804712,5,1625,902
1081448982,1081448984,2,2053,1847
1089157324,1089157329,5,2671,1214
1089537940,1089537945,5,1744,1142
1090808361,1090808366,5,1466,1164
1091319702,1091319702,0,1267,1171
1091780731,1091780733,2,4624,16846
1096127419,1096127426,7,2327,1341
1096267700,1096267703,3,2492,1225
1098308947,1098308950,3,2229,1583
1101323349,1101323355,6,2756,1646
1109971207,1109971212,5,1946,1645
1111462222,1111462223,1,1755,1685
1113773820,1113773822,2,1798,958
1115087045,1115087050,5,2575,1271
1118510842,1118510846,4,1356,1123
1118576380,1118576388,8,1645,1499
1119073121,1119073126,5,1725,1104
1119814738,1119814734,-4,20230,16448
1124625194,1124625196,2,1661,1032
1124781455,1124781462,7,2035,1397
1127676761,1127676741,-20,896,615
1128410473,1128410475,2,1527,1220
1130638917,1130638921,4,2168,1396
1131117954,1131117958,4,1911,1367
1132640374,1132640379,5,2462,1102
1136751768,1136751767,-1,1390,1401
1140294637,1140294641,4,3024,1693
1141653793,1141653797,4,2290,1362
1144245977,1144245981,4,2162,1130
1145275335,1145275338,3,1858,1125
1146023318,1146023323,5,2009,1212
1146068717,1146068700,-17,824,277
1147136940,1147136944,4,1956,1356
1151940392,1151940395,3,2035,1211
1156062943,1156062946,3,1913,880
1157695476,1157695479,3,1935,1739
1158149586,1158149590,4,2286,1596
1160399956,1160399959,3,1605,1026
1161240614,1161240618,4,2067,1253
1164574451,1164574448,-3,1152,1339
1165300149,1165300154,5,999,792
1166557772,1166557777,5,1224,949
1172468029,1172468030,1,2419,2110
1175489622,1175489626,4,1876,1237
1176347074,1176347077,3,1693,1454
1176695188,1176695198,10,2440,1173
1177165485,1177165490,5,2295,1258
1177213622,1177213605,-17,2574,1533
1177996821,1177996825,4,1721,1208
1183251131,1183251130,-1,1230,1779
1187677447,1187677448,1,822,1368
1189587147,1189587147,0,469,1403
1192101786,1192101791,5,2037,1322
1192482662,1192482661,-1,2280,3985
1192536719,1192536723,4,1710,1323
1193520092,1193520097,5,2584,1542
1200859642,1200859650,8,2946,1436
1201520183,1201520187,4,1556,922
1201608785,1201608766,-19,1890,1225
1202030709,1202030715,6,1965,1309
1203943816,1203943821,5,2088,1776
1216216442,1216216447,5,2015,1112
1218216494,1218216499,5,1806,1638
1218965423,1218965426,3,1336,710
1219683126,1219683142,16,1656,1634
1222035284,1222035288,4,3507,1720
1224888910,1224888913,3,1480,1043
1225663298,1225663302,4,1820,947
1226993049,1226993071,22,2038,1121
1228663223,1228663229,6,1805,1435
1230198937,1230198941,4,2181,1431
1233535901,1233535905,4,2970,1587
1234637895,1234637900,5,1928,1517
1237462975,1237462980,5,3330,1637
1237898947,1237898953,6,1959,1057
1239524413,1239524409,-4,1518,4115
1242262853,1242262858,5,2019,1277
1242436490,1242436492,2,1959,1447
1242754229,1242754233,4,1353,1385
1242796867,1242796878,11,1106,1046
1243397226,1243397225,-1,1825,2446
1245368589,1245368592,3,2365,1559
1251539490,1251539494,4,2755,1686
1254343222,1254343224,2,2069,1168
1254625989,1254625991,2,1946,1661
1257654542,1257654538,-4,999,1809
1263243435,1263243439,4,3164,1940
1263515943,1263515939,-4,1360,2240
1269811897,1269811901,4,1891,1449
1270296164,1270296168,4,2205,1494
1271183694,1271183709,15,696,104
1274162650,1274162654,4,1710,1210
1275256485,1275256489,4,1995,847
1279678131,1279678135,4,1853,996
1286961113,1286961120,7,2226,1587
1291782015,1291782018,3,1596,1558
1294851407,1294851407,0,1605,1442
1299104974,1299104981,7,2039,1699
1301645266,1301645271,5,2435,1528
1302318615,1302318620,5,1655,1173
1302592280,1302592274,-6,1196,5561
1303855178,1303855183,5,1556,986
1304348722,1304348727,5,2574,1398
1304860504,1304860513,9,2123,1169
1305062351,1305062350,-1,1610,1449
1305447174,1305447154,-20,2153,1337
1308839087,1308839085,-2,1070,2275
1310353376,1310353379,3,1554,1231
1311751310,1311751315,5,2021,1452
1317497728,1317497725,-3,1329,1906
1318056229,1318056227,-2,1015,1270
1318103070,1318103073,3,1859,1481
1319854305,1319854310,5,2104,1597
1320013861,1320013865,4,1882,1395
1320486430,1320486434,4,1689,1721
1327700805,1327700807,2,1475,972
1328173173,1328173176,3,1658,891
1328855935,1328855937,2,1218,854
1332833899,1332833902,3,1546,1528
1334038608,1334038611,3,1785,1476
1334649419,1334649423,4,1932,1076
1337942564,1337942568,4,2007,1552
1339602381,1339602383,2,2072,1365
1342434089,1342434093,4,1643,1378
1342752262,1342752246,-16,936,2068
1343412072,1343412078,6,1607,1291
1344602773,1344602775,2,2009,1482
1349276151,1349276155,4,2269,1930
1350699819,1350699822,3,1488,1350
1350818594,1350818598,4,1699,1369
1352043202,1352043206,4,2009,1154
1354761397,1354761398,1,1406,959
1355917565,1355917569,4,1704,1451
1362325254,1362325253,-1,6914,12615
1363242269,1363242272,3,2208,1332
1366552011,1366552015,4,1022,1161
1379292281,1379292286,5,1789,1585
1380181445,1380181462,17,2652,904
1384406724,1384406728,4,1904,1907
1386019706,1386019706,0,1404,2092
1387533054,1387533057,3,2055,1605
1388162886,1388162890,4,2333,1593
1391676630,1391676634,4,1911,902
1392646203,1392646204,1,1733,1855
1394172277,1394172281,4,1451,1256
1394727896,1394727903,7,2420,1760
1395283406,1395283410,4,2061,1153
1401227890,1401227894,4,2263,1867
1402641191,1402641192,1,1324,1046
1407215814,1407215813,-1,1664,2257
1410065985,1410065989,4,2890,1813
1412826922,1412826926,4,1533,1574
1417954662,1417954666,4,2519,1782
1418522938,1418522942,4,820,405
1422393007,1422393010,3,2354,1135
1424735937,1424735959,22,1321,855
1425050738,1425050717,-21,2169,1325
1427434550,1427434554,4,1173,922
1431950954,1431950952,-2,2182,5393
1433147294,1433147301,7,2746,1208
1442729923,1442729929,6,3726,1372
1444344654,1444344656,2,2069,1240
1444886518,1444886522,4,2284,1513
1445915714,1445915718,4,2267,1733
1448370090,1448370084,-6,1075,3929
1448838557,1448838563,6,1913,1200
1455626823,1455626827,4,2626,1814
1462872673,1462872678,5,2029,1331
1466132185,1466132189,4,1225,1542
1467969807,1467969811,4,2025,1144
1468384866,1468384871,5,2634,1406
1472631291,1472631298,7,2161,1265
1473202425,1473202429,4,2733,1225
1475040870,1475040873,3,2300,1972
1480745641,1480745645,4,2615,1764
1486623274,1486623278,4,1098,957
1487363536,1487363542,6,1651,1103
1488696714,1488696713,-1,1102,1327
1489112685,1489112691,6,1635,1302
1492595754,1492595758,4,2424,1550
1494041929,1494041929,0,1113,1655
1496024499,1496024504,5,3215,1919
1496316936,1496316940,4,1644,1218
1496681381,1496681385,4,1476,1321
1497193585,1497193590,5,1504,1047
1499260408,1499260409,1,35608,17522
1501713636,1501713641,5,2105,1134
1502520782,1502520786,4,1971,1151
1503779263,1503779267,4,1435,863
1504567570,1504567573,3,1691,1058
1505840205,1505840209,4,2738,1659
1507516130,1507516134,4,1727,1220
1509238154,1509238158,4,2307,1532
1509993253,1509993259,6,1252,1314
1513213240,1513213246,6,1748,1035
1515040811,1515040814,3,2543,1628
1518339052,1518339057,5,1889,1507
1518527786,1518527766,-20,2134,909
1519785334,1519785335,1,1264,1310
1522357725,1522357733,8,1325,1001
1525631048,1525631047,-1,1856,1219
1528666225,1528666231,6,1599,1379
1531450050,1531450054,4,2017,1435
1534350798,1534350805,7,1137,1082
1536265738,1536265742,4,1751,1103
1540713678,1540713682,4,2224,1242
1540949871,1540949874,3,2326,1457
1543151731,1543151731,0,1913,2027
1544700506,1544700512,6,2405,1959
1546572217,1546572221,4,2083,1477
1555104036,1555104039,3,1737,1144
1555445577,1555445578,1,1354,1295
1558294224,1558294230,6,1927,1502
1559225122,1559225127,5,1726,888
1566773881,1566773882,1,1718,1164
1567045445,1567045447,2,1951,1296
1567153309,1567153325,16,844,313
1569295641,1569295661,20,2003,1275
1569985143,1569985148,5,1548,1036
1572481480,1572481484,4,2322,1634
1577512488,1577512494,6,1678,845
1578385238,1578385243,5,1742,1398
1579254983,1579254985,2,1484,1028
1584852884,1584852888,4,1828,1227
1585161729,1585161723,-6,1544,4797
1587945470,1587945471,1,2319,1463
1591273650,1591273655,5,1919,1781
1591321025,1591321027,2,1438,831
1596133668,1596133678,10,17529,14076
1597151122,1597151126,4,1382,1279
1606276950,1606276956,6,1947,1340
1607609923,1607609927,4,1658,932
1615624014,1615624016,2,2194,2568
1617990711,1617990715,4,2255,1409
1630142829,1630142833,4,2149,1511
1634496633,1634496627,-6,1507,1431
1636415049,1636415059,10,1904,988
1636734674,1636734664,-10,988,341
1636935006,1636935007,1,1830,878
1638217570,1638217575,5,2123,1126
1638814918,1638814923,5,2013,910
1641071932,1641071937,5,1378,987
1655722295,1655722300,5,1563,1316
1657627985,1657627979,-6,809,2950
1660076430,1660076435,5,1401,1316
1660635877,1660635892,15,1617,1183
1664937131,1664937135,4,1950,1451
1667809926,1667809931,5,1165,898
1668143898,1668143902,4,1510,1096
1671006989,1671006993,4,3625,1656
1671470845,1671470847,2,1925,1837
1671812711,1671812696,-15,1483,1657
1674077978,1674077982,4,1992,1208
1676427714,1676427709,-5,885,2503
1680762849,1680762860,11,1947,1395
1682842449,1682842451,2,2302,1501
1686167888,1686167893,5,2253,1775
1687853456,1687853459,3,2517,1494
1688123450,1688123430,-20,2077,1637
1688278745,1688278750,5,1831,1527
1689194945,1689194948,3,1419,1240
1689686101,1689686104,3,2227,1848
1690040416,1690040421,5,1949,1189
1691072774,1691072777,3,2402,1669
1695714577,1695714582,5,1657,1443
1697309194,1697309198,4,2280,1483
1703917677,1703917682,5,2165,1674
1705133037,1705133031,-6,33369,13462
1710953684,1710953685,1,1331,1624
1713852974,1713852979,5,2478,1437
1714581906,1714581911,5,1314,1200
1719810226,1719810232,6,2013,1331
1722851201,1722851204,3,2677,1233
1724440901,1724440898,-3,1719,3061
1724894455,1724894462,7,1876,931
1725793835,1725793815,-20,838,305
1729826727,1729826733,6,1552,1381
1731570053,1731570058,5,2030,1477
1733448164,1733448172,8,2444,1548
1733806731,1733806711,-20,1110,668
1734058179,1734058183,4,2043,1431
1734458639,1734458643,4,2145,1398
1736948406,1736948410,4,1833,1339
1737582558,1737582563,5,2482,1308
1740128981,1740128984,3,1845,1767
1742848702,1742848706,4,1895,1364
1748936413,1748936418,5,2134,1359
1752231721,1752231728,7,1887,1678
1753932801,1753932807,6,1826,1302
1757650586,1757650591,5,2022,1082
1758557598,1758557601,3,2040,1320
1758680774,1758680778,4,2056,1347
1759057566,1759057548,-18,2389,1815
1759094507,1759094511,4,2284,1410
1760599074,1760599073,-1,1574,2536
1761963462,1761963466,4,1584,1411
1763235446,1763235449,3,2136,1471
1767641922,1767641926,4,2959,1975
1769441730,1769441731,1,1046,1100
1773234376,1773234380,4,1851,1290
1775421381,1775421383,2,1261,699
1781574673,1781574677,4,1395,1290
1787217566,1787217570,4,2180,1683
1789308915,1789308909,-6,1261,2200
1791427382,1791427386,4,2273,1568
1795035806,1795035812,6,2286,1045
1805394805,1805394808,3,1690,1110
1805534530,1805534511,-19,2146,1463
1806016202,1806016205,3,1511,1078
1807870886,1807870881,-5,1630,6717
1810576627,1810576630,3,1594,988
1812502134,1812502139,5,2693,1425
1812777243,1812777246,3,1913,976
1814295377,1814295383,6,2052,1261
1817067790,1817067793,3,2155,1599
1818022448,1818022452,4,2361,2295
1819891926,1819891930,4,1666,1531
1823252196,1823252200,4,1865,1596
1823741848,1823741852,4,2429,2063
1825339561,1825339565,4,1450,1207
1832300330,1832300334,4,1585,1810
1834163710,1834163713,3,1737,1179
1837621624,1837621629,5,1825,1294
1839009357,1839009362,5,1761,1156
1840096755,1840096776,21,3268,806
1843462362,1843462365,3,1878,1332
1844816955,1844816959,4,1689,723
1847737546,1847737545,-1,1508,1620
1853871664,1853871682,18,1473,996
1856256710,1856256694,-16,856,435
1858464478,1858464483,5,2970,1722
1859507102,1859507107,5,975,1052
1859569206,1859569189,-17,1108,504
1860348150,1860348154,4,1087,914
1866058893,1866058897,4,2803,1423
1866528487,1866528491,4,1941,1349
1866993140,1866993144,4,3139,1864
1867681233,1867681234,1,1685,1316
1870097419,1870097422,3,2943,1526
1876560581,1876560563,-18,690,344
1878655666,1878655667,1,728,761
1880536897,1880536902,5,2094,1800
1880984901,1880984908,7,1963,1048
1882031727,1882031725,-2,1609,1828
1884614569,1884614573,4,2560,1424
1887150283,1887150287,4,949,1204
1892459938,1892459943,5,1926,1090
1896321958,1896321962,4,1799,1156
1896415119,1896415102,-17,457,678
1899993019,1899993023,4,1138,979
1906560090,1906560094,4,1596,999
1906707822,1906707824,2,1538,1122
1907223034,1907223040,6,5310,2805
1907977098,1907977101,3,781,548
1908929945,1908929951,6,3070,2021
1918384115,1918384121,6,2561,1502
1921421214,1921421218,4,1571,902
1924123532,1924123535,3,1925,1291
1924769670,1924769670,0,2131,2425
1925591901,1925591898,-3,1981,5164
1928980389,1928980393,4,2805,1905
1933451993,1933451997,4,1247,1304
1935211829,1935211833,4,2574,1865
1942759880,1942759877,-3,1371,2728
1942935006,1942935010,4,3066,1753
1944225600,1944225603,3,1700,1484
1951758739,1951758739,0,1225,1476
1952217160,1952217163,3,1764,1083
1953401756,1953401760,4,1817,999
1960976793,1960976799,6,2629,1472
1961751354,1961751349,-5,1414,5510
1965433046,1965433046,0,1365,1808
1967228738,1967228739,1,1211,1230
1967923858,1967923862,4,2334,1374
1968582464,1968582466,2,2185,1307
1969780373,1969780375,2,1206,1318
1975867288,1975867290,2,1217,1388
1976913106,1976913086,-20,1365,552
1978082020,1978082027,7,2596,1504
1984968010,1984968018,8,1530,920
1985302062,1985302067,5,2263,1450
1987172383,1987172389,6,2278,1351
1994556479,1994556482,3,2267,1280
2000225666,2000225672,6,2257,1417
2001797024,2001797029,5,1954,1499
2007313065,2007313069,4,2578,1292
2011727486,2011727491,5,2883,1149
2011806630,2011806635,5,2642,1080
2015218773,2015218792,19,1416,966
2018176707,2018176712,5,1800,1212
2018695573,2018695567,-6,2058,6335
2018779310,2018779310,0,1498,2702
2022488483,2022488487,4,2380,1831
2023610258,2023610236,-22,1316,1239
2027104057,2027104061,4,1470,797
2028098000,2028098006,6,2352,773
2029372934,2029372937,3,1535,1042
2030727486,2030727493,7,3287,1553
2034281448,2034281451,3,1928,1570
2037331106,2037331110,4,2623,1414
2039543885,2039543889,4,2174,1159
2041310435,2041310438,3,1075,1085
2042350941,2042350946,5,2924,937
2043186054,2043186058,4,2665,1544
2048130978,2048130982,4,1947,1728
2051215169,2051215174,5,1915,774
2064551982,2064551986,4,1681,936
2067306981,2067306986,5,1927,1396
2078209995,2078209998,3,2245,1709
2078251549,2078251554,5,1661,1125
2079182574,2079182581,7,2324,1060
2079811414,2079811411,-3,1360,2585
2080047925,2080047927,2,1791,1213
2080149585,2080149566,-19,2365,1547
2082939638,2082939642,4,2185,1268
2083112377,2083112382,5,1525,1241
2083944577,2083944582,5,1659,1508
2085919341,2085919345,4,2188,1457
2089641395,2089641397,2,1662,1602
2091266227,2091266231,4,2610,1589
2092494531,2092494536,5,2769,1786
2099084963,2099084958,-5,2152,7480
2100547290,2100547293,3,2004,1381
2100998469,2100998473,4,2446,1504
2101518898,2101518902,4,2057,1319
2108624361,2108624364,3,2171,1231
2108851690,2108851669,-21,1856,1164
2109314980,2109314983,3,2111,1171
2111876220,2111876223,3,2181,1711
2114565800,2114565806,6,2501,1398
2116425103,2116425107,4,2066,1111
2117468635,2117468635,0,1333,1137
2118384982,2118384981,-1,3031,4949
2118542637,2118542641,4,2330,1100
2119150410,2119150414,4,2641,1519
2121134009,2121134012,3,2464,1770
2122129646,2122129649,3,1613,953
2123527233,2123527216,-17,722,258
2124401018,2124401022,4,2040,1474
2126354801,2126354806,5,1938,1359
2129581249,2129581251,2,1487,978
2130434126,2130434131,5,1789,1292
2131639081,2131639086,5,1721,1615
2136731629,2136731632,3,1558,1592
2141971891,2141971897,6,1969,1173
2144865816,2144865823,7,1417,1327
2145217262,2145217264,2,2576,1932
2147490349,2147490354,5,2081,1431
2148169858,2148169863,5,1575,1163
2149587594,2149587599,5,1282,1203
2152089467,2152089471,4,3124,2111
2154417306,2154417310,4,1973,1090
2156215520,2156215523,3,2027,1522
2157014002,2157014004,2,1729,1231
2161343246,2161343247,1,1390,2144
2166809202,2166809205,3,2588,1646
2168852386,2168852390,4,1650,1290
2169579834,2169579838,4,2067,1292
2171865553,2171865554,1,1509,1210
2180144812,2180144818,6,2050,868
2181984211,2181984217,6,1921,1754
2185673177,2185673182,5,1963,1055
2186985814,2186985818,4,2415,1288
2191767090,2191767086,-4,834,282
2193523663,2193523666,3,2363,1314
2203691443,2203691449,6,2133,1208
2203820630,2203820634,4,1970,1181
2206919482,2206919487,5,2125,1434
2208588364,2208588367,3,2403,2157
2209049494,2209049500,6,2505,1465
2209093438,2209093443,5,1988,1062
2214383496,2214383496,0,1488,1891
2216575811,2216575813,2,1752,1514
2217278751,2217278755,4,1838,1067
2217588598,2217588603,5,1221,961
2218188538,2218188544,6,3651,1613
2219489730,2219489734,4,1498,1482
2222096997,2222096993,-4,1043,2441
2227218250,2227218254,4,2328,1175
2229268887,2229268891,4,2142,946
2232897222,2232897227,5,1647,1303
2234151152,2234151155,3,1599,1290
2235139931,2235139926,-5,1672,7826
2236620396,2236620402,6,1899,1448
2241218997,2241219000,3,2174,1549
2243378835,2243378838,3,1832,1122
2244536737,2244536753,16,32982,9294
2244614829,2244614832,3,1727,1303
2246775143,2246775148,5,2478,1473
2247080326,2247080310,-16,1112,415
2249581448,2249581453,5,2768,1932
2250986895,2250986900,5,2465,1127
2251693781,2251693784,3,2207,1681
2256228788,2256228793,5,3033,1586
2259692463,2259692466,3,2221,1712
2261640780,2261640786,6,2563,1346
2262374186,2262374190,4,2101,1284
2268856381,2268856385,4,1992,1458
2269215918,2269215922,4,1371,1376
2269924596,2269924599,3,1806,1183
2275572086,2275572092,6,1870,1350
2280941407,2280941412,5,1771,1115
2287363285,2287363290,5,834,689
2289556385,2289556389,4,1218,827
2290414478,2290414482,4,2761,1156
2294727013,2294727013,0,743,1100
2296361773,2296361778,5,2438,1630
2297514467,2297514473,6,1717,1086
2300500507,2300500511,4,2531,1213
2303944305,2303944307,2,1746,1306
2310831924,2310831926,2,1938,1757
2310928444,2310928450,6,2053,928
2312150123,2312150121,-2,948,2643
2312215246,2312215250,4,2648,2070
2314351187,2314351195,8,2693,1392
2315036921,2315036940,19,944,351
2316841614,2316841629,15,3019,1095
2323064273,2323064273,0,1629,2275
2323564859,2323564862,3,1835,1328
2324058702,2324058708,6,1863,1038
2325269189,2325269194,5,1867,1375
2325991238,2325991245,7,4657,1481
2326995678,2326995686,8,1809,1181
2332989723,2332989713,-10,39715,14032
2337702553,2337702556,3,2409,1391
2338249381,2338249383,2,1588,1345
2348829765,2348829769,4,2409,1408
2349863378,2349863376,-2,1394,1890
2354066312,2354066315,3,1913,936
2355815070,2355815074,4,2105,1208
2356535051,2356535056,5,1925,1562
2356594662,2356594654,-8,1367,4718
2358218386,2358218388,2,1710,1040
2362505481,2362505486,5,2854,1597
2363027755,2363027760,5,1514,1131
2366236366,2366236372,6,2455,1381
2367259761,2367259767,6,3017,956
2374706677,2374706681,4,1393,1577
2377459654,2377459648,-6,1472,3264
2377983006,2377983014,8,3193,1347
2378713851,2378713856,5,1858,1018
2382450833,2382450838,5,2422,1377
2388441617,2388441623,6,2472,993
2390288393,2390288398,5,1586,1545
2392839641,2392839647,6,2949,1479
2394063342,2394063345,3,1740,1460
2396218721,2396218724,3,2463,1428
2398230854,2398230860,6,1746,1087
2402343869,2402343875,6,1865,1047
2405974542,2405974543,1,1432,1259
2406704746,2406704749,3,1543,1237
2408788593,2408788594,1,1586,1931
2413873286,2413873291,5,2226,1334
2414351037,2414351040,3,1908,1111
2417468388,2417468394,6,1224,1041
2418713083,2418713103,20,2132,1737
2421733013,2421733017,4,1664,1221
2422806374,2422806378,4,1785,1404
2423787149,2423787154,5,2594,1871
2423946333,2423946336,3,2061,1822
2424198726,2424198730,4,2122,1408
2425583425,2425583429,4,1524,1166
2427421258,2427421263,5,1235,984
2429563503,2429563508,5,1769,1242
2430708970,2430708974,4,1919,1190
2432614335,2432614340,5,3160,1841
2436200873,2436200878,5,1362,1214
2438035693,2438035697,4,1659,1186
2442315020,2442315023,3,1502,1375
2443163010,2443163012,2,1748,1363
2444934998,2444935003,5,1365,904
2445132218,2445132222,4,1869,1183
2446582610,2446582617,7,3252,1864
2448093643,2448093649,6,2474,1703
2449790185,2449790187,2,1574,1517
2450530581,2450530583,2,1052,379
2451737794,2451737813,19,1933,995
2452678359,2452678362,3,1880,1235
2454389615,2454389617,2,1896,1196
2460682183,2460682181,-2,1230,1614
2462122251,2462122254,3,1833,1301
2468908952,2468908956,4,1496,1372
2469445434,2469445437,3,1888,1406
2472844276,2472844279,3,1995,1494
2473428140,2473428144,4,1821,1006
2473518546,2473518549,3,2146,1031
2476639742,2476639739,-3,656,1587
2479876488,2479876490,2,1885,1624
2483233252,2483233254,2,2280,1689
2483558029,2483558033,4,1575,1113
2489856111,2489856110,-1,891,1341
2491911001,2491911008,7,3990,1719
2495604965,2495604962,-3,1200,1831
2496224149,2496224153,4,1928,1257
2496573392,2496573395,3,1807,1466
2497363491,2497363498,7,2653,2149
2498385254,2498385258,4,2231,868
2499890050,2499890053,3,1594,1621
2500715036,2500715038,2,1504,677
2503253538,2503253542,4,2418,1752
2505043869,2505043873,4,2889,1743
2507275735,2507275737,2,1536,816
2507882781,2507882784,3,1831,1353
2510523390,2510523394,4,1570,1110
2510669104,2510669102,-2,2102,3579
2514150920,2514150921,1,2025,1116
2521473274,2521473279,5,1709,964
2524032001,2524032003,2,1550,1319
2525451810,2525451816,6,2240,1256
2532027731,2532027735,4,1667,1030
2535320553,2535320558,5,3659,1865
2536070119,2536070122,3,1887,917
2538442181,2538442185,4,1554,1091
2538601596,2538601613,17,1947,1267
2541374207,2541374210,3,2758,1667
2541548034,2541548038,4,1858,1240
2542544510,2542544513,3,2460,1892
2544585438,2544585441,3,2111,1209
2555036394,2555036399,5,2983,2029
2556893750,2556893754,4,2380,1827
2557141223,2557141227,4,1496,1137
2562474361,2562474366,5,1312,988
2565335395,2565335379,-16,2431,1018
2565882541,2565882546,5,1507,1168
2568842053,2568842059,6,884,716
2576930333,2576930336,3,2397,1453
2577522883,2577522870,-13,562,255
2583444360,2583444365,5,2244,1241
2589294598,2589294602,4,2411,1631
2590583000,2590583006,6,2550,1395
2598060212,2598060218,6,3319,1442
2605231686,2605231681,-5,1132,4367
2606525132,2606525134,2,2008,1024
2607832205,2607832210,5,2776,1541
2607875637,2607875645,8,853,543
2614760154,2614760159,5,3500,1551
2615505689,2615505691,2,1196,802
2615777801,2615777821,20,1783,896
2615854859,2615854838,-21,2577,1022
2623656076,2623656079,3,1604,1371
2628075160,2628075165,5,2603,1610
2628738427,2628738434,7,2187,1597
2629773142,2629773143,1,977,420
2630381295,2630381299,4,2142,1862
2635334496,2635334494,-2,1321,1937
2638677346,2638677351,5,1514,1003
2645406286,2645406290,4,2310,1759
2645499249,2645499252,3,1748,1623
2646554845,2646554850,5,1593,1170
2647861070,2647861073,3,1810,1415
2648727938,2648727941,3,1869,1362
2654864778,2654864781,3,1613,1232
2656740108,2656740113,5,1735,1697
2662186837,2662186835,-2,1155,1947
2664103710,2664103709,-1,1938,4804
2670552512,2670552515,3,2485,1535
2674005639,2674005639,0,2046,2782
2679024363,2679024379,16,10748,46287
2685881377,2685881383,6,1990,1129
2688354177,2688354182,5,1882,1565
2689653731,2689653734,3,1028,835
2691210774,2691210774,0,1026,2049
2692821938,2692821943,5,1968,1281
2693623732,2693623740,8,3958,1636
2699312931,2699312930,-1,1116,918
2699893306,2699893310,4,1643,1146
2700368346,2700368350,4,2215,1527
2701065967,2701065970,3,1108,1336
2704100274,2704100278,4,2343,1093
2704711514,2704711515,1,955,1211
2706491316,2706491319,3,1464,1347
2709951678,2709951683,5,1486,993
2712232089,2712232093,4,1869,1338
2713751020,2713751024,4,1251,760
2714580397,2714580401,4,2365,1486
2715551489,2715551495,6,2152,1164
2716014169,2716014175,6,2579,2093
2717330411,2717330415,4,2168,1025
2720507229,2720507235,6,2219,1425
2721121819,2721121822,3,3004,1754
2725655294,2725655298,4,4007,1797
2729237108,2729237112,4,1986,1366
2730121603,2730121606,3,1284,867
2730359183,2730359190,7,2746,857
2733491886,2733491892,6,1543,886
2733766673,2733766677,4,2433,1595
2734917669,2734917675,6,2805,1780
2735183438,2735183442,4,1611,1481
2735768149,2735768154,5,3261,1594
2737777910,2737777914,4,972,785
2740947077,2740947081,4,2450,1110
2743395620,2743395621,1,1624,1479
2743952678,2743952683,5,1382,1033
2745432053,2745432061,8,2554,1226
2747338701,2747338702,1,2380,1399
2747498469,2747498474,5,8322,21885
2753785051,2753785054,3,1662,1448
2755653105,2755653110,5,1678,1321
2757786463,2757786466,3,1683,1284
2758578901,2758578917,16,2291,1582
2760934256,2760934259,3,1598,987
2762534921,2762534925,4,1881,1426
2764369913,2764369916,3,1535,1691
2770000954,2770000958,4,1648,1412
2774034822,2774034821,-1,1876,5691
2777266363,2777266370,7,1866,1085
2777891037,2777891041,4,1611,1461
2778973364,2778973370,6,2563,1909
2779653044,2779653049,5,2467,1542
2780201660,2780201665,5,1864,1591
2785227728,2785227731,3,1485,1066
2790545251,2790545254,3,2218,1288
2792422374,2792422379,5,1965,1289
2799878823,2799878830,7,3154,1146
2809576461,2809576465,4,1251,1264
2811098554,2811098558,4,2045,1453
2811689508,2811689511,3,1702,1335
2812740527,2812740531,4,33410,60849
2820983153,2820983158,5,2187,1454
2829075386,2829075390,4,2339,1796
2832403250,2832403254,4,1130,1476
2833072962,2833072966,4,2437,1193
2836070264,2836070270,6,3267,1610
2836494242,2836494246,4,1918,1010
2836703908,2836703905,-3,941,1392
2837254256,2837254259,3,1721,1156
2837937022,2837937026,4,1791,879
2838645352,2838645332,-20,954,347
2840271319,2840271326,7,1741,905
2842896767,2842896771,4,2346,1561
2843049778,2843049782,4,1307,1399
2844698600,2844698605,5,1808,1354
2845592788,2845592791,3,2119,1575
2846499034,2846499037,3,1753,1104
2850195682,2850195681,-1,1455,1249
2854232141,2854232144,3,2751,1914
2855213422,2855213427,5,1925,1233
2857471397,2857471403,6,1540,1067
2857914571,2857914558,-13,951,500
2862862147,2862862151,4,955,855
2864425885,2864425890,5,2278,1374
2868485755,2868485758,3,1716,977
2873931954,2873931958,4,2865,1985
2880727637,2880727642,5,1953,1608
2882724158,2882724175,17,1518,939
2886435105,2886435109,4,2099,963
2887724919,2887724923,4,2066,1137
2888672341,2888672345,4,1938,1644
2892676291,2892676296,5,2414,1351
2892955055,2892955054,-1,746,262
2895937771,2895937775,4,1441,804
2896449105,2896449102,-3,2456,4498
2899588141,2899588147,6,1658,588
2903160371,2903160374,3,2385,1932
2906280994,2906280997,3,2256,1126
2911064909,2911064912,3,1229,969
2917307338,2917307342,4,2884,1337
2918485437,2918485441,4,2415,1427
2918573742,2918573746,4,1561,608
2921880214,2921880219,5,2456,1531
2921993051,2921993054,3,1844,1296
2923962101,2923962085,-16,1688,1025
2924035390,2924035393,3,2138,1555
2924668250,2924668256,6,1293,1276
2927293321,2927293327,6,2510,1311
2927502054,2927502059,5,2875,1338
2928572994,2928572999,5,1927,1116
2935612289,2935612293,4,2486,1447
2936776789,2936776793,4,1692,1008
2936871102,2936871087,-15,1326,792
2940029348,2940029355,7,2279,903
2941471811,2941471814,3,1650,1082
2944023884,2944023887,3,1674,1133
2949413142,2949413150,8,1463,1274
2949701862,2949701866,4,1926,891
2950684782,2950684786,4,2465,2065
2954776910,2954776913,3,1599,1668
2957118434,2957118439,5,1400,1452
2960695090,2960695095,5,1810,703
2961725305,2961725310,5,2025,1358
2963078264,2963078266,2,1789,1180
2963468495,2963468498,3,1107,718
2963547356,2963547360,4,1499,992
2966104325,2966104326,1,1935,1402
2966132256,2966132240,-16,1283,867
2967010455,2967010456,1,6193,5625
2967566270,2967566274,4,1596,1364
2973335562,2973335566,4,2353,1731
2973495596,2973495597,1,1629,1777
2975582129,2975582134,5,1615,853
2976236713,2976236717,4,2104,1367
2978102778,2978102780,2,1624,1365
2985289597,2985289601,4,2474,1449
2986816083,2986816087,4,2818,1202
2991100054,2991100057,3,1163,1233
2992287270,2992287275,5,1363,1341
2992326627,2992326622,-5,1082,3590
2993655971,2993655974,3,1765,1405
2994828233,2994828237,4,1669,2104
2995799170,2995799173,3,1388,1098
2996778610,2996778615,5,1977,1445
2999686033,2999686035,2,2019,1314
3002553999,3002554004,5,1197,1054
3008149590,3008149594,4,2429,1366
3009234069,3009234073,4,2550,1484
3009518366,3009518350,-16,1312,960
3012001661,3012001665,4,1949,1307
3012258745,3012258748,3,1546,1262
3013455077,3013455079,2,1793,1209
3014210140,3014210146,6,3127,1298
3016643614,3016643618,4,2071,1716
3017255038,3017255043,5,3113,1514
3019079002,3019079007,5,2519,1675
3021229470,3021229473,3,2005,916
3021377609,3021377613,4,2787,1723
3022842504,3022842509,5,1875,1367
3023704037,3023704041,4,1930,1655
3023872306,3023872311,5,2120,1089
3024196889,3024196891,2,1641,1179
3026691437,3026691441,4,2010,1397
3026840513,3026840518,5,2216,1353
3027259616,3027259630,14,1602,1160
3030860325,3030860330,5,3424,1901
3032755615,3032755622,7,2388,1330
3044235529,3044235534,5,1943,1170
3045203913,3045203917,4,1877,1305
3046491270,3046491274,4,1925,1191
3046767585,3046767581,-4,1094,2451
3047126937,3047126937,0,1867,1634
3048543733,3048543739,6,1778,1462
3054124389,3054124394,5,2820,993
3058004033,3058004038,5,1232,1080
3059011990,3059011995,5,2085,1293
3060189660,3060189665,5,2348,1538
3060963060,3060963059,-1,1511,2570
3063372078,3063372082,4,4176,1868
3063557371,3063557376,5,1853,1109
3066573313,3066573318,5,1535,1467
3067280999,3067281003,4,2026,1381
3068353136,3068353142,6,1960,1292
3069790664,3069790667,3,1726,1371
3070272678,3070272683,5,1457,1324
3073217851,3073217857,6,2852,1001
3074701466,3074701463,-3,1089,334
3076022129,3076022134,5,3209,1505
3077226046,3077226050,4,1697,1501
3077631035,3077631039,4,1345,1298
3078143719,3078143722,3,1455,956
3078444242,3078444221,-21,1233,57
3082909578,3082909580,2,1730,1048
3087021390,3087021394,4,1960,1414
3087613904,3087613927,23,1996,1243
3090514059,3090514064,5,1438,1109
3093096318,3093096297,-21,2024,1281
3093983417,3093983429,12,1407,1062
3094291135,3094291136,1,564,236
3097208261,3097208258,-3,1005,3062
3101557758,3101557762,4,1859,1436
3102882470,3102882477,7,2359,944
3103411978,3103411985,7,1772,1121
3105066335,3105066337,2,1468,664
3108028621,3108028641,20,2001,1351
3109972067,3109972072,5,1888,962
3111096899,3111096902,3,2535,3103
3113312376,3113312374,-2,2391,5068
3113577474,3113577479,5,2077,1245
3114856520,3114856533,13,3026,1569
3122609648,3122609651,3,1743,1023
3127186745,3127186742,-3,960,1862
3127424358,3127424360,2,2700,1983
3128009278,3128009283,5,1826,1076
3129113006,3129113011,5,2295,1537
3129873214,3129873218,4,1573,955
3132357171,3132357176,5,3218,1890
3133654701,3133654706,5,1953,972
3134142593,3134142598,5,2070,958
3144575083,3144575087,4,1736,1723
3151662193,3151662197,4,1783,1299
3154214249,3154214254,5,2326,1556
3162707313,3162707317,4,1676,1104
3167304055,3167304058,3,1670,1344
3169524139,3169524142,3,2762,1309
3170788746,3170788751,5,1034,698
3172244676,3172244688,12,710,213
3173254370,3173254374,4,1309,1458
3174153197,3174153201,4,9245,32509
3174864179,3174864185,6,2986,2001
3175945425,3175945430,5,2614,1410
3177845215,3177845217,2,997,929
3183000623,3183000627,4,1960,1228
3183741382,3183741386,4,1380,949
3185584698,3185584702,4,1140,1104
3186469298,3186469302,4,1831,1531
3187171305,3187171310,5,2224,1100
3188083920,3188083923,3,1298,731
3193382342,3193382346,4,2614,1599
3198301782,3198301786,4,2332,1494
3199324118,3199324122,4,1872,1412
3199492349,3199492352,3,1432,1108
3207674498,3207674502,4,2040,1171
3209607231,3209607234,3,2197,1735
3209900449,3209900453,4,2016,1424
3212601709,3212601711,2,1977,995
3214316678,3214316681,3,2048,1737
3214617314,3214617315,1,1533,1532
3216838526,3216838530,4,2228,1577
3217261523,3217261526,3,1792,1187
3226638378,3226638381,3,1002,853
3233998162,3233998165,3,1314,1310
3235573865,3235573858,-7,3082,11053
3236665450,3236665454,4,2694,1316
3237419054,3237419052,-2,990,1637
3239390775,3239390780,5,2420,1314
3240890890,3240890902,12,544,109
3241130190,3241130194,4,2445,1296
3241200651,3241200654,3,1808,1710
3241580356,3241580358,2,1378,1034
3246284958,3246284942,-16,1493,1566
3247664394,3247664398,4,2049,1379
3247859842,3247859846,4,2000,1417
3248702526,3248702530,4,1762,1391
3256172824,3256172822,-2,1056,2259
3256576667,3256576670,3,1980,843
3259087629,3259087632,3,4567,17336
3260167617,3260167619,2,1350,1292
3260257302,3260257305,3,1599,1034
3263630795,3263630801,6,2745,1166
3268342630,3268342629,-1,2042,2707
3269702070,3269702074,4,1964,1201
3272324742,3272324740,-2,1888,4362
3273696820,3273696823,3,1999,903
3277618760,3277618764,4,2653,1457
3279349653,3279349657,4,1907,1500
3280476914,3280476918,4,1696,986
3281678767,3281678773,6,2580,1587
3286740971,3286740976,5,2958,1717
3288778630,3288778634,4,1361,1042
3290984429,3290984434,5,2104,1388
3291257551,3291257556,5,2261,1544
3293486878,3293486876,-2,1767,2837
3297510119,3297510122,3,1105,705
3302627879,3302627882,3,1608,1297
3304390399,3304390402,3,2008,1049
3304895939,3304895943,4,1947,950
3309321978,3309321982,4,1662,1444
3310574589,3310574584,-5,1310,2888
3314548897,3314548898,1,1872,1596
3315234259,3315234262,3,1266,1268
3315979915,3315979914,-1,1659,1086
3316984290,3316984294,4,1629,1190
3317110563,3317110565,2,1356,978
3319546509,3319546510,1,773,1012
3323771689,3323771694,5,2238,1344
3328140926,3328140938,12,1547,1061
3330223742,3330223747,5,2173,1280
3330476357,3330476362,5,2116,1201
3337315874,3337315853,-21,2698,1704
3337892054,3337892059,5,2060,1557
3342355822,3342355826,4,1837,1525
3342617895,3342617877,-18,989,581
3345975382,3345975378,-4,757,2048
3346402978,3346402984,6,1372,1203
3346986021,3346986024,3,1734,1633
3353640728,3353640730,2,1658,941
3356437614,3356437618,4,1227,814
3361713755,3361713756,1,3110,3341
3365519384,3365519389,5,2065,1114
3366198191,3366198199,8,1268,792
3370336081,3370336085,4,2723,1602
3372608764,3372608768,4,3070,1775
3373355258,3373355262,4,1833,982
3374205945,3374205951,6,1905,867
3380043438,3380043442,4,1735,1416
3380740292,3380740297,5,1213,1308
3382296788,3382296790,2,2058,1269
3387235670,3387235675,5,2211,1542
3390713577,3390713585,8,2902,962
3393137033,3393137035,2,1570,1124
3394690873,3394690877,4,1476,1164
3396414397,3396414399,2,1422,1328
3409700422,3409700427,5,1401,980
3409965622,3409965626,4,1805,1144
3410501360,3410501364,4,2377,1421
3413601169,3413601175,6,5837,2475
3421442745,3421442750,5,1784,1451
3421689835,3421689832,-3,2056,6270
3422088788,3422088790,2,1827,1253
3426737138,3426737141,3,2229,1341
3429722371,3429722374,3,1786,1248
3429856022,3429856022,0,1837,1284
3431989693,3431989697,4,1664,1383
3432729572,3432729575,3,2573,1061
3434510862,3434510843,-19,1384,865
3439648763,3439648766,3,1649,1501
3448124414,3448124418,4,2218,1524
3450797251,3450797253,2,1303,1477
3452372086,3452372081,-5,2482,6763
3452568638,3452568644,6,1440,1009
3452641640,3452641642,2,2121,1515
3455992855,3455992854,-1,1621,1515
3462732797,3462732798,1,1815,1393
3462853352,3462853355,3,1630,1568
3464334706,3464334711,5,3010,1603
3470096090,3470096093,3,1993,1510
3470392600,3470392606,6,2872,1267
3474138110,3474138114,4,1598,850
3476460230,3476460234,4,1847,1431
3476707047,3476707051,4,2009,1759
3479080322,3479080326,4,1201,935
3480244825,3480244829,4,2192,1205
3482604738,3482604742,4,1945,1479
3482721995,3482721993,-2,11204,18181
3483948444,3483948445,1,1751,1026
3486479555,3486479555,0,1811,2235
3489887369,3489887375,6,1597,1661
3492390106,3492390110,4,2698,1584
3493346098,3493346103,5,1978,1076
3500804207,3500804211,4,1820,1494
3501835325,3501835329,4,2710,1671
3503105010,3503105013,3,1444,1225
3503194861,3503194844,-17,1025,252
3505548377,3505548382,5,1492,1382
3507353465,3507353469,4,2251,1312
3512979379,3512979381,2,996,725
3513354974,3513354979,5,1960,1173
3526168122,3526168125,3,2196,1169
3531136882,3531136887,5,2037,1545
3536148944,3536148947,3,1871,1183
3541510669,3541510673,4,952,1073
3544826306,3544826311,5,1464,1227
3544887965,3544887967,2,1395,1195
3548976138,3548976140,2,9500,7838
3550888039,3550888043,4,1857,1689
3551064206,3551064221,15,1600,1112
3552143373,3552143375,2,1778,1094
3555614484,3555614486,2,2308,1563
3557799375,3557799379,4,1343,741
3562061447,3562061451,4,1562,932
3562138037,3562138041,4,1555,1114
3566677783,3566677786,3,2206,1503
3570617074,3570617078,4,1974,1613
3574171222,3574171226,4,2222,1436
3574325433,3574325437,4,1412,817
3576366958,3576366961,3,2616,1412
3576608322,3576608326,4,2390,1585
3577922423,3577922437,14,1732,1429
3581322402,3581322403,1,1994,1632
3582533396,3582533399,3,1981,1447
3591442713,3591442720,7,1774,1236
3594749098,3594749102,4,2086,1590
3595279606,3595279610,4,1478,1036
3599468680,3599468683,3,2040,1566
3600405534,3600405531,-3,1374,2293
3600881057,3600881059,2,1855,1313
3601322618,3601322625,7,1691,1235
3602703851,3602703856,5,2490,1725
3603150994,3603150998,4,1618,1124
3603885142,3603885147,5,2043,1423
3605067786,3605067771,-15,563,394
3612849911,3612849913,2,1077,1308
3614423154,3614423157,3,1692,1445
3619204109,3619204113,4,2189,1579
3622108104,3622108108,4,1735,1673
3622873483,3622873483,0,2259,1833
3625183564,3625183566,2,1272,761
3625467357,3625467367,10,1620,1335
3629528958,3629528962,4,1874,1057
3630025887,3630025890,3,2015,1419
3630389099,3630389077,-22,1061,615
3632836649,3632836654,5,2204,1398
3637786682,3637786684,2,1623,2002
3639381731,3639381734,3,1857,1197
3640102785,3640102789,4,1377,1242
3641193802,3641193780,-22,2057,1225
3644176639,3644176643,4,1585,1106
3644948630,3644948633,3,2385,997
3647493677,3647493682,5,3495,1567
3648226768,3648226774,6,3114,1346
3649031658,3649031662,4,1331,1061
3649822259,3649822263,4,1838,1185
3652582815,3652582818,3,2070,1089
3652668701,3652668708,7,1499,1212
3653913866,3653913867,1,2142,3126
3659136695,3659136699,4,2630,1198
3665930826,3665930831,5,1665,1101
3670143806,3670143811,5,2506,1554
3670494074,3670494078,4,2011,1475
3675007478,3675007480,2,2153,1007
3676356734,3676356745,11,1119,189
3679391883,3679391887,4,2500,1569
3681483300,3681483305,5,2840,2075
3682692505,3682692508,3,2513,1353
3684814626,3684814630,4,2170,1261
3685427843,3685427848,5,1495,1316
3685669175,3685669180,5,2547,1682
3685947646,3685947650,4,1655,1309
3691261318,3691261327,9,2058,983
3700980579,3700980583,4,2146,1548
3703090140,3703090145,5,2634,1087
3707115070,3707115075,5,1235,1185
3708023599,3708023605,6,1580,1453
3708623169,3708623174,5,1363,933
3713498427,3713498433,6,2077,1244
3715969236,3715969243,7,2556,1268
3724273406,3724273389,-17,1755,1124
3726890906,3726890911,5,1884,1517
3731964543,3731964546,3,2084,1638
3732757950,3732757954,4,2589,1227
3733406841,3733406847,6,2938,1692
3733649868,3733649872,4,1753,1765
3734598362,3734598366,4,1750,1105
3736720822,3736720827,5,2380,1332
3753582042,3753582045,3,1886,1485
3755372575,3755372579,4,1975,1483
3756381365,3756381368,3,2510,1169
3758868066,3758868070,4,2231,1275
3760830958,3760830961,3,2239,1751
3762986825,3762986829,4,1783,1180
3767211718,3767211722,4,2095,1191
3769375854,3769375858,4,1817,977
3771800269,3771800273,4,1902,1685
3778804366,3778804371,5,2207,997
3782721491,3782721495,4,2496,1365
3786287779,3786287784,5,2418,1648
3788546597,3788546601,4,1642,895
3789119232,3789119234,2,1686,1429
3789358259,3789358255,-4,2072,4179
3797112762,3797112767,5,1970,1586
3799622665,3799622669,4,1366,1125
3802306728,3802306711,-17,750,149
3804143686,3804143693,7,3697,1383
3808247579,3808247583,4,2086,1052
3809002254,3809002259,5,1780,995
3809409172,3809409174,2,1920,1324
3809610383,3809610364,-19,1190,771
3810254556,3810254559,3,1647,1528
3812576651,3812576654,3,2267,1214
3813235905,3813235911,6,1477,1484
3813717298,3813717303,5,3310,1465
3816057110,3816057118,8,3007,1522
3816252403,3816252406,3,1355,970
3817435581,3817435586,5,2178,1314
3825199966,3825199964,-2,791,1862
3826409115,3826409118,3,2030,961
3829549214,3829549217,3,1219,1215
3833581825,3833581828,3,918,1000
3840373942,3840373947,5,1400,644
3841903987,3841903991,4,1877,975
3843020879,3843020873,-6,846,1443
3844471041,3844471062,21,1319,1444
3845214258,3845214262,4,1709,992
3845601022,3845601026,4,2552,1315
3854236673,3854236678,5,1702,1127
3857962048,3857962051,3,3001,1993
3858304231,3858304235,4,3220,2116
3860947314,3860947317,3,1688,1556
3861536803,3861536805,2,1294,1364
3862094521,3862094525,4,3561,1442
3863854984,3863854996,12,14484,7525
3864944630,3864944634,4,1583,1480
3865941110,3865941114,4,2192,1859
3866284614,3866284618,4,1841,1588
3871890296,3871890302,6,2603,1783
3874656939,3874656944,5,1991,1527
3875151619,3875151605,-14,2108,582
3882371310,3882371305,-5,870,3830
3883332002,3883332007,5,1241,1365
3884916107,3884916111,4,2056,1253
3885077289,3885077269,-20,1196,1141
3885195248,3885195253,5,1901,1461
3886426851,3886426855,4,593,184
3887915245,3887915250,5,3299,1482
3888776147,3888776154,7,1400,1207
3893005430,3893005434,4,1879,1492
3893758342,3893758345,3,2202,1635
3897669932,3897669934,2,1755,1194
3898644652,3898644651,-1,3159,4905
3900536430,3900536434,4,2502,1631
3901461208,3901461213,5,1965,1005
3906168006,3906168010,4,1834,1390
3907096769,3907096772,3,1799,1071
3910624155,3910624159,4,1906,1167
3921854098,3921854103,5,1705,934
3925272671,3925272675,4,1777,1338
3926576611,3926576602,-9,1176,7110
3927707065,3927707070,5,1084,1086
3930569915,3930569920,5,1634,1334
3934395480,3934395480,0,1713,1851
3938195306,3938195310,4,1952,1145
3938490756,3938490773,17,1493,886
3941677481,3941677460,-21,1760,1087
3942001918,3942001922,4,3128,2159
3942675388,3942675394,6,2578,1042
3948202482,3948202486,4,2579,1794
3958087842,3958087846,4,2682,1928
3965820006,3965820010,4,2268,1236
3968038131,3968038134,3,1168,1299
3973630739,3973630743,4,1227,1152
3973720337,3973720342,5,1388,1067
3974397310,3974397313,3,1902,1547
3978330557,3978330559,2,1949,1531
3981327198,3981327202,4,1235,861
3983530546,3983530552,6,1832,1417
3984230065,3984230064,-1,1450,1883
3986107326,3986107329,3,1552,1424
3990216713,3990216718,5,2074,1421
3993672325,3993672329,4,1371,1159
3993943882,3993943879,-3,11624,33591
3994304966,3994304969,3,1590,1265
3996383572,3996383578,6,2024,1429
3997019961,3997019965,4,2347,921
4000447870,4000447871,1,2193,1177
4000843819,4000843826,7,1748,1555
4002355890,4002355892,2,2785,1176
4002812214,4002812221,7,1497,1302
4007524336,4007524341,5,3127,1692
4010388615,4010388627,12,10910,31632
4011348709,4011348713,4,2716,1574
4017157770,4017157775,5,2253,1331
4019549142,4019549146,4,1605,1318
4020845326,4020845319,-7,869,784
4021662433,4021662438,5,1990,1094
4021711078,4021711083,5,2603,1585
4022029417,4022029420,3,1878,866
4023147902,4023147905,3,2292,1296
4024918787,4024918790,3,2280,1366
4025082414,4025082416,2,1244,1336
4027476614,4027476617,3,1657,1351
4028912674,4028912678,4,2422,1858
4029187796,4029187784,-12,1858,1108
4032907442,4032907445,3,1466,1206
4039821593,4039821597,4,2024,1840
4052185154,4052185157,3,12083,11334
4052843568,4052843571,3,2078,1083
4055527475,4055527479,4,1543,1278
4055729613,4055729613,0,1206,2202
4055795542,4055795546,4,1362,1194
4058095293,4058095298,5,2232,1173
4059753840,4059753843,3,1425,1310
4060700943,4060700942,-1,1542,1784
4063911658,4063911663,5,1810,1114
4064250628,4064250633,5,2299,1259
4064319731,4064319735,4,2212,1196
4065009485,4065009470,-15,1185,717
4066758603,4066758606,3,1639,1524
4068688114,4068688119,5,3039,1621
4072735934,4072735938,4,1884,1411
4074831466,4074831472,6,1951,1555
4078896807,4078896811,4,2005,943
4080684466,4080684470,4,2052,1636
4083627470,4083627474,4,1185,826
4087621894,4087621898,4,1779,1191
4088518915,4088518921,6,2751,1602
4090871401,4090871406,5,1933,1284
4098116632,4098116639,7,1899,926
4108009665,4108009671,6,1881,861
4109594294,4109594301,7,2568,1504
4111618647,4111618629,-18,1259,1594
4112785905,4112785909,4,2606,1477
4112988678,4112988681,3,2340,1156
4123320102,4123320106,4,1373,1175
4128605090,4128605090,0,1126,1409
4131558575,4131558580,5,2387,2477
4132023130,4132023135,5,1815,1287
4132951654,4132951658,4,1938,1124
4134409023,4134409027,4,1736,1771
4135892856,4135892858,2,1402,1212
4137771270,4137771273,3,1701,1189
4138978658,4138978663,5,2431,1201
4140184804,4140184808,4,1653,1189
4143602612,4143602613,1,1720,1120
4145151407,4145151401,-6,1180,5544
4147949239,4147949243,4,1821,1499
4149864758,4149864763,5,1892,1127
4154299599,4154299603,4,1263,1043
4160202716,4160202721,5,2158,1493
4161792259,4161792263,4,2008,1553
4163956925,4163956929,4,1909,944
4166673530,4166673534,4,1795,1220
4172430257,4172430259,2,1745,1662
4173551734,4173551738,4,2309,1600
4173790409,4173790413,4,1908,1300
4175901168,4175901167,-1,2564,2864
4176292998,4176293004,6,2559,835
4182121802,4182121807,5,2280,1120
4184143150,4184143156,6,2883,1209
4184912409,4184912413,4,1464,1356
4193672604,4193672607,3,1980,1208
4193955349,4193955353,4,1993,1049
4196110654,4196110657,3,1695,1075
4198966830,4198966812,-18,871,846
4201099905,4201099907,2,1804,1083
4201356507,4201356488,-19,1605,900
4204423610,4204423614,4,3248,1841
4205779705,4205779707,2,1979,1009
4205940402,4205940383,-19,2503,1484
4207190898,4207190902,4,2784,1447
4207971647,4207971649,2,1365,1105
4208187337,4208187343,6,1649,828
4209689370,4209689374,4,2276,1948
4216134557,4216134559,2,1645,1232
4217789282,4217789286,4,1732,1397
4220332010,4220332015,5,2120,1250
4221866379,4221866383,4,2607,1724
4224336913,4224336919,6,1507,1141
4225831626,4225831627,1,7009,5748
4232422177,4232422183,6,1784,1288
4242454219,4242454224,5,2605,1842
4244708026,4244708031,5,2674,1498
4245028562,4245028566,4,1830,1284
4250442993,4250442996,3,2274,1770
4252603868,4252603870,2,1655,1093
4253572566,4253572569,3,1865,1335
4253657120,4253657123,3,1356,1524
4258104903,4258104907,4,2046,1550
4258167582,4258167587,5,976,579
4258244674,4258244694,20,977,803
4259451422,4259451424,2,1023,857
4261692601,4261692606,5,2185,1998
4263691078,4263691085,7,3193,1467
4269850369,4269850375,6,1840,1703
4270014985,4270014986,1,1820,1211
4270435190,4270435195,5,2939,1964
4270614174,4270614177,3,1726,685
4271468637,4271468638,1,6722,16316
4274782082,4274782087,5,912,906
4275000647,4275000655,8,401,241
4279129417,4279129413,-4,1173,3031
4284894100,4284894107,7,450,120
4285308570,4285308576,6,2441,1768
4286002015,4286002017,2,1614,2130
4286505197,4286505199,2,1669,1258
4288373687,4288373692,5,1898,1458
4289724523,4289724527,4,1981,1617
4292951394,4292951399,5,817,1182
4294979721,4294979723,2,2553,1552
4300516875,4300516878,3,1864,1923
4306981221,4306981224,3,2410,1599
4313272505,4313272505,0,1270,1200
4314058874,4314058877,3,2494,1556
4320157238,4320157241,3,2359,1382
4320556672,4320556674,2,1710,1550
4324077085,4324077090,5,2538,1396
4324870266,4324870270,4,2279,910
4325720522,4325720526,4,1288,1233
4326953277,4326953285,8,1576,1357
4327789166,4327789174,8,1644,932
4332670158,4332670162,4,2203,1437
4333319474,4333319478,4,1914,1371
4335208287,4335208290,3,2172,1267
4343331540,4343331541,1,1601,2257
4348471622,4348471625,3,1987,1235
4348795771,4348795775,4,2134,1300
4349017226,4349017219,-7,1973,9691
4350821494,4350821495,1,1669,1104
4351807970,4351807974,4,1877,1090
4352188753,4352188758,5,2221,1483
4354742375,4354742369,-6,773,3101
4356514134,4356514134,0,1388,1132
4357033608,4357033615,7,1745,735
4357547174,4357547178,4,2217,1568
4360145195,4360145201,6,2536,1276
4362868473,4362868478,5,2479,1817
4365626339,4365626345,6,1795,959
4366930033,4366930037,4,1979,1706
4369562207,4369562211,4,1277,1134
4370308142,4370308145,3,1694,1123
4371473186,4371473191,5,1339,1372
4374819151,4374819155,4,2659,2029
4378144959,4378144962,3,2413,1353
4379038894,4379038898,4,1044,1150
4379856990,4379856994,4,1865,2114
4381630599,4381630602,3,1955,1118
4382975021,4382975024,3,950,1697
4385149355,4385149358,3,1884,1380
4393249348,4393249351,3,3262,2957
4395393382,4395393388,6,3114,1382
4396584626,4396584619,-7,2599,6861
4396902095,4396902098,3,1652,1443
4397771895,4397771901,6,2108,1523
4403001783,4403001788,5,1397,907
4404118361,4404118365,4,2110,1189
4409399974,4409399980,6,1478,1553
4409551074,4409551078,4,1756,1018
4411580686,4411580689,3,1646,1339
4412423122,4412423110,-12,967,526
4414300206,4414300188,-18,1663,1038
4421481866,4421481871,5,2668,1602
4426135881,4426135887,6,2046,1608
4426535461,4426535462,1,1602,1409
4427937154,4427937136,-18,744,406
4428428132,4428428137,5,1982,1197
4429196371,4429196375,4,2165,1401
4430123126,4430123128,2,2180,1488
4437617597,4437617601,4,2019,1510
4438438698,4438438702,4,1505,1266
4440471262,4440471267,5,1727,1165
4442906547,4442906551,4,1445,1542
4443347764,4443347766,2,2009,1311
4447253533,4447253537,4,2610,2134
4449712605,4449712611,6,2194,1259
4450851331,4450851335,4,2253,1361
4450944177,4450944183,6,3137,1828
4451059340,4451059343,3,1918,1100
4457843894,4457843898,4,2397,1406
4458458701,4458458697,-4,1612,3217
4461780541,4461780535,-6,754,1600
4462029868,4462029872,4,1759,1328
4465794616,4465794619,3,1742,1407
4468009573,4468009578,5,2419,1578
4469015834,4469015838,4,2386,885
4470622389,4470622392,3,1688,1699
4473621884,4473621887,3,1868,1389
4474381800,4474381803,3,2504,1385
4475977834,4475977836,2,1713,1217
4476206474,4476206479,5,1759,1172
4480449588,4480449591,3,2762,1456
4480478093,4480478095,2,1726,1194
4482510171,4482510170,-1,1361,1204
4483102299,4483102298,-1,961,1773
4485273880,4485273883,3,2085,1040
4485582697,4485582702,5,1733,1187
4487976440,4487976434,-6,968,3490
4489583891,4489583895,4,2205,1324
4491915505,4491915508,3,2101,1500
4493224979,4493224983,4,2399,1256
4495349718,4495349721,3,2142,1951
4496159858,4496159862,4,1448,1170
4496280262,4496280267,5,2943,1796
4505218679,4505218685,6,4075,1873
4512968910,4512968915,5,2062,1343
4513907092,4513907084,-8,1180,5299
4514020841,4514020847,6,1357,1184
4515054901,4515054905,4,1789,1172
4516791192,4516791197,5,2705,1225
4517358158,4517358163,5,2446,1410
4522518816,4522518818,2,2217,1553
4523256857,4523256861,4,1267,1145
4523877896,4523877898,2,1468,941
4529085100,4529085105,5,2164,1213
4529246214,4529246219,5,1624,1317
4529798718,4529798722,4,1867,1188
4534834736,4534834721,-15,1079,4924
4535231733,4535231734,1,1727,1582
4540872657,4540872659,2,1358,1119
4541572702,4541572707,5,2635,1851
4542652324,4542652326,2,1871,1636
4544974317,4544974318,1,1233,1459
4545887795,4545887799,4,1422,1008
4546611146,4546611151,5,1754,1080
4551062861,4551062865,4,1880,1021
4557996598,4557996603,5,2174,1472
4558435394,4558435398,4,1753,1383
4559484449,4559484452,3,1831,1573
4561254140,4561254154,14,248,1529
4561629074,4561629079,5,1589,1620
4564354622,4564354643,21,237,611
4564475337,4564475341,4,1980,1383
4565269362,4565269382,20,1328,915
4566052569,4566052572,3,2821,2144
4568526161,4568526175,14,12085,46793
4572699102,4572699085,-17,1712,1040
4573167862,4573167865,3,1571,1389
4573423486,4573423491,5,1660,1214
4575656253,4575656258,5,1725,899
4576087121,4576087126,5,1457,1024
4576935407,4576935404,-3,1191,3044
4577305434,4577305434,0,10651,12489
4579529158,4579529162,4,2424,1552
4581555667,4581555671,4,1130,908
4583861310,4583861315,5,1158,1039
4585216446,4585216450,4,1080,966
4586630481,4586630485,4,774,816
4588514994,4588514998,4,2131,2059
4588850163,4588850167,4,1208,1138
4598582123,4598582126,3,1616,1455
4608320944,4608320949,5,1321,1455
4617635967,4617635966,-1,1531,1665
4617813935,4617813936,1,1173,776
4618755165,4618755170,5,1750,1014
4620960029,4620960026,-3,2474,4430
4622357986,4622357993,7,1817,1162
4625042694,4625042697,3,1941,1492
4626636208,4626636213,5,2759,1559
4626819882,4626819884,2,1722,1742
4627060717,4627060713,-4,1268,1872
4627532563,4627532567,4,2119,1182
4629083601,4629083615,14,1869,1080
4632467286,4632467291,5,1987,1310
4637096407,4637096411,4,1868,1096
4640130632,4640130638,6,2565,1186
4640795769,4640795773,4,1140,1333
4646189014,4646189018,4,2145,1525
4649084655,4649084660,5,1847,1601
4650255525,4650255529,4,2058,1845
4652164384,4652164387,3,1728,1632
4653307972,4653307975,3,1503,1443
4654143266,4654143265,-1,949,1206
4655983614,4655983614,0,2659,3620
4656306459,4656306462,3,1540,1127
4658098474,4658098471,-3,3305,41072
4661823861,4661823867,6,1736,1761
4663546934,4663546940,6,3457,2009
4668804945,4668804948,3,207,147
4673537420,4673537421,1,1410,1084
4674957911,4674957916,5,1978,1091
4681993761,4681993762,1,2009,1021
4685013350,4685013354,4,1400,1370
4685939089,4685939084,-5,1637,6394
4688221029,4688221030,1,1665,1038
4691263174,4691263179,5,3783,1157
4692146351,4692146355,4,1764,1139
4692597184,4692597188,4,2032,1553
4697530804,4697530812,8,2948,1133
4698648731,4698648734,3,2457,1515
4701868138,4701868144,6,2431,1354
4703640227,4703640232,5,1602,1267
4705193759,4705193764,5,958,901
4708466622,4708466626,4,2105,1184
4708958487,4708958493,6,1556,1099
4711864771,4711864775,4,1743,1217
4713634318,4713634323,5,1395,752
4713891845,4713891862,17,1748,1266
4717112911,4717112910,-1,2089,1754
4721187390,4721187392,2,1878,1792
4721565059,4721565062,3,2648,2591
4728457391,4728457386,-5,1654,7774
4732172789,4732172794,5,1805,1357
4734912045,4734912051,6,2170,1289
4735564214,4735564218,4,1623,1033
4735912297,4735912302,5,1927,1471
4739952650,4739952654,4,2157,1382
4740620325,4740620319,-6,868,2890
4743209945,4743209948,3,1869,1454
4744828009,4744828011,2,1477,1426
4745994285,4745994290,5,2319,1057
4749925873,4749925878,5,1972,1402
4750052913,4750052910,-3,1110,2628
4752060882,4752060887,5,1782,1030
4757049649,4757049654,5,1710,1287
4766065847,4766065851,4,1944,1454
4767603115,4767603112,-3,1669,4521
4767917702,4767917707,5,2103,963
4772904850,4772904854,4,1974,1285
4779154538,4779154534,-4,3303,10228
4782629898,4782629902,4,1883,1466
4782890847,4782890849,2,1813,1251
4787692497,4787692502,5,2866,1458
4788538922,4788538926,4,2435,2015
4791857762,4791857766,4,2154,1481
4794065566,4794065571,5,16288,53203
4798336877,4798336883,6,1152,668
4799232906,4799232911,5,1595,1434
4807207641,4807207643,2,1960,1082
4815069986,4815069990,4,2157,1165
4820267149,4820267153,4,2258,1597
4820809050,4820809055,5,2359,1399
4825221578,4825221583,5,2455,1448
4825763863,4825763866,3,1468,1891
4828564750,4828564755,5,1975,1376
4831570146,4831570151,5,1890,1198
4833021146,4833021150,4,1472,1090
4837147488,4837147493,5,1732,1016
4837182730,4837182751,21,1940,1448
4840600874,4840600876,2,1751,1474
4842626558,4842626561,3,1715,1502
4843834440,4843834453,13,1637,1185
4845621890,4845621895,5,1472,1174
4846301106,4846301110,4,2292,1229
4847068255,4847068254,-1,790,1841
4847870073,4847870078,5,2211,1486
4848607509,4848607510,1,2079,1472
4849829308,4849829313,5,2023,1212
4855338047,4855338053,6,2169,1475
4857263690,4857263690,0,892,1662
4859733555,4859733559,4,1665,1583
4861307437,4861307443,6,1235,943
4863052899,4863052902,3,1889,1401
4863355451,4863355470,19,764,412
4864998846,4864998850,4,2308,1188
4867131703,4867131708,5,2518,1481
4874219655,4874219648,-7,1079,4757
4875602198,4875602202,4,2468,987
4878518911,4878518917,6,1916,1040
4884460897,4884460899,2,1898,1665
4885205274,4885205279,5,1882,1049
4886467679,4886467682,3,2437,1103
4893900581,4893900586,5,2533,1280
4895835357,4895835359,2,4239,2895
4897686113,4897686118,5,1684,1261
4901043079,4901043084,5,3354,1986
4905886458,4905886437,-21,949,265
4907672682,4907672689,7,1638,1247
4910620098,4910620102,4,2116,1420
4917284442,4917284440,-2,1240,2343
4918017647,4918017651,4,2340,1680
4918290501,4918290507,6,1122,706
4921540732,4921540735,3,1381,1078
4925678625,4925678629,4,1743,1458
4934482410,4934482413,3,1456,529
4936154304,4936154309,5,2147,1019
4940738104,4940738107,3,2009,1201
4941574813,4941574819,6,1482,1034
4943974851,4943974856,5,2212,1287
4946752903,4946752907,4,1842,1141
4947463496,4947463500,4,2884,1655
4947794056,4947794059,3,2261,1151
4950414754,4950414761,7,2070,980
4951864788,4951864791,3,1729,1555
4958373801,4958373807,6,2134,1560
4960619398,4960619402,4,2477,1608
4962720065,4962720062,-3,2058,1076
4964798217,4964798222,5,2026,826
4970118984,4970118987,3,2784,1577
4970797586,4970797593,7,1885,1145
4970840494,4970840478,-16,1168,920
4971583802,4971583821,19,1732,1583
4971915722,4971915725,3,2111,1177
4973219863,4973219868,5,3233,1491
4975910862,4975910867,5,2030,1324
4975979525,4975979528,3,1445,1572
4977910719,4977910719,0,1815,1450
4978467586,4978467592,6,1885,1437
4983980852,4983980856,4,1717,1264
4985786928,4985786932,4,1945,1397
4986665402,4986665406,4,2304,1397
4991992006,4991992010,4,2159,1880
4992561881,4992561881,0,4807,24920
4993144834,4993144838,4,2180,1364
5000420349,5000420354,5,1833,1637
5006021415,5006021419,4,1787,1422
5008404389,5008404394,5,1776,1294
5009009729,5009009727,-2,805,1786
5009630006,5009630010,4,1485,755
5010098493,5010098512,19,1340,1343
5011214456,5011214459,3,1080,1244
5012853261,5012853265,4,1713,1369
5016376762,5016376766,4,1892,1513
5016690511,5016690518,7,2126,1663
5017203973,5017203977,4,1792,1384
5018866142,5018866146,4,1856,2125
5019942634,5019942641,7,4581,1115
5020892043,5020892050,7,2946,1239
5022071763,5022071768,5,1771,1112
5023297818,5023297823,5,2211,1099
5023457562,5023457541,-21,1965,1770
5023740702,5023740706,4,1868,1123
5023981323,5023981302,-21,1300,1134
5024783098,5024783101,3,902,756
5026654119,5026654125,6,2083,1227
5026709769,5026709781,12,2510,1681
5028976269,5028976281,12,337,1245
5029656412,5029656414,2,1754,996
5034187706,5034187710,4,2026,959
5038979069,5038979073,4,1639,1254
5039864287,5039864290,3,2331,1321
5047867542,5047867542,0,1531,1981
5048128369,5048128364,-5,36951,23758
5049905127,5049905121,-6,1599,6274
5050821910,5050821914,4,1827,1242
5051165251,5051165257,6,1341,1237
5051862834,5051862827,-7,768,3994
5053835999,5053836005,6,1303,1227
5055126519,5055126522,3,2868,1803
5055391763,5055391741,-22,1201,598
5057051044,5057051048,4,1677,1226
5058281282,5058281287,5,2246,1019
5058608075,5058608092,17,39072,21201
5058747534,5058747538,4,1765,1301
5063613663,5063613666,3,1540,923
5065316522,5065316529,7,5331,1777
5065902574,5065902579,5,2237,1145
5068796475,5068796478,3,2361,1340
5070914394,5070914398,4,2286,1758
5072431236,5072431239,3,1980,1331
5073415087,5073415090,3,2100,1302
5074164610,5074164631,21,2295,1069
5077422750,5077422750,0,1121,933
5079753384,5079753387,3,2421,1719
5082069118,5082069122,4,2560,997
5085173538,5085173546,8,3983,1481
5086345114,5086345114,0,1371,1255
5086696187,5086696192,5,2720,1632
5091896570,5091896575,5,2190,1036
5095090226,5095090233,7,1969,1093
5096821387,5096821392,5,1833,899
5101427501,5101427505,4,2058,1322
5102166306,5102166310,4,2273,1250
5105238454,5105238458,4,2521,1459
5105422338,5105422319,-19,1696,1159
5111118079,5111118082,3,2098,946
5112668357,5112668359,2,2670,1141
5113377354,5113377354,0,1277,910
5113727631,5113727615,-16,2418,1288
5115029697,5115029690,-7,1931,8757
5116963849,5116963853,4,2171,1688
5117519662,5117519665,3,1729,1660
5120085412,5120085417,5,2594,1571
5120712999,5120713002,3,1882,1172
5121453777,5121453782,5,1785,993
5123338082,5123338086,4,1177,943
5123761455,5123761458,3,1991,1056
5125876524,5125876528,4,1911,1302
5128088992,5128088983,-9,40725,14784
5128441618,5128441622,4,2128,1473
5130916487,5130916492,5,1364,1475
5131737956,5131737959,3,1863,1351
5133283741,5133283745,4,1636,1202
5136087518,5136087522,4,2044,2276
5139139559,5139139562,3,1667,2106
5141240390,5141240394,4,2055,807
5141357830,5141357835,5,1234,936
5144895549,5144895553,4,2216,1333
5144948417,5144948422,5,2065,1302
5145647446,5145647450,4,2462,1545
5146269986,5146269986,0,1110,1328
5147932188,5147932190,2,1415,1071
5149279407,5149279411,4,1663,907
5151402710,5151402715,5,1726,1054
5152647675,5152647679,4,2062,1516
5154543417,5154543421,4,1975,1481
5160032226,5160032230,4,2528,1777
5160943288,5160943290,2,2265,1349
5165585592,5165585597,5,2144,1671
5166396790,5166396794,4,825,987
5167096361,5167096367,6,2041,1156
5169744175,5169744183,8,3292,1490
5174557646,5174557651,5,1735,1145
5175614218,5175614219,1,1657,1139
5176791598,5176791607,9,1894,1139
5182409425,5182409430,5,2381,1639
5182673305,5182673309,4,2503,1329
5186505880,5186505883,3,2065,1640
5186711347,5186711351,4,2391,1188
5186959769,5186959775,6,1692,1362
5187676584,5187676585,1,1518,1108
5191464152,5191464157,5,1882,1471
5191612030,5191612034,4,2136,1466
5192982830,5192982836,6,2016,1133
5193884026,5193884030,4,2676,1936
5195347178,5195347183,5,2282,1180
5195824392,5195824375,-17,2275,1429
5207980898,5207980902,4,3124,1849
5210990267,5210990280,13,15208,21277
5217590038,5217590040,2,1202,1291
5217841897,5217841901,4,2078,1645
5220746126,5220746132,6,2261,1358
5221243929,5221243921,-8,1120,4158
5227803775,5227803777,2,2044,1054
5236770018,5236770022,4,1903,932
5237609154,5237609157,3,1922,1115
5238408975,5238408979,4,2422,1349
5239250889,5239250893,4,1402,1073
5240883542,5240883550,8,1799,1099
5243549960,5243549963,3,2142,1152
5244568811,5244568814,3,2418,1334
5244628891,5244628895,4,1722,1070
5244686126,5244686135,9,1658,909
5248507190,5248507195,5,1460,1120
5252503898,5252503902,4,1500,1259
5253290208,5253290215,7,3236,1284
5256888381,5256888386,5,1793,1261
5260150966,5260150971,5,2451,1014
5261703855,5261703858,3,1465,1122
5262065611,5262065608,-3,1803,5089
5264097728,5264097730,2,1497,1050
5266189698,5266189702,4,1740,1278
5266299151,5266299157,6,1725,1403
5266845287,5266845291,4,2211,1431
5267123755,5267123759,4,2468,1454
5267965601,5267965600,-1,2947,4592
5268629657,5268629661,4,2189,1119
5268976166,5268976150,-16,812,734
5270682957,5270682960,3,1958,1878
5273409697,5273409704,7,3097,1252
5273493595,5273493600,5,2136,1984
5273760023,5273760027,4,1721,1159
5276567616,5276567621,5,1657,985
5278917004,5278917006,2,1224,1772
5282299771,5282299788,17,39594,25135
5283595157,5283595162,5,1925,1230
5283770019,5283769998,-21,2157,1227
5286020113,5286020118,5,2337,1419
5286681597,5286681599,2,1297,1122
5290210738,5290210741,3,2148,1283
5290531652,5290531656,4,1671,1219
5291547799,5291547803,4,3254,1681
5293681862,5293681866,4,1325,916
5293920926,5293920929,3,1945,1696
5294564935,5294564939,4,1872,1450
5294989535,5294989539,4,1657,1161
5295122168,5295122173,5,1753,1116
5297316834,5297316839,5,1901,1234
5298535219,5298535225,6,1650,1063
5300024514,5300024518,4,1563,1260
5301565696,5301565701,5,2920,1735
5304468290,5304468292,2,1528,1357
5310260307,5310260311,4,1202,1134
5311511920,5311511926,6,2963,1685
5312087695,5312087698,3,1217,1464
5313168243,5313168244,1,1015,1224
5313562649,5313562653,4,2186,1380
5313622287,5313622292,5,2039,1073
5314180068,5314180078,10,2246,1119
5314219281,5314219287,6,2711,1349
5320892081,5320892083,2,2737,1359
5331235137,5331235138,1,1380,1469
5331963509,5331963507,-2,1764,1048
5334557959,5334557966,7,2552,1265
5335531114,5335531096,-18,1871,1587
5337969733,5337969735,2,1406,741
5341021918,5341021898,-20,1176,157
5343381858,5343381863,5,2391,1566
5349904275,5349904278,3,1651,1085
5354947978,5354947982,4,2264,1540
5355062171,5355062175,4,1682,1320
5355864930,5355864935,5,1369,824
5356086797,5356086793,-4,2137,4654
5357366501,5357366505,4,1785,1607
5360003852,5360003858,6,2808,1414
5361440618,5361440621,3,1820,990
5362121402,5362121405,3,3003,1591
5368519943,5368519948,5,1535,1468
5372963326,5372963326,0,1516,1713
5378966831,5378966833,2,989,1424
5381159747,5381159735,-12,13214,25330
5383703530,5383703535,5,1607,1155
5383835483,5383835461,-22,1059,709
5390652623,5390652618,-5,1652,4766
5391509539,5391509545,6,3624,1794
5392095803,5392095802,-1,1037,1885
5397446902,5397446907,5,1868,1508
5398166273,5398166278,5,2507,1129
5398399683,5398399689,6,3019,1314
5400123442,5400123446,4,1940,1244
5402928409,5402928417,8,2628,1097
5403533686,5403533690,4,1184,1112
5406760191,5406760194,3,1399,1285
5410749674,5410749679,5,1653,1082
5414089390,5414089391,1,1482,1152
5419190466,5419190471,5,1918,1346
5421484270,5421484273,3,1617,772
5421733666,5421733656,-10,1287,290
5424051762,5424051765,3,2063,1416
5425994602,5425994605,3,2397,1428
5427705635,5427705642,7,2157,1310
5428354846,5428354850,4,2328,1329
5429425623,5429425627,4,2081,763
5433410774,5433410778,4,2541,1383
5433694065,5433694046,-19,2409,1705
5433924899,5433924902,3,1332,975
5434574630,5434574634,4,1847,1464
5434825254,5434825259,5,2709,2068
5437949191,5437949195,4,2233,1270
5438574124,5438574118,-6,1234,3675
5438989834,5438989839,5,1903,1239
5440744717,5440744722,5,2409,705
5440933398,5440933402,4,1911,1143
5441525442,5441525446,4,1900,1042
5442180290,5442180287,-3,955,410
5443141178,5443141182,4,2226,1266
5448434218,5448434223,5,1900,1316
5449420847,5449420850,3,1159,621
5454843942,5454843935,-7,2376,9037
5464207910,5464207914,4,1950,1809
5466239548,5466239549,1,4425,16261
5469139206,5469139211,5,1651,1443
5469534042,5469534047,5,2072,1109
5469964213,5469964215,2,2864,1635
5472710802,5472710806,4,2271,1149
5473153866,5473153871,5,2641,1256
5474013058,5474013061,3,1292,834
5477432402,5477432406,4,1901,1739
5477627321,5477627325,4,2230,1249
5480425333,5480425339,6,1196,980
5480678839,5480678821,-18,1180,581
5481387499,5481387503,4,2121,1053
5481993405,5481993409,4,2076,1481
5486244545,5486244551,6,2416,1435
5489698795,5489698799,4,2516,1956
5492045459,5492045469,10,10794,43882
5492530318,5492530322,4,1497,865
5495775415,5495775419,4,2783,1302
5497422443,5497422443,0,2039,2381
5501052753,5501052755,2,2148,1433
5501192231,5501192213,-18,731,465
5504702547,5504702551,4,1733,1313
5506613529,5506613533,4,2253,1518
5507307958,5507307963,5,2127,1236
5510400541,5510400543,2,2226,1718
5524000360,5524000362,2,1822,1313
5526063188,5526063193,5,2238,1244
5526491277,5526491281,4,2432,1711
5527251237,5527251240,3,2078,2122
5528914450,5528914454,4,1941,1146
5533509297,5533509301,4,1561,1096
5533828629,5533828632,3,1997,926
5534626005,5534626010,5,1999,1413
5536675319,5536675321,2,1697,655
5536875849,5536875851,2,1369,855
5544444308,5544444311,3,2049,1334
5545617842,5545617820,-22,1924,1292
5551218695,5551218693,-2,1566,2233
5552055830,5552055834,4,2245,1391
5553056301,5553056304,3,27028,26993
5556870765,5556870771,6,2143,892
5560702153,5560702155,2,1737,1370
5561106356,5561106360,4,2251,1265
5563557083,5563557085,2,1521,1160
5564011399,5564011402,3,2580,1829
5566175897,5566175898,1,1220,1586
5577242462,5577242467,5,2527,850
5579960630,5579960630,0,1171,1338
5582359319,5582359325,6,2077,1566
5583277470,5583277474,4,2157,1798
5589009751,5589009755,4,1799,1449
5591417638,5591417642,4,1475,1375
5596355642,5596355635,-7,1209,4904
5598672249,5598672254,5,2243,1669
5599965818,5599965823,5,2176,1260
5603757662,5603757667,5,1436,949
5609393678,5609393679,1,1391,1055
5611517204,5611517207,3,1974,1454
5612870778,5612870781,3,1550,1053
5613701953,5613701946,-7,889,4578
5623770564,5623770568,4,2007,1279
5628837106,5628837111,5,3194,1724
5629542748,5629542753,5,2550,1464
5631149082,5631149085,3,1826,1750
5631396242,5631396246,4,1697,1347
5631508458,5631508461,3,2039,1350
5642257119,5642257123,4,1459,1299
5643290774,5643290775,1,1584,1327
5652089358,5652089363,5,2219,2006
5654647626,5654647630,4,984,995
5657732190,5657732197,7,1377,925
5658812441,5658812445,4,1910,1160
5661761149,5661761153,4,1658,1287
5664016598,5664016597,-1,1271,2267
5665154513,5665154518,5,2871,1543
5665699198,5665699201,3,1780,1799
5666844791,5666844795,4,2478,1396
5674088018,5674088023,5,2503,1144
5675433896,5675433899,3,1992,768
5679584654,5679584662,8,1734,1018
5682227294,5682227298,4,1468,1166
5682765547,5682765550,3,2499,1780
5684296755,5684296759,4,2018,1478
5684884869,5684884878,9,1540,1148
5686425671,5686425677,6,2054,1309
5688226158,5688226164,6,2083,2058
5688500612,5688500615,3,1856,1068
5694259313,5694259309,-4,1126,2543
5695484497,5695484498,1,1361,1145
5696101620,5696101624,4,1520,1143
5696824278,5696824282,4,2003,1466
5700858277,5700858282,5,2270,1491
5700937348,5700937352,4,2224,1598
5709895358,5709895362,4,4087,2069
5711112402,5711112406,4,2389,1644
5711399893,5711399899,6,2137,970
5719338252,5719338266,14,1795,4365
5720327923,5720327928,5,1154,975
5720465898,5720465901,3,1661,1502
5721583276,5721583275,-1,1590,1914
5722055598,5722055599,1,2238,1847
5724221604,5724221606,2,1375,1257
5726529279,5726529282,3,2227,1271
5727632983,5727632989,6,2118,1150
5727740227,5727740231,4,1398,973
5732259051,5732259054,3,2016,1341
5733861230,5733861234,4,2256,1851
5735260070,5735260075,5,2511,1705
5747587379,5747587385,6,1518,1025
5752921330,5752921330,0,3528,3601
5754145722,5754145725,3,1469,858
5757185170,5757185175,5,1552,1115
5757934962,5757934966,4,2073,849
5761770379,5761770379,0,1353,982
5762878385,5762878390,5,2328,1088
5763770452,5763770455,3,1553,950
5763935636,5763935645,9,870,242
5766464561,5766464564,3,2194,1324
5771074431,5771074434,3,1520,1259
5771278552,5771278556,4,2639,1528
5774220403,5774220406,3,2292,1525
5780898719,5780898722,3,2031,1357
5780964402,5780964406,4,1316,899
5786385325,5786385326,1,3262,3883
5789155365,5789155368,3,2571,1301
5798335801,5798335805,4,1313,973
5798670534,5798670536,2,1397,722
5800007697,5800007701,4,2422,1495
5803293250,5803293255,5,1530,1153
5803377442,5803377424,-18,2134,1755
5808032291,5808032284,-7,1243,7172
5809060133,5809060137,4,1511,1324
5818214171,5818214173,2,1486,1655
5818794043,5818794047,4,2046,1020
5819749364,5819749368,4,1959,1248
5820568396,5820568399,3,1573,1191
5820617336,5820617350,14,675,3202
5820758938,5820758943,5,3838,1436
5822380467,5822380472,5,2208,939
5823255116,5823255122,6,1746,831
5823680581,5823680585,4,1582,1410
5826982534,5826982531,-3,760,1268
5828054761,5828054767,6,3760,1622
5828794037,5828794043,6,2664,1798
5829677762,5829677765,3,1995,1013
5829731941,5829731945,4,1840,975
5829838154,5829838159,5,1320,999
5831198578,5831198583,5,1654,1151
5836621184,5836621187,3,2009,1274
5837255531,5837255535,4,2955,990
5838140052,5838140057,5,2505,1648
5840363930,5840363934,4,1868,1318
5843402678,5843402682,4,2011,1395
5843434904,5843434909,5,1476,1683
5845585659,5845585664,5,2423,1467
5846375891,5846375895,4,2531,1531
5849758535,5849758541,6,2341,881
5850349869,5850349876,7,1584,1419
5851505680,5851505683,3,2268,1282
5853244337,5853244342,5,2572,1445
5860414435,5860414440,5,2461,1549
5861001258,5861001262,4,1050,603
5862487458,5862487463,5,1806,1155
5862525102,5862525110,8,2244,1004
5863505422,5863505426,4,2030,972
5866801614,5866801618,4,1406,920
5871692002,5871692008,6,2428,1269
5871757450,5871757454,4,2273,1115
5872749805,5872749811,6,1803,1339
5882616582,5882616587,5,1430,1583
5884125651,5884125655,4,2020,1862
5886316270,5886316274,4,2758,1395
5887663384,5887663387,3,1798,1567
5889334011,5889334014,3,2339,948
5896185287,5896185291,4,1695,919
5897390439,5897390442,3,2002,1464
5902167046,5902167049,3,4572,4735
5904451782,5904451790,8,15237,18850
5906081194,5906081201,7,1593,1458
5906170123,5906170127,4,1881,951
5907880128,5907880131,3,1378,1155
5908397853,5908397858,5,1618,1366
5908846919,5908846923,4,2414,1110
5909423933,5909423937,4,2334,1335
5915964409,5915964413,4,1374,1128
5917030509,5917030512,3,1876,1549
5918874621,5918874626,5,1558,1422
5926202862,5926202867,5,1386,999
5931384402,5931384407,5,1322,742
5933103247,5933103253,6,2633,1644
5937677984,5937677987,3,1850,1259
5943580799,5943580804,5,2226,970
5943851645,5943851648,3,2434,1765
5946232702,5946232707,5,2478,1014
5946956201,5946956180,-21,2118,1049
5952000947,5952000953,6,2046,1654
5954227747,5954227750,3,2149,1219
5955256644,5955256649,5,2850,1718
5956267857,5956267862,5,3539,2817
5956659030,5956659037,7,2265,963
5960467440,5960467445,5,2761,1739
5962875730,5962875734,4,1933,1017
5966578725,5966578727,2,1891,2356
5966609930,5966609935,5,3008,1752
5968336782,5968336785,3,2270,2044
5971671798,5971671803,5,2219,1882
5974450385,5974450387,2,1983,1040
5976601909,5976601913,4,1302,1204
5979791147,5979791152,5,2450,1407
5984335010,5984335009,-1,45160,4254
5988947506,5988947509,3,1768,1268
5994753481,5994753483,2,2040,1445
5996102850,5996102854,4,2262,1465
5997701743,5997701749,6,2121,1402
5998224426,5998224431,5,2898,1814
6001977471,6001977468,-3,4319,8380
6003205793,6003205798,5,2147,1391
6003943170,6003943173,3,1652,1543
6004532477,6004532481,4,1754,1286
6005598618,6005598623,5,2854,1374
6006527637,6006527642,5,2095,1714
6009043608,6009043609,1,1407,1272
6010629801,6010629804,3,2489,1683
6012642270,6012642273,3,1894,1096
6019937526,6019937530,4,1900,937
6020434967,6020434971,4,2152,1370
6021112797,6021112800,3,1591,1205
6023706294,6023706298,4,2583,1618
6027151017,6027151023,6,1407,902
6027930487,6027930469,-18,2262,1567
6028450859,6028450870,11,1120,7539
6033987361,6033987364,3,2363,1545
6037124123,6037124129,6,1988,1231
6047287926,6047287931,5,2205,1469
6047921801,6047921806,5,2647,1618
6050151869,6050151873,4,1545,1421
6051618502,6051618506,4,2446,1313
6056493825,6056493831,6,2460,1234
6058396374,6058396377,3,2132,1568
6064504225,6064504230,5,1771,1214
6067216366,6067216369,3,1712,1483
6068821062,6068821065,3,2438,1919
6070267085,6070267088,3,1302,1320
6076663673,6076663678,5,1590,973
6078030229,6078030233,4,1536,1519
6080014089,6080014093,4,2853,1728
6081116660,6081116667,7,2454,899
6082240045,6082240050,5,2636,1897
6082499780,6082499777,-3,1152,1632
6082798916,6082798920,4,1694,886
6084865706,6084865710,4,1526,718
6086104649,6086104654,5,2720,1569
6086846622,6086846627,5,1979,1245
6087447842,6087447847,5,2394,1139
6088269312,6088269317,5,2096,1052
6089657982,6089657987,5,2323,1347
6091977229,6091977229,0,6866,6652
6092518162,6092518166,4,1762,1344
6092569156,6092569158,2,1582,924
6097314786,6097314790,4,2152,1468
6098603990,6098603994,4,2289,1653
6103828050,6103828045,-5,1580,6238
6103870103,6103870110,7,3389,1377
6115312738,6115312743,5,1488,1424
6117883797,6117883799,2,1436,921
6119431051,6119431056,5,2618,1195
6122777771,6122777775,4,1492,1384
6124881221,6124881226,5,2011,1449
6126128539,6126128543,4,1762,1520
6126646890,6126646894,4,2423,1131
6127879937,6127879943,6,1386,1271
6131307529,6131307532,3,1861,1293
6133108514,6133108518,4,3137,2909
6133951350,6133951349,-1,1611,1356
6134078550,6134078556,6,2245,1439
6134247653,6134247653,0,1822,1225
6137162366,6137162349,-17,1596,1886
6139894742,6139894745,3,2032,1289
6140960338,6140960342,4,1998,1661
6141133601,6141133604,3,1640,1366
6143063355,6143063359,4,1504,1070
6143679336,6143679336,0,17343,9757
6144188632,6144188632,0,6494,8857
6153452350,6153452350,0,1480,1267
6153837651,6153837655,4,1748,1194
6155207330,6155207334,4,2594,1171
6164747702,6164747706,4,1312,1022
6167325270,6167325273,3,52878,44640
6168856738,6168856742,4,1460,1498
6170042281,6170042284,3,2133,1506
6170658537,6170658541,4,1336,1418
6173546222,6173546229,7,2522,1393
6174413342,6174413345,3,2078,1037
6177398558,6177398562,4,1995,1107
6177582262,6177582277,15,1293,902
6180247450,6180247453,3,2156,1521
6183323423,6183323427,4,2696,1831
6186695267,6186695270,3,1552,1232
6189762558,6189762562,4,1735,1454
6196547297,6196547299,2,1303,1243
6196605882,6196605887,5,2927,1226
6203979159,6203979163,4,2228,1114
6208641030,6208641034,4,2531,1761
6208762397,6208762399,2,1430,956
6209079866,6209079844,-22,2758,1251
6210773225,6210773230,5,1447,1116
6211183161,6211183166,5,1721,1316
6212143789,6212143785,-4,1296,2970
6212630003,6212630009,6,1303,1241
6214754064,6214754067,3,1546,1297
6215330393,6215330408,15,2290,1335
6215989549,6215989553,4,2402,1670
6216276639,6216276645,6,2775,1878
6219037567,6219037571,4,1702,1882
6219644189,6219644191,2,1460,911
6223189165,6223189171,6,1778,1075
6225285062,6225285068,6,2140,1391
6229342115,6229342119,4,1569,1122
6230050390,6230050393,3,1906,2227
6235798249,6235798247,-2,2693,4793
6236059966,6236059969,3,1599,1575
6240746862,6240746867,5,1495,1183
6241666291,6241666287,-4,2543,6230
6242375547,6242375550,3,1881,1415
6245327777,6245327782,5,1215,966
6249747244,6249747248,4,1988,1795
6252100342,6252100345,3,2556,1546
6256652646,6256652650,4,2377,2189
6263509598,6263509601,3,2322,1337
6264059606,6264059611,5,1665,1043
6264878039,6264878040,1,1073,1193
6270090788,6270090789,1,1573,1105
6271811009,6271811012,3,1991,1897
6272256267,6272256270,3,1671,1212
6276768979,6276768982,3,1585,1151
6279847574,6279847578,4,1964,854
6281099989,6281099992,3,2478,1497
6281640655,6281640638,-17,2087,1064
6284178533,6284178538,5,1887,1237
6287840873,6287840877,4,2408,1648
6291042207,6291042213,6,2571,1585
6291706498,6291706501,3,1640,1186
6292884857,6292884878,21,1217,1209
6299411609,6299411614,5,1867,1347
6303222030,6303222034,4,1959,1411
6303613959,6303613963,4,1525,966
6303865323,6303865326,3,1975,1219
6306600540,6306600543,3,1791,1371
6306764222,6306764225,3,2668,2098
6306866766,6306866770,4,1640,1612
6311441627,6311441633,6,2233,1397
6315542505,6315542511,6,2481,1224
6321348282,6321348286,4,2184,1212
6322092224,6322092230,6,2852,1162
6322597496,6322597500,4,2008,2072
6325330172,6325330176,4,1443,1547
6325649562,6325649541,-21,1963,1012
6326612703,6326612709,6,2933,1844
6326926573,6326926556,-17,2351,582
6327590287,6327590291,4,1793,1528
6336851730,6336851735,5,1818,1483
6338067300,6338067303,3,1913,866
6339222046,6339222049,3,2043,1369
6340308597,6340308601,4,1427,1248
6340469380,6340469385,5,1347,1114
6342734265,6342734267,2,1846,1380
6344489857,6344489862,5,1422,726
6345904453,6345904458,5,1641,1254
6346138246,6346138251,5,1866,2017
6350108558,6350108562,4,1685,1647
6350446912,6350446914,2,1716,1386
6353400465,6353400469,4,2061,1194
6354248722,6354248725,3,1577,1168
6355901174,6355901172,-2,7256,13500
6357547754,6357547758,4,2291,1080
6365682532,6365682538,6,1523,1817
6366554345,6366554350,5,2282,1480
6368399504,6368399506,2,1769,1426
6370616871,6370616875,4,2130,1304
6371230753,6371230753,0,1880,2054
6371914996,6371915000,4,2307,1192
6375606704,6375606707,3,1812,1201
6383685564,6383685567,3,1266,1284
6386494788,6386494791,3,1680,1481
6388195062,6388195067,5,1178,998
6389978963,6389978966,3,2334,1338
6392220242,6392220242,0,33800,17796
6393541303,6393541286,-17,221,1263
6397405770,6397405774,4,1393,467
6397744049,6397744053,4,2054,1137
6398890337,6398890317,-20,1796,1341
6404502510,6404502515,5,2088,998
6405603678,6405603683,5,1856,1376
6405630292,6405630297,5,1831,1335
6405955990,6405955998,8,1384,776
6419154233,6419154238,5,2102,1785
6420643355,6420643359,4,2169,1551
6421010290,6421010290,0,875,1392
6422959734,6422959735,1,2536,2066
6426675224,6426675227,3,1870,982
6434512630,6434512634,4,2553,1124
6437111322,6437111325,3,1746,1007
6439860234,6439860237,3,1688,2145
6441088467,6441088487,20,1183,990
6442967674,6442967679,5,2638,1553
6444958486,6444958491,5,1706,1401
6447990118,6447990126,8,1663,1154
6449858966,6449858983,17,938,190
6452443505,6452443509,4,2603,1219
6454700197,6454700197,0,1783,2965
6455586017,6455586021,4,3527,1977
6460365608,6460365611,3,1888,1305
6460460307,6460460287,-20,839,272
6465003952,6465003955,3,2427,1271
6467686201,6467686207,6,2693,1097
6468830908,6468830910,2,2119,937
6471813295,6471813299,4,2702,2164
6480407385,6480407391,6,2672,1738
6480560410,6480560414,4,2361,1586
6480999107,6480999111,4,2062,1277
6486020916,6486020918,2,2265,1590
6488694578,6488694583,5,1442,1093
6492179061,6492179066,5,3554,1459
6492996998,6492997003,5,2213,1138
6493370205,6493370222,17,504,260
6495634002,6495634007,5,2393,1622
6500361641,6500361646,5,1713,1194
6501741227,6501741231,4,1733,613
6513982129,6513982133,4,2201,1378
6517246420,6517246422,2,1624,1345
6519220546,6519220548,2,1602,1132
6519970265,6519970267,2,1056,1148
6520238998,6520239002,4,1395,965
6521319577,6521319581,4,2024,1706
6521703910,6521703894,-16,1004,865
6524162252,6524162254,2,2412,1798
6535186194,6535186198,4,2008,1395
6537639697,6537639701,4,2140,1387
6539934613,6539934619,6,1604,897
6546082741,6546082746,5,1524,883
6547377902,6547377907,5,1482,1519
6549084356,6549084358,2,2029,1376
6549979397,6549979401,4,2080,1193
6553823282,6553823287,5,1700,1110
6554558222,6554558225,3,1163,1217
6557138331,6557138315,-16,2421,892
6557741167,6557741170,3,2134,1570
6557868875,6557868882,7,2606,1651
6562491774,6562491778,4,1493,1126
6563912418,6563912421,3,1604,1535
6564557584,6564557588,4,2828,1962
6565340353,6565340356,3,2466,1556
6569192476,6569192480,4,2269,1546
6569564630,6569564635,5,1516,908
6571992089,6571992093,4,2008,991
6573490789,6573490800,11,13242,44131
6573972706,6573972711,5,2952,1517
6576595516,6576595511,-5,1548,2812
6577445526,6577445531,5,1439,1171
6579760601,6579760606,5,1788,1010
6580701851,6580701854,3,1947,1645
6580826117,6580826123,6,2312,1097
6580965425,6580965439,14,2155,1347
6582023882,6582023886,4,1089,870
6583987189,6583987189,0,1703,2846
6585104798,6585104792,-6,3261,8902
6585781129,6585781134,5,2182,861
6585811125,6585811131,6,1815,1408
6587367697,6587367698,1,1868,1700
6587466683,6587466691,8,2352,1502
6598602462,6598602465,3,1376,1101
6606267073,6606267076,3,3282,3026
6607826606,6607826611,5,2400,1284
6610869915,6610869920,5,1556,1127
6616251689,6616251691,2,1716,1936
6621231723,6621231726,3,3020,2490
6624726405,6624726409,4,2584,1429
6629188240,6629188243,3,2049,1189
6631670848,6631670853,5,1484,952
6633209754,6633209760,6,3867,2060
6633630549,6633630546,-3,1646,2627
6636492283,6636492283,0,1056,1531
6641990229,6641990235,6,1383,1207
6650145626,6650145631,5,2656,1641
6652242563,6652242567,4,1557,1431
6657068870,6657068874,4,1556,981
6657470822,6657470821,-1,757,228
6659783215,6659783219,4,1663,711
6670339162,6670339168,6,3269,1685
6672717586,6672717586,0,1179,1736
6676462270,6676462274,4,2597,1513
6680730943,6680730946,3,1052,1020
6683235245,6683235250,5,1746,1354
6683858077,6683858082,5,1527,1388
6683928430,6683928434,4,2603,1764
6687200594,6687200597,3,2021,1496
6688085825,6688085840,15,13510,52909
6692663241,6692663245,4,1478,1144
6699272710,6699272712,2,1982,1157
6703004590,6703004595,5,2016,1334
6704807197,6704807201,4,2509,1556
6712005547,6712005551,4,2440,1672
6712096357,6712096362,5,2772,916
6714013053,6714013055,2,1129,1029
6715417120,6715417123,3,2208,1576
6715475770,6715475750,-20,1001,656
6715537930,6715537933,3,1900,1009
6716589260,6716589262,2,2089,1371
6716840538,6716840543,5,805,645
6717457519,6717457525,6,2328,1031
6719457454,6719457458,4,2188,1543
6720502154,6720502157,3,1926,1323
6722519725,6722519729,4,2480,2029
6728216441,6728216447,6,1724,959
6729435547,6729435524,-23,804,270
6730471795,6730471802,7,3514,1909
6731145377,6731145382,5,2357,1349
6735184948,6735184952,4,2651,1542
6737851163,6737851167,4,1712,1763
6740089332,6740089334,2,1637,1249
6741163942,6741163947,5,2542,1568
6743272514,6743272519,5,1584,976
6748520398,6748520406,8,1432,713
6754131390,6754131392,2,2117,1463
6754543106,6754543112,6,1455,908
6756865601,6756865606,5,1635,1731
6758397761,6758397766,5,2262,1499
6760095413,6760095417,4,2009,1549
6762846783,6762846787,4,2617,1407
6763598471,6763598475,4,1993,1398
6765200058,6765200059,1,1136,748
6765559141,6765559146,5,2317,1956
6768726802,6768726807,5,1956,1209
6772903065,6772903069,4,2381,1329
6773802130,6773802134,4,2126,974
6778580182,6778580188,6,2064,1441
6780287210,6780287215,5,1737,1223
6782631443,6782631447,4,2090,1473
6787186769,6787186774,5,2774,1498
6788738723,6788738726,3,1905,879
6789186472,6789186492,20,2162,1347
6789860671,6789860674,3,1411,977
6790563221,6790563224,3,23777,37123
6791095875,6791095879,4,2200,1026
6795993641,6795993645,4,1699,946
6797504722,6797504726,4,2753,1781
6801578432,6801578437,5,1750,1205
6801681438,6801681424,-14,2115,1302
6807823558,6807823563,5,2874,1847
6808734481,6808734484,3,1808,1304
6814719514,6814719518,4,1516,1267
6818435575,6818435579,4,2171,1477
6818479970,6818479950,-20,909,563
6820442253,6820442258,5,2679,1519
6822588095,6822588098,3,1646,803
6823769832,6823769837,5,987,617
6825813273,6825813280,7,1756,1489
6825924082,6825924085,3,1494,1596
6826061921,6826061926,5,2000,1171
6826114134,6826114133,-1,1660,2048
6830900693,6830900698,5,1587,698
6831238578,6831238583,5,2002,852
6832830453,6832830458,5,2577,1378
6837014829,6837014834,5,1721,1165
6837187270,6837187274,4,1455,1236
6837464980,6837464986,6,2263,1226
6845145691,6845145697,6,2038,1421
6846456734,6846456741,7,2707,1603
6850764533,6850764531,-2,1155,2221
6855511433,6855511437,4,1643,1162
6856101812,6856101814,2,2313,1320
6862647053,6862647058,5,2117,1594
6865556421,6865556425,4,1538,1313
6868885289,6868885291,2,2188,1590
6870169552,6870169555,3,1760,1350
6873320103,6873320107,4,2641,1176
6873882753,6873882757,4,1800,1640
6874412357,6874412361,4,1990,1174
6875898513,6875898515,2,1704,1009
6877270122,6877270124,2,1021,1689
6878017182,6878017187,5,2609,1838
6879073531,6879073537,6,3333,1112
6880046491,6880046469,-22,1931,739
6881451005,6881451009,4,2312,1584
6891288532,6891288536,4,2435,1751
6892234650,6892234655,5,2461,1354
6894089297,6894089299,2,1615,1501
6896051021,6896051019,-2,1270,3164
6896842702,6896842706,4,1509,1588
6900339399,6900339404,5,1926,1752
6901492348,6901492354,6,1720,959
6904424377,6904424381,4,1326,439
6904658464,6904658466,2,1008,903
6918197949,6918197954,5,1947,979
6919195204,6919195211,7,1884,1301
6922403086,6922403092,6,2184,1741
6925428389,6925428405,16,781,353
6927111906,6927111910,4,2474,1541
6933006154,6933006158,4,1838,1305
6935695978,6935695976,-2,1404,3054
6936418894,6936418899,5,2413,1875
6936708034,6936708037,3,1695,1403
6940753474,6940753477,3,2288,1323
6940980631,6940980635,4,3161,1767
6945010456,6945010460,4,1669,1493
6946688146,6946688149,3,1636,1128
6946766171,6946766174,3,1992,1459
6951694614,6951694619,5,2286,1701
6954158222,6954158225,3,2114,1160
6960146350,6960146356,6,6799,3182
6965894464,6965894468,4,1879,1412
6968581827,6968581830,3,1153,1120
6970690605,6970690611,6,4794,2020
6970858134,6970858137,3,983,1241
6972136114,6972136119,5,1975,1569
6972327827,6972327830,3,1909,1851
6974103023,6974103030,7,18486,49110
6974588505,6974588509,4,2036,1619
6977111538,6977111543,5,2572,1104
6978628905,6978628909,4,2543,1354
6981811065,6981811070,5,2161,1689
6983575828,6983575829,1,1432,1524
6985804445,6985804451,6,2149,1363
6985850087,6985850094,7,1447,875
6990797681,6990797682,1,1943,1451
6993571090,6993571094,4,2223,1382
6994234973,6994234956,-17,700,279
6995581941,6995581945,4,1855,1214
7000618050,7000618053,3,1470,1039
7000975020,7000975023,3,1496,1179
7001629971,7001629974,3,1971,1189
7005790989,7005790991,2,1924,1053
7006775734,7006775739,5,1999,1297
7006807962,7006807966,4,1616,1113
7007457986,7007457991,5,2119,1932
7010681857,7010681860,3,2585,1935
7011636876,7011636882,6,2321,1116
7012717335,7012717338,3,2695,1318
7013285478,7013285480,2,1735,1603
7014058125,7014058130,5,1995,844
7014144513,7014144517,4,1709,1615
7016621745,7016621749,4,2435,2213
7018322039,7018322033,-6,1506,8181
7018354920,7018354923,3,1792,1038
7019513645,7019513649,4,2506,1350
7021370042,7021370045,3,2161,1015
7022513289,7022513293,4,2686,1500
7024391636,7024391631,-5,1967,4892
7027637322,7027637327,5,1461,1346
7028747806,7028747810,4,2024,1218
7029034779,7029034783,4,2891,1369
7029265168,7029265173,5,2133,1653
7030636586,7030636593,7,1239,1202
7041735710,7041735714,4,1773,965
7043353291,7043353291,0,999,1509
7049581918,7049581919,1,1638,1837
7051565001,7051565001,0,1110,1288
7053888745,7053888751,6,2665,1241
7059019282,7059019286,4,1432,1374
7062197529,7062197535,6,1810,1365
7065114978,7065114983,5,1350,943
7071114483,7071114482,-1,1203,1537
7072606741,7072606742,1,1661,1541
7073116682,7073116687,5,2094,1494
7073765709,7073765713,4,2938,1478
7074272971,7074272950,-21,1514,1007
7075298554,7075298557,3,1751,986
7080528558,7080528560,2,1670,1766
7081702858,7081702863,5,1945,1029
7082421681,7082421685,4,2232,1109
7087854802,7087854799,-3,5900,12926
7089446415,7089446419,4,1636,1238
7092196526,7092196529,3,1012,1715
7099596150,7099596153,3,1828,780
7101060595,7101060598,3,948,681
7105725196,7105725199,3,2361,1097
7109183670,7109183675,5,1630,1007
7110522405,7110522408,3,1395,1248
7111633289,7111633293,4,1642,908
7112884812,7112884813,1,897,1248
7113163723,7113163727,4,1769,1046
7114476231,7114476234,3,1461,894
7118370886,7118370892,6,1740,1139
7122708383,7122708386,3,2088,1792
7122789923,7122789928,5,2930,1783
7124711489,7124711491,2,1563,1536
7127124873,7127124876,3,2041,1890
7133417464,7133417469,5,2009,1518
7134692421,7134692426,5,2639,2023
7134782236,7134782242,6,1870,1759
7136309701,7136309703,2,1949,1585
7138478689,7138478693,4,1214,945
7139398126,7139398130,4,4995,2728
7144243551,7144243555,4,1624,1028
7144979870,7144979874,4,1627,1690
7149126422,7149126427,5,1917,1671
7151235842,7151235847,5,1279,942
7151328526,7151328512,-14,968,1018
7154076798,7154076804,6,2290,1454
7156234967,7156234971,4,2377,1186
7158579670,7158579652,-18,1804,965
7160941126,7160941130,4,1690,1284
7162876776,7162876780,4,2047,1109
7163044954,7163044958,4,2245,1307
7163423622,7163423627,5,1205,989
7163480588,7163480591,3,1700,1266
7164878838,7164878841,3,2638,1969
7165925589,7165925593,4,1811,1257
7168563166,7168563174,8,1923,1596
7168593230,7168593238,8,2059,1204
7168707740,7168707746,6,4596,1907
7170118711,7170118716,5,1896,1401
7174374191,7174374194,3,1592,1449
7175491406,7175491410,4,1944,1455
7176110967,7176110971,4,2226,1646
7179557804,7179557810,6,1346,1083
7181500342,7181500348,6,2212,1187
7183749542,7183749548,6,1481,1328
7184003657,7184003661,4,1959,1392
7184627004,7184627008,4,2368,1831
7189176100,7189176106,6,3363,1294
7190052914,7190052909,-5,1445,3024
7191545130,7191545135,5,1539,1138
7196346081,7196346084,3,2219,1245
7201714627,7201714634,7,1253,889
7205518749,7205518747,-2,1693,2279
7207412599,7207412603,4,1753,1299
7208207750,7208207755,5,1811,1518
7208935206,7208935208,2,1701,1154
7214976521,7214976526,5,1928,1330
7220010715,7220010718,3,2115,1489
7221038712,7221038718,6,1452,1065
7224001469,7224001473,4,1889,1530
7229683654,7229683650,-4,1084,2938
7230558284,7230558286,2,1920,1151
7230793027,7230793032,5,2802,1709
7231878951,7231878953,2,2028,1446
7236477257,7236477262,5,2177,1206
7240334939,7240334944,5,1488,987
7241181486,7241181490,4,1920,1462
7242591779,7242591782,3,583,563
7245014727,7245014731,4,2708,1567
7246194848,7246194850,2,1468,1325
7248808786,7248808788,2,2190,1255
7252251266,7252251271,5,1804,1118
7253707645,7253707647,2,1913,1366
7257728799,7257728801,2,1915,1314
7257757250,7257757254,4,1665,974
7260564815,7260564820,5,1975,1028
7263089487,7263089492,5,2485,1883
7264319878,7264319879,1,1511,1202
7267740898,7267740901,3,1495,1187
7273504395,7273504398,3,1849,1249
7274824861,7274824866,5,4543,2242
7275767683,7275767682,-1,1063,1912
7277000009,7277000014,5,1594,1076
7282479078,7282479081,3,1773,1467
7284492126,7284492132,6,4337,1749
7290133690,7290133695,5,1504,1370
7291225782,7291225786,4,2078,1571
7293210889,7293210894,5,2145,1120
7293253403,7293253407,4,1901,949
7297762858,7297762862,4,1682,1063
7303801553,7303801557,4,2172,2076
7307086790,7307086792,2,3484,3469
7308819299,7308819302,3,1637,1313
7308994971,7308994957,-14,557,156
7311242590,7311242591,1,1653,1412
7311546713,7311546717,4,1857,1542
7311858699,7311858702,3,2433,1686
7312719334,7312719339,5,1926,1482
7316843906,7316843913,7,2607,1313
7317019200,7317019181,-19,1001,388
7317254818,7317254822,4,1634,1232
7318533561,7318533567,6,2299,1148
7318640258,7318640262,4,3137,1474
7326743882,7326743887,5,1544,934
7326889834,7326889836,2,2387,1865
7327139406,7327139409,3,2465,1769
7329078994,7329078997,3,1218,945
7330852275,7330852280,5,1854,1824
7332153021,7332153025,4,1323,803
7333284106,7333284111,5,3198,1343
7334730280,7334730283,3,2211,1321
7335768506,7335768508,2,1484,1260
7343861826,7343861829,3,2394,1311
7346387236,7346387239,3,1674,1237
7348662359,7348662348,-11,1788,785
7348958078,7348958064,-14,1883,1309
7349581610,7349581614,4,2285,1698
7353786522,7353786526,4,2752,2235
7353852306,7353852311,5,2752,2130
7355999239,7355999241,2,1501,1316
7356359070,7356359074,4,1887,1902
7357278714,7357278712,-2,1268,3097
7358191435,7358191434,-1,3116,4311
7361097949,7361097954,5,3374,2022
7361262518,7361262523,5,1956,1546
7365236070,7365236074,4,2148,1164
7373340838,7373340837,-1,41162,18946
7375814468,7375814472,4,2385,2145
7376501882,7376501885,3,2016,1497
7377321611,7377321614,3,1106,541
7382563407,7382563410,3,1537,1530
7393465051,7393465056,5,2446,1255
7395594287,7395594291,4,2522,1913
7396875850,7396875845,-5,1268,5012
7404191954,7404191959,5,2097,1887
7404896419,7404896422,3,1522,1144
7408475831,7408475834,3,1642,1351
7420290318,7420290322,4,1633,1353
7425360096,7425360101,5,1810,1082
7427114802,7427114802,0,1551,1797
7428306829,7428306838,9,11643,37012
7429048328,7429048330,2,2276,1241
7433763878,7433763882,4,2116,899
7441486860,7441486865,5,1802,1259
7444710202,7444710205,3,2260,1527
7451239894,7451239898,4,1913,1685
7454770115,7454770118,3,1875,1527
7455186218,7455186218,0,1493,1474
7456852050,7456852054,4,1482,1194
7458578302,7458578305,3,1434,1270
7458697598,7458697603,5,2481,1160
7462558762,7462558765,3,2340,1566
7466365936,7466365939,3,1211,1156
7466963881,7466963885,4,2742,1476
7475665229,7475665234,5,1312,894
7484296511,7484296512,1,1208,1920
7486837938,7486837942,4,1947,1487
7487089885,7487089891,6,2635,1411
7494341122,7494341125,3,1672,949
7494450122,7494450126,4,2585,1674
7495439246,7495439251,5,2691,1241
7502295578,7502295582,4,1878,1322
7506444354,7506444359,5,2306,1425
7511023110,7511023115,5,2059,1080
7514916725,7514916727,2,1513,1108
7515531652,7515531657,5,2007,1712
7516885431,7516885430,-1,986,1506
7522809396,7522809401,5,1335,1313
7525109433,7525109435,2,1561,1336
7531238362,7531238367,5,2165,1250
7532121013,7532121016,3,1665,1622
7538399886,7538399891,5,1804,1317
7538690315,7538690320,5,2472,1673
7540289419,7540289424,5,1808,1206
7547307281,7547307285,4,1768,1379
7548197869,7548197874,5,2323,1216
7548331631,7548331631,0,1316,1114
7549754174,7549754177,3,1467,1882
7550905874,7550905878,4,2733,1695
7551543966,7551543971,5,2007,989
7554588978,7554588982,4,2096,1796
7555403539,7555403541,2,1399,1194
7558961295,7558961296,1,1899,2340
7560125813,7560125819,6,1873,1508
7561000171,7561000175,4,1320,1536
7561456091,7561456095,4,870,825
7565096398,7565096399,1,1514,2057
7567600984,7567600985,1,1446,1767
7570067541,7570067546,5,2541,1027
7570812885,7570812890,5,2279,1569
7571207339,7571207345,6,1750,795
7572950969,7572950973,4,1956,1219
7575830206,7575830207,1,664,1066
7577290078,7577290081,3,1362,1553
7578662874,7578662878,4,1192,1029
7579600510,7579600514,4,1361,943
7581474886,7581474888,2,1627,942
7589608841,7589608846,5,1980,962
7590785514,7590785518,4,1930,1460
7594939263,7594939267,4,1380,1160
7596363822,7596363827,5,2219,1388
7596993078,7596993078,0,2808,3087
7597173681,7597173685,4,2165,1955
7600698945,7600698927,-18,2150,1078
7600728989,7600728993,4,1896,1808
7604888945,7604888951,6,1585,895
7608948100,7608948103,3,2187,1296
7609072253,7609072257,4,1422,1180
7615444782,7615444776,-6,3387,11477
7623997318,7623997334,16,2214,914
7626697802,7626697806,4,3163,1900
7627603537,7627603541,4,2640,1821
7627975809,7627975814,5,2179,1328
7628044234,7628044239,5,1064,1275
7629831737,7629831741,4,1892,1152
7635289529,7635289533,4,1461,1408
7639189809,7639189813,4,1643,1502
7644661945,7644661947,2,1447,1390
7647956542,7647956544,2,4682,2755
7656386652,7656386658,6,1969,1236
7656873933,7656873939,6,1973,1806
7660170154,7660170157,3,2360,2084
7660624809,7660624813,4,3206,1108
7665410707,7665410709,2,3031,1475
7667162425,7667162431,6,2126,1157
7670048754,7670048759,5,2141,1026
7674934724,7674934727,3,2527,1764
7675225442,7675225448,6,1325,1521
7676093920,7676093925,5,1821,1517
7676121136,7676121141,5,1895,1641
7679112018,7679112025,7,2001,1254
7682537373,7682537379,6,2548,1803
7692915898,7692915901,3,2117,1387
7694834716,7694834719,3,2081,1260
7696289822,7696289826,4,1429,1039
7711333810,7711333815,5,1921,1109
7711452701,7711452705,4,1355,1341
7713014278,7713014281,3,1257,1096
7715321778,7715321757,-21,1722,926
7723925722,7723925727,5,1683,1217
7725170057,7725170062,5,2090,1566
7726904910,7726904914,4,2064,1456
7727157227,7727157242,15,12769,52045
7727812841,7727812842,1,1712,1493
7730250512,7730250516,4,2659,1159
7739784082,7739784078,-4,3344,37106
7739913602,7739913603,1,1066,1106
7739956999,7739957015,16,1157,1162
7740827894,7740827885,-9,6893,17432
7740985809,7740985811,2,1853,1222
7742460683,7742460686,3,1236,1008
7748706395,7748706401,6,2238,1057
7751135534,7751135539,5,2082,1631
7757472962,7757472964,2,1476,1499
7760565437,7760565438,1,2117,1265
7761760918,7761760922,4,1897,1014
7762096010,7762096009,-1,1493,1304
7764120795,7764120798,3,1330,1262
7769850990,7769850991,1,1823,2021
7770665468,7770665473,5,2645,1417
7771800518,7771800522,4,1754,1326
7773925629,7773925630,1,2237,1273
7775908651,7775908656,5,1694,906
7776447529,7776447532,3,1633,1198
7782850401,7782850402,1,1625,1449
7782959939,7782959942,3,2442,1343
7787813445,7787813451,6,2580,1265
7789014021,7789014026,5,2021,1294
7789147501,7789147488,-13,1408,922
7789883190,7789883196,6,2781,1422
7792376997,7792377001,4,1894,1334
7793304398,7793304402,4,2675,1373
7793702647,7793702653,6,3147,1544
7800096827,7800096833,6,3229,1696
7800443482,7800443486,4,2133,1496
7800823077,7800823081,4,1513,1270
7804131566,7804131570,4,1331,1064
7804301641,7804301638,-3,1532,2252
7805020361,7805020366,5,1833,989
7805147602,7805147592,-10,855,250
7805536298,7805536301,3,2218,1308
7805907745,7805907749,4,2230,1356
7806309952,7806309956,4,1744,955
7807650956,7807650971,15,2293,948
7807698939,7807698943,4,2223,1166
7810804650,7810804654,4,1976,1425
7811832488,7811832503,15,1107,202
7813862509,7813862515,6,2813,1159
7816511541,7816511545,4,2077,1309
7817083642,7817083646,4,1644,732
7817158390,7817158395,5,1776,1188
7818408826,7818408831,5,1767,1359
7823837581,7823837583,2,1915,1071
7825227898,7825227902,4,2312,1208
7826745003,7826745006,3,2585,1791
7826985657,7826985660,3,1891,1417
7830596382,7830596385,3,2147,919
7830864465,7830864485,20,2617,1410
7832061718,7832061727,9,2561,975
7833452621,7833452625,4,1693,1472
7833812037,7833812024,-13,2974,1225
7835429266,7835429272,6,2424,1423
7836497874,7836497878,4,1633,1211
7837727725,7837727725,0,1244,1474
7842636530,7842636533,3,1831,1655
7847459385,7847459389,4,2406,1841
7851537337,7851537342,5,2335,1690
7854508324,7854508328,4,1851,1333
7855115243,7855115247,4,2343,1166
7856025059,7856025063,4,1954,1168
7864563762,7864563766,4,2234,1294
7870884440,7870884445,5,2034,1105
7871993368,7871993374,6,2287,1412
7874062631,7874062635,4,1995,1118
7874122195,7874122174,-21,2207,1363
7878769155,7878769157,2,1513,1609
7879184137,7879184142,5,1898,1419
7886600843,7886600848,5,1715,1398
7889718796,7889718800,4,2145,1164
7891245944,7891245950,6,2004,1867
7893255663,7893255667,4,1418,982
7894017179,7894017185,6,1869,1132
7898080343,7898080346,3,1696,1343
7901748846,7901748851,5,1648,710
7904530929,7904530931,2,2084,1109
7909234153,7909234157,4,2876,1367
7910700790,7910700797,7,10231,26119
7913096426,7913096431,5,1773,1130
7918962990,7918962993,3,2133,1637
7920283134,7920283134,0,1140,2140
7920749374,7920749379,5,2284,1431
7923965280,7923965283,3,2510,1213
7924271142,7924271146,4,2515,845
7924418497,7924418477,-20,1882,1348
7925809449,7925809453,4,1421,1032
7927982118,7927982124,6,1729,1340
7928822978,7928822983,5,1710,1334
7932962125,7932962130,5,1390,1542
7936749029,7936749034,5,2575,1345
7938416025,7938416028,3,1511,1305
7945297339,7945297342,3,2470,1247
7945763306,7945763309,3,1746,1345
7946458765,7946458770,5,1419,1475
7947741943,7947741946,3,1944,1212
7948043138,7948043118,-20,1958,973
7948398373,7948398378,5,1847,833
7954080243,7954080250,7,2395,1230
7954438492,7954438494,2,2295,1611
7955407447,7955407452,5,2497,1411
7960609222,7960609227,5,3287,1569
7961102594,7961102597,3,1505,1629
7966846093,7966846098,5,1576,1676
7967075458,7967075462,4,1867,921
7967672732,7967672735,3,2072,1217
7968041252,7968041256,4,1879,1282
7968135082,7968135085,3,1243,1758
7972132298,7972132303,5,2462,1513
7972303758,7972303756,-2,1845,4424
7976030123,7976030130,7,2159,1308
7979023071,7979023073,2,1227,705
7979766027,7979766031,4,1680,1326
7979973278,7979973281,3,2182,1482
7981827234,7981827238,4,1489,1345
7982471513,7982471516,3,1084,688
7987032779,7987032783,4,1665,1255
7988542783,7988542786,3,1171,1349
7988714491,7988714502,11,2688,1464
7990017455,7990017457,2,1155,1292
7990597962,7990597966,4,1538,1007
7993828573,7993828578,5,2240,1448
7993971898,7993971902,4,1612,1031
7996588250,7996588255,5,1798,1139
7997450021,7997450026,5,2879,1651
7999054030,7999054033,3,3105,1424
8001063284,8001063291,7,5894,1985
8001574923,8001574926,3,1920,1561
8003339311,8003339310,-1,3179,4494
8005655303,8005655306,3,1592,1568
8007065548,8007065553,5,1668,1180
8009628356,8009628359,3,1858,929
8016341038,8016341037,-1,1542,1741
8023038442,8023038445,3,1799,1000
8023230899,8023230903,4,2863,1556
8026808518,8026808524,6,1956,1078
8027773260,8027773261,1,1701,1293
8031100731,8031100738,7,3239,1200
8034497012,8034497015,3,1611,1265
8034824394,8034824394,0,1723,3073
8038220525,8038220529,4,1571,1011
8041098562,8041098566,4,1528,1279
8041148910,8041148893,-17,1023,530
8043960061,8043960067,6,1630,1457
8045942597,8045942602,5,1593,1150
8046507543,8046507546,3,1814,1057
8046949265,8046949270,5,1661,1618
8047786376,8047786380,4,2519,2023
8050018702,8050018707,5,1733,1191
8052583257,8052583262,5,1790,1365
8058582468,8058582470,2,1868,1604
8060148839,8060148846,7,2721,1548
8061317776,8061317791,15,13524,48247
8064423818,8064423821,3,1461,1144
8067158014,8067158018,4,1559,1097
8070528798,8070528802,4,1973,1264
8073495113,8073495115,2,1636,1364
8074262308,8074262311,3,1809,1229
8074948295,8074948302,7,1472,858
8075283309,8075283311,2,1951,1532
8080543276,8080543280,4,2390,1633
8082549465,8082549469,4,2482,1553
8083042170,8083042175,5,2533,1348
8086386214,8086386220,6,2791,1516
8088435729,8088435733,4,2830,1974
8094992661,8094992665,4,1769,1202
8099681409,8099681413,4,1957,1330
8104587994,8104587998,4,2366,1363
8105355150,8105355155,5,1893,1564
8105954147,8105954133,-14,2062,1080
8107661943,8107661949,6,2475,1840
8108612455,8108612458,3,2053,1610
8109795665,8109795678,13,1864,1124
8110772422,8110772427,5,1873,1001
8110821221,8110821226,5,2347,1613
8113029175,8113029179,4,2098,1089
8116470163,8116470167,4,1472,1363
8118910390,8118910392,2,1617,1543
8120197374,8120197378,4,3555,2420
8120513528,8120513531,3,1862,1163
8120622829,8120622834,5,2111,1733
8121315363,8121315368,5,2979,1043
8122265918,8122265934,16,1797,1631
8124510103,8124510107,4,1673,1432
8127323994,8127323996,2,17225,14635
8130605964,8130605967,3,2183,1398
8135065158,8135065162,4,1863,1283
8135126745,8135126767,22,1998,1168
8143178311,8143178315,4,1971,1580
8145591063,8145591066,3,1225,1358
8145804416,8145804398,-18,2105,1378
8146567287,8146567290,3,1767,1631
8153782755,8153782758,3,1470,1406
8154450836,8154450839,3,2019,1206
8155588355,8155588351,-4,985,1951
8155951366,8155951370,4,1620,1284
8159603853,8159603854,1,2992,3808
8160713034,8160713038,4,1742,1460
8162088392,8162088397,5,1720,1220
8162670371,8162670370,-1,40556,21182
8163697885,8163697880,-5,1487,3012
8164473917,8164473920,3,9898,23723
8166279057,8166279061,4,2171,1481
8167707650,8167707653,3,2488,1433
8169346382,8169346386,4,2423,1289
8172136670,8172136673,3,2318,1100
8175815342,8175815347,5,2853,1251
8179728472,8179728476,4,1862,1411
8180624847,8180624841,-6,1041,4684
8183280163,8183280168,5,2381,1731
8185385523,8185385527,4,2643,1488
8186294145,8186294149,4,1316,727
8187160581,8187160585,4,1558,1017
8190907229,8190907230,1,1626,1438
8192987946,8192987949,3,2650,1406
8193710765,8193710769,4,1294,1193
8196040599,8196040602,3,1718,1822
8196541770,8196541773,3,976,1579
8197901396,8197901400,4,2341,1297
8199265358,8199265359,1,1428,1113
8203394726,8203394731,5,1717,920
8206987643,8206987649,6,2092,1588
8208820597,8208820601,4,1885,1079
8209503721,8209503724,3,2593,1566
8211270338,8211270345,7,2123,1366
8213165604,8213165602,-2,1286,2064
8213456854,8213456860,6,2925,1690
8217179638,8217179641,3,1441,1068
8220319407,8220319412,5,2597,1736
8223356510,8223356515,5,2105,919
8226626329,8226626334,5,2096,963
8228019239,8228019223,-16,1371,831
8234790670,8234790672,2,2578,1629
8239016909,8239016913,4,2595,1515
8239194484,8239194491,7,20,397
8240358314,8240358317,3,2345,1755
8241841901,8241841905,4,2157,1412
8246889987,8246889990,3,1542,983
8250241123,8250241125,2,1348,1101
8263925586,8263925594,8,2306,915
8267522061,8267522067,6,1947,1053
8268783298,8268783304,6,2303,1414
8272770973,8272770974,1,1625,1922
8277023545,8277023550,5,1915,1192
8277075946,8277075949,3,2456,1686
8280055370,8280055375,5,1388,1359
8283540247,8283540250,3,1475,1013
8284335514,8284335518,4,2123,1251
8286648454,8286648460,6,2355,1242
8286868097,8286868107,10,8566,31368
8289326265,8289326272,7,4655,1539
8290213406,8290213409,3,1479,999
8290702569,8290702573,4,1204,1185
8295006022,8295006026,4,1931,1340
8295343758,8295343762,4,1503,1587
8300164798,8300164801,3,1451,1294
8302295231,8302295235,4,1638,1419
8302690483,8302690487,4,1678,1418
8303094237,8303094242,5,2481,1610
8304589933,8304589935,2,1927,1326
8305006107,8305006108,1,1404,1023
8306767414,8306767418,4,1170,936
8308634126,8308634129,3,1115,839
8311525894,8311525899,5,2310,1152
8314431479,8314431483,4,1243,1027
8314520427,8314520447,20,1731,1142
8314846865,8314846863,-2,4940,7710
8314961186,8314961186,0,1563,1707
8317757578,8317757582,4,2642,1502
8321083502,8321083507,5,2103,1206
8322177377,8322177385,8,2890,1334
8324245154,8324245158,4,2384,2132
8325265434,8325265438,4,1829,1456
8327114214,8327114219,5,1947,1268
8333181637,8333181639,2,2394,1521
8333473175,8333473178,3,2238,1360
8335786763,8335786765,2,1416,1433
8338945894,8338945899,5,1482,1287
8341217884,8341217888,4,2641,1809
8342181025,8342181029,4,1976,1614
8344101191,8344101195,4,1789,1127
8344159871,8344159874,3,1673,1131
8345550980,8345550982,2,1148,1101
8348637355,8348637358,3,2418,1927
8352321358,8352321364,6,1613,1280
8352592751,8352592754,3,1474,1613
8357153362,8357153367,5,1383,472
8357515386,8357515407,21,880,336
8358401283,8358401288,5,780,570
8360939087,8360939090,3,2556,1180
8366267805,8366267806,1,1475,1265
8367341086,8367341089,3,1212,1459
8369176346,8369176350,4,2702,1402
8370120692,8370120697,5,2269,1281
8373214670,8373214675,5,2700,1527
8374413778,8374413758,-20,1554,1170
8374722094,8374722098,4,911,829
8375539587,8375539591,4,1827,1041
8375673999,8375674012,13,1834,1194
8377870469,8377870473,4,2279,1726
8378063938,8378063942,4,1921,1173
8379986773,8379986778,5,2245,1585
8383803514,8383803519,5,2135,1649
8385202618,8385202623,5,1658,1159
8387133229,8387133232,3,2264,1378
8387362168,8387362171,3,1815,919
8388284762,8388284765,3,1807,1649
8389815168,8389815170,2,1374,1075
8390331624,8390331627,3,2017,1559
8390669446,8390669454,8,2324,1306
8391195568,8391195572,4,1917,1286
8395972365,8395972370,5,2208,1344
8400525313,8400525314,1,2292,1361
8402910877,8402910883,6,2685,1071
8407073678,8407073682,4,957,769
8412443714,8412443718,4,2578,1200
8413996690,8413996694,4,2562,1598
8414492374,8414492378,4,1500,1727
8418097486,8418097491,5,1322,1017
8422912587,8422912591,4,1983,1640
8423784957,8423784960,3,2472,2077
8424616647,8424616650,3,2074,1691
8432433405,8432433409,4,2478,1664
8433997814,8433997821,7,2047,1165
8434101470,8434101476,6,3113,1661
8434445902,8434445907,5,1630,1295
8434641275,8434641277,2,1458,1100
8437495125,8437495129,4,2009,1163
8439939477,8439939482,5,3488,1693
8444843261,8444843265,4,2107,1371
8445648449,8445648455,6,1637,1011
8445745924,8445745926,2,1056,892
8446335987,8446335990,3,1620,1134
8446593426,8446593422,-4,1137,1835
8450939210,8450939215,5,2742,1782
8457063345,8457063350,5,2165,1318
8458928980,8458928986,6,1132,688
8459222082,8459222093,11,1349,694
8462743369,8462743371,2,2871,1651
8463839977,8463839981,4,2133,1572
8471916386,8471916390,4,2027,1267
8473567977,8473567980,3,1730,1564
8476036162,8476036168,6,2335,1510
8480481714,8480481711,-3,22851,13525
8480563724,8480563728,4,1246,1540
8485510555,8485510559,4,1390,1448
8489114242,8489114245,3,494,314
8492337542,8492337545,3,1553,1532
8492443713,8492443718,5,1726,1142
8492775290,8492775295,5,3018,1503
8494839768,8494839773,5,2148,1654
8494898502,8494898507,5,2115,950
8497195141,8497195147,6,1971,1584
8497593647,8497593661,14,2200,1371
8503595455,8503595459,4,822,1494
8504733325,8504733341,16,799,342
8507383035,8507383041,6,2416,914
8510436083,8510436086,3,1554,1167
8512277211,8512277215,4,2485,1798
8522867353,8522867355,2,2326,1377
8526145424,8526145428,4,1974,1396
8530892284,8530892288,4,1836,1251
8531831555,8531831554,-1,983,1077
8535200755,8535200760,5,1748,1396
8535242774,8535242782,8,2033,977
8540220726,8540220734,8,1305,911
8543632982,8543632986,4,1976,1705
8543706053,8543706057,4,2485,1634
8545393659,8545393664,5,2474,1884
8547420234,8547420238,4,2639,1364
8547532200,8547532205,5,2504,1694
8549000754,8549000757,3,2003,1343
8549312201,8549312203,2,1823,938
8551888510,8551888509,-1,1046,1961
8552999183,8552999186,3,1046,974
8555319758,8555319761,3,2085,1598
8555574669,8555574674,5,2321,1363
8561014766,8561014771,5,869,896
8563250482,8563250486,4,1500,1234
8563332179,8563332158,-21,1359,624
8564672117,8564672123,6,1925,1417
8567462695,8567462699,4,2337,1603
8567798728,8567798729,1,1566,2133
8569537237,8569537250,13,1731,1505
8571247013,8571247015,2,2291,1292
8573633417,8573633421,4,1939,1074
8574025895,8574025898,3,1719,1193
8581023050,8581023054,4,1539,1093
8582905519,8582905523,4,2449,1965
8584654394,8584654396,2,1429,1447
8585589380,8585589370,-10,62,1586
8592642493,8592642486,-7,1495,4594
8594519914,8594519918,4,1166,1136
8594776886,8594776891,5,2215,1117
8596398222,8596398227,5,2017,1098
8598423528,8598423510,-18,1268,830
8601131857,8601131860,3,1633,1557
8601231383,8601231387,4,1646,1105
8602066041,8602066045,4,2361,1560
8604337409,8604337415,6,3680,1619
8605015746,8605015750,4,2202,1797
8606213713,8606213717,4,2463,1710
8611226184,8611226179,-5,1180,3241
8611266958,8611266959,1,1743,647
8612006481,8612006469,-12,945,232
8614043582,8614043587,5,2010,1904
8616051062,8616051066,4,1738,1297
8618242448,8618242461,13,2756,7520
8618502408,8618502391,-17,1213,816
8621228823,8621228827,4,2674,1471
8623633402,8623633406,4,1866,1388
8624032814,8624032819,5,2771,2013
8624359389,8624359393,4,2237,1100
8624912149,8624912134,-15,1543,860
8628575332,8628575336,4,1490,1105
8629090003,8629090007,4,2548,1405
8629909214,8629909218,4,1992,1395
8633000948,8633000951,3,1914,1226
8633560673,8633560679,6,2167,1068
8634218678,8634218683,5,1725,1587
8635428680,8635428684,4,2243,1292
8635533426,8635533427,1,1025,2076
8636153032,8636153027,-5,1283,4290
8636510810,8636510812,2,1804,1548
8636809146,8636809151,5,1702,1115
8639345237,8639345238,1,1657,1449
8639580149,8639580153,4,2308,1201
8641933102,8641933106,4,1884,1307
8642449414,8642449409,-5,6536,35130
8647420454,8647420455,1,1614,1426
8656264703,8656264705,2,1052,892
8657587770,8657587774,4,2916,1788
8657715190,8657715195,5,4527,3057
8660127698,8660127702,4,2668,1693
8661053592,8661053596,4,1532,1236
8661388483,8661388487,4,2237,1724
8665055175,8665055179,4,1309,951
8666045466,8666045470,4,2565,1426
8671491759,8671491763,4,1862,1150
8671753886,8671753894,8,3757,1163
8673869504,8673869507,3,2134,1453
8674697634,8674697638,4,1348,1177
8677082030,8677082033,3,1730,1581
8678009872,8678009873,1,1711,889
8678864286,8678864289,3,1840,1528
8679092531,8679092536,5,2268,1171
8683706410,8683706415,5,1643,1434
8687018267,8687018270,3,1227,679
8690356538,8690356541,3,1722,1497
8691911121,8691911126,5,2996,1425
8693198833,8693198837,4,2436,1180
8697993127,8697993131,4,1958,1430
8703791946,8703791950,4,2334,1594
8704470594,8704470598,4,2874,1463
8710902173,8710902181,8,4952,1040
8713664521,8713664525,4,1911,1225
8715419051,8715419055,4,1355,1011
8717258998,8717259001,3,1177,1297
8719660060,8719660063,3,1905,1010
8723822626,8723822630,4,1891,1228
8725360922,8725360926,4,2465,1624
8731128867,8731128864,-3,1732,2912
8731359693,8731359690,-3,1214,2207
8732255476,8732255482,6,2341,1162
8734320807,8734320813,6,1773,1302
8735138582,8735138586,4,1897,989
8735293990,8735293994,4,2433,1902
8735809538,8735809543,5,2056,1399
8737169853,8737169857,4,2772,2039
8744175763,8744175766,3,1846,1261
8749786430,8749786436,6,2196,1167
8752489522,8752489527,5,2397,1476
8752924950,8752924954,4,1610,1190
8755605438,8755605438,0,1106,1181
8756954570,8756954575,5,2242,940
8757334394,8757334398,4,1610,1102
8758797325,8758797329,4,1859,1444
8760362131,8760362134,3,1675,949
8763097244,8763097248,4,960,952
8763717146,8763717151,5,2086,1418
8766107030,8766107034,4,6525,5621
8766142152,8766142157,5,2523,2131
8769762906,8769762887,-19,477,343
8771014567,8771014570,3,1587,1497
8772272943,8772272946,3,1633,1253
8779751689,8779751696,7,2152,1446
8783575408,8783575410,2,2059,1530
8786658617,8786658622,5,1696,1013
8786842605,8786842609,4,1661,1185
8790844216,8790844220,4,2026,1638
8791929175,8791929175,0,848,975
8797159323,8797159326,3,1693,1224
8801343176,8801343179,3,1872,1016
8802398298,8802398302,4,1858,1140
8804923556,8804923538,-18,1031,1130
8806252645,8806252630,-15,1397,1256
8806663781,8806663787,6,3768,1696
8808513490,8808513494,4,1923,1202
8809045690,8809045694,4,2094,1458
8809523789,8809523793,4,2108,1339
8814799035,8814799039,4,2337,1100
8815972704,8815972707,3,1917,1068
8817972305,8817972310,5,1408,708
8819685930,8819685934,4,2590,1273
8820837349,8820837352,3,1844,999
8822662854,8822662858,4,1722,1650
8829654210,8829654214,4,1349,1165
8829999815,8829999808,-7,2042,7671
8831208271,8831208266,-5,925,1831
8834030949,8834030954,5,3212,1161
8834322802,8834322812,10,2179,1313
8836599658,8836599646,-12,1524,1450
8837679350,8837679354,4,1266,856
8837862411,8837862417,6,1347,878
8838004827,8838004806,-21,1680,1686
8840999178,8840999182,4,2735,1231
8842172177,8842172182,5,1930,1163
8843987831,8843987835,4,1958,1558
8844187296,8844187300,4,2234,1151
8845037695,8845037699,4,1700,1534
8847430216,8847430219,3,1917,1222
8853717198,8853717202,4,2353,1410
8856563190,8856563194,4,2310,1268
8860221927,8860221930,3,2075,1597
8865072670,8865072674,4,3050,1461
8865230345,8865230349,4,2657,1659
8871248501,8871248506,5,2682,1527
8875648278,8875648283,5,1919,1286
8881578829,8881578833,4,1890,1352
8883975011,8883975013,2,1108,1256
8884087450,8884087455,5,1803,1203
8884393042,8884393046,4,1842,1741
8887967837,8887967839,2,1353,1396
8888040278,8888040294,16,1764,1190
8888903166,8888903170,4,1699,1628
8890626425,8890626428,3,1436,989
8891363285,8891363290,5,2708,1191
8893878265,8893878267,2,1575,1347
8896039363,8896039368,5,2101,1159
8898434583,8898434588,5,1569,1158
8898470680,8898470662,-18,1067,854
8900425535,8900425539,4,2377,1275
8903886166,8903886166,0,1754,2578
8905882132,8905882136,4,1827,1207
8906924478,8906924483,5,1688,1144
8911139256,8911139238,-18,1308,991
8913728739,8913728742,3,1284,1036
8915347677,8915347675,-2,1025,2207
8919825609,8919825613,4,2460,1760
8926145448,8926145451,3,1940,1362
8929088927,8929088930,3,1668,1312
8932182987,8932182990,3,1412,1220
8935965851,8935965856,5,1659,1038
8936155020,8936155022,2,2160,1545
8936459122,8936459127,5,1970,1351
8940997440,8940997445,5,1545,1018
8941919376,8941919381,5,1854,999
8947791447,8947791451,4,1544,1414
8949182664,8949182670,6,1804,1070
8949441467,8949441473,6,2734,1431
8951870722,8951870727,5,2729,1719
8954295164,8954295166,2,2284,1718
8954346523,8954346529,6,2464,1258
8956708799,8956708802,3,1315,908
8958722379,8958722383,4,3908,2533
8958856026,8958856027,1,1742,1017
8961650915,8961650911,-4,19033,20460
8962603554,8962603558,4,1937,1037
8971214752,8971214755,3,2161,761
8972512690,8972512695,5,1606,963
8972589418,8972589423,5,1059,371
8974355098,8974355076,-22,1714,892
8980051307,8980051311,4,1949,1256
8985748566,8985748570,4,2161,1331
8985796635,8985796638,3,2488,1556
8987571914,8987571914,0,1246,1915
8990000592,8990000595,3,1622,1675
8991424340,8991424343,3,2220,1048
8992107955,8992107958,3,2060,1638
8999869181,8999869186,5,1677,1059
9002818275,9002818279,4,1473,1232
9007183329,9007183335,6,2609,1877
9012031322,9012031327,5,2135,1554
9021835098,9021835102,4,1185,696
9023946621,9023946627,6,3033,1768
9024051365,9024051370,5,996,767
9025079674,9025079679,5,2306,1319
9026555094,9026555098,4,1295,1127
9027349701,9027349705,4,1754,1044
9032103246,9032103251,5,1860,939
9033301034,9033301013,-21,1835,1567
9035242288,9035242293,5,1825,1486
9035329572,9035329576,4,2006,1103
9039008718,9039008701,-17,2306,1432
9043288382,9043288385,3,1812,1387
9044048708,9044048714,6,2617,1664
9048141527,9048141532,5,2032,1580
9049171686,9049171691,5,1760,1266
9055686894,9055686898,4,1184,885
9056960270,9056960275,5,1832,1279
9059492253,9059492258,5,2590,1702
9064619469,9064619474,5,1962,1234
9064855537,9064855539,2,1927,1177
9068752553,9068752554,1,1733,1052
9069926226,9069926230,4,2285,1323
9070279732,9070279733,1,2016,1773
9070916528,9070916529,1,1765,1663
9071513150,9071513152,2,1150,1801
9075688406,9075688410,4,2091,1683
9076342346,9076342346,0,1381,1947
9081147163,9081147168,5,2392,1636
9083371439,9083371443,4,2103,903
9083909176,9083909157,-19,2402,1346
9084019734,9084019739,5,2117,1420
9084427610,9084427613,3,1859,1503
9085627843,9085627847,4,1663,979
9089405705,9089405707,2,1239,1824
9092469395,9092469398,3,1740,1781
9092857343,9092857349,6,1311,1094
9095295650,9095295654,4,1659,1335
9100164096,9100164098,2,2269,1560
9100442432,9100442437,5,2388,1302
9100930772,9100930776,4,2465,1587
9110498800,9110498803,3,2236,1674
9111729271,9111729274,3,2055,1221
9112548797,9112548800,3,1595,1656
9113902277,9113902278,1,1376,1999
9114793155,9114793158,3,1495,1325
9115883670,9115883675,5,1940,1597
9116517620,9116517623,3,1436,1172
9119267517,9119267519,2,1635,1359
9120330190,9120330194,4,2153,1295
9121718546,9121718548,2,1972,1512
9126637106,9126637110,4,1933,1072
9129393532,9129393535,3,2490,1569
9129982109,9129982113,4,1820,1551
9132088231,9132088230,-1,2944,4228
9133321567,9133321571,4,2281,1554
9135183085,9135183090,5,3757,1501
9136861540,9136861546,6,1958,1205
9138283770,9138283776,6,1992,1035
9138878207,9138878218,11,225,1715
9139269151,9139269154,3,2124,2326
9139423078,9139423079,1,1560,1041
9141493842,9141493846,4,2276,1034
9145341397,9145341401,4,1872,1551
9145882886,9145882890,4,1496,1440
9146289107,9146289109,2,2671,2164
9148139302,9148139306,4,1880,1441
9150595509,9150595515,6,1885,1550
9152885090,9152885086,-4,954,2243
9158841335,9158841338,3,1586,1442
9160866565,9160866571,6,1867,1520
9164846980,9164846985,5,2190,1419
9165853826,9165853831,5,1722,1107
9170013761,9170013762,1,1863,893
9172193730,9172193714,-16,1117,632
9175479363,9175479366,3,1080,1234
9177994798,9177994802,4,1978,1877
9179161698,9179161700,2,2387,2073
9179931395,9179931401,6,2610,1657
9181604076,9181604078,2,1776,1723
9183012402,9183012406,4,2077,1416
9185869282,9185869285,3,1451,977
9186993557,9186993560,3,1762,1354
9188595107,9188595110,3,2584,1680
9190279054,9190279058,4,1719,1098
9192639751,9192639754,3,2368,1589
9194087301,9194087303,2,2089,1332
9195662130,9195662133,3,1867,1397
9198194511,9198194515,4,2360,980
9199732722,9199732726,4,2385,1548
9200735043,9200735047,4,1147,1031
9204929817,9204929815,-2,1269,914
9206162110,9206162094,-16,2271,1442
9206693704,9206693709,5,2234,1315
9209065526,9209065529,3,1709,1013
9209710634,9209710638,4,1621,1279
9209765834,9209765813,-21,2748,1347
9215654737,9215654739,2,1278,1273
9223569667,9223569671,4,1783,723
9223807954,9223807967,13,2850,1276
9227066229,9227066232,3,2294,1532
9228068598,9228068602,4,2173,1215
9229501613,9229501612,-1,794,1281
9235523853,9235523856,3,2701,1736
9243153739,9243153739,0,1236,2033
9244319915,9244319919,4,2344,1495
9246179814,9246179819,5,1668,1327
9250127156,9250127161,5,1998,1490
9250489822,9250489828,6,1873,1545
9250982752,9250982755,3,2130,1422
9251512560,9251512561,1,727,503
9254846018,9254846022,4,1247,852
9256285749,9256285753,4,1779,1571
9258759728,9258759730,2,1283,1548
9260994981,9260994985,4,2608,1500
9262782390,9262782394,4,1391,800
9267234501,9267234506,5,1996,1161
9267830769,9267830774,5,1762,897
9269526187,9269526190,3,2006,1897
9271739022,9271739027,5,2076,1102
9274178013,9274178016,3,2465,1314
9276575151,9276575157,6,2709,1533
9276930886,9276930887,1,1597,1232
9277607830,9277607825,-5,35294,19168
9279559970,9279559976,6,1954,1279
9284148533,9284148535,2,1630,940
9284848205,9284848210,5,1941,1269
9287079861,9287079863,2,1454,1168
9290925258,9290925263,5,1604,1412
9291936137,9291936141,4,1581,1533
9292577642,9292577645,3,1863,1057
9295363152,9295363155,3,2783,1253
9299224189,9299224192,3,2162,1136
9302222738,9302222739,1,1449,1247
9304492278,9304492283,5,1604,1334
9306574773,9306574777,4,1716,981
9320193166,9320193162,-4,2157,4541
9321019371,9321019374,3,1901,1148
9324693066,9324693072,6,2104,1601
9326757667,9326757673,6,1881,1283
9328205978,9328205979,1,1752,1254
9328981239,9328981242,3,1993,1082
9330753003,9330753018,15,405,1395
9334128669,9334128674,5,3104,1371
9336115046,9336115061,15,12111,55882
9337960903,9337960908,5,2246,1546
9339889905,9339889910,5,1762,1172
9340489940,9340489947,7,2775,1362
9344403331,9344403335,4,1529,1353
9347463733,9347463738,5,1704,1282
9347818764,9347818766,2,1725,1405
9351512021,9351512024,3,1797,1712
9352454660,9352454666,6,3615,1306
9355624892,9355624896,4,2079,1015
9355965629,9355965635,6,2007,1499
9356045578,9356045582,4,1564,1018
9357928998,9357929001,3,1475,1440
9361066784,9361066790,6,2572,1659
9361343986,9361343966,-20,1372,1226
9364017318,9364017324,6,1572,1325
9364413074,9364413079,5,1919,932
9364817468,9364817473,5,3173,1473
9367444086,9367444091,5,2934,2012
9368882252,9368882253,1,1724,1565
9371255965,9371255969,4,1657,1700
9372416893,9372416897,4,2327,1237
9372607895,9372607892,-3,808,3130
9382788835,9382788841,6,1528,1282
9387096950,9387096954,4,1396,1100
9391947634,9391947637,3,963,993
9395123518,9395123523,5,1546,1111
9395236811,9395236820,9,749,269
9396775811,9396775817,6,2278,1636
9398770334,9398770337,3,1996,1225
9400220039,9400220043,4,1788,1260
9402171067,9402171071,4,2187,1165
9403733609,9403733613,4,2704,1974
9410215262,9410215265,3,1438,1014
9413882161,9413882156,-5,1814,5613
9414829869,9414829876,7,3783,1240
9416792150,9416792154,4,1928,1234
9417459290,9417459285,-5,914,2479
9417948225,9417948230,5,1825,1607
9420366862,9420366865,3,2454,1636
9423008889,9423008893,4,1463,1247
9423846299,9423846302,3,1972,1106
9429816389,9429816393,4,2466,1207
9430456374,9430456379,5,1832,1398
9434974242,9434974235,-7,1126,4436
9437721622,9437721626,4,1422,1015
9442283416,9442283418,2,1807,1486
9446087013,9446087018,5,1736,1248
9447091228,9447091230,2,1290,803
9450417207,9450417214,7,2085,1293
9451673319,9451673324,5,1921,1123
9455077274,9455077279,5,6646,2060
9458679923,9458679928,5,2412,1167
9459233900,9459233905,5,1561,1203
9462896522,9462896517,-5,1789,6685
9466322287,9466322291,4,1983,1865
9467021809,9467021811,2,1458,858
9478875546,9478875551,5,2313,1386
9479420713,9479420716,3,2569,1680
9479878902,9479878906,4,987,1128
9486562179,9486562183,4,2115,1763
9494099029,9494099033,4,2250,1287
9494590561,9494590564,3,2609,1589
9494810926,9494810931,5,2005,1227
9496384678,9496384675,-3,1748,2303
9498442777,9498442769,-8,44161,14532
9503747714,9503747718,4,2209,1368
9504196318,9504196322,4,2808,2099
9507297682,9507297685,3,2591,1926
9509491228,9509491235,7,1808,1060
9509747674,9509747678,4,2250,1901
9511717843,9511717848,5,2736,1765
9514712717,9514712722,5,1862,1383
9516195960,9516195963,3,1644,645
9516782531,9516782535,4,1913,1246
9517157740,9517157744,4,1717,1548
9517216280,9517216294,14,315,901
9518093347,9518093349,2,8469,8237
9520884790,9520884790,0,1708,1645
9520924943,9520924961,18,1341,2550
9522003209,9522003214,5,1350,904
9522819045,9522819050,5,1472,1540
9524612293,9524612297,4,1408,997
9527058911,9527058917,6,2904,1328
9528405084,9528405086,2,2584,1989
9532192183,9532192186,3,1526,1297
9534678891,9534678895,4,2376,1979
9535867164,9535867168,4,1513,796
9535976937,9535976916,-21,1496,694
9536262126,9536262129,3,1044,960
9540922121,9540922123,2,1514,1569
9543999271,9543999275,4,2263,1207
9544955903,9544955908,5,2985,1634
9552151000,9552151003,3,2531,1354
9552230175,9552230182,7,2445,1072
9557692270,9557692274,4,2091,1421
9559432409,9559432413,4,1818,2003
9560180138,9560180144,6,1878,1578
9561557007,9561557014,7,1949,1362
9562141247,9562141250,3,2079,1046
9565286746,9565286746,0,1067,1262
9567720666,9567720671,5,2173,1715
9569391000,9569391005,5,2132,1609
9570989031,9570989034,3,1741,1024
9573695962,9573695962,0,2180,3632
9573804890,9573804893,3,1682,1158
9576639360,9576639362,2,1569,1569
9580995720,9580995722,2,1775,1457
9581152858,9581152861,3,1335,1370
9581413355,9581413359,4,1129,793
9582456094,9582456098,4,2234,1489
9589801030,9589801036,6,1701,1438
9591179919,9591179925,6,2371,1290
9591965310,9591965317,7,2008,1346
9592839818,9592839822,4,1636,1000
9594351334,9594351338,4,2226,1451
9594489771,9594489773,2,1666,1349
9594783911,9594783894,-17,1539,1109
9595792626,9595792630,4,1870,1212
9595908089,9595908094,5,1752,1147
9601159287,9601159293,6,1604,1251
9602620738,9602620741,3,1960,1397
9614013501,9614013505,4,2209,1466
9614097399,9614097383,-16,977,506
9618129126,9618129133,7,1342,1201
9621718930,9621718935,5,2141,1214
9623265182,9623265184,2,3290,3282
9628284878,9628284883,5,3433,1018
9628609543,9628609526,-17,1493,820
9628974941,9628974942,1,1939,1787
9630087861,9630087867,6,3367,1041
9631009810,9631009815,5,1785,1081
9633293349,9633293353,4,1613,1555
9634075802,9634075807,5,1986,1112
9641089981,9641089984,3,2295,1970
9641895653,9641895657,4,1241,1000
9642117189,9642117198,9,2992,1583
9643226790,9643226793,3,1955,1520
9644627814,9644627818,4,2106,1341
9653770322,9653770326,4,2339,1142
9659572550,9659572554,4,2352,1590
9665135127,9665135130,3,3156,1622
9668220212,9668220215,3,2703,1510
9668866697,9668866701,4,1237,840
9669613617,9669613620,3,1731,1075
9670932206,9670932212,6,2061,1859
9672330937,9672330940,3,2165,1478
9673196709,9673196714,5,1419,1242
9673396494,9673396497,3,1371,795
9673887338,9673887317,-21,1796,1241
9675992213,9675992218,5,2452,1473
9676614166,9676614171,5,1999,1514
9685021491,9685021487,-4,669,1531
9689170354,9689170358,4,1612,1197
9693117773,9693117777,4,1886,1044
9697256762,9697256767,5,2175,1708
9697717334,9697717338,4,1656,1437
9699230141,9699230144,3,1885,980
9699455398,9699455382,-16,1453,907
9699811750,9699811755,5,1171,1499
9701666498,9701666498,0,1586,1776
9704085351,9704085356,5,1685,1149
9704492504,9704492517,13,2713,1215
9706236795,9706236798,3,582,414
9712544902,9712544907,5,1790,1111
9717768381,9717768387,6,2410,1129
9719119479,9719119484,5,2525,1469
9719866438,9719866442,4,1413,896
9720366178,9720366182,4,1717,1342
9728531310,9728531315,5,2376,1620
9729019635,9729019635,0,881,1810
9735216876,9735216881,5,2070,1163
9737221283,9737221287,4,785,280
9739580854,9739580858,4,1747,1566
9744738573,9744738577,4,2864,1554
9744831514,9744831517,3,1829,1656
9747667985,9747667991,6,1771,1160
9751019264,9751019269,5,2424,1533
9751218071,9751218075,4,1987,1697
9752024910,9752024915,5,2352,1093
9752511169,9752511174,5,1715,1190
9753606603,9753606607,4,2237,1704
9755140554,9755140562,8,13903,31774
9755867314,9755867309,-5,965,3069
9756772391,9756772385,-6,1168,4144
9757818781,9757818786,5,2361,1190
9760262759,9760262762,3,1994,1204
9761227438,9761227442,4,2460,1234
9762698902,9762698908,6,1445,1314
9763273367,9763273370,3,1349,1163
9765974961,9765974965,4,1436,1035
9771063275,9771063279,4,1650,1095
9772703390,9772703393,3,2297,1545
9773381516,9773381518,2,661,1384
9776683319,9776683319,0,1340,2379
9781291338,9781291342,4,2611,1418
9787114752,9787114757,5,3226,2191
9787536715,9787536718,3,2041,885
9787806652,9787806654,2,3524,2483
9790051874,9790051891,17,86,798
9792814155,9792814162,7,6291,2818
9793858250,9793858255,5,1839,1407
9796120398,9796120403,5,2200,1516
9796887780,9796887786,6,1785,1270
9801856106,9801856110,4,1428,1059
9802619019,9802619023,4,2388,1425
9803570560,9803570563,3,1782,1455
9807422592,9807422597,5,1593,1457
9808233662,9808233665,3,1608,1551
9809928099,9809928102,3,1061,1499
9814015476,9814015478,2,2384,1591
9814285251,9814285255,4,1806,1267
9814505621,9814505623,2,1467,989
9816300709,9816300713,4,1283,1304
9816799087,9816799091,4,1871,1619
9816923052,9816923056,4,2357,1356
9818384662,9818384665,3,1777,2259
9823575264,9823575269,5,2748,1875
9826063971,9826063974,3,2407,1440
9826342003,9826342005,2,1909,1833
9827672441,9827672446,5,1361,1148
9829632806,9829632791,-15,1995,1330
9831150986,9831150990,4,1625,1595
9831257958,9831257961,3,2037,1026
9833003073,9833003078,5,2708,1214
9836700213,9836700219,6,1887,1466
9838351032,9838351035,3,1368,946
9838673325,9838673329,4,2832,1746
9845421333,9845421335,2,1617,1399
9846779450,9846779455,5,655,532
9847128810,9847128817,7,2578,1322
9848211504,9848211507,3,2049,1556
9849506338,9849506343,5,1808,1346
9850066606,9850066610,4,1982,1107
9853479202,9853479197,-5,1242,3080
9854083433,9854083438,5,2505,1410
9854484962,9854484966,4,1468,1336
9863755076,9863755079,3,1742,1229
9866371127,9866371130,3,1941,920
9870031292,9870031296,4,1478,1172
9871485383,9871485374,-9,35292,12573
9872649590,9872649594,4,1986,1424
9876115856,9876115859,3,2250,1651
9876603177,9876603183,6,2571,1135
9882205157,9882205163,6,2208,952
9890429982,9890429964,-18,1917,1676
9892720971,9892720975,4,2838,1402
9893110071,9893110075,4,2332,1282
9893806314,9893806319,5,2049,1415
9896282655,9896282661,6,2050,1206
9903223073,9903223073,0,905,1288
9910248390,9910248390,0,1101,1283
9911026553,9911026557,4,1921,1430
9913178987,9913178990,3,1741,2092
9913333638,9913333638,0,842,968
9913901026,9913901029,3,2692,1252
9921455493,9921455494,1,2676,2210
9926005591,9926005595,4,1740,1127
9929725648,9929725652,4,1905,1059
9932648165,9932648171,6,2843,1888
9933664379,9933664384,5,3075,1455
9934461518,9934461519,1,1144,981
9936632669,9936632670,1,1582,1180
9938404483,9938404461,-22,1627,700
9940398486,9940398485,-1,1146,1129
9940664158,9940664141,-17,1852,1144
9942666845,9942666852,7,5624,2115
9943490526,9943490510,-16,954,1191
9945296126,9945296130,4,939,632
9946775946,9946775953,7,3250,1410
9947698773,9947698777,4,1992,989
9949546677,9949546681,4,2470,1866
9951516755,9951516758,3,1121,1233
9952022812,9952022815,3,1552,1449
9955940510,9955940517,7,1900,1026
9962505147,9962505143,-4,1655,4790
9970471973,9970471978,5,1316,1060
9972468642,9972468645,3,2224,1570
9973469346,9973469346,0,372,1207
9976379124,9976379127,3,2118,1285
9977022334,9977022339,5,2297,1218
9977096034,9977096039,5,1458,939
9985414635,9985414641,6,3788,2341
9988095425,9988095427,2,2616,1846
9990917982,9990917987,5,2050,1652
9991905798,9991905803,5,1526,988
9991950488,9991950509,21,1379,902
9995677971,9995677975,4,1746,1151
9999212855,9999212861,6,2038,1423
9999968973,9999968982,9,2857,1023
10000282987,10000282992,5,2494,1337
10005361766,10005361771,5,1766,890
10006376484,10006376488,4,2035,1686
10008619955,10008619949,-6,923,3192
10011617973,10011617977,4,2134,1410
10018169746,10018169752,6,2231,1480
10024469806,10024469810,4,1823,960
10025126342,10025126345,3,2088,1111
10028414347,10028414351,4,1891,839
10030164225,10030164229,4,1291,1129
10031336915,10031336918,3,1266,841
10034774807,10034774810,3,3074,1435
10037886091,10037886086,-5,1329,3002
10043166814,10043166818,4,1318,956
10043997137,10043997141,4,1214,763
10045204034,10045204040,6,2379,1717
10049311372,10049311376,4,1251,981
10049596463,10049596470,7,2345,1545
10052405606,10052405611,5,2817,1737
10054218567,10054218571,4,1846,1227
10054431465,10054431469,4,1554,699
10060309835,10060309838,3,1622,1569
10061893741,10061893745,4,2598,1461
10062354967,10062354951,-16,2204,1111
10067040809,10067040813,4,1877,1191
10067088568,10067088549,-19,2371,1977
10068655904,10068655907,3,1647,1271
10069146101,10069146115,14,364,2227
10072767785,10072767786,1,1237,1259
10072917540,10072917543,3,1127,896
10073811293,10073811297,4,1968,1124
10074077602,10074077605,3,2112,1258
10075447363,10075447367,4,1486,839
10076018225,10076018208,-17,2181,1488
10077301214,10077301217,3,2299,1345
10077708358,10077708362,4,2426,1309
10078281261,10078281266,5,1600,1156
10080556331,10080556330,-1,5665,8712
10082080566,10082080575,9,2344,1085
10083329393,10083329397,4,1524,1689
10084610053,10084610059,6,2077,880
10085121130,10085121133,3,2031,1527
10085222858,10085222870,12,2092,1330
10087577645,10087577649,4,2336,1507
10089289773,10089289777,4,2013,1392
10090209397,10090209402,5,1692,878
10090408281,10090408284,3,1729,1217
10091914913,10091914916,3,3022,2682
10092685685,10092685684,-1,1988,2990
10092789720,10092789725,5,1757,1096
10094187060,10094187063,3,1672,853
10094409477,10094409481,4,2148,1471
10095502088,10095502093,5,2856,1767
10099606720,10099606725,5,1810,1100
10101435985,10101435987,2,2177,1539
10101562450,10101562450,0,1575,1974
10103419314,10103419319,5,2384,1702
10104849924,10104849934,10,2762,1246
10107361811,10107361814,3,1388,1203
10108763790,10108763793,3,1850,1456
10113964830,10113964836,6,2180,1455
10115005042,10115005047,5,2570,1300
10115101077,10115101074,-3,1057,1820
10117061649,10117061654,5,1889,1470
10118923265,10118923267,2,2352,1036
10124513520,10124513524,4,2401,1478
10124926610,10124926592,-18,1775,1507
10128496325,10128496330,5,2500,1497
10128912327,10128912334,7,994,550
10130054938,10130054951,13,1574,1085
10133939158,10133939162,4,1534,1400
10134387980,10134387983,3,1960,1547
10136046877,10136046881,4,2077,1292
10138666298,10138666294,-4,1109,4130
10139599451,10139599456,5,2204,1595
10140389693,10140389702,9,1664,1138
10146257352,10146257358,6,1837,1060
10146347794,10146347797,3,2109,1480
10148686794,10148686800,6,1549,1418
10150875370,10150875373,3,882,1272
10152018020,10152018025,5,2132,1609
10152249159,10152249162,3,1101,1248
10152909143,10152909147,4,2377,1066
10155183730,10155183737,7,2323,1368
10157855987,10157855989,2,1629,1869
10162214496,10162214501,5,1936,1134
10167977465,10167977468,3,2735,1892
10171860118,10171860122,4,2169,1436
10172497028,10172497034,6,1795,632
10177089535,10177089542,7,1774,900
10178859246,10178859242,-4,904,1828
10183044983,10183044985,2,1109,1087
10185087185,10185087186,1,1298,1679
10185394439,10185394437,-2,601,2201
10186533742,10186533745,3,2326,1997
10187295569,10187295573,4,1760,1398
10187363193,10187363197,4,2292,1742
10188848729,10188848710,-19,2075,1493
10191463022,10191463025,3,1450,1369
10191772347,10191772344,-3,1429,2368
10192136014,10192136010,-4,2133,4207
10192520871,10192520875,4,2772,1880
10196698348,10196698342,-6,905,2719
10196933170,10196933175,5,1203,874
10197612506,10197612511,5,2424,1738
10198295390,10198295386,-4,40564,19312
10198657209,10198657214,5,1954,1368
10200455486,10200455490,4,2819,1247
10201033578,10201033582,4,2713,2059
10202371485,10202371489,4,2411,1497
10205647587,10205647591,4,1777,1348
10211116598,10211116602,4,1945,1376
10213185579,10213185560,-19,2057,1665
10214055922,10214055921,-1,1280,2074
10218378361,10218378364,3,1391,1563
10218748523,10218748526,3,1466,1064
10222411415,10222411419,4,2196,1484
10223636966,10223636970,4,1921,1904
10228705314,10228705318,4,1950,1283
10229669923,10229669927,4,1679,1373
10231353863,10231353868,5,2464,1692
10232691626,10232691630,4,1860,1581
10233489557,10233489562,5,1714,1015
10238798296,10238798300,4,1761,1592
10240292798,10240292803,5,2306,1005
10242627441,10242627445,4,1978,1515
10246564446,10246564451,5,2478,1444
10246739560,10246739562,2,1450,1452
10252787781,10252787786,5,2509,1232
10260061977,10260061982,5,2629,1324
10265122236,10265122242,6,1659,821
10267459229,10267459234,5,2675,1661
10269531382,10269531387,5,2152,1403
10269718142,10269718146,4,1752,1119
10270361178,10270361175,-3,889,169
10275973336,10275973341,5,1149,484
10280230192,10280230197,5,2007,1419
10282767309,10282767314,5,1796,1230
10283307393,10283307400,7,2539,1626
10290923171,10290923174,3,1520,1098
10291398431,10291398425,-6,31373,12802
10291814986,10291814989,3,2214,1059
10294371113,10294371119,6,2001,1153
10301289514,10301289517,3,2493,1534
10303568485,10303568493,8,2966,1258
10306118250,10306118258,8,4649,1310
10309245856,10309245859,3,1853,1349
10311427895,10311427898,3,2195,1371
10311455750,10311455757,7,3701,1528
10311622629,10311622632,3,2184,1311
10314975911,10314975917,6,1573,33224
10317125775,10317125778,3,1726,1001
10318339187,10318339191,4,2013,1476
10320378935,10320378938,3,3939,3771
10323978982,10323978989,7,2116,1451
10325499245,10325499246,1,1988,2161
10329582585,10329582586,1,1784,1504
10333820938,10333820942,4,2658,1383
10336135938,10336135942,4,1822,1171
10336753686,10336753690,4,2015,1367
10338025178,10338025182,4,2790,1652
10338192285,10338192290,5,1740,1009
10347347185,10347347187,2,21558,20995
10349744622,10349744627,5,2022,1441
10351664083,10351664087,4,1949,977
10354190411,10354190416,5,1491,1040
10355493930,10355493934,4,1262,1113
10355861034,10355861012,-22,554,310
10356819183,10356819187,4,2113,1099
10357020189,10357020193,4,1996,1135
10359915941,10359915946,5,1738,1424
10363861650,10363861654,4,2345,979
10368218786,10368218789,3,1910,1217
10371707116,10371707118,2,1190,693
10374538910,10374538911,1,2884,1556
10377977161,10377977165,4,2749,1667
10384060911,10384060914,3,1154,1378
10384520795,10384520776,-19,1356,1051
10385245227,10385245231,4,1199,1084
10385883599,10385883584,-15,1131,1295
10388260546,10388260551,5,1928,1096
10388641722,10388641729,7,3321,1630
10393799363,10393799367,4,2304,1240
10395013970,10395013975,5,2016,1450
10402183074,10402183078,4,1427,1011
10402802966,10402802974,8,1753,1425
10404019013,10404019015,2,2320,1328
10406018847,10406018851,4,2516,1351
10409829115,10409829118,3,1874,1294
10413073344,10413073348,4,1994,1748
10413842769,10413842773,4,1386,1091
10416136318,10416136321,3,2328,1760
10423435537,10423435542,5,2411,1059
10424854604,10424854608,4,2871,1595
10425869546,10425869550,4,2441,1698
10429754679,10429754683,4,2300,1700
10434658295,10434658298,3,1652,851
10437876057,10437876060,3,2186,1367
10439384510,10439384513,3,1388,1540
10441778121,10441778126,5,2041,1250
10443034940,10443034944,4,2687,1901
10452248960,10452248965,5,1996,1562
10453410847,10453410851,4,2722,1570
10455076745,10455076747,2,1580,1306
10456239518,10456239519,1,1117,1073
10456680206,10456680210,4,2076,1714
10457507865,10457507868,3,1835,1293
10458222529,10458222531,2,1621,1059
10458723080,10458723082,2,1363,1401
10461181405,10461181411,6,2178,1600
10461652200,10461652202,2,1741,1108
10466500909,10466500914,5,3408,1375
10466771194,10466771195,1,2368,1808
10471217639,10471217641,2,1648,1901
10473145434,10473145439,5,1786,1244
10483786988,10483786994,6,2432,1145
10484487349,10484487332,-17,3271,1216
10486981519,10486981519,0,1988,2185
10487079636,10487079642,6,1824,1440
10491033509,10491033516,7,2631,1696
10494639734,10494639737,3,1388,1075
10494933449,10494933453,4,2816,1101
10496820318,10496820318,0,1104,1286
10498102983,10498102986,3,2522,1833
10498341942,10498341946,4,2052,1106
10498507565,10498507570,5,1555,1176
10501326993,10501326979,-14,2017,555
10507191070,10507191071,1,1406,1165
10507405331,10507405328,-3,843,1843
10508633134,10508633138,4,2736,1070
10512049902,10512049906,4,2567,1181
10515053291,10515053295,4,2357,1451
10517607524,10517607529,5,5392,21957
10518900606,10518900609,3,2049,1465
10519249855,10519249859,4,1799,1233
10523077383,10523077389,6,1739,1675
10523280277,10523280281,4,2619,1332
10523307822,10523307822,0,1398,1710
10524716942,10524716947,5,1616,1356
10525811461,10525811466,5,2193,1535
10528281212,10528281216,4,2396,1283
10531672770,10531672775,5,2092,1740
10532669159,10532669165,6,1929,1248
10535589478,10535589481,3,2581,1672
10536957464,10536957469,5,1535,2104
10537912255,10537912257,2,996,1006
10539428630,10539428633,3,1352,1269
10543150054,10543150052,-2,1197,2898
10550197973,10550197977,4,1920,1451
10552605839,10552605843,4,2216,2026
10553248637,10553248641,4,1831,968
10554085616,10554085621,5,1967,1013
10557871122,10557871125,3,1694,1192
10559021406,10559021410,4,1314,1428
10562855125,10562855131,6,1683,1526
10564812710,10564812711,1,1442,1260
10568837366,10568837371,5,2104,1620
10569605857,10569605861,4,1712,1163
10582959462,10582959466,4,1465,1694
10585919934,10585919941,7,2250,1084
10586660122,10586660126,4,2541,1489
10589805243,10589805248,5,2086,1478
10590769100,10590769105,5,2432,1213
10591709842,10591709846,4,2033,1293
10593162130,10593162109,-21,1979,1415
10593406281,10593406277,-4,2308,6084
10593793070,10593793073,3,1472,1079
10594438503,10594438506,3,1807,1391
10595161580,10595161582,2,1947,1456
10595879553,10595879558,5,2344,1112
10599413993,10599413998,5,1448,1504
10600188693,10600188692,-1,1945,2780
10601326087,10601326095,8,1073,1039
10601813891,10601813897,6,1718,1046
10607066251,10607066254,3,2511,1632
10608806498,10608806503,5,1788,1317
10610971413,10610971415,2,2715,1932
10612392219,10612392223,4,1793,951
10613944129,10613944134,5,1736,1351
10614917922,10614917935,13,733,242
10624763978,10624763974,-4,2215,4503
10625986249,10625986253,4,2140,1139
10627713907,10627713911,4,747,897
10629725905,10629725910,5,1170,1032
10638850774,10638850781,7,1984,906
10639307206,10639307192,-14,1117,976
10641853013,10641853019,6,2618,1600
10642576593,10642576592,-1,2529,3019
10643406741,10643406746,5,1131,1125
10644066839,10644066843,4,1625,1177
10645645603,10645645609,6,2341,1292
10646473630,10646473635,5,2086,1235
10646714867,10646714872,5,2171,1393
10647193370,10647193373,3,1281,820
10648878558,10648878563,5,1182,892
10655387589,10655387592,3,1203,988
10655827684,10655827689,5,2266,1576
10656260897,10656260894,-3,1116,2145
10656949022,10656949026,4,2023,1289
10657116672,10657116676,4,1503,1501
10658667905,10658667911,6,2117,1038
10659480802,10659480806,4,2178,1384
10660199021,10660199025,4,1462,1191
10661578131,10661578134,3,1271,1120
10662604255,10662604259,4,2539,1694
10663125420,10663125422,2,1765,1591
10666581969,10666581974,5,2403,1697
10666914959,10666914963,4,2255,1323
10668671194,10668671198,4,2008,1312
10670708527,10670708532,5,2141,1465
10673448650,10673448653,3,2000,1525
10676989754,10676989759,5,2300,1113
10677429258,10677429262,4,1418,894
10678043162,10678043164,2,2123,1480
10679383272,10679383277,5,1628,881
10683375474,10683375478,4,1562,885
10683743837,10683743832,-5,2312,3414
10684003737,10684003739,2,2138,1425
10687690679,10687690682,3,2318,1599
10690227222,10690227226,4,2155,1240
10693185289,10693185295,6,53393,28343
10693885262,10693885247,-15,1070,895
10694515307,10694515310,3,1639,1440
10698164641,10698164640,-1,1582,2452
10699140768,10699140771,3,2078,1667
10699268090,10699268094,4,1829,1579
10700619884,10700619890,6,2172,965
10703677159,10703677163,4,2397,1441
10704831044,10704831047,3,1488,1120
10709861427,10709861430,3,2181,880
10710765889,10710765870,-19,732,351
10712372353,10712372355,2,1983,1369
10717361513,10717361515,2,2053,1529
10720941282,10720941287,5,2302,1311
10723236490,10723236492,2,3363,2168
10724190529,10724190532,3,1882,1864
10726108223,10726108230,7,2357,1672
10727415151,10727415155,4,1616,1387
10727894918,10727894918,0,1844,1147
10730127869,10730127872,3,2243,1711
10738951607,10738951610,3,2436,1067
10739418641,10739418622,-19,2348,1312
10740561260,10740561265,5,1672,1178
10741741794,10741741798,4,1748,1532
10742642810,10742642813,3,2523,1700
10743966366,10743966369,3,1426,1521
10744875068,10744875073,5,1163,819
10750211216,10750211221,5,1901,713
10753664610,10753664615,5,2262,1221
10757564107,10757564107,0,1204,1990
10758940473,10758940477,4,1738,902
10758971898,10758971902,4,1647,1047
10764645527,10764645530,3,1345,1189
10767541109,10767541114,5,2735,1220
10776624537,10776624542,5,1213,1039
10777178955,10777178959,4,2184,1395
10777501786,10777501790,4,1660,1282
10778590235,10778590237,2,2213,1611
10778654837,10778654842,5,2964,1705
10786010592,10786010599,7,2191,1016
10788357138,10788357142,4,1531,1413
10797608765,10797608760,-5,3250,10342
10798498140,10798498143,3,2111,1132
10798618571,10798618549,-22,2722,1095
10801791577,10801791572,-5,786,2771
10805314334,10805314339,5,1933,1330
10805466413,10805466423,10,1830,1297
10810365078,10810365083,5,2438,1057
10810433698,10810433703,5,1985,1386
10811869907,10811869911,4,3107,1826
10813673257,10813673263,6,1485,1421
10815104834,10815104839,5,1511,906
10815688896,10815688877,-19,2328,944
10818333773,10818333777,4,2515,1382
10819416405,10819416408,3,1777,1409
10819464675,10819464652,-23,1315,848
10824371054,10824371054,0,3994,6076
10824871799,10824871803,4,1960,1336
10825495963,10825495966,3,1999,1620
10825659959,10825659962,3,1655,1006
10826349799,10826349801,2,1732,1359
10828259830,10828259834,4,2364,1383
10828840077,10828840081,4,1679,1330
10829026202,10829026203,1,1743,1775
10830116655,10830116659,4,1942,1140
10837311138,10837311142,4,1581,1218
10837546606,10837546609,3,1932,1103
10842044990,10842044994,4,2707,1228
10843361621,10843361624,3,1741,1212
10843387040,10843387044,4,2140,1593
10844281794,10844281798,4,2536,1546
10847086366,10847086370,4,3052,1683
10848240182,10848240187,5,1384,1123
10848971749,10848971750,1,1861,1583
10850451853,10850451857,4,1486,1200
10850696918,10850696922,4,1962,1391
10852103388,10852103393,5,3128,1627
10852527101,10852527108,7,1872,1416
10853463826,10853463828,2,1567,1482
10854753800,10854753805,5,3699,1789
10857147454,10857147459,5,2900,1462
10857441533,10857441538,5,2026,1486
10859428797,10859428800,3,2024,1870
10860852165,10860852175,10,415,278
10861995595,10861995589,-6,1172,3769
10863851822,10863851829,7,3472,1157
10866252607,10866252611,4,2320,1507
10868273218,10868273217,-1,2983,4364
10869246400,10869246404,4,1895,1182
10877838977,10877838981,4,1960,1500
10877922865,10877922870,5,2380,1647
10880888434,10880888434,0,1524,1582
10882525198,10882525202,4,1822,1684
10886352237,10886352240,3,2106,1287
10888264142,10888264147,5,3101,2140
10888841104,10888841109,5,2624,1231
10889865326,10889865330,4,1468,1272
10892954487,10892954491,4,2082,1281
10895051457,10895051463,6,2727,1572
10895510695,10895510701,6,2380,1448
10895736261,10895736258,-3,861,2522
10899404752,10899404756,4,1605,1190
10903243733,10903243738,5,2145,1067
10904768715,10904768718,3,2456,1138
10905983174,10905983177,3,2029,1178
10909725218,10909725217,-1,725,1701
10911772838,10911772842,4,2446,1365
10912157401,10912157406,5,2474,1098
10914563601,10914563604,3,2134,1559
10914878717,10914878718,1,1676,1267
10917170188,10917170191,3,3198,1761
10921180577,10921180582,5,2535,965
10922154644,10922154642,-2,1130,2395
10930221330,10930221337,7,1873,1024
10930713411,10930713414,3,2027,1420
10931165958,10931165958,0,1125,1682
10932270491,10932270485,-6,29773,13398
10933034079,10933034086,7,1923,1148
10933085029,10933085035,6,1760,1269
10933565148,10933565151,3,1615,1161
10934899723,10934899728,5,2141,1043
10935176947,10935176955,8,3699,1622
10936311696,10936311690,-6,1058,3431
10938670207,10938670210,3,2401,1407
10939028446,10939028451,5,2043,1093
10941340357,10941340359,2,1813,1009
10946963741,10946963746,5,1916,840
10949347087,10949347090,3,1706,1099
10950344297,10950344310,13,611,185
10959529980,10959529985,5,2089,1410
10962785790,10962785795,5,1992,1506
10963505673,10963505668,-5,1079,3243
10964434993,10964434994,1,1155,733
10967553025,10967553010,-15,2135,968
10968752279,10968752278,-1,846,1600
10978951281,10978951288,7,1448,978
10979175533,10979175519,-14,4239,1757
10979316055,10979316059,4,1464,1397
10981820313,10981820319,6,2379,1313
10982040139,10982040138,-1,2050,2295
10986452545,10986452542,-3,1433,1662
10986616651,10986616630,-21,1037,257
10988868474,10988868479,5,1968,1558
10989116737,10989116742,5,2270,772
10989258720,10989258701,-19,1441,951
10990855854,10990855859,5,2318,1354
10991620153,10991620158,5,1767,1610
10993922954,10993922957,3,1831,1571
10997145139,10997145144,5,2178,1495
10997444652,10997444658,6,2683,1685
10998357577,10998357582,5,1757,1344
11001703801,11001703800,-1,1568,3109
11001862621,11001862626,5,2249,1285
11004448636,11004448640,4,3207,2115
11006439782,11006439787,5,1571,1359
11010125666,11010125671,5,1757,1121
11020293719,11020293722,3,1950,1881
11021581074,11021581078,4,1383,1034
11021904513,11021904519,6,2186,1523
11022119842,11022119824,-18,2003,1678
11026478603,11026478608,5,1880,1577
11031070477,11031070481,4,1737,728
11032247524,11032247528,4,1843,1108
11034157277,11034157281,4,1959,1239
11034732502,11034732507,5,2296,1406
11040621331,11040621338,7,2576,1347
11042450042,11042450047,5,1774,1290
11042958542,11042958544,2,1283,1624
11046429939,11046429945,6,1693,1363
11048993730,11048993733,3,2367,1540
11051747443,11051747446,3,1566,702
11053057769,11053057773,4,1784,1180
11053695246,11053695250,4,1827,1248
11056532672,11056532674,2,1853,1433
11057510620,11057510624,4,3569,2606
11058717399,11058717403,4,1173,888
11060551062,11060551075,13,10614,48654
11064192831,11064192833,2,1853,1291
11064459350,11064459354,4,2958,1643
11068156394,11068156400,6,1811,1231
11068940424,11068940408,-16,3265,1305
11069461980,11069461998,18,1803,978
11071355063,11071355065,2,1264,1846
11072552685,11072552687,2,1894,1435
11075463185,11075463191,6,1617,1338
11078228061,11078228064,3,1835,1264
11081417815,11081417818,3,1758,1502
11084029045,11084029051,6,8091,27292
11086843337,11086843339,2,1468,1145
11088279446,11088279452,6,1840,1144
11089096761,11089096766,5,2094,1106
11091187478,11091187482,4,1965,1853
11091828156,11091828159,3,1758,1235
11095085678,11095085683,5,2714,1864
11095618682,11095618685,3,1356,1463
11102302203,11102302206,3,2726,1837
11104470638,11104470643,5,2917,1334
11106637927,11106637931,4,1673,793
11107229582,11107229599,17,2566,1311
11108136589,11108136592,3,1684,1223
11108558626,11108558631,5,1557,1102
11110988529,11110988510,-19,1729,759
11118699766,11118699771,5,1950,1087
11121775565,11121775569,4,2513,1595
11122207331,11122207334,3,2336,1431
11126601997,11126601996,-1,1266,1711
11128180227,11128180231,4,3163,1769
11128360590,11128360595,5,2027,1270
11129213890,11129213911,21,1767,1088
11133233129,11133233127,-2,19536,10540
11135009854,11135009854,0,2885,4789
11136045521,11136045525,4,1446,873
11139151017,11139151022,5,1408,1065
11144574118,11144574122,4,1885,1205
11145203560,11145203565,5,1876,1688
11149062471,11149062457,-14,715,107
11152877604,11152877606,2,1616,1202
11155988291,11155988295,4,2617,1342
11158273561,11158273563,2,1340,1187
11158367846,11158367850,4,1965,1280
11160206265,11160206269,4,2158,1254
11164408598,11164408601,3,1127,1417
11174961215,11174961218,3,2936,2541
11178004444,11178004454,10,16637,19090
11182450650,11182450651,1,1733,1218
11186440297,11186440302,5,2416,1483
11193250795,11193250799,4,2657,1488
11194659931,11194659935,4,1485,1164
11195284162,11195284165,3,1686,1092
11195849514,11195849518,4,1624,1755
11196118873,11196118878,5,1843,1373
11196531826,11196531837,11,12475,42453
11197707381,11197707385,4,3260,1838
11199654350,11199654355,5,1829,1570
11201247781,11201247782,1,2430,1013
11201423258,11201423263,5,2588,1222
11203617021,11203617023,2,2078,1435
11208899806,11208899809,3,2242,1353
11212065748,11212065752,4,2327,1559
11213930694,11213930692,-2,1935,4295
11216860225,11216860231,6,2583,1266
11221756797,11221756801,4,2013,1527
11222560074,11222560075,1,750,7581
11224100478,11224100479,1,2063,1195
11225260024,11225260030,6,2073,1501
11229133556,11229133553,-3,1088,1680
11229889963,11229889968,5,2407,1463
11230381564,11230381567,3,1910,917
11233267490,11233267496,6,2582,1892
11235888438,11235888440,2,2188,1960
11238068730,11238068734,4,2127,1110
11242803151,11242803154,3,1753,1225
11243940244,11243940248,4,1873,1326
11250684990,11250684994,4,2661,1733
11253102202,11253102204,2,1739,1552
11253627989,11253627974,-15,1670,632
11255244786,11255244788,2,1908,1081
11258457490,11258457492,2,1636,2243
11259973235,11259973238,3,2118,1478
11260362329,11260362335,6,2093,967
11264779799,11264779802,3,1342,1407
11264889605,11264889608,3,2212,1690
11265154777,11265154777,0,1258,2603
11268349562,11268349564,2,1542,1608
11274466778,11274466776,-2,819,1800
11275636427,11275636416,-11,872,370
11276632406,11276632409,3,1844,1115
11277677930,11277677934,4,2744,1319
11280113225,11280113232,7,1716,1165
11281686844,11281686850,6,1626,1118
11283442418,11283442425,7,1667,1181
11286295909,11286295912,3,2008,1359
11293956063,11293956066,3,1936,1031
11297586606,11297586610,4,1694,1425
11300905059,11300905064,5,1229,858
11305588746,11305588752,6,2434,1559
11305932815,11305932820,5,2150,1331
11309106895,11309106897,2,1264,1311
11310042024,11310042008,-16,2071,1239
11311275678,11311275681,3,2105,1677
11311436424,11311436408,-16,1639,1203
11312982177,11312982181,4,2508,1014
11313219791,11313219805,14,2009,1094
11322365910,11322365914,4,2773,1306
11323371759,11323371762,3,1840,1256
11323735675,11323735679,4,1522,1054
11324042419,11324042426,7,1522,769
11331759951,11331759955,4,2134,1278
11333743253,11333743257,4,2282,1389
11334228633,11334228639,6,1835,1098
11335968571,11335968575,4,2829,1270
11336127632,11336127634,2,2269,1460
11338398854,11338398858,4,1645,1165
11338521626,11338521613,-13,1178,406
11352064150,11352064159,9,2007,1335
11357111862,11357111866,4,1398,1313
11359663300,11359663303,3,1827,1170
11359756906,11359756927,21,607,187
11360192751,11360192756,5,2084,1255
11362630321,11362630324,3,2181,1949
11366858923,11366858926,3,1170,1163
11367072793,11367072797,4,1946,1356
11368067410,11368067416,6,2356,1555
11372925242,11372925238,-4,6817,14050
11375848928,11375848931,3,2076,1208
11376739827,11376739833,6,1615,1351
11378596242,11378596246,4,2917,1525
11379364635,11379364639,4,1425,999
11382191882,11382191884,2,1437,1171
11386892410,11386892415,5,2355,1014
11387200579,11387200583,4,1909,1181
11388884554,11388884559,5,2531,1995
11392415176,11392415181,5,1987,1288
11393638362,11393638369,7,2097,1656
11395581934,11395581938,4,1955,1417
11395924361,11395924340,-21,1381,819
11398567974,11398567978,4,2035,1224
11398613137,11398613141,4,1569,832
11407860028,11407860031,3,2542,1676
11412530155,11412530152,-3,1362,12785
11413506930,11413506935,5,2634,1325
11413647955,11413647936,-19,1092,1447
11414925605,11414925609,4,2004,1379
11415171183,11415171187,4,1611,989
11416771528,11416771533,5,2556,1240
11417906090,11417906095,5,2697,1716
11419692769,11419692772,3,2182,1116
11425749914,11425749917,3,2014,1633
11429193449,11429193454,5,3839,2616
11430342353,11430342353,0,1154,22170
11435440738,11435440741,3,2197,1682
11436042050,11436042055,5,2454,1835
11436155826,11436155831,5,2034,1467
11437081505,11437081487,-18,2584,1294
11442825606,11442825610,4,2617,1740
11443678424,11443678429,5,1605,1478
11444179674,11444179679,5,2193,1682
11445251254,11445251257,3,2231,1054
11445466709,11445466713,4,2088,1276
11447412777,11447412779,2,1649,1770
11448149405,11448149407,2,2315,1638
11450899430,11450899433,3,2101,1343
11453903010,11453903013,3,1331,1003
11464530333,11464530339,6,1960,1429
11466797321,11466797323,2,1304,837
11467123472,11467123452,-20,1611,1439
11469644738,11469644742,4,1766,1338
11472595027,11472595030,3,2175,1841
11478739550,11478739551,1,1923,1191
11478814461,11478814466,5,2149,1652
11482519435,11482519439,4,1272,835
11483568098,11483568102,4,1605,1211
11485099722,11485099726,4,1859,1075
11485777091,11485777093,2,2399,1486
11491466733,11491466737,4,2019,1118
11492214389,11492214394,5,2040,1138
11494340698,11494340701,3,1568,840
11498899363,11498899368,5,3652,2811
11499513820,11499513824,4,2110,1015
11499937790,11499937794,4,1578,1406
11500799703,11500799706,3,1028,480
11501571432,11501571439,7,2510,1113
11502666068,11502666056,-12,1239,469
11504206091,11504206093,2,1303,1551
11505750141,11505750144,3,1542,1102
11507175666,11507175666,0,2166,1818
11510296934,11510296938,4,1627,950
11511300122,11511300126,4,1770,1107
11513344483,11513344467,-16,144,553
11519761920,11519761926,6,2211,1768
11523748684,11523748688,4,2203,1223
11530674714,11530674717,3,2210,1311
11531091589,11531091593,4,1570,1354
11531239335,11531239336,1,1724,1824
11531500974,11531500960,-14,1965,1174
11532598050,11532598049,-1,1162,1506
11536768979,11536768985,6,1923,1160
11537901252,11537901257,5,1945,1253
11540019475,11540019480,5,1706,1576
11542984333,11542984335,2,1422,1463
11545023341,11545023345,4,3045,1488
11545676869,11545676872,3,1184,1366
11546807242,11546807247,5,2197,1285
11548146281,11548146285,4,1428,1457
11550912021,11550912025,4,2945,1307
11551688710,11551688703,-7,2065,6650
11557561007,11557561001,-6,1634,7090
11558247928,11558247932,4,1296,996
11562975278,11562975281,3,1497,1169
11570152934,11570152939,5,2424,795
11573579190,11573579195,5,1751,1254
11575126748,11575126753,5,1678,1340
11579236367,11579236370,3,1649,1101
11580005606,11580005606,0,1895,2428
11580247843,11580247845,2,2063,1482
11582241365,11582241367,2,2006,2107
11583138554,11583138558,4,2878,1718
11583464311,11583464315,4,2688,1737
11586107733,11586107737,4,1953,1206
11598271614,11598271621,7,2293,1433
11599265983,11599265990,7,2983,1530
11600475101,11600475104,3,2745,1860
11601443485,11601443489,4,1355,1037
11606163214,11606163217,3,1971,1095
11612095482,11612095485,3,1852,1481
11615682095,11615682101,6,1415,1235
11618458933,11618458937,4,1652,1459
11619934659,11619934663,4,2001,1089
11620233839,11620233824,-15,1077,465
11622515110,11622515114,4,2650,1158
11623702702,11623702705,3,1950,1139
11626342410,11626342415,5,1937,1149
11626711700,11626711702,2,2547,1515
11632857167,11632857148,-19,1368,624
11637491665,11637491667,2,1980,1608
11639803053,11639803057,4,2316,1147
11640400069,11640400074,5,2352,1601
11641074429,11641074433,4,1535,784
11646563011,11646563001,-10,34334,14120
11646911046,11646911050,4,2227,1426
11647283001,11647283022,21,2584,1807
11651013610,11651013614,4,1401,1454
11651404827,11651404832,5,2342,1583
11652555110,11652555115,5,2533,1368
11660877513,11660877514,1,2555,3095
11662453436,11662453439,3,2471,1392
11665177122,11665177125,3,2298,1771
11666534841,11666534845,4,2240,1410
11667725226,11667725229,3,2994,1470
11674942677,11674942682,5,1342,783
11675350471,11675350485,14,422,1332
11676913150,11676913154,4,2412,1443
11678418495,11678418499,4,1646,1507
11679898209,11679898206,-3,1716,1312
11681251093,11681251097,4,2595,1658
11684008843,11684008849,6,1916,909
11685810885,11685810890,5,1867,1460
11689003086,11689003091,5,2276,1263
11693100809,11693100815,6,2356,1638
11693773226,11693773231,5,1642,1576
11695078169,11695078182,13,1341,1093
11695954780,11695954785,5,1692,1171
11696168855,11696168859,4,1609,945
11698725130,11698725133,3,1663,1153
11699192427,11699192431,4,1768,1480
11703274625,11703274631,6,1665,1411
11704622763,11704622766,3,1912,1530
11705827235,11705827230,-5,882,1503
11708573781,11708573784,3,2365,1821
11708853112,11708853116,4,1740,1146
11709598488,11709598491,3,1066,866
11713386187,11713386189,2,1773,1180
11716290886,11716290891,5,2525,1601
11717127305,11717127311,6,1978,1184
11717473803,11717473809,6,2173,1293
11719460482,11719460483,1,1923,1533
11720438357,11720438359,2,1883,1957
11722119985,11722119990,5,2741,1909
11728205956,11728205962,6,2807,1200
11732856654,11732856658,4,2011,1670
11740785261,11740785267,6,1092,1475
11742696386,11742696390,4,2879,1587
11743275811,11743275815,4,1679,1157
11745122977,11745122981,4,2616,1610
11748802010,11748802015,5,2318,1549
11751631956,11751631957,1,24808,5247
11752091102,11752091107,5,2424,1338
11755363316,11755363319,3,2244,1715
11756081766,11756081773,7,2001,1561
11760368864,11760368867,3,1264,1156
11762348233,11762348242,9,2389,1412
11764794473,11764794475,2,1304,1194
11765817492,11765817500,8,19834,52689
11772745281,11772745285,4,2162,1434
11773106950,11773106955,5,2045,1417
11773257250,11773257255,5,1486,1494
11778227920,11778227924,4,2091,1132
11786931962,11786931967,5,36880,21523
11787388255,11787388261,6,4777,1713
11787691661,11787691666,5,1622,1110
11789652234,11789652235,1,1158,1099
11790798218,11790798221,3,1755,1122
11791144510,11791144512,2,1033,859
11794555243,11794555247,4,1986,1580
11795010140,11795010143,3,2384,1314
11796456563,11796456568,5,1638,1564
11798468462,11798468465,3,2068,1864
11801194822,11801194827,5,1720,835
11802411625,11802411626,1,1612,1576
11804372589,11804372609,20,109,1390
11807258986,11807258990,4,2268,1515
11810639970,11810639974,4,2176,1481
11819496621,11819496625,4,1484,1288
11820411055,11820411059,4,1464,1054
11823777006,11823777011,5,2405,1472
11825447578,11825447576,-2,1441,2084
11832123850,11832123854,4,2459,1398
11834179086,11834179091,5,1986,1208
11837097565,11837097569,4,1570,1294
11841612549,11841612554,5,2152,1479
11844213161,11844213164,3,1690,1264
11850620497,11850620498,1,2102,2390
11854975187,11854975187,0,1420,1849
11858167592,11858167594,2,1931,1441
11860281757,11860281761,4,2173,1129
11861253380,11861253385,5,3002,1543
11862276347,11862276350,3,2142,1173
11867493218,11867493222,4,2340,1652
11868677527,11868677530,3,2390,1178
11871859746,11871859746,0,1213,1782
11873063183,11873063178,-5,1020,1748
11878038446,11878038444,-2,1872,2324
11878869042,11878869046,4,2391,1311
11878945421,11878945426,5,2612,1474
11880014811,11880014806,-5,800,3500
11880889362,11880889365,3,2071,1959
11882564043,11882564047,4,2088,1625
11888334905,11888334910,5,1815,1344
11888696084,11888696086,2,2296,1825
11891087678,11891087682,4,1054,1592
11892124991,11892124994,3,1627,1505
11894582690,11894582695,5,2639,1260
11895991282,11895991283,1,1471,1025
11898571110,11898571108,-2,1304,2824
11899158552,11899158557,5,2673,1763
11899459859,11899459863,4,1840,1205
11900457293,11900457297,4,2531,1611
11904958532,11904958535,3,2152,1542
11909471302,11909471305,3,2449,1611
11910613926,11910613927,1,2203,1326
11910673759,11910673763,4,2175,1381
11911744837,11911744830,-7,1470,5044
11911781502,11911781507,5,1200,1059
11918911397,11918911402,5,1989,1368
11920232656,11920232659,3,1756,941
11921403710,11921403715,5,1709,1174
11926368121,11926368123,2,2023,1141
11929120798,11929120802,4,1870,1326
11933296055,11933296060,5,1558,1166
11933689254,11933689259,5,2379,1310
11935336942,11935336950,8,1876,1319
11937140489,11937140495,6,2954,1028
11937278305,11937278310,5,16457,8958
11943492626,11943492631,5,1660,1352
11944372314,11944372315,1,1841,1519
11947083259,11947083263,4,1047,817
11947856223,11947856206,-17,695,390
11949025605,11949025611,6,2087,1389
11949939482,11949939487,5,2960,1168
11950838722,11950838727,5,2058,1505
11953024703,11953024700,-3,725,1585
11957573946,11957573954,8,8028,2784
11960264891,11960264895,4,2169,1657
11963038083,11963038086,3,620,500
11967139321,11967139325,4,1938,1227
11968185205,11968185210,5,2105,1151
11972930776,11972930781,5,2032,1299
11976265178,11976265183,5,2371,1440
11976880991,11976880995,4,1710,987
11976952886,11976952886,0,2363,2645
11980191895,11980191897,2,1100,1265
11981298426,11981298431,5,2662,1703
11982430985,11982430965,-20,1216,870
11985408206,11985408208,2,1842,1849
11985618041,11985618047,6,2520,1725
11986540301,11986540305,4,2234,1366
11987120486,11987120488,2,2226,1518
11987585974,11987585978,4,1805,1029
11988093963,11988093966,3,1964,1467
11989352604,11989352611,7,1924,1352
11993227668,11993227671,3,1861,1204
11995085414,11995085420,6,1571,1147
11996992742,11996992746,4,2331,1810
11997661441,11997661445,4,1783,1058
11999808482,11999808486,4,1516,874
12009496007,12009496010,3,1924,1405
12010355089,12010355086,-3,2021,4595
12012085911,12012085915,4,1700,1633
12012752866,12012752869,3,1502,1616
12015772802,12015772806,4,2144,946
12018895974,12018895978,4,1136,1601
12021582841,12021582843,2,1636,1355
12025382667,12025382673,6,3106,1562
12026757274,12026757274,0,931,1350
12027857949,12027857953,4,1971,1247
12027943754,12027943759,5,1358,824
12029017364,12029017369,5,1964,1603
12030431538,12030431516,-22,2355,873
12030561738,12030561742,4,2158,1025
12037642376,12037642376,0,944,2000
12042939963,12042939969,6,1734,1201
12043296985,12043296967,-18,1586,1037
12043722058,12043722062,4,2365,1949
12043938559,12043938563,4,2210,1071
12044796063,12044796067,4,2141,1586
12046519827,12046519830,3,1160,936
12050468537,12050468542,5,2185,1505
12053203098,12053203102,4,2293,1423
12054884764,12054884768,4,2077,1146
12055528285,12055528290,5,2360,1212
12057060025,12057060020,-5,3477,12092
12057159710,12057159715,5,478,765
12060101722,12060101725,3,1926,1310
12061627470,12061627473,3,1964,1325
12065133171,12065133174,3,2601,2419
12068784774,12068784778,4,1977,1420
12071062705,12071062684,-21,1838,949
12071279729,12071279732,3,3385,2423
12072581733,12072581733,0,1063,892
12078160174,12078160178,4,1716,1286
12089449749,12089449754,5,2228,1434
12100443659,12100443664,5,2896,1486
12105109459,12105109462,3,2547,1566
12108549026,12108549027,1,2264,1460
12110799996,12110799999,3,1954,1143
12111218243,12111218250,7,2307,1513
12113861050,12113861054,4,1961,1225
12115561867,12115561871,4,1288,1575
12115787510,12115787515,5,2209,1077
12116299514,12116299519,5,2258,913
12118291024,12118291029,5,1584,1241
12118757650,12118757652,2,2576,1281
12120555899,12120555903,4,2655,1453
12124776698,12124776701,3,1968,1232
12127054901,12127054906,5,1764,838
12128702555,12128702559,4,2474,1449
12129118413,12129118418,5,3530,1182
12129864422,12129864440,18,684,151
12137754253,12137754258,5,2382,1258
12138662410,12138662388,-22,2251,1177
12142367260,12142367263,3,1831,1301
12145139001,12145139008,7,2120,1333
12147083630,12147083630,0,20568,28601
12148795571,12148795574,3,1959,1373
12149427826,12149427831,5,2299,1029
12150655385,12150655390,5,1636,1163
12151584110,12151584115,5,1420,912
12154395688,12154395695,7,2038,1128
12155446553,12155446560,7,2312,1739
12155803078,12155803082,4,2092,1152
12160422321,12160422326,5,2378,1526
12163417310,12163417315,5,2135,1203
12171224167,12171224174,7,4632,1285
12171516242,12171516247,5,1032,873
12178860036,12178860039,3,1337,1277
12183901154,12183901157,3,2357,1487
12187534875,12187534879,4,2328,1599
12188297524,12188297527,3,1960,999
12188663336,12188663357,21,2087,1325
12190130617,12190130622,5,2323,1334
12193069893,12193069896,3,2407,1964
12202156659,12202156664,5,2212,1381
12203231508,12203231510,2,2168,1649
12205498922,12205498943,21,2848,1499
12207020010,12207020014,4,1571,1089
12212451325,12212451331,6,2078,1195
12214475805,12214475807,2,1229,718
12218764075,12218764079,4,2026,1288
12221033095,12221033098,3,3024,1302
12222186129,12222186133,4,2589,1572
12222726181,12222726181,0,1858,1372
12223256395,12223256413,18,624,284
12227982899,12227982902,3,1916,800
12235810144,12235810150,6,2012,866
12240257230,12240257235,5,1788,1271
12250372828,12250372832,4,1916,1224
12251876695,12251876700,5,1669,1470
12252409261,12252409265,4,2384,1095
12253307910,12253307915,5,2437,1535
12254479962,12254479957,-5,992,2681
12256060320,12256060324,4,2113,1202
12256628398,12256628402,4,874,920
12257976778,12257976784,6,2175,1795
12259821978,12259821983,5,1896,1307
12265203881,12265203887,6,1586,1347
12268259157,12268259161,4,1892,1259
12272450957,12272450961,4,2084,1383
12273369130,12273369135,5,1519,1300
12273682519,12273682524,5,2681,1748
12276676471,12276676471,0,750,685
12281199625,12281199630,5,2242,2129
12288126202,12288126207,5,2112,1434
12290752982,12290752986,4,2614,1527
12301071710,12301071714,4,2497,1591
12302690632,12302690645,13,10127,45159
12309893221,12309893224,3,1412,1403
12311481195,12311481198,3,1923,1471
12312351518,12312351522,4,2707,1894
12313299463,12313299470,7,5064,1555
12315542768,12315542773,5,2960,1299
12316526945,12316526948,3,1689,1456
12321183558,12321183563,5,1770,1230
12323887749,12323887753,4,1431,712
12328886724,12328886726,2,1417,1353
12330933930,12330933935,5,2132,1674
12334782949,12334782946,-3,21050,12281
12339684198,12339684203,5,2063,1027
12340313186,12340313190,4,1772,1513
12340400440,12340400443,3,1275,1144
12342916108,12342916110,2,995,736
12345502276,12345502280,4,2573,1446
12348964534,12348964538,4,2159,1008
12349327714,12349327718,4,1862,990
12351450973,12351450978,5,1721,1261
12353535103,12353535086,-17,1591,1066
12360459541,12360459545,4,1549,1160
12361204306,12361204286,-20,1059,654
12361367174,12361367177,3,2072,1007
12367063321,12367063326,5,1947,1192
12371129862,12371129866,4,1660,1303
12372757261,12372757265,4,1698,1019
12375362558,12375362564,6,1827,975
12377676330,12377676329,-1,11983,15830
12377741534,12377741538,4,2636,1320
12378465497,12378465503,6,1924,1402
12378891053,12378891057,4,2822,1780
12380434097,12380434099,2,2067,1810
12381027395,12381027398,3,1348,1365
12388676321,12388676329,8,1461,1138
12392875043,12392875048,5,2630,1458
12394299791,12394299793,2,1076,817
12394898803,12394898807,4,1817,1086
12394938315,12394938319,4,1423,1273
12399735731,12399735735,4,1874,1302
12402992463,12402992466,3,1568,1119
12407220187,12407220198,11,1283,1417
12407790883,12407790886,3,1693,982
12410808571,12410808576,5,2450,1313
12419351302,12419351301,-1,1783,1342
12421770231,12421770233,2,2377,1761
12422218069,12422218074,5,2669,1191
12423827410,12423827413,3,1159,1502
12426179274,12426179277,3,1623,1474
12427778446,12427778450,4,1269,1122
12428618918,12428618917,-1,1261,1242
12430793620,12430793623,3,1552,1110
12432263873,12432263877,4,2167,1408
12432799715,12432799721,6,1035,1076
12440300087,12440300094,7,1935,1708
12441867175,12441867179,4,1197,767
12443059228,12443059234,6,1550,1334
12444706163,12444706168,5,1917,1148
12449683807,12449683810,3,1549,1010
12459583139,12459583143,4,1258,981
12461780497,12461780498,1,1528,1500
12462621894,12462621898,4,1928,919
12464687707,12464687710,3,1676,1411
12466449704,12466449697,-7,2273,6732
12471256296,12471256298,2,1847,1456
12476005537,12476005542,5,1688,1511
12477247722,12477247725,3,2251,1465
12477764742,12477764746,4,1370,1217
12477812554,12477812561,7,1782,1318
12479655238,12479655241,3,1963,1307
12480803342,12480803346,4,2508,1827
12481597377,12481597381,4,2008,1610
12482410121,12482410124,3,933,873
12483901251,12483901254,3,2003,1192
12486230735,12486230740,5,1912,1095
12492163045,12492163053,8,3693,1371
12493988384,12493988388,4,2115,1045
12495687651,12495687655,4,2375,1902
12496687801,12496687796,-5,906,1908
12498102339,12498102343,4,2091,1298
12504780562,12504780566,4,1808,1426
12506640520,12506640524,4,1275,1137
12511532460,12511532464,4,1585,1637
12518002537,12518002537,0,1279,894
12521763196,12521763199,3,1649,1120
12522938558,12522938560,2,2029,1779
12523200505,12523200518,13,2608,1170
12523868037,12523868043,6,1892,1445
12525533150,12525533151,1,1027,19576
12527189261,12527189267,6,2495,1848
12531681913,12531681918,5,2703,1610
12532741494,12532741498,4,2185,1313
12533610094,12533610097,3,1894,1228
12534704254,12534704257,3,2048,1817
12535337665,12535337667,2,2245,796
12540956351,12540956358,7,2491,1409
12542584907,12542584889,-18,1301,813
12545353881,12545353886,5,1548,1093
12546445571,12546445575,4,1791,1374
12548366197,12548366201,4,1773,1107
12549046410,12549046411,1,1277,1466
12549375071,12549375075,4,1683,1591
12551516391,12551516394,3,1378,1158
12551902962,12551902967,5,1949,1074
12558722475,12558722478,3,1938,1904
12562304781,12562304785,4,2909,1803
12563931481,12563931481,0,3295,3768
12565447914,12565447917,3,1063,875
12568461278,12568461283,5,1468,1178
12573390827,12573390832,5,2780,1729
12577468854,12577468859,5,2227,1429
12582305935,12582305939,4,2489,1716
12591945962,12591945966,4,1787,1560
12592608538,12592608544,6,2504,1592
12597022079,12597022058,-21,1958,1367
12600506630,12600506635,5,2253,1084
12605283691,12605283694,3,1624,1290
12607545091,12607545093,2,17790,39267
12612045989,12612045994,5,1645,1511
12614053494,12614053499,5,1977,1285
12615503357,12615503362,5,1874,1294
12618477043,12618477047,4,1134,1195
12618862398,12618862402,4,1256,1357
12618985541,12618985527,-14,1705,1254
12619525981,12619525987,6,1404,851
12624897423,12624897421,-2,1087,1960
12626105661,12626105667,6,2262,1316
12626471650,12626471657,7,2534,1390
12628627411,12628627415,4,2770,1240
12630810016,12630810021,5,2580,1521
12637208263,12637208267,4,1721,1705
12637234810,12637234814,4,1681,1518
12638262994,12638262999,5,1803,1344
12638856729,12638856735,6,1614,809
12641554934,12641554937,3,1622,928
12642694131,12642694135,4,2618,1687
12648686677,12648686681,4,1572,1168
12651384256,12651384262,6,2984,946
12655009067,12655009070,3,1846,1273
12661256167,12661256170,3,1836,1305
12665799509,12665799513,4,2111,1220
12667659597,12667659601,4,1637,1049
12669546203,12669546208,5,2218,1607
12670853598,12670853602,4,2309,1215
12671894870,12671894874,4,1737,1102
12679018184,12679018187,3,2119,972
12679120704,12679120684,-20,1775,753
12689601442,12689601446,4,1407,908
12689799187,12689799183,-4,859,385
12690088778,12690088788,10,2543,1405
12693046493,12693046497,4,1807,1888
12695636210,12695636215,5,2281,1450
12697647677,12697647680,3,1826,1641
12698511094,12698511098,4,1717,1122
12698773179,12698773198,19,2477,1332
12698977967,12698977970,3,1355,1470
12699501042,12699501045,3,1896,1344
12699675570,12699675575,5,1244,891
12710228095,12710228101,6,1426,1264
12710676394,12710676399,5,1622,1056
12712369711,12712369715,4,2205,1650
12718887222,12718887227,5,1496,1182
12719495841,12719495842,1,1414,1220
12720122867,12720122874,7,1686,1126
12722724854,12722724858,4,1515,1627
12725248533,12725248537,4,2259,1389
12726004161,12726004166,5,2917,1135
12727138918,12727138923,5,2058,1657
12727568029,12727568034,5,3078,1957
12728214796,12728214801,5,3247,1803
12730061780,12730061779,-1,1835,2269
12730566362,12730566367,5,1506,1191
12732564352,12732564357,5,1997,1272
12734196426,12734196425,-1,1612,1996
12737391215,12737391219,4,1797,1406
12737859882,12737859862,-20,2880,1139
12738361455,12738361462,7,2281,1228
12738439203,12738439209,6,1891,1548
12740034331,12740034335,4,1965,873
12747683463,12747683470,7,1967,1505
12747870137,12747870118,-19,1443,647
12749355019,12749355023,4,1471,994
12749712319,12749712308,-11,632,367
12751596985,12751596978,-7,1131,3779
12753789762,12753789764,2,2320,1772
12756358914,12756358919,5,1662,1140
12756453214,12756453218,4,1174,1576
12757534161,12757534168,7,1621,1620
12758553006,12758553010,4,50346,52850
12760001922,12760001927,5,1943,1357
12760714265,12760714269,4,1995,1622
12763063924,12763063943,19,2677,2871
12763640805,12763640810,5,2968,2063
12767207019,12767207022,3,1593,1062
12769890190,12769890195,5,1745,1428
12771597935,12771597938,3,1881,1304
12771971654,12771971657,3,2345,1272
12772955293,12772955298,5,2651,1767
12776629762,12776629769,7,2939,1121
12778040075,12778040079,4,1742,1036
12778351563,12778351567,4,2420,1137
12778553516,12778553521,5,2447,1727
12784278858,12784278862,4,2268,1247
12786056014,12786056019,5,2784,1369
12786783086,12786783091,5,1411,1411
12787778782,12787778790,8,1568,813
12787882750,12787882735,-15,1277,1082
12791530569,12791530572,3,2038,1035
12792049934,12792049940,6,2314,1359
12792485462,12792485467,5,2225,1492
12792877927,12792877932,5,3300,1621
12793885862,12793885867,5,1916,1172
12795289517,12795289521,4,2194,1906
12798076070,12798076072,2,2699,1411
12798534590,12798534594,4,2323,1227
12801039844,12801039846,2,2224,1982
12801104691,12801104694,3,1835,1381
12803087182,12803087188,6,1798,1595
12804477018,12804477022,4,2249,1650
12805593630,12805593632,2,1926,1630
12805709581,12805709585,4,1551,1400
12813171554,12813171557,3,1964,1661
12813784222,12813784226,4,1612,1210
12818806738,12818806743,5,1285,1074
12820645740,12820645743,3,1641,1250
12821833270,12821833274,4,1879,1377
12824766740,12824766745,5,1105,1078
12830399917,12830399923,6,3420,1178
12831794625,12831794630,5,2041,1094
12851008609,12851008613,4,2186,1204
12852418357,12852418361,4,2500,1545
12853306198,12853306201,3,1621,1116
12858298374,12858298373,-1,609,481
12860481391,12860481395,4,2233,1860
12864302278,12864302283,5,2079,1573
12866721074,12866721075,1,1170,1398
12867036371,12867036376,5,3931,1931
12867795171,12867795175,4,2542,2002
12868649893,12868649898,5,2535,1414
12868973913,12868973917,4,1128,1357
12870494946,12870494950,4,1965,1621
12874600045,12874600055,10,20597,38644
12875121833,12875121839,6,1459,1190
12877579997,12877580002,5,2663,1588
12887412799,12887412802,3,2169,1361
12890644536,12890644538,2,1395,864
12890954077,12890954079,2,1085,699
12891408961,12891408967,6,2639,626
12891801094,12891801103,9,1301,780
12893252237,12893252243,6,1811,1413
12898481766,12898481773,7,3780,1159
12899318027,12899318005,-22,863,427
12903491150,12903491152,2,1275,1270
12903531325,12903531327,2,1936,1652
12904817704,12904817709,5,1836,1099
12910039526,12910039530,4,2428,1333
12912936350,12912936353,3,1061,1275
12916456766,12916456770,4,2508,1510
12919300586,12919300591,5,1290,864
12921255454,12921255458,4,2038,1554
12921569627,12921569633,6,1920,1205
12923503025,12923503029,4,1736,1320
12928252394,12928252397,3,2100,1481
12929095595,12929095598,3,1651,1034
12932074938,12932074942,4,2422,1221
12938182234,12938182238,4,2224,1282
12938218658,12938218662,4,2152,1216
12938587990,12938587989,-1,1552,1821
12938693154,12938693134,-20,1645,889
12946046773,12946046778,5,3129,1603
12946546542,12946546548,6,2116,1415
12946626449,12946626454,5,1981,1106
12950880986,12950880988,2,1141,1084
12955057185,12955057188,3,2041,1282
12959255354,12959255358,4,2625,1420
12960799325,12960799331,6,1292,726
12964324578,12964324581,3,2184,1477
12967798254,12967798259,5,2010,1027
12974348554,12974348560,6,2448,1376
12976413696,12976413698,2,2482,1606
12981434885,12981434891,6,1779,1351
12982720755,12982720757,2,2520,1445
12984736733,12984736738,5,1494,1880
12986767933,12986767937,4,2069,1942
12989465487,12989465489,2,1811,1226
12989620312,12989620314,2,1203,816
12989930906,12989930894,-12,1351,764
12990208578,12990208583,5,2247,1100
12996601003,12996601007,4,2076,1245
13006063510,13006063517,7,1559,998
13006662855,13006662855,0,4832,6390
13011974720,13011974724,4,1449,868
13012769570,13012769568,-2,2721,4261
13020758002,13020758009,7,1751,878
13028122437,13028122441,4,1602,1417
13030438887,13030438891,4,2149,1394
13031345217,13031345221,4,1347,1073
13033652996,13033653001,5,3627,2040
13038658349,13038658353,4,1596,1957
13038780367,13038780362,-5,935,3339
13039219638,13039219643,5,3238,1568
13039580271,13039580274,3,2106,1061
13041818830,13041818833,3,1482,1227
13043078847,13043078853,6,2088,865
13044989506,13044989511,5,1610,1114
13047033910,13047033907,-3,1271,2003
13047736940,13047736944,4,2066,1329
13048570614,13048570619,5,2026,1065
13049004781,13049004799,18,2123,1272
13050405910,13050405915,5,1778,1232
13052419405,13052419411,6,1488,1159
13055441678,13055441681,3,1873,1344
13057155395,13057155398,3,2449,1629
13061499952,13061499958,6,1574,752
13065403442,13065403448,6,13498,24610
13066572846,13066572852,6,2119,1350
13068904050,13068904050,0,1260,2472
13070525751,13070525758,7,3656,1307
13072231050,13072231054,4,2172,1254
13072291645,13072291648,3,1904,1111
13073199881,13073199886,5,3266,1743
13076538832,13076538829,-3,2005,5668
13076974310,13076974315,5,1158,1003
13078851533,13078851537,4,2167,1322
13079277358,13079277362,4,2511,1379
13081822349,13081822352,3,2284,1095
13083452222,13083452216,-6,296,1374
13084541291,13084541294,3,1128,1053
13087547257,13087547261,4,898,1344
13088477825,13088477829,4,2406,1456
13091653262,13091653268,6,2158,1146
13092965615,13092965621,6,1897,1180
13095701708,13095701711,3,2156,1519
13096032657,13096032663,6,1501,885
13098955174,13098955177,3,1843,1171
13099390290,13099390297,7,3958,989
13100178586,13100178592,6,1685,1318
13102331740,13102331743,3,2361,1591
13104250882,13104250886,4,1918,1712
13105668044,13105668046,2,1847,1378
13111553057,13111553059,2,2523,1460
13113947711,13113947711,0,1834,1706
13113988472,13113988476,4,1466,1366
13115037776,13115037756,-20,2038,837
13115398297,13115398276,-21,2204,1213
13118280871,13118280869,-2,1060,2449
13118824335,13118824328,-7,895,2380
13119537938,13119537940,2,2096,1186
13121598451,13121598457,6,2128,2313
13122446774,13122446783,9,1035,280
13123450231,13123450235,4,2847,1860
13124336235,13124336239,4,1314,387
13132306853,13132306837,-16,1717,1441
13133935163,13133935167,4,2527,2064
13135524402,13135524407,5,2389,1294
13137262050,13137262053,3,1595,1217
13139939268,13139939271,3,1670,1374
13142633581,13142633575,-6,2287,4680
13142922280,13142922283,3,2073,953
13143346218,13143346222,4,1652,1397
13146375084,13146375088,4,2410,1170
13149316418,13149316424,6,2249,1759
13153281625,13153281621,-4,1177,2653
13153503837,13153503840,3,2115,1683
13155322850,13155322855,5,1875,1542
13155547785,13155547778,-7,27189,14142
13159563810,13159563814,4,1322,1069
13169487121,13169487126,5,1158,1097
13171297074,13171297079,5,1624,1058
13173784521,13173784526,5,1515,627
13177541795,13177541798,3,2384,1303
13178128461,13178128465,4,2223,1369
13183329010,13183329013,3,1564,806
13184129122,13184129128,6,1479,864
13185021166,13185021169,3,1710,1473
13185055578,13185055582,4,1614,1053
13186377293,13186377297,4,1611,1345
13186861731,13186861734,3,1923,1274
13187898990,13187898995,5,1759,1072
13188059525,13188059533,8,2211,1423
13188181965,13188181970,5,1788,1571
13188658952,13188658958,6,2123,1053
13189457550,13189457553,3,1646,1222
13192920843,13192920847,4,2368,1264
13195029555,13195029555,0,991,1224
13195734264,13195734267,3,1525,1006
13196956354,13196956353,-1,23755,31937
13197577916,13197577922,6,1823,1360
13199146408,13199146413,5,2432,1331
13200728825,13200728830,5,2177,1354
13204600926,13204600932,6,2774,1098
13205710409,13205710415,6,2621,1041
13208658219,13208658223,4,2452,1622
13213480820,13213480826,6,2629,1257
13213817312,13213817314,2,1435,1555
13216484683,13216484689,6,2136,1645
13221166086,13221166077,-9,2008,1426
13225386095,13225386099,4,2236,1532
13226754543,13226754543,0,1372,1268
13229289243,13229289247,4,2563,1516
13233368203,13233368207,4,1308,851
13233950248,13233950231,-17,1362,1246
13235637618,13235637623,5,2422,1841
13237779800,13237779804,4,2412,1432
13242500634,13242500639,5,2778,1562
13244517322,13244517326,4,1677,1404
13245523786,13245523789,3,2077,1262
13247629109,13247629113,4,1956,1566
13248766912,13248766915,3,9259,6183
13253739061,13253739062,1,2209,1570
13256554224,13256554229,5,2429,1449
13262353058,13262353062,4,1906,947
13262493765,13262493773,8,1966,1348
13262824430,13262824434,4,1198,970
13265860532,13265860534,2,2204,2323
13268195322,13268195327,5,1478,1643
13272972522,13272972527,5,1052,624
13274473236,13274473236,0,1057,704
13275421988,13275421992,4,2455,1475
13276588003,13276588008,5,1553,1559
13277497974,13277497979,5,1475,803
13278671326,13278671325,-1,1111,1717
13283746053,13283746058,5,1721,1297
13284582348,13284582353,5,1499,1042
13284877525,13284877526,1,816,303
13287988467,13287988472,5,1641,1475
13290170134,13290170138,4,2380,1614
13300038957,13300038959,2,1772,1180
13301798816,13301798808,-8,815,4041
13306440959,13306440950,-9,818,1259
13309274602,13309274607,5,3379,1779
13310839029,13310839035,6,2020,1343
13310902640,13310902645,5,2075,1029
13321150333,13321150337,4,1525,930
13322443798,13322443801,3,2375,1840
13322618364,13322618366,2,1429,953
13323276060,13323276063,3,2196,1674
13323836294,13323836298,4,1909,1141
13328108105,13328108107,2,1816,1556
13336049912,13336049916,4,1346,998
13338400616,13338400620,4,2578,1636
13340329839,13340329845,6,1681,1863
13341524092,13341524095,3,1741,1012
13341845718,13341845722,4,2294,1358
13342641667,13342641671,4,2412,1535
13343582699,13343582699,0,545,1059
13344880252,13344880256,4,1954,951
13345392250,13345392255,5,2647,1357
13347458166,13347458170,4,1149,747
13350222122,13350222126,4,1729,912
13350498853,13350498868,15,3118,1379
13350924946,13350924950,4,1682,1479
13353820268,13353820273,5,1721,790
13361402265,13361402270,5,2570,1227
13362095254,13362095259,5,2176,1345
13365965490,13365965490,0,1226,965
13370782290,13370782291,1,1185,1626
13374198347,13374198354,7,1798,1603
13378251215,13378251197,-18,1374,1012
13382610334,13382610339,5,1805,1043
13385066378,13385066384,6,2165,1629
13385681607,13385681614,7,1678,1340
13388814242,13388814246,4,1748,857
13393634433,13393634434,1,1748,1125
13396392082,13396392086,4,2787,1329
13397562602,13397562606,4,1879,930
13398278415,13398278418,3,2016,1566
13398711387,13398711388,1,5028,19061
13399272789,13399272794,5,2141,1193
13401314117,13401314123,6,2410,1458
13406547844,13406547846,2,1779,1561
13406843397,13406843402,5,2425,1742
13411230836,13411230837,1,1630,1651
13412457679,13412457683,4,2422,1522
13414967554,13414967547,-7,1429,1127
13415512630,13415512634,4,2128,1093
13416976884,13416976888,4,1632,1079
13422590148,13422590150,2,2259,1419
13423142788,13423142792,4,1874,1051
13423838291,13423838293,2,1191,1204
13425786037,13425786039,2,1818,1188
13429056978,13429056982,4,1082,1071
13431304972,13431304975,3,1629,1792
13433660686,13433660690,4,1447,1212
13439159782,13439159787,5,2356,1366
13439664395,13439664398,3,1249,1075
13439997369,13439997373,4,1958,1601
13445784430,13445784435,5,2522,1621
13451093676,13451093679,3,1512,1477
13451737036,13451737039,3,2217,1457
13453856755,13453856759,4,1883,897
13454056864,13454056867,3,1574,1004
13459812781,13459812784,3,2054,1475
13460298021,13460298023,2,1990,995
13462286967,13462286972,5,1986,1341
13464680571,13464680576,5,2224,1331
13465285057,13465285062,5,1935,1249
13467077499,13467077502,3,2156,1551
13467264211,13467264214,3,1911,1808
13467361448,13467361452,4,1929,1760
13470614067,13470614071,4,2178,1646
13473093768,13473093771,3,1787,1038
13473213860,13473213865,5,2109,1695
13474752262,13474752266,4,1862,1873
13476111118,13476111121,3,1429,1055
13476969985,13476969972,-13,1731,1593
13481463264,13481463267,3,1089,1157
13482364663,13482364666,3,2159,1320
13484753172,13484753177,5,2374,1501
13485736286,13485736293,7,8172,3285
13491179315,13491179318,3,1993,1340
13494185701,13494185705,4,1715,1018
13496127517,13496127523,6,1195,839
13496502479,13496502475,-4,2297,4678
13503005086,13503005091,5,2414,2118
13504346630,13504346634,4,1280,1252
13505624635,13505624640,5,2344,1008
13506628527,13506628533,6,2003,1372
13512416784,13512416786,2,1561,1531
13519006169,13519006176,7,2672,1900
13520749580,13520749583,3,792,400
13526534313,13526534305,-8,1251,6536
13529046712,13529046717,5,1481,1364
13530245233,13530245235,2,16749,21195
13532589263,13532589267,4,1513,1030
13533329819,13533329826,7,2750,1034
13535004802,13535004806,4,1900,1321
13539550918,13539550911,-7,1848,1461
13541448285,13541448288,3,2507,1696
13544428454,13544428458,4,2331,1593
13545617310,13545617310,0,1261,1534
13546082594,13546082598,4,1526,1217
13546736096,13546736080,-16,1187,1691
13550114928,13550114933,5,2117,1050
13550905653,13550905660,7,2604,1597
13552793811,13552793818,7,2057,1233
13553462444,13553462447,3,2549,1710
13556148440,13556148444,4,1678,1426
13556804690,13556804694,4,2426,1237
13559036548,13559036552,4,1860,1635
13563064722,13563064717,-5,591,2887
13568864868,13568864869,1,1261,1176
13570355517,13570355519,2,1827,1594
13571512494,13571512499,5,2584,1686
13574546969,13574546973,4,2019,1402
13575647527,13575647523,-4,1382,2204
13576522665,13576522669,4,1699,1070
13580241907,13580241910,3,1992,1347
13580367654,13580367657,3,2404,1667
13582612906,13582612910,4,2085,1301
13587609621,13587609626,5,1745,1141
13591612647,13591612650,3,1776,1345
13592176051,13592176057,6,2108,1400
13593196826,13593196830,4,1430,935
13595024951,13595024952,1,2123,1589
13596287166,13596287175,9,2372,1291
13596619071,13596619071,0,697,853
13597056263,13597056268,5,1692,1357
13602437405,13602437410,5,1788,1118
13603653262,13603653262,0,844,1595
13607936606,13607936610,4,1713,1460
13612789353,13612789357,4,2162,1142
13614149154,13614149159,5,2251,1285
13617541415,13617541419,4,919,642
13618070373,13618070379,6,1978,1025
13619196795,13619196793,-2,1565,3749
13626039665,13626039669,4,2001,1390
13630935119,13630935122,3,1873,1068
13633126076,13633126081,5,2053,1138
13634271108,13634271112,4,1813,1611
13639780858,13639780863,5,2168,1245
13642212441,13642212445,4,1290,1276
13646251522,13646251527,5,2297,1282
13648070189,13648070194,5,2023,1476
13650865346,13650865350,4,1842,1133
13657204587,13657204593,6,3135,1901
13657284117,13657284104,-13,625,583
13658223138,13658223143,5,1501,1201
13660713402,13660713402,0,1243,1437
13661411330,13661411333,3,2509,1799
13666507346,13666507355,9,9506,24537
13669458294,13669458299,5,1259,951
13670331090,13670331094,4,2072,1325
13678310005,13678310009,4,1625,885
13680336731,13680336736,5,1355,1281
13681526315,13681526318,3,1410,1231
13682958686,13682958692,6,2837,1418
13686286864,13686286868,4,2461,2016
13691846823,13691846826,3,1101,1066
13694545832,13694545835,3,2222,1533
13699046658,13699046663,5,1863,1251
13699549922,13699549925,3,1722,1288
13702519522,13702519527,5,2342,1124
13706441776,13706441779,3,1525,1306
13708760982,13708760988,6,2137,1418
13710006805,13710006808,3,1999,1768
13712690730,13712690735,5,2113,1045
13714749506,13714749511,5,2429,1210
13717337264,13717337267,3,1934,1424
13723416001,13723416005,4,1567,948
13724392454,13724392459,5,1738,1385
13725934515,13725934520,5,2239,1564
13727614737,13727614742,5,1989,1061
13730830886,13730830890,4,2321,1615
13730997390,13730997376,-14,1266,759
13732017838,13732017843,5,1964,1419
13733031695,13733031700,5,1958,1254
13736622450,13736622454,4,2961,1667
13737893206,13737893209,3,2081,1358
13738551266,13738551268,2,1976,1221
13738899694,13738899677,-17,2179,1436
13740247123,13740247127,4,2378,1478
13742386182,13742386187,5,1955,1121
13752664747,13752664750,3,1689,745
13755921080,13755921082,2,18449,18077
13757917458,13757917461,3,2688,1195
13758036278,13758036287,9,2027,947
13758320631,13758320615,-16,1322,1208
13758370900,13758370904,4,2021,1085
13761230775,13761230779,4,1862,899
13766580762,13766580770,8,2662,1300
13766754638,13766754641,3,1882,1299
13773824742,13773824741,-1,858,909
13774291643,13774291661,18,1549,301
13775315952,13775315957,5,2576,1294
13777606790,13777606795,5,2282,1474
13784248331,13784248333,2,1774,1352
13785846027,13785846029,2,2126,1255
13787621479,13787621484,5,1671,1214
13789614862,13789614866,4,1999,1191
13790277577,13790277581,4,1739,1356
13792937433,13792937438,5,2043,1369
13795661481,13795661485,4,1785,1313
13798745741,13798745742,1,1619,1271
13799336235,13799336238,3,2839,1689
13799928614,13799928620,6,1294,1463
13808638225,13808638229,4,2356,1040
13809123510,13809123514,4,1338,1046
13810597725,13810597729,4,4246,2259
13810975413,13810975417,4,2252,1138
13811088433,13811088438,5,2037,1716
13812694228,13812694233,5,2857,1482
13813945075,13813945078,3,1956,1319
13814069268,13814069270,2,1415,1176
13814352447,13814352453,6,1925,1270
13818951311,13818951306,-5,1123,2140
13819425061,13819425065,4,1598,1226
13821471637,13821471643,6,1884,1460
13824229878,13824229873,-5,1706,7312
13824773025,13824773027,2,1870,1388
13826934507,13826934506,-1,1895,1723
13829287445,13829287447,2,1771,2395
13830218316,13830218333,17,1118,2846
13830430751,13830430754,3,2511,1764
13830999458,13830999463,5,2460,1611
13831120325,13831120330,5,2042,1442
13834627446,13834627449,3,2499,1781
13839728495,13839728498,3,1459,999
13839900277,13839900274,-3,582,1306
13840745851,13840745858,7,1626,1133
13846039638,13846039642,4,1607,1101
13846606401,13846606407,6,2966,1558
13848268769,13848268774,5,1971,1408
13850803092,13850803096,4,2647,2134
13852264202,13852264207,5,2248,1373
13853660700,13853660704,4,1835,1637
13856864107,13856864113,6,2144,848
13860013302,13860013303,1,1908,1244
13867029541,13867029545,4,1406,821
13868856954,13868856958,4,1888,882
13871332143,13871332147,4,2134,1080
13879807433,13879807438,5,2794,2064
13879886741,13879886744,3,1826,1411
13883934830,13883934830,0,1243,1208
13885074895,13885074899,4,2772,1678
13886314922,13886314926,4,1662,1353
13886639099,13886639102,3,1523,1343
13887663135,13887663140,5,1426,1162
13888693634,13888693637,3,1947,1168
13890694785,13890694786,1,1025,1502
13896320235,13896320239,4,1736,1223
13896875821,13896875824,3,2152,1698
13897573735,13897573739,4,2051,1303
13903147289,13903147291,2,2856,2964
13909186645,13909186638,-7,2958,11914
13914614314,13914614320,6,2978,1779
13920078462,13920078465,3,1887,1259
13922088412,13922088415,3,2061,1364
13923695246,13923695251,5,1564,1110
13924026722,13924026717,-5,1020,5000
13925427668,13925427674,6,1874,1467
13925746433,13925746412,-21,2068,1124
13925948164,13925948149,-15,1742,1340
13928449827,13928449830,3,1813,1536
13928491778,13928491779,1,1794,2220
13930984165,13930984171,6,1633,1257
13934242193,13934242200,7,78635,92643
13938161074,13938161079,5,1800,987
13941186825,13941186830,5,2271,969
13946681614,13946681618,4,2290,1104
13947004172,13947004175,3,2434,1846
13950156737,13950156742,5,1821,1470
13950854299,13950854304,5,2765,1702
13951655273,13951655270,-3,1093,2541
13952091417,13952091421,4,1072,1303
13956852476,13956852479,3,1980,1220
13958935298,13958935303,5,1932,1129
13960137569,13960137583,14,1530,1019
13961147973,13961147976,3,1920,1539
13961635333,13961635341,8,1717,1009
13963844154,13963844157,3,2114,1121
13967205202,13967205210,8,1516,1571
13968720729,13968720733,4,2189,952
13973970698,13973970702,4,2791,1540
13975511241,13975511246,5,2301,832
13975767012,13975767016,4,2146,1679
13976601310,13976601314,4,2142,1285
13977460560,13977460574,14,348,1128
13978667793,13978667798,5,1941,1230
13984214812,13984214814,2,1898,1172
13987144906,13987144914,8,2981,1353
13988093162,13988093166,4,1696,1028
13988855131,13988855137,6,1639,1464
13995790583,13995790582,-1,1480,1621
13996205731,13996205735,4,1539,1763
13996885283,13996885285,2,1773,1100
13999619685,13999619689,4,2009,864
14001900305,14001900312,7,1759,1103
14002208370,14002208349,-21,1883,979
14007588771,14007588774,3,1867,1556
14008737798,14008737802,4,1213,809
14010613699,14010613698,-1,977,1674
14011733694,14011733697,3,1150,893
14012176385,14012176390,5,2104,1199
14017858854,14017858858,4,1468,1364
14019813577,14019813581,4,2985,1355
14020593509,14020593514,5,2174,1395
14021052047,14021052032,-15,756,140
14021735014,14021735018,4,2430,1804
14023227725,14023227729,4,1789,1592
14024406127,14024406132,5,2502,1629
14026803959,14026803962,3,2400,1343
14031484802,14031484805,3,2570,959
14034385817,14034385815,-2,5373,10186
14036383054,14036383058,4,1766,886
14036697158,14036697144,-14,1913,991
14040065694,14040065699,5,2598,1556
14044182334,14044182337,3,1769,1592
14045767902,14045767905,3,1672,1343
14050360014,14050360021,7,88504,41973
14051521507,14051521512,5,2023,1065
14052518330,14052518331,1,1491,1086
14054914490,14054914482,-8,542,1470
14056495785,14056495788,3,1165,1100
14058490139,14058490142,3,1630,976
14067232287,14067232293,6,2782,1535
14071033215,14071033217,2,1299,1773
14071974543,14071974549,6,2188,1323
14075926689,14075926690,1,1501,1443
14081715238,14081715238,0,1457,1341
14082584280,14082584285,5,2335,1134
14083328208,14083328211,3,1498,985
14085174095,14085174095,0,2070,2173
14087965854,14087965857,3,2126,1199
14088352537,14088352541,4,1662,1312
14091769763,14091769768,5,4195,2992
14092436262,14092436266,4,2121,2181
14093161457,14093161462,5,2060,1280
14094090705,14094090718,13,2410,1289
14096901550,14096901554,4,1788,823
14100938895,14100938898,3,2064,962
14104044930,14104044934,4,1807,1062
14107682058,14107682059,1,1941,1327
14110189429,14110189435,6,1970,917
14112970527,14112970530,3,1942,1404
14116347734,14116347739,5,2696,2087
14118984217,14118984221,4,2427,1459
14120870986,14120870991,5,1590,1229
14124729486,14124729490,4,1577,756
14125018029,14125018038,9,1923,1581
14129259827,14129259829,2,1376,1153
14133600684,14133600686,2,1905,1171
14134767667,14134767670,3,2726,1420
14134895324,14134895330,6,1883,1116
14136771270,14136771277,7,1694,1639
14138885349,14138885351,2,1894,1631
14140840411,14140840413,2,1590,1565
14140867286,14140867268,-18,1293,1038
14144315948,14144315951,3,1855,1646
14153304613,14153304613,0,1300,2002
14154863402,14154863406,4,1694,1118
14155912405,14155912386,-19,2017,1275
14157457890,14157457895,5,2904,1810
14161245862,14161245866,4,1780,1490
14164909690,14164909691,1,1134,1172
14166031461,14166031464,3,2112,1344
14170703978,14170703982,4,1913,1694
14172595961,14172595969,8,2672,1244
14173410313,14173410318,5,1233,1353
14174877662,14174877667,5,2231,1451
14176343707,14176343711,4,2159,1517
14176371830,14176371833,3,2482,1292
14182121912,14182121917,5,2803,1822
14182554557,14182554561,4,1041,1395
14182733681,14182733687,6,1504,766
14187841250,14187841254,4,2072,1818
14191892081,14191892082,1,1828,1267
14196236689,14196236692,3,2419,1258
14197504275,14197504282,7,1817,1504
14198126214,14198126217,3,1655,934
14203717961,14203717965,4,1578,1697
14205604925,14205604929,4,2309,1530
14206547429,14206547434,5,2703,1695
14211185838,14211185841,3,2228,1415
14218298781,14218298785,4,2046,1168
14235398097,14235398103,6,1899,1248
14235672854,14235672858,4,1319,1067
14237597260,14237597263,3,2026,1157
14238721294,14238721297,3,1696,1267
14239383642,14239383647,5,1428,1154
14240303811,14240303814,3,1262,1106
14245369736,14245369738,2,2213,1843
14246951669,14246951675,6,1710,1141
14254830395,14254830401,6,2456,1477
14255876341,14255876347,6,2107,842
14256661035,14256661037,2,1785,1151
14265520769,14265520773,4,2851,1627
14268165578,14268165581,3,2869,1434
14271897793,14271897796,3,1752,1519
14274281257,14274281262,5,1600,880
14275613285,14275613291,6,1445,1600
14275838673,14275838678,5,2345,1537
14278198547,14278198541,-6,805,3576
14280944206,14280944213,7,1679,1232
14284237877,14284237879,2,2105,1643
14286139864,14286139869,5,2544,1545
14287987614,14287987620,6,1772,1782
14288617451,14288617457,6,2073,1011
14293184966,14293184970,4,1939,1344
14293216363,14293216383,20,750,225
14294642729,14294642735,6,1723,1436
14294797423,14294797427,4,2699,1901
14295728805,14295728807,2,1985,1177
14297576753,14297576759,6,2261,1481
14298219057,14298219061,4,2625,1635
14299035549,14299035546,-3,1033,1459
14301780960,14301780966,6,2046,1137
14303468483,14303468483,0,1430,1380
14305907022,14305907027,5,1805,1177
14306042814,14306042819,5,2071,1395
14306485652,14306485655,3,4262,2893
14309557670,14309557674,4,1686,2049
14310960773,14310960776,3,1801,1341
14311813578,14311813582,4,1653,896
14313523198,14313523202,4,2247,1184
14316928410,14316928413,3,1144,1319
14317708719,14317708724,5,819,924
14326153532,14326153536,4,1718,1455
14329426778,14329426782,4,2156,1721
14329904031,14329904037,6,2014,1422
14332916273,14332916278,5,1595,1079
14334958471,14334958473,2,984,1274
14339067041,14339067045,4,1221,821
14346786137,14346786141,4,1647,971
14348279120,14348279122,2,1743,978
14349423623,14349423607,-16,1220,732
14350490506,14350490510,4,1319,1546
14351563365,14351563379,14,2170,1843
14352833846,14352833850,4,2394,1365
14354442929,14354442931,2,1971,1852
14359519875,14359519877,2,1621,1468
14359819389,14359819374,-15,2244,1064
14360431990,14360431995,5,2768,1682
14366331924,14366331927,3,1093,1175
14369303573,14369303580,7,1755,1352
14369345854,14369345858,4,837,1051
14374930578,14374930583,5,2455,1917
14375080449,14375080453,4,2243,1286
14375581237,14375581241,4,1688,1265
14376267966,14376267951,-15,1470,1404
14376824128,14376824131,3,1890,1427
14383615903,14383615910,7,2012,1242
14383837006,14383837022,16,1760,1099
14384582365,14384582358,-7,2458,8027
14385383109,14385383127,18,1861,1582
14387410669,14387410672,3,1104,1080
14389141119,14389141123,4,1538,1234
14389936027,14389936031,4,2341,2135
14390751724,14390751734,10,11805,28923
14400148213,14400148217,4,2537,1247
14402748235,14402748241,6,2575,1952
14403836870,14403836873,3,1418,1176
14405950110,14405950105,-5,2095,6451
14409865395,14409865399,4,2210,1567
14410166759,14410166759,0,1534,2373
14413785482,14413785489,7,1634,1178
14418562258,14418562262,4,1750,1126
14419734754,14419734733,-21,1134,424
14424703894,14424703897,3,1980,1325
14424902689,14424902694,5,1989,1262
14427117097,14427117089,-8,836,2822
14432446127,14432446131,4,1838,994
14440202602,14440202607,5,1387,1053
14440559715,14440559718,3,2058,1750
14441382215,14441382221,6,2460,1773
14441641657,14441641662,5,2307,1062
14445835218,14445835222,4,2491,1234
14451305126,14451305131,5,1755,1150
14451570517,14451570520,3,2180,801
14455265458,14455265464,6,2572,1245
14458271973,14458271978,5,2524,1474
14459546786,14459546791,5,2060,1381
14460351869,14460351870,1,1711,1890
14464098034,14464098037,3,1309,1286
14465217691,14465217695,4,1790,1090
14465312823,14465312805,-18,2413,1639
14467028064,14467028066,2,1609,1131
14469678009,14469678014,5,2294,1670
14474077149,14474077155,6,1758,1017
14477678285,14477678290,5,1979,1395
14477756849,14477756853,4,1995,1716
14478217338,14478217343,5,2452,1263
14482818751,14482818750,-1,35179,15058
14483959131,14483959137,6,1952,1228
14484697973,14484697973,0,1414,1856
14486646959,14486646962,3,1849,1446
14492699468,14492699473,5,2016,908
14493387021,14493387030,9,2013,1031
14493539245,14493539250,5,2659,2053
14494552160,14494552167,7,1568,1288
14497328853,14497328857,4,1326,1261
14498079898,14498079902,4,1938,1052
14498738344,14498738346,2,2862,1448
14499128734,14499128749,15,1270,1285
14502366090,14502366093,3,1532,1146
14503058571,14503058588,17,2475,1494
14509884786,14509884789,3,2287,1627
14510140568,14510140573,5,2517,1275
14511065766,14511065765,-1,2492,4431
14511422111,14511422114,3,1533,958
14513197309,14513197315,6,2147,1367
14513964569,14513964575,6,1528,754
14514017762,14514017783,21,1425,872
14519175661,14519175662,1,1470,1893
14519607351,14519607355,4,2135,1270
14523902738,14523902734,-4,830,1956
14525550765,14525550766,1,1683,1391
14527048497,14527048498,1,2745,3829
14527671767,14527671761,-6,1107,3388
14535192690,14535192695,5,2039,1108
14542754288,14542754290,2,1724,1141
14543018089,14543018093,4,1871,856
14544091771,14544091775,4,1441,633
14547610718,14547610722,4,1765,1483
14547838968,14547838981,13,2201,1381
14551757855,14551757859,4,1322,1209
14551857639,14551857620,-19,941,923
14555089455,14555089458,3,1862,1390
14556517918,14556517923,5,2106,1368
14564895289,14564895296,7,2456,1377
14571533065,14571533070,5,1262,726
14572140356,14572140341,-15,886,363
14575068462,14575068469,7,3211,1741
14575646038,14575646043,5,2058,1449
14576308279,14576308274,-5,1213,4066
14577389970,14577389971,1,1834,1211
14579498930,14579498935,5,1590,1045
14579826491,14579826496,5,2034,1448
14579988727,14579988710,-17,1890,1694
14582315973,14582315975,2,2074,1459
14582505035,14582505039,4,1492,982
14582958286,14582958288,2,1954,1428
14583017077,14583017080,3,2062,1998
14587449247,14587449251,4,2066,1338
14588722169,14588722174,5,2175,1790
14591379071,14591379075,4,2478,1392
14593786071,14593786075,4,1801,1042
14596677243,14596677247,4,2014,1573
14598206116,14598206116,0,1045,1808
14601620510,14601620514,4,1639,1128
14602128342,14602128348,6,2759,1357
14605625731,14605625732,1,1357,1644
14609537957,14609537966,9,2204,1303
14612630839,14612630836,-3,1253,2526
14613630009,14613630014,5,1997,846
14616826717,14616826722,5,3699,1469
14616984304,14616984308,4,2288,1498
14617072146,14617072126,-20,1476,658
14617517414,14617517432,18,1132,2438
14622623494,14622623499,5,2047,1529
14628121198,14628121201,3,1515,876
14633205222,14633205226,4,2154,1132
14633743006,14633743010,4,1606,1663
14634674282,14634674287,5,2733,1433
14635833539,14635833543,4,2282,1904
14636228362,14636228365,3,1869,1363
14636490772,14636490777,5,1955,1274
14644068326,14644068330,4,2812,1477
14644871479,14644871483,4,2672,1805
14647892555,14647892559,4,1655,1520
14650573091,14650573094,3,1941,1532
14654285786,14654285786,0,1319,1048
14654504526,14654504530,4,1712,949
14659368974,14659368959,-15,1772,1158
14665593102,14665593102,0,2003,2718
14667685958,14667685961,3,1371,1448
14671667545,14671667551,6,1341,1229
14672433076,14672433079,3,1144,1377
14676216467,14676216470,3,1095,864
14678355974,14678355978,4,2341,1380
14683824410,14683824415,5,1589,1147
14684091774,14684091778,4,1393,1516
14684299216,14684299238,22,13817,41764
14685365544,14685365546,2,1759,1249
14686664923,14686664927,4,1606,1228
14686819602,14686819608,6,2740,1392
14688599402,14688599407,5,2646,1089
14689156612,14689156614,2,1712,1076
14692487542,14692487547,5,1570,1362
14694847556,14694847559,3,2234,1747
14695572668,14695572671,3,1317,1228
14701884403,14701884401,-2,1276,2643
14702901854,14702901849,-5,1379,3121
14711191245,14711191245,0,1463,2095
14714032290,14714032294,4,2415,1453
14716763984,14716763991,7,2387,1843
14718470662,14718470666,4,2503,1263
14719856458,14719856446,-12,710,259
14723594403,14723594400,-3,1492,3101
14725673072,14725673077,5,1927,1437
14728761573,14728761574,1,1627,1643
14729859296,14729859299,3,2442,1861
14730101717,14730101721,4,1798,1747
14734134483,14734134485,2,1660,1569
14736139874,14736139878,4,3166,2415
14741568497,14741568501,4,1507,1411
14742832830,14742832834,4,2441,1044
14743606760,14743606765,5,1870,1343
14749865942,14749865945,3,1958,1307
14750223970,14750223974,4,2148,1435
14755658836,14755658821,-15,1642,1504
14760995818,14760995822,4,2324,1991
14761775894,14761775898,4,2344,1154
14761867409,14761867413,4,1786,1392
14769219765,14769219767,2,2526,1830
14771324007,14771324011,4,2481,1876
14771697512,14771697518,6,2414,1826
14771938741,14771938746,5,1589,901
14772679232,14772679234,2,1642,913
14773930752,14773930755,3,1553,1192
14775631716,14775631719,3,1909,1565
14777032305,14777032309,4,2395,1422
14777938780,14777938783,3,2205,1061
14778210378,14778210390,12,1794,1150
14779318848,14779318856,8,11886,2658
14780081498,14780081502,4,1814,902
14781532839,14781532838,-1,979,1311
14781828626,14781828638,12,1513,1332
14784673211,14784673215,4,1553,1482
14787520261,14787520264,3,2070,960
14793918680,14793918684,4,1875,1262
14798209382,14798209386,4,1346,1035
14800740782,14800740786,4,1973,1296
14802924119,14802924123,4,2146,1035
14803070317,14803070302,-15,2206,1542
14810903462,14810903466,4,2052,1561
14811291340,14811291346,6,2424,1065
14811348037,14811348039,2,2021,1689
14812235670,14812235677,7,3423,1083
14812332298,14812332300,2,1386,1163
14815923978,14815923981,3,1884,1819
14818000746,14818000753,7,2101,1284
14819135518,14819135523,5,1696,1003
14822629830,14822629834,4,1585,1410
14823196889,14823196901,12,1159,958
14824335433,14824335437,4,1204,1002
14826843755,14826843762,7,3406,1495
14829321505,14829321510,5,1660,979
14833609295,14833609298,3,3849,2841
14834020718,14834020722,4,2172,1244
14834772377,14834772382,5,1972,976
14836516389,14836516391,2,2800,1221
14839987745,14839987750,5,1512,845
14840049714,14840049695,-19,2190,1205
14840168801,14840168802,1,5791,22215
14840801207,14840801213,6,1612,1518
14844623501,14844623506,5,2128,1245
14846436018,14846436021,3,2475,1243
14849661528,14849661533,5,1366,1186
14852230249,14852230254,5,2047,1021
14853025482,14853025487,5,1595,1131
14853358503,14853358507,4,1716,1669
14859672606,14859672610,4,2037,1483
14870277687,14870277682,-5,1065,3005
14872269472,14872269475,3,2335,1953
14872709125,14872709131,6,3403,1601
14877372073,14877372077,4,1763,1007
14877597526,14877597530,4,1243,809
14878596485,14878596491,6,1333,1164
14884730384,14884730391,7,2502,1147
14885485311,14885485310,-1,868,199
14894842745,14894842750,5,1563,1575
14895369966,14895369962,-4,1097,2352
14899242296,14899242300,4,1674,1467
14901431955,14901431959,4,704,802
14907022466,14907022469,3,1743,1154
14907625649,14907625651,2,2115,1098
14909724107,14909724113,6,2147,729
14911885269,14911885273,4,1818,1247
14914444377,14914444381,4,1687,1326
14919888567,14919888570,3,1241,1381
14920654057,14920654059,2,1720,1203
14927866617,14927866616,-1,1357,1957
14929237448,14929237453,5,1596,1172
14931597108,14931597113,5,2001,1619
14932400271,14932400276,5,1976,889
14937645266,14937645269,3,2445,1164
14943088118,14943088120,2,1674,1531
14944557433,14944557435,2,1854,815
14946980077,14946980083,6,2160,1463
14948569798,14948569802,4,1161,941
14952001607,14952001611,4,2109,1046
14954743984,14954743984,0,1228,994
14956453454,14956453458,4,1619,1108
14959318519,14959318523,4,1987,1107
14962408045,14962408049,4,2005,1475
14963322386,14963322389,3,1817,1120
14965827391,14965827393,2,1008,1483
14966372738,14966372742,4,3081,1783
14966443907,14966443911,4,1585,1227
14966585134,14966585137,3,1623,1213
14968105039,14968105041,2,1858,1929
14974839833,14974839839,6,1623,1282
14974945285,14974945287,2,1007,787
14976665196,14976665199,3,1762,1254
14976958277,14976958261,-16,1789,1017
14979101897,14979101903,6,2112,1680
14980623992,14980623996,4,1884,1205
14984362623,14984362625,2,1616,975
14984752434,14984752435,1,2215,1140
14985994214,14985994218,4,2512,1585
14987921878,14987921882,4,1537,1255
14988187365,14988187370,5,2438,1442
14989000642,14989000643,1,3760,3427
14991195587,14991195591,4,1159,1348
14991999134,14991999138,4,2281,1243
14992795878,14992795882,4,3056,1824
14994739273,14994739268,-5,1971,4831
14996275166,14996275172,6,1702,1319
14998111873,14998111874,1,1729,1334
14998573331,14998573333,2,1672,1789
14998836969,14998836972,3,1569,1232
15003048356,15003048359,3,1427,1197
15006208512,15006208518,6,2315,1268
15006633534,15006633541,7,53892,16662
15007469071,15007469073,2,1770,2670
15008688814,15008688814,0,1336,1993
15008938701,15008938704,3,2258,1604
15011090080,15011090082,2,1505,1444
15011900231,15011900234,3,2099,1764
15016086333,15016086337,4,1380,1120
15018508366,15018508372,6,2176,1483
15020642187,15020642193,6,1830,1199
15020872894,15020872901,7,1749,1480
15022030821,15022030806,-15,2522,37005
15023207773,15023207769,-4,1274,2951
15026653747,15026653753,6,1731,1123
15028061303,15028061307,4,1272,1009
15028358755,15028358758,3,2187,2775
15029598252,15029598250,-2,26480,11636
15031279449,15031279453,4,1759,1083
15031660907,15031660885,-22,2171,810
15034251820,15034251824,4,1964,1471
15034349282,15034349286,4,1214,1384
15036465201,15036465206,5,1472,1278
15040695154,15040695161,7,4294,1640
15043970330,15043970334,4,1490,1180
15045495778,15045495780,2,1633,1736
15051366524,15051366529,5,1671,1059
15062126535,15062126539,4,2404,1275
15062433044,15062433049,5,17145,44707
15065429326,15065429331,5,1972,1084
15068789754,15068789751,-3,4783,8209
15070064856,15070064859,3,1539,1029
15080143835,15080143841,6,2258,2089
15080987229,15080987225,-4,1083,2263
15084118529,15084118534,5,2275,1452
15084434653,15084434655,2,1701,1202
15086339098,15086339103,5,1947,1362
15093716555,15093716558,3,1176,1036
15094615263,15094615267,4,1714,1112
15095161142,15095161147,5,2214,878
15097624870,15097624878,8,1730,1168
15097685290,15097685295,5,1193,914
15098182547,15098182552,5,2022,1162
15103558758,15103558762,4,1930,1214
15104485642,15104485648,6,2427,1169
15109261764,15109261770,6,2325,1393
15112343242,15112343246,4,2430,1722
15112947685,15112947687,2,1449,1108
15113215319,15113215323,4,2448,1280
15115937990,15115937994,4,1187,1212
15118910849,15118910854,5,1947,1548
15120967015,15120967018,3,2089,1063
15122667254,15122667253,-1,1903,3054
15123739350,15123739353,3,1858,1095
15127012266,15127012269,3,1903,1349
15127169782,15127169787,5,1154,1134
15129345036,15129345037,1,2167,2313
15130826981,15130826985,4,2007,1201
15144010578,15144010580,2,2970,2490
15150032496,15150032499,3,2759,1752
15156475934,15156475915,-19,1207,1193
15157409029,15157409034,5,1823,1391
15157567330,15157567334,4,1917,1172
15157596409,15157596411,2,1908,1577
15159053239,15159053242,3,1745,1166
15159861502,15159861497,-5,909,3424
15163710891,15163710886,-5,876,6091
15165999566,15165999572,6,2904,1588
15172267720,15172267724,4,1830,1155
15172830738,15172830743,5,1689,1293
15176584605,15176584609,4,2686,1669
15178385966,15178385969,3,2539,1438
15183114060,15183114062,2,1207,1611
15183418527,15183418532,5,1483,1174
15185861306,15185861310,4,2328,1288
15187057698,15187057706,8,2231,1278
15187974782,15187974785,3,1324,1142
15188725505,15188725509,4,1841,1490
15188906990,15188906995,5,2081,1351
15193057029,15193057033,4,2445,1202
15202197275,15202197275,0,978,1188
15202486107,15202486113,6,1114,1243
15205514506,15205514510,4,2640,1859
15206545659,15206545662,3,2106,1554
15207726842,15207726846,4,1584,1704
15210703824,15210703825,1,3241,3479
15211971299,15211971302,3,1776,1442
15213917910,15213917914,4,1883,1005
15217611850,15217611855,5,2206,1266
15218831398,15218831403,5,2434,1056
15219575244,15219575249,5,1809,1216
15219956601,15219956582,-19,1010,655
15220181151,15220181153,2,1520,1471
15224004657,15224004663,6,2027,1116
15224487293,15224487294,1,1386,1463
15229956048,15229956029,-19,1502,482
15233512226,15233512228,2,1957,1303
15235666915,15235666919,4,1836,1481
15239735983,15239735988,5,54338,110976
15244711818,15244711818,0,1592,1767
15246359087,15246359089,2,1294,1035
15246602908,15246602913,5,3062,1699
15249701672,15249701674,2,892,818
15250148763,15250148743,-20,1665,1073
15254686882,15254686887,5,1801,1495
15256024291,15256024294,3,1257,1450
15264621141,15264621146,5,1894,896
15264856283,15264856287,4,1893,1079
15267062725,15267062731,6,2029,1296
15271048706,15271048710,4,2005,1313
15273194401,15273194404,3,1986,1834
15274311734,15274311737,3,2253,1218
15274555478,15274555483,5,1674,1420
15277384983,15277384986,3,2266,1168
15279163421,15279163426,5,2156,1343
15279754492,15279754497,5,2471,1570
15280531690,15280531694,4,2412,1649
15281516519,15281516523,4,2070,1194
15282430891,15282430894,3,1300,1598
15285847818,15285847823,5,1951,1420
15290194533,15290194538,5,3101,1186
15292232802,15292232805,3,1514,1717
15295144758,15295144763,5,2281,1490
15297421006,15297421009,3,1550,1475
15299044822,15299044827,5,1918,1163
15299155070,15299155065,-5,978,4791
15302091381,15302091385,4,2456,1329
15302328845,15302328848,3,1916,2044
15303495843,15303495847,4,2432,1341
15306857074,15306857078,4,2237,1332
15307419517,15307419523,6,3353,1208
15308448859,15308448862,3,1122,639
15314762482,15314762484,2,1758,1409
15315876334,15315876339,5,2218,1403
15316477801,15316477808,7,5162,1215
15316664585,15316664591,6,1400,1088
15317605357,15317605361,4,742,420
15320522790,15320522792,2,1760,981
15320641105,15320641088,-17,2372,1326
15324117925,15324117930,5,1948,1499
15325541312,15325541315,3,1897,1358
15327067717,15327067721,4,1617,1819
15327686558,15327686562,4,1375,1595
15328055566,15328055570,4,2714,1802
15328395842,15328395847,5,1889,1231
15331397593,15331397598,5,1835,1284
15332391926,15332391933,7,1012,828
15333104901,15333104905,4,1673,1455
15336564681,15336564685,4,2488,1378
15338384826,15338384831,5,1802,1113
15341000401,15341000404,3,1628,1089
15342920905,15342920907,2,2197,1399
15345219633,15345219638,5,1513,1256
15348358030,15348358025,-5,1659,4052
15349371565,15349371566,1,2166,1752
15350962714,15350962717,3,608,1485
15351452541,15351452551,10,14444,29877
15364967415,15364967419,4,1959,1200
15367008229,15367008233,4,1909,1305
15368394553,15368394559,6,2062,1243
15368506549,15368506553,4,34990,24218
15368685270,15368685274,4,2106,1111
15370005487,15370005493,6,2105,1182
15371303456,15371303459,3,2301,1713
15371582141,15371582143,2,2610,1530
15374733650,15374733654,4,2254,1409
15378755157,15378755159,2,1791,1259
15379213296,15379213299,3,948,963
15381664262,15381664267,5,1789,1476
15381911510,15381911515,5,2706,1611
15383455492,15383455495,3,1805,1460
15387489575,15387489581,6,2493,768
15390193957,15390193961,4,1300,1081
15390223598,15390223588,-10,1902,1501
15392371065,15392371071,6,1911,1124
15393168971,15393168974,3,2612,1468
15394715486,15394715491,5,2348,1425
15395968688,15395968694,6,2179,1488
15399000560,15399000562,2,1781,1121
15401057990,15401057993,3,1233,1505
15404855510,15404855513,3,1585,1237
15410142474,15410142475,1,1195,812
15410502513,15410502492,-21,434,248
15413242993,15413242993,0,1992,2305
15413816342,15413816345,3,2806,1655
15415914644,15415914648,4,2000,1047
15420164888,15420164891,3,2254,1218
15420721443,15420721447,4,2864,957
15421370506,15421370510,4,1794,1135
15421999366,15421999383,17,1979,894
15425757709,15425757702,-7,3916,15285
15429495029,15429495031,2,2184,1395
15431477706,15431477709,3,2217,1064
15433382693,15433382697,4,2969,1206
15434424089,15434424093,4,1856,1055
15436156762,15436156766,4,1842,1320
15437244807,15437244810,3,2298,1277
15441056609,15441056613,4,2685,1126
15442592747,15442592749,2,1519,897
15444808640,15444808644,4,2399,1289
15444974142,15444974146,4,2366,1185
15446097423,15446097427,4,3013,1411
15449477465,15449477466,1,1332,1812
15451673521,15451673517,-4,1252,3286
15452851358,15452851362,4,1207,1056
15456483634,15456483635,1,1674,1359
15456985786,15456985790,4,1900,1130
15460424502,15460424510,8,795,699
15461545065,15461545069,4,2051,1488
15463426121,15463426127,6,2780,1609
15464108317,15464108322,5,2087,1240
15464170937,15464170941,4,2503,1817
15466955394,15466955399,5,2406,854
15467433455,15467433459,4,1403,1058
15468406058,15468406062,4,1923,1452
15470477348,15470477352,4,1767,1214
15472746743,15472746746,3,1570,844
15475373390,15475373393,3,3823,2930
15475625674,15475625678,4,2799,1569
15476731367,15476731369,2,1544,1212
15476974430,15476974412,-18,1999,1055
15477298719,15477298721,2,1172,956
15482012391,15482012369,-22,1401,1334
15484509217,15484509222,5,1916,1145
15486126454,15486126461,7,2100,1113
15490649679,15490649664,-15,1358,867
15491420728,15491420731,3,1364,968
15492182670,15492182675,5,1763,2095
15494738714,15494738715,1,1254,1180
15496051144,15496051147,3,2257,1425
15498572856,15498572863,7,1327,1035
15498637750,15498637734,-16,2386,1345
15500093630,15500093633,3,2015,1235
15500512717,15500512718,1,1959,1558
15504056826,15504056832,6,1473,1319
15504427120,15504427124,4,2276,1687
15505217149,15505217155,6,1876,1202
15505675816,15505675819,3,1328,1042
15510925637,15510925641,4,1658,1521
15517444924,15517444927,3,1886,894
15518377042,15518377048,6,2586,1253
15519339394,15519339399,5,1915,1408
15520096662,15520096666,4,1915,1285
15521921670,15521921676,6,1660,1226
15522138218,15522138231,13,915,1186
15522393285,15522393290,5,1821,1302
15525368886,15525368890,4,1468,1129
15529097596,15529097599,3,2161,1794
15529431050,15529431051,1,1583,1089
15538832260,15538832263,3,2283,1346
15538870530,15538870534,4,2584,1299
15540442018,15540442024,6,2421,1750
15541324191,15541324194,3,1901,1850
15541546598,15541546603,5,2170,1255
15549140096,15549140103,7,2374,1235
15550183787,15550183790,3,1609,1047
15551990886,15551990894,8,2906,1308
15555405753,15555405759,6,3044,1306
15556951022,15556951027,5,2825,1552
15557743841,15557743845,4,2215,1836
15558560293,15558560302,9,864,744
15559073123,15559073129,6,1866,1350
15565258507,15565258510,3,2175,1237
15567797293,15567797297,4,1289,1099
15568861281,15568861286,5,2038,1193
15569375629,15569375634,5,1707,1075
15569880317,15569880322,5,2316,1420
15572245154,15572245159,5,2078,1227
15572333298,15572333302,4,2344,1078
15576602253,15576602259,6,2743,1355
15580222604,15580222608,4,1414,1091
15581764438,15581764443,5,1086,865
15583874841,15583874841,0,1634,2362
15585616543,15585616549,6,1605,865
15587400223,15587400227,4,2221,1616
15587502563,15587502566,3,1564,1126
15587544997,15587545005,8,1320,777
15588915680,15588915678,-2,1427,1835
15589798453,15589798458,5,2076,1117
15590471274,15590471279,5,2546,1444
15590988589,15590988591,2,1851,1609
15591774341,15591774347,6,1556,858
15592305337,15592305342,5,1402,871
15592571170,15592571181,11,1082,446
15597938905,15597938907,2,1787,1532
15600260199,15600260203,4,2143,903
15611191594,15611191598,4,1905,1398
15613393365,15613393370,5,2008,1362
15613654510,15613654514,4,1794,1377
15615532096,15615532102,6,2547,1483
15618722623,15618722626,3,2210,1713
15619918718,15619918725,7,1999,1792
15623805507,15623805511,4,1840,1436
15625793140,15625793143,3,1960,1715
15628714761,15628714765,4,1882,1503
15631928611,15631928616,5,2170,1369
15634506520,15634506524,4,1513,731
15644524435,15644524433,-2,1330,2251
15652400811,15652400815,4,2567,1303
15652514369,15652514375,6,2161,1489
15653281853,15653281858,5,2122,1067
15656775234,15656775241,7,1948,1562
15658649375,15658649380,5,2493,1414
15661692758,15661692766,8,2952,1397
15662849543,15662849547,4,1507,1561
15669290591,15669290594,3,1914,1106
15671487265,15671487269,4,1117,681
15671936378,15671936382,4,2032,1415
15673203852,15673203855,3,2287,1311
15674004948,15674004945,-3,949,1618
15682362828,15682362816,-12,1197,1350
15682425110,15682425115,5,1615,1310
15682686322,15682686302,-20,2019,1115
15685643331,15685643336,5,2528,1293
15689054732,15689054734,2,1682,1744
15690987602,15690987608,6,2014,1369
15698926573,15698926577,4,1200,1299
15700578709,15700578712,3,2183,1528
15703594614,15703594621,7,2793,1244
15705336898,15705336903,5,2499,1560
15705842479,15705842484,5,39772,59507
15710083517,15710083520,3,2530,1477
15715362168,15715362171,3,1881,1377
15716783886,15716783887,1,1710,1434
15721824361,15721824367,6,1121,821
15722714473,15722714477,4,1942,1245
15726701829,15726701832,3,1623,1492
15728509765,15728509769,4,1722,1524
15730000097,15730000101,4,1667,997
15733882801,15733882806,5,2103,1426
15738397030,15738397035,5,1230,904
15739696458,15739696462,4,1547,1042
15739897334,15739897319,-15,614,386
15740149696,15740149700,4,1510,1164
15742033052,15742033057,5,2114,1134
15744797097,15744797102,5,3002,1314
15745438649,15745438650,1,2778,1973
15745997138,15745997143,5,1421,791
15748004004,15748004007,3,2250,1425
15748709268,15748709272,4,1588,1075
15749845174,15749845177,3,7879,5841
15750706541,15750706547,6,1788,1237
15752506171,15752506175,4,2198,1406
15753498759,15753498762,3,836,947
15753562202,15753562188,-14,1254,578
15753777800,15753777806,6,2562,1631
15754562337,15754562341,4,1821,1157
15755093786,15755093792,6,1853,1204
15756565330,15756565346,16,897,131
15757920669,15757920672,3,2501,1244
15759545192,15759545196,4,2968,1577
15763206789,15763206791,2,1067,858
15766031725,15766031730,5,1712,887
15766988065,15766988067,2,1576,1197
15767066764,15767066758,-6,1625,5860
15771700658,15771700661,3,1885,1333
15771915735,15771915738,3,1876,1412
15773999717,15773999722,5,1132,725
15777381049,15777381053,4,1611,1400
15778256817,15778256822,5,2420,1464
15783235154,15783235158,4,2536,1485
15786377739,15786377744,5,1906,844
15786644855,15786644840,-15,1386,1359
15788148873,15788148878,5,1765,1139
15789489586,15789489589,3,1555,1395
15791371160,15791371163,3,2449,1987
15792835401,15792835403,2,2406,1396
15793339994,15793339998,4,2410,1401
15795881977,15795881982,5,2315,1384
15803777861,15803777864,3,1880,1631
15806137774,15806137781,7,1754,651
15806601569,15806601581,12,2227,1041
15808318303,15808318307,4,1371,1033
15808894991,15808894997,6,2308,1547
15809365217,15809365221,4,2341,1240
15809421153,15809421159,6,2784,1542
15809516177,15809516181,4,2109,1436
15813394656,15813394664,8,16921,54567
15815452926,15815452934,8,5027,1132
15818315608,15818315613,5,1925,1551
15824730210,15824730217,7,1675,1473
15825689612,15825689615,3,2131,1635
15828025022,15828025030,8,1856,1178
15835552443,15835552446,3,1587,1535
15839820126,15839820134,8,10558,35126
15840339019,15840339023,4,2254,1267
15840916442,15840916446,4,1721,1330
15841123297,15841123300,3,1601,737
15842920835,15842920839,4,2322,1432
15849285680,15849285682,2,1675,1324
15852783018,15852783023,5,2226,1365
15857507060,15857507066,6,2104,1378
15858208482,15858208487,5,2182,1004
15859546335,15859546338,3,1912,1288
15862901531,15862901534,3,1416,1037
15863449625,15863449629,4,2955,1160
15865993794,15865993799,5,2100,1210
15866946638,15866946642,4,61834,44261
15868304848,15868304846,-2,7206,13792
15872037204,15872037199,-5,1950,1308
15873421180,15873421185,5,1790,1129
15874313092,15874313096,4,1197,1010
15875691726,15875691730,4,3233,1557
15878945693,15878945698,5,1910,1434
15879252294,15879252299,5,2060,1274
15880725006,15880725010,4,2544,1331
15880902429,15880902423,-6,1902,9013
15882285821,15882285825,4,2542,1884
15884305134,15884305138,4,1494,915
15884760163,15884760168,5,1970,1027
15892428629,15892428610,-19,1300,875
15892598625,15892598626,1,1634,1566
15894325269,15894325273,4,2090,990
15894815802,15894815809,7,2975,1896
15895175582,15895175586,4,2395,1741
15896532501,15896532503,2,33684,17082
15900256112,15900256116,4,1317,1222
15900633729,15900633732,3,1763,1266
15901000998,15901001007,9,617,153
15903113009,15903113016,7,1621,1279
15903354610,15903354621,11,1459,920
15903475193,15903475174,-19,1791,1062
15904683714,15904683718,4,1313,844
15905613919,15905613922,3,2183,1864
15906082743,15906082747,4,1927,1066
15906516640,15906516646,6,2329,1582
15906841735,15906841739,4,1485,1233
15906875325,15906875308,-17,2361,797
15908799605,15908799610,5,1725,1446
15911285977,15911285981,4,2089,1631
15912067318,15912067304,-14,2503,946
15914303561,15914303564,3,2776,1958
15917677302,15917677287,-15,800,548
15918604718,15918604726,8,13292,24480
15920830557,15920830560,3,2847,1167
15921467430,15921467436,6,3419,1209
15929852829,15929852832,3,2136,1612
15931315836,15931315842,6,2287,1720
15934339329,15934339332,3,1431,1063
15939600185,15939600188,3,1780,1692
15940825047,15940825047,0,1310,998
15941590120,15941590123,3,751,717
15944346895,15944346899,4,2061,1115
15948241127,15948241125,-2,2434,5823
15951749564,15951749566,2,5305,28242
15957708865,15957708870,5,1325,1053
15958467517,15958467522,5,2062,1459
15961603603,15961603608,5,2832,1303
15966616018,15966616023,5,2874,1346
15966808482,15966808491,9,11603,21157
15968167323,15968167326,3,1870,1465
15970495070,15970495075,5,2555,1289
15972305854,15972305858,4,2029,1398
15975674820,15975674805,-15,1181,2718
15980250325,15980250328,3,2474,1337
15980389013,15980389023,10,1757,1571
15981859389,15981859394,5,1364,1281
15984307749,15984307754,5,1933,1338
15987353622,15987353626,4,2468,1416
15989882305,15989882307,2,1673,1475
15993178301,15993178303,2,2023,990
15994656570,15994656574,4,2024,1255
15995191633,15995191638,5,1888,1195
15999599828,15999599830,2,1999,1128
16000885557,16000885561,4,2795,1307
16002470293,16002470295,2,1391,1092
16013535135,16013535138,3,1876,1228
16014801475,16014801478,3,1822,1160
16015245030,16015245033,3,1893,1628
16016535350,16016535355,5,1862,1279
16017462429,16017462434,5,1743,1537
16018468277,16018468279,2,1941,1442
16033378497,16033378509,12,9852,44900
16034100888,16034100894,6,1646,1250
16034608230,16034608234,4,1909,1295
16035498165,16035498170,5,2975,1508
16035971173,16035971174,1,1775,991
16038353232,16038353235,3,1973,1114
16040085212,16040085205,-7,26107,15295
16040265554,16040265558,4,2185,1109
16042058516,16042058523,7,4309,1392
16046655631,16046655634,3,751,1072
16050179786,16050179791,5,1917,1211
16053071353,16053071359,6,3017,1625
16055995555,16055995561,6,1585,1478
16056426972,16056426978,6,1584,1126
16060585034,16060585037,3,2215,1624
16061497250,16061497254,4,2301,1346
16065435629,16065435632,3,1917,2175
16067433455,16067433458,3,1593,1090
16072297045,16072297051,6,2711,1415
16072539845,16072539847,2,2438,2910
16074494757,16074494762,5,3679,1135
16076994302,16076994291,-11,2363,1627
16081968402,16081968409,7,2524,1852
16082193582,16082193597,15,1729,979
16084360089,16084360093,4,2578,1036
16087451165,16087451166,1,1895,1707
16088175296,16088175316,20,2202,1338
16089128329,16089128333,4,2058,1394
16092461293,16092461299,6,1341,1470
16093155997,16093156002,5,2200,1228
16093261341,16093261346,5,1999,1329
16099749378,16099749381,3,1362,1356
16105548081,16105548087,6,5325,2382
16106457178,16106457174,-4,1396,3454
16106487004,16106487007,3,1826,1223
16109690361,16109690364,3,1816,1479
16114054787,16114054791,4,2236,1386
16117178366,16117178369,3,1918,1584
16120811180,16120811186,6,2138,1280
16121243464,16121243446,-18,2020,1450
16123104790,16123104795,5,2208,939
16124591567,16124591573,6,2048,1208
16124762767,16124762769,2,1354,1340
16126166023,16126166027,4,3103,1842
16127114374,16127114378,4,2302,1798
16130985958,16130985962,4,2359,1381
16133358997,16133359000,3,2472,1481
16139034637,16139034641,4,2932,1405
16139663831,16139663834,3,1207,1228
16140194261,16140194266,5,1780,731
16142436355,16142436358,3,1488,1189
16143385789,16143385791,2,1693,1495
16145029330,16145029334,4,2165,1280
16148301678,16148301683,5,1855,1001
16149325197,16149325202,5,1718,1131
16149729621,16149729627,6,2237,1221
16154719188,16154719192,4,2289,1525
16156531351,16156531354,3,2220,1545
16156946075,16156946078,3,1316,1784
16158281174,16158281177,3,2715,1609
16158383274,16158383278,4,1739,1630
16162186344,16162186349,5,1513,1071
16167802524,16167802530,6,2404,1438
16169819197,16169819202,5,1932,1435
16170317276,16170317279,3,1943,1201
16173539836,16173539840,4,2612,1175
16175920874,16175920879,5,2082,1523
16176687465,16176687470,5,2407,1081
16181124643,16181124646,3,2372,1826
16182373980,16182373985,5,2786,1183
16182451738,16182451741,3,1508,1342
16184625038,16184625041,3,2191,1238
16186056481,16186056483,2,21823,98264
16200088959,16200088965,6,2093,1570
16200531606,16200531612,6,2041,1425
16203054942,16203054945,3,2142,2111
16203271817,16203271829,12,2002,971
16204115426,16204115430,4,1499,1182
16205044040,16205044043,3,1654,1029
16208625757,16208625762,5,1429,1131
16212465813,16212465818,5,1591,1515
16218182048,16218182051,3,1650,1186
16223847735,16223847753,18,416,942
16227099882,16227099886,4,2221,1684
16227681621,16227681626,5,2047,1541
16229091881,16229091884,3,1723,1207
16232872829,16232872833,4,1971,1428
16234282258,16234282262,4,2606,1494
16234654166,16234654170,4,2613,2015
16235125121,16235125126,5,1782,1968
16235608733,16235608737,4,1394,1646
16236147008,16236147013,5,1327,1357
16239778974,16239778958,-16,1641,1532
16240589596,16240589601,5,2683,1972
16240911637,16240911641,4,1916,1266
16243306135,16243306139,4,1678,737
16248352618,16248352622,4,2257,1739
16249794151,16249794154,3,2772,1999
16251482281,16251482286,5,2184,1367
16254087767,16254087771,4,2210,1304
16257662553,16257662559,6,2133,1253
16259121439,16259121441,2,2033,1848
16266646758,16266646761,3,2317,1639
16267613407,16267613413,6,3365,1523
16268139690,16268139694,4,1565,1516
16269460268,16269460271,3,2911,1131
16272270021,16272270026,5,1442,1408
16276864707,16276864711,4,2368,1335
16277042943,16277042946,3,2020,1237
16282076488,16282076484,-4,1369,2212
16286077169,16286077170,1,1129,972
16294151018,16294151019,1,1517,1232
16294423939,16294423941,2,2342,1725
16298798971,16298798975,4,1544,951
16300121945,16300121949,4,1796,1136
16300533396,16300533399,3,1536,1749
16306005157,16306005159,2,2463,1751
16308543827,16308543830,3,2518,982
16308987950,16308987949,-1,21306,33963
16309365567,16309365574,7,1782,1377
16309398158,16309398140,-18,1078,875
16315484415,16315484418,3,2686,1702
16315592591,16315592606,15,1740,1397
16315762991,16315762996,5,2331,1112
16315977695,16315977676,-19,1163,699
16317611597,16317611600,3,2022,1626
16320191527,16320191531,4,1450,1192
16320682550,16320682543,-7,589,416
16324030415,16324030422,7,1361,1037
16324788143,16324788146,3,1012,852
16325500534,16325500538,4,1695,1327
16329173118,16329173122,4,2712,1393
16330356863,16330356843,-20,398,140
16331803353,16331803358,5,2262,1911
16332498130,16332498135,5,2852,1547
16332940641,16332940646,5,1732,1223
16335228605,16335228610,5,2123,1273
16342569275,16342569280,5,2173,1186
16345144737,16345144742,5,1950,1056
16346369208,16346369212,4,2426,1532
16346818633,16346818637,4,1898,1556
16347261491,16347261496,5,707,594
16349813077,16349813080,3,2671,2199
16353066438,16353066442,4,2946,1602
16353869214,16353869220,6,2667,1119
16356965874,16356965878,4,2363,1570
16360056202,16360056205,3,1098,537
16360654050,16360654072,22,3409,1042
16362110578,16362110581,3,2233,1142
16364931134,16364931139,5,2395,1692
16369752940,16369752944,4,2536,1595
16370650835,16370650838,3,1439,1228
16371286149,16371286153,4,1652,875
16377168014,16377168018,4,2504,1381
16377938889,16377938893,4,1800,1751
16379250377,16379250375,-2,2023,3311
16380575811,16380575792,-19,1267,851
16380744004,16380744012,8,10073,5103
16384682685,16384682687,2,2195,1356
16391582347,16391582353,6,2010,1514
16391991133,16391991140,7,1981,1285
16393087705,16393087727,22,2439,1241
16393584074,16393584068,-6,1370,5373
16395066814,16395066818,4,2367,1728
16408110143,16408110146,3,1783,1126
16409854667,16409854669,2,1445,1252
16413974525,16413974530,5,2151,1437
16418125205,16418125209,4,1117,1057
16423052359,16423052362,3,2048,1297
16424204190,16424204194,4,1152,1058
16425710738,16425710743,5,1714,1294
16426387558,16426387562,4,1369,1188
16426715551,16426715555,4,885,909
16427271118,16427271119,1,1147,1201
16428445317,16428445320,3,2283,1236
16430363506,16430363500,-6,2285,6322
16432597170,16432597174,4,2224,1342
16433677711,16433677716,5,1493,1142
16433759070,16433759056,-14,912,594
16438034727,16438034730,3,2529,1934
16438300177,16438300182,5,1976,1426
16442339005,16442339011,6,1810,1007
16443449037,16443449043,6,3903,1388
16446664297,16446664301,4,1860,1112
16448139209,16448139211,2,2342,1339
16448472625,16448472626,1,2189,1257
16449257701,16449257688,-13,767,563
16452035556,16452035560,4,1034,1247
16461040794,16461040797,3,1943,1007
16463013670,16463013673,3,1483,1121
16463088498,16463088480,-18,1521,1042
16464038771,16464038772,1,1312,973
16464335389,16464335394,5,3115,1217
16465400029,16465400034,5,2090,1152
16470101509,16470101528,19,888,348
16470362122,16470362127,5,1674,1771
16471254645,16471254637,-8,660,3136
16475994882,16475994889,7,2802,1464
16476155962,16476155952,-10,1031,607
16479922642,16479922645,3,2088,1546
16485558174,16485558177,3,1706,1023
16486686429,16486686433,4,1954,1142
16487158905,16487158916,11,1976,1330
16487396606,16487396588,-18,1418,903
16488227139,16488227144,5,2421,1651
16488560927,16488560933,6,2350,1075
16491321897,16491321903,6,2197,1159
16492139569,16492139574,5,2050,1370
16492981358,16492981363,5,1576,1090
16493011665,16493011671,6,2436,1536
16493807312,16493807315,3,1185,1028
16497285448,16497285453,5,2434,1143
16503408037,16503408040,3,1700,1387
16504459678,16504459683,5,1045,726
16506142910,16506142914,4,1731,1008
16512323210,16512323215,5,2419,1023
16512349558,16512349565,7,2423,1276
16515041758,16515041763,5,3052,1075
16520617686,16520617684,-2,935,2138
16522917081,16522917093,12,1099,169
16525543462,16525543467,5,2355,1611
16529514826,16529514830,4,1517,902
16529726667,16529726671,4,2654,1358
16529987782,16529987767,-15,1928,1024
16530150903,16530150907,4,1429,1438
16535565526,16535565529,3,2176,1001
16539018311,16539018315,4,1610,1097
16540929465,16540929468,3,2257,1526
16541271269,16541271273,4,1509,1358
16542703614,16542703617,3,1495,1331
16546000050,16546000054,4,1822,1490
16547351884,16547351887,3,1808,1528
16547379243,16547379223,-20,1952,1338
16547886393,16547886380,-13,626,416
16550899994,16550899998,4,1266,799
16553334514,16553334515,1,1346,1422
16556198462,16556198465,3,1773,1261
16559781726,16559781730,4,1409,1254
16559865082,16559865087,5,2076,1426
16562971616,16562971619,3,2085,1133
16565808329,16565808324,-5,1260,3995
16567582794,16567582815,21,1825,1267
16567988410,16567988389,-21,1161,465
16571112534,16571112538,4,1457,797
16571783910,16571783913,3,2950,1681
16572042961,16572042954,-7,1920,8887
16578883962,16578883966,4,2410,1216
16584301000,16584301006,6,2781,1120
16586898586,16586898589,3,1824,1257
16590137664,16590137666,2,2092,1192
16591483434,16591483439,5,2528,1576
16592454649,16592454653,4,2262,1569
16592736627,16592736631,4,1735,1230
16597000189,16597000191,2,1540,1270
16597932961,16597932966,5,2380,1629
16601276345,16601276347,2,1322,1134
16602385101,16602385106,5,1660,1118
16606330553,16606330558,5,1690,1483
16610456319,16610456317,-2,994,1907
16610673743,16610673749,6,2143,1780
16614270722,16614270727,5,2037,1226
16615248657,16615248651,-6,1143,1255
16615982290,16615982292,2,1745,841
16617108782,16617108786,4,2384,1115
16618999307,16618999288,-19,951,967
16619768184,16619768186,2,2306,1454
16622671735,16622671740,5,2098,1138
16623184686,16623184692,6,2676,1883
16624081244,16624081249,5,2697,1257
16625028446,16625028451,5,1915,1077
16626568946,16626568953,7,5583,2178
16626835431,16626835431,0,1302,1462
16627743473,16627743479,6,1798,1610
16628241502,16628241503,1,668,308
16633306080,16633306083,3,1874,1249
16633744492,16633744499,7,2360,1077
16635384168,16635384170,2,1840,1380
16635565753,16635565756,3,1443,1628
16636678027,16636678027,0,1245,1144
16640680729,16640680734,5,1912,1310
16644858958,16644858962,4,1606,1342
16645011114,16645011095,-19,2391,867
16648051907,16648051910,3,1518,1129
16648681559,16648681552,-7,810,188
16649797977,16649797977,0,957,1027
16651555278,16651555284,6,2199,1542
16652080615,16652080621,6,2396,1534
16657356998,16657356998,0,1942,3261
16657891564,16657891567,3,2244,1189
16658891930,16658891908,-22,2103,744
16659327557,16659327560,3,2405,1581
16661705394,16661705399,5,2011,1235
16661878698,16661878692,-6,1039,5760
16662116831,16662116834,3,4152,3284
16665598680,16665598683,3,2360,1110
16670376626,16670376630,4,2112,1072
16670533716,16670533719,3,1810,1366
16670815668,16670815672,4,1498,915
16671678871,16671678869,-2,1468,1811
16673251879,16673251881,2,2426,1239
16674614493,16674614486,-7,1680,10101
16681092832,16681092841,9,1248,550
16685611687,16685611691,4,1198,1045
16686558359,16686558366,7,1242,825
16690742799,16690742802,3,1705,1668
16693853101,16693853106,5,2261,1551
16695583998,16695584002,4,1378,1211
16697040950,16697040953,3,1879,918
16697188073,16697188093,20,2177,1320
16703466287,16703466289,2,1944,1271
16705604746,16705604750,4,2184,1646
16707898989,16707898991,2,1487,773
16710249174,16710249173,-1,1041,1723
16710588567,16710588570,3,1617,1405
16710738487,16710738491,4,1933,1367
16713192958,16713192961,3,1302,992
16715546329,16715546331,2,1688,1773
16719268481,16719268485,4,1896,1005
16723201947,16723201950,3,1145,1258
16726531179,16726531183,4,1885,1424
16727122974,16727122978,4,2112,1264
16727622695,16727622697,2,1678,2087
16728677385,16728677386,1,1940,1321
16738501564,16738501567,3,2098,1485
16739017637,16739017641,4,1981,806
16739606937,16739606958,21,953,249
16741302974,16741302979,5,2673,1995
16746353122,16746353127,5,2511,1815
16747624271,16747624265,-6,2713,7737
16748157219,16748157224,5,2176,1391
16748803103,16748803085,-18,1378,1074
16748872513,16748872518,5,2495,1918
16753945490,16753945494,4,1869,1113
16754052561,16754052565,4,1698,1387
16755112165,16755112170,5,1031,951
16755389682,16755389683,1,1351,1086
16756294765,16756294770,5,1455,1556
16759893116,16759893124,8,3849,1252
16762149235,16762149212,-23,974,563
16765406210,16765406210,0,3433,3875
16771644427,16771644425,-2,8376,14739
16771775013,16771775015,2,1311,1347
16771822385,16771822391,6,1828,1266
16772134710,16772134711,1,1842,1099
16773342024,16773342027,3,1971,898
16778712317,16778712318,1,2264,1772
16779712766,16779712769,3,1988,1091
16782453455,16782453461,6,1260,1118
16784358691,16784358690,-1,585,1764
16786037710,16786037704,-6,1002,5970
16789135223,16789135230,7,2879,1191
16794319289,16794319293,4,2199,1425
16796760046,16796760049,3,2218,1673
16797352290,16797352294,4,1777,1324
16798552558,16798552561,3,1637,1218
16800109484,16800109487,3,1528,1339
16800380530,16800380533,3,1942,1090
16802150535,16802150539,4,3066,1503
16804922548,16804922552,4,1464,708
16805762810,16805762815,5,1714,1218
16807155675,16807155653,-22,826,923
16822540880,16822540877,-3,1788,1466
16830076310,16830076313,3,1530,1356
16832293406,16832293411,5,2192,1303
16839449526,16839449531,5,1968,965
16840848210,16840848214,4,1843,1283
16841905989,16841905992,3,2287,1556
16842324482,16842324486,4,2013,1117
16843655850,16843655855,5,1836,1490
16847043587,16847043590,3,1952,1368
16853203484,16853203486,2,1932,1006
16856487993,16856487998,5,1590,1121
16866017146,16866017148,2,1467,896
16866552058,16866552063,5,2034,1306
16866738611,16866738616,5,2175,1523
16867474274,16867474279,5,1764,1371
16878767069,16878767071,2,2056,1129
16881036630,16881036635,5,2381,987
16884131780,16884131785,5,2142,1001
16887157578,16887157582,4,2324,1621
16887447273,16887447278,5,2252,1329
16889115738,16889115743,5,1191,1125
16890183457,16890183458,1,984,730
16896720891,16896720895,4,2487,1746
16901369985,16901369991,6,2712,1478
16901556504,16901556509,5,1818,1584
16903193019,16903193022,3,2120,1257
16903494409,16903494411,2,1908,1235
16906253222,16906253226,4,1852,1698
16908796448,16908796453,5,3088,1670
16908887977,16908887982,5,2286,1458
16909726190,16909726194,4,2895,1144
16911230662,16911230666,4,2445,1159
16911985526,16911985532,6,1541,1710
16914181957,16914181961,4,2274,1517
16920542172,16920542176,4,2389,2126
16921164917,16921164922,5,1673,1343
16924418839,16924418845,6,1891,1446
16926195278,16926195279,1,1486,1942
16928089349,16928089355,6,1982,1566
16929706943,16929706947,4,2521,1173
16930097059,16930097060,1,1681,2832
16930267550,16930267550,0,987,2237
16930303562,16930303563,1,1261,1341
16932174941,16932174946,5,3132,1297
16934096377,16934096381,4,2584,1430
16934860194,16934860198,4,2505,1443
16938174189,16938174190,1,1707,1230
16942263731,16942263710,-21,1527,862
16943129694,16943129700,6,1456,940
16947339835,16947339839,4,2605,1423
16948710248,16948710251,3,1812,1184
16949948313,16949948317,4,2306,1563
16958950731,16958950735,4,1016,743
16959500185,16959500189,4,1851,1677
16960955510,16960955514,4,2561,1641
16963434622,16963434626,4,1898,1357
16964317591,16964317591,0,23140,36182
16966782538,16966782542,4,2159,1322
16977258853,16977258855,2,2143,1443
16982833667,16982833673,6,2204,897
16985021961,16985021964,3,1460,1488
16991071893,16991071897,4,1432,1149
16996285361,16996285366,5,2557,1281
16997112630,16997112634,4,2014,933
16998375557,16998375564,7,1152,874
17000766240,17000766245,5,2128,1283
17004207210,17004207215,5,2545,1532
17004656354,17004656356,2,2094,1553
17005470139,17005470148,9,12944,36042
17006994197,17006994200,3,1884,1253
17007155510,17007155514,4,2566,1750
17007884858,17007884863,5,2980,1632
17008282353,17008282358,5,1703,962
17008634670,17008634653,-17,2773,1165
17010782973,17010782972,-1,1353,1192
17011225417,17011225424,7,3556,1579
17011690142,17011690147,5,2727,2001
17021310350,17021310354,4,1438,1316
17029852394,17029852399,5,2397,1162
17033116437,17033116440,3,1483,1062
17037295018,17037295023,5,3568,1432
17043239946,17043239949,3,1671,1222
17046065100,17046065101,1,2431,994
17047233174,17047233179,5,2588,1479
17048977437,17048977439,2,1658,970
17050158531,17050158536,5,1789,1211
17050775960,17050775963,3,1333,953
17052794371,17052794375,4,1577,1182
17055315272,17055315271,-1,2323,3581
17056314989,17056314993,4,1551,1345
17058591302,17058591306,4,1979,1059
17061094102,17061094108,6,2291,1185
17062332221,17062332226,5,2315,1574
17064300161,17064300166,5,2395,1370
17065410162,17065410167,5,1340,819
17067484161,17067484165,4,1497,1065
17068107403,17068107406,3,2178,1522
17068922215,17068922231,16,1485,1070
17071285736,17071285739,3,1819,1018
17074290153,17074290158,5,1821,1014
17074321878,17074321862,-16,2120,941
17076266756,17076266762,6,1902,1286
17077154936,17077154940,4,2763,1833
17079925207,17079925211,4,1678,1183
17080123148,17080123154,6,1805,1203
17082775767,17082775770,3,2168,2118
17084893392,17084893395,3,2725,1449
17085873451,17085873457,6,1535,1489
17086428525,17086428529,4,2646,1322
17087081887,17087081890,3,1983,1156
17089665043,17089665049,6,2259,1484
17092687235,17092687238,3,1209,891
17095263833,17095263837,4,2988,1186
17097485666,17097485671,5,2633,1088
17100950220,17100950216,-4,1131,3223
17103819318,17103819323,5,2019,1075
17107413554,17107413558,4,1604,799
17109479250,17109479254,4,2249,1644
17113767939,17113767933,-6,1538,6659
17114586370,17114586375,5,1625,1843
17115893661,17115893663,2,1096,1363
17118752767,17118752770,3,2563,1785
17119690298,17119690302,4,2249,1361
17121607944,17121607946,2,1978,1458
17124825094,17124825099,5,2207,1962
17127686225,17127686230,5,2311,1092
17131044245,17131044250,5,3443,1508
17132377053,17132377057,4,1701,1761
17136949644,17136949650,6,2623,1527
17144381873,17144381876,3,1573,1132
17145664589,17145664591,2,1369,1227
17146391929,17146391934,5,1717,1480
17148114989,17148114993,4,1906,1775
17153328281,17153328286,5,2123,1198
17154251799,17154251795,-4,770,3388
17155209748,17155209754,6,3152,1419
17160495525,17160495527,2,1016,1258
17163849674,17163849678,4,2308,1085
17164428962,17164428965,3,1926,1220
17165166645,17165166651,6,2350,1155
17172486648,17172486651,3,2079,1940
17174117374,17174117378,4,1480,1129
17178668902,17178668907,5,1827,1413
17188917859,17188917863,4,2436,1432
17189348662,17189348665,3,1512,1215
17189630029,17189630034,5,1821,1144
17190444418,17190444427,9,11559,25073
17191170930,17191170935,5,2032,1505
17191586097,17191586101,4,2001,1700
17193348054,17193348059,5,1746,1640
17194791490,17194791492,2,1875,1469
17195082890,17195082887,-3,1595,1022
17199604564,17199604567,3,2102,1240
17200162783,17200162788,5,2108,1263
17202922710,17202922715,5,2080,1367
17203562977,17203562982,5,1760,1404
17203850542,17203850540,-2,1656,1765
17204890624,17204890628,4,2401,1599
17205140397,17205140400,3,1673,1317
17207457782,17207457786,4,2124,1219
17208221266,17208221271,5,3092,2074
17208489127,17208489129,2,1869,1206
17208686317,17208686324,7,2725,1473
17209814599,17209814601,2,2041,1116
17212349542,17212349547,5,1325,897
17215813716,17215813718,2,1970,1792
17218816717,17218816721,4,2088,1593
17220651905,17220651908,3,1634,1367
17221320101,17221320105,4,1816,1357
17224076136,17224076141,5,1460,1520
17229918669,17229918673,4,2183,1535
17230091814,17230091819,5,2133,1348
17232623709,17232623714,5,2531,1430
17232853669,17232853654,-15,2230,1046
17234712970,17234712974,4,1926,1328
17236237977,17236237981,4,2254,1549
17237770986,17237770990,4,2078,1015
17238272498,17238272516,18,867,336
17242599458,17242599461,3,2985,1595
17243919837,17243919843,6,1927,1797
17247847454,17247847458,4,2673,1333
17248053655,17248053636,-19,956,925
17249513704,17249513709,5,2356,1881
17250172290,17250172292,2,1823,1458
17250578509,17250578496,-13,1471,1018
17253344789,17253344794,5,2111,1264
17257372253,17257372257,4,2118,1627
17257829531,17257829534,3,1685,948
17258348022,17258348005,-17,1718,1013
17258932281,17258932286,5,2284,1095
17262661979,17262661984,5,2039,1440
17266349825,17266349828,3,2528,1785
17273100102,17273100107,5,981,589
17273225169,17273225173,4,2173,1225
17274493311,17274493317,6,2083,1341
17275863338,17275863341,3,1836,1042
17277748529,17277748534,5,2321,1255
17283818798,17283818803,5,1283,848
17285990131,17285990138,7,2187,1380
17291982795,17291982800,5,1381,1221
17293137478,17293137482,4,1776,1219
17293661762,17293661767,5,1508,1112
17297194857,17297194862,5,2124,1421
17298140554,17298140535,-19,877,450
17304795829,17304795833,4,2392,1307
17313537541,17313537546,5,3015,1856
17315666814,17315666816,2,3295,1904
17319988684,17319988687,3,2111,1437
17321987082,17321987083,1,1275,1349
17322162686,17322162691,5,2243,1425
17323825613,17323825618,5,2090,1187
17329262738,17329262742,4,1575,1287
17329779126,17329779130,4,2431,1304
17331268016,17331268022,6,2557,1116
17331429098,17331429102,4,2223,1438
17332033446,17332033450,4,2562,1567
17334648576,17334648579,3,2557,1476
17339452390,17339452393,3,2191,1388
17340593406,17340593388,-18,1321,518
17341456641,17341456643,2,1530,1152
17343640665,17343640669,4,1957,1508
17344708709,17344708715,6,2689,1357
17346467646,17346467650,4,2214,1654
17350519662,17350519667,5,1730,993
17352285213,17352285218,5,2308,1515
17353639653,17353639653,0,1501,1553
17353933734,17353933727,-7,2495,6460
17356907970,17356907973,3,1614,1834
17361321194,17361321195,1,2252,1739
17362103951,17362103956,5,2280,1128
17363083587,17363083566,-21,772,369
17365993322,17365993326,4,2139,1734
17366935035,17366935014,-21,700,401
17369143551,17369143554,3,2447,1269
17369979945,17369979924,-21,951,588
17371769453,17371769457,4,1624,1518
17374562452,17374562457,5,2228,1425
17376599762,17376599757,-5,2295,4982
17379581154,17379581158,4,1914,1442
17379843494,17379843500,6,674,275
17382191741,17382191743,2,1229,1288
17384080789,17384080795,6,1970,1650
17385366866,17385366879,13,1895,1194
17388074552,17388074555,3,1248,1500
17388116236,17388116239,3,2504,1524
17388281030,17388281023,-7,1350,5571
17388411522,17388411525,3,2209,1451
17389484391,17389484394,3,2035,1380
17390619586,17390619567,-19,1863,1610
17391735246,17391735250,4,2140,1119
17394386938,17394386942,4,2965,1149
17395753709,17395753712,3,2306,1624
17400216939,17400216945,6,1583,1150
17401776810,17401776814,4,2175,1424
17404578066,17404578063,-3,1213,2998
17406936037,17406936042,5,2266,1579
17407453725,17407453729,4,2182,1531
17407751710,17407751713,3,1599,1198
17409162474,17409162479,5,2252,1228
17409724480,17409724484,4,2553,1072
17410274922,17410274926,4,1644,874
17411294447,17411294449,2,1760,1595
17416204915,17416204918,3,1304,1848
17422490486,17422490490,4,1641,1452
17422535490,17422535495,5,2217,1205
17426150074,17426150080,6,1876,993
17432005059,17432005062,3,2298,1228
17436408953,17436408957,4,2530,1446
17438579355,17438579359,4,1266,1067
17444408062,17444408066,4,1804,1283
17447172678,17447172683,5,1964,929
17447471824,17447471837,13,2618,1244
17448472643,17448472654,11,433,1891
17450643666,17450643672,6,2151,1274
17453421425,17453421422,-3,1605,3418
17454954182,17454954187,5,1964,1718
17457910218,17457910222,4,1568,1100
17458267970,17458267988,18,1318,904
17462871252,17462871255,3,1921,932
17464687086,17464687089,3,1866,1484
17468157445,17468157447,2,1466,1244
17471513285,17471513287,2,1200,1454
17474136406,17474136411,5,2365,1939
17475404810,17475404814,4,1755,1393
17476743885,17476743900,15,1540,1490
17476981586,17476981591,5,1995,1120
17480293722,17480293724,2,2290,1929
17487364906,17487364910,4,1716,1435
17493387270,17493387273,3,2439,1500
17504620147,17504620152,5,3010,1640
17505956838,17505956846,8,2671,1524
17507680641,17507680645,4,1124,1233
17510314506,17510314510,4,1859,1183
17512768552,17512768552,0,1409,1926
17514073978,17514073984,6,1546,1120
17515681471,17515681477,6,1618,1252
17517860367,17517860372,5,1342,955
17521013796,17521013799,3,1177,1052
17523256943,17523256947,4,2190,1487
17526467700,17526467701,1,1920,1557
17527125682,17527125663,-19,511,288
17527774386,17527774391,5,2003,1504
17527984073,17527984078,5,2333,1455
17530721361,17530721362,1,898,789
17533691901,17533691903,2,1505,1416
17535507105,17535507099,-6,1513,3318
17537040386,17537040391,5,2309,1069
17537727930,17537727934,4,1414,1366
17539322287,17539322291,4,2240,1692
17540788298,17540788303,5,2050,1333
17540823706,17540823702,-4,613,1599
17541094793,17541094794,1,1035,1140
17543225424,17543225427,3,2757,1608
17547709744,17547709747,3,1954,1588
17561910063,17561910067,4,2062,1610
17563034836,17563034840,4,1430,1270
17568519468,17568519471,3,1738,1149
17569028811,17569028815,4,1816,1424
17570410546,17570410548,2,19140,31535
17571869790,17571869795,5,2207,2050
17573877538,17573877543,5,2487,1607
17577060185,17577060188,3,1966,1761
17578649319,17578649323,4,1873,1146
17581016924,17581016937,13,606,1396
17581374845,17581374846,1,2270,1793
17585913191,17585913196,5,2230,1401
17586429477,17586429480,3,2629,2339
17587510356,17587510360,4,2323,1495
17590344349,17590344353,4,1793,1113
17591278537,17591278539,2,2161,1452
17591417800,17591417803,3,1252,1147
17591537966,17591537971,5,2925,1162
17598792264,17598792269,5,1709,1409
17601343934,17601343938,4,1871,1455
17602024904,17602024901,-3,978,1624
17603399677,17603399681,4,2034,1705
17609683666,17609683670,4,1541,978
17610873852,17610873857,5,2185,1887
17611062789,17611062804,15,1959,1588
17612012250,17612012251,1,1142,733
17612928556,17612928562,6,2764,1531
17613074421,17613074423,2,2126,994
17618183156,17618183159,3,1504,1371
17621030738,17621030744,6,1928,1234
17625085438,17625085443,5,2610,1866
17633016465,17633016469,4,1895,973
17639637787,17639637790,3,1972,1412
17641074978,17641074983,5,1849,996
17642133345,17642133347,2,1599,1955
17645490756,17645490753,-3,1408,1721
17649803574,17649803579,5,2866,1560
17655858357,17655858356,-1,1096,1846
17655959346,17655959350,4,2461,1423
17656975827,17656975831,4,2032,1301
17657514381,17657514367,-14,1391,872
17659157370,17659157366,-4,832,2646
17660000694,17660000699,5,2431,1253
17664189281,17664189282,1,1716,1328
17666448355,17666448370,15,2511,1663
17668079945,17668079949,4,2102,1599
17673094404,17673094392,-12,1233,815
17673473598,17673473602,4,2195,973
17676695017,17676695018,1,1535,1832
17678573968,17678573973,5,2065,1261
17680272049,17680272051,2,2491,1836
17681302937,17681302942,5,2044,1307
17683371319,17683371326,7,2628,1990
17685308073,17685308077,4,1422,1289
17685342915,17685342918,3,2321,1646
17686719549,17686719551,2,1945,1071
17688867638,17688867642,4,1455,905
17689574518,17689574523,5,2142,1190
17691036997,17691037002,5,2437,1505
17694127117,17694127119,2,2332,1224
17694949857,17694949860,3,1822,1466
17696151995,17696151997,2,1941,1591
17696311134,17696311140,6,1721,1649
17697534818,17697534823,5,1106,523
17701448557,17701448561,4,1401,1179
17701860367,17701860372,5,2733,1403
17702397900,17702397904,4,1823,1259
17705012965,17705012970,5,2837,1128
17712442929,17712442931,2,1798,1241
17712541300,17712541303,3,1906,1342
17712855997,17712855999,2,1102,909
17716558806,17716558810,4,1628,995
17717531855,17717531855,0,1088,969
17719522767,17719522770,3,1224,1030
17726590505,17726590509,4,2281,2104
17728599404,17728599407,3,1541,1209
17729035464,17729035482,18,387,1788
17731643078,17731643083,5,2122,1359
17735096422,17735096429,7,2818,945
17739200954,17739200958,4,2372,2238
17740970562,17740970565,3,2130,1360
17743878842,17743878846,4,2059,1200
17746195125,17746195130,5,1862,1222
17747294955,17747294952,-3,18570,9038
17747550070,17747550072,2,1707,1342
17750992576,17750992579,3,1689,1235
17753604823,17753604828,5,1478,1311
17754624594,17754624599,5,2537,1488
17754941311,17754941316,5,2016,1482
17756284107,17756284111,4,1374,1240
17756784759,17756784763,4,1138,955
17757978732,17757978737,5,1896,953
17758138091,17758138071,-20,1607,1204
17758660906,17758660914,8,2294,988
17759159953,17759159957,4,2887,1373
17761587762,17761587770,8,4085,1303
17762252323,17762252327,4,1492,1394
17762788379,17762788382,3,1232,1238
17767323467,17767323470,3,1015,621
17768312637,17768312642,5,1184,1159
17770808868,17770808876,8,22878,57118
17775253797,17775253803,6,1712,1275
17776986927,17776986911,-16,1396,1224
17780285209,17780285216,7,2466,1528
17781525428,17781525415,-13,1802,695
17784337073,17784337075,2,1759,1005
17787049954,17787049958,4,1544,828
17789898076,17789898081,5,1937,2009
17793851109,17793851113,4,2529,1669
17794497584,17794497586,2,1178,1321
17795735809,17795735811,2,2099,2038
17800381321,17800381324,3,1755,1762
17800860609,17800860613,4,2243,1128
17803049684,17803049707,23,1072,280
17804739322,17804739325,3,2290,1884
17805506890,17805506894,4,1621,1300
17807598474,17807598479,5,2409,967
17807841538,17807841543,5,1855,1204
17812352862,17812352867,5,2277,1557
17813203140,17813203143,3,1883,1479
17813470169,17813470173,4,2263,1174
17813954727,17813954710,-17,2142,1324
17815040358,17815040362,4,2450,1849
17822819339,17822819341,2,1800,1048
17823859633,17823859637,4,1488,703
17823949704,17823949707,3,1967,1810
17827732124,17827732129,5,1960,885
17829006760,17829006744,-16,2250,1072
17833853410,17833853415,5,1956,1302
17834634995,17834635001,6,2929,1551
17839142389,17839142391,2,1299,2143
17845169974,17845169977,3,1826,1522
17846031285,17846031289,4,2269,1612
17848785277,17848785281,4,1305,966
17850413210,17850413211,1,1244,915
17852027951,17852027943,-8,374,1199
17853473106,17853473110,4,2260,1290
17859169082,17859169087,5,1816,1313
17861237942,17861237949,7,2122,1501
17863178343,17863178349,6,1470,1421
17864575266,17864575271,5,2729,1129
17867682272,17867682274,2,1568,1040
17867875658,17867875639,-19,1889,1236
17869794957,17869794964,7,3915,1272
17870718461,17870718466,5,1476,1034
17873617470,17873617475,5,3035,1362
17880912834,17880912830,-4,1099,1546
17884487949,17884487954,5,1659,1460
17884718627,17884718630,3,1933,1057
17884981022,17884981027,5,2978,1603
17887155196,17887155200,4,1439,975
17887519098,17887519084,-14,1168,416
17889508186,17889508191,5,1661,670
17889755093,17889755078,-15,1851,1221
17890799121,17890799125,4,2054,1386
17892969330,17892969335,5,2028,1355
17894562717,17894562721,4,1649,1057
17902682892,17902682897,5,2412,1315
17905747942,17905747946,4,2505,1802
17908515918,17908515921,3,1138,1012
17910677933,17910677936,3,1423,1187
17916202476,17916202478,2,1705,1494
17917989814,17917989821,7,2460,1116
17920886042,17920886045,3,2791,1373
17921772039,17921772044,5,1298,716
17926664358,17926664363,5,2523,1140
17927337992,17927337995,3,1494,1470
17928460883,17928460888,5,1792,1495
17928792845,17928792849,4,1518,724
17929515547,17929515551,4,1273,1379
17932690829,17932690835,6,2214,901
17934374299,17934374303,4,3435,1761
17934835757,17934835760,3,1185,942
17935626441,17935626444,3,958,1113
17940988409,17940988412,3,1924,1383
17950179598,17950179598,0,1018,1579
17954288011,17954288013,2,2454,1729
17955068876,17955068881,5,1422,744
17955743318,17955743303,-15,1603,1229
17960006583,17960006580,-3,1052,3012
17960257958,17960257963,5,2778,1691
17960736962,17960736966,4,1236,1510
17967935521,17967935525,4,2333,1372
17969707769,17969707773,4,1927,1223
17969972946,17969972925,-21,1613,1078
17972386993,17972386998,5,1870,1557
17975103312,17975103316,4,2678,44786
17975912270,17975912275,5,1443,961
17978458298,17978458298,0,1576,1317
17981496242,17981496246,4,2247,2215
17981743783,17981743787,4,2761,1782
17983646892,17983646895,3,1148,832
17984329904,17984329909,5,1770,1050
17994526422,17994526427,5,2221,1127
17995186642,17995186645,3,1807,1507
17995657623,17995657626,3,2182,1342
17996048293,17996048297,4,1858,1086
17996881018,17996881020,2,2106,1308
17999569662,17999569664,2,1054,1445
18000264346,18000264350,4,1637,1308
18000975518,18000975523,5,2181,1360
18008771010,18008771012,2,1903,1282
18017113723,18017113727,4,2614,1461
18018144533,18018144538,5,2668,1593
18019555290,18019555295,5,2704,1879
18020845672,18020845679,7,2640,1068
18022002587,18022002592,5,1646,1111
18024110492,18024110495,3,1604,1065
18024610746,18024610727,-19,2346,1396
18026695449,18026695454,5,1924,1494
18027314132,18027314134,2,1553,1401
18029119311,18029119313,2,1582,1295
18032630773,18032630777,4,1901,1276
18038437757,18038437762,5,1947,1506
18041753453,18041753457,4,3019,1590
18041948389,18041948406,17,1205,915
18043263001,18043263003,2,1216,1455
18048438937,18048438941,4,2419,1574
18048792282,18048792285,3,1924,1291
18051897884,18051897879,-5,1618,5328
18053180378,18053180364,-14,27207,14687
18054253281,18054253276,-5,920,2342
18055556637,18055556642,5,1833,1557
18058632935,18058632939,4,1445,949
18058688140,18058688156,16,1910,1468
18058736587,18058736566,-21,901,1006
18060024571,18060024574,3,1830,1219
18065227979,18065227984,5,1823,1689
18065537608,18065537615,7,2085,1162
18068369182,18068369185,3,2311,2140
18071322242,18071322239,-3,1126,1717
18075291360,18075291363,3,2378,1443
18086594574,18086594579,5,1804,1352
18090959947,18090959955,8,2868,1138
18092247043,18092247049,6,1184,914
18096474046,18096474050,4,1917,1158
18099278204,18099278207,3,2061,1079
18099551187,18099551204,17,691,222
18100108976,18100108988,12,1434,1334
18104789422,18104789426,4,1717,1115
18107152118,18107152125,7,1635,1107
18112864892,18112864895,3,3013,1332
18114003547,18114003550,3,1863,1129
18115008835,18115008834,-1,1036,1938
18115634116,18115634121,5,3332,1490
18116335047,18116335050,3,1808,1114
18116474581,18116474583,2,2267,1355
18120291379,18120291381,2,1814,1493
18125386272,18125386275,3,1616,1026
18127427186,18127427188,2,1370,1453
18128110909,18128110911,2,1597,1179
18128248617,18128248622,5,2645,1324
18128356664,18128356645,-19,1534,773
18130100231,18130100234,3,2375,1420
18130472393,18130472397,4,1998,1301
18130502729,18130502711,-18,1348,702
18132455914,18132455920,6,2008,897
18132871690,18132871669,-21,710,486
18134446711,18134446715,4,1558,1167
18134910489,18134910483,-6,1470,4067
18134937202,18134937207,5,2979,1625
18138608913,18138608917,4,1352,826
18140343666,18140343669,3,1468,1057
18140693735,18140693738,3,1980,1193
18140753050,18140753057,7,2459,1573
18145274442,18145274446,4,1587,960
18148715417,18148715438,21,1844,4311
18149761855,18149761861,6,2661,1292
18150500294,18150500298,4,2171,1463
18152043233,18152043247,14,14809,43146
18154509152,18154509147,-5,21165,15245
18159336901,18159336905,4,2003,1609
18163558840,18163558845,5,1919,1325
18166107881,18166107886,5,2168,1136
18168203409,18168203414,5,1701,1477
18169468299,18169468302,3,1633,1718
18169955713,18169955718,5,1612,1259
18170978395,18170978398,3,2356,2037
18172898834,18172898839,5,2826,1164
18176872758,18176872763,5,1923,1070
18178627092,18178627096,4,2042,1312
18182676116,18182676118,2,2541,1254
18183944422,18183944427,5,2312,1217
18185276037,18185276040,3,1825,1154
18190205322,18190205326,4,1885,1087
18190379734,18190379738,4,2276,661
18194540131,18194540136,5,2138,1619
18198210102,18198210106,4,1620,1205
18201710227,18201710231,4,1698,1426
18202420278,18202420282,4,2438,1401
18203895369,18203895372,3,1436,1421
18204559806,18204559809,3,2161,1284
18205482526,18205482528,2,1504,1268
18208073396,18208073394,-2,1040,2071
18213526444,18213526453,9,12807,40027
18216027293,18216027295,2,1399,947
18216898393,18216898374,-19,1967,1368
18218015427,18218015430,3,1389,1669
18235887072,18235887076,4,1916,1246
18236917558,18236917561,3,2415,2078
18240285918,18240285922,4,2755,1964
18240800646,18240800652,6,2291,1258
18244098374,18244098377,3,1527,1242
18246749842,18246749846,4,2409,1415
18248419061,18248419067,6,1358,975
18258054697,18258054702,5,1968,1027
18258131155,18258131141,-14,904,413
18261629034,18261629037,3,1873,1488
18265575639,18265575633,-6,2454,6611
18267844585,18267844589,4,1894,984
18268166215,18268166219,4,2266,1055
18268296195,18268296196,1,1427,1486
18269656956,18269656959,3,2112,1785
18269752119,18269752123,4,2162,1196
18273323278,18273323282,4,1714,1313
18273592322,18273592329,7,2007,968
18274954505,18274954511,6,1733,737
18276742938,18276742945,7,1958,990
18279786042,18279786047,5,1363,840
18280628000,18280628003,3,1750,885
18281020490,18281020494,4,1948,1267
18283265368,18283265373,5,2522,1397
18283538765,18283538767,2,35142,28797
18288026695,18288026699,4,1534,1040
18290531130,18290531135,5,2017,1815
18293931566,18293931569,3,2061,1569
18294678796,18294678798,2,1779,1818
18302930065,18302930084,19,1140,1213
18306104345,18306104349,4,2961,1362
18310024295,18310024302,7,2484,1331
18313387982,18313387987,5,2236,1612
18317865254,18317865258,4,2019,1439
18325018979,18325018984,5,2150,1421
18325516571,18325516573,2,1568,1219
18326808945,18326808948,3,1686,1158
18327589715,18327589694,-21,1498,915
18330311274,18330311277,3,1626,1335
18331256879,18331256883,4,2089,1207
18332693993,18332694001,8,5935,3090
18333946875,18333946878,3,1856,1550
18334674134,18334674137,3,1303,1243
18335132137,18335132143,6,1275,1124
18336352737,18336352743,6,1637,982
18339640486,18339640486,0,1132,2205
18341005912,18341005914,2,2025,875
18351588465,18351588470,5,1605,1290
18352276282,18352276287,5,2550,1497
18354991845,18354991850,5,1902,1479
18356695877,18356695860,-17,1933,1288
18357385869,18357385870,1,1416,1180
18359567208,18359567214,6,2421,1431
18364354442,18364354446,4,2455,1938
18366612580,18366612583,3,1633,1441
18369624673,18369624677,4,2012,1943
18372771592,18372771575,-17,1464,1858
18386480966,18386480971,5,1648,943
18390242794,18390242798,4,1912,1211
18391672807,18391672815,8,1032,651
18391908698,18391908709,11,1547,1182
18395117342,18395117345,3,1997,1370
18396578884,18396578889,5,1699,1337
18399786973,18399786979,6,2117,1253
18400337122,18400337127,5,1692,1111
18401239366,18401239364,-2,1626,3109
18404254746,18404254749,3,1142,931
18409034201,18409034206,5,1936,1156
18411041806,18411041811,5,1845,1652
18412323992,18412323998,6,2842,1591
18415619892,18415619895,3,1517,1961
18422112127,18422112130,3,1783,1225
18425464477,18425464479,2,2476,1194
18426383698,18426383702,4,1407,1038
18427829438,18427829440,2,1723,1295
18429096557,18429096561,4,2202,1449
18431315422,18431315425,3,1495,1601
18431371202,18431371220,18,2277,1326
18431806641,18431806646,5,2350,1415
18443337902,18443337907,5,1730,1445
18443895658,18443895657,-1,1808,1750
18445408886,18445408893,7,3315,1364
18445812592,18445812598,6,5544,2838
18449314546,18449314550,4,2174,1575
18449943039,18449943044,5,2383,1546
18450528085,18450528090,5,2239,1300
18453699020,18453699026,6,4940,3509
18453818042,18453818046,4,2259,1230
18459259745,18459259750,5,1283,1407
18461318117,18461318121,4,2636,1464
18462951698,18462951699,1,2736,2565
18471988645,18471988652,7,2727,1962
18474174235,18474174238,3,2320,1467
18474522804,18474522806,2,1546,1414
18474942685,18474942690,5,2769,1789
18476509575,18476509578,3,1398,1281
18478311806,18478311813,7,1734,1336
18478435474,18478435459,-15,1660,1366
18480122690,18480122694,4,2448,1293
18480416179,18480416182,3,1988,1072
18482861234,18482861242,8,10058,33844
18490652630,18490652634,4,1463,1453
18491852882,18491852887,5,1696,1422
18499347177,18499347180,3,1473,1074
18502605000,18502605003,3,2105,1156
18503888750,18503888755,5,2157,1630
18514676382,18514676388,6,1667,1261
18515032987,18515032993,6,2734,2178
18515711300,18515711305,5,2282,1653
18516871653,18516871657,4,3198,2041
18518087606,18518087610,4,1910,1581
18521949661,18521949666,5,2394,1255
18522119505,18522119511,6,2201,1105
18522484383,18522484381,-2,1156,214
18523342706,18523342710,4,1190,1265
18527933290,18527933294,4,1954,1251
18528952900,18528952896,-4,5259,13379
18529708177,18529708181,4,2761,1267
18530578703,18530578706,3,1909,1626
18534293145,18534293147,2,1615,998
18535656530,18535656534,4,2264,1863
18540905915,18540905918,3,1864,1238
18543794849,18543794852,3,1915,1782
18548483479,18548483483,4,1306,945
18549802710,18549802712,2,934,1324
18552957218,18552957220,2,2443,2056
18557662164,18557662166,2,1464,1402
18561162514,18561162518,4,1432,1480
18564520731,18564520736,5,1847,1025
18564774254,18564774260,6,1987,1627
18565281098,18565281117,19,838,1000
18566625774,18566625778,4,1971,1694
18566856690,18566856694,4,1970,1084
18567733078,18567733082,4,2572,1650
18570330177,18570330180,3,1753,1469
18570356745,18570356750,5,2097,1395
18570558549,18570558554,5,1914,1411
18570703621,18570703631,10,1577,1197
18575063758,18575063759,1,1609,1132
18577767017,18577767022,5,1481,1410
18578928501,18578928505,4,1351,1352
18579825643,18579825646,3,561,225
18583326821,18583326826,5,1705,1244
18585017546,18585017551,5,2495,1557
18591013169,18591013175,6,2312,1331
18594578851,18594578855,4,1803,1237
18594626169,18594626173,4,2155,1558
18596455888,18596455895,7,1425,839
18599112969,18599112973,4,2234,1286
18599596326,18599596327,1,1377,1004
18602341332,18602341335,3,1465,900
18603151909,18603151913,4,1691,850
18604313327,18604313330,3,1719,1146
18605900746,18605900752,6,683,280
18606860066,18606860069,3,2150,1517
18607840175,18607840180,5,1749,1091
18609979541,18609979542,1,2205,3082
18611880138,18611880143,5,1436,1156
18624370349,18624370353,4,2783,1748
18624915910,18624915913,3,1605,1632
18625024962,18625024966,4,2547,1809
18625941830,18625941834,4,1893,1584
18626211187,18626211193,6,4008,2071
18628234417,18628234419,2,1191,1142
18630233185,18630233205,20,998,361
18632331281,18632331285,4,2044,1255
18634851948,18634851953,5,3128,1935
18636202819,18636202822,3,2508,1034
18641115950,18641115954,4,1562,1340
18646564836,18646564839,3,1397,911
18648959801,18648959806,5,2611,1413
18656917350,18656917355,5,1790,1343
18662651430,18662651434,4,1367,1080
18665161337,18665161342,5,1110,872
18665650127,18665650133,6,1897,1035
18666298014,18666298018,4,2573,1586
18674476526,18674476530,4,3094,1706
18675468730,18675468733,3,2039,1811
18676456706,18676456711,5,2629,1630
18676699015,18676699018,3,2453,1588
18681016410,18681016415,5,2651,1569
18682633834,18682633838,4,1022,697
18685252572,18685252574,2,1454,1206
18686252986,18686252989,3,1492,1373
18687877684,18687877690,6,1548,1003
18692999669,18692999668,-1,1553,1950
18697056677,18697056678,1,1904,1305
18698937342,18698937345,3,2193,1401
18700801402,18700801408,6,2743,1871
18704797676,18704797680,4,2263,1226
18706870930,18706870933,3,1772,1014
18710414997,18710415001,4,1320,1059
18711074698,18711074706,8,2036,1296
18711834841,18711834838,-3,684,1307
18714007603,18714007605,2,1101,1534
18715605767,18715605765,-2,1378,2563
18719862898,18719862904,6,2391,1535
18721675910,18721675915,5,3277,1780
18722847897,18722847901,4,1501,1470
18725954282,18725954289,7,3094,1263
18726380768,18726380789,21,2834,1321
18728734541,18728734549,8,1574,969
18729754476,18729754479,3,1576,1159
18731265386,18731265390,4,1791,1412
18731310910,18731310913,3,3206,1010
18732898266,18732898270,4,1530,1056
18733999982,18733999986,4,3504,1816
18735939904,18735939907,3,2029,1366
18736094946,18736094950,4,2370,1643
18737844118,18737844122,4,1853,1542
18741009455,18741009459,4,1580,1387
18741361262,18741361262,0,666,1029
18741615355,18741615361,6,2184,1336
18744582753,18744582759,6,1368,759
18751680395,18751680399,4,2066,1264
18755339502,18755339506,4,2498,1514
18756075609,18756075614,5,2356,1475
18756440030,18756440033,3,3049,2224
18757720909,18757720914,5,1734,1356
18758789234,18758789239,5,2158,1213
18758842593,18758842602,9,1233,856
18764210911,18764210915,4,2722,1678
18768701833,18768701843,10,13153,35032
18769261778,18769261783,5,2577,1249
18778249981,18778249985,4,1289,958
18780059169,18780059173,4,2675,1445
18783465105,18783465110,5,1404,1013
18783808451,18783808455,4,1604,1172
18784262477,18784262499,22,632,1075
18784672180,18784672182,2,1549,1396
18789097934,18789097938,4,2866,1779
18793380174,18793380180,6,2680,1358
18797598777,18797598794,17,1213,996
18798175819,18798175822,3,2877,2108
18802786161,18802786161,0,1119,997
18803100141,18803100146,5,1889,1491
18804515582,18804515587,5,2004,1263
18805832330,18805832333,3,1454,855
18806202589,18806202595,6,1363,1120
18807407957,18807407962,5,1251,1304
18808393326,18808393329,3,2211,1604
18811576233,18811576239,6,2358,1637
18813172457,18813172459,2,2390,1498
18814253422,18814253423,1,2403,1843
18816321045,18816321048,3,1818,1641
18818833438,18818833439,1,1059,1154
18823701452,18823701445,-7,35601,14871
18825336245,18825336249,4,1943,1071
18825652745,18825652747,2,1512,849
18828750286,18828750289,3,980,924
18830846350,18830846354,4,2106,1278
18831021949,18831021954,5,1358,1228
18832056844,18832056851,7,1300,948
18832579059,18832579064,5,1949,1547
18842652673,18842652677,4,2028,1585
18846804451,18846804467,16,2321,1396
18846943643,18846943648,5,1832,1747
18847514460,18847514465,5,1735,950
18851935940,18851935942,2,2172,993
18853452090,18853452095,5,1667,1465
18854047018,18854047018,0,1424,1405
18854448322,18854448326,4,1948,1617
18854733813,18854733817,4,1879,874
18854872989,18854872994,5,2290,1150
18857609412,18857609416,4,2059,1752
18858137998,18858137979,-19,1518,904
18858255497,18858255502,5,2429,1824
18864830561,18864830565,4,54050,35797
18866414249,18866414253,4,2683,1258
18867225816,18867225821,5,1441,1086
18867488456,18867488456,0,2090,2587
18876883438,18876883443,5,2005,1184
18878203059,18878203063,4,2225,1201
18881302026,18881302023,-3,2281,4346
18895794002,18895794010,8,2976,1188
18896695037,18896695042,5,1882,1554
18897399416,18897399419,3,5157,3846
18898729468,18898729470,2,1707,1438
18899540311,18899540317,6,2270,1394
18904487350,18904487354,4,1929,1082
18905381134,18905381139,5,1488,1400
18906133887,18906133891,4,1967,980
18907416739,18907416745,6,2316,1186
18908540909,18908540926,17,1780,926
18909689078,18909689081,3,2168,1296
18913576912,18913576917,5,1905,1181
18918548622,18918548625,3,1698,1533
18921776630,18921776631,1,5914,6356
18924569858,18924569862,4,2033,1442
18926307314,18926307317,3,2417,1547
18929732310,18929732315,5,1569,1681
18930004066,18930004066,0,2398,2673
18930560897,18930560902,5,2201,1365
18934932749,18934932751,2,1287,1004
18936181079,18936181063,-16,1805,1525
18939538701,18939538706,5,2497,1415
18940642870,18940642875,5,2462,1298
18940938643,18940938621,-22,906,369
18943825806,18943825810,4,1233,817
18944466966,18944466970,4,2092,1895
18945822406,18945822390,-16,1414,1264
18950263843,18950263850,7,7110,2961
18951140315,18951140318,3,2388,1201
18956509199,18956509206,7,2384,1595
18957172658,18957172664,6,1664,1240
18960118489,18960118494,5,2206,1321
18965252516,18965252519,3,2604,1791
18966097487,18966097491,4,2463,1713
18967391106,18967391110,4,2072,1169
18969162404,18969162410,6,1495,996
18969862482,18969862487,5,2156,1482
18971738502,18971738506,4,2267,1444
18975409451,18975409447,-4,1043,3993
18978388950,18978388955,5,1585,900
18978939185,18978939187,2,1396,1561
18980918875,18980918879,4,1954,1419
18982109086,18982109090,4,2887,1330
18983399982,18983399986,4,2502,1421
18984517422,18984517427,5,2411,996
18988767537,18988767545,8,2170,1111
18989486050,18989486057,7,2443,1145
18993152410,18993152414,4,1816,1632
18995126473,18995126477,4,2457,1731
18995368244,18995368246,2,1677,1670
18996659499,18996659504,5,3063,1707
18996689350,18996689351,1,1339,1033
18997829471,18997829475,4,1801,1099
18999826580,18999826579,-1,1885,1990
19000029282,19000029286,4,1311,1168
19004239624,19004239631,7,2287,1227
19007777374,19007777378,4,1859,1363
19009976556,19009976559,3,1719,997
19013428982,19013428986,4,2597,1600
19014047152,19014047155,3,1645,1052
19014821390,19014821394,4,2321,1851
19015007651,19015007655,4,3290,1156
19015714003,19015714007,4,2036,1309
19015781293,19015781299,6,2628,1245
19016723091,19016723093,2,2317,1799
19017303763,19017303770,7,2002,976
19021846090,19021846094,4,2075,1745
19024030848,19024030854,6,1357,1161
19026732078,19026732082,4,1796,1673
19027817446,19027817451,5,1728,1406
19028859690,19028859695,5,1861,1348
19031978754,19031978756,2,1303,1363
19032040714,19032040719,5,2378,1154
19032990590,19032990595,5,1284,1179
19034719662,19034719666,4,1896,1452
19037304275,19037304278,3,2237,1353
19038105255,19038105259,4,1614,855
19038578824,19038578826,2,1582,1738
19040825609,19040825614,5,1486,970
19042827534,19042827532,-2,1478,2272
19044482914,19044482919,5,2392,1246
19047399375,19047399381,6,3204,1409
19051724833,19051724838,5,1864,940
19053715418,19053715423,5,1907,1295
19054275300,19054275305,5,2427,1604
19056762754,19056762759,5,2006,1394
19059981956,19059981960,4,2887,1261
19062384944,19062384946,2,1619,1942
19062905454,19062905458,4,2355,1333
19063139554,19063139562,8,1868,1122
19069952919,19069952924,5,1550,619
19070189187,19070189182,-5,1259,4239
19070855281,19070855284,3,1835,1199
19071112506,19071112510,4,1854,1116
19073148154,19073148159,5,1420,954
19085813078,19085813082,4,2090,1193
19086704586,19086704590,4,1447,1557
19097074697,19097074702,5,2048,980
19097776431,19097776439,8,2665,1501
19098568770,19098568750,-20,643,184
19099769758,19099769764,6,4009,1660
19104187371,19104187378,7,2263,1214
19107313837,19107313839,2,1613,1183
19109771073,19109771077,4,2322,1834
19110882700,19110882703,3,1397,1246
19112752927,19112752930,3,1765,1675
19112905398,19112905403,5,1882,1311
19113555650,19113555654,4,1986,1211
19115330709,19115330713,4,1710,1203
19115583714,19115583715,1,1568,1204
19116665375,19116665379,4,2190,1349
19119893806,19119893812,6,948,1013
19126228437,19126228442,5,1802,1684
19127510411,19127510415,4,2686,1071
19133672042,19133672047,5,1201,989
19134679477,19134679479,2,2054,1164
19135583609,19135583611,2,2403,1634
19139313705,19139313708,3,2164,980
19144876499,19144876502,3,1707,804
19145200771,19145200774,3,953,893
19146132092,19146132110,18,1972,7576
19147460617,19147460620,3,1447,1329
19164834453,19164834458,5,2735,2159
19165131710,19165131715,5,1851,1249
19165168906,19165168886,-20,717,256
19168282134,19168282152,18,2124,1049
19169084332,19169084350,18,1247,1156
19169316715,19169316718,3,2084,1241
19170046882,19170046887,5,1424,1165
19170636882,19170636886,4,2098,1651
19177943113,19177943111,-2,625,905
19178107614,19178107616,2,2610,1038
19182415199,19182415202,3,2644,1673
19183366462,19183366467,5,2574,1863
19188319021,19188319027,6,2759,1358
19189225955,19189225958,3,1486,1535
19189702200,19189702203,3,2542,1702
19191196243,19191196246,3,1814,1040
19192304609,19192304611,2,941,611
19198919182,19198919164,-18,609,359
19200475453,19200475458,5,2316,1122
19203268326,19203268342,16,1606,1142
19203939715,19203939719,4,2001,1567
19207891144,19207891149,5,2301,1544
19210184273,19210184277,4,3096,1921
19213238817,19213238810,-7,1167,3900
19216122987,19216122991,4,2298,1494
19222571777,19222571780,3,1911,1935
19224528281,19224528286,5,1356,1222
19226372863,19226372866,3,1666,1198
19230107262,19230107266,4,2626,1599
19230285444,19230285447,3,1611,1256
19234246801,19234246807,6,1928,1253
19238063352,19238063351,-1,963,1070
19238476922,19238476926,4,1362,1135
19240269992,19240269997,5,2211,1702
19244248686,19244248690,4,2770,1844
19245747614,19245747621,7,1770,904
19258679388,19258679393,5,2863,1600
19265638546,19265638551,5,2065,964
19265936895,19265936900,5,2005,1167
19269007978,19269007981,3,3148,1579
19269146172,19269146178,6,1670,673
19278923114,19278923117,3,2298,1449
19286005753,19286005758,5,1409,1026
19294448406,19294448410,4,1839,2034
19294758967,19294758979,12,11073,38849
19299737639,19299737643,4,1474,1517
19300165270,19300165275,5,859,824
19300706091,19300706089,-2,1257,2256
19302054306,19302054310,4,2456,1730
19306597749,19306597753,4,1991,1426
19307579006,19307579009,3,3002,2181
19308993078,19308993084,6,1372,1040
19309522930,19309522934,4,1865,999
19309727498,19309727501,3,1944,1371
19310306354,19310306359,5,1963,1161
19311218739,19311218744,5,2558,1224
19317845407,19317845410,3,2507,1812
19318192304,19318192307,3,1725,1049
19320409074,19320409077,3,3215,1813
19321722849,19321722851,2,2023,1313
19324320366,19324320370,4,1530,1269
19324554842,19324554845,3,2000,1456
19330092214,19330092219,5,2368,1334
19330261887,19330261892,5,1879,1486
19332117550,19332117555,5,2477,1402
19333229170,19333229175,5,1677,1055
19336972709,19336972712,3,8464,22224
19341192039,19341192043,4,2343,1006
19342832762,19342832765,3,1379,1428
19343094328,19343094340,12,1810,1182
19343381413,19343381418,5,1965,901
19345740290,19345740295,5,1886,1333
19346031199,19346031203,4,3786,2469
19348096974,19348096979,5,2029,1293
19349206968,19349206973,5,2044,1404
19360637143,19360637146,3,1873,1334
19360739759,19360739743,-16,1612,1456
19363871803,19363871806,3,1927,1423
19364140035,19364140038,3,1757,1209
19369955465,19369955469,4,1917,1413
19371300729,19371300732,3,2879,1453
19372367770,19372367774,4,2559,1294
19373592898,19373592902,4,2105,1485
19376062819,19376062823,4,1298,1151
19379554267,19379554270,3,1519,988
19385711798,19385711805,7,1622,1592
19386027208,19386027213,5,2431,1042
19388471418,19388471427,9,1282,937
19388885342,19388885346,4,2548,812
19400019705,19400019701,-4,1374,2821
19400509275,19400509279,4,2007,1408
19403955742,19403955743,1,652,577
19404247517,19404247520,3,1495,1727
19405529122,19405529126,4,2025,1300
19406785134,19406785118,-16,1361,1054
19407045094,19407045078,-16,1814,1471
19409357611,19409357616,5,1796,1014
19411798402,19411798407,5,2376,1740
19414800095,19414800099,4,1907,1286
19416643005,19416643006,1,1291,967
19423558127,19423558134,7,2134,1182
19427396959,19427396955,-4,592,1162
19432566457,19432566463,6,2158,1178
19437138674,19437138678,4,1865,1156
19438837651,19438837652,1,2155,1174
19439674510,19439674514,4,1825,1335
19441144952,19441144956,4,2409,1650
19443683189,19443683193,4,1422,1147
19444449977,19444449981,4,2154,1586
19445794015,19445794018,3,1916,1362
19447332409,19447332411,2,1257,934
19447766068,19447766074,6,2506,1513
19449020883,19449020886,3,1725,959
19451141851,19451141854,3,2279,1075
19454434818,19454434823,5,1892,1352
19456662667,19456662644,-23,636,657
19458513333,19458513338,5,2803,1723
19463848877,19463848883,6,5365,1478
19466745509,19466745506,-3,2602,4568
19473169047,19473169049,2,1903,1195
19477208402,19477208406,4,1416,1079
19480068198,19480068203,5,1869,1120
19481123329,19481123334,5,1990,1517
19482148826,19482148819,-7,1146,5998
19482642573,19482642576,3,2370,1470
19484313107,19484313111,4,2689,2017
19485564890,19485564894,4,2046,1332
19487020960,19487020964,4,1676,1339
19491074561,19491074543,-18,947,943
19494730305,19494730311,6,2347,1223
19496024432,19496024435,3,2022,1302
19497056030,19497056035,5,1809,1306
19503590941,19503590945,4,2198,1352
19504068130,19504068135,5,2448,1779
19504789667,19504789671,4,1824,1299
19506256090,19506256086,-4,1166,4134
19506491644,19506491639,-5,2341,6101
19509494243,19509494248,5,1722,1650
19510481165,19510481151,-14,2869,1321
19511084318,19511084321,3,1880,1657
19512920660,19512920663,3,1948,1144
19516615982,19516615986,4,1671,1310
19518822597,19518822600,3,2223,1360
19520086131,19520086135,4,2563,1327
19520278109,19520278114,5,2197,1022
19521289192,19521289198,6,3702,2215
19521931746,19521931750,4,2310,1414
19530513661,19530513666,5,1061,1106
19538217285,19538217283,-2,846,1502
19543681336,19543681341,5,2308,1619
19544070069,19544070072,3,2017,1030
19544517143,19544517140,-3,1760,3018
19547992377,19547992380,3,1966,1121
19553720349,19553720351,2,1720,1408
19555367212,19555367208,-4,966,3622
19556730270,19556730274,4,1497,1433
19557458292,19557458297,5,2876,1399
19559276932,19559276937,5,2272,1398
19561227134,19561227137,3,1494,1288
19561473078,19561473082,4,2685,1693
19562862142,19562862147,5,2036,1014
19565742786,19565742790,4,2000,1145
19569820392,19569820395,3,1794,984
19576092130,19576092130,0,1365,2771
19576414680,19576414683,3,2062,1112
19576647205,19576647209,4,2541,1460
19581482835,19581482837,2,1048,1067
19591008066,19591008079,13,1412,1124
19592410387,19592410390,3,798,757
19592735982,19592735998,16,1230,862
19595341598,19595341602,4,2141,1039
19596733358,19596733362,4,3282,1723
19597231949,19597231956,7,2421,1714
19600502237,19600502239,2,1597,1661
19602752906,19602752911,5,1719,910
19606335213,19606335218,5,1328,1561
19606563844,19606563845,1,1748,1434
19611146037,19611146043,6,1698,1410
19611323693,19611323699,6,2056,1165
19614550349,19614550354,5,1984,1120
19615573786,19615573789,3,1752,1309
19625016161,19625016162,1,1447,953
19627724586,19627724591,5,1479,1206
19627808397,19627808402,5,1998,1377
19630924354,19630924358,4,1515,1503
19634234351,19634234345,-6,1450,9536
19635222785,19635222790,5,2270,1251
19635256863,19635256867,4,1488,1196
19635588370,19635588375,5,2139,1469
19635752594,19635752597,3,1047,982
19638234736,19638234741,5,2677,1788
19639568569,19639568575,6,2961,1136
19641364240,19641364245,5,2594,1637
19643643545,19643643550,5,1755,1371
19644580832,19644580835,3,1740,1513
19645724212,19645724209,-3,11618,39269
19651782266,19651782266,0,1320,1123
19655244827,19655244833,6,1362,1145
19655312753,19655312775,22,1552,1275
19658143751,19658143756,5,1673,1128
19661465376,19661465381,5,1999,1529
19663554387,19663554391,4,2044,1416
19664719821,19664719827,6,2766,1061
19665436171,19665436175,4,2361,1565
19666663269,19666663273,4,1754,1367
19668949067,19668949070,3,2537,914
19671874562,19671874565,3,2602,1314
19671993452,19671993455,3,2795,1307
19672049081,19672049083,2,1881,1238
19676640163,19676640166,3,1957,1065
19676736067,19676736044,-23,1611,1252
19677456662,19677456666,4,2739,1518
19679072817,19679072822,5,1672,1112
19681367313,19681367317,4,2629,1208
19685100450,19685100453,3,2117,1012
19685593622,19685593630,8,1377,1261
19689495097,19689495101,4,2233,997
19691055943,19691055947,4,2334,1317
19693941378,19693941382,4,1846,1193
19699261367,19699261362,-5,812,3252
19699594625,19699594630,5,3024,2025
19700169142,19700169145,3,1557,751
19700316401,19700316382,-19,2808,1428
19701834018,19701834022,4,2711,1862
19703761121,19703761126,5,2259,1766
19704206629,19704206634,5,2751,1785
19704296962,19704296966,4,1938,1233
19706712774,19706712781,7,2616,1065
19709388978,19709388982,4,2129,1966
19710273658,19710273662,4,2653,1280
19712135651,19712135659,8,2849,1588
19715376482,19715376485,3,1597,1269
19717118899,19717118905,6,10803,22779
19717482361,19717482365,4,2946,1669
19720675694,19720675698,4,1733,1199
19723882327,19723882330,3,1274,1102
19725696191,19725696183,-8,1143,5138
19728734614,19728734618,4,1639,1952
19730355843,19730355847,4,1207,1375
19730923170,19730923174,4,3515,2733
19737170924,19737170927,3,2832,1789
19738023006,19738023010,4,2445,1547
19740063912,19740063915,3,1785,1173
19742224994,19742224995,1,2770,2570
19743972346,19743972354,8,1410,1469
19747530757,19747530759,2,1754,1280
19750808753,19750808754,1,1621,1481
19751189294,19751189298,4,2682,1270
19751655109,19751655113,4,2237,1272
19752113062,19752113061,-1,1632,2318
19752326224,19752326227,3,1857,941
19753444214,19753444219,5,1645,1190
19754315783,19754315786,3,1116,1154
19755513717,19755513722,5,1869,1352
19756018569,19756018575,6,2122,1363
19757375246,19757375251,5,1614,1353
19758793558,19758793561,3,1837,1332
19760880721,19760880723,2,1925,1369
19763100570,19763100551,-19,1542,667
19764434796,19764434802,6,1428,741
19765632387,19765632391,4,1204,984
19767264129,19767264133,4,1905,1466
19767808073,19767808078,5,1583,1086
19768662505,19768662509,4,1801,1421
19768896599,19768896582,-17,2556,1427
19775219277,19775219282,5,1883,1087
19777421467,19777421473,6,1348,1510
19779869963,19779869966,3,2240,1413
19784087438,19784087459,21,678,705
19785735065,19785735068,3,1448,1457
19787333929,19787333930,1,1908,1649
19789140865,19789140872,7,1642,1248
19790437094,19790437101,7,1469,1006
19791350995,19791350999,4,1114,1268
19792479973,19792479977,4,1570,1354
19793868162,19793868166,4,2016,1004
19797795556,19797795562,6,4106,2284
19798045302,19798045307,5,1978,1337
19799790894,19799790898,4,2073,1319
19803532845,19803532849,4,2770,1627
19804653794,19804653799,5,1239,1266
19810458711,19810458696,-15,893,416
19811616603,19811616607,4,1005,751
19813801650,19813801657,7,3965,1060
19815474409,19815474414,5,1812,1230
19815796946,19815796951,5,2112,1159
19816738616,19816738619,3,1864,773
19821845063,19821845067,4,1566,1265
19826229340,19826229342,2,1324,892
19827474305,19827474310,5,1839,1044
19827544429,19827544416,-13,1425,747
19832650381,19832650386,5,2703,1472
19833153481,19833153483,2,1468,1460
19836919003,19836919007,4,1312,896
19838182235,19838182239,4,1447,907
19848577873,19848577879,6,1708,973
19849464454,19849464458,4,1970,810
19850353010,19850353015,5,1503,1210
19851399536,19851399537,1,1164,1310
19855573363,19855573366,3,1573,1030
19859054826,19859054826,0,1458,1519
19862551847,19862551847,0,2719,3400
19865470194,19865470198,4,2017,1355
19866035003,19866034994,-9,783,3997
19868064002,19868063999,-3,19216,12535
19871114314,19871114311,-3,930,1959
19871707594,19871707598,4,2390,1650
19876141649,19876141650,1,1283,719
19879362061,19879362066,5,2187,1457
19879390315,19879390321,6,2185,1222
19879966470,19879966475,5,1925,1667
19883399069,19883399071,2,1213,1398
19884053653,19884053657,4,2820,2863
19884920432,19884920438,6,2172,1504
19892785594,19892785592,-2,1456,2904
19897601443,19897601444,1,634,1205
19908264583,19908264588,5,2237,1346
19910469421,19910469426,5,3344,1545
19911880138,19911880140,2,24176,19048
19917571850,19917571854,4,1454,851
19917996366,19917996371,5,2983,1424
19924632838,19924632844,6,14544,27378
19925680988,19925680991,3,1973,1246
19930269557,19930269562,5,2167,1533
19939141519,19939141522,3,1842,1175
19942377601,19942377605,4,2254,1681
19943812854,19943812858,4,2502,1571
19946379987,19946379990,3,1949,1450
19946753040,19946753022,-18,1827,930
19955268106,19955268108,2,1478,1991
19959617850,19959617854,4,1090,1008
19962696067,19962696071,4,1761,1348
19964027969,19964027973,4,1662,644
19964897395,19964897402,7,1746,1260
19965940731,19965940736,5,2138,940
19967425286,19967425289,3,833,1201
19969408415,19969408418,3,1863,951
19972551522,19972551526,4,2784,1379
19975298341,19975298344,3,2617,1358
19975443491,19975443470,-21,2593,1157
19979743856,19979743859,3,2204,1662
19981224817,19981224819,2,2222,2080
19984560612,19984560616,4,2302,1293
19989545605,19989545610,5,2577,1557
19991327399,19991327404,5,2359,1209
19992680563,19992680566,3,966,986
19996773819,19996773823,4,1017,727
19996818063,19996818067,4,2417,1611
19998226878,19998226882,4,2352,1518
19998926588,19998926593,5,1238,603
20002319924,20002319917,-7,2077,5636
20006223554,20006223559,5,703,657
20006574892,20006574896,4,766,998
20008309243,20008309228,-15,646,306
20009182928,20009182933,5,1141,824
20011179610,20011179614,4,2475,955
20015261133,20015261138,5,1926,947
20015749498,20015749511,13,1799,1220
20018433997,20018433998,1,1777,1576
20018774923,20018774928,5,2149,1423
20019553261,20019553265,4,1529,842
20024052036,20024052040,4,2091,1576
20025526303,20025526309,6,1969,1275
20026671852,20026671857,5,2869,1862
20027021307,20027021306,-1,25715,42706
20027664644,20027664649,5,2258,1400
20032749569,20032749573,4,1755,1237
20033396600,20033396604,4,2180,1414
20036311026,20036311031,5,2486,1882
20038758282,20038758286,4,1751,1428
20041382825,20041382824,-1,1468,1583
20047336456,20047336459,3,2187,1827
20050579636,20050579634,-2,2022,4370
20053190689,20053190694,5,1988,1760
20057127315,20057127319,4,2112,1307
20058851758,20058851761,3,1819,1295
20064114384,20064114387,3,1732,1186
20065144527,20065144532,5,2003,1642
20067856371,20067856375,4,1374,1043
20069411021,20069411027,6,1496,789
20073998263,20073998258,-5,1102,3983
20075397754,20075397759,5,2567,1322
20075868159,20075868158,-1,1967,3411
20078882578,20078882579,1,2117,2004
20079643063,20079643067,4,1707,1624
20083962279,20083962282,3,2619,1535
20084146754,20084146757,3,2499,1343
20090036995,20090036999,4,1922,615
20094685426,20094685433,7,1942,984
20095484252,20095484255,3,1602,1158
20097033213,20097033218,5,2242,1312
20100457549,20100457551,2,1434,1697
20107754302,20107754306,4,1832,1727
20114705558,20114705565,7,2511,1450
20114987177,20114987180,3,1827,1736
20118175227,20118175231,4,1962,1052
20129705189,20129705190,1,1715,2065
20131724443,20131724447,4,1953,1527
20135095392,20135095389,-3,1406,2048
20136986446,20136986438,-8,1083,5825
20137715831,20137715826,-5,1206,4344
20138989354,20138989359,5,1606,1244
20139856938,20139856943,5,2318,1254
20142068271,20142068276,5,1342,1136
20143190297,20143190302,5,1969,1118
20147278569,20147278571,2,1414,912
20150726350,20150726354,4,1884,1044
20154688419,20154688425,6,1617,1040
20157828589,20157828594,5,2251,1654
20158492436,20158492438,2,1908,2217
20159425686,20159425689,3,2557,1625
20160402445,20160402449,4,2169,1191
20167825171,20167825176,5,2230,1428
20168562188,20168562192,4,1764,1151
20170960608,20170960600,-8,3040,16049
20176457979,20176457984,5,1877,1141
20178552838,20178552839,1,1598,1231
20179725246,20179725251,5,1870,1253
20179867619,20179867623,4,1688,955
20181899490,20181899496,6,2443,1588
20184083481,20184083485,4,2217,1567
20184318202,20184318206,4,2042,2137
20184560168,20184560172,4,2297,1303
20187924545,20187924547,2,2281,1278
20188414567,20188414570,3,2489,2081
20194211157,20194211161,4,1912,1051
20196367554,20196367561,7,1776,1261
20199805287,20199805292,5,2467,1580
20201278049,20201278050,1,1943,1240
20201338448,20201338450,2,1812,926
20203174114,20203174119,5,2068,1352
20205113441,20205113447,6,2135,1323
20207604439,20207604443,4,1486,1362
20208671782,20208671785,3,2277,1389
20210098262,20210098265,3,1552,1065
20210836486,20210836492,6,1309,1454
20213638064,20213638069,5,2286,1276
20213846472,20213846475,3,1776,1162
20217150839,20217150845,6,1114,1116
20219168011,20219168014,3,1174,1091
20219404697,20219404702,5,2172,1092
20220647757,20220647759,2,1846,1257
20223456050,20223456055,5,1492,1289
20224165042,20224165046,4,1490,1047
20224559343,20224559346,3,1966,1072
20225600069,20225600070,1,1511,1427
20227051483,20227051486,3,2482,1379
20227391238,20227391242,4,2289,1705
20227979182,20227979200,18,759,361
20232092704,20232092706,2,1606,1304
20234666345,20234666346,1,2301,1509
20235264909,20235264924,15,1909,866
20236926813,20236926819,6,1990,1211
20238286049,20238286053,4,2107,1373
20238323485,20238323488,3,1903,1471
20239874199,20239874203,4,2179,1407
20247156806,20247156807,1,1234,1040
20248746599,20248746603,4,1149,1080
20248941407,20248941411,4,1276,1000
20258198169,20258198172,3,1881,1144
20259311894,20259311900,6,2006,1124
20261059077,20261059064,-13,2348,1073
20263947041,20263947046,5,2348,1431
20264653093,20264653096,3,1763,1086
20265199900,20265199903,3,2178,1174
20268838137,20268838130,-7,903,2540
20270252957,20270252960,3,3106,1819
20271423691,20271423695,4,2384,2532
20272276114,20272276118,4,1643,1446
20282364943,20282364947,4,1389,848
20283035414,20283035419,5,1846,1328
20292486105,20292486113,8,1881,1268
20293657105,20293657110,5,2668,1899
20293698793,20293698795,2,2969,1527
20301142169,20301142173,4,2387,834
20304139570,20304139574,4,2242,1365
20312129181,20312129186,5,2225,1556
20313665540,20313665546,6,2124,1420
20314376692,20314376694,2,1373,1455
20317623993,20317623998,5,2206,1429
20319469398,20319469402,4,2079,1722
20325676166,20325676167,1,1470,1818
20326927317,20326927321,4,1664,1258
20327646906,20327646910,4,2602,1308
20331755066,20331755069,3,2417,1520
20332764630,20332764634,4,2379,1524
20333350862,20333350866,4,3558,2352
20335553589,20335553594,5,1449,849
20335902194,20335902199,5,2100,1372
20336242055,20336242059,4,1923,1024
20336967692,20336967694,2,1483,1987
20344471168,20344471173,5,1837,1387
20344875966,20344875971,5,1280,982
20349264645,20349264648,3,1863,1581
20349489687,20349489693,6,2625,1506
20349910606,20349910611,5,1852,1183
20351279648,20351279650,2,1782,1423
20352417079,20352417081,2,1663,1711
20356080818,20356080819,1,1188,1913
20356956883,20356956879,-4,880,2184
20357330357,20357330362,5,1445,1717
20357747343,20357747347,4,19614,26379
20363794646,20363794649,3,1902,1070
20368016464,20368016470,6,3392,956
20369360465,20369360473,8,2482,1302
20370133538,20370133542,4,2404,932
20370440837,20370440841,4,1706,1326
20371149791,20371149795,4,876,892
20371762306,20371762309,3,1780,1076
20373245051,20373245055,4,2542,1437
20376050789,20376050793,4,2673,1737
20379093950,20379093953,3,1451,1536
20379527725,20379527727,2,1743,1390
20382877037,20382877041,4,2561,1114
20385067506,20385067510,4,2521,1205
20386327275,20386327279,4,1775,765
20386692566,20386692570,4,1509,1253
20386824701,20386824706,5,1496,1306
20386910022,20386910025,3,1554,947
20388000739,20388000741,2,1931,2254
20389362686,20389362689,3,2184,1103
20389639622,20389639626,4,1591,1735
20390495448,20390495452,4,1063,1094
20391032191,20391032198,7,2737,990
20392948090,20392948094,4,2737,1488
20393920905,20393920910,5,1523,1426
20395287285,20395287283,-2,1334,2599
20395452675,20395452678,3,2113,1050
20395554315,20395554318,3,2514,1987
20400281201,20400281205,4,2505,1583
20405134308,20405134313,5,1810,696
20406337562,20406337549,-13,982,148
20407749951,20407749954,3,1415,1086
20410123531,20410123536,5,2413,1809
20410346645,20410346651,6,1697,1097
20410945669,20410945674,5,811,933
20411542574,20411542578,4,2331,1723
20416526766,20416526771,5,1965,1475
20417840338,20417840339,1,1414,1846
20419148897,20419148899,2,2248,1439
20421158254,20421158258,4,2175,1440
20421759355,20421759336,-19,1641,1234
20421813820,20421813823,3,1761,1321
20421948539,20421948542,3,1629,1088
20425074311,20425074313,2,1867,1316
20425387819,20425387825,6,2996,2204
20430355266,20430355270,4,1825,1371
20431992957,20431992954,-3,1901,1286
20433629098,20433629102,4,1891,1323
20443576465,20443576470,5,2481,1467
20445158051,20445158053,2,1718,1020
20445695693,20445695697,4,895,947
20449548426,20449548429,3,2335,1523
20454410674,20454410676,2,1409,1375
20456792190,20456792195,5,2639,1995
20460627412,20460627414,2,1942,1251
20467573415,20467573419,4,1744,1017
20469675797,20469675781,-16,1388,689
20470387781,20470387783,2,1602,1171
20471150480,20471150484,4,1192,807
20472201868,20472201873,5,2360,1260
20475671357,20475671361,4,2160,1105
20476126746,20476126745,-1,1061,1938
20477967599,20477967603,4,1957,1365
20483275043,20483275040,-3,1700,3759
20486740146,20486740150,4,2345,847
20488317978,20488317981,3,2581,1909
20489512516,20489512521,5,2292,1646
20491728514,20491728510,-4,30427,12469
20494271325,20494271330,5,1499,819
20494486869,20494486871,2,1779,1260
20495205867,20495205876,9,2140,1539
20498945574,20498945578,4,2039,1513
20500416279,20500416283,4,1835,1600
20500793729,20500793731,2,1964,1042
20505505092,20505505094,2,847,1157
20507825198,20507825201,3,695,999
20508540957,20508540959,2,1536,1265
20519643154,20519643158,4,1877,1121
20521057254,20521057258,4,2856,1606
20525284622,20525284627,5,2163,1158
20525466569,20525466573,4,1961,1389
20529902999,20529902993,-6,11455,15121
20531379058,20531379062,4,2733,1604
20537195465,20537195471,6,1932,1156
20543751809,20543751814,5,2446,1324
20545057453,20545057458,5,1953,1134
20545695892,20545695894,2,2154,1993
20546120291,20546120294,3,1983,1152
20546413557,20546413559,2,1621,1523
20549270726,20549270731,5,2523,1430
20551060495,20551060500,5,2326,1344
20553556530,20553556535,5,2771,1019
20554625091,20554625093,2,4146,5146
20557464165,20557464166,1,2246,1661
20557611042,20557611048,6,2141,1061
20557687027,20557687006,-21,818,210
20559977235,20559977239,4,2819,1683
20560089141,20560089142,1,27503,17195
20560933968,20560933973,5,1839,1145
20563379685,20563379690,5,2420,1259
20566457691,20566457697,6,1670,1426
20567756828,20567756830,2,1904,1456
20568655267,20568655273,6,1482,874
20569314055,20569314059,4,1348,1202
20569939519,20569939523,4,1867,1091
20573456389,20573456394,5,1864,1209
20574185006,20574185010,4,1916,1260
20576281585,20576281590,5,2218,1485
20576997727,20576997732,5,1818,1557
20579310449,20579310453,4,1332,781
20579379675,20579379680,5,1442,994
20586831513,20586831521,8,4320,1132
20589286200,20589286200,0,1022,20577
20591191202,20591191185,-17,3283,1125
20594541084,20594541086,2,1167,1192
20595330625,20595330630,5,1560,708
20599439215,20599439218,3,2648,1727
20600978505,20600978509,4,1339,1096
20603666529,20603666533,4,2365,1217
20608659215,20608659213,-2,1552,2745
20612259227,20612259238,11,10212,31161
20613802758,20613802761,3,2154,954
20614327918,20614327922,4,2113,1377
20615990946,20615990950,4,2306,986
20617028310,20617028314,4,1652,1500
20617229087,20617229072,-15,2115,1429
20619706602,20619706607,5,1750,852
20624518160,20624518166,6,1953,1288
20624754289,20624754300,11,2283,1360
20625217067,20625217047,-20,936,916
20625740159,20625740141,-18,2415,1262
20631817179,20631817160,-19,1686,1017
20634888653,20634888655,2,1691,1222
20635162825,20635162827,2,3820,2208
20635583817,20635583821,4,1972,1412
20636291045,20636291049,4,1405,1208
20637128074,20637128078,4,1638,1566
20638170998,20638171002,4,1748,972
20641953502,20641953506,4,2210,1338
20647878930,20647878933,3,3812,2997
20649767034,20649767035,1,1599,1054
20650575766,20650575770,4,1956,776
20653060842,20653060847,5,1477,958
20655749281,20655749287,6,1887,1273
20657524134,20657524138,4,41045,3700
20659444183,20659444187,4,2189,1665
20659585207,20659585212,5,1888,1288
20659620199,20659620184,-15,1853,1251
20661462325,20661462330,5,3439,1147
20662347446,20662347450,4,708,557
20668770354,20668770359,5,1585,1603
20673022215,20673022217,2,1778,1550
20675401997,20675401999,2,1420,1016
20676705621,20676705603,-18,1789,750
20678371862,20678371869,7,3145,1247
20679668161,20679668165,4,1930,1854
20681682354,20681682354,0,1294,1422
20684090241,20684090238,-3,2999,4870
20694257891,20694257895,4,1979,1368
20699582074,20699582076,2,1368,1087
20703504685,20703504688,3,2193,1207
20706992218,20706992222,4,1965,1653
20708054815,20708054810,-5,16185,63788
20708349610,20708349615,5,2427,1152
20712050995,20712051000,5,2046,1456
20715490782,20715490786,4,1700,1121
20718774098,20718774102,4,1894,1026
20719008950,20719008954,4,2474,1341
20719663273,20719663278,5,3088,1557
20721518729,20721518733,4,1368,1105
20726510471,20726510475,4,1844,1615
20727451038,20727451042,4,2352,1721
20727821478,20727821482,4,2048,1136
20728096035,20728096016,-19,2187,1492
20728129709,20728129715,6,2519,1657
20728486405,20728486409,4,5969,21363
20729651936,20729651936,0,1942,3138
20730468723,20730468726,3,1762,1285
20731860513,20731860513,0,1657,2194
20731981746,20731981749,3,2516,1559
20737582766,20737582766,0,1368,848
20747465640,20747465646,6,4826,2025
20748805322,20748805327,5,1606,1359
20749713836,20749713842,6,2162,1229
20750308905,20750308910,5,1747,1081
20756493845,20756493851,6,1979,1088
20757936452,20757936457,5,1342,1219
20761755487,20761755480,-7,1185,4641
20768566576,20768566578,2,1126,902
20781543869,20781543875,6,1863,1077
20781591765,20781591750,-15,1431,885
20785063776,20785063778,2,1640,1579
20785831141,20785831137,-4,1264,2239
20787227268,20787227270,2,1858,1168
20787556178,20787556184,6,1395,1798
20787952398,20787952401,3,1967,1351
20791609293,20791609297,4,1844,1470
20792126150,20792126155,5,1383,1363
20794060795,20794060799,4,2408,1552
20794196914,20794196919,5,1339,710
20795916407,20795916410,3,1513,1158
20797337066,20797337069,3,2589,1504
20797823023,20797823028,5,1633,1134
20800204177,20800204185,8,1793,1052
20801188301,20801188305,4,2097,1051
20803016962,20803016957,-5,20459,14977
20805713045,20805713050,5,2142,1547
20807318798,20807318801,3,1194,1154
20809236594,20809236598,4,2038,863
20809492382,20809492379,-3,1328,2790
20811757374,20811757379,5,2433,1336
20816511567,20816511573,6,1725,1523
20817107119,20817107121,2,1549,1188
20817488590,20817488599,9,7321,28237
20817721982,20817721986,4,2096,1330
20819198193,20819198197,4,2203,1121
20819691252,20819691248,-4,5764,15349
20821436203,20821436206,3,1287,1232
20827405502,20827405502,0,1357,1559
20829948274,20829948274,0,926,1539
20830647136,20830647138,2,2198,1868
20838002051,20838002054,3,2798,1771
20838516505,20838516510,5,1817,1083
20838686229,20838686216,-13,1419,855
20839390856,20839390858,2,2285,1469
20839934502,20839934506,4,2346,1444
20839972051,20839972062,11,2199,1463
20842733993,20842733998,5,22035,38678
20842833178,20842833191,13,1306,1100
20844900830,20844900834,4,1878,1316
20845317058,20845317065,7,1703,983
20847191430,20847191434,4,1009,885
20852082297,20852082301,4,2451,1536
20852225797,20852225801,4,2091,1292
20855554849,20855554852,3,1728,1308
20860084898,20860084901,3,1704,1311
20860970383,20860970387,4,1751,996
20861517189,20861517193,4,1968,1217
20862522041,20862522045,4,2933,1854
20862642506,20862642510,4,2230,1780
20865318774,20865318778,4,1474,1390
20868055066,20868055071,5,1999,1496
20873503506,20873503511,5,1735,1407
20875288050,20875288054,4,1978,1371
20878907300,20878907307,7,2189,1071
20881974351,20881974354,3,1714,1554
20882676116,20882676121,5,1632,1298
20882708592,20882708598,6,1283,919
20890179330,20890179333,3,1174,900
20892420718,20892420722,4,1984,1633
20893519838,20893519847,9,1748,1038
20894440641,20894440623,-18,2480,1204
20895219630,20895219635,5,1555,966
20899323138,20899323143,5,1902,1377
20899736865,20899736869,4,3056,1145
20902045378,20902045383,5,2224,1433
20903367614,20903367622,8,2917,1162
20904522752,20904522766,14,11625,45872
20904825509,20904825513,4,1322,1138
20907987459,20907987463,4,1845,1115
20911987645,20911987647,2,1401,1351
20914016439,20914016444,5,2426,1352
20915715487,20915715491,4,1643,1219
20916637407,20916637410,3,2707,1476
20917100129,20917100131,2,2247,1341
20922758893,20922758897,4,2211,1332
20923848878,20923848883,5,833,638
20927400742,20927400745,3,1667,1508
20927480037,20927480042,5,2109,1401
20927804743,20927804747,4,2756,1096
20928714159,20928714162,3,2309,1738
20929340330,20929340334,4,1810,1090
20929410993,20929411013,20,1480,1303
20931274666,20931274671,5,2028,1088
20931498160,20931498166,6,3469,1321
20931922793,20931922796,3,1407,877
20934311216,20934311220,4,2152,1847
20936196514,20936196518,4,1921,1436
20936620157,20936620162,5,1087,1042
20936689118,20936689113,-5,1077,3602
20936813344,20936813350,6,2562,1378
20938272506,20938272510,4,2128,1741
20938881410,20938881414,4,1762,1236
20941587327,20941587331,4,1766,1500
20941847656,20941847661,5,1262,1245
20944136853,20944136858,5,2593,1605
20944933638,20944933643,5,3223,1320
20945120838,20945120844,6,3140,1852
20945599330,20945599334,4,2635,1472
20946268919,20946268924,5,1636,1151
20948029490,20948029494,4,2447,1825
20948220906,20948220911,5,2705,1512
20948267010,20948267014,4,2549,1386
20949327832,20949327835,3,1834,1158
20951379977,20951379985,8,10274,21655
20952691924,20952691929,5,2327,1564
20955794526,20955794532,6,1868,1406
20958862093,20958862098,5,2897,1583
20958947417,20958947418,1,1139,664
20964046924,20964046926,2,2089,1289
20971320188,20971320192,4,1705,1354
20974294450,20974294453,3,1852,1365
20974841386,20974841373,-13,146,1327
20976742078,20976742081,3,1533,840
20979184605,20979184609,4,2860,1583
20981404433,20981404438,5,3064,1342
20982832106,20982832112,6,2346,1289
20983227726,20983227730,4,1887,1219
20983288993,20983289001,8,3244,1195
20983387906,20983387908,2,1503,1443
20984614750,20984614754,4,1784,1268
20985126847,20985126851,4,2298,2134
20995843321,20995843323,2,1344,1226
20996333543,20996333549,6,1526,1391
20999023932,20999023938,6,2025,1896
20999775399,20999775407,8,3054,1266
21000989159,21000989162,3,1999,1138
21006812619,21006812624,5,2180,1562
21013053458,21013053462,4,1932,1585
21014496312,21014496319,7,1671,718
21017058934,21017058926,-8,1791,9047
21018234231,21018234237,6,2439,1600
21018355772,21018355775,3,2203,1090
21019413062,21019413048,-14,1760,918
21019535834,21019535838,4,2127,1144
21022096038,21022096042,4,1668,911
21022169659,21022169653,-6,1036,3794
21023145154,21023145157,3,1494,630
21024234350,21024234353,3,2933,1947
21028661657,21028661660,3,3085,2682
21030914527,21030914533,6,1323,998
21031865014,21031865018,4,2209,1348
21032568161,21032568166,5,2459,1498
21033390005,21033390009,4,2419,1846
21033460198,21033460202,4,2771,1617
21034528471,21034528476,5,2005,1411
21035503912,21035503914,2,1114,850
21036137530,21036137535,5,1157,777
21042163333,21042163330,-3,1176,3441
21042221258,21042221263,5,2627,1288
21044246951,21044246954,3,1569,1038
21045861269,21045861273,4,1857,1291
21046252394,21046252398,4,2683,1703
21047690179,21047690183,4,2422,1360
21053980546,21053980543,-3,824,982
21060080666,21060080672,6,2647,1806
21063205400,21063205405,5,1665,1327
21063840923,21063840902,-21,720,681
21065073544,21065073548,4,2499,1552
21068790448,21068790443,-5,1916,4067
21076187246,21076187253,7,1771,1255
21076655677,21076655662,-15,1925,1118
21078015346,21078015350,4,2074,1266
21078052622,21078052628,6,1731,1451
21079036364,21079036366,2,2149,1614
21080367614,21080367618,4,2025,1056
21085196074,21085196078,4,2133,1321
21086104437,21086104441,4,1647,1610
21089644874,21089644876,2,2498,2230
21091774144,21091774147,3,2088,1630
21091808722,21091808726,4,2738,1105
21092156809,21092156813,4,1742,1060
21092785963,21092785966,3,2070,1156
21093494776,21093494758,-18,1869,1249
21094903183,21094903186,3,1915,1538
21096264666,21096264673,7,4741,1979
21098129873,21098129875,2,1837,1544
21103451536,21103451543,7,2528,1328
21104918979,21104918982,3,1640,1148
21105357903,21105357906,3,1844,1003
21107368174,21107368176,2,2422,1953
21108099415,21108099419,4,1945,1375
21109282489,21109282493,4,1739,1307
21109709331,21109709334,3,1666,926
21110828109,21110828096,-13,2434,708
21111627202,21111627208,6,2036,1268
21111909368,21111909373,5,1730,1382
21112827773,21112827779,6,2163,1513
21112869146,21112869126,-20,1397,652
21113277462,21113277465,3,2411,1625
21114880503,21114880507,4,1062,1171
21120435722,21120435726,4,2132,1137
21122043209,21122043214,5,2719,1330
21123691306,21123691312,6,2391,1529
21124398203,21124398184,-19,2824,1340
21126020733,21126020738,5,2142,1751
21132321743,21132321745,2,1788,1809
21135033311,21135033317,6,2191,1060
21136427521,21136427522,1,2060,1407
21136772642,21136772639,-3,1481,2492
21144120614,21144120610,-4,2461,5025
21144534081,21144534087,6,1633,1075
21147558481,21147558484,3,1883,1128
21148195683,21148195687,4,2097,1614
21151086270,21151086270,0,1562,2097
21152642610,21152642616,6,2174,1612
21154566117,21154566122,5,2722,1668
21166034619,21166034623,4,2811,1903
21167595962,21167595967,5,1834,1425
21168649212,21168649214,2,2688,1439
21171021525,21171021529,4,1317,848
21171313612,21171313619,7,1563,1278
21174092538,21174092541,3,2035,1322
21180467645,21180467649,4,1848,1259
21182102953,21182102955,2,984,974
21184082832,21184082836,4,2035,1068
21193318226,21193318230,4,2089,1416
21193836344,21193836347,3,2659,1540
21194761902,21194761909,7,2785,1438
21195537346,21195537349,3,1773,1306
21196848754,21196848758,4,1602,1015
21198808994,21198808997,3,1108,784
21201205531,21201205533,2,1351,675
21201694782,21201694787,5,2510,988
21202058491,21202058494,3,720,638
21202766295,21202766279,-16,1980,1054
21203332847,21203332852,5,1557,1541
21203364071,21203364078,7,1086,1351
21204906985,21204906990,5,1868,1056
21205016610,21205016611,1,1930,1515
21206146251,21206146255,4,1639,1392
21211801699,21211801702,3,1799,1095
21214166833,21214166838,5,1734,812
21214239315,21214239294,-21,1896,1349
21215251711,21215251714,3,2191,1633
21231541613,21231541595,-18,1671,970
21231718074,21231718087,13,1288,1395
21235700210,21235700215,5,1702,1025
21235923563,21235923583,20,1721,715
21239562431,21239562435,4,1256,1089
21243981026,21243981030,4,1394,1038
21246878095,21246878102,7,1636,1291
21247804145,21247804150,5,3222,1294
21250543734,21250543739,5,1944,1706
21251079549,21251079551,2,2235,1121
21251682888,21251682891,3,1505,1131
21253005023,21253005027,4,2177,1372
21255709769,21255709775,6,2391,1380
21256276366,21256276371,5,2128,1068
21258874550,21258874554,4,2023,1210
21260979016,21260979020,4,1500,1216
21264672297,21264672302,5,2017,1338
21265237545,21265237525,-20,1794,1504
21266024443,21266024446,3,2433,903
21271469539,21271469543,4,2222,1690
21272409454,21272409457,3,892,766
21274142492,21274142496,4,2583,1845
21274363342,21274363347,5,2020,1129
21275061476,21275061478,2,1706,960
21278783484,21278783487,3,2560,1635
21280614526,21280614530,4,1449,990
21284906168,21284906173,5,2501,1430
21289505324,21289505330,6,2271,868
21290724660,21290724666,6,2133,1415
21292282144,21292282147,3,2118,1432
21296917977,21296917981,4,2320,1875
21298142164,21298142166,2,2223,2348
21298928613,21298928617,4,2910,1449
21302343678,21302343673,-5,30906,12763
21302521566,21302521571,5,1856,1060
21303507898,21303507902,4,1521,921
21306590620,21306590623,3,1302,1191
21310291093,21310291098,5,2017,1055
21313318709,21313318713,4,3089,2028
21314913128,21314913130,2,2332,1103
21315238403,21315238406,3,1409,1198
21315968199,21315968202,3,1776,1771
21320408273,21320408274,1,1845,1313
21322742130,21322742134,4,1945,1163
21327114420,21327114425,5,1468,1387
21329833316,21329833318,2,1621,1440
21331309944,21331309946,2,1124,1091
21333084562,21333084567,5,2227,1573
21336926905,21336926911,6,1767,1378
21341126461,21341126465,4,1762,1142
21344937238,21344937236,-2,1526,2196
21345513406,21345513410,4,2160,1298
21345769460,21345769463,3,1836,1025
21346611828,21346611832,4,1582,1493
21347539489,21347539494,5,1651,1009
21348513805,21348513810,5,2688,1137
21349368477,21349368481,4,1999,1367
21352692359,21352692362,3,2866,1992
21352845054,21352845060,6,3176,1770
21353997371,21353997374,3,867,881
21358682203,21358682206,3,1883,1425
21371934636,21371934640,4,1775,1269
21372303992,21372303973,-19,1414,1108
21373457006,21373457012,6,2018,1751
21374405789,21374405791,2,1302,1101
21378282369,21378282363,-6,1308,1679
21381488018,21381488026,8,4607,1612
21383341018,21383341021,3,2118,1787
21385230036,21385230038,2,2246,1337
21386609102,21386609106,4,1728,982
21387230358,21387230340,-18,612,332
21387270076,21387270081,5,2191,1435
21387850210,21387850214,4,2743,1444
21388537769,21388537774,5,859,908
21394561205,21394561210,5,2448,1076
21394638320,21394638318,-2,561,220
21395226722,21395226727,5,1638,1089
21396393118,21396393122,4,1586,1029
21399246833,21399246835,2,1675,1028
21399340785,21399340790,5,2709,1582
21399575442,21399575446,4,1577,1141
21399755782,21399755786,4,673,1039
21403918242,21403918245,3,1990,1311
21406603673,21406603674,1,1932,1038
21407591989,21407591992,3,2174,1391
21408232692,21408232695,3,1933,1355
21412145401,21412145399,-2,2169,3843
21412454902,21412454905,3,959,925
21416388466,21416388471,5,1218,1302
21417084893,21417084893,0,1660,2228
21417294770,21417294773,3,1241,1374
21422913764,21422913766,2,2081,1621
21423331525,21423331529,4,2109,1178
21423392416,21423392415,-1,902,274
21426787761,21426787765,4,2158,1422
21430231253,21430231255,2,1626,1258
21432129105,21432129109,4,2358,1147
21432635705,21432635709,4,2092,1465
21435309300,21435309304,4,2117,1425
21437150357,21437150363,6,1602,988
21438576478,21438576483,5,2141,1047
21440320802,21440320807,5,1834,965
21440765018,21440765022,4,1051,930
21440960754,21440960759,5,2160,876
21441625146,21441625144,-2,2957,3217
21446904267,21446904270,3,1428,1641
21448468458,21448468461,3,1910,1081
21448801517,21448801522,5,1719,1167
21449876186,21449876166,-20,2276,1282
21450238486,21450238491,5,2522,1776
21453076210,21453076213,3,1898,1593
21453604170,21453604174,4,935,1184
21453691654,21453691657,3,2123,1042
21455242424,21455242427,3,1022,747
21455753495,21455753501,6,1712,1362
21461125668,21461125673,5,2381,1242
21461184073,21461184078,5,1682,1527
21462511653,21462511657,4,1852,1329
21463270337,21463270339,2,1428,928
21473714093,21473714095,2,1768,1165
21473838838,21473838822,-16,2343,1649
21477334221,21477334225,4,1116,1320
21478128117,21478128121,4,2166,1025
21481032922,21481032930,8,16231,26090
21482151090,21482151095,5,1193,758
21482568328,21482568332,4,2060,1215
21485673320,21485673322,2,1849,2021
21485946595,21485946601,6,2115,1504
21487034554,21487034560,6,2134,1573
21493646266,21493646267,1,1323,1109
21497534580,21497534586,6,2034,1532
21505717618,21505717621,3,2310,1189
21506918882,21506918886,4,2228,1622
21517017649,21517017650,1,2467,1312
21517574847,21517574853,6,487,369
21519999161,21519999166,5,2049,1305
21520278210,21520278213,3,3197,1351
21520486407,21520486412,5,2688,1463
21523160635,21523160643,8,3677,1476
21523561670,21523561654,-16,1931,1198
21524292013,21524292016,3,2133,1069
21528420033,21528420037,4,2231,1194
21533332317,21533332321,4,1772,1383
21533831193,21533831200,7,3426,1199
21536529308,21536529293,-15,150,2662
21538053582,21538053587,5,1526,987
21542812593,21542812596,3,1972,1437
21543236301,21543236305,4,2419,1379
21545049159,21545049150,-9,28323,11996
21545920114,21545920119,5,1923,1415
21549234999,21549235003,4,2015,1314
21552193185,21552193184,-1,1472,1762
21552673906,21552673908,2,1905,972
21555287530,21555287535,5,1565,1409
21556935859,21556935863,4,2384,1513
21563640553,21563640557,4,2415,1720
21564292233,21564292237,4,1564,1072
21564670802,21564670806,4,2346,1577
21567123849,21567123854,5,2268,1319
21567816037,21567816040,3,1438,1175
21568093939,21568093944,5,1576,1302
21571720051,21571720055,4,3156,1924
21573310391,21573310394,3,1102,906
21575145009,21575145013,4,2047,1946
21576689394,21576689399,5,1985,1048
21577406394,21577406398,4,1940,1341
21579768791,21579768795,4,1421,750
21582699552,21582699555,3,1541,1217
21584399318,21584399322,4,2013,1246
21584820390,21584820399,9,2353,1371
21585714145,21585714149,4,2525,1246
21585750758,21585750759,1,1322,834
21587161106,21587161107,1,2218,1400
21595518536,21595518540,4,1454,1035
21597116142,21597116146,4,1966,1570
21597745663,21597745667,4,1787,1341
21599355409,21599355414,5,2517,1307
21599789947,21599789949,2,2030,1059
21600416666,21600416673,7,1988,1529
21602695684,21602695686,2,1739,1290
21603539737,21603539730,-7,1710,7539
21604224302,21604224307,5,2106,1195
21604595313,21604595315,2,1853,1228
21605186152,21605186164,12,2238,1010
21606074682,21606074686,4,1723,1304
21609835226,21609835231,5,1832,1474
21609913162,21609913166,4,1759,1039
21611422207,21611422211,4,2273,1046
21612749483,21612749487,4,2023,882
21614551362,21614551369,7,2944,1201
21615638137,21615638139,2,1655,1027
21616214008,21616214011,3,1388,991
21619412406,21619412409,3,2257,1481
21624884500,21624884502,2,1855,945
21630273578,21630273579,1,1611,1428
21632000877,21632000881,4,2179,1435
21634649759,21634649763,4,1675,1148
21638830764,21638830786,22,1491,1703
21644219442,21644219445,3,2399,1144
21646288035,21646288040,5,2403,1712
21647280150,21647280156,6,1666,1110
21648219489,21648219494,5,2070,1236
21648693247,21648693245,-2,867,2212
21650414266,21650414270,4,2355,2112
21654971901,21654971905,4,2413,787
21656394010,21656394014,4,1826,1288
21660139317,21660139318,1,1685,1348
21664947816,21664947819,3,2181,1380
21667111878,21667111885,7,2519,1633
21667845497,21667845501,4,2270,1414
21668001062,21668001047,-15,1668,1303
21669360223,21669360226,3,2482,1544
21669388233,21669388238,5,3067,1653
21669508078,21669508085,7,2485,1270
21670675740,21670675745,5,2546,1652
21671167833,21671167839,6,1925,1347
21675927411,21675927413,2,1473,1126
21676589113,21676589116,3,1842,1267
21678313088,21678313093,5,2506,1519
21685755115,21685755117,2,1363,1368
21689666545,21689666550,5,2916,1165
21690060147,21690060151,4,1968,1392
21693155607,21693155613,6,1002,687
21693526993,21693527013,20,2784,1186
21698606254,21698606257,3,1879,1798
21700210514,21700210517,3,2011,1449
21704301960,21704301959,-1,2109,2368
21714371997,21714371999,2,1854,941
21717496002,21717496003,1,958,1278
21719285933,21719285937,4,2061,1338
21719813242,21719813236,-6,2684,9559
21719921162,21719921155,-7,2206,5715
21722015560,21722015562,2,2101,1752
21722163349,21722163354,5,1787,1346
21726048564,21726048567,3,2977,1802
21729531166,21729531170,4,2307,1056
21730483138,21730483138,0,1793,1529
21733941264,21733941267,3,4558,2975
21735433812,21735433816,4,1762,1489
21736295191,21736295198,7,2323,1756
21740577870,21740577863,-7,1133,3218
21744714680,21744714682,2,1806,1978
21746956769,21746956774,5,1952,1747
21749588697,21749588701,4,1695,1155
21751599899,21751599905,6,2009,1258
21754098869,21754098862,-7,1252,4310
21755526837,21755526841,4,2973,2166
21758263137,21758263139,2,2188,943
21760233801,21760233804,3,2007,992
21764198899,21764198902,3,1956,1290
21772318866,21772318887,21,1599,1420
21772478891,21772478894,3,1936,1152
21773255905,21773255892,-13,977,130
21782521640,21782521645,5,3412,1830
21783474878,21783474880,2,1309,1034
21784744213,21784744217,4,2653,1546
21785580468,21785580470,2,1965,1332
21785826830,21785826835,5,2350,1471
21787471365,21787471366,1,1445,1534
21787984998,21787985002,4,2195,1623
21790217130,21790217135,5,1776,1009
21790860878,21790860884,6,2684,1685
21791317892,21791317897,5,2413,1775
21792820095,21792820077,-18,2672,1177
21800225978,21800225983,5,2438,1208
21800439373,21800439375,2,1589,1349
21803441030,21803441033,3,2165,1561
21805440755,21805440759,4,1943,1521
21810882628,21810882630,2,3182,2174
21815172766,21815172765,-1,2293,3566
21815969223,21815969228,5,1616,1474
21821745834,21821745838,4,1307,1347
21822136207,21822136211,4,2663,1680
21822283690,21822283694,4,2938,1269
21822831754,21822831733,-21,1329,1097
21825836825,21825836829,4,1603,1241
21827442893,21827442895,2,1624,798
21829099990,21829099994,4,1752,1032
21830026222,21830026224,2,1842,1284
21832231129,21832231133,4,1663,1271
21836404050,21836404055,5,1799,1119
21836688085,21836688089,4,1638,1000
21838025095,21838025100,5,2232,1148
21839877644,21839877647,3,1911,1406
21841947079,21841947081,2,2085,1778
21842260293,21842260299,6,1711,983
21842431994,21842432014,20,1722,1047
21844602039,21844602043,4,1203,1026
21845007706,21845007708,2,1858,1455
21846429994,21846429998,4,2171,1463
21846683851,21846683854,3,1518,1326
21849862276,21849862278,2,1380,779
21851153682,21851153686,4,2256,1691
21851505336,21851505340,4,2132,1658
21852942041,21852942046,5,2168,1554
21858822200,21858822203,3,1069,1667
21861329182,21861329190,8,1715,887
21864857558,21864857561,3,2122,2089
21868461769,21868461770,1,1778,1259
21868764886,21868764889,3,1869,1008
21869394336,21869394340,4,1876,1645
21869870678,21869870685,7,2681,1519
21871685490,21871685493,3,1802,833
21872263643,21872263648,5,1832,1823
21874345315,21874345314,-1,2029,2618
21875663950,21875663957,7,1757,1222
21876463867,21876463871,4,2318,1889
21879516281,21879516284,3,1899,1023
21884387662,21884387662,0,1113,1813
21885544041,21885544045,4,1779,1579
21887271751,21887271754,3,1607,1503
21887368575,21887368566,-9,1125,5397
21888626505,21888626498,-7,968,15378
21890067036,21890067040,4,2449,1546
21890654100,21890654103,3,2309,1349
21892157820,21892157825,5,1511,904
21892843750,21892843765,15,888,231
21893087378,21893087384,6,1714,1499
21893796841,21893796845,4,2190,985
21895122583,21895122583,0,906,1421
21897884578,21897884582,4,2025,1257
21898310958,21898310940,-18,741,257
21898869348,21898869354,6,2192,1150
21900155984,21900155987,3,1862,1294
21901077846,21901077851,5,1924,1376
21903803591,21903803596,5,4692,2150
21904698722,21904698726,4,2128,1326
21905625626,21905625629,3,1552,1232
21907273304,21907273317,13,12212,42345
21907363409,21907363414,5,1868,1325
21909493206,21909493211,5,1444,1178
21911437096,21911437099,3,1959,1822
21911986525,21911986530,5,1349,602
21912861297,21912861279,-18,1601,1043
21914587271,21914587272,1,1145,1385
21917358905,21917358888,-17,1017,308
21920576389,21920576391,2,2002,1085
21920948429,21920948435,6,3087,2086
21923420207,21923420211,4,1895,1445
21926507062,21926507065,3,1767,1374
21927795617,21927795623,6,2099,1191
21929462631,21929462635,4,1893,787
21931855567,21931855571,4,2222,1176
21932149620,21932149626,6,2509,1031
21933352182,21933352186,4,1497,1387
21936731586,21936731588,2,1999,1091
21937925342,21937925346,4,1629,894
21938921619,21938921604,-15,989,678
21939840682,21939840686,4,2637,2074
21940787378,21940787382,4,1253,1260
21942619853,21942619856,3,1445,868
21946321826,21946321831,5,1865,1033
21947659365,21947659366,1,1155,1425
21948126093,21948126097,4,1286,778
21948153366,21948153381,15,1056,718
21955392431,21955392437,6,2355,1750
21956328277,21956328283,6,1520,879
21961492007,21961492004,-3,1857,2728
21962366023,21962366026,3,2654,1820
21964093994,21964093997,3,1874,1006
21965864537,21965864539,2,1768,1169
21966401907,21966401918,11,1786,1060
21969058872,21969058877,5,2426,1731
21969701333,21969701337,4,2757,1332
21970652761,21970652766,5,1886,1297
21972774563,21972774569,6,859,587
21973336579,21973336582,3,2283,1642
21974599585,21974599590,5,2375,1046
21975547937,21975547942,5,1718,1308
21976294101,21976294107,6,2555,1273
21977202648,21977202654,6,2211,1316
21980112815,21980112818,3,1685,1359
21980664079,21980664082,3,2276,826
21981221477,21981221479,2,1756,1569
21981320020,21981320022,2,1550,706
21983817855,21983817859,4,2007,27480
22005275961,22005275964,3,9354,5087
22011464044,22011464050,6,2042,1507
22015122283,22015122287,4,1553,1641
22016175549,22016175546,-3,41522,17896
22017469178,22017469182,4,2542,1543
22017594219,22017594197,-22,1335,784
22017875068,22017875070,2,1701,1443
22018443086,22018443090,4,1551,1271
22020478839,22020478842,3,1792,1265
22020905538,22020905539,1,2450,2216
22029197303,22029197307,4,1328,1198
22029317720,22029317725,5,1451,1384
22036529222,22036529227,5,1968,1238
22040099969,22040099975,6,1850,920
22046731326,22046731334,8,2386,1160
22048581682,22048581686,4,2034,1589
22049381109,22049381114,5,2537,1936
22052559306,22052559310,4,2277,1477
22053775035,22053775039,4,2396,1564
22056915810,22056915817,7,2136,1319
22057763542,22057763547,5,3360,1120
22057814118,22057814112,-6,1085,185
22062968169,22062968173,4,2191,1611
22063483734,22063483738,4,2286,1813
22065937452,22065937455,3,2485,1816
22069631669,22069631674,5,2092,958
22071117110,22071117113,3,1827,1841
22073362267,22073362271,4,2892,2189
22075124807,22075124812,5,2508,1785
22076000535,22076000531,-4,1374,4763
22077423114,22077423118,4,1328,758
22079778951,22079778955,4,526,330
22082618922,22082618927,5,2228,1198
22085374526,22085374532,6,3633,1292
22087252639,22087252643,4,2947,1691
22087634918,22087634922,4,1836,1261
22091416089,22091416093,4,2273,1630
22092608425,22092608438,13,1580,1141
22094478987,22094478991,4,1190,1239
22096735218,22096735219,1,1702,1409
22097099835,22097099838,3,1557,1742
22097492652,22097492655,3,1736,1202
22097691282,22097691288,6,2962,1301
22098306329,22098306335,6,2092,1081
22100057602,22100057604,2,1108,1328
22103606562,22103606565,3,2133,1673
22103727633,22103727626,-7,1965,7882
22106406179,22106406181,2,1233,1300
22106563077,22106563082,5,1768,1249
22107979890,22107979870,-20,2035,1418
22109397551,22109397557,6,5239,2077
22109778938,22109778943,5,2358,1460
22114057695,22114057698,3,2252,1456
22114815427,22114815432,5,2145,1814
22116150295,22116150299,4,1979,1338
22117170552,22117170557,5,3510,1418
22120439368,22120439370,2,1562,938
22124513494,22124513499,5,1509,1176
22125244367,22125244371,4,1487,1113
22125908331,22125908331,0,1765,2048
22128365145,22128365150,5,2057,1342
22131703018,22131703023,5,1446,1397
22132631339,22132631342,3,1265,1133
22135781945,22135781948,3,2467,1277
22136018580,22136018567,-13,2359,1457
22136214554,22136214557,3,2515,1501
22137436014,22137436001,-13,1277,1125
22139182445,22139182447,2,1870,1519
22140023889,22140023868,-21,972,724
22143475181,22143475163,-18,1636,1031
22146002023,22146002029,6,3051,1529
22148842502,22148842507,5,2196,1135
22153774390,22153774390,0,1438,1283
22153891178,22153891182,4,1851,1441
22159813608,22159813614,6,2149,1748
22164192854,22164192858,4,1789,1155
22165305211,22165305210,-1,723,1379
22165562138,22165562151,13,1921,1269
22165826811,22165826797,-14,660,291
22169828979,22169828986,7,2584,1944
22171087598,22171087601,3,1516,1080
22172671650,22172671658,8,2646,1204
22172926186,22172926191,5,2169,1246
22173672505,22173672509,4,1470,1588
22175226594,22175226599,5,2148,1479
22178648618,22178648625,7,1433,986
22180665040,22180665042,2,2089,1602
22181215162,22181215168,6,1749,1443
22181551727,22181551732,5,1916,1611
22184754888,22184754892,4,2231,1270
22189764267,22189764270,3,1856,1064
22192629242,22192629246,4,1781,1174
22195239003,22195238995,-8,21094,14996
22196182026,22196182030,4,1874,1305
22200505850,22200505854,4,1528,1511
22204461057,22204461066,9,1499,1365
22205368427,22205368431,4,1450,1066
22207854201,22207854203,2,2203,1223
22211206610,22211206611,1,2461,1985
22212143120,22212143125,5,2304,1646
22215742065,22215742067,2,1480,1481
22216731005,22216731009,4,2058,1447
22220752567,22220752571,4,1750,1044
22221753451,22221753455,4,1322,1017
22224196286,22224196289,3,1482,1110
22225860785,22225860786,1,1808,1649
22225917481,22225917494,13,2203,1145
22232191734,22232191739,5,1832,904
22233429054,22233429060,6,2570,1032
22236469261,22236469248,-13,2354,1012
22236495701,22236495702,1,1788,1706
22238361454,22238361457,3,1356,1239
22238509492,22238509511,19,1165,393
22243609316,22243609319,3,2547,1681
22246144362,22246144367,5,2529,1681
22248847522,22248847526,4,1760,1402
22249328383,22249328386,3,1399,825
22252545226,22252545229,3,1593,1041
22253524523,22253524503,-20,1633,1275
22256990966,22256990972,6,1673,1116
22257423491,22257423493,2,1991,1716
22260086542,22260086548,6,753,351
22261214073,22261214078,5,2056,1392
22262352646,22262352650,4,2404,1076
22265756094,22265756097,3,1446,1158
22266335854,22266335861,7,2333,1206
22267702766,22267702770,4,2788,1520
22270364717,22270364723,6,6624,2592
22270827431,22270827428,-3,684,2047
22273175447,22273175451,4,2196,1115
22278475531,22278475526,-5,1314,3470
22279160933,22279160937,4,2507,1482
22279501824,22279501824,0,2382,3326
22280029170,22280029170,0,1701,1597
22280999549,22280999551,2,1865,1664
22282880974,22282880979,5,1369,988
22284346736,22284346742,6,2146,1087
22287412134,22287412141,7,1704,1887
22292327138,22292327141,3,2280,1374
22293028994,22293028994,0,777,1343
22293436745,22293436749,4,1982,1612
22294295079,22294295079,0,978,1361
22296323222,22296323226,4,2226,1525
22296736921,22296736917,-4,1122,1478
22303617978,22303617981,3,2387,3088
22307477521,22307477523,2,1494,1478
22310072077,22310072082,5,2330,1448
22310778717,22310778719,2,1546,1278
22312949141,22312949143,2,1653,1188
22315806313,22315806316,3,1423,1533
22316801265,22316801270,5,2118,964
22317451257,22317451258,1,3167,3339
22319983598,22319983603,5,2000,1387
22321661104,22321661108,4,2500,1212
22324791574,22324791579,5,1976,1510
22324846731,22324846735,4,2044,1473
22331333188,22331333196,8,1847,879
22335164869,22335164875,6,1232,1422
22337969167,22337969171,4,1894,1419
22341029768,22341029770,2,1538,837
22341948531,22341948510,-21,2184,1103
22343810767,22343810771,4,2159,1533
22345558720,22345558722,2,1424,1568
22345989758,22345989763,5,2547,1473
22346102153,22346102159,6,2103,1573
22346987555,22346987559,4,2711,1528
22349671957,22349671961,4,4657,21381
22349775716,22349775719,3,2143,1184
22350245807,22350245811,4,1663,1028
22351250662,22351250668,6,1837,1325
22354502965,22354502972,7,2114,1204
22355183125,22355183131,6,1152,736
22356152095,22356152099,4,2102,1189
22359922505,22359922509,4,1087,877
22361095880,22361095887,7,3321,1482
22362243846,22362243850,4,2009,1111
22362333523,22362333526,3,2853,1142
22362858597,22362858602,5,2136,1256
22366222594,22366222600,6,979,833
22369139639,22369139642,3,2534,1537
22369535372,22369535377,5,1918,1504
22369908730,22369908733,3,2874,1565
22370105069,22370105071,2,1731,1014
22376534438,22376534441,3,2089,799
22380278818,22380278818,0,1448,1516
22382871370,22382871374,4,2002,1176
22383656441,22383656445,4,2289,1503
22391059861,22391059863,2,1867,1496
22396453270,22396453273,3,2188,1567
22410761139,22410761142,3,1168,942
22412913858,22412913863,5,1654,1701
22417797634,22417797635,1,2319,1381
22417952042,22417952047,5,1620,1411
22419400209,22419400214,5,2040,1107
22420266352,22420266355,3,2363,2336
22421009625,22421009629,4,2921,1260
22427352435,22427352439,4,2289,1557
22431347960,22431347965,5,3084,1681
22431559202,22431559206,4,2386,1400
22437859669,22437859673,4,1800,1208
22438052859,22438052845,-14,710,178
22442287154,22442287158,4,2308,1293
22446051571,22446051574,3,1514,1301
22448039995,22448039998,3,2394,1525
22451138979,22451138981,2,1410,1226
22452157807,22452157805,-2,1075,2433
22452214325,22452214326,1,16942,18018
22453178697,22453178697,0,1551,2327
22456958854,22456958859,5,2514,1356
22459624823,22459624827,4,1450,1429
22466769611,22466769617,6,717,310
22467880522,22467880527,5,2250,1514
22469790930,22469790935,5,2061,1517
22473548470,22473548474,4,2269,1481
22476278111,22476278110,-1,934,1172
22481340274,22481340281,7,2718,1292
22484655741,22484655738,-3,1094,2128
22485019225,22485019229,4,2721,1797
22492340590,22492340593,3,1695,1063
22494347022,22494347024,2,1466,1234
22495991728,22495991731,3,1543,1166
22505199586,22505199591,5,1538,1205
22506024149,22506024152,3,2060,1405
22508147137,22508147141,4,3239,1950
22514723419,22514723424,5,982,775
22514971674,22514971655,-19,1517,542
22520930143,22520930149,6,2768,1490
22521106039,22521106045,6,1420,883
22526038291,22526038297,6,2030,1780
22527920378,22527920385,7,2409,1101
22535525505,22535525507,2,1347,1116
22537390459,22537390463,4,1988,1077
22539945678,22539945684,6,1847,1135
22543354015,22543354020,5,1960,1231
22544260022,22544260017,-5,1080,5068
22544752425,22544752429,4,2093,1625
22550088374,22550088373,-1,1399,1576
22551398186,22551398190,4,1723,1001
22553666593,22553666598,5,2155,1607
22553897937,22553897939,2,1800,1038
22561026502,22561026498,-4,2475,5051
22566090613,22566090614,1,1639,920
22566730786,22566730786,0,3399,4120
22573008421,22573008426,5,2084,1664
22573379639,22573379643,4,2055,1277
22574429330,22574429329,-1,885,1420
22576068016,22576068018,2,1767,1413
22582015963,22582015963,0,1285,1072
22584986394,22584986395,1,1921,1608
22586575266,22586575275,9,9539,28775
22587457363,22587457358,-5,1398,4560
22587901870,22587901875,5,2293,974
22589244449,22589244454,5,2187,1375
22591160925,22591160918,-7,1100,4323
22593764397,22593764403,6,2013,1535
22593874928,22593874931,3,1958,1136
22594048133,22594048137,4,2307,1454
22596149838,22596149843,5,2949,1813
22599515382,22599515389,7,2772,1505
22600809791,22600809795,4,1895,1225
22603014969,22603014974,5,1559,1219
22605121945,22605121946,1,2233,1418
22608354049,22608354052,3,1889,1410
22608811995,22608811989,-6,2209,6948
22611994396,22611994379,-17,1851,1576
22616725726,22616725732,6,1933,1492
22624767936,22624767939,3,2314,1574
22626967464,22626967469,5,2191,1506
22627530951,22627530955,4,2098,934
22628884692,22628884697,5,1323,1172
22630394726,22630394728,2,2372,1516
22630508666,22630508670,4,2252,1175
22631556106,22631556110,4,2481,1324
22637392081,22637392072,-9,1171,1750
22638724840,22638724844,4,2104,1506
22639861142,22639861140,-2,2327,5038
22640692401,22640692406,5,3575,1781
22645220897,22645220903,6,4358,963
22646070335,22646070339,4,2417,1852
22648547866,22648547870,4,2455,2096
22650795282,22650795285,3,1456,1382
22651061045,22651061051,6,1317,734
22651466201,22651466205,4,2593,1603
22653850911,22653850906,-5,845,4056
22656511650,22656511654,4,1325,1039
22663023873,22663023874,1,1721,1233
22665489140,22665489157,17,1642,1297
22673252834,22673252839,5,2175,1467
22677168894,22677168899,5,1887,983
22679345042,22679345046,4,2535,1010
22680395169,22680395175,6,2261,1334
22682132812,22682132816,4,2116,1625
22682658666,22682658669,3,2045,1393
22683059074,22683059080,6,2300,1443
22684345140,22684345144,4,1371,820
22687531832,22687531834,2,1429,995
22691647373,22691647378,5,2792,1636
22694173809,22694173812,3,2942,1513
22694348619,22694348606,-13,458,374
22699796666,22699796670,4,917,1080
22702094530,22702094535,5,1040,855
22704861100,22704861103,3,1975,1246
22705621589,22705621595,6,1844,994
22707485814,22707485819,5,1906,1483
22708149290,22708149294,4,1462,1407
22708368875,22708368877,2,2625,979
22711160823,22711160822,-1,1476,2654
22712135388,22712135390,2,1749,2318
22713433587,22713433581,-6,1328,2369
22716612589,22716612594,5,1842,1172
22718272814,22718272817,3,1944,1398
22718942094,22718942098,4,1616,1973
22724355336,22724355339,3,1853,1029
22725310014,22725310018,4,2299,1223
22727335936,22727335939,3,1860,1135
22728458119,22728458121,2,1961,1775
22728994476,22728994479,3,1651,981
22730343746,22730343750,4,2109,1273
22732678446,22732678441,-5,2136,5319
22732797914,22732797914,0,1495,1952
22735873171,22735873175,4,1833,1391
22736081407,22736081409,2,1343,986
22736447349,22736447353,4,1181,1476
22736716405,22736716398,-7,1511,4358
22736745265,22736745270,5,2094,1533
22739828634,22739828637,3,3741,2318
22741110043,22741110050,7,1217,1414
22742134541,22742134544,3,1478,1262
22742580161,22742580165,4,2274,1264
22744260125,22744260131,6,2397,1328
22744334685,22744334684,-1,883,1334
22744495950,22744495955,5,1133,874
22745788389,22745788390,1,1606,1109
22746233250,22746233249,-1,1109,1569
22746926246,22746926250,4,1487,1224
22749303476,22749303478,2,11019,10091
22755344545,22755344550,5,1641,936
22755703275,22755703279,4,1633,1040
22757286381,22757286386,5,1763,1378
22758540754,22758540756,2,1597,852
22759492179,22759492183,4,1578,1406
22760462087,22760462093,6,2020,1397
22761062523,22761062528,5,2142,1590
22761567265,22761567269,4,2412,965
22764130053,22764130058,5,2185,1528
22764953897,22764953901,4,3121,1595
22766489097,22766489108,11,2962,1100
22771333623,22771333626,3,1208,1105
22778359453,22778359457,4,2719,1430
22779637881,22779637883,2,1565,834
22781658853,22781658855,2,2416,2079
22783213201,22783213206,5,1980,1030
22785665273,22785665274,1,2573,1239
22787421662,22787421666,4,1866,1041
22791231723,22791231728,5,1885,1393
22792677105,22792677109,4,2025,1253
22794425022,22794425026,4,2040,1490
22794772342,22794772347,5,1924,1735
22797044745,22797044748,3,2202,2124
22797354857,22797354857,0,1581,1603
22797827830,22797827835,5,1650,1076
22799221338,22799221343,5,1551,1315
22801636528,22801636532,4,2463,1519
22801731867,22801731867,0,2533,4635
22806765761,22806765766,5,1443,1125
22814039812,22814039806,-6,2126,7049
22814314672,22814314675,3,1734,1105
22814927121,22814927115,-6,1115,5979
22816609271,22816609275,4,2731,1270
22821912250,22821912254,4,1934,1464
22822506671,22822506675,4,2185,1412
22825811841,22825811841,0,3048,3241
22826436868,22826436870,2,2223,1607
22826574674,22826574680,6,1638,1136
22827108146,22827108150,4,2376,1660
22829075525,22829075529,4,2496,1485
22831746402,22831746405,3,1642,1028
22832773442,22832773424,-18,1971,1156
22832800730,22832800735,5,2363,1494
22834323307,22834323310,3,914,1081
22834657142,22834657147,5,1833,1038
22837248282,22837248285,3,1872,2112
22841195316,22841195321,5,1274,1068
22842491493,22842491495,2,1261,1030
22847245305,22847245310,5,2104,1227
22848161310,22848161315,5,1953,1303
22848622514,22848622518,4,2060,1118
22852795164,22852795169,5,9061,5469
22853760627,22853760634,7,3387,1582
22853995071,22853995076,5,2566,1209
22854279338,22854279357,19,2003,1610
22855958601,22855958603,2,1541,940
22856613254,22856613258,4,2420,1371
22857071044,22857071049,5,1747,1262
22857831695,22857831701,6,2323,1539
22861937976,22861937980,4,2254,1373
22865098420,22865098425,5,1474,1171
22865277058,22865277063,5,1891,1163
22866476853,22866476857,4,1981,1301
22874043414,22874043419,5,2013,1614
22875628681,22875628685,4,1901,1602
22878382045,22878382049,4,2296,1481
22878531866,22878531873,7,1857,1306
22879043347,22879043351,4,1789,1491
22879706071,22879706071,0,1462,1087
22880674341,22880674347,6,2062,1044
22881372517,22881372516,-1,2733,3768
22884650717,22884650722,5,1533,1474
22886191053,22886191054,1,1846,2384
22886296167,22886296161,-6,1545,3926
22886719446,22886719450,4,1891,1162
22887933609,22887933614,5,2115,1105
22888733712,22888733716,4,1944,1502
22889675481,22889675485,4,1845,1369
22890094937,22890094935,-2,914,301
22891341010,22891341014,4,2267,1449
22891788004,22891788002,-2,1931,1935
22893779649,22893779653,4,2357,1002
22894842111,22894842117,6,937,893
22895948658,22895948662,4,1655,1586
22905188990,22905188990,0,1636,2068
22906678673,22906678680,7,1878,1263
22906885237,22906885242,5,1805,1301
22909257331,22909257333,2,755,1316
22911778473,22911778477,4,1857,1411
22920321070,22920321074,4,2072,1461
22920779480,22920779483,3,1798,1352
22925721517,22925721522,5,1966,799
22926853163,22926853166,3,2263,1738
22929825968,22929825971,3,1571,1108
22930391334,22930391338,4,1923,1108
22935828618,22935828622,4,1101,1171
22940227973,22940227976,3,3015,1523
22943910959,22943910964,5,2453,925
22944779326,22944779312,-14,1091,675
22947890537,22947890540,3,3132,1613
22948045044,22948045049,5,1977,1379
22948574082,22948574086,4,3171,1558
22948668973,22948668975,2,2190,1304
22952434689,22952434692,3,1162,801
22952659013,22952659022,9,1682,1125
22955614713,22955614718,5,2245,1391
22956119965,22956119969,4,1960,1334
22957428134,22957428141,7,3811,1372
22958833238,22958833243,5,2361,1243
22960124713,22960124712,-1,1038,2541
22960970778,22960970783,5,1984,953
22963752742,22963752747,5,2593,1172
22963959221,22963959224,3,1640,1244
22966424077,22966424081,4,1822,1496
22967947898,22967947902,4,2356,1412
22970750172,22970750174,2,2002,1206
22973223986,22973223991,5,1924,1625
22974613199,22974613199,0,1162,1902
22976009106,22976009111,5,2456,1426
22977260046,22977260053,7,1857,1130
22978104959,22978104963,4,2449,1258
22978165952,22978165954,2,1908,1366
22986503032,22986503038,6,2157,1217
22990131023,22990131027,4,2813,2156
22990864241,22990864235,-6,1486,5664
22994338634,22994338638,4,1002,1117
22999907942,22999907940,-2,1145,2727
23000908181,23000908183,2,1550,1592
23002752570,23002752574,4,2417,1750
23004852998,23004853002,4,1372,1276
23005132606,23005132610,4,1336,1352
23005840902,23005840907,5,2035,1195
23006556150,23006556155,5,2073,1777
23007764607,23007764610,3,1654,1873
23011490040,23011490045,5,4227,3339
23015802663,23015802667,4,1729,994
23019236916,23019236920,4,1624,1170
23021089411,23021089418,7,2586,1088
23025670174,23025670174,0,1416,831
23030260253,23030260254,1,1074,1059
23033400854,23033400855,1,1723,1508
23035582990,23035582990,0,880,910
23036145639,23036145622,-17,2550,1390
23036966901,23036966905,4,2978,1577
23037809449,23037809455,6,2539,1205
23038363743,23038363742,-1,1765,2691
23038654141,23038654146,5,1805,1479
23039975828,23039975834,6,3995,2216
23040453994,23040453998,4,2327,1513
23040568030,23040568033,3,2255,1915
23043808535,23043808541,6,2307,1378
23045191905,23045191909,4,1973,1209
23046801770,23046801773,3,1621,1339
23047542421,23047542425,4,1881,1269
23050020410,23050020414,4,4405,2704
23050725047,23050725051,4,2274,1980
23053926573,23053926577,4,2310,1405
23056423306,23056423311,5,2263,1631
23056486065,23056486060,-5,2112,5541
23056811174,23056811178,4,1939,1076
23057416589,23057416575,-14,2075,754
23058753531,23058753535,4,2035,1039
23060335298,23060335302,4,1924,1258
23060526174,23060526177,3,2723,1933
23066366153,23066366157,4,1908,1337
23066605071,23066605076,5,515,177
23068218426,23068218430,4,1578,1129
23077827026,23077827022,-4,1539,4039
23080820225,23080820230,5,1360,1319
23089326639,23089326645,6,1371,1122
23089969061,23089969066,5,2322,1627
23090421558,23090421544,-14,1902,1128
23092715003,23092715007,4,1176,1341
23095324722,23095324725,3,2801,1320
23103200665,23103200670,5,2619,898
23105262280,23105262285,5,1816,1496
23107401973,23107401979,6,1514,1008
23109694395,23109694402,7,2734,1483
23116022030,23116022035,5,2087,1651
23116279738,23116279741,3,1908,1406
23118243086,23118243091,5,1397,966
23120443697,23120443701,4,2129,1656
23120769748,23120769751,3,1950,1309
23125987006,23125987012,6,2641,1789
23128267092,23128267096,4,1991,1091
23131247150,23131247151,1,1282,1010
23133079083,23133079087,4,1997,1103
23133379625,23133379638,13,748,364
23136640349,23136640354,5,1859,1207
23139749654,23139749655,1,5177,5165
23140690327,23140690322,-5,1052,1555
23143217507,23143217511,4,1860,1303
23148761298,23148761301,3,1187,1376
23149405498,23149405502,4,1439,968
23149905114,23149905119,5,2369,1052
23150325636,23150325640,4,2020,1211
23152145716,23152145719,3,2251,1252
23155283954,23155283959,5,2211,1229
23155565471,23155565452,-19,3416,1648
23160389900,23160389906,6,2100,1419
23161943203,23161943206,3,2652,1662
23163894678,23163894683,5,1948,1746
23164604494,23164604499,5,1181,703
23170648193,23170648198,5,1793,1429
23171296194,23171296173,-21,1615,1512
23171834987,23171834967,-20,1703,1503
23171960461,23171960463,2,1420,1131
23174243806,23174243809,3,1873,1802
23174908992,23174908997,5,1884,1303
23175776669,23175776673,4,1921,1123
23184821246,23184821248,2,795,1190
23191846834,23191846837,3,2205,1316
23193894299,23193894302,3,1787,1025
23197013023,23197013017,-6,2490,11573
23201578284,23201578291,7,2365,1627
23206078555,23206078558,3,2459,1887
23209565931,23209565934,3,2281,1275
23210278526,23210278531,5,2274,1357
23210402127,23210402133,6,3285,1309
23210463093,23210463097,4,1516,1108
23210991309,23210991313,4,1905,1352
23213056737,23213056743,6,1709,1237
23215223962,23215223967,5,2273,1233
23216659625,23216659630,5,1631,1294
23219207406,23219207400,-6,2182,7080
23219365506,23219365510,4,1266,1214
23223860370,23223860375,5,1479,966
23226733661,23226733665,4,2716,1667
23238284209,23238284215,6,2481,1452
23241988963,23241988965,2,2258,2203
23244091342,23244091337,-5,1970,8411
23246885528,23246885531,3,3027,1560
23251057347,23251057342,-5,1170,3897
23251881717,23251881738,21,13,685
23253399694,23253399698,4,2442,1560
23253609646,23253609651,5,2108,1432
23257208006,23257208010,4,2248,1590
23261170254,23261170259,5,1038,675
23267500982,23267500986,4,2440,1433
23270229346,23270229350,4,3205,1655
23270669221,23270669222,1,1920,1584
23279709874,23279709877,3,1475,1186
23289335272,23289335276,4,1903,1293
23293668631,23293668635,4,1564,976
23294762498,23294762498,0,1860,2071
23296634733,23296634735,2,1569,1014
23297217989,23297217982,-7,1273,4991
23297490565,23297490570,5,1715,1053
23298283217,23298283221,4,1034,426
23299374541,23299374545,4,1631,1000
23302908917,23302908932,15,1297,715
23305855734,23305855738,4,1891,1892
23305909115,23305909119,4,1172,988
23306199617,23306199619,2,2358,1454
23306356742,23306356747,5,1653,1159
23310129946,23310129950,4,1877,1380
23313012186,23313012191,5,1613,1198
23313341157,23313341163,6,2513,1439
23315501761,23315501765,4,2620,1578
23316974778,23316974782,4,2268,1805
23318120458,23318120461,3,1325,1222
23320628442,23320628446,4,1956,821
23321985655,23321985658,3,1918,1306
23322075218,23322075196,-22,2455,1283
23327665025,23327665028,3,3872,2193
23328687753,23328687758,5,2110,973
23332372310,23332372315,5,1955,1194
23334122632,23334122634,2,2118,947
23334629281,23334629277,-4,1795,5675
23336567518,23336567523,5,1956,1098
23339908476,23339908480,4,1493,991
23348033509,23348033513,4,2443,1731
23348480062,23348480068,6,1859,840
23348760634,23348760652,18,2918,1101
23350334538,23350334542,4,1689,1539
23352217290,23352217295,5,1534,322
23357152669,23357152674,5,2412,1331
23358082917,23358082921,4,1998,1370
23362025167,23362025174,7,1938,1055
23364721323,23364721327,4,2321,1637
23365444999,23365445005,6,1942,1399
23366883396,23366883403,7,2021,1083
23368876291,23368876305,14,1237,3818
23371378974,23371378979,5,1802,1099
23371493219,23371493236,17,1690,1125
23372531366,23372531370,4,2414,1762
23372691472,23372691475,3,1772,1260
23374447677,23374447682,5,2338,1176
23375652305,23375652303,-2,1590,2378
23376929334,23376929339,5,1866,1025
23377708253,23377708257,4,1669,1233
23379862814,23379862812,-2,1806,2269
23382866820,23382866823,3,1803,1306
23384945092,23384945097,5,2419,1275
23386348659,23386348655,-4,2177,6165
23387175009,23387175010,1,1334,1105
23387885002,23387885005,3,1971,1625
23397952928,23397952930,2,1290,1711
23401024013,23401024015,2,1817,1532
23401160417,23401160426,9,2532,1411
23403492768,23403492771,3,1771,1348
23404733278,23404733280,2,1866,1392
23410694562,23410694566,4,2636,1320
23411718422,23411718423,1,1623,1440
23411783086,23411783089,3,1109,1340
23417196793,23417196799,6,2126,1134
23418927794,23418927797,3,1647,1544
23420988783,23420988786,3,1047,1002
23423245432,23423245438,6,2511,2126
23424630282,23424630287,5,1028,1283
23428663713,23428663716,3,1790,1975
23429147286,23429147289,3,2126,1568
23432643445,23432643449,4,1769,1139
23436152835,23436152839,4,1504,907
23436790681,23436790686,5,1739,1152
23437302602,23437302583,-19,1508,948
23437489380,23437489386,6,3350,1270
23437932655,23437932659,4,1656,1020
23439396213,23439396215,2,1200,1440
23440608915,23440608919,4,1535,1007
23442839962,23442839967,5,1515,1024
23443974886,23443974890,4,1377,1049
23450105833,23450105835,2,2319,1370
23456344645,23456344649,4,2410,1151
23459230065,23459230069,4,2017,1229
23459633239,23459633242,3,3052,1612
23462557167,23462557171,4,1570,1066
23463806530,23463806533,3,1480,1008
23468038894,23468038899,5,2398,1277
23472882503,23472882509,6,1593,1046
23473016873,23473016876,3,1986,1127
23476097526,23476097533,7,2594,1155
23477882190,23477882195,5,2035,1069
23481358254,23481358257,3,1835,1342
23481585035,23481585037,2,3710,3498
23484146249,23484146255,6,1817,1599
23486045677,23486045682,5,2373,1295
23486672843,23486672848,5,1300,970
23486756459,23486756436,-23,782,272
23488102924,23488102926,2,1535,1662
23492906539,23492906544,5,1255,1212
23497401349,23497401353,4,1681,1133
23498153015,23498153030,15,932,1327
23499572317,23499572320,3,1714,1362
23500709326,23500709331,5,1456,643
23501484161,23501484163,2,1484,1244
23503551585,23503551586,1,4557,17477
23509078745,23509078750,5,1423,862
23509426110,23509426106,-4,591,1576
23515055619,23515055624,5,2620,1473
23515970461,23515970466,5,2607,1321
23516458335,23516458342,7,2713,1263
23517667154,23517667158,4,2973,1447
23523909876,23523909882,6,2098,1126
23528834484,23528834477,-7,1567,6134
23529032941,23529032931,-10,1655,1569
23540236800,23540236803,3,1788,1155
23541715948,23541715948,0,1553,1645
23549434651,23549434658,7,2870,1187
23550334008,23550334012,4,2555,1022
23551101529,23551101531,2,1982,1280
23552123882,23552123886,4,2288,1307
23552194229,23552194234,5,1673,1436
23552349446,23552349444,-2,24814,23704
23554227014,23554227010,-4,1093,2005
23558609368,23558609373,5,2195,1202
23559530975,23559530978,3,1738,1290
23562633718,23562633722,4,2560,1769
23563195710,23563195714,4,1988,1398
23565120398,23565120402,4,1446,961
23567991806,23567991807,1,3721,2979
23568070737,23568070741,4,2561,1521
23569176194,23569176198,4,2457,1310
23575612932,23575612938,6,1335,1046
23585593491,23585593497,6,2507,1152
23587282390,23587282396,6,2467,1306
23592282995,23592283002,7,2002,1233
23592632427,23592632430,3,2007,1415
23593713566,23593713569,3,1499,1592
23598373623,23598373629,6,2030,1579
23598591926,23598591930,4,1503,1367
23602668270,23602668277,7,2314,756
23603103571,23603103575,4,2321,1475
23608987698,23608987711,13,13614,48775
23610283183,23610283189,6,3449,1523
23610646869,23610646874,5,2355,1422
23611437832,23611437835,3,2375,1390
23615106055,23615106059,4,2513,1323
23617283357,23617283362,5,2259,1257
23619689717,23619689721,4,1843,1409
23620230292,23620230295,3,1743,1065
23621066906,23621066907,1,1725,1681
23621106767,23621106770,3,1487,1155
23621872834,23621872838,4,1977,1432
23622445266,23622445271,5,1887,1070
23623036487,23623036482,-5,2843,5212
23623112766,23623112770,4,2078,887
23623831975,23623831980,5,2209,1604
23624306935,23624306919,-16,2370,1354
23624371629,23624371615,-14,931,876
23626331382,23626331386,4,2325,1740
23626923089,23626923095,6,1847,1223
23627003528,23627003531,3,989,1226
23627439992,23627439994,2,1612,1145
23629162498,23629162502,4,2315,1701
23631729207,23631729215,8,9352,20846
23638669026,23638669034,8,2009,1140
23639098650,23639098654,4,2191,1302
23640186805,23640186807,2,1423,1475
23640479210,23640479216,6,2250,1313
23641981242,23641981241,-1,1022,2434
23643770931,23643770934,3,1799,878
23643906137,23643906143,6,1559,1007
23645487247,23645487247,0,1438,1662
23646284606,23646284601,-5,2869,10030
23648492762,23648492769,7,2866,1817
23649759962,23649759963,1,1628,1353
23655991003,23655991006,3,1975,1767
23658269593,23658269595,2,869,869
23661979873,23661979877,4,1524,867
23664345393,23664345401,8,1759,1453
23664823686,23664823687,1,1051,1730
23670843664,23670843666,2,1672,1443
23672593562,23672593575,13,2506,955
23672810867,23672810846,-21,2103,1497
23673629667,23673629672,5,2353,1374
23674433926,23674433933,7,1751,980
23678853979,23678853983,4,1289,845
23683227613,23683227618,5,1211,1379
23684567914,23684567914,0,992,1362
23692296927,23692296931,4,1513,989
23704485914,23704485919,5,1770,1454
23707968980,23707968984,4,2134,1436
23708435046,23708435051,5,1522,876
23708888441,23708888446,5,1740,1167
23710900150,23710900155,5,2339,1088
23711267551,23711267555,4,1732,1565
23712506670,23712506673,3,1751,1411
23715828588,23715828590,2,1184,991
23716955611,23716955617,6,1747,1708
23718856152,23718856141,-11,73,1524
23721037348,23721037352,4,2525,1243
23722460434,23722460416,-18,1764,1278
23724503222,23724503227,5,2610,1541
23727216238,23727216242,4,1764,1163
23727437166,23727437171,5,1894,997
23728687150,23728687155,5,2760,1354
23729944842,23729944846,4,2046,1276
23730210034,23730210039,5,1675,1465
23730344997,23730345004,7,1559,882
23733655144,23733655147,3,1194,758
23734534605,23734534607,2,1297,1829
23740996028,23740996031,3,2090,1725
23742601886,23742601891,5,2032,1473
23744258481,23744258486,5,1270,908
23746956163,23746956167,4,3408,2067
23748734642,23748734647,5,2202,1312
23748841819,23748841822,3,1145,1140
23752413210,23752413214,4,2138,1314
23753354854,23753354853,-1,1924,3119
23753876898,23753876902,4,1698,1321
23754937729,23754937724,-5,1069,143
23758369819,23758369820,1,1526,1216
23758647353,23758647354,1,2210,1266
23763578937,23763578942,5,1722,1774
23764002204,23764002207,3,1803,1256
23764142831,23764142837,6,2655,1085
23764423858,23764423862,4,1726,1470
23766540281,23766540283,2,1918,1755
23767849010,23767849014,4,1661,1232
23769177407,23769177410,3,1738,1112
23769543344,23769543349,5,2339,1516
23774433571,23774433574,3,1907,1380
23777794681,23777794686,5,2218,1429
23781131925,23781131929,4,2263,1045
23782535315,23782535320,5,2276,1475
23789257688,23789257693,5,2595,1338
23794266850,23794266854,4,2274,1621
23799286679,23799286683,4,1407,1383
23800038378,23800038381,3,1961,1392
23807464093,23807464099,6,1561,1114
23808449914,23808449916,2,2078,1609
23809137149,23809137157,8,1787,1023
23809300482,23809300487,5,2069,1563
23811988715,23811988718,3,2065,1278
23812605487,23812605491,4,3090,1850
23813933647,23813933650,3,2583,1280
23814484458,23814484463,5,1937,1098
23815080653,23815080657,4,2008,1342
23817761323,23817761327,4,1702,1372
23820276266,23820276271,5,2481,1404
23820460482,23820460483,1,991,1173
23827908266,23827908266,0,1132,1020
23829009845,23829009850,5,1660,1155
23831015217,23831015222,5,1750,1383
23832618022,23832618027,5,1082,816
23833421098,23833421102,4,1504,1992
23833947601,23833947603,2,2142,2449
23836356914,23836356909,-5,994,3397
23840604206,23840604210,4,1586,1364
23844096426,23844096431,5,1410,816
23845906309,23845906314,5,2103,1469
23848764538,23848764543,5,1415,1322
23850634381,23850634386,5,1602,1227
23851024113,23851024118,5,1595,1237
23854171326,23854171329,3,1512,1135
23859700565,23859700569,4,1831,1231
23861597500,23861597506,6,1808,1151
23863257106,23863257111,5,1193,1256
23866701403,23866701403,0,328,1493
23866845862,23866845866,4,1628,1421
23867093190,23867093194,4,2909,1188
23870931254,23870931258,4,2354,905
23878324562,23878324566,4,1961,852
23883575661,23883575665,4,2832,1972
23883990011,23883990012,1,2267,1736
23886826596,23886826599,3,1532,1074
23888076920,23888076925,5,2104,1356
23888195421,23888195435,14,12483,44241
23893068965,23893068972,7,2693,1267
23893162605,23893162592,-13,677,261
23899297282,23899297287,5,1305,984
23904529902,23904529918,16,1895,1347
23905744475,23905744478,3,1966,1767
23906566673,23906566674,1,1958,2028
23912814950,23912814954,4,1817,1699
23915360517,23915360523,6,2494,1228
23918682246,23918682246,0,1342,1597
23921796237,23921796239,2,1427,1198
23922340877,23922340879,2,2288,1352
23925279978,23925279982,4,1762,1240
23925654374,23925654356,-18,1730,1399
23927832659,23927832658,-1,1336,2573
23928709381,23928709383,2,1370,1667
23931266379,23931266382,3,1585,1030
23931591186,23931591192,6,1327,1185
23933640745,23933640750,5,2180,1496
23933749410,23933749416,6,2437,1050
23934186315,23934186333,18,2370,1603
23941968125,23941968117,-8,46287,13851
23942256601,23942256603,2,2004,984
23945908852,23945908857,5,1569,913
23948160530,23948160522,-8,1038,3056
23951746731,23951746735,4,2410,1261
23954080499,23954080504,5,1951,1357
23954470678,23954470683,5,1689,1444
23955078065,23955078048,-17,1818,814
23956749247,23956749253,6,1930,1541
23958149594,23958149599,5,2064,1064
23962705482,23962705468,-14,2208,1026
23966072229,23966072234,5,1217,969
23971889610,23971889615,5,2482,1622
23974104168,23974104162,-6,770,2198
23975202184,23975202181,-3,3353,6418
23975716970,23975716974,4,2246,1968
23978355573,23978355579,6,2444,1023
23979368622,23979368623,1,1196,1252
23980794111,23980794114,3,1797,1324
23982312152,23982312154,2,1453,1249
23982841059,23982841063,4,1854,1172
23986940178,23986940183,5,1687,1115
23987496110,23987496113,3,1369,1034
23987820177,23987820183,6,2491,963
23988383653,23988383659,6,2303,1403
23988580910,23988580914,4,1861,1292
23989086401,23989086406,5,2726,1816
23991298754,23991298759,5,1763,942
23996222953,23996222958,5,1695,1444
23997402565,23997402568,3,2185,1186
23998218186,23998218191,5,2152,1358
23998941345,23998941357,12,14862,36494
24002227094,24002227106,12,9636,40351
24005367609,24005367615,6,1445,1085
24005403647,24005403652,5,1986,1249
24007105271,24007105276,5,1467,1125
24010893317,24010893322,5,1697,1156
24013337931,24013337937,6,1799,1238
24015256671,24015256674,3,1557,1089
24019881229,24019881234,5,2828,1585
24025685532,24025685537,5,1721,1503
24026137223,24026137227,4,1637,1054
24028360412,24028360416,4,1950,1406
24028502420,24028502437,17,757,1382
24029103670,24029103672,2,1144,1562
24029539455,24029539459,4,2523,1627
24031632659,24031632663,4,1643,1504
24032047985,24032047987,2,1672,1303
24032589680,24032589698,18,63,919
24034768829,24034768831,2,1773,1349
24035013914,24035013917,3,928,777
24035789135,24035789138,3,1928,1095
24036038793,24036038804,11,1502,1315
24037521086,24037521090,4,1874,1253
24041488994,24041488998,4,1782,1282
24045581867,24045581873,6,1448,830
24047235575,24047235577,2,2636,1315
24047732735,24047732737,2,1224,1268
24050072753,24050072757,4,2824,1318
24052821474,24052821478,4,2918,1587
24054018954,24054018957,3,2467,3442
24058349756,24058349759,3,2523,1518
24063583499,24063583505,6,2289,2427
24065127925,24065127930,5,2719,1587
24065475769,24065475775,6,2667,1580
24071052211,24071052190,-21,1134,958
24074686118,24074686115,-3,678,1371
24077038261,24077038268,7,2542,1186
24077861263,24077861267,4,2189,1101
24078691847,24078691851,4,2194,929
24081006914,24081006919,5,1587,1178
24081043526,24081043520,-6,790,209
24081240881,24081240885,4,1950,1497
24082627782,24082627788,6,5179,1482
24085606515,24085606511,-4,1219,1369
24086701022,24086701025,3,1502,1149
24088725994,24088725997,3,3468,2974
24088895830,24088895838,8,1117,528
24089279350,24089279355,5,6115,29345
24089994209,24089994216,7,2865,1537
24090643265,24090643244,-21,1644,817
24092290665,24092290671,6,953,831
24092511360,24092511361,1,1278,1021
24095637929,24095637933,4,2342,1591
24099088782,24099088787,5,1494,1327
24099303245,24099303243,-2,2605,4812
24100788139,24100788145,6,1790,1052
24103397254,24103397258,4,2255,1178
24104156479,24104156483,4,1916,1134
24104491377,24104491382,5,1887,1081
24107763586,24107763587,1,1448,1158
24108486743,24108486747,4,2632,832
24109368296,24109368301,5,1777,1148
24111750702,24111750708,6,2731,2025
24118421918,24118421922,4,2476,2093
24130705776,24130705782,6,2210,1042
24131546829,24131546833,4,1207,1096
24133241998,24133241998,0,845,1805
24134770941,24134770942,1,1266,1777
24137882115,24137882120,5,2687,1874
24138755966,24138755973,7,3856,1147
24143081709,24143081713,4,1651,814
24144253345,24144253349,4,1925,1183
24146679379,24146679383,4,2001,1229
24146813766,24146813771,5,2223,1541
24148219702,24148219707,5,2175,1494
24151419526,24151419531,5,2778,1125
24151537306,24151537309,3,1495,1075
24151671239,24151671243,4,3267,1951
24153087164,24153087166,2,1956,1111
24157478790,24157478795,5,2358,1252
24159955148,24159955153,5,1275,965
24162620636,24162620633,-3,1079,1979
24163874135,24163874137,2,1169,1639
24164179712,24164179717,5,2462,1276
24164798862,24164798865,3,2268,1263
24166641975,24166641981,6,2309,1329
24171364452,24171364453,1,1521,1411
24172516933,24172516938,5,2078,1453
24179156279,24179156272,-7,1380,5386
24183972230,24183972235,5,2467,1176
24189060072,24189060078,6,2431,1489
24191351612,24191351617,5,2152,1020
24192433631,24192433635,4,2771,1619
24193392981,24193392985,4,2150,1669
24201700911,24201700916,5,2267,1094
24204337101,24204337102,1,1353,1135
24207383715,24207383716,1,1334,1324
24214883466,24214883471,5,1623,1238
24216794789,24216794794,5,1233,642
24216990087,24216990090,3,2439,1384
24218180077,24218180080,3,2314,1400
24223304628,24223304630,2,2432,915
24224084829,24224084835,6,1359,966
24225167094,24225167096,2,1852,1473
24226053705,24226053727,22,1517,1123
24232439404,24232439409,5,1851,1137
24233625149,24233625151,2,1998,1481
24235237147,24235237151,4,1247,665
24241945715,24241945718,3,1110,1179
24244934662,24244934666,4,1935,991
24245545246,24245545251,5,1772,999
24246530162,24246530167,5,3075,1136
24249170123,24249170121,-2,1230,2679
24250877913,24250877909,-4,1274,2290
24253152904,24253152905,1,1336,1499
24255056370,24255056377,7,1845,1279
24256817779,24256817783,4,1427,675
24257495333,24257495336,3,2254,1491
24260944862,24260944865,3,1962,2044
24262090067,24262090074,7,1881,1587
24263326083,24263326087,4,1887,1289
24264176398,24264176382,-16,2295,1445
24264849690,24264849689,-1,1216,1584
24266379933,24266379934,1,2995,3565
24266803096,24266803101,5,1640,1150
24267257068,24267257070,2,2460,1518
24268165862,24268165867,5,4431,2188
24270485321,24270485325,4,1771,1344
24278194762,24278194765,3,1799,1255
24279435249,24279435255,6,1085,928
24282389447,24282389450,3,2987,1598
24285553386,24285553388,2,2065,1622
24286389510,24286389489,-21,1718,883
24288349214,24288349219,5,2177,1279
24288914768,24288914770,2,1698,1137
24291356514,24291356519,5,2813,1643
24298573130,24298573135,5,2551,1348
24298653617,24298653625,8,2004,1170
24303783410,24303783414,4,2005,1140
24306699798,24306699801,3,1966,1133
24307113771,24307113777,6,2015,914
24307365669,24307365656,-13,1284,549
24307952738,24307952744,6,1919,1305
24310553610,24310553617,7,1515,1069
24310909022,24310909027,5,1858,1193
24318216499,24318216502,3,1731,1273
24319198913,24319198918,5,2299,1137
24321001654,24321001658,4,2096,1236
24321907168,24321907151,-17,1566,837
24332084863,24332084867,4,2257,1473
24336315190,24336315194,4,1536,993
24338113214,24338113218,4,1655,1066
24338416506,24338416511,5,2061,1276
24340484250,24340484254,4,2323,1301
24343254366,24343254371,5,2573,1602
24343633781,24343633787,6,1748,1266
24344693594,24344693601,7,1813,1036
24346090865,24346090870,5,1985,1133
24347349638,24347349643,5,1332,1379
24348369817,24348369818,1,2011,2456
24348681306,24348681313,7,2532,1390
24352794421,24352794417,-4,1219,3283
24355667025,24355667030,5,875,1204
24356714470,24356714474,4,2398,1476
24360780204,24360780186,-18,1102,937
24362831552,24362831555,3,1685,1589
24364915453,24364915457,4,3619,2049
24368966656,24368966660,4,3262,1821
24370523438,24370523442,4,1856,1432
24375236051,24375236050,-1,1334,2253
24379102613,24379102618,5,2348,1392
24382149057,24382149042,-15,904,1015
24382725213,24382725217,4,2998,2206
24385097215,24385097219,4,1822,1985
24386814018,24386814022,4,2056,928
24387746830,24387746835,5,2476,1091
24387860249,24387860251,2,1740,1557
24397034120,24397034104,-16,1313,1222
24397132026,24397132030,4,2183,1337
24398989262,24398989266,4,1449,1523
24399057452,24399057454,2,3756,3585
24401896977,24401896982,5,2242,1419
24405855738,24405855744,6,3425,1407
24406119460,24406119463,3,2055,1772
24406339504,24406339507,3,1849,1442
24407717354,24407717358,4,1362,1204
24409060559,24409060564,5,2040,1470
24411947207,24411947210,3,1994,1541
24415532487,24415532491,4,2134,1365
24417219176,24417219180,4,1649,1308
24418687701,24418687705,4,1313,949
24420448089,24420448094,5,2051,1412
24423181917,24423181923,6,2244,1394
24424947301,24424947303,2,1598,1034
24425903591,24425903594,3,2059,1163
24426418496,24426418502,6,7534,3661
24430529561,24430529563,2,1477,938
24432396735,24432396738,3,2581,1733
24436191758,24436191762,4,1696,1256
24438726864,24438726867,3,2169,1422
24439974070,24439974077,7,2808,1297
24443243017,24443243023,6,1972,1195
24447301629,24447301631,2,1995,1543
24452038751,24452038753,2,1517,831
24454721704,24454721709,5,1724,1266
24454879301,24454879316,15,1841,1442
24455034978,24455034983,5,2415,1256
24457567958,24457567963,5,2082,1287
24459839390,24459839394,4,2478,1409
24462876343,24462876350,7,3993,1349
24463178587,24463178590,3,1738,1241
24463469213,24463469218,5,2168,1427
24468049308,24468049314,6,2136,1021
24468424096,24468424100,4,2477,1350
24475220078,24475220082,4,2918,1282
24476137503,24476137506,3,2100,1398
24476477369,24476477371,2,2200,1043
24476660249,24476660254,5,2638,1514
24479390361,24479390364,3,1296,1122
24484575332,24484575334,2,988,882
24488100822,24488100816,-6,1902,7792
24491083227,24491083233,6,2521,1421
24493399977,24493399980,3,2027,1563
24497204418,24497204422,4,1732,1237
24499277639,24499277642,3,1453,890
24502295774,24502295775,1,966,1026
24503948984,24503948990,6,1654,993
24506538916,24506538921,5,1541,1481
24507447838,24507447841,3,802,1476
24509115680,24509115685,5,2171,1547
24514226199,24514226203,4,1958,1837
24514558082,24514558086,4,3715,2027
24515432442,24515432446,4,2585,1876
24520822932,24520822938,6,2565,1117
24527557907,24527557902,-5,1186,3603
24529714551,24529714553,2,1628,1761
24539284390,24539284390,0,1296,1096
24549774576,24549774583,7,3019,1459
24550250437,24550250441,4,1747,1156
24551242884,24551242888,4,1899,1259
24552188546,24552188559,13,1014,156
24552943413,24552943419,6,2916,1171
24554085942,24554085942,0,1070,1279
24555923770,24555923774,4,2170,1566
24560601068,24560601072,4,1764,1410
24564536878,24564536883,5,2314,987
24566762921,24566762925,4,1935,1075
24567629867,24567629871,4,1752,1334
24569369710,24569369715,5,2181,1248
24572587019,24572587022,3,1954,1274
24574308057,24574308062,5,1975,1185
24575072633,24575072638,5,1723,1099
24577810508,24577810513,5,2104,1027
24578539322,24578539326,4,2165,1273
24582781687,24582781694,7,2053,1080
24589219882,24589219885,3,2294,1896
24592910912,24592910915,3,1297,981
24603197951,24603197958,7,1762,1088
24604014523,24604014526,3,1464,1249
24604703426,24604703445,19,2338,1205
24605004737,24605004720,-17,1400,294
24607135559,24607135562,3,1241,842
24608905638,24608905634,-4,1099,1713
24610639196,24610639199,3,1622,1511
24613919928,24613919931,3,2515,1566
24615412206,24615412211,5,2484,1591
24615805341,24615805342,1,2383,1853
24616205582,24616205587,5,1644,1108
24616940118,24616940123,5,1901,1107
24619041362,24619041365,3,1851,1322
24620373019,24620373024,5,2544,1161
24625261145,24625261149,4,1963,1130
24628512165,24628512166,1,1348,1182
24631932345,24631932350,5,2256,1530
24633041770,24633041775,5,1881,1328
24633120283,24633120287,4,1232,1270
24633555914,24633555918,4,2000,1337
24640047784,24640047789,5,1378,1135
24642104442,24642104446,4,2122,1464
24642965050,24642965054,4,1685,1323
24647040625,24647040631,6,2914,1251
24647620895,24647620897,2,1845,2007
24651073189,24651073191,2,2016,1188
24656715990,24656715983,-7,833,3618
24659072787,24659072781,-6,1084,3298
24660420506,24660420513,7,2322,1326
24661305723,24661305726,3,2325,1494
24662694659,24662694657,-2,1594,1457
24663995534,24663995539,5,2064,1294
24668220063,24668220066,3,1528,1142
24672987385,24672987390,5,1760,1585
24674234603,24674234606,3,1652,1245
24676633984,24676633990,6,2673,1550
24678793385,24678793388,3,754,1290
24682732886,24682732890,4,1810,1131
24685346101,24685346097,-4,1116,2567
24685956384,24685956387,3,1706,1312
24695076588,24695076594,6,2801,1093
24696984818,24696984823,5,2185,1094
24697961494,24697961498,4,1409,943
24698914598,24698914598,0,1373,1024
24699673089,24699673093,4,2739,1725
24702466433,24702466437,4,1879,2129
24705811482,24705811482,0,1571,1340
24711098022,24711098026,4,2339,1342
24711364588,24711364590,2,1513,1228
24716545615,24716545622,7,2966,1177
24716912005,24716912009,4,2104,899
24717284372,24717284374,2,890,1119
24720013471,24720013474,3,1242,1084
24720589727,24720589731,4,2287,1126
24721129501,24721129505,4,698,565
24727298063,24727298065,2,2252,1765
24730730206,24730730210,4,2183,1156
24732821915,24732821920,5,1901,1343
24734313382,24734313386,4,2465,1524
24736723225,24736723230,5,1687,1577
24739142772,24739142775,3,1890,1649
24740980042,24740980048,6,2440,2037
24742568390,24742568395,5,2372,1208
24744213443,24744213445,2,1398,1250
24744296489,24744296510,21,2001,921
24745307406,24745307409,3,2079,1506
24750259927,24750259930,3,2248,1098
24750980851,24750980853,2,2044,1305
24753874967,24753874971,4,1499,1424
24756966171,24756966175,4,2169,1726
24757919651,24757919654,3,1848,1474
24759091208,24759091214,6,1945,1268
24759354966,24759354950,-16,1656,1276
24759420370,24759420373,3,1452,932
24759626202,24759626206,4,1972,1109
24760159745,24760159751,6,1498,838
24762553470,24762553472,2,2159,1899
24764336398,24764336401,3,1787,1175
24765896175,24765896177,2,1646,1561
24766735689,24766735693,4,2107,1296
24768793307,24768793311,4,1995,1334
24772482513,24772482515,2,2491,1666
24773635715,24773635722,7,3269,1177
24774590465,24774590462,-3,662,305
24776045768,24776045770,2,1971,1123
24776747662,24776747675,13,14004,31559
24777559279,24777559284,5,1606,1796
24778098811,24778098814,3,1821,1486
24779494167,24779494170,3,1352,1171
24780896954,24780896959,5,1997,1010
24781755202,24781755206,4,1606,1375
24782185497,24782185503,6,1543,1119
24788261137,24788261141,4,1876,1168
24790573933,24790573938,5,1858,1278
24790833598,24790833602,4,1821,1622
24791363582,24791363582,0,1479,1383
24792170765,24792170751,-14,2105,1403
24793129249,24793129253,4,1791,1483
24793531391,24793531374,-17,581,468
24794882244,24794882250,6,3401,1218
24797713406,24797713411,5,1928,1334
24801783120,24801783125,5,2468,1586
24801960598,24801960605,7,1806,1300
24802375815,24802375828,13,901,304
24807401490,24807401494,4,1613,1316
24809914550,24809914553,3,1832,1583
24811951978,24811951982,4,1958,1392
24814041844,24814041848,4,1644,1256
24816137687,24816137690,3,2467,1282
24820772153,24820772154,1,1985,1875
24821959588,24821959590,2,2284,1599
24823708389,24823708392,3,1477,1617
24825854015,24825854018,3,1454,1423
24828962201,24828962206,5,1436,1617
24842217793,24842217798,5,1533,1399
24846105985,24846105989,4,2602,1516
24849734726,24849734731,5,2448,1821
24850806034,24850806038,4,1028,939
24855088154,24855088155,1,1544,1358
24861529054,24861529058,4,1770,992
24863280980,24863280984,4,2020,1432
24867339061,24867339066,5,2195,1331
24868585460,24868585464,4,2192,1095
24870888110,24870888115,5,2216,1182
24872638949,24872638954,5,2243,1063
24876257050,24876257055,5,1130,994
24885471682,24885471689,7,3065,1032
24886264302,24886264284,-18,1289,576
24886665369,24886665374,5,1216,1156
24891219737,24891219735,-2,1505,3163
24896047445,24896047452,7,3624,1245
24896076090,24896076095,5,1487,1505
24897170803,24897170806,3,2163,1553
24897451773,24897451774,1,1584,1266
24900973831,24900973835,4,2608,916
24902299194,24902299201,7,2134,1007
24907871322,24907871327,5,1617,1308
24908793609,24908793611,2,1481,1025
24911180704,24911180711,7,2430,1307
24916968178,24916968174,-4,1089,2016
24918210112,24918210115,3,2229,791
24919784059,24919784065,6,1824,1124
24922597250,24922597254,4,2007,1010
24924190165,24924190167,2,990,968
24927068752,24927068756,4,2224,1310
24928660766,24928660767,1,2285,1389
24928733104,24928733109,5,1697,957
24929935981,24929935982,1,1446,1851
24931745945,24931745950,5,1880,1555
24931975093,24931975097,4,2016,1247
24943651586,24943651591,5,1904,1306
24944378836,24944378839,3,1409,1197
24946046660,24946046663,3,2027,981
24946928197,24946928199,2,1766,1400
24948693810,24948693814,4,1912,1096
24950050319,24950050322,3,1719,1247
24965639611,24965639614,3,1714,1099
24967467275,24967467278,3,2081,1460
24972177110,24972177114,4,2354,973
24972329349,24972329355,6,1478,730
24977878826,24977878829,3,1943,991
24980993199,24980993204,5,2869,1178
24981049764,24981049775,11,1692,1025
24988858372,24988858376,4,2585,1648
24989310304,24989310318,14,1689,1039
24990639456,24990639462,6,1461,1585
24997751854,24997751857,3,2208,1674
25003045125,25003045127,2,1449,840
25016112911,25016112916,5,1752,899
25017012574,25017012559,-15,1978,1381
25017306431,25017306435,4,2545,1578
25019945810,25019945817,7,3744,1775
25022954199,25022954206,7,2515,1111
25024545374,25024545395,21,1396,1241
25025139633,25025139637,4,2112,1586
25030308326,25030308330,4,1935,1364
25031392457,25031392461,4,1894,1046
25033000521,25033000518,-3,1124,2445
25036043023,25036043027,4,813,525
25036142927,25036142932,5,2521,1419
25037903697,25037903703,6,1977,1108
25038944858,25038944862,4,3214,1617
25039174030,25039174035,5,2396,1346
25040252986,25040252997,11,1847,1225
25040963626,25040963631,5,2815,1314
25045243190,25045243191,1,2684,1327
25048210260,25048210264,4,2140,1270
25051981406,25051981406,0,1236,1295
25052678212,25052678214,2,1617,930
25056111831,25056111838,7,2469,1434
25066456718,25066456723,5,2274,1641
25066968932,25066968937,5,1682,1489
25068616447,25068616450,3,2933,2106
25070500655,25070500645,-10,1284,1048
25074536246,25074536251,5,3973,1678
25075833008,25075833001,-7,1102,4465
25077891109,25077891115,6,2979,1915
25084800949,25084800951,2,2329,1506
25086056348,25086056351,3,2120,970
25087372747,25087372752,5,1952,1367
25094836123,25094836126,3,2440,1847
25097031555,25097031559,4,1506,1296
25101675497,25101675501,4,2739,1700
25107345079,25107345081,2,1790,1096
25110348340,25110348344,4,2418,1393
25112784014,25112784013,-1,1968,2713
25120458326,25120458331,5,1748,1186
25121358947,25121358950,3,2354,1548
25121558349,25121558354,5,2148,1280
25123157514,25123157518,4,1372,948
25125700298,25125700302,4,1714,1297
25127564285,25127564291,6,2311,1074
25128360897,25128360900,3,1637,1291
25128589969,25128589974,5,1788,1228
25131129426,25131129429,3,1842,1481
25138447809,25138447812,3,1494,720
25139126690,25139126695,5,698,730
25141311634,25141311638,4,1390,1284
25145088344,25145088349,5,2488,1913
25145238802,25145238806,4,1852,1193
25145438026,25145438027,1,1774,1949
25145774263,25145774262,-1,2115,4742
25146971333,25146971338,5,1709,1103
25148895615,25148895618,3,2201,1492
25149611235,25149611242,7,1486,1062
25151901381,25151901387,6,3719,1446
25153317449,25153317453,4,1875,905
25156103017,25156103021,4,2156,1602
25158435878,25158435881,3,2360,1312
25158664985,25158664990,5,3242,1491
25161546339,25161546342,3,1799,1407
25162792874,25162792879,5,2643,1048
25164670985,25164671006,21,524,3683
25166422349,25166422354,5,1750,1331
25166597050,25166597053,3,2308,1647
25172089750,25172089753,3,2509,1457
25174638817,25174638821,4,2336,1335
25184133960,25184133964,4,2677,1356
25185569239,25185569242,3,1452,1151
25190292535,25190292537,2,1309,1484
25190347972,25190347975,3,2632,1835
25191636605,25191636608,3,2468,1910
25195089587,25195089591,4,2169,1764
25199509089,25199509094,5,2443,1092
25200282716,25200282722,6,1933,1145
25203661146,25203661151,5,1410,735
25206332207,25206332210,3,1746,1072
25207938725,25207938729,4,1717,1452
25209575570,25209575574,4,2298,1140
25209669109,25209669114,5,1205,1012
25211110701,25211110705,4,1830,1511
25213619809,25213619813,4,2283,1263
25218208917,25218208919,2,1516,1020
25223789930,25223789935,5,2268,1295
25226506786,25226506790,4,2177,1449
25231304226,25231304229,3,1449,1674
25233135643,25233135646,3,2103,1169
25233873110,25233873114,4,2237,1544
25235897077,25235897077,0,1185,1918
25236172623,25236172625,2,1907,1473
25236209894,25236209898,4,1086,1308
25237478890,25237478894,4,2167,1708
25238837563,25238837569,6,2461,1681
25239860172,25239860176,4,1522,902
25243048118,25243048123,5,1979,1338
25244342761,25244342766,5,2158,1387
25244758363,25244758369,6,2874,1576
25247370286,25247370264,-22,1750,860
25249033937,25249033944,7,2298,1589
25249346621,25249346627,6,2463,1588
25250825423,25250825427,4,1910,1296
25255752701,25255752704,3,2377,1516
25260010835,25260010842,7,1342,1017
25262780777,25262780783,6,1969,1404
25263720730,25263720735,5,1558,880
25266417026,25266417030,4,1255,875
25266891167,25266891171,4,1447,744
25267496746,25267496750,4,2824,1271
25270357674,25270357679,5,1990,1144
25272642559,25272642558,-1,1841,1256
25275146832,25275146834,2,2667,1956
25283174404,25283174409,5,1929,1186
25283653765,25283653769,4,1660,1443
25284424913,25284424920,7,2629,1383
25286620793,25286620799,6,3979,1576
25290758299,25290758302,3,1677,1454
25295443488,25295443493,5,1313,977
25295938087,25295938094,7,1888,1732
25296732259,25296732264,5,1212,1450
25297542307,25297542310,3,1651,1172
25300625059,25300625062,3,2710,1835
25302229769,25302229774,5,3119,1429
25302444795,25302444800,5,2856,1693
25304709092,25304709097,5,2106,1540
25309620773,25309620778,5,2133,1155
25313126810,25313126814,4,2087,1553
25315797054,25315797059,5,1407,900
25317985028,25317985031,3,3373,2101
25320383398,25320383402,4,2757,1554
25320497359,25320497364,5,1362,1408
25322975958,25322975954,-4,21706,18010
25323078950,25323078957,7,1864,1373
25325581690,25325581694,4,2232,1411
25329517262,25329517263,1,1644,1392
25331247803,25331247802,-1,662,964
25331906900,25331906906,6,2153,1143
25336900103,25336900106,3,1805,1254
25341013836,25341013842,6,2402,1488
25341259405,25341259406,1,1559,1598
25341900041,25341900046,5,2870,1303
25342078264,25342078265,1,2019,1251
25351114234,25351114238,4,1586,817
25353172806,25353172810,4,1939,1379
25354018243,25354018254,11,1715,967
25354160073,25354160078,5,2816,1662
25354936862,25354936867,5,1908,1055
25356201351,25356201356,5,1522,973
25361835240,25361835245,5,2783,1393
25367670929,25367670934,5,2409,1272
25368446069,25368446072,3,1664,1328
25375779070,25375779074,4,2210,1919
25376234133,25376234136,3,2112,1641
25376586509,25376586514,5,1661,1456
25379716461,25379716461,0,1593,1093
25384985722,25384985723,1,1019,1175
25385026077,25385026082,5,2592,1247
25387051102,25387051106,4,1883,1330
25389912326,25389912331,5,2204,1384
25390371796,25390371801,5,2364,1384
25391299248,25391299252,4,2523,1519
25393623329,25393623334,5,1494,1095
25397219499,25397219502,3,1818,1322
25400331983,25400331987,4,1532,734
25402041486,25402041494,8,3128,1350
25411757706,25411757710,4,2129,1561
25414354050,25414354053,3,1571,1326
25418353425,25418353429,4,1423,771
25419012561,25419012563,2,2533,1517
25421408545,25421408551,6,2072,1268
25426758861,25426758854,-7,2142,7453
25428054159,25428054157,-2,23336,7912
25432634084,25432634085,1,1614,1684
25432760176,25432760156,-20,1468,816
25434542423,25434542426,3,1645,1448
25434814129,25434814134,5,2702,1781
25436344133,25436344138,5,2579,1364
25438334538,25438334541,3,10549,9964
25438538508,25438538519,11,2310,1624
25440742870,25440742875,5,1390,1107
25441201153,25441201157,4,2167,1318
25442141221,25442141226,5,2363,1311
25442898610,25442898615,5,2006,1314
25443205113,25443205116,3,2048,1180
25447446427,25447446431,4,2142,1131
25448466633,25448466613,-20,1903,1290
25449355545,25449355550,5,1778,1288
25451140648,25451140651,3,1371,1109
25451855264,25451855267,3,1960,1201
25452080426,25452080430,4,2003,1346
25455245103,25455245107,4,1714,1584
25455777224,25455777232,8,3568,1088
25459911430,25459911426,-4,1801,4325
25466972474,25466972480,6,2399,1872
25471296742,25471296746,4,2044,1430
25472717698,25472717702,4,1212,1259
25477824028,25477824030,2,1785,1100
25479139478,25479139483,5,2373,946
25480744487,25480744494,7,1894,1420
25484964729,25484964730,1,1220,1584
25486932355,25486932359,4,1520,1621
25487788125,25487788131,6,3362,1565
25489264073,25489264078,5,2801,1521
25489334339,25489334326,-13,896,300
25490172646,25490172631,-15,2097,1040
25490503309,25490503295,-14,1543,1074
25497371548,25497371553,5,3080,1433
25498325586,25498325591,5,1496,1094
25498577486,25498577490,4,1725,1229
25499251096,25499251099,3,1493,1273
25502382163,25502382166,3,1732,1301
25502526562,25502526572,10,1425,938
25503739435,25503739414,-21,1791,1723
25508653623,25508653618,-5,3123,8130
25510603558,25510603557,-1,1532,2498
25510958723,25510958726,3,1031,1336
25520211581,25520211585,4,2036,1064
25525587682,25525587688,6,3100,897
25528886375,25528886378,3,1663,1579
25529033295,25529033299,4,1959,1203
25530095398,25530095405,7,1945,1219
25531940091,25531940096,5,1760,1649
25532659550,25532659551,1,1474,1133
25539607852,25539607857,5,2920,1889
25550989089,25550989095,6,2104,1919
25552756949,25552756954,5,2380,1744
25555398002,25555398007,5,3014,1639
25556292052,25556292055,3,1480,1167
25557666238,25557666238,0,903,2280
25557718747,25557718751,4,1770,1218
25559274898,25559274901,3,2144,1386
25559969995,25559969999,4,2341,1532
25571728207,25571728213,6,4142,1644
25571979270,25571979276,6,2253,1880
25580013113,25580013118,5,1085,1000
25581673149,25581673154,5,1819,1221
25582146500,25582146506,6,3079,1396
25582331129,25582331133,4,1744,1436
25587695655,25587695659,4,3138,2115
25588952027,25588952033,6,2340,1213
25589132198,25589132197,-1,305,299
25590094300,25590094306,6,1586,1011
25593818779,25593818781,2,1052,1031
25594485166,25594485168,2,1419,1109
25596534426,25596534406,-20,952,893
25597537164,25597537169,5,2127,900
25599527994,25599527994,0,1114,1082
25602558254,25602558258,4,2024,1433
25604425461,25604425466,5,2475,1801
25604583878,25604583883,5,1856,1248
25604912262,25604912267,5,1755,890
25605358183,25605358186,3,3122,1834
25606211923,25606211923,0,1596,2118
25607382038,25607382042,4,1813,1300
25610123346,25610123350,4,1904,889
25610987846,25610987851,5,2479,1413
25614727231,25614727235,4,1554,1134
25617940754,25617940751,-3,798,1649
25624126429,25624126433,4,1809,1415
25628185299,25628185305,6,3738,2331
25629424154,25629424157,3,1816,1141
25632199857,25632199859,2,1454,1539
25638871887,25638871893,6,2053,1295
25640220574,25640220578,4,1732,1646
25640904243,25640904247,4,2574,1199
25642312384,25642312386,2,1694,1072
25646293735,25646293739,4,1807,1112
25648077360,25648077364,4,2596,1736
25649141211,25649141218,7,3172,1304
25652144619,25652144625,6,1705,1171
25653547461,25653547467,6,3173,1323
25654325943,25654325946,3,1138,1332
25656477482,25656477485,3,2157,1773
25658026678,25658026683,5,2108,1252
25663763112,25663763117,5,2021,876
25666123146,25666123150,4,1406,1286
25667977057,25667977059,2,1160,1538
25669391010,25669391011,1,993,1482
25671703906,25671703910,4,1805,1027
25672261839,25672261843,4,3018,1317
25676581337,25676581339,2,1203,1019
25680626845,25680626849,4,2148,921
25682119858,25682119863,5,1468,1091
25683544969,25683544974,5,1791,1531
25686669356,25686669360,4,1667,1238
25687641710,25687641714,4,2311,2081
25688576231,25688576236,5,1248,932
25689058494,25689058515,21,1808,1044
25691026786,25691026789,3,1921,1123
25691094382,25691094396,14,686,260
25692287283,25692287289,6,1939,1140
25693192754,25693192734,-20,2125,1261
25694144174,25694144179,5,2521,1330
25694962327,25694962330,3,1978,1395
25700472672,25700472674,2,1789,1864
25702630685,25702630690,5,2691,1343
25702888466,25702888469,3,1472,1150
25704615650,25704615653,3,1797,1126
25714096093,25714096097,4,1949,1262
25718112326,25718112330,4,1655,1704
25722036151,25722036154,3,2099,1249
25722424090,25722424108,18,1744,1073
25722453362,25722453366,4,2175,1011
25723373415,25723373406,-9,586,243
25723701748,25723701754,6,1972,1154
25724012395,25724012401,6,1050,686
25725594167,25725594161,-6,1271,3710
25727123510,25727123512,2,1487,942
25731192340,25731192344,4,2418,1226
25733123334,25733123330,-4,950,1434
25737246185,25737246187,2,1835,1695
25738494650,25738494654,4,1899,1375
25739190890,25739190894,4,2097,1217
25742091482,25742091486,4,2346,1865
25742293451,25742293455,4,1681,1054
25744325209,25744325225,16,607,315
25748055580,25748055585,5,1808,1346
25750093761,25750093765,4,1463,1361
25750693541,25750693546,5,1914,1350
25753488233,25753488239,6,1907,1246
25753644173,25753644169,-4,821,1821
25755615729,25755615726,-3,1784,1452
25757241865,25757241869,4,2162,1317
25766287411,25766287417,6,1735,1205
25769232903,25769232907,4,1384,1111
25770086523,25770086527,4,2201,1433
25773557054,25773557059,5,3083,1580
25779744857,25779744861,4,1598,1153
25780506001,25780506005,4,2075,1255
25783260284,25783260291,7,6650,1865
25784947254,25784947254,0,1554,999
25788092313,25788092315,2,1498,1148
25788536720,25788536725,5,2118,1400
25789490290,25789490294,4,2453,1280
25792421352,25792421354,2,1564,1495
25793784078,25793784084,6,2229,1057
25794464477,25794464482,5,2291,1105
25794722169,25794722170,1,1822,1733
25801454737,25801454732,-5,1900,8880
25803192444,25803192450,6,2516,1279
25803333650,25803333656,6,2801,1273
25803736621,25803736623,2,1708,1185
25804971876,25804971879,3,2155,1408
25805022826,25805022831,5,2083,1561
25806060192,25806060194,2,2428,2080
25806088750,25806088754,4,1758,901
25808017969,25808017974,5,1476,1058
25808389486,25808389490,4,1908,1245
25811207574,25811207579,5,5706,2945
25813444889,25813444897,8,6851,1518
25817162366,25817162362,-4,1103,3114
25823475614,25823475617,3,2347,1667
25826788169,25826788174,5,2283,1443
25828409482,25828409486,4,1616,1480
25830028823,25830028830,7,3092,1273
25833557221,25833557225,4,1441,1016
25835253524,25835253528,4,2036,1285
25837944676,25837944682,6,2219,1115
25838939654,25838939660,6,1229,962
25845053509,25845053514,5,1202,895
25847673074,25847673070,-4,716,42
25848393393,25848393398,5,2603,1116
25848655561,25848655565,4,2405,1117
25857824927,25857824931,4,2470,1495
25861032190,25861032192,2,948,1083
25861727481,25861727485,4,1944,1123
25862098005,25862098021,16,2587,1348
25862331860,25862331865,5,2103,1224
25864023667,25864023670,3,3522,1928
25868833834,25868833838,4,2075,1410
25870736966,25870736970,4,2291,887
25872687398,25872687403,5,2466,1621
25873588238,25873588242,4,2113,1440
25878001877,25878001882,5,2346,1603
25879916549,25879916549,0,1673,2639
25883805602,25883805608,6,1649,1376
25885514487,25885514491,4,2075,1318
25885668729,25885668734,5,1846,1588
25886667118,25886667123,5,1840,1115
25888763160,25888763162,2,1905,1590
25891220006,25891220008,2,1055,20720
25894714707,25894714709,2,2155,1439
25897725654,25897725657,3,2096,977
25904319335,25904319338,3,2190,1079
25904934638,25904934643,5,2507,1309
25909605382,25909605386,4,1377,1253
25911826984,25911826988,4,2162,1638
25913814804,25913814808,4,1478,1305
25914862506,25914862510,4,1927,1229
25916462307,25916462312,5,1948,1406
25917088633,25917088637,4,1822,1029
25920647821,25920647823,2,1856,1037
25921919577,25921919578,1,1604,1491
25924607850,25924607853,3,1902,1139
25925690758,25925690759,1,1865,1143
25928349042,25928349045,3,3078,1680
25931673069,25931673073,4,1585,806
25935562219,25935562222,3,1782,1326
25936221292,25936221296,4,1867,1419
25938364174,25938364175,1,1245,1126
25942116710,25942116710,0,1748,1457
25943077850,25943077855,5,2539,1171
25943971411,25943971415,4,1841,917
25947925434,25947925435,1,1563,1650
25949414461,25949414463,2,2110,1371
25949774652,25949774655,3,1699,1030
25952420101,25952420106,5,2465,1020
25955190111,25955190116,5,1985,1637
25956642307,25956642305,-2,1066,2444
25956918537,25956918541,4,1239,812
25957184630,25957184630,0,764,317
25958359239,25958359242,3,2565,1473
25964943419,25964943422,3,1619,1503
25967787086,25967787091,5,2232,1424
25968700727,25968700730,3,1582,1285
25969940544,25969940548,4,1512,1173
25970439378,25970439391,13,555,304
25974548153,25974548155,2,1489,1305
25975689860,25975689864,4,2139,1359
25977044201,25977044198,-3,1766,3553
25980675535,25980675539,4,2243,1386
25981443617,25981443620,3,2083,1874
25983897043,25983897047,4,2017,1013
25987181474,25987181476,2,5733,4509
25990522321,25990522325,4,1945,1244
25990864068,25990864074,6,2866,1537
25991870795,25991870797,2,2797,1224
25994823143,25994823148,5,2348,1698
25996481975,25996481979,4,1001,885
25996816400,25996816403,3,1741,1266
26004803692,26004803694,2,1839,1916
26005568015,26005568018,3,2457,1732
26006192013,26006192016,3,2854,2151
26006680110,26006680115,5,1979,1247
26010339805,26010339808,3,1816,1352
26011043885,26011043886,1,8152,7454
26016143158,26016143163,5,2758,1689
26018468235,26018468233,-2,8763,12314
26018908042,26018908047,5,2600,1288
26023400109,26023400114,5,2140,1674
26023869818,26023869823,5,1366,1276
26024031024,26024031028,4,2299,1303
26025133864,26025133870,6,2345,1219
26031001988,26031001991,3,1908,1529
26035405557,26035405562,5,1642,1058
26035814497,26035814501,4,1423,870
26036157822,26036157825,3,1733,1567
26038776620,26038776622,2,2153,1961
26039224306,26039224307,1,7137,6642
26040721645,26040721650,5,2336,1222
26040954085,26040954088,3,1999,1780
26042195250,26042195255,5,1853,970
26042726897,26042726899,2,2024,1939
26043103889,26043103891,2,2012,1033
26045252842,26045252846,4,1356,1150
26046641604,26046641583,-21,1016,882
26051744966,26051744971,5,2181,1094
26052780769,26052780774,5,2119,1453
26053065047,26053065051,4,1400,1547
26057713506,26057713510,4,2373,1369
26060264109,26060264113,4,2253,1293
26063540446,26063540448,2,1298,890
26064025885,26064025895,10,1269,1041
26064671555,26064671558,3,1350,787
26071415565,26071415571,6,1926,1456
26073151272,26073151276,4,1534,1494
26075598475,26075598478,3,1313,975
26076109474,26076109478,4,1913,1299
26080683650,26080683653,3,2220,1725
26090027449,26090027452,3,1684,970
26092706661,26092706662,1,1719,870
26097104186,26097104191,5,1682,1196
26097362766,26097362764,-2,4105,8887
26098184515,26098184519,4,1431,924
26100929039,26100929045,6,1038,605
26101149833,26101149833,0,1505,1818
26104481382,26104481380,-2,2138,4743
26107889415,26107889420,5,2037,1384
26108265779,26108265785,6,2577,1717
26108633363,26108633358,-5,954,3101
26109605152,26109605156,4,1984,1597
26109752892,26109752897,5,2335,1746
26109908106,26109908110,4,1268,1292
26110191970,26110191976,6,1985,1338
26113988720,26113988719,-1,1624,1770
26114866621,26114866626,5,1436,818
26118715431,26118715433,2,2069,984
26121565446,26121565450,4,1974,1102
26121792272,26121792274,2,1829,1103
26123321314,26123321318,4,2229,1902
26124241226,26124241210,-16,1728,875
26127309917,26127309920,3,1552,1730
26128422717,26128422721,4,1413,1286
26129960149,26129960153,4,2280,1900
26130541701,26130541706,5,2101,1288
26130974282,26130974288,6,3006,1810
26132894764,26132894768,4,1362,774
26135436991,26135436995,4,1688,1963
26136857227,26136857227,0,2398,1978
26137188251,26137188254,3,2343,1438
26141824034,26141824039,5,2698,1231
26142894273,26142894277,4,1706,1274
26146985102,26146985106,4,2115,1357
26154588789,26154588793,4,1417,1180
26155776976,26155776983,7,2383,1196
26156301089,26156301094,5,1418,1105
26157831217,26157831238,21,1205,311
26160796926,26160796929,3,1192,716
26162746538,26162746541,3,1942,1336
26165539652,26165539656,4,2202,1576
26166368654,26166368659,5,2001,1349
26166690778,26166690782,4,1962,928
26167426826,26167426832,6,2407,1526
26172426501,26172426505,4,2430,1564
26176779758,26176779762,4,1784,986
26182343757,26182343761,4,1229,1224
26184887297,26184887299,2,1011,841
26185499898,26185499902,4,2201,1375
26186597780,26186597788,8,3439,1563
26187003875,26187003879,4,2036,1114
26191771473,26191771477,4,1615,1532
26193310054,26193310058,4,1865,1244
26193923511,26193923514,3,1699,1128
26194090861,26194090865,4,1610,1274
26199438234,26199438229,-5,1396,5337
26208963842,26208963847,5,2763,1426
26209371853,26209371859,6,2066,969
26212594234,26212594238,4,1818,1360
26214425037,26214425039,2,1722,1382
26216113288,26216113293,5,2077,1318
26221185822,26221185826,4,1801,1151
26221841035,26221841037,2,9129,10990
26229451981,26229451978,-3,898,1799
26235417333,26235417336,3,2393,1402
26235574387,26235574365,-22,2356,1370
26236971394,26236971396,2,2090,1886
26239003782,26239003783,1,1395,1067
26240134170,26240134174,4,2027,1273
26240639270,26240639253,-17,2014,1327
26246461482,26246461486,4,3184,1945
26247081645,26247081649,4,1534,1041
26248219336,26248219332,-4,1085,3635
26249398365,26249398370,5,1548,1081
26249955858,26249955864,6,3226,2257
26250600790,26250600795,5,1643,1299
26253649349,26253649352,3,1741,1532
26253794109,26253794111,2,1800,1144
26254676362,26254676369,7,4002,2009
26256592555,26256592561,6,2486,1685
26259237146,26259237146,0,965,2078
26262902334,26262902341,7,3165,1524
26263323720,26263323724,4,2498,1692
26263374523,26263374526,3,1228,978
26265807577,26265807583,6,2100,963
26267851367,26267851366,-1,1473,2788
26268984886,26268984891,5,2848,1280
26269705314,26269705319,5,1823,1035
26272643379,26272643384,5,2237,1900
26282174371,26282174376,5,2035,1679
26282827039,26282827045,6,1722,1149
26283246054,26283246047,-7,1281,4340
26286027293,26286027274,-19,1957,897
26287240210,26287240203,-7,955,4256
26291210487,26291210492,5,2076,2159
26293956633,26293956637,4,1872,1122
26297691684,26297691692,8,1431,950
26303800025,26303800032,7,3039,1136
26307916656,26307916661,5,2178,1130
26309215748,26309215756,8,1541,1410
26310744450,26310744455,5,1070,977
26312265412,26312265421,9,2409,1086
26315055411,26315055414,3,1495,1086
26317377133,26317377136,3,2093,1108
26317518438,26317518421,-17,1979,1283
26318549853,26318549856,3,2207,1266
26318722973,26318722978,5,2740,1705
26322712222,26322712220,-2,6079,12485
26325109892,26325109893,1,1304,1691
26328006006,26328006012,6,2296,1743
26332965410,26332965409,-1,1717,1379
26334717495,26334717502,7,2319,1063
26337832354,26337832355,1,1375,1166
26337957331,26337957334,3,2530,1510
26343071086,26343071092,6,1555,812
26344169685,26344169688,3,2349,1285
26344233581,26344233598,17,581,174
26346021698,26346021695,-3,32490,65171
26348172918,26348172939,21,1703,1413
26349715520,26349715524,4,1765,1151
26349780586,26349780590,4,1805,914
26350117598,26350117601,3,1854,1110
26353794113,26353794116,3,1928,1320
26354774222,26354774205,-17,1446,721
26359425153,26359425156,3,1724,1170
26360646270,26360646256,-14,460,561
26361293752,26361293755,3,1752,1031
26362116110,26362116115,5,2404,1347
26366998746,26366998750,4,2640,1234
26367343274,26367343277,3,2632,1904
26369067214,26369067218,4,2393,1526
26369874166,26369874170,4,1996,1766
26370054889,26370054882,-7,2496,6910
26372296514,26372296517,3,1975,1337
26374880059,26374880062,3,1508,1468
26375958589,26375958593,4,1928,1201
26376837265,26376837269,4,1173,1072
26378754833,26378754837,4,2497,1697
26379573657,26379573661,4,2272,1442
26382801050,26382801054,4,2096,1743
26384044611,26384044615,4,2002,1159
26388205325,26388205327,2,1547,1048
26389981294,26389981298,4,2212,996
26391950740,26391950743,3,1708,1101
26392947499,26392947504,5,1282,1111
26393856885,26393856891,6,2566,1758
26398420014,26398420017,3,1933,1388
26399037857,26399037857,0,1449,1741
26399794354,26399794357,3,2818,1804
26399976354,26399976358,4,1553,1514
26406031610,26406031614,4,2084,1560
26407771954,26407771958,4,1575,1092
26411034686,26411034691,5,1810,952
26413524755,26413524738,-17,1201,884
26414434007,26414434015,8,3344,1549
26415108607,26415108612,5,2080,1667
26416569373,26416569378,5,1647,1742
26418926939,26418926942,3,1850,768
26421221475,26421221479,4,1518,1412
26424372462,26424372467,5,2276,1136
26426208609,26426208613,4,2300,1584
26426560825,26426560827,2,1799,1615
26431772605,26431772606,1,2107,1821
26432205066,26432205071,5,2289,1505
26432299618,26432299607,-11,815,360
26435684982,26435684985,3,2538,1944
26436588355,26436588358,3,2608,1292
26443370331,26443370335,4,1778,1066
26445381720,26445381724,4,2323,1786
26448768870,26448768874,4,1737,783
26450371397,26450371409,12,442,1032
26452304604,26452304607,3,1823,1311
26453700208,26453700214,6,1757,1219
26456662360,26456662366,6,2632,1302
26457521604,26457521607,3,1694,1176
26463819285,26463819290,5,1246,1490
26465857878,26465857883,5,1487,1019
26467159617,26467159622,5,2046,1783
26470152306,26470152310,4,1274,893
26473823986,26473823991,5,2502,1238
26475642203,26475642199,-4,1380,3403
26477935951,26477935955,4,1976,1326
26480090981,26480090986,5,1393,958
26482060555,26482060554,-1,1375,1335
26482159202,26482159207,5,1129,930
26488724441,26488724447,6,2324,1466
26490171727,26490171728,1,1295,1861
26491092296,26491092301,5,1230,1074
26493307493,26493307495,2,1097,1276
26498051349,26498051355,6,1394,1186
26502423228,26502423230,2,1745,1818
26504361949,26504361950,1,1445,1095
26505554946,26505554949,3,1848,804
26512201910,26512201914,4,2039,941
26513153202,26513153206,4,1798,1301
26513477703,26513477709,6,1704,1323
26513561590,26513561593,3,4162,2843
26515019205,26515019211,6,1392,1008
26515730468,26515730473,5,2730,1122
26515799765,26515799769,4,1567,1334
26515970445,26515970449,4,1499,1295
26517692071,26517692074,3,1786,1160
26523298950,26523298956,6,1997,1400
26524804197,26524804202,5,1821,1368
26527171151,26527171156,5,12699,9336
26528333348,26528333351,3,1664,1549
26530446243,26530446242,-1,1111,1620
26533257474,26533257477,3,1334,1069
26534974837,26534974842,5,2179,1251
26536050480,26536050485,5,2931,1457
26537684658,26537684662,4,1542,883
26538591552,26538591559,7,1829,1645
26539738100,26539738087,-13,2360,845
26540418135,26540418138,3,855,885
26541659728,26541659733,5,2003,1107
26543787305,26543787298,-7,1056,3950
26555495527,26555495531,4,2311,1279
26556287214,26556287218,4,2230,1252
26559068890,26559068893,3,1862,1839
26559374210,26559374218,8,2843,1315
26560157162,26560157166,4,1661,1205
26560895863,26560895867,4,1793,1072
26564863360,26564863363,3,2346,1299
26566360310,26566360312,2,773,1613
26567108623,26567108618,-5,1285,3154
26569161478,26569161483,5,3173,1454
26569784985,26569784989,4,2137,1497
26575549969,26575549974,5,1483,863
26575745158,26575745167,9,1917,1236
26577983528,26577983531,3,1948,1227
26581520685,26581520690,5,1421,1319
26582188847,26582188851,4,1610,1110
26585758137,26585758142,5,1777,1086
26592104538,26592104543,5,2275,1374
26596779084,26596779088,4,2187,1805
26597464235,26597464237,2,1834,1894
26597529727,26597529731,4,2454,1263
26600809800,26600809806,6,2604,982
26603247746,26603247751,5,2012,1666
26605352633,26605352636,3,1761,2127
26608113282,26608113286,4,1856,1130
26613001901,26613001905,4,2398,1801
26615170724,26615170728,4,1672,1480
26615601842,26615601846,4,2021,1304
26615777663,26615777657,-6,29472,17637
26618044129,26618044134,5,1980,1685
26620330478,26620330482,4,1876,1740
26623585218,26623585221,3,2349,1383
26623994494,26623994497,3,1249,670
26627095395,26627095398,3,2311,1591
26637259349,26637259356,7,2826,1454
26637321942,26637321946,4,2709,1870
26639636627,26639636629,2,1288,1013
26639901105,26639901087,-18,1463,1235
26642420199,26642420203,4,1890,1157
26642883811,26642883816,5,1371,1047
26643240332,26643240333,1,1628,902
26644701795,26644701798,3,1760,907
26645219950,26645219934,-16,2222,1777
26645385579,26645385583,4,1032,932
26645533179,26645533158,-21,905,521
26648809814,26648809798,-16,1322,572
26650847929,26650847934,5,1488,1122
26651005583,26651005591,8,1383,685
26653413658,26653413662,4,1741,1103
26654161565,26654161566,1,1348,20846
26654426710,26654426714,4,2556,1699
26661333762,26661333754,-8,1103,9249
26662875578,26662875583,5,2330,1186
26666666930,26666666935,5,1936,1590
26668387824,26668387828,4,1604,1083
26669962899,26669962902,3,1812,1999
26674152589,26674152590,1,1754,1391
26676701514,26676701519,5,2152,1496
26677040222,26677040228,6,1755,1980
26680984548,26680984553,5,1755,859
26684163819,26684163818,-1,1395,1701
26684795823,26684795826,3,1615,1151
26685350382,26685350367,-15,2454,1631
26686888170,26686888175,5,1795,1416
26689111047,26689111052,5,1194,967
26690653732,26690653734,2,1249,1763
26693237403,26693237411,8,1872,812
26694461244,26694461248,4,2039,1379
26696063588,26696063593,5,1279,593
26696267767,26696267771,4,1454,812
26698652286,26698652290,4,2089,1445
26700822008,26700822013,5,2239,1418
26702205658,26702205660,2,1756,1042
26702972690,26702972680,-10,1312,356
26710787393,26710787397,4,2374,1442
26711882823,26711882827,4,1495,1134
26712566966,26712566963,-3,1022,2088
26715388254,26715388250,-4,1118,1429
26716867762,26716867762,0,1780,1515
26729240966,26729240971,5,2210,1254
26730873639,26730873642,3,1702,1498
26731341282,26731341279,-3,525,1343
26735978830,26735978835,5,1615,1138
26736767097,26736767098,1,2726,1801
26737366021,26737366026,5,2538,1149
26738185497,26738185492,-5,1957,4483
26740848397,26740848401,4,1402,1101
26742017752,26742017755,3,1503,1113
26742666845,26742666849,4,1675,1288
26742900619,26742900623,4,1774,1051
26743325434,26743325436,2,1961,1690
26754858547,26754858552,5,1371,1244
26755199424,26755199429,5,2318,1003
26760927412,26760927416,4,2202,1243
26763702417,26763702421,4,2171,1242
26764124089,26764124092,3,2949,1545
26771385442,26771385445,3,908,997
26772578314,26772578317,3,2119,1480
26776775440,26776775443,3,2134,1653
26778188902,26778188909,7,2150,1530
26778721495,26778721494,-1,2142,3334
26780649056,26780649059,3,1576,1425
26784724821,26784724823,2,1956,1372
26784851006,26784851006,0,15904,1720
26786038114,26786038117,3,1960,1536
26788848382,26788848386,4,2138,1216
26791507790,26791507795,5,1879,1156
26792740767,26792740771,4,1684,1261
26794584765,26794584765,0,1734,1237
26795616652,26795616656,4,2078,1299
26796462967,26796462973,6,1760,1381
26798415989,26798415994,5,1750,1902
26799143877,26799143878,1,2311,1595
26801321902,26801321906,4,2266,1296
26801939484,26801939485,1,2534,2637
26803194514,26803194517,3,1732,1202
26803468194,26803468199,5,2274,1181
26804277757,26804277758,1,1948,981
26809823269,26809823273,4,2798,1505
26813311101,26813311107,6,1957,566
26824139360,26824139362,2,1777,955
26824599349,26824599351,2,2148,1187
26826178102,26826178102,0,1597,1736
26826319153,26826319158,5,1599,1157
26826869994,26826869983,-11,930,484
26828386198,26828386201,3,1828,1113
26829168494,26829168497,3,1626,1024
26830070518,26830070523,5,1777,1098
26831171881,26831171885,4,2336,1446
26831216810,26831216790,-20,1649,1096
26832687294,26832687300,6,2267,1652
26838665162,26838665165,3,1819,1072
26839210479,26839210471,-8,669,277
26845689530,26845689534,4,1865,1374
26853048755,26853048760,5,2485,1324
26861209677,26861209682,5,3056,1340
26861278105,26861278109,4,1616,1330
26861458901,26861458906,5,1596,1260
26866260190,26866260193,3,1955,1423
26867972602,26867972605,3,2094,1367
26869709962,26869709965,3,2666,1074
26874728527,26874728532,5,1786,1055
26876238378,26876238380,2,1485,995
26877004773,26877004778,5,2322,1366
26878592911,26878592917,6,2565,1817
26878695989,26878695993,4,1926,1066
26879457576,26879457564,-12,249,1168
26886047782,26886047787,5,2361,1422
26887357470,26887357474,4,2442,1540
26894556702,26894556705,3,1158,999
26895705305,26895705311,6,2483,1021
26898135578,26898135582,4,1132,712
26899044116,26899044118,2,1993,1541
26899708851,26899708854,3,1545,1859
26900484320,26900484325,5,2308,1730
26901076877,26901076878,1,2637,2212
26907391002,26907390999,-3,160,1685
26913768857,26913768861,4,2487,1389
26915120549,26915120553,4,2399,1399
26915552129,26915552135,6,1655,1166
26920774989,26920774994,5,1224,1226
26920834623,26920834631,8,1981,970
26923102346,26923102349,3,2285,1675
26924430419,26924430424,5,2745,1492
26929761732,26929761730,-2,1196,1690
26931182777,26931182778,1,2607,3381
26933209386,26933209391,5,2173,1533
26934478745,26934478747,2,1426,1183
26939343595,26939343599,4,1013,1512
26940049319,26940049324,5,3289,1711
26945518269,26945518274,5,2217,838
26945960377,26945960381,4,1787,1086
26946370434,26946370437,3,2022,1309
26947466130,26947466134,4,2578,1462
26955808528,26955808533,5,1752,929
26962149991,26962149989,-2,2603,4969
26962622435,26962622439,4,2126,1029
26966079922,26966079927,5,1890,1247
26970460011,26970460014,3,1508,883
26970758330,26970758310,-20,722,160
26973239591,26973239591,0,1744,1100
26973840134,26973840138,4,1822,1091
26974052042,26974052047,5,2704,1646
26974645579,26974645585,6,2781,1579
26976058418,26976058423,5,1732,1158
26980651857,26980651863,6,1363,739
26984405750,26984405754,4,2256,1441
26985355562,26985355567,5,1560,1545
26985755583,26985755588,5,2465,1920
26987328887,26987328884,-3,1258,1765
26988667005,26988667008,3,2646,1479
26992047001,26992047005,4,1876,1455
26994769371,26994769375,4,2243,1044
26995180718,26995180720,2,1598,1126
26996060045,26996060045,0,35323,41890
26997421630,26997421632,2,1727,1289
27000369450,27000369453,3,1641,1325
27005601118,27005601123,5,1893,1450
27006756498,27006756504,6,2028,1852
27010309822,27010309827,5,1806,1273
27011283686,27011283690,4,1908,1024
27011621109,27011621112,3,1798,1442
27012248365,27012248370,5,2934,1753
27012297261,27012297264,3,1863,1191
27012487106,27012487110,4,1780,1213
27012553154,27012553133,-21,775,674
27014527774,27014527779,5,1693,1327
27015770766,27015770768,2,1687,1646
27017296279,27017296288,9,12966,37954
27018359270,27018359269,-1,1163,1510
27028633337,27028633338,1,1168,1423
27029696275,27029696279,4,3200,2175
27029827794,27029827797,3,2206,1187
27031007836,27031007839,3,1909,1669
27032499662,27032499666,4,1627,1019
27035927565,27035927569,4,1899,1355
27037832261,27037832262,1,1843,1539
27040658368,27040658372,4,1797,1357
27041390480,27041390492,12,2140,1249
27042430814,27042430814,0,6403,10125
27043177892,27043177889,-3,1085,1485
27044597109,27044597115,6,1862,1174
27045912794,27045912798,4,1967,1251
27049757156,27049757159,3,2006,1507
27054409954,27054409958,4,1370,1332
27054757156,27054757159,3,1603,1078
27058470670,27058470673,3,1882,1401
27062423614,27062423619,5,1357,1201
27066204281,27066204290,9,2396,1843
27067242466,27067242471,5,1590,1387
27070115241,27070115239,-2,2475,3922
27072265769,27072265752,-17,2137,1040
27073025816,27073025822,6,2266,1660
27077911559,27077911563,4,1737,1142
27084207750,27084207755,5,2017,1281
27085224105,27085224111,6,2267,1987
27087726615,27087726619,4,1470,908
27089299738,27089299743,5,2515,1296
27095938149,27095938151,2,1309,975
27096497294,27096497298,4,2322,1419
27099505425,27099505426,1,1527,902
27106279990,27106279995,5,1415,695
27107322570,27107322574,4,2331,1388
27111637448,27111637454,6,4442,2273
27116266639,27116266642,3,1530,812
27117150822,27117150825,3,1598,1061
27119307038,27119307042,4,1468,1152
27122699625,27122699629,4,1856,1283
27125301423,27125301426,3,1746,1363
27125837523,27125837527,4,1229,805
27130452466,27130452469,3,1295,954
27135574119,27135574124,5,1331,1168
27137384558,27137384562,4,1883,980
27147159182,27147159187,5,2543,1552
27148025445,27148025449,4,1925,1356
27151467409,27151467414,5,2571,1099
27160744906,27160744911,5,1729,1166
27160976271,27160976273,2,2138,1798
27161289758,27161289763,5,1296,808
27168544598,27168544602,4,2218,1268
27169137662,27169137668,6,1258,925
27169753814,27169753818,4,2672,1860
27172688529,27172688534,5,1726,902
27174955870,27174955872,2,1570,931
27174999882,27174999864,-18,524,245
27176751121,27176751123,2,2422,1035
27177970051,27177970055,4,2643,982
27180365962,27180365965,3,1948,1644
27197292542,27197292546,4,2174,1589
27204279918,27204279923,5,2018,1400
27205803303,27205803306,3,2010,1381
27210209750,27210209755,5,2531,1385
27212489406,27212489410,4,1567,1029
27214754144,27214754147,3,1909,946
27214854771,27214854774,3,1828,1392
27215680678,27215680682,4,2432,1473
27217308037,27217308041,4,2001,1242
27218501050,27218501055,5,1574,1229
27220410554,27220410557,3,1612,1614
27223797041,27223797041,0,1234,1244
27225273646,27225273650,4,1831,1690
27228386037,27228386043,6,9447,5964
27228662326,27228662329,3,2422,1626
27229947273,27229947278,5,2078,1490
27230577483,27230577487,4,2304,1346
27231559501,27231559506,5,1057,472
27232951111,27232951106,-5,1862,6223
27234519067,27234519071,4,1971,1404
27237688377,27237688382,5,2915,1196
27238183017,27238183014,-3,1558,3589
27240005629,27240005631,2,1715,1211
27249448974,27249448977,3,1425,874
27250020471,27250020475,4,1552,1782
27251987535,27251987541,6,2323,1227
27255388391,27255388395,4,2182,1234
27266310383,27266310386,3,1880,1217
27269226476,27269226482,6,2718,1384
27273605252,27273605258,6,3097,1727
27273680066,27273680073,7,2163,1563
27279191401,27279191403,2,1502,1332
27283592793,27283592797,4,1278,1030
27283846275,27283846264,-11,530,166
27285767537,27285767539,2,1579,1652
27290494441,27290494445,4,1351,1091
27292850599,27292850603,4,1965,1173
27294904487,27294904491,4,1960,1655
27295777779,27295777783,4,1338,759
27296473043,27296473046,3,2589,1404
27297452004,27297452006,2,2207,1372
27304971718,27304971722,4,1831,1515
27305269227,27305269231,4,2091,1530
27306821800,27306821805,5,2467,1459
27308753617,27308753622,5,2004,1447
27310089993,27310089998,5,2800,1242
27310184482,27310184486,4,2288,1321
27316187686,27316187690,4,2184,1352
27319160545,27319160547,2,1332,1042
27321569741,27321569743,2,1977,1119
27327330805,27327330794,-11,4435,14684
27331064611,27331064615,4,1492,862
27331421670,27331421662,-8,686,217
27332850702,27332850705,3,1780,1380
27334537877,27334537881,4,1903,1625
27335137401,27335137423,22,1659,1118
27336185241,27336185246,5,2309,1145
27338938770,27338938774,4,1414,1118
27344605690,27344605695,5,2697,1308
27346156750,27346156755,5,1500,867
27347807633,27347807639,6,2484,1439
27354313485,27354313489,4,2254,1189
27355465678,27355465683,5,2843,1906
27356863923,27356863928,5,2009,1418
27357397502,27357397506,4,2525,1068
27361101250,27361101251,1,2063,2798
27361899773,27361899777,4,2100,1858
27362526307,27362526311,4,1358,889
27365808454,27365808459,5,2917,1241
27367132469,27367132474,5,1883,1119
27369136695,27369136699,4,1674,1196
27371664491,27371664490,-1,1171,1892
27375831225,27375831230,5,2451,1596
27375945042,27375945060,18,2076,1355
27380227714,27380227719,5,1907,909
27381342430,27381342434,4,1950,1958
27384613959,27384613963,4,2165,1100
27387079278,27387079282,4,2179,1351
27387674333,27387674336,3,1861,1199
27388307097,27388307101,4,2814,1482
27390171490,27390171495,5,2497,1500
27390493824,27390493828,4,2303,1851
27398784130,27398784135,5,1938,1361
27400623092,27400623096,4,2231,1519
27401348785,27401348790,5,2186,1248
27401590846,27401590846,0,1884,1147
27402330822,27402330836,14,1588,1025
27411663260,27411663265,5,9852,3759
27415672330,27415672335,5,2181,1330
27427170690,27427170696,6,1808,903
27430163065,27430163069,4,1227,1523
27431313072,27431313075,3,2270,962
27437293089,27437293092,3,2339,1481
27437379218,27437379223,5,1681,1003
27437423743,27437423738,-5,862,2495
27437912570,27437912556,-14,1076,410
27447451595,27447451589,-6,2221,7803
27448348222,27448348228,6,6968,2988
27450201093,27450201096,3,1575,1265
27452270919,27452270922,3,1797,1552
27452323737,27452323737,0,1869,1544
27454602946,27454602950,4,1997,1315
27457846999,27457847002,3,2689,1707
27459829646,27459829649,3,1904,1139
27468543349,27468543352,3,2514,1572
27468759557,27468759567,10,2179,1343
27471928301,27471928305,4,1570,1088
27472136880,27472136883,3,2106,1055
27474468314,27474468321,7,2088,1117
27476865086,27476865089,3,1262,664
27478239405,27478239410,5,2070,2217
27479453157,27479453159,2,1667,1635
27485150290,27485150293,3,1862,1232
27486669700,27486669705,5,2118,1310
27486732433,27486732436,3,2458,1554
27487381704,27487381711,7,11373,28225
27487466880,27487466883,3,15046,11746
27489235194,27489235196,2,1576,1458
27489347811,27489347810,-1,610,949
27489450271,27489450273,2,1727,1495
27494502405,27494502409,4,3021,1383
27494755373,27494755376,3,1333,1368
27495050762,27495050743,-19,1800,1291
27501406853,27501406856,3,1274,824
27506702010,27506702014,4,5122,2609
27507330204,27507330208,4,1390,1508
27508110315,27508110320,5,1460,1055
27509089869,27509089875,6,2167,1130
27509368937,27509368920,-17,1834,503
27510545294,27510545283,-11,1763,804
27511105830,27511105816,-14,948,511
27511213873,27511213877,4,2419,1303
27518793528,27518793531,3,1763,1502
27519455030,27519455035,5,1793,878
27519902145,27519902149,4,2219,1212
27523889097,27523889102,5,2078,1427
27531085433,27531085436,3,2148,1951
27531935892,27531935894,2,2078,1129
27533263560,27533263565,5,1708,848
27541808275,27541808278,3,2716,1355
27546325635,27546325638,3,1703,1033
27546744618,27546744625,7,2657,1065
27555984446,27555984450,4,1838,1620
27560495670,27560495674,4,1546,1565
27560594478,27560594482,4,2053,1410
27561183250,27561183253,3,2011,1539
27562165258,27562165262,4,2355,1572
27564277110,27564277106,-4,898,1893
27564525946,27564525951,5,2230,1646
27570578302,27570578306,4,2243,1960
27573965598,27573965599,1,1462,1833
27574545128,27574545133,5,1096,806
27574873682,27574873686,4,1777,809
27577653946,27577653950,4,2203,1524
27580048748,27580048753,5,2157,1380
27583218479,27583218481,2,1394,1246
27583465705,27583465711,6,1451,1421
27588103501,27588103506,5,2516,1412
27588536646,27588536652,6,1410,1008
27591340103,27591340103,0,3024,3540
27594345061,27594345066,5,1897,922
27594870196,27594870201,5,2629,1218
27601499325,27601499330,5,2008,1322
27613047646,27613047651,5,2543,1361
27615096147,27615096151,4,1741,980
27617114609,27617114614,5,1913,1226
27618721186,27618721195,9,26824,54433
27619386910,27619386914,4,1687,1173
27619908703,27619908709,6,2189,1317
27624429192,27624429197,5,1537,1249
27631728127,27631728130,3,1886,1213
27632877478,27632877482,4,1491,1738
27636180229,27636180234,5,2284,1682
27639992830,27639992835,5,2801,1536
27640054991,27640054994,3,1901,1138
27641689114,27641689118,4,2667,1248
27642026863,27642026871,8,1158,263
27642672889,27642672893,4,2460,1510
27645088450,27645088454,4,1752,1035
27645257304,27645257307,3,2151,1376
27647839581,27647839586,5,1924,1423
27648475758,27648475763,5,2111,1176
27649245766,27649245770,4,1698,912
27652011681,27652011686,5,2289,1556
27652150403,27652150406,3,1803,1280
27653586124,27653586129,5,1953,1060
27655796788,27655796785,-3,964,2302
27665365158,27665365167,9,2562,1369
27665433155,27665433159,4,2132,1215
27665518620,27665518623,3,2374,1406
27666799170,27666799173,3,1352,1557
27671149695,27671149698,3,1809,932
27674331870,27674331873,3,2526,1540
27675663033,27675663039,6,922,979
27678352261,27678352263,2,1484,2484
27679115990,27679115994,4,1829,1354
27684653338,27684653342,4,1563,989
27692026994,27692027001,7,1836,1435
27695161634,27695161634,0,2722,3212
27698208833,27698208846,13,15252,37369
27702444948,27702444954,6,2240,1584
27705495169,27705495174,5,1399,1040
27713644876,27713644880,4,1513,1465
27716163953,27716163957,4,1827,1656
27716408665,27716408669,4,1446,1044
27716766925,27716766930,5,1176,1045
27718914659,27718914663,4,3118,1913
27721879279,27721879282,3,1874,1191
27726399461,27726399465,4,2196,2021
27726746614,27726746619,5,2078,1593
27727674622,27727674626,4,1913,1110
27727813225,27727813228,3,1715,931
27731240628,27731240634,6,1597,1132
27734447899,27734447902,3,2075,1545
27745197873,27745197878,5,2104,1465
27747881567,27747881571,4,2351,1509
27751609693,27751609697,4,1593,962
27752937971,27752937974,3,2345,1705
27753481834,27753481835,1,1995,1049
27754128369,27754128373,4,2792,1389
27757148811,27757148815,4,2606,1202
27759584987,27759584990,3,2322,1972
27760533048,27760533053,5,2200,1362
27760922413,27760922419,6,2209,1019
27771264102,27771264107,5,2249,1014
27773438398,27773438397,-1,1139,1073
27775295481,27775295487,6,2966,1531
27776529509,27776529514,5,2206,1379
27778160147,27778160150,3,1079,1237
27779588938,27779588944,6,1563,1739
27785589495,27785589495,0,3177,3851
27787543585,27787543590,5,3627,1481
27789497657,27789497658,1,1847,1611
27790774685,27790774690,5,2056,1194
27791713717,27791713718,1,1938,2438
27794097180,27794097182,2,1707,1465
27794697338,27794697341,3,1606,1242
27794817033,27794817038,5,2673,1587
27796421781,27796421789,8,1343,1055
27798540622,27798540627,5,1421,1082
27800669197,27800669199,2,1571,1266
27803955153,27803955156,3,1344,1224
27804236483,27804236462,-21,800,190
27807363518,27807363519,1,2023,1955
27807532747,27807532752,5,1681,1416
27807585602,27807585623,21,2424,1425
27808524773,27808524775,2,1466,1742
27813065819,27813065823,4,2505,694
27817106238,27817106242,4,2045,1518
27817713950,27817713954,4,2073,1369
27818447241,27818447246,5,2580,1429
27818512863,27818512863,0,1535,1356
27820214220,27820214222,2,1679,1161
27821762046,27821762055,9,1325,1445
27822822502,27822822506,4,2441,1698
27822928807,27822928811,4,2286,1404
27823685298,27823685303,5,2220,936
27824466076,27824466079,3,1238,1027
27825664363,27825664367,4,1644,1264
27829300759,27829300759,0,568,1027
27830226054,27830226039,-15,843,617
27831325422,27831325427,5,1892,1603
27833350190,27833350195,5,2347,953
27834402954,27834402959,5,1848,936
27836419001,27836419004,3,1866,1559
27842554508,27842554515,7,2820,1260
27843866942,27843866946,4,1411,1155
27847143778,27847143782,4,1928,1414
27847460474,27847460476,2,1820,1262
27855314125,27855314130,5,1135,542
27857072286,27857072290,4,1621,901
27858347118,27858347123,5,1904,1201
27859135050,27859135054,4,1476,1217
27859947013,27859947015,2,1546,1785
27862083183,27862083181,-2,1641,4347
27862961460,27862961450,-10,1364,1480
27869115019,27869115020,1,6490,8486
27870042723,27870042723,0,1464,1821
27872269827,27872269830,3,2212,1154
27873544829,27873544832,3,1525,1235
27876344634,27876344637,3,1860,1435
27876636233,27876636213,-20,1203,548
27877857257,27877857262,5,2528,1482
27880662218,27880662222,4,1933,999
27880784615,27880784600,-15,1584,912
27882216090,27882216094,4,2528,1361
27882464483,27882464487,4,1086,949
27889442162,27889442167,5,2293,1202
27894613079,27894613078,-1,1165,1134
27895706494,27895706498,4,2476,1483
27900232918,27900232922,4,1602,1759
27900498683,27900498668,-15,1522,497
27902214603,27902214607,4,2411,1630
27906684398,27906684398,0,2418,2147
27908533084,27908533088,4,1633,948
27910559797,27910559778,-19,962,1461
27911118409,27911118414,5,1627,1102
27911615198,27911615202,4,2683,1670
27914222611,27914222608,-3,1305,4734
27915031358,27915031365,7,2215,1318
27917064118,27917064121,3,1707,1537
27917370480,27917370483,3,2092,1213
27925384079,27925384082,3,990,622
27926485687,27926485690,3,2169,1078
27927402057,27927402063,6,1534,1121
27928250730,27928250734,4,1214,1154
27929647326,27929647322,-4,1066,1950
27930043158,27930043163,5,2038,1560
27931146049,27931146052,3,2666,2023
27931230698,27931230705,7,1952,1413
27931337278,27931337283,5,3255,1237
27931492749,27931492751,2,2279,1153
27933280810,27933280815,5,1137,995
27935302770,27935302774,4,2224,1143
27937120807,27937120816,9,4048,1564
27939486915,27939486918,3,2372,1468
27946544396,27946544398,2,1602,1075
27947551485,27947551488,3,1267,786
27948139552,27948139532,-20,2888,1047
27949342942,27949342947,5,2257,1430
27950601886,27950601891,5,2394,1528
27952819209,27952819211,2,1422,1156
27953965963,27953965967,4,1866,983
27955821775,27955821778,3,1536,1059
27956258986,27956258990,4,1989,1331
27958763099,27958763103,4,2695,1365
27959665666,27959665671,5,2283,1351
27962354538,27962354542,4,1689,1222
27963156297,27963156301,4,2057,1284
27966338203,27966338206,3,1066,911
27967215773,27967215777,4,2471,1696
27967454634,27967454638,4,1884,1011
27970405965,27970405971,6,2408,1401
27975189825,27975189830,5,2455,1160
27975993553,27975993558,5,2015,1378
27979014985,27979014990,5,2567,1259
27985532042,27985532045,3,1294,843
27987795746,27987795750,4,1786,1017
27988897507,27988897512,5,2736,1785
27991202736,27991202740,4,2014,985
27998576466,27998576470,4,1514,813
28001605295,28001605298,3,2006,1237
28001897181,28001897186,5,1787,1329
28005192499,28005192503,4,1502,844
28010814734,28010814739,5,2823,1621
28012895490,28012895495,5,1226,649
28014497804,28014497799,-5,861,2605
28014767959,28014767962,3,1611,1338
28016980782,28016980785,3,2275,1572
28023793605,28023793610,5,3816,957
28028102517,28028102522,5,2520,1350
28034888752,28034888757,5,2141,1281
28035419621,28035419625,4,2045,1451
28036508520,28036508524,4,2033,1139
28036981925,28036981927,2,1248,1098
28038830382,28038830389,7,2517,1192
28039494460,28039494462,2,1440,942
28041377869,28041377866,-3,955,2369
28041954046,28041954050,4,2366,1060
28042283394,28042283402,8,2576,1146
28052258968,28052258970,2,1646,1163
28054213890,28054213894,4,1436,889
28056254826,28056254827,1,1757,1655
28058473548,28058473551,3,25218,20344
28060627443,28060627447,4,1310,1023
28060714705,28060714685,-20,1159,847
28066290895,28066290899,4,1635,1308
28067314646,28067314650,4,2295,1276
28070041187,28070041191,4,1651,1232
28070893502,28070893507,5,2094,2322
28072804566,28072804570,4,1929,1409
28074698905,28074698911,6,1864,1002
28076871244,28076871251,7,2359,1363
28082558500,28082558505,5,1927,1586
28084359581,28084359583,2,1803,1264
28088628850,28088628843,-7,5030,29011
28095302635,28095302638,3,2001,1409
28095368287,28095368287,0,891,951
28098197287,28098197291,4,2147,1002
28105292330,28105292331,1,1450,1566
28105678817,28105678823,6,1738,1010
28105832610,28105832590,-20,2388,1641
28107728534,28107728540,6,1518,1180
28109489402,28109489406,4,1698,1253
28110221717,28110221721,4,1978,1130
28110715362,28110715366,4,2126,1657
28112232511,28112232518,7,859,692
28112811080,28112811086,6,2792,1424
28115296634,28115296638,4,2400,1643
28119622119,28119622114,-5,1016,3104
28121162023,28121162026,3,2406,1428
28125763104,28125763107,3,1997,1576
28125920070,28125920074,4,1756,1576
28125963102,28125963095,-7,1162,4437
28129111041,28129111046,5,1336,1051
28130821896,28130821899,3,1785,1115
28130922385,28130922389,4,3013,1384
28132877610,28132877615,5,1453,965
28134274773,28134274778,5,2355,1490
28134302095,28134302100,5,2099,1285
28134872470,28134872474,4,2122,1364
28134967574,28134967579,5,1494,1254
28143735375,28143735353,-22,1876,1213
28147511661,28147511658,-3,2180,3773
28152404658,28152404662,4,1621,1025
28152757292,28152757294,2,1627,1172
28153983869,28153983874,5,1120,1053
28159346022,28159346022,0,2307,3251
28161818441,28161818445,4,2192,1144
28162211816,28162211829,13,2315,1537
28168534473,28168534475,2,1279,1104
28171668195,28171668199,4,1987,1215
28175288418,28175288423,5,1424,1146
28177605969,28177605971,2,2058,1340
28178012948,28178012955,7,1515,869
28180613261,28180613266,5,2166,1367
28183879570,28183879574,4,1870,1131
28185370562,28185370566,4,2937,1620
28185943202,28185943206,4,2153,1697
28186404340,28186404340,0,1866,1639
28188073402,28188073405,3,1916,1444
28195153630,28195153635,5,1656,1126
28198771026,28198771029,3,2229,989
28199333819,28199333822,3,2495,1562
28200146777,28200146780,3,2085,1586
28203969198,28203969201,3,1327,946
28205556839,28205556844,5,2472,1482
28209157736,28209157739,3,2091,1776
28209500199,28209500202,3,2773,1640
28210312852,28210312855,3,1844,1328
28225920921,28225920925,4,1831,1081
28226945518,28226945522,4,1210,957
28227583911,28227583893,-18,995,763
28229297255,28229297249,-6,1178,5300
28231101285,28231101273,-12,1309,639
28232136746,28232136749,3,1714,1277
28238265753,28238265758,5,2076,1344
28238640910,28238640916,6,1758,1556
28238808194,28238808173,-21,2076,2274
28242836631,28242836635,4,2104,1282
28248846706,28248846710,4,1738,1944
28255972627,28255972630,3,1771,1130
28256449547,28256449554,7,2013,1464
28256680872,28256680876,4,1305,817
28258469782,28258469785,3,1789,1800
28259422959,28259422963,4,2382,1865
28268986938,28268986945,7,2361,1480
28271864453,28271864457,4,2277,1834
28273762161,28273762166,5,2073,1567
28274934633,28274934638,5,2326,1117
28276172610,28276172614,4,1766,1451
28276643938,28276643945,7,2389,1096
28279345624,28279345628,4,1807,2023
28281500548,28281500552,4,2740,1735
28282169274,28282169277,3,1303,1549
28284665482,28284665487,5,839,673
28296001947,28296001953,6,1871,1274
28296571287,28296571300,13,649,397
28298607043,28298607042,-1,1395,1284
28303751152,28303751146,-6,1462,3897
28305758248,28305758248,0,774,2026
28307532491,28307532494,3,2356,1096
28307816543,28307816546,3,2270,1358
28308433610,28308433614,4,2441,1354
28308636577,28308636580,3,1319,1092
28310012960,28310012961,1,1589,1761
28312739086,28312739090,4,1596,1335
28327300212,28327300218,6,5648,3556
28328527900,28328527904,4,2281,2047
28330621330,28330621334,4,2221,1394
28332100005,28332100010,5,2365,1427
28332192798,28332192797,-1,1597,2396
28333471239,28333471245,6,1685,1451
28340283596,28340283601,5,2183,1114
28341163341,28341163350,9,2768,1218
28342036711,28342036717,6,4006,1876
28342281970,28342281974,4,2314,2030
28347018906,28347018909,3,909,1062
28348683953,28348683958,5,1759,1290
28348901839,28348901843,4,1706,918
28351219721,28351219724,3,2501,1518
28352620112,28352620115,3,1650,1323
28355594193,28355594197,4,2186,1619
28357052733,28357052738,5,2036,1505
28358920950,28358920953,3,1693,1475
28359195136,28359195142,6,1686,771
28359401903,28359401907,4,2147,1183
28359675226,28359675233,7,1376,1064
28365991185,28365991190,5,1415,1000
28366713381,28366713383,2,1478,1157
28368337365,28368337369,4,2368,1479
28371411375,28371411384,9,1404,1083
28372274031,28372274035,4,1888,1044
28373907366,28373907372,6,1496,1057
28376265679,28376265684,5,1699,962
28376430627,28376430636,9,519,783
28377686619,28377686623,4,1799,997
28378986541,28378986545,4,3377,2420
28381350138,28381350143,5,1812,1356
28382867798,28382867803,5,1711,961
28383240199,28383240203,4,1927,1147
28383728233,28383728237,4,2319,1067
28385824401,28385824405,4,1598,1286
28387275025,28387275027,2,1615,1176
28387550417,28387550420,3,2192,1453
28387824458,28387824478,20,1673,1137
28391820228,28391820234,6,1877,1507
28391921814,28391921814,0,1113,1819
28401272886,28401272891,5,954,808
28402274929,28402274931,2,1130,960
28402862538,28402862541,3,1658,1420
28405775405,28405775409,4,2356,1015
28409846130,28409846133,3,2732,1965
28412036354,28412036357,3,2089,1024
28412557877,28412557879,2,1880,1289
28416151869,28416151871,2,2406,1393
28416777429,28416777426,-3,375,1744
28417097158,28417097163,5,1725,1180
28420063478,28420063482,4,2007,1067
28421392959,28421392962,3,1395,1374
28423288351,28423288363,12,302,1042
28424707063,28424707067,4,1878,1165
28425965050,28425965055,5,1051,1235
28429487722,28429487727,5,2692,1285
28429707407,28429707411,4,1341,1124
28429795330,28429795334,4,2426,1188
28430022806,28430022809,3,1657,1706
28430811231,28430811237,6,1960,1540
28438726277,28438726281,4,2806,1641
28439397376,28439397380,4,2133,1347
28439691935,28439691941,6,2523,1309
28439725142,28439725146,4,3483,1544
28440570138,28440570159,21,1919,1296
28440982370,28440982375,5,2009,1354
28441553241,28441553246,5,1546,955
28443068526,28443068528,2,1629,1249
28443169862,28443169878,16,1804,1816
28443391101,28443391106,5,2138,1520
28444160233,28444160234,1,1340,1196
28444958597,28444958602,5,1882,846
28448181795,28448181799,4,1970,1138
28451323849,28451323854,5,2283,1036
28452125307,28452125285,-22,2716,2576
28452976674,28452976678,4,2341,1229
28453319665,28453319669,4,1310,1253
28455164618,28455164624,6,2301,1193
28458122701,28458122707,6,3194,1078
28458927868,28458927872,4,1913,1531
28458971485,28458971490,5,2219,1053
28460190980,28460190983,3,1848,1551
28461491823,28461491827,4,2579,1360
28462658270,28462658274,4,1728,1158
28465919388,28465919390,2,1437,1528
28465992622,28465992627,5,1946,1011
28467111951,28467111949,-2,1170,1762
28468510582,28468510585,3,1824,1245
28469208670,28469208675,5,2725,1843
28469767449,28469767453,4,2448,1191
28475301701,28475301703,2,1683,1369
28480104986,28480104992,6,1252,1031
28481970736,28481970742,6,2045,1377
28482843881,28482843882,1,1235,1412
28482999856,28482999852,-4,1146,1713
28483952917,28483952923,6,2480,1418
28489591125,28489591130,5,2633,1290
28489840491,28489840511,20,1916,1197
28490568528,28490568521,-7,2129,8241
28492005739,28492005740,1,1110,1390
28492674371,28492674376,5,2050,1377
28493178426,28493178430,4,1782,1365
28495908517,28495908521,4,1862,1509
28496909357,28496909340,-17,1642,893
28497842042,28497842046,4,2564,1256
28498402926,28498402931,5,1660,1209
28500493713,28500493721,8,2546,926
28502069630,28502069635,5,1699,1318
28503515081,28503515090,9,11866,35905
28505970778,28505970783,5,1728,1220
28506798394,28506798395,1,1160,1174
28509098425,28509098426,1,2202,1113
28512253822,28512253826,4,2247,952
28513381850,28513381854,4,2243,948
28513713767,28513713751,-16,379,446
28516261683,28516261681,-2,19764,9232
28517067719,28517067723,4,1644,1692
28523856039,28523856046,7,2020,942
28526288962,28526288965,3,1676,1666
28538768687,28538768689,2,1715,1314
28542016418,28542016424,6,2116,1520
28542834526,28542834512,-14,1586,1141
28544159599,28544159603,4,1978,1592
28544730801,28544730806,5,1826,1291
28544973030,28544973025,-5,790,2860
28546815029,28546815032,3,1803,2199
28550069209,28550069214,5,3910,1490
28553869321,28553869326,5,1892,1990
28554743413,28554743418,5,2068,1315
28558840392,28558840394,2,1268,1109
28559088819,28559088822,3,1837,970
28559252789,28559252794,5,1975,1309
28559940564,28559940566,2,1473,1098
28562715412,28562715415,3,2038,1346
28569572868,28569572871,3,1785,1527
28569605875,28569605878,3,1740,920
28573068714,28573068718,4,1200,1104
28573390406,28573390392,-14,2657,1285
28576381613,28576381618,5,1730,1280
28579475140,28579475142,2,1649,967
28588363542,28588363547,5,1590,925
28588486861,28588486864,3,1851,1607
28591516902,28591516908,6,1878,1215
28591548663,28591548669,6,1593,1208
28592893609,28592893614,5,1425,1184
28595672601,28595672605,4,2554,1009
28595992505,28595992510,5,1726,1090
28596818397,28596818402,5,1593,1186
28603382919,28603382923,4,1468,1543
28605380061,28605380065,4,1614,1172
28612970549,28612970554,5,2812,2134
28615760843,28615760847,4,1712,1033
28616639719,28616639720,1,1304,1312
28616696113,28616696119,6,2491,1839
28616912770,28616912772,2,1790,1284
28617628085,28617628091,6,1682,1173
28619482631,28619482627,-4,1145,182
28621724362,28621724367,5,1838,1347
28623848827,28623848832,5,1346,1220
28624617735,28624617740,5,1209,961
28625712758,28625712759,1,1166,1584
28625766987,28625766990,3,1657,1119
28630162857,28630162861,4,1736,1591
28632504494,28632504495,1,1730,1310
28633101411,28633101416,5,2066,1667
28638721253,28638721238,-15,2201,928
28639943466,28639943470,4,2482,1476
28644595562,28644595565,3,1870,1707
28644659979,28644659983,4,1861,1295
28645273110,28645273116,6,3667,1536
28645943566,28645943570,4,2088,1308
28648581614,28648581617,3,1521,1288
28649627878,28649627884,6,1846,1388
28651249889,28651249892,3,2741,1514
28651320033,28651320037,4,2134,1717
28653801130,28653801135,5,1722,1120
28654610508,28654610515,7,3568,1158
28655797865,28655797869,4,1978,1758
28662630334,28662630334,0,2190,1507
28665942181,28665942185,4,964,1229
28667469321,28667469326,5,1948,994
28667535108,28667535109,1,1841,1295
28668615333,28668615338,5,2115,1563
28670435897,28670435902,5,2294,1146
28672834457,28672834462,5,2401,1286
28673894863,28673894867,4,1417,901
28675360879,28675360883,4,2428,1197
28677362689,28677362694,5,1863,1149
28677695611,28677695615,4,2242,1405
28678355818,28678355822,4,1870,1806
28680156578,28680156580,2,1665,1586
28681434646,28681434646,0,2192,1457
28685601597,28685601595,-2,1707,2602
28685860225,28685860231,6,2077,1426
28685997038,28685997042,4,2190,1181
28689223862,28689223866,4,2025,1145
28689408076,28689408079,3,1408,1344
28693285039,28693285044,5,2964,1921
28697412798,28697412803,5,1591,1135
28705476274,28705476278,4,2326,1454
28707849613,28707849619,6,1161,858
28709453687,28709453692,5,1809,1194
28711354817,28711354822,5,2390,1314
28713260987,28713260991,4,1959,1019
28714685614,28714685620,6,2017,1499
28715980734,28715980733,-1,1357,1902
28717534602,28717534580,-22,1312,1035
28718475757,28718475763,6,2051,983
28718789822,28718789826,4,1464,1228
28719969722,28719969725,3,3011,2031
28720632643,28720632644,1,1743,1385
28723784318,28723784321,3,2183,1453
28724886410,28724886417,7,1630,1108
28725352765,28725352770,5,2311,1664
28727415253,28727415249,-4,397,4491
28728040061,28728040068,7,3700,1169
28731665602,28731665607,5,1509,1324
28735372816,28735372818,2,1953,1351
28736928914,28736928914,0,1592,1686
28743717296,28743717301,5,3258,1707
28743821698,28743821704,6,1917,971
28745800010,28745800017,7,2834,1685
28746302823,28746302826,3,1929,1074
28748537791,28748537795,4,2169,1138
28750019330,28750019334,4,1290,720
28750906806,28750906810,4,2014,1858
28754181306,28754181312,6,2541,1307
28755361813,28755361817,4,1972,1008
28755624012,28755624014,2,978,384
28757080814,28757080817,3,2157,1165
28758114053,28758114057,4,2303,1438
28759605467,28759605471,4,1961,1204
28762201257,28762201259,2,1321,1415
28764323150,28764323154,4,1268,1352
28766159178,28766159180,2,1426,981
28769887304,28769887317,13,712,4009
28772833896,28772833900,4,2020,1713
28775505682,28775505686,4,1960,963
28776418235,28776418242,7,1391,1019
28776504819,28776504823,4,1840,1146
28776641006,28776641009,3,1243,914
28776990369,28776990375,6,973,248
28784576014,28784576009,-5,1427,3046
28785371135,28785371139,4,2109,1343
28786348818,28786348824,6,1603,1485
28787691793,28787691798,5,1883,1436
28789125070,28789125074,4,2053,1430
28790529825,28790529826,1,1559,934
28796837978,28796837982,4,4560,2723
28802439936,28802439939,3,1907,1316
28804166253,28804166251,-2,1654,2988
28808393813,28808393815,2,1720,1067
28810703464,28810703460,-4,3442,8208
28812274987,28812274991,4,1750,1277
28816930066,28816930070,4,1458,1503
28824589238,28824589243,5,1984,1181
28826269666,28826269670,4,2511,1950
28826504705,28826504707,2,1181,1582
28826746324,28826746318,-6,1433,1053
28831932199,28831932194,-5,986,2704
28834449069,28834449072,3,2131,1600
28835904974,28835904979,5,2417,1337
28837423011,28837423015,4,1574,797
28837623231,28837623233,2,1428,1512
28839880986,28839880990,4,2111,1476
28841774933,28841774938,5,4683,2544
28842272150,28842272153,3,1952,1221
28843839539,28843839542,3,1913,1152
28846537213,28846537218,5,1672,853
28849215657,28849215662,5,1433,973
28850233476,28850233482,6,2099,951
28850734905,28850734911,6,3304,1276
28850797418,28850797422,4,1664,1099
28850922858,28850922869,11,1110,962
28851528969,28851528974,5,1800,914
28856245287,28856245292,5,1427,1145
28857927485,28857927491,6,2466,1053
28858125390,28858125394,4,1795,1595
28864713984,28864713989,5,2140,1799
28870031393,28870031398,5,1819,1115
28872234145,28872234147,2,1255,987
28878349250,28878349255,5,2221,951
28881516418,28881516425,7,5717,3022
28885517502,28885517506,4,2235,1582
28886549117,28886549122,5,2734,1488
28887269027,28887269031,4,2353,1490
28887617816,28887617817,1,9668,9986
28888258443,28888258447,4,1546,1429
28888305020,28888305030,10,1892,1190
28891041641,28891041643,2,2209,1616
28894263396,28894263402,6,2224,1172
28897148337,28897148341,4,1215,1243
28897650652,28897650656,4,2375,1406
28897886795,28897886798,3,2787,992
28906151566,28906151568,2,1343,650
28910581964,28910581961,-3,2769,12926
28912790898,28912790902,4,1921,1070
28913543267,28913543271,4,1913,1481
28913888702,28913888707,5,1983,1390
28916320350,28916320351,1,1733,1224
28921651008,28921651011,3,1612,803
28925054110,28925054113,3,1932,1661
28927796453,28927796454,1,1344,2446
28928931661,28928931666,5,2046,1167
28929917387,28929917394,7,1447,908
28930952668,28930952672,4,1707,1656
28936311562,28936311567,5,1239,887
28943174506,28943174513,7,7706,1577
28944003494,28944003501,7,1669,1122
28944551337,28944551342,5,1770,1551
28950871081,28950871074,-7,2678,13910
28952219398,28952219402,4,1767,1233
28954448790,28954448794,4,2528,1425
28959342417,28959342421,4,2731,1697
28959567624,28959567627,3,2179,1609
28959842538,28959842542,4,1728,1381
28960690336,28960690340,4,1928,1250
28962131942,28962131946,4,1289,1206
28962219794,28962219798,4,1489,806
28964724506,28964724510,4,957,895
28965014006,28965014020,14,1790,1491
28967051090,28967051095,5,1744,1166
28967281713,28967281714,1,1954,1377
28969546541,28969546537,-4,1131,2301
28970365855,28970365859,4,1727,1027
28972813156,28972813158,2,2343,2013
28977752318,28977752318,0,1610,1235
28980372155,28980372159,4,1596,1130
28991338709,28991338714,5,989,898
28992356675,28992356678,3,2653,1513
28992807735,28992807742,7,1839,1497
28994367649,28994367651,2,2930,3299
28996353275,28996353282,7,2388,1052
29002603715,29002603719,4,2687,1357
29003106727,29003106731,4,1549,1051
29003962607,29003962607,0,1935,1790
29004456289,29004456293,4,2228,1106
29005570772,29005570776,4,2002,1302
29010158396,29010158399,3,2522,1062
29015650682,29015650686,4,1842,1434
29021259269,29021259274,5,3009,1445
29021459647,29021459650,3,1485,1929
29025558876,29025558878,2,1326,1410
29025717715,29025717709,-6,1028,5801
29030939402,29030939407,5,1143,1064
29033888477,29033888481,4,2444,1033
29034095552,29034095572,20,2056,1199
29034487948,29034487949,1,1420,1430
29038833827,29038833822,-5,1182,4716
29040314646,29040314649,3,2346,1818
29041487649,29041487654,5,2255,1271
29043884368,29043884370,2,1665,1513
29044129171,29044129176,5,2117,1368
29045358246,29045358251,5,1785,1023
29051015517,29051015519,2,1869,1259
29053753738,29053753743,5,2314,1251
29054066502,29054066488,-14,1744,1111
29061766607,29061766611,4,2580,1668
29066834096,29066834099,3,1446,640
29070317585,29070317590,5,1734,1187
29070375489,29070375493,4,1620,1377
29070875450,29070875455,5,1657,1155
29072860006,29072860013,7,1953,1502
29073059441,29073059437,-4,947,2626
29076171900,29076171903,3,2481,1567
29079951799,29079951803,4,2098,905
29080183362,29080183363,1,1612,638
29081432098,29081432102,4,1926,1229
29086320533,29086320540,7,2392,1474
29087252471,29087252473,2,2234,1744
29091929213,29091929218,5,1767,1066
29092578977,29092578979,2,1635,1073
29093570820,29093570824,4,1540,1347
29094441371,29094441349,-22,1722,1111
29095685594,29095685598,4,2233,1665
29096299870,29096299874,4,1687,1381
29097900813,29097900816,3,1853,1301
29099443229,29099443234,5,1760,1145
29104822871,29104822874,3,3723,2286
29107287210,29107287206,-4,24221,7994
29108726327,29108726330,3,1674,1786
29110922622,29110922624,2,3444,3550
29113312209,29113312212,3,1741,1660
29117534762,29117534766,4,1882,1299
29118145735,29118145740,5,1445,1317
29122568182,29122568183,1,1258,1448
29124260382,29124260386,4,1543,758
29124481494,29124481498,4,1857,1285
29125395217,29125395221,4,1906,1619
29126576999,29126577004,5,1587,1382
29128653242,29128653247,5,2583,1064
29132817862,29132817867,5,1794,1710
29133791886,29133791889,3,2731,1835
29133961403,29133961407,4,2728,1456
29136516482,29136516481,-1,931,1562
29137005907,29137005909,2,2127,1561
29142059474,29142059478,4,2311,1331
29143344933,29143344937,4,1949,1171
29145589105,29145589110,5,2430,1395
29150060854,29150060858,4,2034,1051
29154950131,29154950137,6,1917,1509
29155579006,29155579010,4,1639,1488
29155679396,29155679398,2,887,941
29157732214,29157732218,4,2093,1418
29157898594,29157898606,12,1820,1317
29158298860,29158298862,2,2045,1445
29158763999,29158764004,5,1954,1251
29159172945,29159172949,4,2083,1800
29163607982,29163607988,6,2205,1309
29173760747,29173760750,3,1857,1180
29176511454,29176511457,3,2854,1356
29177998090,29177998095,5,1843,1037
29185469830,29185469834,4,1556,1546
29190752494,29190752499,5,2024,1606
29192671193,29192671197,4,2188,1250
29194245391,29194245402,11,13968,30277
29195050906,29195050910,4,1872,1475
29195105575,29195105578,3,1721,1260
29197627386,29197627388,2,1522,2084
29202497214,29202497212,-2,831,1386
29203215083,29203215086,3,909,1118
29205298346,29205298352,6,2620,1475
29207002794,29207002798,4,2108,1259
29211322310,29211322313,3,1863,1557
29212028538,29212028541,3,2347,1898
29213425297,29213425300,3,2093,1755
29216022358,29216022365,7,1852,844
29216553405,29216553410,5,1878,1072
29219282062,29219282067,5,2110,1322
29220056426,29220056431,5,1264,907
29220632216,29220632223,7,2198,1363
29221200163,29221200166,3,1451,1314
29222981860,29222981863,3,1505,785
29224609577,29224609581,4,2411,1776
29225367281,29225367285,4,2177,1493
29226495684,29226495689,5,1567,887
29226664877,29226664880,3,1781,1327
29230739487,29230739481,-6,671,2502
29233163931,29233163910,-21,1132,383
29237558030,29237558033,3,1871,1355
29238294234,29238294229,-5,18988,14223
29245837117,29245837123,6,2235,1155
29248061819,29248061823,4,2421,1054
29248209739,29248209742,3,1889,1264
29255391338,29255391342,4,1851,1259
29257048778,29257048779,1,1668,1020
29259871563,29259871554,-9,920,14943
29263079021,29263079026,5,2772,1549
29266312010,29266312013,3,1953,1332
29267076244,29267076248,4,2368,1144
29267633382,29267633388,6,1912,1198
29269960698,29269960701,3,2066,889
29270597391,29270597403,12,1460,1025
29273186745,29273186747,2,1570,978
29278452498,29278452519,21,1549,1246
29280599509,29280599515,6,1979,1385
29280996114,29280996117,3,1685,795
29283208766,29283208771,5,1421,848
29288696041,29288696026,-15,1483,813
29289315997,29289315999,2,1925,928
29290220574,29290220578,4,1958,1954
29291485483,29291485487,4,2070,1398
29291555693,29291555697,4,1585,1201
29294722493,29294722494,1,1675,1317
29300006114,29300006119,5,1969,1025
29300517080,29300517082,2,1516,1708
29302021649,29302021654,5,1858,1226
29302273003,29302273009,6,2214,1336
29303912205,29303912210,5,1692,1407
29304435460,29304435466,6,2243,1366
29306552797,29306552802,5,1931,1669
29306987469,29306987472,3,1489,1527
29308506735,29308506717,-18,2631,2007
29312070382,29312070386,4,2338,1490
29313079307,29313079306,-1,1612,1989
29314044904,29314044906,2,1250,1750
29320458659,29320458663,4,986,798
29322238838,29322238839,1,1659,1160
29323247541,29323247546,5,2300,1507
29323504886,29323504891,5,1333,1088
29328364854,29328364858,4,2772,1503
29329717602,29329717605,3,1857,1755
29329921065,29329921060,-5,815,2397
29332550087,29332550091,4,3605,3033
29333012863,29333012868,5,1547,1193
29339956225,29339956230,5,1633,787
29341362064,29341362067,3,57,949
29347949729,29347949732,3,1751,1323
29349882015,29349882019,4,2255,1158
29351325823,29351325827,4,1630,1209
29355410354,29355410362,8,2395,1239
29356361781,29356361784,3,1599,1215
29359547382,29359547385,3,2474,1399
29360234779,29360234777,-2,1987,3765
29360958170,29360958174,4,1709,595
29362791352,29362791357,5,1771,1045
29367611179,29367611182,3,2299,1893
29370637878,29370637880,2,2001,1506
29373043685,29373043690,5,2161,1620
29376829530,29376829535,5,4947,2681
29378627522,29378627526,4,1967,1668
29382033348,29382033349,1,1523,1209
29382983328,29382983332,4,2652,1213
29383620654,29383620658,4,2113,1418
29383699449,29383699454,5,2133,1251
29385172894,29385172900,6,2381,1275
29390055639,29390055643,4,2158,1344
29390346441,29390346438,-3,770,1618
29394511447,29394511450,3,1659,833
29398094826,29398094833,7,2124,1652
29399915018,29399915021,3,1641,1277
29402797006,29402797012,6,5537,2451
29404537758,29404537763,5,2168,1614
29409063225,29409063230,5,2108,1339
29413956037,29413956040,3,2487,1205
29415256286,29415256290,4,1903,868
29415438521,29415438527,6,2385,1181
29416046834,29416046855,21,2007,1458
29417547918,29417547923,5,1606,1068
29418081040,29418081043,3,2139,1454
29420153349,29420153354,5,2140,1401
29420931221,29420931223,2,1871,1170
29423784319,29423784326,7,1688,1279
29423864036,29423864042,6,3096,1281
29424090561,29424090567,6,2423,936
29424356167,29424356170,3,2427,1656
29424722555,29424722562,7,3641,1308
29428785112,29428785110,-2,1539,1664
29430252657,29430252659,2,1774,1243
29430750509,29430750512,3,1652,1065
29432460681,29432460685,4,2003,1131
29434680097,29434680099,2,1652,1022
29437702454,29437702459,5,2740,1322
29439121594,29439121598,4,1865,1245
29441160270,29441160275,5,1686,982
29441879182,29441879186,4,1787,1100
29442298969,29442298966,-3,111086,54193
29442717472,29442717477,5,1293,1286
29446443907,29446443910,3,1941,1009
29451344598,29451344601,3,1375,1632
29457202603,29457202606,3,3910,2727
29457272069,29457272073,4,1604,1290
29461257510,29461257517,7,3298,1283
29463862212,29463862205,-7,1160,3218
29465608566,29465608573,7,2152,926
29466245549,29466245554,5,1644,1322
29471970471,29471970475,4,2498,1242
29479308554,29479308559,5,1970,1381
29479858803,29479858806,3,1484,1106
29484198653,29484198657,4,2128,1704
29484919043,29484919060,17,2434,1687
29485485215,29485485221,6,2241,1487
29485556829,29485556833,4,2294,1264
29485956717,29485956722,5,1901,1278
29488237550,29488237556,6,1333,974
29488510028,29488510033,5,1849,1068
29493372120,29493372125,5,2216,1065
29499039284,29499039289,5,2519,1742
29500188051,29500188053,2,1607,1266
29507849637,29507849631,-6,1004,3640
29508722515,29508722518,3,1953,1693
29517583033,29517583026,-7,3204,8113
29520995090,29520995095,5,1980,1569
29524045387,29524045390,3,1229,1359
29524275354,29524275359,5,1922,1149
29524313703,29524313684,-19,2572,1250
29524956241,29524956241,0,1835,1200
29528087549,29528087551,2,1930,1460
29529090054,29529090059,5,1541,1039
29530676560,29530676563,3,2455,1848
29532093179,29532093182,3,2507,1475
29532863481,29532863481,0,117,920
29543562872,29543562877,5,2927,1464
29544630990,29544630993,3,1485,1104
29545063492,29545063504,12,384,2644
29545662975,29545662981,6,2047,1086
29548060802,29548060805,3,1624,1635
29551807981,29551807986,5,1926,1596
29553803577,29553803579,2,1357,1022
29554027309,29554027312,3,1401,672
29555520954,29555520959,5,1261,990
29557305311,29557305315,4,1536,1128
29558133838,29558133843,5,2581,1641
29561055906,29561055905,-1,24398,35837
29561849779,29561849783,4,2499,1477
29564598005,29564598007,2,1392,966
29565622121,29565622129,8,5323,1126
29565775886,29565775893,7,2172,1494
29567187085,29567187088,3,1961,1319
29569534001,29569534003,2,1962,1528
29576189464,29576189467,3,2091,1213
29576650150,29576650155,5,1903,1371
29577690259,29577690265,6,2409,1607
29578378714,29578378718,4,2258,1480
29580549279,29580549261,-18,1393,908
29582437485,29582437489,4,2668,1368
29582988114,29582988118,4,1304,668
29586210359,29586210362,3,1457,756
29587532624,29587532629,5,2269,1138
29590064515,29590064521,6,2010,1032
29592156632,29592156638,6,2166,1246
29593364813,29593364815,2,1486,1002
29595343913,29595343917,4,2971,1635
29596834639,29596834642,3,1412,1147
29596952067,29596952071,4,1709,1714
29597063241,29597063246,5,1885,1251
29597256547,29597256567,20,1938,1252
29602574606,29602574611,5,1705,1221
29603077702,29603077717,15,2002,1232
29607313495,29607313503,8,2740,1277
29608868663,29608868666,3,1313,1149
29617174885,29617174890,5,2588,1951
29617703097,29617703102,5,1778,1292
29620150934,29620150941,7,1642,1495
29620997671,29620997674,3,1142,704
29622026892,29622026890,-2,46193,26498
29624445823,29624445830,7,12105,22275
29625563770,29625563771,1,1426,1164
29626687494,29626687498,4,1731,991
29628094220,29628094222,2,1398,977
29634209313,29634209318,5,9457,21305
29634246166,29634246170,4,2461,1268
29637313818,29637313827,9,3701,1168
29639693638,29639693640,2,1515,1644
29640025397,29640025402,5,1528,1080
29642113429,29642113433,4,1750,1374
29645438142,29645438133,-9,1460,1270
29646369998,29646370003,5,1403,1053
29651094122,29651094128,6,1732,1002
29651541070,29651541073,3,2330,2422
29652018106,29652018119,13,2351,1693
29654054462,29654054467,5,2385,1012
29654169337,29654169349,12,715,121
29655613354,29655613358,4,1551,1250
29656942332,29656942333,1,2075,1613
29657110042,29657110023,-19,2155,1373
29666324931,29666324934,3,1890,1635
29667545472,29667545478,6,1932,1027
29673816849,29673816853,4,2110,1476
29674171838,29674171843,5,1753,1523
29679294481,29679294485,4,2445,1420
29680403085,29680403090,5,1836,1142
29690286849,29690286854,5,1657,992
29690417592,29690417597,5,1828,1734
29693846129,29693846133,4,1803,1179
29695800085,29695800090,5,2430,1378
29697848115,29697848121,6,1952,942
29698422471,29698422475,4,1845,1187
29699310260,29699310242,-18,2245,928
29700981715,29700981720,5,2689,1407
29701682079,29701682060,-19,1343,1113
29704108489,29704108493,4,1551,1365
29706539563,29706539567,4,1505,831
29707884590,29707884597,7,1582,1241
29708197552,29708197533,-19,2256,1133
29711614317,29711614322,5,2888,1555
29711771397,29711771402,5,2275,1534
29716301421,29716301426,5,1866,1193
29716383766,29716383770,4,1894,1332
29716618241,29716618220,-21,1775,1164
29717487074,29717487079,5,1476,991
29718894870,29718894882,12,16862,33011
29727356560,29727356563,3,1788,1263
29728936912,29728936916,4,1694,1565
29737310575,29737310579,4,1905,1558
29738829328,29738829330,2,1692,1223
29739724174,29739724178,4,1894,1200
29742712625,29742712629,4,1971,1401
29743473371,29743473371,0,1049,1771
29743679539,29743679537,-2,1130,2365
29747521307,29747521313,6,2003,1496
29747569394,29747569402,8,998,559
29754454049,29754454051,2,2355,1311
29755776590,29755776593,3,1769,1505
29755865315,29755865318,3,1554,1111
29759227925,29759227919,-6,1419,3760
29762327558,29762327562,4,1970,1225
29763920849,29763920854,5,2473,994
29763965453,29763965457,4,1967,920
29765004757,29765004762,5,2478,1297
29772065523,29772065527,4,1873,1532
29774691078,29774691085,7,1567,1044
29785330098,29785330101,3,1691,1016
29786105125,29786105130,5,1272,1101
29787208198,29787208202,4,2437,1399
29788051169,29788051171,2,1968,1205
29789572085,29789572089,4,2894,1755
29789949362,29789949367,5,1623,1483
29791408055,29791408061,6,1967,1485
29794932681,29794932684,3,2479,1514
29796165206,29796165210,4,1383,1092
29797504752,29797504756,4,1789,1168
29798396039,29798396049,10,811,158
29798751666,29798751670,4,1316,1117
29799782189,29799782195,6,1397,979
29806447577,29806447582,5,1564,1183
29807242914,29807242921,7,1284,616
29807422722,29807422700,-22,2457,1870
29811856927,29811856929,2,42250,55108
29813144419,29813144422,3,994,984
29813255557,29813255565,8,941,225
29816415874,29816415870,-4,1229,3241
29819911128,29819911134,6,2384,1389
29820008123,29820008130,7,2264,1751
29820294688,29820294694,6,1815,1205
29820682646,29820682651,5,1349,1335
29826623582,29826623583,1,1406,1438
29828824462,29828824475,13,16230,29409
29829751653,29829751647,-6,34434,5643
29830969466,29830969471,5,1163,910
29831718462,29831718468,6,3115,1508
29835620928,29835620931,3,2366,1190
29836036585,29836036587,2,2289,1969
29837406698,29837406680,-18,2378,1794
29845251846,29845251851,5,2531,1371
29850719825,29850719826,1,1536,1990
29857591581,29857591587,6,4002,1242
29857706634,29857706615,-19,1225,1250
29858867302,29858867304,2,2052,1079
29860520805,29860520809,4,2913,1214
29861145041,29861145024,-17,1748,1326
29864321815,29864321819,4,2026,1070
29864935031,29864935036,5,1883,1743
29868728358,29868728364,6,2832,1546
29871080966,29871080971,5,1920,1308
29873618105,29873618104,-1,27642,18301
29874051486,29874051491,5,2458,1403
29876219432,29876219437,5,2149,1255
29876375797,29876375801,4,2578,1288
29881720490,29881720495,5,1640,1216
29882776810,29882776814,4,2549,1774
29884139792,29884139798,6,1232,1172
29885321591,29885321595,4,1504,1217
29887842551,29887842545,-6,1254,3167
29888221430,29888221434,4,1690,1064
29889010223,29889010227,4,1004,761
29891290078,29891290056,-22,1751,761
29894333503,29894333508,5,2040,1500
29898202218,29898202222,4,1866,1396
29899351807,29899351812,5,2224,1488
29901371682,29901371686,4,1279,1320
29903659321,29903659325,4,1363,1166
29906351005,29906351009,4,1503,1310
29913012678,29913012678,0,907,895
29914248800,29914248803,3,1661,900
29914995710,29914995714,4,1355,1100
29916181522,29916181525,3,853,803
29917257786,29917257791,5,2378,1441
29918977014,29918977016,2,941,1665
29920706862,29920706865,3,2116,1323
29921682623,29921682625,2,1490,1234
29928298578,29928298581,3,1677,1169
29929311635,29929311637,2,1359,1228
29933460847,29933460850,3,2585,1714
29934720581,29934720586,5,3428,1502
29936783132,29936783134,2,9968,8001
29937298846,29937298852,6,1791,1238
29938061083,29938061077,-6,1434,7247
29939627841,29939627842,1,866,1322
29949364485,29949364486,1,2273,3432
29952133755,29952133759,4,1753,1280
29952898935,29952898939,4,2633,1574
29955200766,29955200770,4,1547,1359
29960013331,29960013336,5,2667,1954
29966823411,29966823415,4,2078,1945
29967449366,29967449370,4,1906,1306
29970596970,29970596966,-4,1298,3552
29972062081,29972062085,4,2529,1284
29972474794,29972474795,1,1554,1126
29974208344,29974208349,5,1839,1526
29975687268,29975687272,4,2616,1873
29976856685,29976856689,4,1976,1301
29978184982,29978184986,4,2391,759
29978990643,29978990647,4,1513,1044
29981048367,29981048371,4,1266,877
29984073354,29984073358,4,1293,1216
29984270748,29984270753,5,2438,1401
29991768650,29991768654,4,2041,1324
29992009142,29992009148,6,3325,1509
29994852577,29994852578,1,1276,953
29999210323,29999210327,4,2028,1931
30000394208,30000394214,6,2587,1419
30003696539,30003696542,3,2053,1541
30006159153,30006159158,5,1962,1385
30010384679,30010384684,5,1602,1181
30010537287,30010537301,14,1967,1105
30011660442,30011660446,4,1242,1231
30013303197,30013303196,-1,1521,3502
30016645446,30016645449,3,2476,1484
30018273519,30018273516,-3,1651,2632
30019473277,30019473275,-2,1441,1800
30022402561,30022402565,4,1340,1428
30024189507,30024189512,5,9089,27590
30025503250,30025503254,4,1247,1303
30026696138,30026696141,3,1913,1345
30030327729,30030327733,4,2146,1301
30032003287,30032003291,4,2366,1568
30034569326,30034569330,4,886,1035
30037269964,30037269969,5,2561,1799
30037955866,30037955870,4,1494,994
30041286126,30041286133,7,5662,2564
30042939686,30042939690,4,1510,1722
30045100155,30045100151,-4,979,2168
30047672401,30047672406,5,1874,1624
30053736458,30053736462,4,1795,1424
30058220414,30058220419,5,1738,2036
30058555224,30058555227,3,2300,1648
30059129126,30059129129,3,1547,1679
30060375178,30060375183,5,2780,1820
30062875251,30062875230,-21,1773,1005
30062969428,30062969431,3,1738,1079
30065133085,30065133100,15,640,253
30066563109,30066563114,5,1850,1341
30066794820,30066794824,4,1381,938
30068376970,30068376973,3,1668,1283
30069111640,30069111642,2,2868,1506
30072990770,30072990775,5,2522,1406
30073303394,30073303398,4,1281,1083
30073543034,30073543037,3,994,915
30075111625,30075111629,4,2558,2028
30076851905,30076851908,3,1456,1281
30077140285,30077140286,1,1401,1531
30085365182,30085365188,6,1651,1583
30086461165,30086461167,2,2388,1324
30087221139,30087221142,3,1528,1048
30093822070,30093822070,0,1668,1862
30097317866,30097317865,-1,1554,1653
30097492858,30097492863,5,1392,873
30097750658,30097750646,-12,2044,1092
30100467221,30100467225,4,2074,1364
30106786336,30106786341,5,2531,1551
30106833642,30106833645,3,2080,834
30107648462,30107648465,3,1460,1304
30109932982,30109932986,4,2177,1721
30112289518,30112289524,6,2092,1399
30112849950,30112849954,4,1780,1276
30112919877,30112919879,2,1323,1298
30116484715,30116484720,5,2298,1481
30119330676,30119330682,6,2485,1370
30119459603,30119459581,-22,1804,1027
30121278374,30121278377,3,2177,1241
30122573642,30122573652,10,1935,1823
30122804697,30122804695,-2,918,1789
30123978597,30123978600,3,2273,1788
30124816930,30124816934,4,1789,1218
30126079337,30126079342,5,1631,1429
30135290383,30135290387,4,2688,1673
30137533666,30137533671,5,3250,2322
30142494239,30142494242,3,2011,1613
30144914750,30144914755,5,2299,851
30145996734,30145996738,4,1344,1226
30146788118,30146788122,4,2100,1155
30149434033,30149434036,3,1454,1643
30149868547,30149868552,5,1923,1456
30151622246,30151622251,5,1673,1236
30152909737,30152909742,5,1314,1058
30153861471,30153861469,-2,737,1804
30154507626,30154507631,5,987,887
30154777018,30154777032,14,1661,1009
30155669478,30155669483,5,2916,1905
30157477043,30157477046,3,2519,1064
30158631451,30158631432,-19,1098,482
30159115722,30159115727,5,952,800
30160172138,30160172143,5,2546,1537
30160601253,30160601257,4,2128,1773
30162019041,30162019046,5,3263,1714
30162557165,30162557173,8,2238,1438
30162806962,30162806942,-20,2213,1159
30166373215,30166373206,-9,1127,766
30168535656,30168535661,5,2910,1764
30175496162,30175496168,6,5766,2543
30176616922,30176616926,4,2670,1886
30177857771,30177857774,3,2030,1782
30177884478,30177884483,5,2006,1813
30178029131,30178029136,5,1422,1093
30180057366,30180057375,9,4950,1627
30181370601,30181370605,4,2207,910
30186016079,30186016082,3,1999,1515
30186609018,30186609022,4,1871,741
30188375053,30188375067,14,1649,1087
30192555182,30192555178,-4,833,1180
30199446147,30199446151,4,1982,1412
30205793390,30205793392,2,1312,1822
30206102702,30206102706,4,2229,1590
30212793895,30212793897,2,1727,1350
30213715190,30213715196,6,1320,892
30214444105,30214444110,5,1381,874
30216165706,30216165709,3,1861,1108
30216610454,30216610457,3,1680,1601
30225004081,30225004086,5,3106,1583
30235369490,30235369495,5,1915,1040
30237993069,30237993074,5,2669,1669
30238129191,30238129194,3,1816,1277
30239083226,30239083230,4,2096,1176
30243549416,30243549420,4,1690,1266
30245071868,30245071871,3,2396,1083
30246293630,30246293633,3,2519,1210
30247504494,30247504499,5,2001,1074
30247541527,30247541531,4,1675,1335
30247984918,30247984923,5,2093,748
30248474414,30248474398,-16,1219,785
30250992706,30250992710,4,2169,1014
30252064068,30252064071,3,2040,1214
30252346888,30252346909,21,3121,1391
30254475435,30254475433,-2,1291,1783
30256269662,30256269662,0,1327,1146
30259622127,30259622134,7,2039,1134
30263090360,30263090365,5,2717,1765
30264630182,30264630187,5,1531,1122
30266305882,30266305888,6,1804,1206
30267358587,30267358597,10,1892,1477
30268289364,30268289369,5,1717,1047
30268457950,30268457967,17,1656,1477
30270004374,30270004377,3,2314,1368
30271112646,30271112650,4,3021,1708
30272980235,30272980238,3,1928,1195
30273129223,30273129207,-16,1589,1087
30274191319,30274191323,4,2087,1617
30274695680,30274695686,6,2003,1371
30279595677,30279595683,6,2315,1127
30281721355,30281721359,4,2466,1742
30282276139,30282276142,3,1876,1136
30283017531,30283017529,-2,1114,1727
30283062479,30283062463,-16,1200,1131
30283676024,30283676028,4,2800,1295
30284830614,30284830619,5,2028,1236
30285658312,30285658316,4,1595,1221
30287393110,30287393114,4,2465,1539
30288573310,30288573314,4,1157,1180
30292463890,30292463895,5,2210,920
30293468488,30293468490,2,1221,1418
30294320643,30294320649,6,1771,1428
30295071238,30295071238,0,1210,1412
30297050344,30297050349,5,2135,1275
30299515734,30299515737,3,2336,1822
30300056418,30300056422,4,2515,1865
30300576880,30300576883,3,1538,1123
30303010203,30303010201,-2,1356,1996
30309758025,30309758031,6,2038,1673
30310168543,30310168547,4,1727,1348
30313033842,30313033846,4,2297,1301
30313531622,30313531630,8,872,687
30315300966,30315300966,0,1799,2077
30316229214,30316229218,4,1745,1507
30317173126,30317173110,-16,2036,1455
30317916287,30317916291,4,1669,960
30318531662,30318531666,4,2498,1684
30320362676,30320362674,-2,1172,2394
30323202354,30323202359,5,1386,726
30327603116,30327603113,-3,965,2977
30328511486,30328511492,6,1695,1435
30329183631,30329183612,-19,1336,1036
30330944365,30330944369,4,1486,1528
30336477269,30336477274,5,2146,1631
30337042934,30337042940,6,2190,1483
30339057313,30339057317,4,2462,1350
30341438757,30341438761,4,2425,1975
30341752670,30341752676,6,778,817
30343886808,30343886816,8,2421,1244
30343992699,30343992677,-22,314,89
30344700736,30344700741,5,1770,1100
30346952911,30346952890,-21,2283,2250
30353698236,30353698233,-3,1653,1081
30355184360,30355184363,3,1713,1749
30357417991,30357417995,4,2246,952
30359794049,30359794053,4,18731,20753
30361253890,30361253891,1,1272,1548
30363910479,30363910481,2,1356,897
30364467174,30364467156,-18,1099,789
30365457249,30365457253,4,2429,1615
30367574632,30367574637,5,3241,1773
30368306477,30368306482,5,1346,1392
30368463822,30368463825,3,1312,1229
30370497347,30370497353,6,1835,1031
30370568008,30370568028,20,1857,1044
30372051377,30372051382,5,3037,1577
30374805656,30374805653,-3,1273,1800
30377699680,30377699682,2,1827,1018
30381791510,30381791513,3,1015,1051
30386492292,30386492295,3,1459,1184
30386867258,30386867262,4,1496,1306
30389489050,30389489053,3,2325,1336
30393883245,30393883249,4,1469,1264
30394242161,30394242162,1,38894,38781
30396308884,30396308878,-6,1769,6938
30397027034,30397027039,5,2545,1520
30401008337,30401008341,4,2151,1291
30401251119,30401251102,-17,2093,857
30402684299,30402684298,-1,1621,1342
30405599407,30405599410,3,3060,2262
30406728547,30406728550,3,2259,1386
30407578824,30407578827,3,2383,895
30409028158,30409028161,3,1651,1509
30409512995,30409512995,0,3275,4102
30409840471,30409840474,3,2227,1412
30417444939,30417444943,4,1396,905
30422718194,30422718188,-6,2175,8953
30423041558,30423041563,5,1741,1108
30429257404,30429257409,5,1677,1734
30431891912,30431891915,3,2130,1077
30433367519,30433367522,3,1429,961
30435181210,30435181215,5,1603,1441
30438908017,30438908021,4,1821,1182
30439209691,30439209696,5,1569,1296
30446808581,30446808585,4,1722,1288
30448421102,30448421106,4,1283,1657
30451369806,30451369802,-4,1053,2064
30452818231,30452818235,4,1990,1298
30454257289,30454257294,5,2342,1264
30455064790,30455064797,7,1865,1283
30456701202,30456701206,4,2986,1786
30459500641,30459500646,5,1754,1593
30461799196,30461799191,-5,1169,2078
30464487575,30464487579,4,2212,1049
30464592645,30464592650,5,734,838
30465765854,30465765855,1,1978,2259
30468622505,30468622509,4,2076,1473
30472075583,30472075583,0,901,1355
30478695484,30478695487,3,1573,1573
30480932535,30480932540,5,1993,1504
30483582890,30483582893,3,2192,1522
30486622898,30486622906,8,6842,2970
30487740235,30487740234,-1,1694,1751
30489741231,30489741235,4,1469,858
30500468873,30500468876,3,1858,1345
30501961244,30501961248,4,2089,1435
30504832540,30504832545,5,4614,2955
30510798922,30510798931,9,2062,1070
30512186194,30512186199,5,1494,1160
30514304171,30514304175,4,1583,1444
30514490793,30514490795,2,2127,1330
30518854465,30518854467,2,1412,626
30520613422,30520613442,20,833,2772
30524389454,30524389459,5,1966,1207
30525562957,30525562961,4,2440,1748
30527073442,30527073445,3,2156,1392
30529008666,30529008670,4,1593,28249
30533084293,30533084296,3,1174,899
30533613978,30533613991,13,1939,1062
30538710126,30538710130,4,1767,1249
30539222938,30539222943,5,2559,1049
30544597563,30544597567,4,2087,1149
30550741846,30550741851,5,2270,1726
30550966107,30550966110,3,2157,1742
30556462796,30556462799,3,2511,1562
30558060600,30558060603,3,1916,1307
30558356670,30558356674,4,1794,1118
30561079589,30561079594,5,1904,1028
30561187524,30561187529,5,1961,1120
30561886064,30561886066,2,1694,1205
30564415373,30564415375,2,1949,1562
30568279297,30568279302,5,1685,1327
30569358858,30569358861,3,1504,1124
30570257687,30570257691,4,3179,1523
30570375930,30570375935,5,2535,1655
30571961384,30571961389,5,2683,1895
30572013671,30572013677,6,2662,1556
30574331483,30574331487,4,2547,1357
30575505995,30575505979,-16,1962,1138
30578847286,30578847290,4,1990,1502
30581674226,30581674230,4,2239,1306
30582572106,30582572111,5,2387,921
30582833897,30582833901,4,1722,1319
30585159195,30585159198,3,1456,1158
30587038801,30587038807,6,2043,1122
30590502680,30590502683,3,1376,827
30594819461,30594819463,2,2927,1499
30595168038,30595168043,5,2277,806
30605371710,30605371711,1,1424,1525
30612467671,30612467674,3,2009,1237
30613180301,30613180306,5,1779,1102
30615920637,30615920639,2,2467,1233
30617335898,30617335903,5,2089,1592
30618277123,30618277127,4,2841,1334
30620191338,30620191343,5,2468,1331
30620654044,30620654040,-4,564,118
30621977409,30621977414,5,3537,1481
30625233901,30625233905,4,2097,1573
30632515045,30632515050,5,2861,1804
30633436626,30633436631,5,2285,1000
30634735393,30634735397,4,1850,1019
30635741263,30635741267,4,1328,1415
30636390113,30636390116,3,1751,1272
30640661190,30640661195,5,1920,1244
30642340745,30642340750,5,1630,1303
30646282444,30646282446,2,1822,1292
30648493413,30648493418,5,1925,1380
30651843821,30651843826,5,2048,944
30653649494,30653649501,7,2714,1598
30655213648,30655213654,6,2732,1686
30656281033,30656281036,3,2138,1160
30663002310,30663002302,-8,1662,7042
30663168033,30663168037,4,1649,1061
30663337855,30663337837,-18,979,545
30666252581,30666252585,4,2660,1520
30668285115,30668285119,4,2980,1642
30675504347,30675504346,-1,1576,2867
30676408501,30676408505,4,3967,1755
30676820017,30676820021,4,2571,1905
30680156422,30680156428,6,1655,1517
30680394955,30680394965,10,1334,900
30682088100,30682088105,5,2413,1625
30685369456,30685369449,-7,2447,6957
30686474514,30686474519,5,3001,1817
30691405050,30691405046,-4,1118,1985
30691920507,30691920509,2,2457,3510
30697096523,30697096527,4,2101,1509
30699691190,30699691194,4,2539,1015
30700924547,30700924553,6,1912,1201
30703045537,30703045541,4,2207,1571
30704342940,30704342946,6,22216,21377
30704716498,30704716502,4,1972,1042
30707919438,30707919442,4,2371,1412
30709205696,30709205700,4,1863,1282
30715902970,30715902974,4,2799,1195
30718007108,30718007113,5,2737,1249
30724591510,30724591516,6,2866,1025
30730106204,30730106206,2,2214,1629
30733483074,30733483077,3,1465,1224
30737406302,30737406307,5,1784,1440
30739220593,30739220596,3,2774,1505
30740306002,30740306006,4,1779,1756
30742932947,30742932951,4,2442,1771
30744104403,30744104407,4,2458,1246
30744770087,30744770093,6,2286,813
30745302265,30745302248,-17,853,410
30745673842,30745673846,4,1890,1420
30746108315,30746108318,3,1198,99
30747587007,30747587010,3,2380,1362
30748680665,30748680651,-14,2532,1213
30748942842,30748942845,3,1819,1065
30749939743,30749939727,-16,2348,837
30752662102,30752662109,7,74339,26665
30756114658,30756114665,7,9349,2453
30756666108,30756666113,5,1751,1233
30756774895,30756774902,7,3739,1538
30757397704,30757397710,6,1503,1080
30757923010,30757923014,4,1995,1333
30758533839,30758533843,4,2365,1259
30758797728,30758797731,3,1997,1139
30761542394,30761542400,6,2410,1360
30763167167,30763167166,-1,1353,1714
30763801605,30763801609,4,2124,2017
30765021212,30765021213,1,1987,1810
30765654965,30765654982,17,561,478
30767690785,30767690781,-4,2235,4251
30769188629,30769188634,5,2506,1237
30772970967,30772970972,5,2442,1539
30774387019,30774387014,-5,1118,4869
30776221985,30776221993,8,2852,1680
30778508964,30778508970,6,1966,929
30778667432,30778667438,6,2419,1683
30778970905,30778970909,4,1585,881
30781699812,30781699815,3,1702,1120
30787850866,30787850870,4,2138,1296
30791087456,30791087459,3,2267,1434
30793410937,30793410938,1,1503,1070
30793747832,30793747831,-1,1613,1649
30795101214,30795101221,7,2065,1133
30795225593,30795225612,19,1585,1672
30797454426,30797454436,10,2260,1731
30798013393,30798013374,-19,1299,504
30799143703,30799143710,7,2166,1180
30799574438,30799574443,5,2651,1620
30799932688,30799932693,5,2531,1497
30800230161,30800230165,4,2974,1563
30800613253,30800613258,5,1538,1329
30800960368,30800960371,3,2404,1176
30804912922,30804912925,3,1091,706
30805214958,30805214963,5,2294,1018
30807738675,30807738682,7,2286,1253
30808042894,30808042898,4,1731,1281
30808386402,30808386388,-14,1506,1542
30808973989,30808973990,1,1124,1110
30809235020,30809235024,4,1607,1237
30810578321,30810578327,6,1843,1587
30815018887,30815018890,3,1781,1292
30815450541,30815450526,-15,2210,1440
30819851157,30819851163,6,1666,1264
30821704425,30821704426,1,1416,1126
30823289408,30823289411,3,1561,1227
30834579322,30834579327,5,1986,1514
30836271529,30836271533,4,2557,1964
30838365559,30838365566,7,2524,1363
30841146734,30841146738,4,1031,949
30845198401,30845198406,5,2273,1806
30847917254,30847917257,3,2400,1382
30848984313,30848984316,3,36763,99534
30850171282,30850171286,4,2141,1143
30851265323,30851265326,3,1901,1093
30851580429,30851580434,5,1798,1184
30851896764,30851896767,3,1912,1479
30852077834,30852077838,4,2329,1307
30852634202,30852634206,4,1653,1368
30860679845,30860679850,5,1848,1748
30864957324,30864957329,5,2271,1521
30868286808,30868286813,5,1854,1463
30872256146,30872256151,5,1262,853
30872437329,30872437333,4,2135,1384
30872561302,30872561304,2,1331,1353
30875041549,30875041554,5,1684,1027
30875849099,30875849076,-23,530,176
30877131045,30877131050,5,2432,1183
30878861326,30878861330,4,2376,1687
30883796351,30883796357,6,1463,1416
30886409761,30886409762,1,1717,1480
30887799204,30887799206,2,1362,940
30891411017,30891411020,3,1889,1584
30892709566,30892709571,5,2928,1499
30892783516,30892783519,3,2518,1582
30893049294,30893049298,4,2008,1106
30893653116,30893653118,2,1779,1357
30901273758,30901273762,4,1456,1004
30902052259,30902052266,7,3043,1493
30903243373,30903243375,2,1298,1059
30907550390,30907550394,4,2549,1474
30907600300,30907600305,5,2128,1427
30908122586,30908122590,4,4264,2747
30909883869,30909883871,2,2212,1352
30911618614,30911618619,5,2408,1582
30913024744,30913024747,3,1702,1200
30913606310,30913606314,4,1406,1456
30916405474,30916405480,6,1296,1299
30920619641,30920619645,4,2020,1192
30922098705,30922098710,5,461,613
30924749248,30924749251,3,1791,1363
30925744218,30925744223,5,2213,1117
30929041985,30929041989,4,2186,1559
30929917641,30929917646,5,2128,1293
30933214760,30933214757,-3,1769,3962
30934672702,30934672706,4,1635,1004
30937940085,30937940091,6,1889,1066
30938909515,30938909519,4,2022,1166
30939504242,30939504246,4,1933,1280
30943230478,30943230481,3,1040,735
30943661787,30943661785,-2,2289,4692
30951888570,30951888573,3,1666,1599
30952992926,30952992932,6,1472,1252
30960108670,30960108672,2,1297,869
30961831722,30961831726,4,2365,1261
30964203097,30964203101,4,2302,1458
30968762330,30968762334,4,2669,1277
30969531507,30969531511,4,1472,1025
30971042902,30971042905,3,1583,1329
30975217614,30975217617,3,935,640
30976703874,30976703878,4,2382,1428
30977847509,30977847514,5,1999,1429
30979443207,30979443207,0,31372,20423
30984546989,30984546994,5,2637,1643
30988529775,30988529778,3,1094,865
30989548510,30989548513,3,1565,1782
30990350745,30990350746,1,1711,1667
30993700030,30993700025,-5,3309,12492
30994465673,30994465675,2,1513,1252
30994833578,30994833583,5,1867,1247
30995841805,30995841807,2,1198,1378
30996590919,30996590922,3,1960,1587
31001046430,31001046433,3,1966,890
31005822024,31005822028,4,1894,1535
31006007971,31006007975,4,1953,1143
31013056111,31013056115,4,2330,2267
31015585404,31015585408,4,2275,1400
31017082498,31017082502,4,2018,1421
31018062078,31018062062,-16,1467,800
31018349577,31018349582,5,2283,1325
31020159929,31020159934,5,2216,1404
31023133312,31023133318,6,2586,1548
31031390474,31031390478,4,1158,1007
31036775955,31036775958,3,1833,1372
31038819345,31038819350,5,2141,1295
31039075932,31039075934,2,2011,1717
31039771847,31039771843,-4,1406,3892
31040787897,31040787902,5,2527,1719
31045089754,31045089754,0,1264,1288
31045689052,31045689045,-7,1955,8240
31046657511,31046657515,4,2033,1088
31048252967,31048252972,5,2185,1068
31053974935,31053974939,4,2273,1256
31055952084,31055952088,4,2343,1127
31059307116,31059307120,4,2241,1473
31062391958,31062391963,5,3094,1629
31062877996,31062878001,5,2456,1470
31067513717,31067513716,-1,1428,1894
31067651610,31067651611,1,1657,1325
31071444714,31071444718,4,2267,1478
31071928877,31071928879,2,1921,1046
31073370676,31073370678,2,2674,1516
31073643541,31073643546,5,2083,1224
31074304576,31074304578,2,1951,1092
31076755010,31076755016,6,1334,1396
31078427570,31078427550,-20,1140,565
31078684978,31078684978,0,1619,3332
31082710055,31082710059,4,1977,1352
31085347659,31085347662,3,2039,1382
31086987641,31086987642,1,1543,1490
31088785863,31088785867,4,2015,1103
31088939295,31088939292,-3,37046,35940
31090231694,31090231698,4,1719,1063
31091102506,31091102511,5,1746,1333
31092239957,31092239964,7,1368,907
31094110218,31094110223,5,1511,1598
31095244421,31095244422,1,1410,1270
31095730075,31095730079,4,2093,1364
31098236405,31098236409,4,2247,1706
31098374048,31098374054,6,2441,877
31099474160,31099474163,3,1958,1405
31100931878,31100931881,3,1577,1231
31103398192,31103398197,5,2364,1364
31105973551,31105973555,4,1851,995
31110817463,31110817466,3,1654,1645
31117621002,31117621005,3,1324,1209
31122938664,31122938669,5,1987,1545
31123381629,31123381632,3,1938,1142
31128559159,31128559163,4,1630,930
31137019677,31137019682,5,1894,1529
31137055065,31137055070,5,1867,1416
31137566974,31137566969,-5,1024,2594
31144425949,31144425954,5,2524,1365
31144908620,31144908614,-6,35598,12452
31145332530,31145332534,4,2063,1184
31147753482,31147753488,6,2281,1063
31152627426,31152627429,3,1926,1359
31153965689,31153965694,5,1469,1047
31156196494,31156196510,16,13217,52213
31160694834,31160694840,6,2155,1178
31161702838,31161702844,6,2806,1992
31163763704,31163763707,3,1550,1387
31165536089,31165536093,4,1987,1432
31165815313,31165815318,5,2146,1232
31166389370,31166389374,4,721,816
31166878491,31166878494,3,1417,1612
31168098023,31168098026,3,2339,999
31171386598,31171386597,-1,2214,2500
31172188521,31172188543,22,4806,8118
31173348803,31173348808,5,1458,1330
31173709726,31173709729,3,2208,1215
31177959510,31177959514,4,1839,1501
31179709154,31179709154,0,1575,1360
31180509850,31180509853,3,1780,1260
31182756239,31182756245,6,2670,1527
31184974567,31184974545,-22,1306,1059
31187851014,31187851018,4,1773,1182
31189010749,31189010754,5,1930,1118
31195215585,31195215591,6,1747,1107
31198746019,31198746016,-3,798,2634
31199398177,31199398179,2,1512,1450
31204621406,31204621409,3,1614,1122
31206869486,31206869486,0,2026,2022
31209180250,31209180253,3,1784,1971
31209870173,31209870175,2,1927,1155
31210164765,31210164772,7,2007,1893
31210474497,31210474494,-3,2314,3454
31210718214,31210718217,3,1531,1395
31212741921,31212741926,5,2511,1148
31219472437,31219472442,5,2025,1406
31221486317,31221486313,-4,943,1712
31224050625,31224050631,6,2196,1480
31232086277,31232086281,4,2878,1402
31239968539,31239968542,3,2010,1635
31242043362,31242043367,5,2226,1523
31242691046,31242691049,3,1128,902
31245453982,31245453985,3,2089,956
31247408488,31247408492,4,2596,1781
31249696615,31249696618,3,1112,910
31251820051,31251820052,1,1969,1610
31252683393,31252683398,5,1701,948
31258046234,31258046237,3,1429,1332
31258694087,31258694071,-16,942,272
31261100395,31261100400,5,2595,1568
31261364650,31261364661,11,1689,1250
31266515996,31266515999,3,17416,13171
31268136584,31268136588,4,1633,1425
31268429914,31268429918,4,1719,1598
31269523910,31269523915,5,2354,1310
31269768861,31269768876,15,1390,942
31270188167,31270188183,16,2107,1381
31270262025,31270262029,4,1393,1349
31280428694,31280428697,3,1796,1705
31281074234,31281074238,4,2579,1470
31287190045,31287190047,2,1279,1522
31287786962,31287786965,3,1835,1181
31288001134,31288001120,-14,1681,1310
31288630247,31288630253,6,2133,1011
31289239782,31289239785,3,2317,1297
31289594381,31289594383,2,2244,1379
31290947161,31290947166,5,1870,1631
31291580743,31291580747,4,1826,1191
31296751981,31296751985,4,2038,1113
31297894217,31297894221,4,51982,27893
31298728358,31298728361,3,2203,1361
31299222862,31299222867,5,1706,922
31300040930,31300040934,4,1484,1230
31300942276,31300942279,3,1745,1367
31302867157,31302867161,4,1264,1322
31302966618,31302966620,2,2252,1725
31306067941,31306067945,4,1496,814
31306421143,31306421147,4,1647,953
31309351025,31309351027,2,1648,1242
31309769065,31309769070,5,1731,996
31313054504,31313054504,0,1668,2560
31313703505,31313703509,4,2136,1696
31314045599,31314045602,3,2216,1285
31315271438,31315271442,4,1556,804
31316573426,31316573430,4,2558,1320
31317452381,31317452384,3,2350,1036
31317913363,31317913366,3,1187,883
31318356347,31318356353,6,1806,1084
31318728106,31318728110,4,2021,1567
31319324823,31319324814,-9,29442,16050
31319709864,31319709867,3,1803,1313
31322300283,31322300290,7,1821,1327
31328127402,31328127395,-7,1812,11665
31331625389,31331625391,2,1529,1052
31332918936,31332918939,3,2408,1507
31333806973,31333806979,6,2050,1298
31334590754,31334590758,4,2107,1510
31335303842,31335303846,4,1298,1452
31335542544,31335542526,-18,658,273
31336165466,31336165471,5,2036,1419
31337943679,31337943683,4,1653,1114
31340002401,31340002406,5,2316,1290
31340054887,31340054893,6,1302,1521
31344677850,31344677854,4,1639,1090
31346151769,31346151773,4,1091,909
31349660958,31349660960,2,988,1331
31350535917,31350535921,4,2034,1579
31352119365,31352119368,3,2058,1479
31353360249,31353360253,4,1660,1409
31353626865,31353626871,6,1733,1061
31354859145,31354859149,4,2627,1530
31356045321,31356045323,2,2352,1593
31357393928,31357393931,3,2502,1755
31360316304,31360316303,-1,998,2475
31361852415,31361852419,4,2175,1419
31363893385,31363893389,4,2830,1599
31364959434,31364959436,2,1376,1237
31366314085,31366314086,1,1421,1821
31368729102,31368729106,4,2235,1909
31369811892,31369811898,6,10857,26377
31372978702,31372978706,4,1923,1706
31379970878,31379970884,6,3501,2000
31380262682,31380262685,3,1883,998
31382137337,31382137341,4,1596,1326
31382390729,31382390733,4,2168,1393
31382952247,31382952250,3,1711,1307
31386271419,31386271425,6,2448,1427
31388497469,31388497473,4,2311,1977
31388590454,31388590458,4,1945,1095
31389856722,31389856728,6,1947,944
31390845906,31390845910,4,1940,1567
31391310403,31391310407,4,1647,1555
31393348594,31393348597,3,1410,1251
31394480270,31394480274,4,2148,2081
31396775828,31396775833,5,1635,993
31397903005,31397902992,-13,2563,1022
31399511300,31399511303,3,2049,1084
31402918709,31402918716,7,1737,1161
31403054123,31403054101,-22,2691,1244
31406110609,31406110613,4,1773,760
31406861109,31406861093,-16,1983,1025
31414660069,31414660075,6,1955,1286
31421022389,31421022391,2,1583,1328
31422968218,31422968217,-1,15968,30269
31425353301,31425353304,3,1912,1491
31425562076,31425562078,2,2423,1530
31431567395,31431567400,5,2179,912
31432159214,31432159219,5,2291,1737
31433623705,31433623698,-7,1187,6883
31433892105,31433892105,0,1758,2168
31438037083,31438037089,6,1601,1267
31438442024,31438442030,6,2799,1042
31438492806,31438492792,-14,661,262
31439687941,31439687945,4,1988,1468
31445629831,31445629834,3,1369,1648
31450267275,31450267282,7,11210,23635
31451637025,31451637031,6,1602,1307
31457810294,31457810298,4,1598,1320
31458039371,31458039369,-2,1306,2417
31460678792,31460678797,5,2602,1518
31461987452,31461987455,3,985,830
31464116589,31464116590,1,1951,2217
31470245138,31470245121,-17,1992,1633
31471935878,31471935881,3,1458,1582
31472484902,31472484905,3,981,889
31477063455,31477063459,4,1665,1528
31478010217,31478010221,4,1784,1331
31482672512,31482672515,3,1605,1368
31484971681,31484971686,5,2124,1425
31486733125,31486733142,17,1892,1143
31493985210,31493985213,3,2423,1763
31494556213,31494556212,-1,806,1473
31495185251,31495185229,-22,1747,807
31498639545,31498639547,2,1633,1187
31499322796,31499322802,6,2769,1146
31501128599,31501128605,6,1971,1293
31504829730,31504829735,5,1390,883
31506262605,31506262608,3,1248,922
31510265922,31510265925,3,2295,1249
31510610395,31510610399,4,1490,865
31511956594,31511956601,7,2189,1302
31512654070,31512654075,5,2054,1513
31514304886,31514304890,4,1371,1020
31516653602,31516653607,5,1833,604
31519704210,31519704213,3,1852,1223
31523415961,31523415967,6,2553,1543
31528344107,31528344111,4,1880,1288
31529305174,31529305178,4,2484,1565
31535637506,31535637493,-13,37385,1841
31536680949,31536680951,2,1509,1585
31539880623,31539880629,6,1400,941
31543507930,31543507934,4,2054,1097
31544690382,31544690386,4,1677,1095
31545061333,31545061351,18,4680,1325
31546717648,31546717651,3,1686,1636
31548685239,31548685243,4,1327,1064
31549291057,31549291061,4,1518,1136
31550744271,31550744275,4,1979,1270
31553540586,31553540590,4,1211,1287
31564592431,31564592434,3,1744,1155
31566379123,31566379127,4,1433,1083
31568802502,31568802507,5,2406,1849
31568930701,31568930702,1,1648,1768
31570411766,31570411772,6,1414,1400
31570640818,31570640823,5,1352,769
31570801031,31570801034,3,1887,1495
31572374103,31572374106,3,2702,1718
31578219603,31578219607,4,1486,1184
31582247811,31582247815,4,1300,910
31582502929,31582502908,-21,1635,828
31582860886,31582860890,4,1816,1376
31587013721,31587013723,2,1767,941
31589830018,31589830019,1,2112,2570
31590131077,31590131082,5,1599,1197
31590455015,31590455020,5,2098,1819
31591875370,31591875375,5,1378,904
31592656270,31592656274,4,2128,1263
31597531828,31597531830,2,1040,904
31601754285,31601754290,5,2028,1161
31602041348,31602041353,5,2578,1261
31602570766,31602570770,4,1632,977
31603673743,31603673746,3,2549,1699
31606792017,31606792019,2,1905,1636
31606973117,31606973120,3,1540,1403
31607649741,31607649743,2,1419,1731
31608588541,31608588546,5,1748,1538
31608984267,31608984274,7,1930,1146
31609344530,31609344535,5,1833,1076
31616697885,31616697890,5,2084,1630
31618014085,31618014078,-7,964,2429
31619460447,31619460454,7,2089,774
31621183429,31621183433,4,3074,1843
31622792178,31622792174,-4,1767,6605
31631466463,31631466467,4,2270,1755
31634427284,31634427287,3,1609,1109
31635958061,31635958063,2,1812,1066
31638544849,31638544851,2,2639,1247
31640997959,31640997961,2,1761,1595
31641294157,31641294162,5,2778,1513
31642979737,31642979740,3,1656,1530
31645508960,31645508961,1,2052,1468
31654625528,31654625530,2,1429,1462
31655421007,31655421008,1,1221,985
31656038325,31656038329,4,2003,1320
31657649705,31657649698,-7,1588,4084
31659176370,31659176374,4,1645,1222
31659788014,31659788018,4,975,987
31659839928,31659839933,5,1554,1181
31660880726,31660880730,4,2228,1425
31663413542,31663413546,4,2461,1310
31665230924,31665230929,5,1747,1234
31666733979,31666733982,3,1573,1214
31667394309,31667394311,2,1623,1623
31675323653,31675323654,1,1385,1129
31682389378,31682389378,0,2264,2276
31688133053,31688133058,5,4350,1983
31690058309,31690058311,2,1157,967
31691904109,31691904109,0,1569,1926
31692966205,31692966209,4,2098,1625
31693846765,31693846770,5,2073,1177
31694112017,31694112036,19,1259,1258
31698751645,31698751651,6,2363,1661
31699515026,31699515031,5,1304,682
31705509988,31705509994,6,2711,1565
31706137888,31706137892,4,2110,1529
31707942961,31707942962,1,1603,1878
31710617153,31710617158,5,3290,1831
31714279325,31714279328,3,2592,2156
31721161124,31721161131,7,4176,1689
31723473493,31723473498,5,1934,1135
31727782988,31727782991,3,1715,1257
31728076875,31728076880,5,1940,855
31731077202,31731077203,1,1140,219
31732116261,31732116264,3,20496,33470
31733374976,31733374980,4,2726,1378
31738371141,31738371145,4,2635,1607
31746306582,31746306568,-14,2368,1665
31748082974,31748082979,5,1480,1391
31749160042,31749160046,4,1977,1115
31749692273,31749692259,-14,4675,12929
31753910449,31753910453,4,1746,1022
31754633923,31754633926,3,12412,9724
31758726930,31758726935,5,2057,1277
31759499965,31759499970,5,3062,2090
31760537818,31760537822,4,2191,1394
31764939857,31764939862,5,1596,1044
31766439028,31766439033,5,1890,1408
31767962514,31767962522,8,2170,1182
31771477130,31771477133,3,1902,1309
31771540117,31771540133,16,2026,1306
31772633246,31772633262,16,1915,1645
31778673868,31778673873,5,2012,1503
31779254183,31779254187,4,1816,1298
31779630254,31779630257,3,1486,1292
31780080046,31780080050,4,1866,1318
31780361823,31780361828,5,1646,1001
31781636247,31781636251,4,2451,1010
31782832887,31782832894,7,2372,1279
31790785362,31790785365,3,1211,806
31791625961,31791625966,5,3043,1521
31793822010,31793822014,4,2346,1291
31794374453,31794374457,4,1622,937
31796344878,31796344883,5,3083,1766
31796957532,31796957535,3,1974,1060
31798298514,31798298510,-4,1030,1493
31798995057,31798995061,4,2522,1631
31800675256,31800675257,1,1874,1347
31801762462,31801762466,4,2647,1553
31802975785,31802975785,0,1273,1230
31805446398,31805446413,15,10097,50466
31812042616,31812042621,5,1761,1071
31818276157,31818276158,1,3607,2983
31819172529,31819172533,4,1560,1037
31821470370,31821470373,3,2990,1931
31823622155,31823622158,3,1923,1766
31827536149,31827536154,5,2688,1040
31830092933,31830092936,3,2175,1436
31830275794,31830275799,5,1262,955
31831514847,31831514850,3,1858,892
31833723118,31833723131,13,435,207
31836796446,31836796451,5,2706,1262
31840127834,31840127838,4,2401,1502
31841274260,31841274262,2,1618,1354
31844625640,31844625647,7,2266,1073
31849927737,31849927743,6,1935,1292
31854455040,31854455043,3,1986,1474
31856197776,31856197781,5,2040,1411
31857125255,31857125236,-19,1177,1023
31863316308,31863316313,5,2628,1610
31869611621,31869611618,-3,1449,2661
31869722877,31869722884,7,1858,1341
31870366447,31870366450,3,3186,1778
31871568683,31871568684,1,1410,1544
31871649750,31871649748,-2,1233,3138
31872230715,31872230718,3,1613,1321
31873890592,31873890594,2,2207,1608
31875432025,31875432032,7,11521,1935
31876387673,31876387677,4,1352,1023
31881400107,31881400110,3,1908,1957
31887973013,31887973018,5,1708,1772
31888782225,31888782229,4,960,870
31890515932,31890515929,-3,1654,1292
31891455715,31891455720,5,1597,1065
31893772759,31893772763,4,3515,1722
31894188398,31894188401,3,1992,1674
31898527610,31898527615,5,1510,895
31908126849,31908126853,4,1774,1021
31919164681,31919164682,1,1670,973
31919509401,31919509406,5,2748,1581
31921980935,31921980936,1,1437,1638
31922585070,31922585071,1,1755,1606
31926493425,31926493429,4,2500,1022
31929883883,31929883887,4,1594,1157
31929930655,31929930663,8,1731,1456
31930965930,31930965934,4,1646,1216
31935911085,31935911088,3,1602,1228
31938554037,31938554041,4,1938,1786
31943433563,31943433566,3,2359,1916
31949176198,31949176204,6,1476,1301
31951939234,31951939238,4,1836,1263
31953940979,31953940989,10,12068,40528
31956469134,31956469139,5,2513,684
31958621206,31958621210,4,2591,2008
31962511383,31962511386,3,2652,1809
31963008243,31963008246,3,1637,1249
31967180371,31967180349,-22,1332,995
31970256105,31970256107,2,1749,1294
31973939518,31973939522,4,1433,1096
31975097585,31975097564,-21,2236,988
31975554241,31975554243,2,1598,926
31979155430,31979155433,3,1840,1511
31981827683,31981827681,-2,1795,3678
31982013809,31982013814,5,1700,1280
31982777055,31982777054,-1,29317,18985
31982838345,31982838342,-3,1122,2461
31992614040,31992614046,6,1344,1494
31993371603,31993371607,4,2678,1934
31999587055,31999587061,6,1566,934
32006439324,32006439330,6,2153,996
32007761220,32007761225,5,3414,2301
32008565370,32008565367,-3,1523,2881
32010268102,32010268106,4,1961,1000
32011073733,32011073739,6,1870,1113
32014631782,32014631787,5,1623,931
32026262741,32026262747,6,3158,1537
32027093914,32027093932,18,1473,1265
32030669690,32030669694,4,2269,1323
32030762171,32030762176,5,2951,1618
32031907697,32031907702,5,2244,1235
32033797411,32033797415,4,2289,1278
32034240195,32034240200,5,3006,1669
32034885791,32034885794,3,2701,1169
32036851682,32036851685,3,1050,1151
32037825982,32037825986,4,1335,983
32038127808,32038127813,5,2147,1324
32038455776,32038455779,3,2362,1832
32038711480,32038711483,3,1669,726
32039318359,32039318341,-18,1292,785
32044430620,32044430625,5,2657,1857
32049141270,32049141276,6,2382,1529
32051506422,32051506427,5,2159,900
32056048586,32056048591,5,1448,987
32057322094,32057322097,3,967,1110
32063300423,32063300430,7,2811,1848
32064616413,32064616417,4,1828,950
32069432429,32069432434,5,1866,1288
32070123121,32070123121,0,3205,4391
32070160381,32070160384,3,1326,1176
32070982289,32070982294,5,1480,999
32072279553,32072279558,5,1957,1285
32072757830,32072757835,5,2541,1205
32073846085,32073846091,6,2840,1410
32074434197,32074434199,2,1830,1041
32077253861,32077253867,6,2629,837
32083986017,32083986022,5,1814,1045
32084570713,32084570717,4,2565,1379
32085090060,32085090064,4,1777,1588
32087633517,32087633521,4,2272,1483
32088408867,32088408871,4,2308,1485
32089142702,32089142705,3,1736,1116
32093105066,32093105069,3,1657,1458
32096537657,32096537662,5,3322,1809
32098810938,32098810945,7,73595,34052
32099036464,32099036467,3,2151,1207
32099310814,32099310819,5,3810,1637
32100968330,32100968335,5,1791,1299
32103644358,32103644363,5,1039,884
32104262736,32104262740,4,1962,1106
32104608242,32104608245,3,2046,1242
32104928057,32104928046,-11,806,380
32105235155,32105235158,3,2025,1394
32105518964,32105518967,3,1794,1204
32110197378,32110197384,6,1306,940
32111427341,32111427345,4,1721,1196
32112805712,32112805708,-4,1667,5120
32119316894,32119316898,4,1916,1289
32120679928,32120679931,3,1089,1291
32121423042,32121423048,6,3205,1776
32125406897,32125406902,5,2289,936
32126341150,32126341155,5,1695,1321
32127924098,32127924102,4,1565,758
32128548513,32128548517,4,2570,1625
32129027870,32129027877,7,3019,1736
32129534817,32129534821,4,2916,2763
32132435747,32132435751,4,1376,1685
32140642578,32140642579,1,2369,1605
32142101154,32142101157,3,2187,1624
32143227543,32143227548,5,2929,1357
32143273154,32143273158,4,1965,1423
32152012574,32152012579,5,2091,917
32152870010,32152870014,4,2084,1739
32153098161,32153098165,4,2137,1008
32154526915,32154526921,6,1828,1108
32154991022,32154991029,7,4741,1823
32156041086,32156041081,-5,1045,4272
32156662158,32156662161,3,1912,1259
32157114142,32157114146,4,1862,1045
32157433315,32157433321,6,2670,1676
32164407950,32164407954,4,2209,926
32165087790,32165087795,5,1870,1271
32167822660,32167822658,-2,1127,1628
32168481598,32168481601,3,2011,1563
32168517833,32168517835,2,1762,1451
32168736769,32168736773,4,935,757
32171782398,32171782403,5,2322,1008
32173703670,32173703674,4,1527,1507
32174395485,32174395479,-6,1691,4947
32176375418,32176375421,3,2958,2865
32181292632,32181292637,5,2158,1685
32181624868,32181624875,7,5601,1741
32182618377,32182618369,-8,987,1525
32186388149,32186388155,6,1298,1433
32186610385,32186610364,-21,1889,1499
32187817064,32187817067,3,2024,1058
32193165437,32193165440,3,1239,1036
32195367919,32195367921,2,2339,1845
32198458496,32198458499,3,1651,1722
32203325149,32203325148,-1,1770,2070
32203542334,32203542338,4,2542,1985
32205630866,32205630870,4,2621,1786
32206188191,32206188174,-17,2140,942
32206779862,32206779848,-14,1621,1145
32207317018,32207317026,8,1885,1286
32209713725,32209713726,1,1990,1655
32218893701,32218893706,5,1585,1022
32222863080,32222863082,2,1433,1085
32228536973,32228536977,4,1676,1387
32233001962,32233001963,1,944,694
32233896915,32233896915,0,1192,1365
32234335458,32234335466,8,2456,1281
32234484785,32234484768,-17,972,575
32237526618,32237526622,4,1817,1435
32239294336,32239294341,5,2563,1585
32241138870,32241138874,4,2563,1811
32244536156,32244536158,2,2206,1580
32245117322,32245117324,2,1111,931
32245918401,32245918405,4,2667,1564
32249278771,32249278775,4,1833,1170
32250856490,32250856494,4,1214,1071
32251477240,32251477246,6,2272,670
32253733417,32253733423,6,1580,1385
32258136721,32258136727,6,2473,1014
32258420292,32258420298,6,1533,708
32259480169,32259480175,6,1515,1331
32259853966,32259853971,5,2842,1281
32261613334,32261613339,5,2208,1687
32262172098,32262172103,5,2069,1330
32264342074,32264342076,2,1771,1594
32264496766,32264496772,6,1907,1307
32264753315,32264753319,4,1844,1147
32265591212,32265591215,3,3032,2518
32270067826,32270067830,4,2188,1286
32275682938,32275682940,2,2053,1282
32278192394,32278192398,4,2389,1572
32278384745,32278384747,2,1863,1323
32280217927,32280217926,-1,1414,2949
32282334454,32282334459,5,1815,1002
32284311494,32284311498,4,2022,1342
32285949434,32285949439,5,1794,1125
32287168603,32287168607,4,1620,1057
32287619951,32287619946,-5,1009,4084
32288865250,32288865254,4,1661,1121
32289632710,32289632715,5,2120,993
32293616537,32293616534,-3,1231,1349
32295005290,32295005272,-18,1397,820
32295592878,32295592879,1,1702,2108
32295679414,32295679417,3,1540,1131
32300195666,32300195671,5,2314,1645
32306810358,32306810363,5,2797,1116
32308279695,32308279698,3,2483,1574
32314485918,32314485922,4,1783,1349
32314606585,32314606564,-21,1774,708
32315324334,32315324338,4,1635,1370
32316117666,32316117650,-16,1415,583
32317828518,32317828524,6,1924,979
32318077873,32318077878,5,1843,1224
32318317382,32318317387,5,1897,1218
32320607026,32320607031,5,2142,1700
32324802539,32324802546,7,1831,911
32329258244,32329258240,-4,993,3242
32332130406,32332130406,0,1235,1152
32332531619,32332531623,4,1836,1261
32334402109,32334402110,1,1848,1514
32335611566,32335611566,0,1225,1841
32342469572,32342469577,5,2582,1605
32343113900,32343113906,6,2215,1124
32343956001,32343956003,2,2222,1598
32344004096,32344004098,2,2301,1137
32344255087,32344255090,3,2371,1451
32345481079,32345481082,3,1349,1062
32345870694,32345870697,3,1994,1323
32351239045,32351239050,5,1528,1283
32352611114,32352611118,4,1706,1435
32353852034,32353852038,4,1279,1024
32354054583,32354054597,14,1670,1071
32354911378,32354911383,5,2690,1198
32355961781,32355961785,4,1876,1147
32356035588,32356035589,1,1350,1321
32357605296,32357605301,5,1976,1499
32357893731,32357893737,6,2765,1018
32361157129,32361157133,4,1819,987
32362387454,32362387458,4,3218,926
32362742166,32362742172,6,2099,1165
32363675634,32363675639,5,2248,1231
32364323458,32364323462,4,2878,1540
32365324994,32365324996,2,2673,2240
32366394461,32366394462,1,1900,1530
32368281763,32368281766,3,2321,1170
32368410306,32368410288,-18,1216,621
32369245466,32369245470,4,1899,1380
32372495525,32372495526,1,2100,2561
32374333025,32374333027,2,1965,1119
32374373978,32374373982,4,1821,1268
32374538922,32374538927,5,1969,1198
32375912470,32375912475,5,1778,1021
32379177265,32379177268,3,1818,1284
32383940630,32383940634,4,1915,1254
32384405198,32384405202,4,2173,1493
32388837073,32388837071,-2,1609,3290
32389832431,32389832435,4,2282,1341
32390790077,32390790081,4,2025,1517
32391541256,32391541260,4,2415,1792
32391918681,32391918687,6,3136,1908
32392352784,32392352788,4,1987,1236
32393285025,32393285031,6,1433,1104
32401102059,32401102062,3,1112,1013
32401518283,32401518283,0,1839,1981
32405307631,32405307633,2,1830,1468
32405446974,32405446978,4,2406,930
32406234993,32406234997,4,2631,1605
32406535117,32406535120,3,1899,1707
32407770438,32407770442,4,1832,976
32408267624,32408267625,1,1603,1342
32409230957,32409230961,4,1849,1293
32410144415,32410144418,3,1398,1113
32412824837,32412824843,6,2118,1250
32413758059,32413758062,3,2492,1451
32417702593,32417702598,5,2451,1189
32422402294,32422402298,4,2162,1235
32428404958,32428404949,-9,459,11734
32429525706,32429525708,2,1762,1041
32430336984,32430336988,4,1986,1688
32432649376,32432649380,4,1748,981
32437437226,32437437230,4,1348,902
32438065810,32438065814,4,1791,1223
32439888582,32439888585,3,2777,1454
32440604890,32440604895,5,1985,1000
32443391900,32443391904,4,1730,1365
32448517118,32448517123,5,1873,1197
32449090830,32449090834,4,1777,1037
32450402889,32450402899,10,4090,1011
32454132430,32454132436,6,1829,1368
32455832535,32455832539,4,2277,1129
32463733750,32463733752,2,3492,2123
32464234056,32464234062,6,1921,1333
32464841233,32464841238,5,877,101
32469730765,32469730770,5,10315,17336
32474104514,32474104519,5,3218,1714
32475623226,32475623222,-4,1091,2299
32479215086,32479215090,4,2707,1650
32481457394,32481457397,3,1839,1127
32484403021,32484403025,4,2145,1660
32485612723,32485612728,5,1844,1838
32485748136,32485748139,3,1774,1358
32487194610,32487194615,5,1602,1128
32490123098,32490123102,4,1308,1297
32490847875,32490847872,-3,35574,23478
32492268010,32492268015,5,1979,1320
32493199141,32493199145,4,1578,1002
32493574307,32493574306,-1,2291,2762
32493667406,32493667400,-6,1200,4654
32494963596,32494963590,-6,1826,11380
32496050034,32496050038,4,2212,1694
32496570134,32496570139,5,2585,1283
32501432124,32501432129,5,2128,1288
32502269654,32502269657,3,1669,1048
32502345243,32502345246,3,2077,864
32502799198,32502799200,2,1385,1004
32503747270,32503747274,4,1821,1821
32507619213,32507619219,6,1507,724
32508997318,32508997322,4,1694,1515
32510744342,32510744346,4,1967,1786
32516229790,32516229795,5,1638,1388
32520495381,32520495387,6,1735,1184
32521271970,32521271975,5,1769,960
32521950259,32521950263,4,2613,1486
32522072026,32522072029,3,2039,1263
32523253010,32523253014,4,2289,1110
32523704727,32523704731,4,2119,1145
32524499166,32524499171,5,848,791
32524824477,32524824484,7,2221,1581
32525382407,32525382412,5,1751,1858
32526612678,32526612682,4,1806,1617
32527049364,32527049370,6,2225,1450
32531614042,32531614022,-20,1719,1433
32532072857,32532072860,3,2054,1699
32534480334,32534480338,4,2161,896
32536775982,32536775986,4,1787,1331
32537950094,32537950097,3,2941,1258
32540279917,32540279921,4,2167,1774
32541071310,32541071314,4,1409,1112
32541698623,32541698626,3,1240,900
32544018483,32544018461,-22,2633,2059
32544050458,32544050466,8,3302,1073
32548005268,32548005273,5,1199,741
32548673925,32548673910,-15,1357,580
32550520386,32550520391,5,2263,1202
32554155850,32554155855,5,2203,1325
32555377806,32555377801,-5,921,1767
32558734597,32558734599,2,2541,1425
32559891758,32559891758,0,944,1444
32571690395,32571690400,5,1416,1696
32571996002,32571995999,-3,2130,5366
32573913938,32573913942,4,2222,1406
32576216879,32576216881,2,1983,1589
32576499066,32576499073,7,1747,1833
32578257920,32578257925,5,2276,1424
32582549334,32582549338,4,1540,1228
32583203833,32583203838,5,3475,1566
32583320934,32583320939,5,2551,1231
32586639900,32586639905,5,2015,1235
32586761490,32586761494,4,1822,1094
32588381025,32588381028,3,1525,1242
32588864290,32588864268,-22,1782,1166
32594049746,32594049749,3,1334,1046
32596753564,32596753570,6,2839,1732
32599879515,32599879519,4,2529,1589
32600526195,32600526195,0,1418,2124
32601865782,32601865786,4,2057,1220
32602741491,32602741497,6,2425,1288
32603544011,32603544015,4,2149,1525
32605877347,32605877352,5,2773,1866
32610004010,32610004016,6,2795,1101
32612968413,32612968419,6,2041,1216
32613324606,32613324606,0,632,558
32618702384,32618702389,5,4502,2770
32623008171,32623008175,4,1733,1090
32626122784,32626122788,4,1957,1384
32626207789,32626207791,2,945,899
32626929487,32626929491,4,1842,929
32628227553,32628227558,5,1521,947
32628896998,32628897002,4,1343,850
32629653531,32629653534,3,1959,1548
32629844509,32629844506,-3,1146,3096
32630095141,32630095141,0,1130,1237
32630908879,32630908882,3,1868,2179
32633965261,32633965266,5,2883,2018
32634005046,32634005051,5,1342,872
32634972346,32634972345,-1,1434,1675
32637419183,32637419187,4,2297,1558
32641418086,32641418091,5,1531,1427
32643693773,32643693778,5,1680,1023
32649566024,32649566028,4,2168,1474
32650548517,32650548523,6,2881,1026
32650818122,32650818125,3,2493,2294
32659704930,32659704938,8,2060,1041
32659750275,32659750279,4,1791,1269
32660253882,32660253885,3,1952,1392
32661761566,32661761570,4,1274,907
32665374846,32665374853,7,2490,1375
32666333963,32666333966,3,1756,909
32669492980,32669492985,5,1712,1225
32671131600,32671131601,1,1568,1517
32671389919,32671389923,4,1627,1508
32671625623,32671625629,6,1769,1285
32675942366,32675942370,4,2139,1527
32679939068,32679939071,3,2248,1827
32680352930,32680352930,0,1435,1925
32682659511,32682659517,6,3268,1941
32683680775,32683680761,-14,736,358
32686276054,32686276059,5,1781,852
32686771867,32686771862,-5,485,1621
32689453459,32689453463,4,2781,1512
32689488834,32689488838,4,2926,1491
32693242420,32693242422,2,2670,1801
32695060805,32695060807,2,1337,1492
32696210249,32696210254,5,2413,1425
32698944394,32698944399,5,2855,1847
32700130254,32700130258,4,2285,1337
32700304298,32700304303,5,1886,1360
32703485022,32703485026,4,2035,1108
32704469962,32704469946,-16,2756,1305
32706771417,32706771413,-4,884,3270
32707090986,32707090991,5,2101,1222
32707257874,32707257879,5,2588,1555
32709086946,32709086925,-21,1818,1428
32710619456,32710619459,3,1847,1307
32715729043,32715729049,6,2165,1351
32716997710,32716997714,4,2378,1246
32719951962,32719951966,4,1122,839
32720056423,32720056439,16,985,843
32722778824,32722778827,3,2015,1508
32723673159,32723673165,6,2016,1562
32724711035,32724711039,4,2367,1479
32727216332,32727216338,6,1391,1317
32731603977,32731603979,2,1064,878
32733685750,32733685754,4,2291,1446
32736320089,32736320094,5,1866,1365
32737074401,32737074405,4,2348,1561
32738254849,32738254854,5,1998,1444
32739156441,32739156447,6,3185,3027
32742849902,32742849906,4,2111,1345
32744334040,32744334043,3,1908,1265
32744748982,32744748989,7,2074,1126
32749958582,32749958589,7,2075,1346
32751667822,32751667827,5,1718,1100
32752737818,32752737823,5,2735,1575
32758595479,32758595477,-2,1259,2319
32758844296,32758844299,3,1316,928
32759142237,32759142241,4,2925,1634
32759268411,32759268413,2,2312,1775
32760822726,32760822733,7,1419,1030
32765795865,32765795860,-5,1267,2019
32768050789,32768050792,3,1449,1539
32768621114,32768621121,7,1730,1314
32769913954,32769913960,6,1898,1107
32770276324,32770276327,3,1798,1429
32772699674,32772699681,7,3085,1690
32774026293,32774026297,4,1726,1411
32776427786,32776427791,5,1716,1705
32777145838,32777145842,4,2591,1236
32777961646,32777961650,4,1299,1272
32778632362,32778632367,5,1679,1512
32785982931,32785982928,-3,1136,2179
32788405606,32788405610,4,2521,1149
32790858770,32790858776,6,2055,1247
32791832737,32791832718,-19,1530,595
32792797457,32792797462,5,1721,1108
32793432636,32793432640,4,1889,1336
32795825869,32795825872,3,1698,1233
32796231094,32796231111,17,1572,1308
32798544320,32798544323,3,1400,1339
32801037348,32801037352,4,2585,1757
32806581799,32806581804,5,2109,1555
32809494059,32809494079,20,1747,1554
32810877598,32810877603,5,1970,1388
32814983546,32814983550,4,1875,1385
32816374558,32816374564,6,2307,1305
32822397561,32822397554,-7,1329,1008
32824403170,32824403174,4,2693,1843
32824472303,32824472311,8,3583,1526
32825465143,32825465145,2,2416,1721
32832560402,32832560417,15,742,1762
32833158066,32833158084,18,721,486
32836903379,32836903376,-3,1281,2753
32836947385,32836947389,4,2548,1549
32837991445,32837991450,5,1407,905
32841052912,32841052915,3,1464,1024
32847324963,32847324966,3,2123,1501
32850262721,32850262724,3,2981,1784
32851451347,32851451350,3,3435,3410
32853103583,32853103587,4,2355,1669
32857320354,32857320360,6,1573,1195
32859576674,32859576679,5,1508,1161
32860066594,32860066598,4,2306,1375
32863359586,32863359586,0,1300,941
32863961974,32863961975,1,1881,1669
32864639976,32864639979,3,1416,1274
32866920817,32866920802,-15,154,1098
32868205675,32868205679,4,1951,1105
32869614440,32869614445,5,2411,1188
32871904174,32871904180,6,2745,1606
32874578842,32874578851,9,187,797
32875634312,32875634314,2,1638,1322
32877191280,32877191285,5,2675,2055
32883788579,32883788581,2,1664,1628
32884110722,32884110718,-4,1533,3631
32884262988,32884262981,-7,2490,10430
32886506320,32886506325,5,2116,1450
32893182510,32893182515,5,1797,1235
32902018830,32902018835,5,1913,1255
32902091402,32902091381,-21,2334,1309
32904600014,32904600019,5,1976,1776
32913789806,32913789810,4,1579,722
32916386490,32916386494,4,1845,1062
32918481050,32918481057,7,1655,1152
32918895814,32918895799,-15,2384,1846
32921104378,32921104382,4,2932,1087
32927024218,32927024219,1,1965,1309
32927928445,32927928450,5,2339,1547
32928977699,32928977705,6,2888,1764
32931271894,32931271898,4,1952,1461
32934532853,32934532857,4,2023,1227
32938803109,32938803113,4,2815,1542
32941391129,32941391134,5,1844,1470
32942834763,32942834767,4,2202,1426
32943448156,32943448159,3,2360,1827
32944981388,32944981392,4,3310,1499
32945693010,32945693015,5,1852,970
32945824138,32945824127,-11,1508,345
32947439655,32947439657,2,1279,707
32948710246,32948710250,4,2428,1184
32949755950,32949755955,5,2014,1269
32955973111,32955973114,3,1368,1021
32960891734,32960891738,4,155,2193
32962917570,32962917575,5,1849,1429
32965661690,32965661696,6,1844,1079
32965768987,32965768991,4,2696,1990
32966366817,32966366823,6,3637,1131
32969361042,32969361045,3,1043,965
32977040098,32977040101,3,2082,2134
32980787246,32980787251,5,2427,1408
32982753554,32982753559,5,1281,875
32983234505,32983234509,4,1904,1150
32984967342,32984967346,4,2061,1069
32985481271,32985481254,-17,852,425
32986767756,32986767762,6,2247,1578
32992393185,32992393188,3,1920,1974
32993060548,32993060553,5,1389,799
32996930927,32996930931,4,1164,1125
33000907300,33000907305,5,1332,1740
33001608158,33001608162,4,1812,1368
33007400600,33007400602,2,1578,897
33009493138,33009493137,-1,1369,1588
33011150266,33011150270,4,2473,1693
33011422462,33011422465,3,1863,1474
33016323906,33016323908,2,2846,1832
33017034902,33017034902,0,1565,995
33017280691,33017280697,6,2312,1154
33017751050,33017751054,4,2029,1343
33019417305,33019417309,4,1730,1068
33024791063,33024791066,3,1725,1216
33025838956,33025838962,6,1629,954
33027070641,33027070642,1,1331,880
33029262129,33029262132,3,1898,1168
33029806384,33029806386,2,2138,2157
33031080419,33031080423,4,1562,1127
33032144454,33032144457,3,1731,1339
33032840902,33032840906,4,1233,777
33033666241,33033666244,3,2026,1472
33037257753,33037257749,-4,1077,1907
33038786425,33038786429,4,1536,958
33040668130,33040668133,3,1246,1211
33042821181,33042821185,4,2346,1149
33042866429,33042866426,-3,1161,2504
33043475673,33043475678,5,2015,1496
33044038404,33044038407,3,1121,920
33046496802,33046496807,5,1509,1226
33049884625,33049884631,6,1807,1152
33052196497,33052196501,4,1657,978
33054208408,33054208411,3,1610,1329
33057506431,33057506436,5,2174,1378
33062710478,33062710479,1,1306,1553
33064727740,33064727745,5,2043,1520
33067261465,33067261469,4,1725,1147
33067374545,33067374549,4,1621,1425
33069988401,33069988381,-20,1716,870
33072904810,33072904815,5,1393,981
33073201070,33073201075,5,2191,1681
33078064238,33078064244,6,2022,1591
33083883425,33083883430,5,2642,1340
33085675851,33085675855,4,1889,1616
33086639330,33086639334,4,2026,1125
33087746071,33087746075,4,1530,1266
33087986438,33087986441,3,2100,1538
33088064247,33088064251,4,2632,1066
33088619691,33088619698,7,2032,1080
33092099768,33092099771,3,1947,915
33096536878,33096536882,4,2196,1500
33097089827,33097089831,4,2196,1262
33097476682,33097476686,4,1869,1338
33101239070,33101239074,4,2168,1422
33102290930,33102290934,4,2177,1821
33102968197,33102968198,1,1674,1509
33103006201,33103006206,5,2325,1897
33104129203,33104129208,5,2356,1603
33105439273,33105439276,3,2155,1846
33113248085,33113248089,4,2292,1357
33113630034,33113630038,4,2264,1482
33113907724,33113907726,2,2097,1630
33114673278,33114673282,4,1762,926
33118775840,33118775844,4,2116,2047
33121672243,33121672246,3,1550,1156
33126251962,33126251965,3,1208,1281
33126367617,33126367619,2,1604,1386
33126577602,33126577606,4,1916,1336
33126657279,33126657262,-17,1722,842
33128744089,33128744095,6,4948,2933
33130257608,33130257613,5,1094,952
33131101945,33131101950,5,2357,1352
33135584077,33135584082,5,2460,1636
33136794685,33136794689,4,2395,1602
33143217386,33143217390,4,2125,1204
33146647669,33146647671,2,2356,1332
33148987822,33148987826,4,1679,1345
33149700850,33149700853,3,2033,1223
33151322489,33151322493,4,2582,1594
33152546864,33152546870,6,2485,1258
33155732028,33155732023,-5,1751,6644
33160324414,33160324419,5,2522,1842
33162663843,33162663849,6,1663,1474
33163743038,33163743043,5,2596,1732
33164728755,33164728758,3,1642,1141
33165095764,33165095769,5,2047,1461
33169675055,33169675054,-1,1840,2090
33175071241,33175071246,5,2139,1277
33176073783,33176073788,5,1713,1329
33180520519,33180520527,8,3149,1602
33184129306,33184129311,5,1835,1515
33184210489,33184210491,2,1758,1429
33184542210,33184542214,4,2020,1448
33185523511,33185523515,4,2657,1875
33188236601,33188236581,-20,1725,1189
33188450334,33188450338,4,1802,1322
33190173095,33190173101,6,1716,979
33190347391,33190347398,7,2473,1647
33192446018,33192446021,3,1630,1422
33192563561,33192563563,2,2002,1626
33193960574,33193960579,5,2896,1132
33197999166,33197999170,4,1940,1251
33203077858,33203077858,0,1354,1529
33204197842,33204197846,4,1786,1299
33206444349,33206444354,5,2031,1149
33207173379,33207173385,6,1895,1347
33210250077,33210250082,5,960,981
33215766885,33215766890,5,2413,1405
33216155030,33216155034,4,1237,1026
33217709802,33217709803,1,1195,1420
33218793908,33218793913,5,2630,1245
33218996625,33218996639,14,2290,990
33219163333,33219163336,3,1963,994
33222784406,33222784411,5,1594,1233
33223255575,33223255579,4,1938,1562
33224902166,33224902169,3,1346,1274
33225759577,33225759580,3,1978,1610
33227052039,33227052042,3,1103,1317
33228381861,33228381866,5,2728,1478
33229622451,33229622458,7,2979,1693
33231932479,33231932478,-1,1008,1076
33236906678,33236906682,4,2745,1346
33238808346,33238808354,8,1897,962
33240058479,33240058484,5,2149,1820
33240306026,33240306030,4,1905,1536
33243066990,33243066994,4,2445,1075
33244861099,33244861103,4,1337,1125
33247829897,33247829901,4,2035,1069
33250505690,33250505694,4,1308,1079
33250668534,33250668537,3,2460,1513
33251401138,33251401136,-2,2303,4099
33252276339,33252276318,-21,1011,784
33253034028,33253034032,4,3023,1931
33255799785,33255799790,5,2219,1833
33256253130,33256253135,5,2944,1279
33256944173,33256944174,1,1779,1248
33260777127,33260777130,3,2065,1421
33261710168,33261710173,5,2367,1624
33261912625,33261912627,2,1913,1555
33263140382,33263140387,5,1729,968
33266132669,33266132671,2,2587,1994
33268916861,33268916864,3,2007,1336
33273688815,33273688818,3,2009,1157
33276178541,33276178522,-19,1952,917
33276237206,33276237209,3,1577,1333
33277639318,33277639323,5,1463,1179
33278735894,33278735899,5,2633,1029
33286268325,33286268331,6,3319,1854
33286823739,33286823741,2,1526,1438
33288199201,33288199205,4,1578,1323
33288267694,33288267677,-17,1234,876
33290699845,33290699847,2,1539,1497
33293729228,33293729233,5,1995,1442
33296397197,33296397204,7,1882,915
33303449886,33303449890,4,1488,1219
33305269782,33305269785,3,1926,1063
33306730903,33306730907,4,2345,1685
33308521721,33308521727,6,1958,1053
33308946540,33308946545,5,2381,1421
33311793653,33311793656,3,2020,1666
33313067679,33313067682,3,2241,1534
33322903382,33322903366,-16,1375,1320
33330612630,33330612632,2,2450,1693
33332751378,33332751383,5,1332,1349
33333243119,33333243123,4,3201,2998
33335163131,33335163137,6,2925,1210
33335609460,33335609463,3,2336,1499
33335712893,33335712895,2,2254,1142
33337351407,33337351410,3,4127,3069
33340109511,33340109512,1,1479,1296
33343864434,33343864442,8,2755,1572
33344757338,33344757357,19,2770,1130
33349940271,33349940270,-1,798,1262
33350154164,33350154167,3,1802,1235
33350712608,33350712612,4,1753,1693
33350781548,33350781552,4,2435,1523
33359051076,33359051078,2,1899,1569
33359536497,33359536502,5,2113,880
33363730961,33363730966,5,2809,1157
33364152561,33364152567,6,1470,1059
33366495769,33366495775,6,1581,1742
33367918283,33367918286,3,1514,1270
33369536371,33369536370,-1,2074,3807
33370871018,33370871021,3,2205,1783
33372161780,33372161785,5,2347,1550
33373121942,33373121945,3,1153,880
33376873971,33376873962,-9,416,2892
33378382742,33378382747,5,1690,1128
33378942217,33378942218,1,1762,944
33382145802,33382145806,4,2454,1766
33385121991,33385121995,4,1590,1237
33385410956,33385410962,6,2471,1322
33386909578,33386909582,4,2657,1392
33387216797,33387216800,3,1706,1017
33388841273,33388841276,3,2372,1686
33389742617,33389742621,4,1595,1125
33390911842,33390911842,0,1466,1721
33394353849,33394353853,4,1987,1595
33396216186,33396216190,4,2030,1607
33397240754,33397240757,3,10983,9157
33402064470,33402064476,6,2858,1411
33403681773,33403681778,5,3018,1800
33405117658,33405117661,3,1437,1075
33409090098,33409090101,3,1363,1850
33409776130,33409776132,2,1822,1222
33409912295,33409912299,4,1029,884
33411562323,33411562329,6,1779,1193
33412141176,33412141179,3,2186,1285
33412621158,33412621162,4,2038,1664
33412984030,33412984035,5,1890,1496
33413183680,33413183685,5,1449,1284
33413591814,33413591819,5,1119,1185
33414917290,33414917295,5,1669,1177
33415324086,33415324091,5,2215,1446
33416904941,33416904945,4,1942,1658
33417648801,33417648806,5,1491,986
33423088634,33423088639,5,1898,1208
33423266936,33423266938,2,2886,1595
33423867926,33423867931,5,1948,1641
33424331454,33424331440,-14,1568,1171
33426008118,33426008123,5,1820,1290
33426618982,33426618967,-15,2024,1246
33427343677,33427343678,1,2397,1071
33427391655,33427391659,4,1571,1454
33427501858,33427501862,4,2193,1450
33429790001,33429790007,6,1558,827
33435532563,33435532567,4,1680,991
33437012165,33437012170,5,2172,1434
33439201927,33439201931,4,1736,1411
33439407395,33439407400,5,1661,801
33441952530,33441952534,4,2561,986
33445805737,33445805740,3,1950,1357
33459336054,33459336060,6,1634,1595
33463574035,33463574036,1,1126,826
33468657917,33468657919,2,1652,1138
33469663382,33469663386,4,1733,1553
33470356094,33470356099,5,1472,711
33471432046,33471432050,4,1773,1205
33476707714,33476707720,6,1807,1109
33479082430,33479082434,4,1852,1392
33480882341,33480882344,3,1926,1211
33482151050,33482151053,3,1349,1437
33488719490,33488719494,4,2123,1104
33490096766,33490096769,3,1895,1505
33499018014,33499018020,6,1482,1255
33500438945,33500438950,5,1492,1496
33504005251,33504005256,5,2059,965
33505204174,33505204178,4,1488,1194
33505999010,33505999014,4,2230,1303
33506863059,33506863059,0,25764,24753
33507164065,33507164065,0,1537,1457
33513829395,33513829401,6,3097,1638
33515843301,33515843302,1,1521,2015
33518455993,33518455998,5,1870,1440
33519129501,33519129505,4,2456,1401
33519341882,33519341881,-1,7544,11668
33520075563,33520075569,6,1798,1334
33521736537,33521736542,5,1836,1384
33522717511,33522717507,-4,915,2510
33524685304,33524685306,2,2055,1648
33525402918,33525402923,5,1893,1334
33525691859,33525691863,4,1171,1015
33531697146,33531697149,3,1756,1858
33540788105,33540788108,3,2318,1334
33542184657,33542184661,4,1468,1334
33542616219,33542616223,4,2774,1334
33545926291,33545926295,4,2450,1593
33546768356,33546768359,3,1800,1032
33547656587,33547656591,4,1883,1267
33547716262,33547716276,14,1760,1030
33549397378,33549397382,4,2081,1334
33550217453,33550217437,-16,2867,1678
33552576667,33552576671,4,1180,906
33556319727,33556319707,-20,1086,533
33558334821,33558334825,4,1636,1586
33564312098,33564312100,2,2051,1079
33565161241,33565161245,4,1080,1182
33566378971,33566378973,2,1507,759
33568218484,33568218487,3,1993,1132
33571015468,33571015474,6,2407,1157
33571746254,33571746257,3,2347,1495
33574391134,33574391136,2,1930,1229
33582982184,33582982189,5,1668,1114
33584055186,33584055184,-2,24321,17953
33590391274,33590391278,4,2582,1490
33593770041,33593770043,2,1102,718
33595731378,33595731381,3,1977,1402
33597741939,33597741942,3,2538,1282
33601418157,33601418164,7,1786,1119
33604176373,33604176378,5,2684,1634
33604474307,33604474311,4,2184,1701
33604759031,33604759035,4,1708,1384
33604797694,33604797698,4,1881,1477
33605549674,33605549678,4,2140,1464
33607752026,33607752029,3,1223,756
33609126186,33609126191,5,2770,1520
33609870149,33609870154,5,2408,1235
33609930859,33609930862,3,1740,1259
33614718877,33614718879,2,1687,1503
33616890666,33616890670,4,1940,1704
33620812696,33620812699,3,2255,1594
33623845825,33623845830,5,2577,1630
33626217886,33626217891,5,1850,1340
33627042222,33627042225,3,2056,1635
33627608270,33627608277,7,2336,1641
33629666360,33629666364,4,2255,1225
33637419293,33637419297,4,2156,1281
33642092417,33642092423,6,4283,2059
33642423486,33642423493,7,879,1195
33643406168,33643406169,1,1224,1534
33646244753,33646244757,4,1674,1253
33648319151,33648319157,6,2367,1219
33651237276,33651237279,3,2435,1281
33652081522,33652081525,3,2260,1088
33655762496,33655762503,7,2168,1546
33656596294,33656596312,18,521,3122
33657476915,33657476919,4,1522,846
33664476951,33664476953,2,2191,2000
33666807691,33666807695,4,1979,1597
33670314581,33670314583,2,1699,687
33672186954,33672186954,0,1328,1190
33679083313,33679083316,3,1778,908
33680514728,33680514732,4,2340,1251
33683284634,33683284640,6,4001,1577
33688506566,33688506571,5,2110,1907
33688990246,33688990251,5,1851,945
33691088582,33691088588,6,847,427
33692405572,33692405588,16,2109,1337
33692612974,33692612977,3,1881,1094
33695401320,33695401324,4,2043,1530
33695498454,33695498458,4,2107,1636
33698134353,33698134332,-21,1478,772
33698192718,33698192724,6,2504,1474
33700325173,33700325177,4,2305,1134
33703370946,33703370946,0,2047,2281
33704029668,33704029674,6,2822,1282
33705174389,33705174393,4,2138,1332
33706749907,33706749912,5,2063,1088
33707802347,33707802352,5,1180,947
33710596071,33710596074,3,1917,1235
33711173749,33711173752,3,1299,1699
33712828289,33712828294,5,1258,1512
33713279981,33713279999,18,1693,1331
33717398700,33717398703,3,2322,1019
33718321961,33718321964,3,1848,1450
33720170323,33720170327,4,2108,1799
33721467179,33721467183,4,1993,1347
33727004805,33727004810,5,2773,1420
33732715634,33732715633,-1,1726,2756
33732796078,33732796073,-5,756,2757
33736353002,33736353005,3,1005,1246
33737621118,33737621122,4,1325,927
33738158725,33738158706,-19,2374,1541
33739685245,33739685248,3,1362,1166
33742810911,33742810915,4,1863,1361
33745238273,33745238278,5,2131,950
33746848374,33746848378,4,1855,1074
33746951943,33746951942,-1,1540,1928
33750446845,33750446848,3,2222,1589
33751353439,33751353442,3,2228,1147
33752373287,33752373291,4,1985,969
33753815326,33753815330,4,1562,1038
33755180056,33755180059,3,2532,1150
33757992158,33757992163,5,2886,1804
33758365459,33758365479,20,2102,1239
33758842682,33758842685,3,1523,1431
33760597516,33760597522,6,1678,719
33763432753,33763432754,1,1990,1066
33764203960,33764203953,-7,36913,12840
33765373533,33765373537,4,2030,1260
33765919406,33765919410,4,1915,1561
33766854013,33766854018,5,1802,1446
33772850842,33772850846,4,1376,1266
33774137666,33774137671,5,1768,1713
33775725966,33775725965,-1,1023,1650
33776111085,33776111090,5,1448,834
33779041031,33779041035,4,2035,1427
33780704314,33780704318,4,2093,1240
33780816438,33780816422,-16,1508,807
33781405630,33781405635,5,1870,877
33781841890,33781841895,5,1504,975
33782871170,33782871174,4,1888,2056
33784056818,33784056822,4,2233,1078
33784739454,33784739458,4,2225,1776
33786697785,33786697790,5,1619,1204
33789485155,33789485157,2,1457,767
33792628135,33792628141,6,2473,1521
33794395590,33794395593,3,2203,1668
33797767718,33797767718,0,1269,1186
33798527354,33798527356,2,2119,1001
33803255431,33803255433,2,6305,5351
33805732979,33805732993,14,11428,51749
33805890337,33805890342,5,3993,1540
33806751081,33806751089,8,9858,38292
33808635465,33808635470,5,1480,1460
33812979106,33812979111,5,1916,1506
33814532442,33814532447,5,2618,1587
33825179696,33825179700,4,1453,1335
33825725672,33825725675,3,3260,2501
33827891768,33827891766,-2,1546,2211
33834119565,33834119571,6,1522,1192
33835628369,33835628374,5,1815,1201
33836577114,33836577118,4,1986,1365
33840548625,33840548630,5,2264,1435
33840744057,33840744060,3,1686,1684
33845538277,33845538287,10,1425,1357
33849227335,33849227338,3,1607,1778
33849275740,33849275746,6,1737,1534
33855609609,33855609611,2,1691,1133
33856317810,33856317811,1,1212,1065
33858086309,33858086314,5,2057,1050
33864784555,33864784561,6,1532,1012
33866228716,33866228720,4,2680,1066
33868503765,33868503770,5,2009,1800
33874058947,33874058950,3,1187,1195
33875682194,33875682198,4,1743,1409
33876751965,33876751970,5,46319,27612
33883251198,33883251204,6,1554,1140
33883904105,33883904109,4,1946,1008
33891111290,33891111293,3,2109,1406
33896435822,33896435811,-11,724,643
33897119930,33897119934,4,1885,1215
33903730388,33903730396,8,13020,35753
33905560091,33905560094,3,1968,1255
33905921109,33905921112,3,2032,1395
33908493132,33908493136,4,1706,1363
33908614584,33908614597,13,1749,1120
33916237034,33916237039,5,2194,1311
33916382605,33916382609,4,1226,661
33918178006,33918178010,4,3102,1409
33919044394,33919044399,5,2040,1426
33919407630,33919407631,1,1815,1157
33920032046,33920032051,5,1571,1102
33921075959,33921075964,5,2017,1334
33921971414,33921971418,4,1367,1035
33922863609,33922863613,4,1470,1354
33923170116,33923170122,6,2186,1577
33925452324,33925452329,5,1629,970
33926684130,33926684134,4,1610,1436
33928170038,33928170028,-10,856,142
33929215465,33929215461,-4,576,1247
33932270106,33932270103,-3,1314,2304
33933682626,33933682630,4,2261,1085
33934411349,33934411355,6,1490,1082
33935179150,33935179147,-3,1234,2169
33939614993,33939614998,5,2302,1489
33943044063,33943044055,-8,875,4089
33944051903,33944051911,8,8373,25466
33948290112,33948290115,3,2403,1373
33948716953,33948716955,2,1109,1031
33950173097,33950173103,6,1025,703
33958859545,33958859544,-1,2399,3942
33961061708,33961061712,4,1928,1406
33961337837,33961337842,5,1335,1093
33961602552,33961602559,7,2145,1435
33962001002,33962000982,-20,1748,1088
33965853262,33965853265,3,9339,7432
33976448438,33976448445,7,1582,1051
33979577634,33979577636,2,1612,1296
33983655377,33983655381,4,1486,1345
33996120130,33996120135,5,1346,1084
33997327857,33997327860,3,1646,1374
34001209265,34001209269,4,3141,1623
34002245937,34002245941,4,2315,1381
34004526601,34004526594,-7,2990,8541
34007763522,34007763527,5,1604,1121
34008207199,34008207205,6,1460,947
34010035890,34010035895,5,2392,1557
34010635870,34010635874,4,1952,1129
34015853934,34015853938,4,2362,1353
34025349502,34025349506,4,1694,1130
34027516657,34027516659,2,967,817
34029103203,34029103209,6,2547,1328
34032162250,34032162254,4,1769,1368
34034021742,34034021747,5,2130,1395
34035131364,34035131366,2,1572,1283
34036954423,34036954428,5,1678,1382
34037766329,34037766331,2,1516,1298
34047484138,34047484135,-3,1123,2568
34052853418,34052853422,4,2438,1343
34053092246,34053092251,5,1547,1503
34054353259,34054353262,3,1876,1227
34056638377,34056638381,4,1511,1129
34057076659,34057076661,2,1172,1152
34057343212,34057343215,3,1955,1230
34058052975,34058052975,0,1013,1343
34060122917,34060122919,2,2234,1168
34062057145,34062057150,5,1503,1368
34062294539,34062294543,4,1458,736
34062599120,34062599127,7,1339,926
34064091411,34064091414,3,2218,1253
34065307420,34065307426,6,3010,1812
34068583669,34068583676,7,2030,946
34069395494,34069395499,5,2070,1054
34070252955,34070252959,4,2456,1453
34074616287,34074616290,3,1635,846
34075280646,34075280650,4,1991,1360
34075826962,34075826965,3,1461,1314
34076201567,34076201583,16,2791,1514
34076984915,34076984919,4,2037,1445
34078325381,34078325381,0,1276,2134
34079745517,34079745519,2,2359,1341
34080000242,34080000230,-12,920,423
34080262080,34080262083,3,1600,1625
34082389842,34082389842,0,1326,1108
34084417094,34084417099,5,2289,1380
34084795093,34084795097,4,2330,938
34085927556,34085927560,4,2133,1516
34086051011,34086050989,-22,1881,1766
34088074802,34088074806,4,2193,1465
34091033321,34091033325,4,2058,1232
34091887722,34091887725,3,1667,1115
34094378014,34094378017,3,1610,948
34099129237,34099129242,5,1809,1474
34099869763,34099869766,3,2147,1838
34100528610,34100528615,5,1804,1346
34101053547,34101053553,6,2543,1084
34101237002,34101237005,3,1469,1202
34102649170,34102649175,5,1528,1083
34103063922,34103063923,1,1295,1454
34103479170,34103479170,0,1434,1527
34104445041,34104445045,4,1405,1220
34112863508,34112863511,3,2650,1599
34113636861,34113636863,2,24213,16894
34118570334,34118570339,5,2125,946
34119572519,34119572523,4,2961,1674
34126963595,34126963589,-6,928,3764
34128612415,34128612420,5,2137,1277
34132960887,34132960889,2,1665,1137
34134948350,34134948355,5,2075,1108
34136366160,34136366163,3,2083,709
34136681311,34136681312,1,1966,1497
34136835657,34136835661,4,2756,2112
34138392076,34138392080,4,1954,1289
34144976313,34144976311,-2,1668,4569
34146210302,34146210306,4,1726,1924
34151507969,34151507971,2,2610,1924
34151916143,34151916148,5,2113,1306
34156577688,34156577691,3,1811,1376
34158692033,34158692037,4,1675,1195
34158936154,34158936160,6,2418,1689
34161786066,34161786070,4,2779,1576
34166728210,34166728214,4,2002,1281
34169310189,34169310175,-14,821,250
34171343992,34171343996,4,2875,1657
34173767329,34173767345,16,15767,29930
34177083532,34177083539,7,1365,1033
34177775757,34177775762,5,1600,1109
34182459446,34182459449,3,1539,1099
34182810263,34182810269,6,1210,921
34185891792,34185891795,3,2063,1106
34186796314,34186796320,6,2184,1653
34187397935,34187397937,2,1712,1190
34188459210,34188459215,5,2070,1177
34198600125,34198600127,2,1786,1573
34199821574,34199821578,4,2922,1560
34201488389,34201488393,4,2468,1185
34202717405,34202717406,1,1238,1293
34212607795,34212607800,5,1924,1889
34213370057,34213370059,2,1326,1238
34215833386,34215833391,5,1700,1506
34217975910,34217975914,4,1693,1259
34218681458,34218681457,-1,913,1603
34224909499,34224909505,6,2248,1453
34226442877,34226442879,2,1257,1097
34234729045,34234729050,5,2415,1489
34237804191,34237804194,3,1941,1405
34237922283,34237922286,3,1705,1212
34238201074,34238201077,3,1767,1233
34244932987,34244932992,5,2708,1396
34245196345,34245196346,1,2624,1639
34252023061,34252023067,6,2076,1412
34254936649,34254936654,5,2136,730
34256399274,34256399273,-1,961,1839
34256971351,34256971356,5,2720,1768
34258224722,34258224723,1,1916,1306
34259401245,34259401251,6,1623,1004
34260069793,34260069796,3,1206,1537
34261191158,34261191157,-1,1344,2000
34263129567,34263129572,5,2352,1329
34268447679,34268447685,6,2939,1408
34271716806,34271716808,2,1703,1272
34275316976,34275316980,4,8770,21970
34275401294,34275401310,16,1250,4297
34278848989,34278848992,3,1957,1277
34280227158,34280227143,-15,962,576
34281052167,34281052171,4,1940,1569
34282379770,34282379774,4,1263,639
34282905558,34282905541,-17,2782,1133
34285504793,34285504799,6,2149,1330
34286540434,34286540439,5,1509,1476
34286863440,34286863445,5,2479,1095
34294348894,34294348899,5,1260,1608
34296271892,34296271897,5,2698,1106
34300881923,34300881915,-8,1540,1532
34301049274,34301049279,5,1623,1251
34302312555,34302312561,6,2086,1115
34310302934,34310302939,5,1261,988
34310549847,34310549851,4,2230,995
34310642946,34310642950,4,1673,1300
34310709971,34310709974,3,2798,1637
34316345250,34316345255,5,1577,958
34317227950,34317227953,3,1301,1314
34318194805,34318194810,5,2094,1534
34318345459,34318345463,4,1701,1222
34318665162,34318665163,1,2488,2754
34323820493,34323820474,-19,1426,1551
34324872304,34324872300,-4,1311,2849
34333685738,34333685742,4,1765,1626
34336490869,34336490876,7,2012,846
34337736078,34337736084,6,1506,1286
34339598666,34339598666,0,2435,2786
34339716186,34339716191,5,3377,1762
34341647434,34341647439,5,1617,1273
34342552054,34342552058,4,2459,1946
34344347400,34344347403,3,1218,1069
34344685645,34344685649,4,2281,1681
34345165865,34345165866,1,1678,1503
34352340718,34352340721,3,1795,1746
34352985853,34352985859,6,2223,1321
34357640780,34357640784,4,1525,801
34358524237,34358524239,2,1652,1363
34359259785,34359259790,5,1839,1341
34362313665,34362313666,1,3292,2901
34363121709,34363121714,5,2843,1837
34365816025,34365816029,4,1678,1643
34368535936,34368535932,-4,1227,4103
34370165870,34370165873,3,1286,806
34370360739,34370360742,3,1815,1162
34377623794,34377623798,4,1739,1029
34383602855,34383602859,4,1063,997
34386637367,34386637373,6,2053,1081
34388521969,34388521973,4,1676,1412
34393242092,34393242095,3,2572,1700
34396132645,34396132650,5,2469,1127
34396759872,34396759887,15,52297,41353
34398354034,34398354038,4,2515,1581
34399821865,34399821870,5,1146,1055
34400148534,34400148539,5,2351,1861
34404995621,34404995625,4,1687,1202
34405383150,34405383155,5,2299,1845
34405491959,34405491941,-18,917,328
34406495170,34406495174,4,1539,1243
34408104512,34408104519,7,2160,1340
34410002398,34410002404,6,1975,1214
34411479542,34411479546,4,2100,1849
34412777249,34412777254,5,2049,909
34414735015,34414735022,7,2374,1108
34415507353,34415507366,13,585,77
34415706562,34415706542,-20,686,407
34417231997,34417231999,2,1266,647
34424695475,34424695475,0,50269,49043
34427986023,34427986027,4,1509,1088
34429359810,34429359817,7,1808,1091
34431348281,34431348285,4,1576,1114
34432256661,34432256664,3,2408,1527
34433241533,34433241538,5,1941,1455
34435151546,34435151553,7,1980,1393
34435406522,34435406525,3,1295,1236
34435698773,34435698778,5,1796,1023
34436537010,34436537017,7,1556,911
34436862393,34436862398,5,1618,1322
34439627449,34439627454,5,1605,1082
34439907405,34439907407,2,1965,1340
34440315146,34440315146,0,1788,1983
34442138169,34442138173,4,1694,1171
34446240849,34446240854,5,2426,1659
34453744425,34453744430,5,2013,1415
34462110498,34462110498,0,1658,1903
34467604834,34467604838,4,2098,1331
34473848053,34473848058,5,2594,1451
34475575683,34475575686,3,1369,897
34476773634,34476773638,4,1604,1108
34478237882,34478237886,4,2216,1044
34479043038,34479043041,3,1860,1301
34482670726,34482670730,4,1786,1534
34484258733,34484258738,5,2194,1028
34485481722,34485481704,-18,1649,1103
34486325906,34486325911,5,1632,1399
34492206342,34492206347,5,2085,737
34493324295,34493324299,4,1683,1322
34495890366,34495890372,6,1776,1150
34496398825,34496398830,5,1026,1040
34499556098,34499556108,10,1620,1226
34502381903,34502381908,5,3052,1722
34502617482,34502617487,5,1290,710
34513213550,34513213553,3,1616,1592
34515424299,34515424302,3,2374,1128
34516282441,34516282445,4,1957,1304
34516565379,34516565385,6,2114,1382
34518292196,34518292197,1,25742,34632
34518784157,34518784162,5,2116,1587
34521461478,34521461482,4,2116,1565
34523132971,34523132970,-1,1243,1376
34527107331,34527107330,-1,1970,3799
34527418974,34527418979,5,1351,924
34528432244,34528432247,3,1451,896
34531220877,34531220882,5,2041,1404
34534008258,34534008257,-1,1614,1576
34534154249,34534154255,6,1561,1139
34540462773,34540462774,1,1533,1356
34543629828,34543629833,5,2037,1643
34543943144,34543943150,6,2089,1307
34544146778,34544146783,5,1745,1167
34547504490,34547504494,4,1278,1055
34548972290,34548972294,4,1971,1274
34560569990,34560569993,3,2852,1103
34562757483,34562757484,1,1243,2332
34566198070,34566198074,4,1221,828
34566504317,34566504319,2,2957,1434
34567453006,34567453010,4,1530,1337
34567871082,34567871061,-21,925,988
34569444681,34569444684,3,1080,1281
34570059787,34570059791,4,1656,1381
34571217362,34571217366,4,2703,886
34572252943,34572252948,5,1942,1543
34576129685,34576129690,5,1682,951
34577802612,34577802614,2,1767,919
34591227474,34591227477,3,2372,1606
34594413141,34594413147,6,2214,1274
34597129759,34597129766,7,326,3189
34597984889,34597984895,6,2110,1245
34598670218,34598670222,4,2201,1199
34599620961,34599620967,6,2193,1097
34600846039,34600846058,19,901,1731
34601116998,34601116998,0,2064,2232
34604446702,34604446697,-5,1385,3352
34605583791,34605583797,6,1838,1418
34607572228,34607572232,4,1812,1038
34608477018,34608477022,4,1647,885
34609747282,34609747285,3,1677,622
34609814708,34609814730,22,131,886
34610263814,34610263819,5,1880,1301
34612287867,34612287870,3,1867,1230
34619270771,34619270774,3,2451,1522
34621824410,34621824416,6,2177,1046
34623146134,34623146145,11,15874,33345
34623581938,34623581942,4,1564,1390
34627869843,34627869847,4,2514,1504
34629136931,34629136935,4,1309,904
34643664929,34643664934,5,2397,1382
34644082474,34644082479,5,2156,1410
34644633098,34644633103,5,959,1086
34645800410,34645800414,4,1344,810
34646430953,34646430957,4,1265,839
34646584051,34646584055,4,2078,1272
34649285042,34649285045,3,1290,963
34650207875,34650207881,6,2967,1831
34657353299,34657353293,-6,1093,4199
34659529575,34659529578,3,1387,1180
34661362981,34661362983,2,1542,1908
34661939181,34661939184,3,1826,1031
34666895455,34666895437,-18,1332,851
34667289402,34667289408,6,2875,1880
34667407525,34667407528,3,1687,959
34673040868,34673040871,3,2009,943
34674292053,34674292058,5,2459,1240
34676511714,34676511717,3,1835,1270
34676555785,34676555805,20,1828,1490
34680885077,34680885081,4,2602,1204
34683835974,34683835976,2,896,1172
34685242703,34685242708,5,1713,1185
34685626551,34685626555,4,1688,1228
34685821892,34685821894,2,1857,959
34689115392,34689115396,4,2275,1470
34692960179,34692960182,3,1653,717
34697075528,34697075531,3,1617,1103
34697363248,34697363254,6,2240,1073
34697512707,34697512711,4,2036,1215
34697943061,34697943065,4,1939,1016
34699000210,34699000217,7,1912,1834
34699241658,34699241662,4,2177,1065
34699702886,34699702868,-18,2457,1678
34703098374,34703098378,4,2317,1655
34705195125,34705195129,4,1765,939
34715661599,34715661602,3,2245,1685
34715934584,34715934587,3,1662,1317
34721533059,34721533061,2,2800,1630
34724133062,34724133067,5,1944,1005
34730248825,34730248831,6,2224,1184
34736075714,34736075717,3,1554,1376
34737696057,34737696060,3,2455,924
34739909043,34739909037,-6,800,2574
34740788790,34740788794,4,1961,1469
34744138855,34744138862,7,2275,1445
34748505834,34748505838,4,989,1117
34749046969,34749046973,4,2140,1426
34751193760,34751193765,5,2039,1489
34755857003,34755857009,6,2340,1045
34757289739,34757289743,4,1936,1101
34757752758,34757752764,6,1541,1338
34760061203,34760061207,4,3024,1490
34760416035,34760416039,4,899,766
34761002638,34761002623,-15,1599,1004
34763347314,34763347318,4,1949,1399
34763630161,34763630164,3,2538,1989
34767670772,34767670776,4,2103,1500
34770478115,34770478117,2,1690,1498
34770721827,34770721831,4,2293,1247
34771098510,34771098514,4,2086,1496
34771155992,34771155994,2,1362,1410
34777275607,34777275613,6,1968,715
34779119546,34779119550,4,3015,2052
34779296306,34779296312,6,2664,1419
34781944386,34781944391,5,2179,1475
34784042624,34784042626,2,3188,1696
34785138322,34785138327,5,1345,918
34791700350,34791700355,5,2094,1659
34791954333,34791954337,4,2773,1197
34792767699,34792767702,3,1637,1037
34797081214,34797081218,4,2281,1359
34798014995,34798014999,4,1549,1291
34800524827,34800524830,3,630,472
34812540774,34812540780,6,2858,1324
34820411203,34820411197,-6,902,4755
34821145749,34821145750,1,1672,2148
34821571393,34821571397,4,3255,1482
34824178867,34824178873,6,26943,55052
34827362823,34827362829,6,2067,1258
34828036955,34828036959,4,2228,1324
34834144891,34834144895,4,1611,704
34836640588,34836640582,-6,1184,3126
34838334250,34838334255,5,2283,1136
34843329809,34843329815,6,1749,700
34843992846,34843992862,16,1533,938
34844088133,34844088120,-13,2289,1299
34844645349,34844645353,4,1917,1329
34846505537,34846505540,3,1759,970
34849735873,34849735877,4,2345,1288
34852967713,34852967718,5,2194,1660
34853685985,34853685968,-17,1298,1343
34855534221,34855534222,1,1066,921
34860544978,34860544983,5,2830,1576
34862843606,34862843609,3,2074,1222
34864349649,34864349654,5,2271,1152
34868339157,34868339162,5,1205,1386
34868492926,34868492931,5,1910,1397
34869243571,34869243567,-4,1891,4332
34870061277,34870061280,3,2028,1079
34870156014,34870156018,4,1615,970
34870699722,34870699726,4,2377,1796
34876824041,34876824045,4,2390,1694
34886776272,34886776277,5,1984,1409
34886984922,34886984931,9,3039,1875
34887935250,34887935253,3,1757,1740
34888806574,34888806579,5,1356,1169
34890092121,34890092123,2,1464,1437
34890138237,34890138242,5,2348,1393
34890463366,34890463370,4,1785,1385
34893633406,34893633410,4,1728,1241
34893769957,34893769944,-13,892,486
34895106776,34895106760,-16,879,436
34896149352,34896149358,6,2686,1594
34899162606,34899162610,4,1938,1116
34905665324,34905665328,4,2024,1871
34905993609,34905993613,4,1437,1066
34907755648,34907755651,3,1546,799
34909925087,34909925095,8,2237,1449
34914263156,34914263157,1,1397,1177
34916710690,34916710693,3,1461,1105
34921226223,34921226227,4,2188,1079
34922317588,34922317593,5,2888,1564
34924285135,34924285139,4,882,1202
34926241490,34926241494,4,1677,1077
34928524634,34928524638,4,2416,1519
34931014431,34931014434,3,2519,1060
34932917698,34932917701,3,1294,1143
34933805115,34933805115,0,1906,9947
34936334606,34936334611,5,2186,1365
34937214930,34937214934,4,2282,1172
34939192402,34939192407,5,1572,1111
34942239021,34942239023,2,1378,910
34945627242,34945627247,5,1284,808
34945756143,34945756151,8,2215,1400
34947662974,34947662981,7,1508,947
34947691430,34947691431,1,1889,1202
34948226585,34948226603,18,1604,1216
34953496906,34953496911,5,1403,1530
34959677508,34959677511,3,1707,1274
34962190701,34962190706,5,2227,1573
34963910437,34963910441,4,2125,1332
34964577624,34964577638,14,14253,46530
34965345153,34965345158,5,2308,1610
34966078437,34966078441,4,2219,1096
34973926146,34973926150,4,2351,1311
34974806782,34974806783,1,1698,1355
34975451185,34975451206,21,1471,818
34975780834,34975780839,5,2662,1374
34984060886,34984060889,3,2536,1629
34987096019,34987096024,5,1892,1581
34991504914,34991504916,2,1767,1003
34992091427,34992091406,-21,1056,734
34995884162,34995884165,3,1724,1258
34996927062,34996927065,3,1686,993
34999007527,34999007531,4,2505,1239
35002012685,35002012691,6,1305,796
35002708154,35002708161,7,1982,1152
35002838645,35002838645,0,1065,212
35003105742,35003105736,-6,933,453
35005307123,35005307117,-6,1203,4164
35005553378,35005553382,4,1546,1099
35005921095,35005921098,3,1675,1399
35006142015,35006142013,-2,2658,3585
35006241549,35006241553,4,1869,1134
35008616618,35008616619,1,1326,1260
35011844119,35011844124,5,1524,1443
35013963429,35013963433,4,2388,1486
35015304255,35015304259,4,1824,1296
35016374863,35016374867,4,2054,904
35016522204,35016522209,5,1810,909
35022579934,35022579939,5,1854,1687
35024497921,35024497926,5,1713,901
35026716658,35026716662,4,1729,873
35030220707,35030220710,3,2353,1343
35030910890,35030910895,5,3077,1556
35042815546,35042815550,4,1816,1037
35044860962,35044860967,5,2549,1266
35045318337,35045318342,5,2427,1626
35045704648,35045704671,23,1333,1026
35047043187,35047043191,4,2301,1047
35055317753,35055317759,6,2332,1068
35056801962,35056801967,5,2013,960
35060420912,35060420917,5,1566,1545
35065699006,35065698985,-21,3110,1444
35077089516,35077089523,7,2175,1925
35088821002,35088821007,5,1460,824
35091260986,35091260968,-18,2886,1539
35091745651,35091745649,-2,1085,2855
35092731300,35092731303,3,2164,1206
35093678797,35093678802,5,2166,1154
35094522833,35094522835,2,1876,1532
35096251575,35096251595,20,378,1652
35096590592,35096590589,-3,1063,2437
35101155935,35101155939,4,1806,1267
35106627848,35106627854,6,1855,895
35108340297,35108340301,4,1882,1142
35110403046,35110403050,4,2913,1495
35111188081,35111188085,4,1555,1125
35112180410,35112180416,6,1828,953
35115845466,35115845469,3,870,897
35118371864,35118371867,3,1474,1231
35120290637,35120290643,6,2057,1467
35123997446,35123997451,5,1632,948
35128606719,35128606724,5,2337,1494
35132220634,35132220637,3,2006,1400
35135570019,35135570023,4,2056,1380
35137786078,35137786082,4,1808,1425
35139340480,35139340483,3,1470,1024
35141431194,35141431199,5,1751,1022
35143127405,35143127409,4,2638,1571
35143600473,35143600478,5,884,658
35145335791,35145335794,3,2167,1172
35147586849,35147586851,2,2136,1387
35150698327,35150698331,4,1949,1397
35165878935,35165878946,11,493,1999
35168204491,35168204495,4,1336,1703
35169270710,35169270714,4,1515,1118
35170041703,35170041688,-15,1660,1216
35171835070,35171835075,5,2104,1282
35174524466,35174524469,3,1733,1253
35175461427,35175461406,-21,2028,1001
35177911658,35177911662,4,1148,1361
35182334150,35182334154,4,1794,1396
35185538259,35185538262,3,2787,1538
35193612080,35193612086,6,1839,1328
35196241641,35196241646,5,2455,1647
35199153774,35199153779,5,1782,1142
35204894634,35204894635,1,3220,2386
35206539969,35206539970,1,1886,1278
35206964949,35206964946,-3,1147,2363
35207207778,35207207782,4,1522,868
35207390166,35207390169,3,1731,969
35209499504,35209499510,6,2810,1293
35211787257,35211787262,5,1872,1108
35218406297,35218406301,4,1559,1525
35227795032,35227795025,-7,2486,7076
35229519999,35229520002,3,755,982
35234243078,35234243076,-2,2328,4519
35234737578,35234737583,5,3256,1340
35237643431,35237643441,10,2531,1663
35242064782,35242064785,3,1996,1653
35253670665,35253670668,3,1722,34848
35257686933,35257686937,4,3009,1792
35260014802,35260014805,3,1946,1315
35263180840,35263180845,5,1610,1743
35265575163,35265575169,6,2836,1811
35266119390,35266119394,4,2398,1272
35266685929,35266685934,5,2239,1532
35270268226,35270268231,5,1642,889
35274274653,35274274655,2,2828,1469
35284423563,35284423567,4,797,640
35289846629,35289846632,3,1889,1371
35293941061,35293941067,6,2085,1232
35295321379,35295321383,4,2198,1424
35296683593,35296683594,1,1914,1674
35297939765,35297939767,2,2317,2859
35298813958,35298813963,5,1952,1522
35301453962,35301453967,5,2212,898
35301498458,35301498438,-20,728,279
35301693274,35301693279,5,2024,1323
35302095633,35302095638,5,858,261
35305950051,35305950054,3,1664,1453
35306473002,35306473006,4,2002,1203
35307291995,35307292000,5,2109,1558
35311342726,35311342727,1,1318,808
35313363826,35313363829,3,2008,898
35315914344,35315914347,3,1850,1215
35317550930,35317550935,5,2098,1280
35321831045,35321831050,5,2403,854
35322062346,35322062351,5,1905,1124
35323066929,35323066931,2,1924,1026
35323556858,35323556864,6,1665,1188
35324727315,35324727319,4,1490,1316
35327698131,35327698136,5,1785,1088
35328507238,35328507243,5,2514,1321
35338723090,35338723094,4,2281,1357
35341288839,35341288840,1,1286,1511
35343551552,35343551560,8,2449,1435
35343587725,35343587733,8,3937,1557
35343730799,35343730803,4,3163,1664
35346823533,35346823538,5,1835,1384
35346963417,35346963429,12,2218,1168
35350408198,35350408202,4,2767,1586
35351080230,35351080234,4,2188,1579
35354366345,35354366350,5,2096,1403
35356340368,35356340371,3,1973,1734
35356373699,35356373705,6,1980,1228
35357365219,35357365219,0,840,709
35360204954,35360204961,7,2487,1363
35366182629,35366182636,7,2062,1422
35372176498,35372176501,3,1844,1306
35374990231,35374990237,6,1751,1240
35376502574,35376502577,3,2654,1318
35376810846,35376810850,4,1920,990
35378938909,35378938912,3,2505,1353
35380045393,35380045398,5,1788,1494
35381032295,35381032299,4,1097,851
35384399440,35384399444,4,1970,1627
35384543243,35384543247,4,1486,1134
35393893256,35393893261,5,2315,2074
35400864299,35400864303,4,1840,881
35402696462,35402696466,4,2069,1186
35405629335,35405629339,4,1572,674
35406891321,35406891324,3,1882,1268
35417493326,35417493331,5,4266,1104
35421235978,35421235981,3,2474,1626
35421963849,35421963850,1,1868,1482
35422742298,35422742302,4,1525,1116
35424763892,35424763897,5,2532,1572
35427432361,35427432367,6,1570,1078
35429529617,35429529621,4,1464,1009
35438671901,35438671903,2,1604,1594
35440460511,35440460515,4,1555,1084
35443480466,35443480471,5,2371,1315
35444423590,35444423589,-1,30896,24102
35445892449,35445892455,6,2210,1359
35448720034,35448720038,4,1168,660
35448838828,35448838831,3,2785,1451
35448921850,35448921855,5,1577,1130
35449992051,35449992054,3,1752,1268
35450310801,35450310806,5,1443,1022
35451534313,35451534316,3,1501,987
35453068751,35453068757,6,2482,1583
35453402449,35453402453,4,1163,1058
35454760570,35454760574,4,1602,1621
35459416965,35459416969,4,2337,1343
35461608010,35461608014,4,2435,1007
35463787410,35463787414,4,2053,1568
35469104714,35469104717,3,2103,1352
35472027177,35472027180,3,1948,1017
35481874182,35481874190,8,859,699
35482887520,35482887538,18,894,3738
35483839254,35483839257,3,2018,1393
35484540432,35484540413,-19,1543,905
35488420236,35488420239,3,1553,1430
35489898358,35489898362,4,2729,1901
35493242725,35493242727,2,1908,1551
35499907235,35499907225,-10,1260,1033
35501816196,35501816201,5,3099,1756
35504392310,35504392312,2,1917,1496
35504514383,35504514397,14,2438,658
35505228992,35505228998,6,10532,4224
35505480442,35505480451,9,4467,1696
35506533345,35506533351,6,2128,1655
35509460090,35509460095,5,2321,1054
35510119229,35510119233,4,1549,1449
35511241390,35511241397,7,1737,1148
35511550978,35511550982,4,1672,1326
35521374652,35521374654,2,2117,1269
35521466716,35521466720,4,1612,1646
35522629763,35522629769,6,2847,1125
35523658641,35523658644,3,1964,1475
35525020520,35525020523,3,2540,1574
35525365202,35525365207,5,2853,1120
35526180903,35526180906,3,1671,1267
35526556890,35526556894,4,1867,1280
35526614934,35526614939,5,2274,1704
35530100106,35530100110,4,1695,1450
35534599877,35534599882,5,1007,404
35539482821,35539482826,5,1669,1342
35543387438,35543387444,6,2038,1130
35543570945,35543570928,-17,2063,976
35544578094,35544578099,5,1560,915
35545692726,35545692730,4,2101,931
35550667072,35550667077,5,3526,1603
35551704786,35551704791,5,2119,1201
35552347370,35552347374,4,2185,1397
35554690845,35554690850,5,1506,1164
35558825501,35558825503,2,2399,1376
35559164017,35559164023,6,2860,1676
35559335200,35559335205,5,1455,1189
35560388089,35560388109,20,1508,1205
35561428066,35561428071,5,2218,1660
35562047386,35562047390,4,1484,1379
35562757318,35562757321,3,1963,1061
35567249982,35567249977,-5,1572,4013
35568363594,35568363599,5,1455,1073
35569381766,35569381770,4,2729,1596
35570909948,35570909953,5,2290,1137
35572346695,35572346698,3,1660,863
35575126014,35575126018,4,1998,1188
35575570229,35575570234,5,2553,1042
35576145458,35576145463,5,2023,1511
35586977620,35586977622,2,1527,972
35588263626,35588263624,-2,1247,1728
35593405876,35593405870,-6,2143,5887
35593955298,35593955301,3,3435,1912
35597178680,35597178685,5,1529,1069
35601773425,35601773429,4,1738,986
35603320870,35603320869,-1,2116,3236
35605482105,35605482109,4,2057,934
35607892470,35607892474,4,2021,1471
35608496730,35608496732,2,3271,3277
35609489209,35609489211,2,2593,1589
35610263950,35610263953,3,1978,1650
35610527489,35610527493,4,2692,1606
35610880180,35610880180,0,1435,2219
35611223501,35611223506,5,1829,1639
35612344993,35612344996,3,1874,1458
35613566905,35613566906,1,1507,1261
35613932941,35613932943,2,1946,1505
35615939058,35615939064,6,2380,1894
35616165450,35616165432,-18,1615,881
35619235288,35619235293,5,1179,926
35620473062,35620473065,3,1936,1110
35621624898,35621624893,-5,2083,7222
35622655468,35622655473,5,2083,908
35635510445,35635510450,5,2305,1821
35636727303,35636727308,5,2388,1327
35640208758,35640208763,5,1840,1078
35641297760,35641297767,7,28794,18946
35646607562,35646607555,-7,950,3202
35651753997,35651754001,4,1585,1352
35652977448,35652977453,5,1565,1089
35656285393,35656285398,5,2287,1525
35661896177,35661896176,-1,1783,2564
35663597748,35663597754,6,2196,1083
35663971375,35663971379,4,1859,1093
35665086712,35665086717,5,1752,1202
35666576600,35666576604,4,2480,1546
35669296452,35669296455,3,1721,1259
35669454177,35669454182,5,2384,1749
35674636187,35674636193,6,3189,1765
35676137623,35676137619,-4,945,1971
35678050891,35678050895,4,2308,1605
35678307617,35678307621,4,1722,1022
35678540974,35678540978,4,1451,1180
35678573754,35678573758,4,1728,1135
35679666186,35679666194,8,1346,969
35679786390,35679786394,4,2513,1173
35679840275,35679840278,3,2182,1085
35685640330,35685640334,4,2155,1451
35695934736,35695934741,5,2397,958
35696097371,35696097390,19,2286,1135
35698342185,35698342189,4,1439,903
35699413570,35699413574,4,1503,1328
35703439394,35703439397,3,2253,1566
35704787627,35704787626,-1,783,1255
35704895597,35704895593,-4,1649,2504
35709966601,35709966604,3,1864,989
35711532481,35711532486,5,2010,1522
35712161778,35712161782,4,1482,1112
35715265469,35715265473,4,2043,1004
35717850433,35717850438,5,2422,1490
35718240518,35718240522,4,3223,1472
35718375260,35718375267,7,1529,1425
35720125174,35720125179,5,3088,1377
35726102479,35726102485,6,1164,1088
35726477871,35726477854,-17,343,1012
35726943791,35726943796,5,1692,1457
35730994353,35730994358,5,1326,1188
35733180738,35733180738,0,1670,2947
35734265053,35734265056,3,2067,1294
35736643545,35736643549,4,2280,1849
35736872652,35736872658,6,1835,1388
35738855903,35738855907,4,2450,1832
35739421862,35739421866,4,2075,1680
35739593694,35739593698,4,1884,1588
35744940997,35744941002,5,2714,1629
35748253169,35748253174,5,1549,1089
35749190126,35749190130,4,1560,1165
35752762806,35752762810,4,1636,1043
35754826129,35754826138,9,1281,877
35755476070,35755476078,8,1842,1431
35756505095,35756505097,2,1941,1533
35757083601,35757083603,2,1719,1886
35757249896,35757249901,5,2361,1264
35757305548,35757305550,2,2717,1344
35757863782,35757863783,1,32515,29212
35758148578,35758148583,5,1858,1435
35765085371,35765085375,4,1185,998
35765561575,35765561579,4,2311,1276
35768154724,35768154728,4,2094,1295
35769209363,35769209367,4,1924,1155
35769420354,35769420360,6,1564,1038
35770301815,35770301823,8,1581,874
35774053147,35774053151,4,2850,1208
35775696334,35775696338,4,1639,861
35775908379,35775908383,4,1690,846
35776576253,35776576258,5,1825,1416
35777324178,35777324183,5,1818,1101
35778505191,35778505195,4,2348,1425
35784600286,35784600290,4,1110,1555
35785590079,35785590082,3,2267,1808
35789376157,35789376159,2,1153,1247
35791126561,35791126565,4,2864,1780
35791713681,35791713685,4,2415,1789
35794309823,35794309827,4,1947,1343
35795428802,35795428806,4,1717,967
35796066944,35796066946,2,1522,1359
35797924795,35797924799,4,1671,1094
35804506112,35804506109,-3,1794,2576
35805856728,35805856732,4,2325,1334
35808534514,35808534519,5,2864,2029
35809851429,35809851433,4,2625,1925
35811922531,35811922531,0,1274,1132
35812999839,35812999839,0,1717,2040
35814164106,35814164112,6,2812,1654
35817653740,35817653743,3,1971,1658
35819625310,35819625316,6,2429,942
35822385644,35822385646,2,1693,1631
35826202297,35826202304,7,1731,917
35833274800,35833274801,1,3047,3200
35834160310,35834160325,15,1606,1101
35835889628,35835889630,2,2036,1057
35838198999,35838199003,4,1495,1089
35840392463,35840392467,4,1590,963
35846012794,35846012798,4,1970,1296
35851957831,35851957834,3,3596,2334
35852416514,35852416521,7,11719,30981
35855120089,35855120090,1,1595,1425
35856176580,35856176582,2,1137,1780
35856242182,35856242186,4,2014,1302
35856308753,35856308736,-17,1518,1114
35856739846,35856739846,0,1922,2820
35856898272,35856898271,-1,936,1764
35861641253,35861641257,4,1593,1347
35862220150,35862220153,3,965,1424
35863057066,35863057070,4,1393,1081
35863922825,35863922830,5,1980,1285
35865324533,35865324551,18,1273,1259
35867866033,35867866035,2,1897,1270
35869314182,35869314186,4,2006,1483
35870737294,35870737298,4,2002,1372
35873029404,35873029406,2,1649,1359
35877529014,35877529017,3,2023,1412
35879735328,35879735330,2,1996,1859
35880305114,35880305119,5,1761,891
35885994514,35885994519,5,1389,1064
35886121853,35886121851,-2,998,2042
35886263620,35886263623,3,2859,1609
35886544933,35886544936,3,2516,1506
35886795290,35886795295,5,2013,1025
35889449609,35889449611,2,2132,1065
35892466616,35892466618,2,1657,1323
35893177882,35893177886,4,2719,1078
35894115286,35894115300,14,2449,1135
35895813626,35895813631,5,1926,798
35897006707,35897006710,3,2980,1526
35901234189,35901234194,5,2190,1377
35901809369,35901809365,-4,1368,3889
35904617992,35904617998,6,2672,1442
35906970397,35906970401,4,2075,1637
35908312178,35908312183,5,2460,1443
35910015377,35910015384,7,2102,1289
35911112149,35911112152,3,1977,1138
35915896459,35915896465,6,2091,1068
35917010236,35917010239,3,1822,1185
35918651699,35918651706,7,2489,1242
35919380271,35919380276,5,1784,944
35919465012,35919465021,9,1518,1037
35924000597,35924000600,3,5514,26392
35924939966,35924939970,4,2271,1788
35926540412,35926540406,-6,346,1370
35935623259,35935623262,3,1705,822
35936931440,35936931443,3,1957,1589
35939914583,35939914587,4,1749,1406
35942694294,35942694299,5,1577,1035
35952944456,35952944460,4,1282,1349
35954159787,35954159791,4,1167,930
35957002721,35957002726,5,1864,1247
35958280958,35958280962,4,2386,1559
35973414915,35973414921,6,2278,1572
35974398714,35974398717,3,2701,1733
35975927851,35975927855,4,1707,1446
35977707762,35977707767,5,2227,1542
35977797818,35977797823,5,3080,1798
35985959995,35985960000,5,2489,1137
35987904159,35987904163,4,2379,1871
35990499016,35990499021,5,2231,1718
35990601958,35990601963,5,1687,950
35992058856,35992058859,3,2168,1429
35994037475,35994037480,5,2688,1371
35995174395,35995174396,1,3015,3026
35996215065,35996215070,5,1209,1086
35998502029,35998502033,4,2006,1286
36001182042,36001182049,7,851,983
36003345465,36003345469,4,2146,1425
36004676382,36004676386,4,2050,1508
36006383913,36006383917,4,2457,1328
36009516610,36009516614,4,1882,1630
36011469211,36011469216,5,2484,1243
36011710106,36011710110,4,1645,1237
36012861504,36012861508,4,2100,1592
36013485379,36013485381,2,2055,2339
36021293658,36021293662,4,2022,1515
36023313564,36023313567,3,2537,2126
36024569282,36024569285,3,1848,1332
36027699910,36027699914,4,1920,1461
36029975907,36029975910,3,3166,3036
36033910996,36033910999,3,2245,1251
36034094871,36034094877,6,2187,1375
36034239205,36034239190,-15,1310,919
36034789430,36034789427,-3,823,2288
36038654653,36038654658,5,1680,1382
36039248070,36039248075,5,1969,953
36043774254,36043774258,4,1746,1503
36043921854,36043921858,4,1850,1226
36045358061,36045358068,7,2444,1553
36045939455,36045939458,3,2461,1408
36046113945,36046113947,2,1930,1770
36049856238,36049856244,6,2729,1171
36052727131,36052727135,4,1597,1072
36053508910,36053508917,7,3407,1451
36054230523,36054230526,3,1438,1166
36054718711,36054718715,4,2920,1507
36055076155,36055076144,-11,511,225
36060299914,36060299918,4,2338,1336
36068826102,36068826107,5,1586,1138
36071981703,36071981701,-2,1276,1931
36074408390,36074408393,3,1111,1397
36074704830,36074704834,4,2337,1490
36075374441,36075374449,8,1763,1601
36077745989,36077745992,3,1273,1185
36081426158,36081426163,5,2138,1317
36089714770,36089714770,0,1919,1740
36091737044,36091737047,3,1919,1151
36092676433,36092676438,5,3080,1151
36093660435,36093660440,5,2207,1267
36094287098,36094287103,5,2961,1216
36099825106,36099825112,6,1288,1351
36100906947,36100906952,5,2268,1816
36102352151,36102352156,5,1992,1643
36103734823,36103734818,-5,1100,3403
36104510431,36104510437,6,2031,1323
36106088895,36106088899,4,1253,1038
36106642714,36106642696,-18,1231,566
36110866838,36110866843,5,1382,1691
36111079187,36111079164,-23,1458,520
36111474246,36111474245,-1,2326,2746
36113957702,36113957706,4,1680,1339
36114692260,36114692263,3,1699,1272
36115059467,36115059463,-4,1003,2341
36116236536,36116236532,-4,18944,16899
36121245075,36121245081,6,1995,1297
36121513631,36121513613,-18,992,452
36122403850,36122403854,4,1606,1128
36123777021,36123777026,5,1823,1356
36124677648,36124677653,5,1988,1398
36126766625,36126766627,2,2068,1054
36129769189,36129769193,4,2492,1588
36131356163,36131356157,-6,1314,5519
36133268647,36133268649,2,1677,1038
36134080510,36134080511,1,1067,1721
36134471478,36134471489,11,2037,1433
36135126168,36135126172,4,2373,1372
36135578601,36135578605,4,1988,1290
36138894848,36138894854,6,1834,1159
36141101401,36141101405,4,2179,1210
36143134291,36143134295,4,1696,817
36144083640,36144083645,5,1423,1096
36149020002,36149020007,5,2518,1123
36151262009,36151262014,5,2901,1673
36154582971,36154582974,3,1916,1060
36155831629,36155831632,3,1344,1622
36159276022,36159276026,4,1621,1394
36163751576,36163751579,3,2528,1566
36166213954,36166213955,1,1417,1470
36166474188,36166474193,5,1854,1430
36170149030,36170149034,4,1884,1144
36170313646,36170313647,1,1339,1765
36171134249,36171134253,4,1012,784
36179154174,36179154178,4,2624,1363
36180190865,36180190871,6,1820,386
36180348335,36180348337,2,2196,1299
36180980862,36180980866,4,1760,1345
36181376251,36181376255,4,1307,769
36185435429,36185435431,2,2199,1529
36186074722,36186074726,4,1398,878
36194715784,36194715787,3,1817,1618
36198291038,36198291042,4,2193,1607
36199469573,36199469578,5,2042,1120
36200208451,36200208462,11,2079,1160
36201200794,36201200797,3,1941,1442
36201756289,36201756293,4,2679,1493
36202993974,36202993977,3,2706,1144
36205397278,36205397281,3,2112,1042
36208361085,36208361086,1,1956,1365
36211611087,36211611091,4,1887,1187
36213094894,36213094897,3,1396,1119
36220886609,36220886614,5,2419,1236
36221659012,36221659016,4,2731,2020
36222309635,36222309634,-1,2879,3883
36222501037,36222501039,2,1607,1093
36224807075,36224807079,4,1621,1081
36232015896,36232015902,6,1744,1427
36233233150,36233233157,7,2136,2018
36233538202,36233538203,1,1856,1228
36233619281,36233619286,5,1785,1168
36241432891,36241432896,5,2185,1668
36242067165,36242067167,2,1615,1338
36244775474,36244775477,3,1980,1608
36246165450,36246165454,4,1749,1525
36249226949,36249226951,2,1293,461
36253680254,36253680259,5,1755,1409
36261775142,36261775146,4,1114,707
36261952400,36261952384,-16,2202,1479
36262921594,36262921599,5,2493,1542
36264535430,36264535435,5,1847,1574
36267337154,36267337157,3,1914,1767
36271627414,36271627417,3,2187,1779
36275357231,36275357235,4,1796,1032
36277045698,36277045693,-5,2267,5006
36283384367,36283384369,2,1293,1379
36285055009,36285055015,6,3166,1304
36285436841,36285436846,5,2232,1417
36288783283,36288783287,4,1860,1245
36290421922,36290421926,4,2515,1529
36297449738,36297449740,2,7386,6309
36301922001,36301922006,5,1980,1637
36304581559,36304581565,6,2507,1152
36304942651,36304942653,2,940,1221
36313956877,36313956870,-7,2616,8365
36316082682,36316082685,3,2037,1204
36320033912,36320033918,6,3859,1733
36321443859,36321443865,6,2039,1501
36323547940,36323547944,4,2497,1683
36323955235,36323955238,3,2119,1536
36324631455,36324631458,3,1648,1278
36328867433,36328867435,2,1933,1319
36330938351,36330938355,4,1970,1881
36332018434,36332018439,5,1367,1171
36335377441,36335377447,6,2570,1453
36338298498,36338298502,4,1545,926
36338825882,36338825887,5,2333,1067
36344387430,36344387440,10,10763,47529
36345577059,36345577064,5,1387,1162
36351101674,36351101675,1,1886,1941
36352710155,36352710158,3,1930,1694
36354889106,36354889097,-9,717,2094
36355992331,36355992335,4,2335,1245
36356471532,36356471542,10,1798,1231
36357676842,36357676845,3,2163,1350
36358640353,36358640358,5,2213,1328
36362266559,36362266562,3,1510,1004
36362299448,36362299452,4,1801,1215
36366865654,36366865661,7,2590,1535
36368285445,36368285451,6,1641,1275
36368792474,36368792479,5,1422,1074
36369716796,36369716798,2,1976,996
36373102875,36373102879,4,1604,1239
36374839533,36374839534,1,1230,1713
36376635866,36376635870,4,1204,908
36381535777,36381535782,5,2869,1798
36382364164,36382364165,1,3816,4478
36382532253,36382532261,8,2591,926
36383177472,36383177454,-18,826,535
36384328990,36384328993,3,2697,1714
36385498928,36385498931,3,1879,1173
36386855162,36386855166,4,1575,1087
36387820283,36387820289,6,2056,1364
36388396153,36388396164,11,1835,1178
36391014923,36391014927,4,1875,1496
36392545073,36392545077,4,2896,1543
36394455813,36394455818,5,4398,1802
36394916147,36394916150,3,1749,1300
36396328250,36396328255,5,1569,1271
36398889744,36398889747,3,2425,1064
36400724191,36400724195,4,1971,1200
36401430947,36401430952,5,2790,2009
36404024490,36404024496,6,1908,897
36404261089,36404261111,22,1801,1251
36405659825,36405659829,4,2080,998
36406882877,36406882882,5,3041,2479
36408615868,36408615873,5,2431,1290
36412521860,36412521861,1,1054,2005
36413055154,36413055158,4,2268,1995
36414829622,36414829626,4,2103,1007
36415669822,36415669825,3,1602,823
36417262483,36417262483,0,8633,10949
36420226911,36420226914,3,2136,1531
36421006577,36421006582,5,2740,1605
36423427969,36423427975,6,2845,1767
36425349301,36425349303,2,1505,1099
36428616445,36428616448,3,1967,1540
36431727022,36431727029,7,3201,1241
36432175538,36432175520,-18,1744,988
36436141122,36436141131,9,4505,1174
36440159795,36440159798,3,1183,833
36442468730,36442468735,5,2394,1522
36442708525,36442708523,-2,1849,3382
36442807665,36442807661,-4,1019,3276
36447086899,36447086906,7,1647,1562
36447603809,36447603788,-21,2051,1030
36449175768,36449175771,3,1850,1213
36450546723,36450546726,3,1801,1183
36451025750,36451025752,2,1551,1318
36451057937,36451057939,2,1754,1434
36452344641,36452344644,3,1594,1307
36453057789,36453057792,3,2014,1132
36455693406,36455693410,4,2076,1528
36456055263,36456055267,4,905,457
36457959581,36457959586,5,2326,1875
36460727797,36460727802,5,1908,1461
36462770521,36462770525,4,2322,1489
36463091453,36463091457,4,2004,1082
36464181419,36464181420,1,1819,1445
36465614149,36465614154,5,1799,1126
36470703183,36470703187,4,1897,1344
36472910660,36472910666,6,2693,1302
36477385381,36477385386,5,1399,970
36479718142,36479718146,4,1519,1344
36480088887,36480088891,4,2410,1250
36483698665,36483698670,5,1427,1056
36485513002,36485513009,7,2595,740
36485822066,36485822069,3,1501,1529
36487447232,36487447235,3,1832,1670
36488567343,36488567346,3,1345,1137
36489271291,36489271295,4,1429,881
36511637157,36511637161,4,2567,1303
36512270354,36512270357,3,2240,1372
36514106262,36514106266,4,1012,787
36515301902,36515301904,2,1938,1298
36517052892,36517052898,6,2726,1549
36519360633,36519360636,3,1798,1302
36524667354,36524667358,4,2778,1841
36533031873,36533031878,5,2417,2254
36534657422,36534657427,5,2403,1646
36535785698,36535785693,-5,786,2227
36537590051,36537590045,-6,1554,7835
36539183890,36539183893,3,2064,1319
36542313063,36542313069,6,2089,1773
36544868705,36544868709,4,1552,1485
36549360553,36549360574,21,1970,1273
36550777382,36550777386,4,2637,1405
36557892441,36557892443,2,1864,1280
36560649270,36560649274,4,1593,800
36564784521,36564784524,3,1773,886
36566576920,36566576923,3,1894,1515
36567566377,36567566381,4,1722,1263
36570763625,36570763630,5,1636,479
36571594050,36571594053,3,1483,1078
36580787862,36580787868,6,1805,1349
36582713614,36582713614,0,1788,2069
36585307072,36585307079,7,2315,995
36588146170,36588146176,6,3119,1406
36589493093,36589493091,-2,805,2051
36592706028,36592706034,6,2040,1389
36595824354,36595824362,8,1879,757
36599380837,36599380839,2,2144,1276
36601268757,36601268778,21,1874,1772
36604471282,36604471286,4,1964,940
36606646850,36606646854,4,1468,1014
36609343569,36609343574,5,2715,1283
36610830255,36610830260,5,2276,1184
36613968935,36613968939,4,2370,1251
36633300627,36633300631,4,1922,1562
36634275386,36634275391,5,2072,1772
36636421371,36636421374,3,1582,717
36636617642,36636617646,4,1887,1426
36641468381,36641468383,2,1240,1221
36644116706,36644116709,3,2463,1855
36648983893,36648983897,4,2337,1479
36650659289,36650659290,1,26926,21368
36651368170,36651368175,5,1631,1095
36653030594,36653030602,8,4481,1340
36656019484,36656019489,5,2391,1473
36677626961,36677626962,1,1111,1819
36677670968,36677670972,4,1614,1065
36678730784,36678730790,6,2474,1842
36680278025,36680278027,2,1407,1213
36680824141,36680824141,0,1618,1835
36681039934,36681039938,4,3221,1862
36685070107,36685070107,0,2754,3686
36686402817,36686402822,5,2878,1523
36688957502,36688957505,3,2129,1894
36690221512,36690221517,5,1234,1162
36695303030,36695303027,-3,56852,19906
36696270777,36696270782,5,1532,724
36697915582,36697915583,1,1282,2343
36698012458,36698012462,4,2132,1378
36701998006,36701998009,3,2347,1284
36703056157,36703056163,6,2128,1799
36703461313,36703461316,3,1781,1142
36704272935,36704272939,4,2474,1385
36709731971,36709731976,5,2025,1269
36714091629,36714091633,4,2307,1227
36717771616,36717771620,4,1461,947
36717882169,36717882190,21,2016,1187
36719754782,36719754786,4,1883,1416
36724403209,36724403207,-2,883,1299
36727953281,36727953287,6,2013,935
36728106979,36728106960,-19,791,241
36728309766,36728309771,5,1068,1056
36730053769,36730053774,5,1866,1086
36731486778,36731486781,3,1195,966
36733592870,36733592873,3,1687,1425
36734752887,36734752891,4,1501,961
36738070006,36738070009,3,1824,861
36738750048,36738750053,5,5292,2668
36738778080,36738778073,-7,30099,13039
36740326128,36740326125,-3,1538,2605
36743994247,36743994254,7,2471,1546
36744252299,36744252279,-20,2290,1270
36744385713,36744385717,4,2009,1541
36744996446,36744996450,4,1505,1217
36745895805,36745895810,5,2391,1327
36750108856,36750108859,3,1982,1440
36751147414,36751147417,3,2588,1816
36756157710,36756157713,3,2173,914
36756400853,36756400859,6,3213,1210
36756537209,36756537214,5,1623,1176
36758115025,36758115031,6,2072,1679
36758696946,36758696951,5,2060,1264
36759373798,36759373801,3,2350,1539
36759723674,36759723678,4,2044,1122
36762304710,36762304717,7,2077,1663
36766146366,36766146373,7,1987,930
36766357558,36766357562,4,1764,1091
36766806679,36766806683,4,2499,1363
36766868102,36766868106,4,2375,1902
36772007668,36772007669,1,1279,1573
36775208922,36775208929,7,2217,1221
36778342614,36778342593,-21,1204,782
36780982698,36780982702,4,1779,1384
36781900311,36781900315,4,2430,1595
36784559741,36784559743,2,1573,937
36784794161,36784794163,2,2071,1097
36789763126,36789763129,3,1706,1015
36790568033,36790568037,4,2527,934
36796448221,36796448225,4,1615,1049
36798223860,36798223865,5,2067,1225
36801497536,36801497541,5,2024,1718
36802159651,36802159630,-21,1302,1062
36803570470,36803570475,5,2105,904
36804008655,36804008636,-19,552,287
36804769564,36804769567,3,2086,1383
36805654741,36805654745,4,2853,1439
36806591622,36806591626,4,1489,1022
36812546975,36812546983,8,1351,870
36813137483,36813137500,17,1831,1651
36813302037,36813302023,-14,3760,1217
36814007067,36814007075,8,2494,1265
36814489267,36814489266,-1,1160,2292
36816115893,36816115898,5,2083,1421
36816257435,36816257438,3,2321,1414
36817313015,36817313019,4,2069,1760
36819329683,36819329687,4,2224,1467
36822581117,36822581122,5,2067,924
36824532210,36824532211,1,1368,1776
36825091250,36825091254,4,2111,1271
36825349434,36825349440,6,2470,1394
36825486019,36825486026,7,3632,845
36825520837,36825520847,10,2383,1713
36826912474,36826912476,2,1434,1855
36832772996,36832772999,3,1065,856
36839277354,36839277357,3,1002,1284
36842800421,36842800425,4,2022,1608
36859896729,36859896733,4,2268,924
36861397565,36861397566,1,1449,1507
36861702809,36861702814,5,1832,1061
36864270854,36864270858,4,2731,1125
36866454609,36866454613,4,2055,1150
36866539583,36866539585,2,2153,1510
36874444895,36874444903,8,962,1094
36880352636,36880352642,6,1549,1227
36881277771,36881277775,4,2456,1412
36883814277,36883814282,5,2168,1077
36891504558,36891504557,-1,1999,3480
36894667231,36894667234,3,1398,1222
36898785887,36898785891,4,2101,1599
36903973752,36903973755,3,1714,1385
36907055475,36907055478,3,1819,1663
36911322455,36911322458,3,612,656
36911910602,36911910622,20,2301,989
36917692539,36917692543,4,1677,1327
36922232506,36922232510,4,2364,1591
36922624702,36922624706,4,2365,1121
36923354130,36923354135,5,1707,1027
36925750069,36925750073,4,1766,1354
36927306893,36927306896,3,1798,1509
36928889750,36928889755,5,1953,1787
36929446890,36929446895,5,1404,1088
36930578259,36930578260,1,1558,1139
36932454738,36932454751,13,326,1251
36932659977,36932659983,6,1860,1302
36932913354,36932913357,3,1766,1399
36934821867,36934821869,2,1870,2805
36934940989,36934940995,6,2427,1443
36936883849,36936883851,2,2279,1552
36937208351,36937208355,4,1816,1162
36941408021,36941408025,4,2113,1893
36944300739,36944300743,4,2379,1983
36945688900,36945688906,6,2660,1105
36946105631,36946105615,-16,771,555
36946304137,36946304137,0,1834,1993
36946333882,36946333886,4,1339,1238
36950873822,36950873827,5,1634,1094
36951818157,36951818162,5,1935,1253
36956351485,36956351491,6,1690,1333
36957254771,36957254775,4,1888,910
36960136591,36960136595,4,1994,898
36961653651,36961653654,3,2033,1117
36962476559,36962476562,3,1945,1450
36963711081,36963711085,4,1888,1203
36966458918,36966458921,3,1108,997
36967642964,36967642969,5,1987,1236
36970529275,36970529279,4,2186,1222
36971797196,36971797199,3,2219,1507
36972434658,36972434662,4,1932,1133
36974216430,36974216432,2,1636,1423
36979512150,36979512154,4,2408,1432
36980134485,36980134489,4,1526,1380
36983815977,36983815982,5,1461,1249
36984460537,36984460539,2,1845,1096
36986005577,36986005582,5,2222,969
36986795542,36986795546,4,1667,1203
36988935747,36988935751,4,2167,1473
36995025951,36995025955,4,2146,1123
36998216929,36998216933,4,2490,1363
37002129511,37002129514,3,1796,1050
37003961729,37003961731,2,1330,1181
37006326221,37006326222,1,1559,1359
37012759378,37012759376,-2,1377,1988
37015634258,37015634263,5,2581,1607
37016112245,37016112258,13,8667,45342
37016448341,37016448345,4,1733,1274
37017199982,37017199986,4,1801,791
37017845152,37017845154,2,1649,1253
37019239904,37019239911,7,2000,762
37020297785,37020297790,5,1882,1857
37020675591,37020675594,3,1426,875
37021977247,37021977253,6,2681,1713
37024008742,37024008753,11,1410,1247
37024185642,37024185639,-3,675,305
37025892987,37025892974,-13,3412,1137
37025986174,37025986180,6,2193,1246
37026253057,37026253037,-20,2233,988
37026456659,37026456665,6,3823,1917
37029921959,37029921963,4,2388,1214
37040511442,37040511443,1,1252,1565
37041026500,37041026497,-3,1741,1117
37043082923,37043082928,5,2009,1446
37044684718,37044684722,4,2065,1010
37044889602,37044889607,5,565,173
37048258596,37048258599,3,1484,1242
37052874261,37052874265,4,2181,1883
37054287394,37054287395,1,865,1004
37060808066,37060808072,6,1414,1084
37063912234,37063912238,4,2686,990
37065128081,37065128088,7,5559,1338
37066538757,37066538761,4,1873,1484
37067798194,37067798199,5,1707,1195
37070129342,37070129346,4,1953,1240
37074156113,37074156113,0,1582,1728
37075863819,37075863819,0,1685,1205
37077141106,37077141112,6,1574,1291
37077290397,37077290415,18,1454,937
37096881617,37096881622,5,2401,1443
37097780281,37097780268,-13,3149,18812
37097932809,37097932815,6,2168,1212
37098024910,37098024916,6,1857,1186
37100749619,37100749622,3,1045,889
37107714097,37107714100,3,2429,1294
37114488571,37114488574,3,2032,1180
37115623830,37115623832,2,1766,1647
37119665666,37119665668,2,1602,1480
37119886406,37119886406,0,1569,1660
37126927625,37126927630,5,2598,1803
37134058357,37134058362,5,1699,1148
37135934109,37135934112,3,2742,1598
37138386205,37138386209,4,1622,1837
37139114590,37139114596,6,1828,1207
37140165478,37140165482,4,1413,878
37141024670,37141024675,5,2116,1312
37144939716,37144939719,3,2191,1147
37145392299,37145392303,4,1852,1111
37147466002,37147465996,-6,1212,4560
37147972846,37147972851,5,2641,1142
37151750537,37151750543,6,1797,1219
37151955901,37151955906,5,1506,1159
37152764258,37152764262,4,1977,956
37159133781,37159133785,4,2027,948
37159362402,37159362384,-18,2817,1248
37164659598,37164659601,3,1336,911
37167037257,37167037259,2,1267,999
37168723322,37168723325,3,2202,1609
37169316321,37169316326,5,1693,1301
37170000423,37170000426,3,2090,853
37170656015,37170656028,13,2287,1322
37171766237,37171766244,7,1779,1069
37172779126,37172779131,5,1562,1065
37173724398,37173724398,0,1720,2383
37174053759,37174053762,3,1840,906
37174331002,37174331006,4,2462,1112
37174853934,37174853925,-9,1352,1673
37176202403,37176202405,2,2284,1488
37181980887,37181980891,4,719,813
37185762585,37185762587,2,2315,1426
37189628325,37189628325,0,37,1204
37190141622,37190141626,4,2629,1420
37192643131,37192643135,4,2276,1457
37194406983,37194406987,4,2559,1617
37195859010,37195859013,3,1875,1461
37198749905,37198749909,4,2210,1606
37202882247,37202882254,7,5600,2379
37204961191,37204961194,3,1404,1189
37205509796,37205509802,6,1677,1166
37205959391,37205959394,3,1887,1445
37206125310,37206125314,4,2155,1647
37207113607,37207113610,3,1717,1491
37208872629,37208872632,3,3277,1847
37210708408,37210708411,3,1706,1147
37214282001,37214282004,3,1828,1678
37217723000,37217723003,3,1971,1369
37218754663,37218754667,4,1655,1036
37219599417,37219599423,6,1857,1204
37219650746,37219650756,10,1585,954
37221231742,37221231747,5,1480,1732
37222638340,37222638347,7,2975,1052
37223820942,37223820951,9,2033,957
37224045458,37224045471,13,2545,1560
37224106322,37224106310,-12,4060,1254
37225990102,37225990107,5,2750,1340
37229374091,37229374094,3,2018,983
37229631368,37229631374,6,2727,1212
37229683018,37229682998,-20,563,151
37229725678,37229725681,3,2272,1549
37233582525,37233582530,5,1362,1451
37234298274,37234298279,5,2330,1376
37246831665,37246831669,4,2380,1200
37248735665,37248735668,3,1939,1206
37249821119,37249821127,8,2854,1551
37249978567,37249978566,-1,1579,3352
37254890077,37254890081,4,2609,1449
37259553736,37259553740,4,1760,930
37262211034,37262211041,7,2568,1456
37263387459,37263387444,-15,855,277
37264175085,37264175090,5,1903,1533
37266769647,37266769651,4,1305,1572
37268495841,37268495846,5,1872,1187
37270900774,37270900781,7,1848,1187
37271265089,37271265091,2,1817,1570
37271483554,37271483558,4,1597,1298
37273393435,37273393441,6,1752,1076
37274446429,37274446434,5,29782,26432
37274950213,37274950213,0,1480,3386
37278609806,37278609812,6,1513,1033
37279476922,37279476927,5,2615,1557
37282847394,37282847399,5,1583,1230
37287366203,37287366208,5,2714,1508
37287812062,37287812063,1,21234,18818
37289234309,37289234315,6,3099,1191
37291147609,37291147611,2,2446,1277
37292896696,37292896697,1,1573,1199
37294124530,37294124534,4,1969,1380
37296337226,37296337230,4,2115,1129
37298903021,37298903023,2,1867,1146
37299154131,37299154137,6,1607,1529
37301855614,37301855619,5,2160,1586
37304264155,37304264149,-6,852,4994
37305629276,37305629282,6,1754,1487
37308319561,37308319564,3,1292,870
37309267050,37309267053,3,1956,1658
37311306545,37311306540,-5,2165,8114
37317956644,37317956649,5,2013,1183
37322888226,37322888230,4,2584,1613
37323157763,37323157766,3,2174,1148
37323303405,37323303407,2,2161,1512
37327270974,37327270976,2,1540,1754
37328657280,37328657286,6,1913,1837
37328983493,37328983497,4,1464,1424
37331287319,37331287325,6,2161,1369
37340809839,37340809842,3,1659,1315
37341193430,37341193433,3,2249,1761
37343050751,37343050752,1,1419,2014
37343436615,37343436613,-2,1047,2325
37343903517,37343903522,5,2770,2032
37345357311,37345357317,6,2540,1279
37348440877,37348440881,4,1923,1149
37352021387,37352021391,4,3072,2344
37354123613,37354123617,4,1927,1388
37354553256,37354553259,3,2552,1291
37356311166,37356311161,-5,1803,6175
37357461740,37357461743,3,1887,1235
37368693362,37368693366,4,1637,1491
37370425203,37370425207,4,1724,1000
37373961494,37373961486,-8,1030,2994
37380494984,37380494988,4,2086,1255
37381528808,37381528809,1,1620,1321
37382059046,37382059051,5,5649,19837
37382743818,37382743821,3,1903,1431
37386739507,37386739512,5,1969,1260
37386947389,37386947372,-17,1387,710
37387586176,37387586182,6,1695,658
37392892938,37392892941,3,1613,1214
37397514519,37397514524,5,1590,1555
37401623157,37401623164,7,1989,1130
37402851854,37402851862,8,1454,1000
37403653637,37403653640,3,3215,1472
37403743238,37403743238,0,798,1555
37404696178,37404696156,-22,2088,2052
37408401895,37408401902,7,1617,1136
37410464659,37410464663,4,2257,1307
37411008882,37411008887,5,1348,1301
37418322433,37418322438,5,1186,940
37419408794,37419408799,5,1681,1354
37420625399,37420625402,3,1251,994
37423261937,37423261941,4,2249,1847
37423595533,37423595519,-14,1692,954
37423660918,37423660926,8,6155,2154
37424421542,37424421545,3,1905,1157
37425339806,37425339810,4,1765,1162
37427574521,37427574526,5,2283,1360
37430883730,37430883726,-4,1293,3015
37433079814,37433079818,4,1617,1662
37435915102,37435915106,4,2110,1957
37440518183,37440518186,3,1842,984
37441098394,37441098397,3,2416,1984
37443069746,37443069750,4,1734,1209
37444943031,37444943010,-21,1481,1026
37447490301,37447490303,2,1163,1270
37453124954,37453124958,4,1804,814
37459477255,37459477261,6,2355,1426
37459966650,37459966653,3,1663,1098
37462226341,37462226345,4,2513,1331
37462834895,37462834898,3,2396,1344
37464956058,37464956063,5,1943,982
37467430734,37467430746,12,810,359
37467666511,37467666496,-15,1648,1459
37468522206,37468522210,4,1762,1262
37469296454,37469296458,4,2442,1071
37469488574,37469488578,4,2018,1449
37474370210,37474370213,3,1936,1735
37475019506,37475019510,4,1879,1431
37476278681,37476278687,6,3125,1533
37479190817,37479190819,2,2352,1362
37481436938,37481436946,8,2848,1208
37484262015,37484262008,-7,28075,16123
37487088215,37487088222,7,4646,1315
37489156087,37489156092,5,2382,1620
37492182227,37492182223,-4,1580,5846
37493280371,37493280376,5,3035,1413
37501562509,37501562512,3,1936,1673
37502292221,37502292222,1,2610,2460
37503134387,37503134391,4,2827,1251
37503260800,37503260802,2,1929,1494
37504803981,37504803986,5,2596,1129
37505936130,37505936147,17,499,1549
37506201269,37506201274,5,2503,1693
37506696942,37506696943,1,1955,1095
37508893685,37508893691,6,1997,1406
37509145187,37509145191,4,1702,1140
37509444317,37509444322,5,1701,998
37510194998,37510195002,4,2570,1862
37510417665,37510417668,3,1774,1070
37512250244,37512250246,2,3443,2322
37514301827,37514301834,7,2715,1269
37515891602,37515891607,5,1358,687
37518010002,37518010005,3,1533,1238
37518375884,37518375888,4,1373,1639
37520682758,37520682763,5,2543,1219
37525752795,37525752799,4,1838,1909
37527503153,37527503155,2,1096,700
37528452906,37528452909,3,2472,1503
37533474726,37533474731,5,1289,1011
37534597166,37534597171,5,1663,1218
37536523287,37536523294,7,2594,2067
37538212649,37538212655,6,2139,1660
37538873780,37538873783,3,1781,1041
37540207174,37540207174,0,1292,1543
37541563948,37541563950,2,1795,1282
37546573654,37546573659,5,1531,971
37553520722,37553520726,4,2358,1223
37555927143,37555927146,3,2230,1767
37558889786,37558889790,4,2708,1672
37559816810,37559816817,7,1308,1130
37560535666,37560535673,7,1118,1141
37561210658,37561210660,2,1509,1819
37562802786,37562802787,1,1678,1055
37564285956,37564285961,5,1648,805
37564596457,37564596461,4,2201,1003
37564716322,37564716340,18,2570,1439
37565258301,37565258284,-17,1120,628
37565878755,37565878758,3,2043,928
37570481822,37570481824,2,7369,7199
37570544942,37570544950,8,2165,946
37571303891,37571303901,10,1671,1049
37571690557,37571690561,4,4395,2781
37571986588,37571986591,3,1873,1567
37575132637,37575132643,6,1912,1034
37576001102,37576001106,4,2006,891
37576444689,37576444692,3,2428,1332
37578681140,37578681145,5,2912,1426
37583899196,37583899198,2,1715,1629
37587598545,37587598548,3,2526,1668
37588089670,37588089674,4,1508,1098
37589721479,37589721482,3,2182,1407
37592563545,37592563546,1,1462,1511
37593905893,37593905897,4,2825,2094
37594519540,37594519543,3,2724,1355
37599284659,37599284662,3,2297,1067
37599587874,37599587855,-19,1603,1042
37602214520,37602214521,1,19378,13830
37604853408,37604853411,3,1390,1112
37605852232,37605852237,5,2029,1169
37607975499,37607975502,3,1694,1239
37611584533,37611584537,4,1598,1539
37612750095,37612750097,2,1353,910
37613995210,37613995216,6,1916,966
37616863398,37616863402,4,2215,1879
37621640331,37621640334,3,1788,842
37621922082,37621922084,2,1942,1219
37627226938,37627226942,4,2259,1438
37633290934,37633290941,7,1800,1310
37637528078,37637528082,4,2009,1131
37643219508,37643219511,3,1735,1022
37646039051,37646039054,3,1455,1186
37648267366,37648267371,5,2649,1071
37648645818,37648645822,4,1708,1218
37653917485,37653917488,3,2011,1496
37655899254,37655899258,4,1693,1099
37659930127,37659930131,4,1817,1035
37662891910,37662891913,3,1584,876
37667087470,37667087475,5,2136,1695
37668187308,37668187311,3,2119,1771
37669981463,37669981466,3,1412,1617
37670395506,37670395501,-5,2522,7017
37670837900,37670837902,2,861,984
37679286246,37679286251,5,2357,1386
37680426629,37680426634,5,1723,946
37681870789,37681870790,1,1572,1004
37682388169,37682388172,3,2341,1358
37682458045,37682458049,4,1632,987
37685303619,37685303618,-1,812,1705
37689844030,37689844033,3,2359,1271
37695431979,37695431982,3,1984,1298
37697016501,37697016503,2,1462,2115
37697313913,37697313906,-7,709,2919
37698402375,37698402379,4,1498,1330
37700027937,37700027943,6,1583,859
37701039151,37701039154,3,2024,1834
37704803026,37704803031,5,2607,1488
37705133885,37705133889,4,2883,1421
37705399323,37705399301,-22,2024,1512
37707739795,37707739799,4,986,905
37709354033,37709354035,2,1559,1183
37712478796,37712478799,3,1261,726
37713263006,37713263010,4,1268,1132
37715521877,37715521881,4,1299,937
37718739723,37718739726,3,1775,1395
37719787009,37719787013,4,2085,1412
37721750785,37721750767,-18,2092,1247
37723841946,37723841950,4,1798,1105
37731415601,37731415601,0,2014,1403
37731812758,37731812759,1,1138,1149
37732211442,37732211444,2,1659,1319
37733138517,37733138520,3,1801,1252
37733969884,37733969887,3,1714,1225
37734008023,37734008026,3,2287,1377
37734716407,37734716406,-1,7949,13219
37738675047,37738675051,4,2132,1842
37739845241,37739845244,3,1908,1507
37744878917,37744878921,4,2075,1303
37747062582,37747062586,4,1945,1552
37748187158,37748187160,2,1667,1309
37754932650,37754932654,4,1845,1422
37756311814,37756311817,3,1126,987
37759834160,37759834163,3,2156,1103
37760724662,37760724664,2,1968,1439
37761605770,37761605784,14,2098,1492
37765338809,37765338813,4,1819,965
37765711109,37765711114,5,3105,1405
37771826603,37771826607,4,1958,796
37771898437,37771898441,4,2022,1465
37772633343,37772633346,3,2137,1389
37774188484,37774188489,5,2113,1424
37774375838,37774375842,4,1735,1413
37778060679,37778060677,-2,848,1659
37781481388,37781481393,5,1483,1372
37783295197,37783295193,-4,922,2097
37784942550,37784942556,6,2375,1469
37786511822,37786511825,3,2066,1196
37789504968,37789504974,6,2134,977
37790943729,37790943734,5,2221,1129
37798606506,37798606510,4,1717,1319
37800174534,37800174515,-19,26446,29789
37800790284,37800790289,5,1984,1661
37801457514,37801457517,3,2425,2033
37803017551,37803017546,-5,1484,4839
37805860949,37805860954,5,3517,1690
37806229191,37806229195,4,1917,1115
37808392766,37808392773,7,3909,1249
37808721657,37808721653,-4,20382,14351
37809676891,37809676895,4,2062,1663
37810118962,37810118965,3,1239,1110
37813080468,37813080471,3,1819,1685
37815378367,37815378370,3,2226,1263
37816692206,37816692211,5,1679,1273
37820538818,37820538822,4,1602,1180
37821899001,37821899003,2,1370,767
37822699137,37822699141,4,1402,1213
37822923738,37822923757,19,1959,1025
37824779689,37824779691,2,2073,1937
37827068340,37827068345,5,1335,956
37828036490,37828036477,-13,2147,1313
37831898422,37831898425,3,1959,1772
37833672526,37833672531,5,2148,1357
37836660703,37836660706,3,1361,1057
37837881141,37837881143,2,1592,1071
37839693500,37839693504,4,1866,1560
37840192908,37840192912,4,1999,1063
37840889024,37840889029,5,655,315
37847065152,37847065157,5,1660,996
37849003975,37849003980,5,1956,1546
37850607198,37850607202,4,1942,1414
37851661141,37851661147,6,2498,1276
37853660559,37853660563,4,1304,1095
37856586606,37856586607,1,1608,1175
37856949595,37856949597,2,1667,1360
37863577303,37863577303,0,1291,1928
37865732181,37865732187,6,2145,1310
37866249302,37866249308,6,1879,1151
37868956266,37868956271,5,2614,1016
37869783463,37869783468,5,2709,1797
37870666629,37870666614,-15,2200,1286
37874999886,37874999889,3,1551,1351
37882019831,37882019835,4,2267,1493
37882589077,37882589081,4,2099,1060
37883014210,37883014188,-22,2087,1083
37883822027,37883822033,6,1319,1465
37884648046,37884648051,5,2507,1266
37904626140,37904626143,3,1642,1135
37908819765,37908819769,4,3243,1479
37915272834,37915272839,5,1746,1138
37917759758,37917759762,4,2151,1371
37918449347,37918449351,4,2632,1559
37919955718,37919955722,4,2930,1665
37923966062,37923966066,4,1656,1423
37924163123,37924163125,2,1900,1484
37931881864,37931881866,2,1869,1467
37938966944,37938966950,6,1892,1084
37939542261,37939542255,-6,1337,587
37940428840,37940428843,3,2220,1171
37942443935,37942443937,2,1996,1225
37943040534,37943040539,5,1872,1497
37944392241,37944392246,5,1688,1030
37947384270,37947384275,5,2596,1230
37947523579,37947523577,-2,1633,2712
37954329012,37954329017,5,1240,1119
37955228153,37955228159,6,1648,1311
37957153280,37957153283,3,1469,1348
37959879018,37959879023,5,1603,902
37965027763,37965027766,3,1929,1472
37973573522,37973573527,5,1485,1245
37973887097,37973887101,4,2623,980
37977813735,37977813742,7,1464,804
37980009052,37980009054,2,1846,995
37981057869,37981057874,5,2983,1379
37983590681,37983590686,5,595,485
37985465631,37985465635,4,1865,1426
37985774454,37985774437,-17,1249,760
37986502048,37986502053,5,2153,1590
37989800477,37989800481,4,2386,1529
37992624045,37992624049,4,1424,773
37992918950,37992918934,-16,1481,1342
37998203090,37998203095,5,1760,1067
37999587070,37999587077,7,3570,1101
38000341470,38000341473,3,1518,1053
38001754637,38001754640,3,7348,5224
38002098341,38002098341,0,1360,1523
38006541014,38006541019,5,648,365
38010191882,38010191883,1,1601,1163
38010468826,38010468829,3,1820,1125
38011544029,38011544032,3,2108,1336
38011701563,38011701542,-21,2308,1957
38012032316,38012032319,3,3216,1876
38014370283,38014370286,3,1245,1186
38015938780,38015938782,2,1560,1043
38016108780,38016108786,6,2788,973
38016293859,38016293862,3,882,1366
38020552634,38020552638,4,1539,968
38020581301,38020581317,16,1590,1149
38030184902,38030184907,5,2003,1221
38030730981,38030730986,5,1382,1106
38035596770,38035596775,5,2797,1638
38036068211,38036068213,2,1973,1642
38036227170,38036227174,4,1650,1054
38036469788,38036469790,2,1308,1373
38037668466,38037668471,5,1854,1474
38048527492,38048527495,3,1011,1129
38048571628,38048571651,23,677,1500
38053285228,38053285232,4,1868,1343
38056029001,38056029005,4,1253,1019
38056310606,38056310610,4,2102,1352
38061036643,38061036647,4,1935,1750
38061146925,38061146929,4,1881,1490
38061718499,38061718502,3,1609,1112
38066486146,38066486149,3,1833,1114
38068399266,38068399267,1,1783,1698
38075819307,38075819311,4,2602,1845
38083143897,38083143900,3,2361,1529
38084925030,38084925035,5,2127,1145
38085660998,38085660998,0,990,2192
38088438679,38088438681,2,994,997
38089077199,38089077199,0,1876,1844
38090023278,38090023281,3,2193,1004
38090590072,38090590075,3,1720,1033
38090867421,38090867425,4,2310,1593
38102134574,38102134578,4,2208,1189
38102957779,38102957784,5,2108,1748
38103025546,38103025549,3,1633,964
38104374417,38104374421,4,2836,1802
38107028998,38107029000,2,2253,947
38107677636,38107677640,4,2363,1359
38107743653,38107743655,2,1658,1338
38109689494,38109689498,4,1063,894
38112967225,38112967229,4,1867,1859
38114599165,38114599164,-1,15846,17864
38118824790,38118824796,6,1763,1259
38119582351,38119582359,8,2293,1121
38120002325,38120002327,2,1934,1050
38120059635,38120059616,-19,1288,793
38123175266,38123175266,0,2156,2531
38125148950,38125148947,-3,2873,43597
38126436350,38126436355,5,1587,1030
38126522429,38126522436,7,1439,1224
38128619112,38128619116,4,2624,1268
38128758238,38128758244,6,1931,1230
38135588938,38135588937,-1,1450,2083
38137119710,38137119713,3,1857,1219
38138315193,38138315198,5,2145,1337
38139201606,38139201592,-14,1010,478
38139354178,38139354183,5,1645,1184
38139621289,38139621293,4,1689,1452
38140002829,38140002835,6,3490,999
38142694226,38142694231,5,2569,878
38143961477,38143961478,1,1392,1107
38145280238,38145280242,4,2061,1817
38148104071,38148104076,5,2897,1387
38149294320,38149294323,3,2464,1475
38151853157,38151853162,5,3224,1829
38155475790,38155475793,3,2462,1755
38156009038,38156009043,5,2440,1221
38156260681,38156260685,4,1929,1363
38156650516,38156650523,7,2669,1450
38157621759,38157621762,3,2366,1303
38158274310,38158274315,5,3019,1218
38158724982,38158724988,6,2124,1312
38164027225,38164027230,5,1970,1377
38172061958,38172061962,4,2705,1609
38176207801,38176207801,0,1363,2215
38178258685,38178258690,5,2023,1645
38178838578,38178838578,0,2572,3736
38181685793,38181685794,1,1841,1685
38182013362,38182013368,6,2394,1543
38184032719,38184032722,3,2428,1718
38185095163,38185095166,3,1549,1366
38188125819,38188125822,3,1888,732
38188274442,38188274455,13,1497,1034
38189720373,38189720377,4,2167,1390
38190744540,38190744542,2,1713,2027
38193107055,38193107059,4,2050,1254
38194459502,38194459505,3,1825,1629
38196246342,38196246346,4,1592,1092
38200175297,38200175303,6,2174,1371
38209206561,38209206562,1,1201,905
38209490334,38209490338,4,2037,1529
38213084420,38213084426,6,1730,1090
38215957774,38215957778,4,3238,1800
38217479006,38217479010,4,1486,1232
38218259625,38218259628,3,25705,30564
38220636762,38220636767,5,1699,947
38223278256,38223278259,3,1870,655
38227337842,38227337847,5,1593,912
38228011994,38228011999,5,2296,1745
38234781722,38234781727,5,1884,1411
38238110693,38238110701,8,5356,2221
38238879075,38238879074,-1,1335,1443
38242403190,38242403193,3,2060,1589
38242578374,38242578366,-8,649,102
38242892142,38242892148,6,3260,1816
38249030794,38249030797,3,1948,1607
38250787041,38250787045,4,1790,1265
38250907122,38250907122,0,4543,6195
38251461342,38251461346,4,2061,1087
38255038378,38255038385,7,2236,1822
38261566265,38261566270,5,1606,1302
38264361347,38264361349,2,1649,1166
38265070946,38265070950,4,2400,1635
38267266874,38267266875,1,1947,1814
38267307570,38267307573,3,1513,1111
38268013351,38268013355,4,1525,1532
38268607021,38268607026,5,2173,1585
38269326513,38269326515,2,1805,1161
38269522426,38269522429,3,2024,1768
38271558626,38271558631,5,2763,2125
38272144822,38272144825,3,1861,1754
38272546810,38272546813,3,2202,1254
38275195449,38275195453,4,1686,1574
38276183485,38276183489,4,1687,1374
38277149330,38277149336,6,2412,1540
38287919464,38287919467,3,1813,1646
38288755794,38288755798,4,1897,1102
38291650860,38291650865,5,2677,1442
38296440846,38296440852,6,2108,1100
38298283830,38298283835,5,2569,1144
38298686941,38298686945,4,1631,1321
38299886164,38299886167,3,1969,1505
38301481102,38301481109,7,2279,858
38304740022,38304740025,3,1357,872
38306053225,38306053225,0,1677,2130
38312035797,38312035801,4,2626,1899
38313838246,38313838253,7,5505,2473
38315823426,38315823423,-3,1333,1649
38317264280,38317264283,3,1715,1494
38318459425,38318459428,3,2123,1300
38320601725,38320601727,2,1977,1366
38321005233,38321005238,5,2467,1485
38321711773,38321711778,5,1760,1622
38321980601,38321980606,5,2515,774
38327286022,38327286027,5,2145,1280
38332915607,38332915610,3,2238,1383
38334931921,38334931925,4,1736,1546
38336150534,38336150539,5,2016,1216
38339424255,38339424258,3,2068,1320
38340368457,38340368459,2,3859,2856
38342024922,38342024926,4,1986,1106
38342704677,38342704670,-7,650,2699
38346515491,38346515494,3,1999,1665
38346994715,38346994722,7,2938,1525
38347373337,38347373330,-7,37573,13700
38347922177,38347922183,6,2123,1298
38349133252,38349133256,4,1970,1326
38349746234,38349746226,-8,2053,7670
38354573970,38354573974,4,2424,1429
38355073718,38355073724,6,1979,1326
38357628178,38357628175,-3,1110,2653
38358935057,38358935061,4,2160,1364
38361139645,38361139648,3,2230,1344
38364799553,38364799558,5,2270,1650
38365680413,38365680418,5,1215,1310
38366416081,38366416078,-3,1571,1653
38368885647,38368885653,6,2369,1346
38373708584,38373708589,5,1656,1380
38375716266,38375716270,4,2066,1441
38376444937,38376444941,4,2203,1862
38378930982,38378930988,6,1922,1462
38379329298,38379329299,1,1485,1974
38380690990,38380690990,0,1164,1192
38382875805,38382875806,1,1583,1129
38385182239,38385182243,4,1793,947
38389373809,38389373811,2,2622,1387
38391631393,38391631397,4,2941,1559
38392268817,38392268820,3,2128,1705
38394832494,38394832499,5,1795,999
38395565180,38395565185,5,2417,1237
38396785139,38396785144,5,5195,2757
38397861457,38397861461,4,1833,1101
38404841022,38404841021,-1,1077,2557
38406545089,38406545093,4,1813,940
38409302245,38409302250,5,1944,1323
38409863181,38409863185,4,1652,951
38410810528,38410810530,2,1806,1120
38411863514,38411863519,5,1653,1074
38414338981,38414338986,5,2160,1334
38420976772,38420976775,3,1442,1278
38425296774,38425296778,4,1856,1323
38429354654,38429354650,-4,1383,2944
38431251285,38431251289,4,1753,1322
38432469027,38432469031,4,2398,1289
38432556375,38432556379,4,1487,1372
38434009554,38434009559,5,3042,1308
38440977849,38440977852,3,1957,1389
38441384898,38441384916,18,2292,1477
38443895336,38443895339,3,1746,1395
38445376243,38445376246,3,1235,1035
38446846690,38446846696,6,2659,949
38454639430,38454639435,5,1727,1200
38457173478,38457173480,2,1505,1342
38458820534,38458820541,7,1749,1807
38458854456,38458854458,2,1855,1355
38460214510,38460214513,3,2142,1544
38463061705,38463061708,3,2358,1933
38466539302,38466539307,5,1848,1321
38467377542,38467377546,4,1572,837
38470205207,38470205206,-1,1022,1854
38472343527,38472343534,7,1426,740
38474119226,38474119231,5,1584,1034
38479405891,38479405895,4,1650,1500
38481271778,38481271783,5,2003,1343
38486214320,38486214322,2,1246,1028
38487734210,38487734214,4,1728,1293
38487771839,38487771833,-6,2803,8078
38490239922,38490239918,-4,1398,1876
38490822662,38490822666,4,2883,1740
38492405043,38492405047,4,2127,1157
38494814029,38494814032,3,2819,1756
38496271805,38496271810,5,1955,1492
38496357366,38496357371,5,1714,1285
38497439782,38497439783,1,953,1122
38498662117,38498662123,6,2251,1250
38501631951,38501631954,3,2382,1332
38509866366,38509866370,4,2088,1375
38510040403,38510040392,-11,3371,1016
38511584442,38511584447,5,2115,1875
38512156932,38512156935,3,1521,931
38512886293,38512886298,5,1374,1270
38513937218,38513937221,3,1603,1115
38514320795,38514320802,7,2763,1342
38518796886,38518796889,3,2577,1562
38525942999,38525943010,11,1155,848
38527180501,38527180505,4,3157,1337
38527675870,38527675872,2,1706,1530
38529972189,38529972191,2,1786,957
38530951714,38530951718,4,2022,1555
38532319598,38532319603,5,2283,1065
38532433162,38532433140,-22,810,570
38537738091,38537738091,0,1133,833
38538340302,38538340316,14,2927,1374
38538385321,38538385326,5,2047,1104
38544173310,38544173311,1,1684,1517
38549362762,38549362764,2,1583,1363
38551294179,38551294173,-6,1999,6945
38553479745,38553479749,4,1171,1032
38556707258,38556707263,5,2171,1211
38558010725,38558010730,5,1733,932
38559602297,38559602301,4,2623,1289
38562261239,38562261243,4,1368,1331
38563345005,38563345010,5,1639,1148
38566249765,38566249770,5,2249,1259
38570896073,38570896078,5,2749,1351
38576752460,38576752463,3,1522,844
38582811458,38582811462,4,2044,1263
38586002993,38586002995,2,1889,1079
38587881566,38587881571,5,1312,1116
38590250077,38590250081,4,2753,1611
38594798854,38594798862,8,2520,1103
38598112995,38598113002,7,1610,752
38598949958,38598949962,4,2010,1845
38601031511,38601031513,2,2360,1531
38601453285,38601453290,5,1704,1466
38601658276,38601658277,1,1556,828
38609743361,38609743364,3,1884,1247
38610628168,38610628170,2,1551,1233
38611210707,38611210715,8,2077,997
38613486841,38613486847,6,1672,1269
38615581671,38615581676,5,2345,1776
38615870345,38615870328,-17,1968,1618
38623506845,38623506850,5,2045,1445
38628201060,38628201065,5,1751,1400
38629606062,38629606067,5,1421,1000
38630858069,38630858074,5,2115,1154
38630908174,38630908158,-16,1408,724
38638435085,38638435086,1,31264,34475
38640480734,38640480739,5,2149,1301
38641228929,38641228933,4,1916,1201
38641688854,38641688857,3,1638,1125
38643940401,38643940405,4,1633,1405
38647821446,38647821450,4,3016,1476
38651386839,38651386840,1,6072,24653
38657756842,38657756843,1,1121,1587
38660504786,38660504790,4,2082,1590
38662198224,38662198230,6,2264,1394
38663114526,38663114526,0,1452,1446
38666105324,38666105326,2,2145,1482
38666858212,38666858216,4,755,889
38667842666,38667842668,2,1741,1404
38671177682,38671177685,3,1899,1255
38671321572,38671321574,2,1020,580
38672797106,38672797110,4,3059,1495
38673570468,38673570470,2,1792,1028
38675304025,38675304030,5,1349,696
38678919463,38678919467,4,2040,1302
38682749564,38682749567,3,2341,1194
38683336100,38683336106,6,2374,1789
38684628878,38684628882,4,2363,1271
38685519844,38685519849,5,2084,1171
38685906946,38685906950,4,2243,1173
38686249005,38686249021,16,1618,1124
38688322058,38688322063,5,1726,1086
38691199095,38691199089,-6,1066,4321
38691451647,38691451654,7,2576,1383
38692888805,38692888809,4,2125,1477
38695014179,38695014183,4,2632,1561
38698671686,38698671690,4,2160,1619
38703079531,38703079534,3,2059,1036
38705832234,38705832237,3,1505,1305
38711487422,38711487427,5,1576,1086
38712070231,38712070233,2,2433,1465
38712793723,38712793726,3,1761,1081
38713626179,38713626185,6,1803,1285
38715645156,38715645158,2,2574,1257
38719019824,38719019827,3,2481,1785
38720414809,38720414810,1,1464,1359
38720577459,38720577462,3,1896,1327
38721268219,38721268225,6,1345,861
38724223593,38724223596,3,1368,1254
38727534152,38727534158,6,3128,1700
38730729366,38730729370,4,2899,1627
38734007217,38734007221,4,2463,1622
38734413218,38734413220,2,1005,866
38734750220,38734750225,5,1787,1562
38735469073,38735469079,6,1806,1141
38737422758,38737422762,4,2274,1628
38740968259,38740968264,5,1658,1377
38746639638,38746639643,5,3240,1741
38749602206,38749602212,6,2451,1327
38751361986,38751361991,5,2842,1329
38751609639,38751609643,4,2034,1479
38751714137,38751714139,2,28086,16394
38752444137,38752444142,5,2278,1962
38752550637,38752550641,4,2009,1478
38753808988,38753808990,2,1755,1200
38754994097,38754994101,4,2259,1329
38759594121,38759594126,5,1520,917
38761429313,38761429318,5,2163,1773
38763047634,38763047637,3,2315,1378
38765264086,38765264090,4,2133,972
38765375740,38765375745,5,2468,1757
38765453146,38765453151,5,2315,1310
38766078663,38766078669,6,2437,1549
38768013775,38768013782,7,1724,1079
38778673907,38778673911,4,1868,1320
38786231950,38786231955,5,2032,858
38788665110,38788665115,5,1526,1025
38789814794,38789814792,-2,1227,1616
38790022221,38790022200,-21,647,1348
38791990535,38791990538,3,1026,841
38793309951,38793309935,-16,1256,562
38796967117,38796967121,4,2026,1189
38798162146,38798162142,-4,1520,4255
38799062923,38799062919,-4,1891,4766
38799927619,38799927622,3,1583,1231
38800959077,38800959082,5,1404,1646
38805490423,38805490428,5,2073,1407
38806531802,38806531784,-18,1824,1598
38807112705,38807112707,2,1632,1234
38807820818,38807820822,4,2516,1176
38811484217,38811484220,3,1595,1574
38813839600,38813839606,6,6257,2870
38818085249,38818085253,4,1653,1119
38818544986,38818544989,3,1821,1396
38821284655,38821284659,4,2890,1500
38821484043,38821484047,4,1653,1227
38824882633,38824882630,-3,2610,3508
38824942870,38824942875,5,1577,1225
38825349305,38825349310,5,2617,1377
38826920781,38826920784,3,1890,1197
38827022975,38827022978,3,2092,1015
38827670774,38827670778,4,1956,1891
38828732798,38828732804,6,1921,1638
38832657955,38832657959,4,2624,1142
38836265449,38836265451,2,2161,1706
38836584789,38836584789,0,801,266
38837576799,38837576798,-1,920,1566
38839201863,38839201864,1,1357,1240
38843658298,38843658302,4,2333,1811
38843805906,38843805910,4,1817,1816
38844417271,38844417276,5,1800,1173
38845708494,38845708498,4,3282,1885
38850739225,38850739229,4,2333,1633
38852190458,38852190462,4,2293,1378
38852984086,38852984089,3,1877,1176
38853593745,38853593750,5,2234,1547
38856523433,38856523438,5,3632,1473
38857168118,38857168102,-16,1686,1391
38857866726,38857866723,-3,1252,2673
38861586998,38861587000,2,1185,1206
38862634140,38862634145,5,2441,1282
38865319704,38865319709,5,2684,1716
38865537642,38865537646,4,2387,1623
38867034605,38867034612,7,2310,1064
38871439610,38871439614,4,1351,1231
38873991523,38873991520,-3,427,1809
38878631410,38878631415,5,2440,1200
38881452643,38881452647,4,1203,1269
38883249125,38883249133,8,5935,2237
38884667557,38884667558,1,900,905
38887197999,38887198002,3,1766,1247
38890310262,38890310266,4,2472,1598
38890772066,38890772071,5,2245,1257
38891747030,38891747037,7,2367,1494
38894155578,38894155583,5,2237,1355
38895992965,38895992969,4,1405,1282
38897276802,38897276806,4,2067,1255
38907503513,38907503518,5,2391,1335
38908455753,38908455759,6,2480,1102
38909265532,38909265539,7,1516,1083
38913157898,38913157902,4,2435,1606
38914254766,38914254770,4,2322,1512
38915651413,38915651420,7,2598,1487
38921992625,38921992630,5,2645,1882
38922291059,38922291065,6,2251,1446
38923803638,38923803643,5,1978,1170
38924343477,38924343481,4,2414,2130
38927616380,38927616385,5,1833,1065
38933583075,38933583078,3,1504,1396
38937654617,38937654623,6,2611,1320
38938537301,38938537306,5,2480,975
38939707068,38939707084,16,2192,1340
38941387438,38941387440,2,1734,1249
38942297141,38942297145,4,1647,1341
38943722838,38943722841,3,1192,901
38943986840,38943986843,3,1813,1097
38947959501,38947959507,6,1996,1338
38949105616,38949105617,1,1167,1031
38951953606,38951953611,5,1503,1135
38953911396,38953911403,7,2495,1257
38959114237,38959114241,4,1813,1126
38959635724,38959635726,2,1726,848
38960233960,38960233963,3,1735,1215
38961569961,38961569966,5,2052,1473
38963035055,38963035058,3,1880,1896
38968498259,38968498262,3,1674,1459
38969480537,38969480539,2,1616,1391
38974461443,38974461446,3,1470,931
38976826434,38976826439,5,1546,1095
38977748505,38977748507,2,1813,1197
38979816042,38979816045,3,2021,1332
38979938654,38979938660,6,2977,1260
38982551843,38982551847,4,1883,1500
38983292401,38983292402,1,2046,1311
38985411973,38985411975,2,1433,1202
38988134611,38988134614,3,1113,839
38991934402,38991934407,5,1518,1043
38993809950,38993809955,5,1897,1148
38994117305,38994117312,7,2357,1025
38996067401,38996067406,5,2627,1310
38996411654,38996411657,3,2131,1795
38999980802,38999980807,5,2390,1399
39004845899,39004845880,-19,1190,1312
39007231850,39007231854,4,1981,955
39009964011,39009964014,3,2443,1439
39020186324,39020186329,5,1858,1834
39021133698,39021133702,4,1198,488
39022338083,39022338082,-1,1303,1787
39023649911,39023649914,3,1629,1834
39023740710,39023740715,5,1099,863
39025589768,39025589773,5,2288,1116
39025629446,39025629447,1,1086,169
39026046507,39026046512,5,2279,1695
39028989297,39028989301,4,2279,1066
39030302420,39030302422,2,816,892
39031372669,39031372674,5,2033,1110
39031446682,39031446661,-21,3566,2674
39031771480,39031771483,3,1621,1032
39032958658,39032958661,3,1670,1072
39036326900,39036326902,2,1386,1121
39036522552,39036522557,5,2703,1647
39042081209,39042081215,6,2097,858
39046188394,39046188399,5,2091,1269
39046235142,39046235127,-15,1285,1020
39046483870,39046483874,4,1336,1051
39048520077,39048520082,5,1692,1288
39051639979,39051639974,-5,931,3259
39053762761,39053762765,4,1965,1754
39054478682,39054478687,5,1854,1249
39055174279,39055174278,-1,1626,1212
39058499990,39058499995,5,1516,1233
39066542210,39066542215,5,1387,815
39070250421,39070250425,4,1675,1294
39070518381,39070518368,-13,300,1302
39076811886,39076811890,4,2222,1269
39079664573,39079664575,2,2019,1199
39081805254,39081805258,4,1535,1236
39084171740,39084171744,4,2151,1161
39086098113,39086098117,4,2034,1313
39086315530,39086315534,4,1620,1147
39087288716,39087288723,7,2511,1314
39088967132,39088967135,3,1919,1322
39089100618,39089100619,1,1878,1207
39106901297,39106901304,7,2998,1287
39115069666,39115069660,-6,1596,6767
39117580929,39117580931,2,2137,1303
39119258689,39119258693,4,1995,1286
39130380862,39130380868,6,1495,1172
39132479308,39132479310,2,1513,1086
39132611885,39132611889,4,2111,1422
39133031255,39133031253,-2,1850,3836
39133230895,39133230901,6,2735,1594
39134309458,39134309445,-13,1802,1005
39137437398,39137437402,4,1723,1230
39140298867,39140298872,5,2165,1545
39141248501,39141248506,5,1445,1203
39143888762,39143888767,5,1061,1147
39144618869,39144618871,2,1415,1072
39147182786,39147182791,5,2228,1958
39147988657,39147988663,6,2368,1452
39148470929,39148470933,4,2191,1241
39150337023,39150337026,3,1053,1278
39150745145,39150745150,5,1546,942
39157946364,39157946368,4,1779,1310
39159480311,39159480315,4,1323,1270
39164239215,39164239218,3,2276,1127
39164590953,39164590932,-21,1485,941
39167508645,39167508650,5,2133,1546
39169497294,39169497299,5,1702,1113
39171213286,39171213289,3,1405,591
39174202789,39174202781,-8,23425,17302
39174351752,39174351754,2,1919,1451
39179013868,39179013872,4,2203,1430
39181215973,39181215977,4,1505,1431
39181673938,39181673944,6,2785,943
39182842770,39182842774,4,2267,1160
39183330781,39183330786,5,2394,1342
39183571437,39183571440,3,1086,1027
39185967262,39185967266,4,2171,1609
39186565102,39186565106,4,2258,1668
39187424780,39187424785,5,1942,1424
39191672344,39191672350,6,1053,1504
39195536484,39195536488,4,2175,1479
39197120952,39197120958,6,2980,1498
39203396138,39203396142,4,1845,1530
39203619331,39203619337,6,2133,1727
39208374355,39208374359,4,1774,1520
39209425581,39209425577,-4,701,1520
39211124526,39211124530,4,1851,2049
39214594607,39214594616,9,11610,31420
39214705460,39214705465,5,1970,1366
39214977407,39214977409,2,2116,1563
39215584185,39215584197,12,1402,1024
39217328194,39217328197,3,1953,1480
39219374666,39219374670,4,1593,1362
39220140970,39220140974,4,2085,1269
39221069990,39221069995,5,2595,1584
39224592293,39224592297,4,1938,1798
39224644863,39224644867,4,1171,754
39227390961,39227390966,5,1621,990
39228515582,39228515591,9,107,533
39231498305,39231498308,3,1723,1280
39231826145,39231826151,6,2942,1173
39233144152,39233144155,3,1905,1305
39234281590,39234281593,3,1865,1447
39235141230,39235141233,3,2066,1504
39235854129,39235854135,6,2337,1722
39237000435,39237000442,7,2213,1146
39237873590,39237873593,3,1506,1619
39238193561,39238193566,5,1935,1242
39240836215,39240836220,5,2164,2312
39241100105,39241100106,1,1514,1544
39244192694,39244192698,4,1990,1345
39246630339,39246630322,-17,1497,1800
39247541487,39247541492,5,2066,1524
39250266381,39250266385,4,2756,1540
39253856781,39253856786,5,1714,1131
39253887381,39253887386,5,1939,1387
39255595537,39255595538,1,1723,1561
39255750746,39255750750,4,2005,1452
39255803493,39255803498,5,1720,1558
39257199081,39257199086,5,2009,1523
39258547223,39258547226,3,1559,1290
39261238706,39261238710,4,1566,1055
39262367842,39262367847,5,2050,1073
39264631175,39264631177,2,2277,1275
39265248083,39265248088,5,2175,1292
39265876022,39265876027,5,2560,1485
39266697614,39266697619,5,6725,2545
39266722760,39266722765,5,1841,1395
39268708045,39268708049,4,2178,1003
39270921537,39270921543,6,1584,861
39272585314,39272585320,6,2383,1290
39273759822,39273759825,3,2193,1750
39274687437,39274687442,5,1875,1145
39275569024,39275569020,-4,1644,5597
39277666998,39277667004,6,2535,1447
39279110609,39279110614,5,1847,1420
39280825981,39280825985,4,2541,1382
39281515756,39281515758,2,1631,1258
39283456738,39283456743,5,2620,1500
39284111150,39284111150,0,1805,1496
39287945201,39287945205,4,1300,1024
39288996497,39288996499,2,1820,1524
39290985078,39290985084,6,2296,1718
39291665903,39291665907,4,2022,1517
39293332121,39293332125,4,1546,858
39294728190,39294728194,4,1268,1184
39298553320,39298553322,2,1535,1159
39299455407,39299455410,3,1567,1073
39300373825,39300373829,4,1974,1051
39301275290,39301275293,3,1717,1823
39309400487,39309400490,3,1720,1134
39310881973,39310881978,5,3026,1970
39312537878,39312537882,4,2334,1018
39312980386,39312980392,6,1604,1438
39314818540,39314818544,4,1741,1663
39315230335,39315230342,7,2415,1093
39317060664,39317060680,16,1979,759
39321082033,39321082039,6,2193,1013
39321960311,39321960316,5,2982,1632
39321997915,39321997918,3,1705,1348
39322166347,39322166350,3,1285,1302
39322604118,39322604122,4,1763,974
39322721854,39322721849,-5,1732,7092
39325509634,39325509639,5,1631,1342
39328195371,39328195374,3,2027,1470
39329227294,39329227297,3,1394,1402
39330085784,39330085789,5,1501,1209
39331726034,39331726040,6,1554,1183
39333253902,39333253905,3,1809,1271
39339802975,39339802978,3,2038,1529
39343779833,39343779837,4,1746,1117
39345787573,39345787563,-10,18053,41023
39346056073,39346056079,6,2539,1197
39352708746,39352708749,3,1331,764
39353217270,39353217274,4,1729,1304
39354998559,39354998542,-17,1060,851
39355415733,39355415738,5,3730,1379
39358975487,39358975490,3,1955,1590
39359819641,39359819646,5,1849,1198
39365667821,39365667838,17,1637,1797
39367267767,39367267771,4,2592,1366
39370329439,39370329446,7,1990,843
39372565312,39372565309,-3,1721,3367
39375323734,39375323737,3,1927,1689
39376642824,39376642829,5,1609,1255
39380473238,39380473241,3,2140,1667
39382949059,39382949063,4,2960,1517
39383595411,39383595417,6,2428,1197
39391840466,39391840470,4,1874,1336
39395476576,39395476580,4,1604,1698
39401490275,39401490279,4,2521,1733
39407436691,39407436693,2,2601,1439
39409099354,39409099358,4,1804,885
39412362949,39412362951,2,1095,1396
39413450740,39413450746,6,5514,2650
39413751666,39413751670,4,2617,1595
39425064022,39425064026,4,2080,1493
39428024305,39428024308,3,2129,1083
39429000190,39429000198,8,2678,1187
39436577313,39436577311,-2,1917,1948
39440741185,39440741190,5,2394,1375
39441913623,39441913628,5,1857,1242
39442206183,39442206166,-17,1728,984
39443954915,39443954919,4,1421,1109
39444423909,39444423912,3,1159,1237
39444969689,39444969691,2,1848,1273
39445880630,39445880634,4,1371,1214
39447006357,39447006353,-4,899,2749
39447236399,39447236417,18,208,1176
39451203607,39451203612,5,4603,2257
39452533479,39452533485,6,2129,1125
39453811750,39453811754,4,1862,1560
39454188828,39454188822,-6,1753,7699
39455100713,39455100716,3,1622,1057
39455418696,39455418702,6,3429,1552
39458330747,39458330753,6,2257,1202
39462165093,39462165096,3,2408,1694
39462440719,39462440722,3,2041,1136
39463595538,39463595542,4,2382,1281
39473693410,39473693414,4,1147,633
39475097033,39475097036,3,1213,846
39476987222,39476987230,8,644,188
39478821966,39478821970,4,1713,1351
39484857280,39484857283,3,976,859
39485043515,39485043494,-21,751,263
39485219570,39485219549,-21,2166,1889
39486103526,39486103528,2,2069,1144
39486536218,39486536209,-9,38465,14861
39486779498,39486779496,-2,1829,3416
39487954920,39487954914,-6,736,2073
39491217461,39491217465,4,2360,1265
39493229494,39493229498,4,1895,1432
39494065993,39494065986,-7,2122,6900
39494676771,39494676775,4,1638,966
39495357866,39495357869,3,1927,2105
39497754282,39497754289,7,1982,1438
39501302321,39501302314,-7,789,5836
39508414181,39508414183,2,1455,1394
39509686178,39509686182,4,1573,1480
39510441543,39510441523,-20,1230,803
39514186102,39514186106,4,2339,1356
39514805622,39514805627,5,2445,908
39516905331,39516905335,4,2485,1313
39516994751,39516994733,-18,1432,401
39517293091,39517293098,7,2422,1484
39518078505,39518078510,5,1508,935
39524905077,39524905078,1,2671,1104
39526859718,39526859722,4,1596,1061
39526903758,39526903763,5,2273,948
39530463229,39530463234,5,1336,1146
39535229346,39535229347,1,1097,941
39537319042,39537319048,6,2545,1418
39538747667,39538747670,3,1711,1842
39539227710,39539227715,5,1545,827
39544884746,39544884749,3,1526,1287
39549384429,39549384435,6,2526,1373
39552500850,39552500853,3,1834,1318
39553849170,39553849172,2,1632,1139
39555900959,39555900963,4,1287,910
39556447161,39556447166,5,2459,1691
39561386929,39561386933,4,2360,1176
39564389697,39564389703,6,2312,1295
39565667113,39565667118,5,2051,1450
39569180631,39569180639,8,12505,31167
39569796969,39569796974,5,1417,846
39570348438,39570348444,6,1301,1050
39579485745,39579485750,5,2641,1133
39585213454,39585213462,8,3027,938
39587609918,39587609922,4,5487,28398
39588367382,39588367389,7,2553,1635
39595232345,39595232351,6,2384,1654
39599346026,39599346032,6,1042,1134
39600482321,39600482325,4,1764,994
39600507898,39600507902,4,1776,1075
39602419853,39602419858,5,2228,1024
39604786526,39604786530,4,2459,1364
39605631868,39605631876,8,2083,1028
39610388277,39610388282,5,1859,1088
39611227194,39611227196,2,35850,34315
39616878202,39616878206,4,1934,1224
39619584399,39619584402,3,2092,1465
39622094990,39622094996,6,2534,1476
39622506569,39622506572,3,4808,2903
39623116098,39623116101,3,1430,1524
39625212020,39625212023,3,2387,1298
39625309805,39625309806,1,1479,1512
39626181598,39626181605,7,2360,1442
39627241185,39627241186,1,1637,1955
39628540089,39628540093,4,2286,781
39632808294,39632808298,4,2164,1939
39633218305,39633218308,3,1624,1271
39634320242,39634320247,5,1834,1372
39634380150,39634380145,-5,2350,8056
39635650618,39635650623,5,1609,1900
39637024532,39637024538,6,1717,1390
39639313543,39639313546,3,2003,2020
39654739119,39654739123,4,1718,1257
39654900749,39654900755,6,1759,1370
39656085469,39656085476,7,4762,1243
39657249346,39657249351,5,1925,1467
39665499757,39665499762,5,1988,1163
39666275095,39666275100,5,2318,1291
39667526222,39667526223,1,1681,892
39668539865,39668539870,5,2237,1573
39668692245,39668692249,4,1748,1623
39670278013,39670278012,-1,2179,1923
39672918126,39672918131,5,878,1008
39675833159,39675833165,6,1988,842
39676091259,39676091240,-19,2356,1037
39677972859,39677972863,4,2089,1281
39678431047,39678431050,3,1846,1312
39678617550,39678617555,5,1202,989
39682219992,39682219995,3,1648,819
39682862073,39682862077,4,2846,1521
39687532742,39687532747,5,2003,735
39688832462,39688832466,4,1813,1519
39693397474,39693397478,4,1996,1359
39695683749,39695683754,5,1513,1106
39696265910,39696265915,5,1636,1233
39702961722,39702961729,7,5443,2478
39703336011,39703336014,3,1152,1311
39704485522,39704485522,0,1105,2179
39706565726,39706565731,5,1626,692
39708066672,39708066675,3,2237,1369
39709017557,39709017561,4,1948,1581
39710187446,39710187451,5,2505,1074
39716472734,39716472737,3,2101,1685
39717066216,39717066219,3,2275,1537
39721619881,39721619883,2,2070,831
39722348228,39722348231,3,1406,727
39724641470,39724641470,0,826,1241
39728623814,39728623818,4,1728,1105
39732783794,39732783799,5,2126,1139
39732898763,39732898783,20,841,171
39742185689,39742185687,-2,2265,4176
39750354714,39750354718,4,863,800
39757765354,39757765354,0,1349,1366
39762607092,39762607096,4,2201,1439
39763867079,39763867083,4,2712,1333
39764684841,39764684846,5,2281,1393
39765439394,39765439399,5,1805,1286
39767531942,39767531946,4,1936,1249
39771543738,39771543741,3,2300,1395
39772434065,39772434069,4,2114,1341
39774762094,39774762099,5,2041,1113
39777040303,39777040298,-5,876,2727
39777126259,39777126261,2,1404,1336
39778310818,39778310822,4,1656,743
39779480771,39779480775,4,1682,1172
39782834725,39782834729,4,1713,1339
39784335819,39784335813,-6,1345,2755
39784983269,39784983271,2,1641,854
39787644545,39787644547,2,1899,1505
39789218784,39789218788,4,2063,1080
39795364170,39795364174,4,1003,595
39804645537,39804645543,6,3324,1280
39805494146,39805494149,3,1408,716
39805629882,39805629886,4,2456,2051
39808158831,39808158837,6,3064,1398
39809236529,39809236509,-20,2260,726
39810339054,39810339058,4,2497,1119
39810377594,39810377599,5,2251,1640
39816644701,39816644703,2,1360,1222
39821204078,39821204081,3,18737,21121
39821496663,39821496667,4,1988,1813
39822128228,39822128210,-18,1918,1442
39830159240,39830159246,6,2356,1735
39831012715,39831012721,6,2442,1545
39838327971,39838327975,4,3289,1854
39838968501,39838968506,5,2656,1065
39839535181,39839535185,4,2704,1592
39844040464,39844040467,3,2361,1226
39845637492,39845637497,5,2458,1596
39847143466,39847143470,4,1750,958
39847967825,39847967827,2,1571,1349
39850064598,39850064602,4,1917,1628
39850898686,39850898671,-15,1307,415
39851255285,39851255289,4,1973,1838
39853439614,39853439615,1,1463,1393
39855020308,39855020312,4,2188,1837
39855587067,39855587064,-3,751,1702
39856105150,39856105155,5,1904,1346
39861540079,39861540080,1,1182,1365
39863668001,39863668006,5,1400,864
39868940742,39868940749,7,1678,1256
39869745605,39869745589,-16,1398,600
39869929665,39869929664,-1,1095,2383
39873255875,39873255881,6,1334,821
39877308235,39877308239,4,1900,2049
39878491155,39878491158,3,1899,951
39890263357,39890263364,7,1850,1590
39892389553,39892389554,1,2095,2681
39895305026,39895305031,5,2427,1401
39900402363,39900402366,3,1367,1342
39903081737,39903081742,5,2081,1093
39903559256,39903559261,5,2362,1583
39903703249,39903703252,3,3097,1673
39904711002,39904711006,4,1035,1139
39904968597,39904968601,4,2739,1735
39905290522,39905290512,-10,1208,446
39907600525,39907600523,-2,981,1317
39910690116,39910690121,5,2206,838
39911026049,39911026054,5,2443,886
39911505424,39911505428,4,1820,1067
39912110806,39912110808,2,2189,1780
39913179598,39913179599,1,1418,1531
39913415671,39913415670,-1,1202,1360
39914851730,39914851734,4,2389,1392
39916193735,39916193738,3,1000,1062
39924542007,39924542013,6,1493,1055
39928472030,39928472035,5,19723,36643
39931847754,39931847758,4,2026,1116
39935042523,39935042527,4,748,836
39936729894,39936729898,4,1627,1081
39940950117,39940950106,-11,2803,12828
39942783765,39942783771,6,2050,1280
39943033050,39943033053,3,433,44
39946296585,39946296578,-7,1320,4880
39946903082,39946903087,5,3323,1536
39947355241,39947355243,2,1718,1018
39949094730,39949094735,5,2672,1554
39961537962,39961537966,4,1951,1600
39961798649,39961798650,1,2428,1263
39963450770,39963450777,7,2288,1473
39965110483,39965110490,7,2104,817
39965158674,39965158653,-21,2527,1977
39967842018,39967842022,4,1890,1603
39968471182,39968471186,4,2132,1007
39971658281,39971658287,6,1772,1203
39972840925,39972840930,5,2039,1320
39978618282,39978618287,5,1771,1284
39979905544,39979905547,3,3797,2803
39980297570,39980297574,4,1311,1239
39987525562,39987525566,4,2060,1425
39988095961,39988095968,7,1836,1129
39989669122,39989669126,4,2440,1213
39992785089,39992785095,6,2580,1191
39993226867,39993226869,2,1564,1050
39994103906,39994103910,4,1508,1078
39996977542,39996977546,4,1807,880
39997970683,39997970688,5,2158,1695
39999382875,39999382881,6,2194,1728
40001050590,40001050594,4,1987,1347
40001589428,40001589433,5,1651,1328
40004454526,40004454530,4,1934,1351
40005207752,40005207757,5,1887,1279
40008390012,40008390016,4,1625,1236
40011748662,40011748667,5,1924,1262
40013352825,40013352830,5,1615,1211
40014152898,40014152905,7,1824,1234
40018017037,40018017039,2,1990,1971
40018047832,40018047838,6,3938,1455
40021883418,40021883426,8,5513,1298
40022104629,40022104633,4,2124,1012
40025657575,40025657578,3,1794,1486
40025693116,40025693117,1,451,142
40026069023,40026069026,3,2648,1419
40032268725,40032268730,5,2262,1412
40033580837,40033580841,4,2908,1428
40033686088,40033686092,4,2054,1436
40043326043,40043326047,4,1893,1315
40044564865,40044564871,6,2181,974
40045042470,40045042474,4,1882,1611
40047166209,40047166213,4,2284,1264
40047281938,40047281919,-19,2358,1083
40048435646,40048435650,4,1368,953
40049438009,40049438014,5,1444,1169
40055453818,40055453822,4,1514,1738
40057306493,40057306494,1,886,744
40058554994,40058554994,0,1130,1653
40058610884,40058610874,-10,1359,1808
40064133054,40064133059,5,1998,1239
40065096888,40065096898,10,1285,1535
40065595908,40065595899,-9,668,101
40068286135,40068286138,3,1611,1251
40073787157,40073787161,4,2347,997
40078957864,40078957868,4,2203,1032
40080511342,40080511347,5,1709,1237
40081597759,40081597758,-1,1752,2776
40082120557,40082120559,2,1215,1157
40082237658,40082237663,5,2621,1707
40082545916,40082545905,-11,917,8302
40082835302,40082835299,-3,1270,2092
40089537926,40089537929,3,1670,1320
40092690947,40092690951,4,1158,837
40093014482,40093014486,4,2937,1195
40096984129,40096984133,4,1777,1312
40100786313,40100786319,6,2221,1043
40100959111,40100959094,-17,1564,687
40102562474,40102562479,5,1895,1077
40103932699,40103932703,4,2925,1398
40109281687,40109281690,3,2206,1415
40110860846,40110860852,6,844,737
40111087273,40111087275,2,2155,1462
40112444424,40112444429,5,1682,1594
40113916706,40113916707,1,1204,1189
40117793886,40117793889,3,1468,1204
40121837434,40121837436,2,1858,1335
40124627513,40124627518,5,2015,1459
40124906010,40124905990,-20,2121,664
40128404407,40128404410,3,2016,1304
40131890847,40131890850,3,1323,930
40134725191,40134725189,-2,1004,1825
40135370005,40135370007,2,2100,1121
40141441349,40141441352,3,2287,1747
40143314614,40143314618,4,2093,1380
40144067798,40144067803,5,2891,1928
40145556833,40145556835,2,1590,1026
40146382793,40146382798,5,1846,1294
40146408619,40146408622,3,2039,1943
40149757062,40149757066,4,1564,1040
40153563403,40153563407,4,1992,1190
40155085521,40155085524,3,2618,1424
40157947244,40157947250,6,1508,897
40158118822,40158118813,-9,946,1992
40162322665,40162322672,7,4957,2170
40162490844,40162490847,3,2378,1382
40168612958,40168612954,-4,1038,3325
40168945735,40168945739,4,2621,2053
40171352173,40171352177,4,1624,1237
40172460942,40172460946,4,1778,1262
40172584822,40172584827,5,2297,975
40173113239,40173113245,6,1667,1064
40173286628,40173286647,19,1995,1376
40180393533,40180393538,5,1424,1166
40184635251,40184635255,4,1390,1119
40184949542,40184949545,3,2067,1358
40186849506,40186849509,3,1438,902
40188054746,40188054751,5,2470,1612
40188421615,40188421617,2,1659,1325
40189509660,40189509667,7,2354,1406
40192780470,40192780475,5,2392,1543
40195486228,40195486226,-2,1049,1210
40196872666,40196872672,6,1460,846
40197688611,40197688590,-21,1027,807
40198852803,40198852802,-1,1830,2400
40199213534,40199213538,4,1612,1260
40204147657,40204147660,3,2770,1769
40204251877,40204251881,4,1834,1391
40204609624,40204609629,5,1573,1816
40205737458,40205737462,4,2140,1642
40208504830,40208504829,-1,1216,2265
40209674601,40209674603,2,1785,1511
40210400384,40210400389,5,3123,2039
40212345714,40212345718,4,2334,1574
40212373090,40212373094,4,1229,1085
40213684103,40213684107,4,2116,1697
40221811290,40221811294,4,2204,1527
40221939057,40221939063,6,1976,1060
40224812633,40224812632,-1,313,792
40225942089,40225942086,-3,3021,5595
40227088618,40227088623,5,2331,1242
40229244516,40229244524,8,4087,1563
40232216610,40232216616,6,9983,3702
40233115927,40233115930,3,1521,1331
40233300022,40233300025,3,2240,963
40236409236,40236409242,6,2210,1132
40239762910,40239762914,4,1252,1200
40241563960,40241563968,8,2228,1178
40243077991,40243077987,-4,1382,5540
40243632101,40243632105,4,1878,1655
40246049696,40246049701,5,2022,1325
40246878951,40246878954,3,1750,1369
40247040550,40247040554,4,1973,1100
40247732562,40247732560,-2,1021,3131
40252359274,40252359277,3,979,1410
40254227799,40254227807,8,4831,1228
40259928875,40259928876,1,1636,1245
40259979862,40259979866,4,1826,1088
40263502701,40263502705,4,2623,1669
40266622292,40266622293,1,984,789
40269607598,40269607606,8,1499,993
40270368523,40270368530,7,4402,2600
40270602625,40270602630,5,2632,1222
40274426201,40274426206,5,2976,1437
40276242866,40276242871,5,2378,1477
40278292292,40278292296,4,1939,2011
40280064020,40280064025,5,1995,1102
40282618575,40282618583,8,1871,974
40283031725,40283031743,18,1786,1309
40283285959,40283285961,2,1729,2038
40283649234,40283649241,7,3231,1269
40287386985,40287386987,2,2233,1147
40289928327,40289928330,3,1462,1381
40293099827,40293099829,2,1671,1136
40295270854,40295270860,6,2642,1628
40297302577,40297302581,4,1334,928
40298882610,40298882614,4,1382,917
40300026056,40300026062,6,1815,1575
40304244567,40304244570,3,1648,1152
40305241971,40305241978,7,1785,1068
40309095175,40309095183,8,3865,1856
40309615639,40309615641,2,1771,1828
40313493893,40313493898,5,15394,8480
40314909708,40314909711,3,1358,1284
40316201961,40316201957,-4,22217,15528
40319956167,40319956174,7,13120,5765
40323467334,40323467338,4,2278,1434
40325881619,40325881623,4,1917,1035
40326569422,40326569426,4,2075,1425
40332899197,40332899202,5,1368,1280
40340077225,40340077230,5,1427,1302
40341352770,40341352774,4,2707,1224
40341756078,40341756080,2,1685,1732
40342541474,40342541478,4,2188,1718
40344657039,40344657045,6,1250,673
40347080917,40347080914,-3,1175,1770
40347414347,40347414351,4,1720,1818
40347565267,40347565270,3,1693,1382
40349344401,40349344405,4,45707,52229
40350423578,40350423582,4,1640,1105
40351432087,40351432066,-21,1360,1121
40354295877,40354295881,4,1783,1514
40355405462,40355405468,6,2320,1607
40359640709,40359640715,6,2031,2085
40361397312,40361397314,2,2003,1436
40363153242,40363153246,4,2000,1637
40363763693,40363763699,6,2016,845
40364818256,40364818259,3,1985,1054
40365570369,40365570378,9,2075,1226
40368938463,40368938467,4,1980,909
40371324238,40371324242,4,1154,1091
40374106535,40374106528,-7,870,380
40377330784,40377330789,5,2455,1464
40377868135,40377868139,4,1783,1331
40379924902,40379924906,4,2083,1468
40387366326,40387366331,5,1370,1217
40389987629,40389987633,4,2478,1478
40391864569,40391864574,5,2912,1285
40393587860,40393587861,1,1510,1426
40394081663,40394081667,4,2143,1267
40395064835,40395064835,0,775,862
40396901603,40396901610,7,2429,1420
40398405953,40398405955,2,3545,3054
40399523486,40399523490,4,1597,999
40402189812,40402189814,2,1561,1338
40402320365,40402320369,4,1940,1621
40403645452,40403645457,5,1932,1379
40406282985,40406282986,1,2194,2136
40411629082,40411629085,3,1781,1405
40419729535,40419729538,3,1575,1423
40420417877,40420417882,5,1554,1380
40421996190,40421996198,8,3049,1435
40426457710,40426457715,5,1490,925
40427186205,40427186207,2,1695,1306
40428848028,40428848032,4,2318,1654
40430183991,40430183994,3,1980,1580
40430954197,40430954202,5,1966,1159
40431403341,40431403346,5,1903,1297
40432313726,40432313731,5,1861,1685
40434238334,40434238334,0,1314,1609
40435767749,40435767754,5,2383,1386
40436369341,40436369346,5,1526,1226
40436761501,40436761504,3,2145,1425
40443261373,40443261378,5,1645,1230
40444636898,40444636902,4,2039,1861
40447305139,40447305143,4,3590,1525
40448625826,40448625829,3,1601,1885
40449735344,40449735347,3,1019,840
40457819818,40457819821,3,2021,1043
40458063179,40458063173,-6,860,2824
40459045489,40459045493,4,2468,1417
40462738542,40462738547,5,972,701
40464430134,40464430139,5,2085,1287
40465006299,40465006302,3,5253,19197
40467795034,40467795037,3,27793,26344
40468456950,40468456953,3,2470,1596
40473071626,40473071630,4,1923,1481
40473296786,40473296790,4,1928,1652
40473789317,40473789321,4,1803,1526
40474866906,40474866886,-20,1396,726
40476918235,40476918242,7,2006,1231
40477034422,40477034425,3,2106,1014
40478333002,40478333003,1,1432,1310
40481385730,40481385734,4,1696,1160
40483798123,40483798126,3,1685,1364
40485748464,40485748467,3,787,747
40488912398,40488912402,4,1747,1262
40489998630,40489998615,-15,1786,1224
40490685858,40490685862,4,1474,1292
40495447259,40495447262,3,1580,1268
40497552241,40497552248,7,1568,1154
40502019040,40502019046,6,2797,1421
40502248045,40502248029,-16,941,395
40506432646,40506432650,4,2568,1594
40506823565,40506823570,5,1843,1066
40507144818,40507144822,4,2901,2348
40509689455,40509689459,4,2802,1887
40511042437,40511042441,4,2796,2010
40511853950,40511853956,6,3028,1103
40512044474,40512044478,4,2100,2130
40515758845,40515758851,6,2237,917
40520951280,40520951283,3,1370,999
40522914777,40522914780,3,1403,1301
40523294891,40523294869,-22,3085,2054
40523481527,40523481530,3,1913,825
40527594316,40527594316,0,36521,22020
40527701095,40527701098,3,1751,1122
40528439095,40528439098,3,1673,1015
40532202490,40532202495,5,1145,527
40535008079,40535008084,5,1756,1288
40535873642,40535873646,4,1995,1413
40536372517,40536372516,-1,2105,3241
40538876935,40538876942,7,2079,1420
40543713562,40543713567,5,1592,1519
40545263386,40545263386,0,1205,1412
40546880198,40546880201,3,1531,1427
40547333550,40547333556,6,2871,1351
40550256809,40550256814,5,2010,1436
40556302897,40556302898,1,1364,1013
40558198569,40558198573,4,2678,2095
40558731766,40558731773,7,3221,1504
40560052387,40560052391,4,1913,1534
40562945174,40562945181,7,2303,1374
40570451162,40570451166,4,1482,1153
40571445365,40571445370,5,1697,1621
40571554651,40571554655,4,2029,1093
40580081820,40580081821,1,1291,1228
40580820410,40580820414,4,897,1211
40587038289,40587038294,5,2623,1123
40588806766,40588806769,3,2192,1308
40592236286,40592236291,5,1829,1098
40596097244,40596097249,5,5566,3717
40597836427,40597836427,0,1217,1716
40599633574,40599633577,3,1287,744
40601245326,40601245331,5,2705,1938
40604341486,40604341490,4,1891,1220
40604981119,40604981123,4,1898,1340
40610327956,40610327959,3,1986,1350
40614469495,40614469499,4,1579,1180
40617214785,40617214789,4,2008,1799
40618211054,40618211057,3,1151,989
40620875436,40620875442,6,5515,2349
40622169707,40622169711,4,2440,1426
40623253961,40623253965,4,1311,1444
40625037136,40625037140,4,1768,1227
40626146788,40626146805,17,1739,1441
40626363476,40626363481,5,2245,1284
40627549877,40627549880,3,2221,1683
40631035646,40631035650,4,1051,803
40632390994,40632390997,3,939,1040
40633243674,40633243679,5,2289,1325
40640428537,40640428546,9,2189,1460
40642021018,40642021023,5,1530,1035
40644380546,40644380550,4,1982,1788
40651793823,40651793826,3,2115,1545
40652452620,40652452624,4,1312,1176
40656324940,40656324944,4,1668,1033
40659911567,40659911563,-4,929,2355
40660041375,40660041377,2,994,1249
40664649269,40664649274,5,2112,1572
40666890302,40666890299,-3,1234,3163
40668293077,40668293080,3,2145,1364
40671173119,40671173126,7,2559,1681
40674399329,40674399336,7,10873,36344
40676341898,40676341904,6,1887,1195
40676954646,40676954650,4,1898,1303
40678117569,40678117573,4,1442,857
40679083495,40679083500,5,1989,1421
40680311963,40680311967,4,2264,1125
40680663995,40680663973,-22,540,70
40682168586,40682168591,5,1860,1190
40682510790,40682510794,4,1475,1291
40685415743,40685415746,3,2189,1511
40685772058,40685772056,-2,1558,3118
40688097446,40688097451,5,4174,3156
40690811987,40690811990,3,1700,1550
40690851486,40690851489,3,1941,1406
40695988658,40695988662,4,1695,1176
40698217914,40698217916,2,1471,951
40698836246,40698836230,-16,4465,2078
40702804524,40702804529,5,216,1556
40705629898,40705629903,5,1660,1336
40706992398,40706992403,5,1458,1451
40707068999,40707069002,3,2847,1445
40711187103,40711187107,4,1816,1346
40712569787,40712569792,5,2649,1683
40714668197,40714668196,-1,1289,1548
40720996838,40720996842,4,1825,1487
40726328349,40726328350,1,1492,1475
40727800250,40727800256,6,2099,1285
40732374621,40732374626,5,1676,1237
40734766466,40734766471,5,1883,1338
40738919854,40738919860,6,1675,1048
40738983169,40738983149,-20,2083,1131
40742210298,40742210303,5,1721,1022
40743069467,40743069474,7,2775,1223
40746875673,40746875677,4,1776,1016
40747763615,40747763617,2,7583,7965
40754867353,40754867358,5,2475,1565
40757173057,40757173063,6,1764,1585
40757867974,40757867977,3,1610,984
40759909761,40759909775,14,1728,1353
40760271585,40760271589,4,1907,1160
40762753602,40762753606,4,2210,983
40765567828,40765567831,3,1929,1216
40767234185,40767234187,2,1839,994
40768335436,40768335442,6,2103,1522
40769175705,40769175701,-4,25569,15329
40770290449,40770290454,5,1664,1387
40772656202,40772656205,3,2149,1234
40775063253,40775063235,-18,1800,973
40778662712,40778662716,4,2032,1412
40778963981,40778963988,7,1318,1067
40779669778,40779669780,2,2440,1557
40781546787,40781546791,4,2115,1509
40791596515,40791596518,3,1742,1198
40792835546,40792835551,5,1492,1299
40795419178,40795419182,4,1850,1248
40797587479,40797587484,5,1989,1590
40801220702,40801220697,-5,786,2316
40805116970,40805116971,1,2841,2010
40807553949,40807553953,4,2570,1457
40810470229,40810470234,5,2047,926
40820331590,40820331591,1,2108,1258
40821326653,40821326655,2,1611,1400
40822649471,40822649475,4,2283,1442
40828414034,40828414036,2,1512,23565
40829121312,40829121314,2,1562,1245
40834434216,40834434223,7,2721,1057
40839250137,40839250140,3,2099,1121
40842228104,40842228101,-3,1293,2363
40845147148,40845147151,3,1859,1380
40850564739,40850564742,3,1464,1171
40851057068,40851057072,4,1831,1588
40851558646,40851558649,3,1290,882
40852119044,40852119047,3,1338,1530
40857760471,40857760475,4,1962,1431
40858956964,40858956968,4,1969,1466
40859796937,40859796943,6,1900,1126
40860016552,40860016554,2,1941,732
40862308236,40862308240,4,2639,1872
40865392695,40865392700,5,1918,1423
40865590887,40865590891,4,2292,1530
40865796356,40865796359,3,1114,951
40868309059,40868309061,2,1294,941
40871226947,40871226951,4,1402,913
40872528366,40872528370,4,1339,805
40876911714,40876911717,3,2078,1298
40878601258,40878601263,5,1882,1291
40882673222,40882673226,4,2145,1160
40888539358,40888539363,5,1722,1424
40888967679,40888967686,7,3735,1371
40891397096,40891397101,5,2864,1988
40892348238,40892348243,5,915,691
40898040261,40898040266,5,1561,1432
40898483208,40898483214,6,2368,1253
40899063842,40899063846,4,1751,1339
40900123715,40900123715,0,740,1102
40903654880,40903654883,3,2050,1603
40905519286,40905519294,8,2691,1537
40906558966,40906558967,1,1695,1321
40913709477,40913709479,2,1537,1101
40915833152,40915833158,6,239,1023
40918422389,40918422391,2,1710,1314
40918562993,40918563008,15,483,2140
40921479705,40921479710,5,1626,1138
40923055089,40923055091,2,1970,1045
40925108029,40925108034,5,2105,1513
40926197492,40926197495,3,1970,1630
40928238820,40928238825,5,2763,1590
40929730004,40929730007,3,1237,795
40932003831,40932003835,4,2591,1398
40935442055,40935442059,4,2221,1022
40936457085,40936457091,6,1888,1006
40936863770,40936863774,4,2411,1271
40938652783,40938652786,3,2647,1528
40940119985,40940119988,3,1859,1686
40941478867,40941478874,7,5298,2177
40941921103,40941921106,3,1933,2132
40942702526,40942702531,5,1078,1169
40942953803,40942953781,-22,2368,1319
40943375884,40943375887,3,1683,700
40944230270,40944230262,-8,644,229
40950665030,40950665035,5,1887,1408
40951351492,40951351478,-14,1353,2615
40952164494,40952164496,2,1316,1086
40953645518,40953645524,6,1502,1478
40957408827,40957408827,0,955,1239
40962814321,40962814314,-7,1230,3934
40962953117,40962953137,20,2404,1184
40966556314,40966556319,5,2291,1666
40973804063,40973804067,4,1985,962
40975939498,40975939501,3,1948,1266
40976078453,40976078455,2,1393,1949
40977553471,40977553474,3,2454,1623
40982966470,40982966477,7,2577,1444
40984649036,40984649041,5,1923,1126
40986963357,40986963363,6,1834,1178
40989445629,40989445634,5,2269,1669
40989648295,40989648299,4,1860,991
40989942620,40989942625,5,2408,1886
40993553498,40993553502,4,2348,1491
40995059775,40995059780,5,2274,1884
41001389854,41001389860,6,2686,1564
41006176102,41006176106,4,14570,9094
41009569364,41009569367,3,1717,1044
41011388387,41011388388,1,1524,1326
41012009986,41012009982,-4,953,3603
41012634842,41012634847,5,2877,1937
41013272699,41013272704,5,1890,1213
41018701911,41018701914,3,1937,1567
41020056740,41020056743,3,1446,1378
41020358414,41020358418,4,2334,1661
41023385364,41023385368,4,1578,1264
41024593473,41024593477,4,2813,1576
41025225210,41025225216,6,1223,1416
41025756899,41025756885,-14,553,269
41027173670,41027173675,5,1731,1303
41028125982,41028125966,-16,1075,736
41030108185,41030108191,6,2560,1969
41030913168,41030913173,5,2020,1365
41031096450,41031096454,4,1880,1385
41041545013,41041545017,4,2301,1207
41044400130,41044400115,-15,1458,1075
41047353979,41047353984,5,2443,1742
41048816930,41048816935,5,1279,1305
41049391872,41049391852,-20,2034,1909
41050946953,41050946957,4,2590,980
41052821567,41052821571,4,1502,1036
41056101325,41056101329,4,1383,1240
41056570950,41056570936,-14,1690,1207
41057214001,41057214007,6,1708,1241
41058610354,41058610358,4,1867,1348
41059034981,41059034985,4,1695,1260
41060642125,41060642128,3,3053,1375
41062857505,41062857511,6,2055,1341
41065350822,41065350826,4,1610,639
41066599677,41066599661,-16,2741,1549
41068956006,41068956008,2,1106,912
41069565525,41069565519,-6,736,2579
41069766590,41069766595,5,1887,1081
41071317950,41071317953,3,1671,1262
41071976159,41071976164,5,2342,1121
41072325506,41072325487,-19,1660,1188
41073160770,41073160775,5,2570,1189
41075869943,41075869946,3,2110,1167
41077202374,41077202378,4,1642,996
41079372204,41079372207,3,2468,1333
41080628218,41080628223,5,1814,1137
41081612377,41081612382,5,2576,1333
41083043157,41083043162,5,1839,1035
41088256193,41088256199,6,2035,1242
41091561986,41091561990,4,2520,1220
41091784921,41091784924,3,1977,1160
41092478247,41092478250,3,937,1321
41092897176,41092897182,6,4956,2038
41094042703,41094042710,7,1531,1249
41096442343,41096442345,2,1368,1237
41097828010,41097828015,5,2576,2024
41099555467,41099555472,5,2396,1485
41105025169,41105025174,5,2118,1911
41106289138,41106289143,5,1459,951
41108214034,41108214039,5,2492,1363
41108491809,41108491815,6,1787,1136
41113934929,41113934933,4,2030,1316
41114462218,41114462225,7,2116,1289
41115690138,41115690139,1,1007,1730
41118078449,41118078454,5,2008,1139
41119741787,41119741783,-4,1249,1841
41124976145,41124976150,5,2250,1352
41128281974,41128281978,4,2236,1507
41129215034,41129215039,5,2282,1014
41129580817,41129580819,2,2140,1313
41136706369,41136706375,6,2325,1430
41137196217,41137196223,6,2010,1444
41138712437,41138712440,3,1397,1228
41140457126,41140457130,4,2293,1226
41142507213,41142507214,1,1598,1642
41145121023,41145121025,2,1907,1481
41145948722,41145948727,5,2247,1361
41146806290,41146806294,4,1556,1119
41150636706,41150636709,3,2099,1664
41150727373,41150727378,5,2395,2335
41151684697,41151684699,2,1670,1632
41152640326,41152640330,4,2332,1553
41153820910,41153820913,3,1883,1080
41164238250,41164238255,5,1727,1251
41164839218,41164839222,4,1808,1483
41165558483,41165558486,3,2113,1539
41166307139,41166307143,4,1843,1294
41168198133,41168198125,-8,332,576
41170129950,41170129957,7,2182,1815
41170216866,41170216870,4,1695,943
41170461473,41170461474,1,1674,1122
41174548122,41174548127,5,2589,1471
41177664948,41177664954,6,1849,1307
41182307440,41182307443,3,1765,1269
41182469555,41182469560,5,1503,1390
41185157171,41185157149,-22,2539,2736
41185295682,41185295686,4,1857,1594
41191552837,41191552841,4,2291,1551
41195451802,41195451805,3,1522,1371
41198850002,41198850011,9,10527,27305
41199541775,41199541781,6,1320,1015
41199955595,41199955601,6,1889,1037
41201296831,41201296835,4,1811,1467
41207981762,41207981766,4,1893,1177
41208114066,41208114078,12,1802,1473
41212433953,41212433957,4,2023,1198
41213316718,41213316722,4,1807,1067
41214201982,41214201985,3,1873,1458
41222134477,41222134479,2,2583,1183
41224753605,41224753609,4,1229,1555
41225182117,41225182122,5,1949,1347
41225239979,41225239983,4,1512,1101
41225829637,41225829642,5,3653,1467
41227133954,41227133953,-1,1553,2345
41228356175,41228356178,3,1446,1204
41228502581,41228502599,18,2307,1648
41229769128,41229769134,6,1835,959
41230391866,41230391870,4,2217,1692
41230419245,41230419254,9,1209,850
41230937042,41230937045,3,2021,1259
41234251690,41234251695,5,1114,973
41235895191,41235895195,4,1649,1155
41237062886,41237062889,3,1755,1463
41238343232,41238343236,4,2055,1032
41243092280,41243092283,3,877,1002
41243754865,41243754870,5,1784,1700
41245716666,41245716666,0,794,1187
41246415240,41246415247,7,1671,1010
41249032957,41249032961,4,2454,1834
41249922169,41249922175,6,2164,1356
41250754511,41250754514,3,1590,997
41252611823,41252611830,7,1865,972
41253096124,41253096130,6,2382,1733
41254905957,41254905963,6,3468,1366
41256177921,41256177925,4,3152,1528
41260920702,41260920703,1,1272,1043
41262768934,41262768937,3,2242,1404
41263585013,41263585017,4,2156,1458
41264532577,41264532582,5,2598,2114
41267281707,41267281711,4,1900,1586
41273053321,41273053323,2,1754,1465
41274482405,41274482410,5,2184,1264
41279378798,41279378806,8,2189,1431
41279997662,41279997665,3,1588,814
41284534154,41284534163,9,5626,2453
41285013201,41285013203,2,698,648
41285242302,41285242301,-1,1487,2209
41285632427,41285632430,3,3770,1629
41288397460,41288397465,5,1721,1399
41304294337,41304294341,4,1718,1501
41307305956,41307305962,6,2055,1220
41308362969,41308362974,5,2465,1189
41308647446,41308647449,3,2215,1387
41309564761,41309564765,4,2243,1331
41311060930,41311060934,4,1874,1145
41312848896,41312848895,-1,1685,2312
41313997477,41313997482,5,1593,1658
41314340626,41314340607,-19,2053,996
41320306558,41320306561,3,2129,1368
41321682090,41321682094,4,1890,1465
41324423771,41324423780,9,13350,26668
41330215267,41330215270,3,1056,1061
41331047010,41331047017,7,1577,1133
41331523999,41331524015,16,1237,1300
41332350341,41332350346,5,1603,1130
41333794682,41333794687,5,1184,906
41334252266,41334252270,4,1435,1415
41339117878,41339117885,7,1966,1538
41339330043,41339330047,4,1715,1131
41342018629,41342018632,3,1880,1580
41342239202,41342239207,5,1203,1000
41342312566,41342312570,4,1555,1564
41343400680,41343400702,22,651,320
41343914057,41343914062,5,2840,1539
41344615589,41344615593,4,1500,1036
41346582073,41346582077,4,2566,1924
41348283737,41348283742,5,1745,1951
41354241303,41354241309,6,1968,1027
41354331837,41354331840,3,2360,1821
41354533428,41354533430,2,3450,2594
41354680298,41354680302,4,2951,1773
41354719508,41354719512,4,1565,1138
41356968418,41356968422,4,1951,1548
41363796345,41363796350,5,2333,1084
41366959923,41366959930,7,2407,1280
41367749136,41367749139,3,1931,1263
41368781048,41368781052,4,2943,2033
41369578678,41369578690,12,17347,31436
41371427035,41371427039,4,1981,1294
41373446651,41373446655,4,2338,1478
41376500222,41376500226,4,1990,1201
41377112673,41377112678,5,1212,645
41377979055,41377979056,1,1310,1210
41383556546,41383556551,5,2452,1738
41386963950,41386963955,5,2316,1392
41388020005,41388020008,3,2383,1460
41391249938,41391249941,3,2222,1387
41393240530,41393240534,4,2523,1483
41393828416,41393828419,3,2465,1877
41394556757,41394556740,-17,3415,1942
41396107334,41396107339,5,2010,1132
41399778006,41399778011,5,1952,952
41401308589,41401308592,3,3503,1365
41403663773,41403663777,4,2500,1644
41404447800,41404447797,-3,19675,49753
41408330108,41408330113,5,2613,1263
41408711285,41408711291,6,2041,852
41411412412,41411412418,6,1454,1104
41413683245,41413683251,6,2254,974
41413729066,41413729071,5,1783,1237
41414240754,41414240757,3,1924,2069
41414846314,41414846318,4,1494,854
41414957800,41414957804,4,1616,1467
41415973361,41415973366,5,2084,1285
41418044634,41418044632,-2,1461,2673
41426986001,41426986003,2,1657,1373
41427369735,41427369743,8,2739,1222
41427488088,41427488091,3,1754,1067
41430332822,41430332826,4,1955,1070
41431029562,41431029567,5,1907,1209
41440066730,41440066733,3,1496,1149
41443509675,41443509680,5,2246,1352
41445860692,41445860694,2,1379,1213
41448963210,41448963214,4,1514,1056
41450779057,41450779058,1,747,548
41451094035,41451094038,3,1299,844
41455391810,41455391816,6,2061,1410
41458980077,41458980081,4,1980,1094
41464910477,41464910490,13,125,2032
41468386378,41468386382,4,2512,1588
41472594518,41472594522,4,1927,1344
41472736795,41472736799,4,1391,750
41477183579,41477183582,3,1521,1254
41477500641,41477500645,4,2519,2138
41480943419,41480943413,-6,2122,7110
41481082290,41481082296,6,3148,1252
41483260449,41483260450,1,1086,879
41488860767,41488860771,4,1693,1118
41489133543,41489133525,-18,964,236
41492191095,41492191113,18,2717,1151
41493488413,41493488416,3,1505,1329
41494315045,41494315050,5,1763,1088
41494757914,41494757918,4,1296,934
41496641673,41496641678,5,1780,842
41497718388,41497718393,5,1680,992
41499224998,41499225001,3,1970,906
41500153005,41500153008,3,2924,1758
41500197043,41500197047,4,1750,1293
41501710620,41501710625,5,1235,1168
41501812559,41501812563,4,1247,1060
41503155410,41503155409,-1,1155,1746
41506952627,41506952629,2,3118,3343
41509786551,41509786555,4,2292,1728
41510582615,41510582621,6,2253,1306
41514264153,41514264159,6,1651,1135
41515463967,41515463970,3,2664,1563
41520420381,41520420387,6,2148,1264
41520464037,41520464042,5,2038,1095
41524758887,41524758890,3,2558,1558
41526793313,41526793318,5,1414,1129
41527087575,41527087559,-16,1667,883
41527326320,41527326301,-19,1547,1211
41528262285,41528262289,4,3129,2497
41528717258,41528717261,3,2456,1396
41531492822,41531492825,3,1988,1250
41533524514,41533524518,4,2767,1598
41534201780,41534201783,3,7619,5480
41539981559,41539981559,0,1063,1335
41541550577,41541550582,5,1766,1290
41543386151,41543386154,3,2076,1333
41545820844,41545820847,3,1979,1083
41545954722,41545954723,1,1566,1396
41552378697,41552378703,6,2071,839
41557371733,41557371735,2,1705,1766
41559664394,41559664394,0,1662,2570
41561737769,41561737772,3,1368,934
41562517388,41562517394,6,1590,841
41562917510,41562917493,-17,788,476
41565929894,41565929898,4,1510,1137
41567523189,41567523197,8,5435,924
41568812587,41568812591,4,1472,1148
41570713014,41570713020,6,1858,1013
41571932826,41571932831,5,2116,1341
41572709511,41572709515,4,2617,1785
41572978398,41572978401,3,1310,658
41573818788,41573818790,2,1293,795
41574292148,41574292153,5,1603,1016
41576904524,41576904529,5,2322,1132
41578661995,41578661995,0,1090,1121
41579576622,41579576628,6,1626,1493
41580982290,41580982289,-1,687,1695
41582131976,41582131971,-5,1109,3964
41585388282,41585388283,1,1940,1322
41585717042,41585717045,3,2339,1108
41585744478,41585744482,4,1771,1360
41587701963,41587701966,3,1739,895
41587930185,41587930183,-2,796,1284
41592258670,41592258655,-15,1160,275
41593376202,41593376206,4,1981,1345
41594121066,41594121048,-18,2493,787
41595469249,41595469254,5,2347,1107
41600384017,41600384021,4,2218,1622
41605871468,41605871461,-7,1906,9027
41606653418,41606653422,4,1981,1855
41610405921,41610405926,5,2659,1529
41611986705,41611986710,5,1905,1300
41614692693,41614692698,5,2273,1757
41617316296,41617316302,6,2260,1601
41620596747,41620596750,3,2551,1678
41627291898,41627291902,4,2208,715
41628211046,41628211032,-14,2155,1557
41628529860,41628529866,6,1738,973
41629593626,41629593631,5,1431,847
41629874026,41629874024,-2,1144,207
41633977229,41633977234,5,2240,1377
41635187307,41635187286,-21,2293,1240
41639255090,41639255093,3,2259,1337
41640376417,41640376397,-20,2365,1282
41640949090,41640949095,5,1891,632
41643340476,41643340479,3,1527,1081
41643814462,41643814466,4,2053,1403
41644424430,41644424434,4,2405,1403
41645176754,41645176757,3,1988,1136
41648752612,41648752614,2,2221,1081
41651641970,41651641974,4,2076,1240
41652510195,41652510198,3,1311,1121
41653407513,41653407513,0,1540,2073
41654010789,41654010791,2,1506,901
41655508598,41655508593,-5,1577,3927
41655700133,41655700134,1,1584,1480
41662668190,41662668195,5,1646,986
41667178894,41667178898,4,2080,1627
41667547757,41667547762,5,2684,1596
41667998814,41667998821,7,3084,1282
41676354389,41676354394,5,1774,1505
41676668394,41676668399,5,1089,883
41678436666,41678436671,5,2164,1310
41680387879,41680387883,4,2060,1405
41680525446,41680525445,-1,2088,1905
41684271251,41684271255,4,1953,1437
41685610661,41685610666,5,2537,1350
41686251552,41686251554,2,1948,1306
41688554030,41688554035,5,2347,1012
41691450915,41691450920,5,1747,1744
41694527685,41694527688,3,1952,1116
41696760954,41696760958,4,1717,1409
41699240914,41699240919,5,1795,1230
41699560907,41699560912,5,1720,1109
41700871355,41700871340,-15,1243,825
41701155256,41701155262,6,1807,1010
41702902549,41702902553,4,1652,1580
41703846438,41703846444,6,1506,1009
41714701229,41714701233,4,2699,2016
41714812134,41714812139,5,2518,1468
41718116923,41718116929,6,1795,1322
41723906690,41723906695,5,1208,1098
41724018073,41724018078,5,2200,1055
41726935413,41726935417,4,1774,1135
41729656188,41729656190,2,2004,1504
41730932658,41730932665,7,3399,980
41731219021,41731219007,-14,1601,744
41733729405,41733729409,4,1900,1377
41735177558,41735177561,3,1711,1395
41737472885,41737472888,3,1592,1018
41738465672,41738465677,5,2645,1486
41740804817,41740804816,-1,1607,2775
41743598714,41743598693,-21,2370,1395
41744043302,41744043316,14,501,747
41749740013,41749740021,8,1908,1078
41749818931,41749818936,5,2768,1553
41749962722,41749962717,-5,31458,14088
41750080821,41750080826,5,2538,1837
41750218190,41750218192,2,2056,1254
41768047084,41768047086,2,2322,1294
41768894690,41768894695,5,1810,1274
41771022090,41771022094,4,882,824
41772975654,41772975657,3,1706,1316
41781160786,41781160791,5,2344,1289
41781446019,41781446023,4,1382,1167
41783210687,41783210690,3,1448,1554
41784102542,41784102544,2,970,890
41784727834,41784727837,3,1866,1350
41785649953,41785649956,3,1316,1009
41786765824,41786765826,2,1994,1378
41788203467,41788203468,1,2232,1987
41793578716,41793578719,3,2402,1636
41793685629,41793685633,4,2497,1925
41796112803,41796112796,-7,1584,10219
41797271821,41797271825,4,1913,1260
41797538998,41797538998,0,893,2031
41798078123,41798078130,7,1916,1316
41800530522,41800530522,0,1411,2223
41800593392,41800593397,5,1546,1182
41804435415,41804435419,4,2602,1296
41805716077,41805716080,3,1795,1269
41806652674,41806652679,5,2179,1221
41808459373,41808459377,4,1835,1392
41811161085,41811161090,5,2247,1379
41816560533,41816560534,1,1855,1574
41817573070,41817573076,6,827,852
41821645552,41821645557,5,1943,1341
41822275537,41822275541,4,1517,947
41825187954,41825187955,1,2377,1181
41827486923,41827486927,4,1191,1170
41829944480,41829944483,3,2382,1306
41832773250,41832773254,4,2017,1413
41833367831,41833367836,5,1491,1121
41837221312,41837221318,6,1970,1379
41842986750,41842986753,3,2216,1676
41847758694,41847758706,12,379,1423
41848723050,41848723055,5,2647,1188
41849380839,41849380843,4,1742,1229
41851244883,41851244886,3,1203,1004
41853010370,41853010374,4,1749,1358
41854253466,41854253471,5,2087,1315
41863996018,41863996022,4,2149,1608
41866067974,41866067978,4,2296,1411
41868165387,41868165391,4,2051,1386
41868340578,41868340582,4,1777,1095
41870323781,41870323785,4,2133,1342
41871212882,41871212885,3,2027,1611
41874289649,41874289650,1,1401,1714
41878270911,41878270914,3,1671,1149
41878393994,41878394006,12,1995,1181
41879876870,41879876875,5,1622,850
41881757089,41881757077,-12,627,219
41884150010,41884150005,-5,720,1815
41886790206,41886790210,4,2506,1626
41888752801,41888752803,2,2401,2221
41889219572,41889219552,-20,1169,1313
41892180594,41892180604,10,14823,22875
41895596165,41895596170,5,2182,1297
41897067740,41897067743,3,1599,1403
41901263562,41901263567,5,1573,1080
41905023002,41905023006,4,2399,1584
41910253083,41910253085,2,1500,1625
41914449901,41914449904,3,2261,1369
41919216722,41919216725,3,1776,1522
41919405026,41919405004,-22,2506,1109
41920325966,41920325969,3,1959,1680
41921860229,41921860237,8,1997,1234
41922076141,41922076147,6,1399,905
41922416286,41922416287,1,1473,2160
41922842018,41922842022,4,1763,975
41925467150,41925467154,4,1247,1148
41926161657,41926161660,3,1135,1213
41927782003,41927782009,6,38406,17494
41927947822,41927947826,4,1841,1351
41929071574,41929071577,3,1332,1470
41932580724,41932580728,4,2859,1927
41933239106,41933239110,4,2488,1507
41933282806,41933282806,0,1061,1496
41934283974,41934283976,2,2045,1649
41936581384,41936581388,4,2168,1368
41942988625,41942988619,-6,1208,4388
41943716537,41943716541,4,2802,1890
41944187946,41944187950,4,1203,1416
41944693421,41944693423,2,1512,1311
41947943270,41947943274,4,1959,1146
41950746349,41950746352,3,2028,1391
41952211421,41952211423,2,2651,2060
41955298840,41955298838,-2,1502,4498
41956881316,41956881319,3,2620,1665
41958099627,41958099631,4,2170,1722
41962299060,41962299069,9,1736,1012
41963132887,41963132891,4,2279,1315
41968000265,41968000270,5,2055,1186
41968784228,41968784230,2,1957,1863
41973954417,41973954422,5,965,779
41974522487,41974522501,14,2236,1507
41976169371,41976169375,4,2049,1524
41977536610,41977536614,4,2437,1273
41979244270,41979244273,3,1266,1075
41979836038,41979836044,6,2011,1294
41980708462,41980708466,4,2372,1921
41985634434,41985634441,7,3352,1235
41986130913,41986130917,4,2436,1219
41991084166,41991084166,0,1747,1948
41991764462,41991764467,5,2597,1795
41991894258,41991894258,0,1574,2102
41992672801,41992672806,5,1637,1102
41994073533,41994073517,-16,2207,1053
41999632570,41999632574,4,1635,863
42001937624,42001937629,5,2558,1733
42009576237,42009576240,3,2558,1487
42010319076,42010319062,-14,866,280
42010711132,42010711128,-4,1295,3139
42014803692,42014803697,5,2254,1038
42015542801,42015542823,22,1505,1347
42020595170,42020595164,-6,1091,3809
42021153978,42021153982,4,2156,1588
42025996798,42025996801,3,2827,1627
42030954649,42030954653,4,2091,1230
42035509509,42035509512,3,1725,26050
42035737998,42035738003,5,2872,1637
42037681435,42037681436,1,29508,33014
42038435418,42038435422,4,1512,828
42039920399,42039920402,3,1512,1364
42040003938,42040003941,3,1859,1374
42044009365,42044009358,-7,820,5608
42044153622,42044153627,5,1612,1384
42044317822,42044317804,-18,3040,1365
42044677382,42044677388,6,2354,1842
42046957458,42046957465,7,1258,941
42053982881,42053982888,7,3873,1246
42054887634,42054887634,0,1087,1775
42055316633,42055316639,6,2002,1113
42056848318,42056848322,4,1768,1477
42057377106,42057377111,5,1446,987
42058756351,42058756357,6,2421,1326
42063020662,42063020667,5,1586,958
42064946548,42064946551,3,1497,1301
42071841000,42071841002,2,1460,1423
42074244765,42074244772,7,3507,1420
42079836148,42079836150,2,2052,1778
42080267823,42080267815,-8,819,2391
42082044622,42082044627,5,2682,1523
42083823712,42083823713,1,1526,2030
42086460877,42086460882,5,2560,1367
42089657753,42089657757,4,1833,1217
42092253946,42092253951,5,1467,1340
42094446475,42094446479,4,2067,812
42097605327,42097605331,4,1752,1495
42103353946,42103353951,5,4386,3189
42110803539,42110803545,6,2567,1106
42118045587,42118045591,4,1513,947
42119969861,42119969866,5,1478,700
42123947526,42123947528,2,1515,1411
42126626939,42126626943,4,1966,1300
42127667042,42127667046,4,2092,1842
42129377454,42129377455,1,1225,1626
42133869501,42133869505,4,3009,1549
42138038073,42138038077,4,1500,1243
42139729672,42139729675,3,1924,1384
42142174378,42142174382,4,1675,1274
42146468088,42146468085,-3,965,2740
42149796842,42149796846,4,1207,1283
42152025618,42152025623,5,2335,1087
42153775893,42153775897,4,1976,1210
42155359604,42155359608,4,2478,1219
42156499050,42156499054,4,2366,1620
42156830249,42156830254,5,1572,908
42157336858,42157336863,5,1507,788
42160078734,42160078737,3,1636,1177
42161015704,42161015705,1,1930,1899
42163432803,42163432810,7,2573,1019
42164007407,42164007409,2,2240,1313
42168719699,42168719703,4,2067,1346
42171157513,42171157516,3,1768,1154
42172868862,42172868861,-1,786,723
42174638576,42174638581,5,2599,1360
42174734653,42174734656,3,1572,1216
42179450043,42179450049,6,1932,1303
42188208270,42188208275,5,1359,1035
42189773746,42189773750,4,1624,640
42196783177,42196783181,4,1635,1015
42199465793,42199465797,4,2227,1350
42200304122,42200304125,3,1624,977
42203303278,42203303283,5,1840,1175
42203436569,42203436574,5,1343,1109
42205425540,42205425546,6,1499,1056
42205654156,42205654160,4,1691,1217
42207938798,42207938803,5,1661,1083
42214089089,42214089094,5,2231,1069
42218336505,42218336508,3,2158,1403
42227418393,42227418398,5,2006,1330
42227722110,42227722113,3,1037,894
42228401000,42228400999,-1,3113,3826
42231271586,42231271590,4,1430,952
42231976379,42231976382,3,2449,1577
42232341399,42232341404,5,2400,1526
42234373081,42234373084,3,1818,1616
42240979214,42240979219,5,2245,1895
42241564264,42241564268,4,4737,2434
42242442738,42242442742,4,1266,1117
42244397690,42244397693,3,2091,1657
42250096073,42250096078,5,1649,612
42251740718,42251740720,2,2687,1650
42252079003,42252079006,3,2643,1477
42256852641,42256852643,2,1256,1301
42259425482,42259425483,1,1865,1793
42260297346,42260297346,0,1005,1057
42261026530,42261026534,4,2942,1228
42263636065,42263636071,6,2344,1184
42265161606,42265161609,3,2390,1572
42265187552,42265187558,6,2396,1324
42272200142,42272200147,5,2604,1503
42275296931,42275296936,5,2548,1183
42277004944,42277004924,-20,955,597
42278785638,42278785643,5,1654,1171
42280232007,42280232006,-1,2011,2308
42282742626,42282742631,5,2080,1276
42284571953,42284571958,5,1847,1120
42284765814,42284765822,8,6990,1338
42288714504,42288714508,4,2273,1708
42295342741,42295342741,0,1490,1415
42296576120,42296576126,6,2893,1150
42299588694,42299588697,3,1869,1660
42301467261,42301467264,3,2349,1642
42304593232,42304593235,3,1834,1547
42316600918,42316600921,3,1788,1362
42323307823,42323307829,6,1461,1123
42326539384,42326539382,-2,1385,2346
42329042066,42329042071,5,2022,1263
42332153182,42332153182,0,1668,1424
42332945055,42332945059,4,2050,1477
42333195238,42333195240,2,2184,1402
42333507363,42333507368,5,2264,1661
42339618994,42339618998,4,2164,1531
42341852095,42341852100,5,1743,1080
42344109595,42344109601,6,2135,1204
42347904066,42347904070,4,2169,1462
42348774650,42348774635,-15,6603,2937
42349667474,42349667478,4,2330,1216
42349764285,42349764289,4,2129,1351
42354341134,42354341139,5,1826,1236
42356915890,42356915883,-7,718,7571
42360536005,42360536010,5,1952,1413
42363014531,42363014536,5,1912,1299
42365791845,42365791849,4,1262,1035
42366650345,42366650351,6,709,241
42368816787,42368816788,1,1420,1639
42369143763,42369143770,7,2095,1051
42375169326,42375169332,6,2129,1332
42376046658,42376046662,4,1969,1251
42383274256,42383274259,3,3390,3682
42383401716,42383401719,3,1686,1095
42389286526,42389286529,3,2045,1404
42390608758,42390608764,6,2176,1018
42391707710,42391707714,4,1888,969
42391942793,42391942799,6,1717,1041
42393929627,42393929631,4,1817,1040
42394324561,42394324562,1,2193,1569
42394451697,42394451701,4,1690,1001
42401889397,42401889399,2,2784,1531
42401923418,42401923423,5,2192,1617
42402465076,42402465078,2,2122,1523
42407858750,42407858754,4,2153,1534
42410721730,42410721733,3,14617,11414
42412612070,42412612074,4,1927,1378
42412944350,42412944354,4,2247,1404
42413445597,42413445599,2,2629,1730
42414951866,42414951871,5,1800,988
42421123011,42421123016,5,2509,1398
42422536500,42422536505,5,2135,1313
42422763926,42422763932,6,2498,1841
42423846804,42423846807,3,2946,1478
42424223665,42424223666,1,1921,1235
42425339373,42425339375,2,2045,1157
42429705533,42429705531,-2,1535,998
42431470005,42431470007,2,1919,1277
42431849228,42431849234,6,2698,1710
42432014104,42432014087,-17,1680,1109
42433277551,42433277532,-19,1254,436
42435542427,42435542431,4,2410,1419
42440841817,42440841821,4,2101,967
42441535746,42441535742,-4,19146,13000
42442744089,42442744090,1,995,1471
42448166571,42448166573,2,1315,1038
42450643957,42450643954,-3,1307,2308
42451757270,42451757275,5,1766,1372
42455863852,42455863854,2,1484,1067
42457718587,42457718586,-1,1226,2541
42459032065,42459032059,-6,1979,6182
42459518666,42459518671,5,2001,946
42461973210,42461973208,-2,1432,2069
42462807697,42462807702,5,2109,1242
42464533553,42464533557,4,2295,1218
42468769166,42468769171,5,2011,1602
42474924226,42474924228,2,1362,1250
42476726909,42476726914,5,2156,1161
42478349019,42478349025,6,2079,1018
42484160582,42484160586,4,2599,1805
42487312118,42487312122,4,2312,1942
42487697079,42487697082,3,2133,1233
42490857527,42490857531,4,2034,1896
42491195007,42491195009,2,2037,1397
42493457894,42493457898,4,2358,1341
42493878687,42493878690,3,4922,3639
42494671462,42494671465,3,1155,1175
42500556111,42500556107,-4,952,2296
42501688814,42501688818,4,1223,854
42503144401,42503144406,5,2550,1814
42505584975,42505584978,3,2249,1444
42506279551,42506279558,7,3710,1267
42509720823,42509720829,6,2080,1203
42510783287,42510783291,4,1682,1272
42511880482,42511880483,1,1457,913
42514855599,42514855603,4,1090,1163
42515054406,42515054413,7,2263,762
42515373930,42515373933,3,1899,1593
42515537610,42515537590,-20,1903,1142
42515859208,42515859210,2,44654,40633
42518287607,42518287605,-2,784,2066
42520369652,42520369655,3,12013,51405
42521216679,42521216686,7,2446,935
42524840832,42524840816,-16,2012,1328
42526768108,42526768113,5,2223,1286
42527304154,42527304158,4,1653,1107
42529892057,42529892062,5,1397,1094
42530887885,42530887887,2,1870,1790
42536091738,42536091743,5,1852,1178
42540417076,42540417080,4,1556,1342
42541575197,42541575202,5,2556,1393
42542704958,42542704966,8,3675,1850
42543940989,42543940995,6,3141,1464
42544739257,42544739262,5,1968,1009
42550328328,42550328333,5,2592,1415
42553643656,42553643664,8,3138,1157
42557397606,42557397610,4,1343,1077
42566901731,42566901711,-20,1447,978
42567521405,42567521408,3,1972,1120
42569669253,42569669259,6,2129,1524
42573839804,42573839807,3,1890,1692
42575106386,42575106389,3,1794,1858
42575608657,42575608656,-1,873,2253
42582707481,42582707482,1,896,662
42583835045,42583835029,-16,2628,1336
42584556275,42584556278,3,1865,1161
42585559919,42585559935,16,1593,1300
42586170560,42586170567,7,2562,1465
42587228133,42587228137,4,2182,1829
42587980278,42587980283,5,2258,1552
42588951388,42588951390,2,1437,1621
42591827029,42591827037,8,1961,1152
42593719562,42593719566,4,12816,11450
42593977813,42593977818,5,2066,704
42594360301,42594360303,2,1606,1090
42597501433,42597501436,3,1812,1412
42598527075,42598527079,4,2050,1491
42598862981,42598862975,-6,2631,8228
42599733178,42599733179,1,2950,2530
42602044581,42602044584,3,1903,1674
42604772917,42604772920,3,2141,1542
42605419331,42605419333,2,2651,1723
42605546837,42605546841,4,2030,1510
42609731858,42609731863,5,1551,1147
42612889002,42612889006,4,1906,1204
42615864438,42615864442,4,2467,1774
42620348226,42620348231,5,1506,796
42620449184,42620449197,13,1782,1080
42623053302,42623053307,5,2333,1037
42624021191,42624021194,3,1122,831
42626146939,42626146942,3,2306,1433
42628750231,42628750235,4,2353,1257
42629369570,42629369552,-18,1600,1203
42634323978,42634323982,4,1863,1355
42635992547,42635992550,3,2542,1566
42637666273,42637666277,4,2437,1395
42640997367,42640997371,4,2038,1605
42646606635,42646606630,-5,1243,3932
42649264974,42649264978,4,2155,1423
42649468534,42649468539,5,1579,986
42651723024,42651723027,3,1573,1104
42654074768,42654074769,1,1811,1395
42666795000,42666795003,3,1507,1150
42670276166,42670276171,5,2105,1023
42675779787,42675779791,4,2240,1805
42676180770,42676180775,5,2357,1305
42677176022,42677176016,-6,1001,4593
42677283762,42677283766,4,2368,1326
42678128075,42678128078,3,1981,1354
42683858014,42683858019,5,3179,1328
42684572163,42684572168,5,2069,1472
42686760910,42686760915,5,1028,830
42687977681,42687977685,4,2120,1338
42693662235,42693662238,3,1831,1122
42695227794,42695227800,6,2310,1497
42696721936,42696721940,4,1505,1143
42699509023,42699509017,-6,708,2682
42701254595,42701254599,4,2385,939
42705732159,42705732162,3,2557,1217
42708450351,42708450355,4,1627,1302
42709345546,42709345551,5,2456,1787
42712038509,42712038509,0,2229,2399
42714089193,42714089197,4,1907,1293
42714731558,42714731560,2,2022,1489
42720938676,42720938678,2,2085,1579
42725696404,42725696409,5,1759,1584
42729167243,42729167239,-4,1531,2712
42733162567,42733162572,5,1988,1262
42733630363,42733630366,3,1171,1636
42736046245,42736046250,5,2030,1379
42738523755,42738523757,2,5811,5059
42740128695,42740128689,-6,999,3138
42740727197,42740727201,4,1705,1175
42743272581,42743272583,2,1744,1391
42744329653,42744329659,6,1948,1206
42748534353,42748534354,1,2052,2171
42748869315,42748869318,3,2237,1497
42749823122,42749823127,5,2007,1321
42752399046,42752399048,2,1702,1381
42753193450,42753193472,22,666,93
42754879319,42754879326,7,2185,1230
42755090310,42755090314,4,2103,1340
42756531347,42756531351,4,2350,1257
42758874355,42758874359,4,1693,1126
42759888997,42759889001,4,1863,1789
42760801654,42760801659,5,1613,1152
42762429670,42762429676,6,2818,1653
42763124844,42763124841,-3,1946,3922
42764592231,42764592235,4,2725,1413
42765700249,42765700253,4,2331,1844
42766659400,42766659402,2,2097,1337
42770570322,42770570320,-2,976,2390
42790816401,42790816401,0,1644,1453
42791672397,42791672399,2,2297,1689
42792513992,42792513996,4,2296,1414
42796173393,42796173398,5,1416,1541
42799856172,42799856174,2,1775,1460
42800033570,42800033576,6,3055,1886
42802432698,42802432702,4,1698,1458
42802568882,42802568887,5,1874,1095
42803614824,42803614828,4,2593,1639
42803981357,42803981362,5,1850,1431
42805127081,42805127084,3,1708,1289
42805253895,42805253876,-19,1627,1435
42805476318,42805476300,-18,2560,1921
42808376645,42808376650,5,2759,1801
42808869306,42808869310,4,2119,1124
42810188014,42810188018,4,1900,1080
42816238183,42816238181,-2,909,2018
42819102002,42819102006,4,2103,1387
42819291407,42819291411,4,4337,19240
42821373338,42821373333,-5,1483,5236
42822067078,42822067082,4,2527,1321
42822121549,42822121553,4,1939,1179
42822893630,42822893635,5,2182,1004
42824029316,42824029319,3,1877,1506
42827725454,42827725454,0,1891,2018
42827847765,42827847768,3,2916,1162
42830795152,42830795154,2,2690,1696
42831322689,42831322690,1,1027,1133
42835428304,42835428309,5,2122,1313
42835576511,42835576516,5,1516,1293
42836126448,42836126429,-19,1191,1094
42841521710,42841521711,1,1371,1181
42843768750,42843768753,3,1732,1417
42844097062,42844097065,3,2545,1810
42844362431,42844362435,4,2473,1760
42846034427,42846034433,6,1477,1074
42849595057,42849595066,9,1209,912
42851466541,42851466546,5,2560,1341
42852939386,42852939390,4,2149,876
42853497062,42853497067,5,1588,1138
42853808378,42853808362,-16,2123,737
42862994442,42862994447,5,1842,1381
42866445658,42866445661,3,2033,1020
42866728840,42866728845,5,2033,1414
42866886471,42866886467,-4,1202,3280
42868042958,42868042962,4,1622,1289
42873345740,42873345745,5,1727,1207
42874708772,42874708774,2,1586,1187
42875139914,42875139919,5,2774,1054
42875657684,42875657668,-16,2192,1245
42878544485,42878544489,4,1892,1340
42881908482,42881908486,4,1362,1045
42882528483,42882528478,-5,1827,5007
42887357682,42887357687,5,1025,794
42892290152,42892290158,6,1551,1179
42892611825,42892611830,5,1971,1133
42894592750,42894592755,5,1558,1405
42895406038,42895406041,3,2116,1462
42895532717,42895532721,4,1486,1492
42897824084,42897824091,7,2189,1227
42898137167,42898137170,3,1357,1051
42900344998,42900344999,1,1554,1104
42903813581,42903813585,4,1714,1486
42907499658,42907499663,5,2060,1533
42908307428,42908307421,-7,2292,8460
42915318867,42915318873,6,3096,1918
42916899575,42916899578,3,1922,1515
42917825241,42917825243,2,1612,976
42920478773,42920478776,3,1850,1309
42921550249,42921550253,4,2120,1559
42923648822,42923648822,0,1513,1198
42924224902,42924224906,4,2048,1286
42925696110,42925696113,3,1569,1193
42926658603,42926658607,4,1652,995
42929334157,42929334159,2,1385,1597
42934287502,42934287502,0,13024,15974
42934867672,42934867675,3,2181,1484
42937269653,42937269659,6,1771,1095
42937636083,42937636086,3,1950,1282
42938282589,42938282568,-21,261,1289
42940012678,42940012675,-3,3625,5341
42940630966,42940630972,6,2146,1587
42945487153,42945487157,4,1617,1589
42947577890,42947577887,-3,5209,11142
42955203045,42955203049,4,1618,859
42955591027,42955591031,4,2258,1599
42958169302,42958169306,4,2071,1557
42960266955,42960266958,3,1714,1018
42963391138,42963391142,4,1240,682
42963642551,42963642551,0,1074,1088
42966130394,42966130393,-1,3817,5033
42967575529,42967575534,5,2671,1174
42970490861,42970490866,5,2195,1052
42971229761,42971229767,6,2757,1235
42977021711,42977021718,7,1792,958
42980534610,42980534614,4,2560,1303
42982592955,42982592958,3,1120,902
42989560313,42989560318,5,1130,900
42991508244,42991508241,-3,894,2794
42992114575,42992114578,3,1569,1075
42995299002,42995299007,5,2211,1336
42998384731,42998384734,3,2473,1453
43003038946,43003038951,5,2114,1114
43011646246,43011646250,4,1739,1231
43012487426,43012487431,5,1157,1216
43013164556,43013164560,4,3094,1404
43013448229,43013448233,4,1690,1601
43014368630,43014368625,-5,1077,3545
43016210991,43016210997,6,1217,1001
43017162705,43017162719,14,2252,1350
43017419245,43017419254,9,2016,960
43020650058,43020650063,5,1679,967
43020702903,43020702887,-16,1713,936
43021796800,43021796803,3,1994,1463
43022716993,43022716995,2,2309,1826
43025954874,43025954879,5,2473,1578
43029132634,43029132654,20,641,892
43029736325,43029736327,2,1389,1251
43030107561,43030107566,5,1712,960
43030872956,43030872959,3,1808,1144
43037476450,43037476454,4,1767,1153
43039327706,43039327711,5,2386,1604
43040792102,43040792107,5,2219,1689
43041452805,43041452811,6,2458,1615
43041866757,43041866761,4,2203,1464
43042462577,43042462579,2,1391,1025
43043822758,43043822763,5,2491,1063
43046112883,43046112886,3,2002,1950
43051776425,43051776430,5,1805,1022
43055758681,43055758686,5,1362,1240
43057896921,43057896925,4,2014,1423
43058661306,43058661310,4,2070,1471
43060088181,43060088182,1,1578,1877
43063234002,43063234005,3,1815,893
43071246438,43071246442,4,1520,1039
43074025434,43074025438,4,1468,1162
43077392093,43077392086,-7,1316,7041
43077498535,43077498525,-10,1157,3016
43078217570,43078217572,2,1848,1464
43078663854,43078663859,5,1845,1079
43079603395,43079603400,5,2140,1249
43081073170,43081073175,5,1799,1613
43082165394,43082165398,4,1838,1531
43082988426,43082988430,4,473,387
43084106959,43084106965,6,1901,927
43084549897,43084549884,-13,388,339
43084888669,43084888673,4,11711,20335
43086868197,43086868199,2,1220,933
43088501078,43088501086,8,1592,1181
43089452398,43089452388,-10,1744,1263
43090234493,43090234498,5,2347,1003
43090285025,43090285029,4,2367,2024
43091675057,43091675062,5,1822,1155
43093529670,43093529675,5,1523,1031
43094267105,43094267107,2,2108,865
43094417002,43094417005,3,2766,1257
43097125961,43097125969,8,5720,3040
43098538574,43098538578,4,1615,1230
43103455115,43103455120,5,1911,1345
43105135501,43105135506,5,1636,1141
43106892309,43106892313,4,2194,1377
43107619187,43107619186,-1,1310,1649
43112683401,43112683406,5,1496,1160
43120919726,43120919731,5,1586,1033
43121326982,43121326986,4,1706,837
43124931532,43124931534,2,1194,817
43132119422,43132119427,5,1965,976
43133693819,43133693821,2,2252,1340
43134738026,43134738022,-4,818,3097
43135939978,43135939983,5,3151,1936
43137766116,43137766121,5,2093,1247
43140827047,43140827051,4,1900,1157
43141118779,43141118782,3,827,593
43142723902,43142723906,4,1927,929
43143457712,43143457716,4,3020,1550
43146651511,43146651515,4,3187,1727
43146796782,43146796787,5,2552,1408
43151054602,43151054604,2,2681,2875
43153532379,43153532383,4,1968,1210
43154836462,43154836465,3,2066,1393
43156907002,43156907006,4,2017,1279
43162065413,43162065414,1,1530,1103
43162112169,43162112188,19,1577,1364
43163211096,43163211079,-17,1516,1208
43164082750,43164082755,5,2142,1458
43164354937,43164354944,7,2026,878
43164895652,43164895656,4,2258,1570
43165404307,43165404311,4,1443,1095
43165576762,43165576767,5,1762,1610
43166365300,43166365304,4,2795,1768
43166786403,43166786407,4,1452,919
43167838455,43167838461,6,3018,2001
43169914714,43169914720,6,1255,1152
43170527662,43170527665,3,1089,1426
43172420476,43172420481,5,2766,1811
43172839785,43172839790,5,1126,995
43173213435,43173213442,7,1976,1341
43174259866,43174259867,1,1818,2128
43176956464,43176956468,4,2270,1359
43178370135,43178370130,-5,1091,3754
43178600702,43178600691,-11,1421,1250
43179073141,43179073143,2,1782,1118
43180076550,43180076554,4,1713,1220
43184247458,43184247461,3,2572,1739
43184550713,43184550710,-3,1751,4111
43184617946,43184617949,3,2087,1045
43186580883,43186580886,3,1484,766
43187304817,43187304820,3,1809,1303
43187548154,43187548133,-21,1070,549
43190632242,43190632222,-20,890,236
43193486753,43193486755,2,2121,1171
43194232720,43194232723,3,2338,1463
43194410748,43194410752,4,2468,1557
43195486610,43195486614,4,2201,1304
43195773695,43195773679,-16,2357,1371
43195932217,43195932221,4,2438,1451
43196216198,43196216205,7,2340,1158
43197758074,43197758079,5,2803,1607
43203096338,43203096342,4,2288,1123
43205066760,43205066764,4,2573,1723
43205275366,43205275350,-16,1432,534
43206290974,43206290978,4,1891,1543
43208806492,43208806495,3,1286,1022
43210002686,43210002689,3,1233,679
43211453185,43211453190,5,1565,942
43212066653,43212066656,3,1798,1283
43213147501,43213147507,6,1538,913
43216375782,43216375785,3,2913,1881
43217339258,43217339262,4,2253,1543
43221638939,43221638945,6,1394,1035
43221759302,43221759302,0,709,1424
43225045078,43225045083,5,2462,1601
43227122201,43227122206,5,2103,1661
43229578574,43229578579,5,1737,1073
43230533170,43230533174,4,1151,1297
43231896944,43231896925,-19,989,452
43236771742,43236771747,5,1588,1030
43238805873,43238805870,-3,1030,2840
43239568663,43239568681,18,479,1568
43241731804,43241731807,3,2216,1316
43241977179,43241977182,3,1482,1171
43242933882,43242933886,4,1495,1222
43245230710,43245230715,5,1169,1254
43250755170,43250755172,2,1309,1366
43258227778,43258227781,3,2605,1117
43259382754,43259382759,5,1465,1822
43260037918,43260037918,0,1603,2209
43262105356,43262105359,3,1850,1020
43263262173,43263262179,6,2040,1293
43263330185,43263330165,-20,2203,1478
43268667650,43268667656,6,2093,1647
43269322279,43269322268,-11,19896,15486
43270261765,43270261767,2,803,653
43271772978,43271772973,-5,1268,4578
43274213646,43274213650,4,2013,1079
43274618425,43274618405,-20,759,482
43275182460,43275182465,5,2123,1166
43276611498,43276611502,4,1931,1533
43277480433,43277480419,-14,626,290
43284999507,43284999510,3,3182,2901
43285594090,43285594094,4,1748,1153
43286555934,43286555932,-2,1220,2352
43288079951,43288079957,6,1651,923
43290305335,43290305341,6,1691,1046
43290359818,43290359800,-18,1971,877
43292653199,43292653203,4,3362,3142
43299096777,43299096774,-3,3193,6808
43301758367,43301758371,4,2378,1372
43302025293,43302025288,-5,1044,2472
43302131382,43302131386,4,1383,1203
43302846890,43302846882,-8,1028,3602
43305654321,43305654326,5,1810,1553
43308057230,43308057234,4,1700,1102
43308510957,43308510958,1,1627,1433
43309975797,43309975798,1,1628,1136
43313307382,43313307388,6,1143,1106
43319638819,43319638808,-11,1803,1420
43320673686,43320673689,3,1322,1031
43321352302,43321352305,3,1872,1448
43323497638,43323497640,2,1438,1651
43324490318,43324490319,1,2413,1646
43324567733,43324567737,4,1982,1426
43331112266,43331112271,5,1825,1380
43333315130,43333315134,4,2341,1220
43334245556,43334245562,6,2123,981
43336158022,43336158027,5,1919,936
43337012651,43337012652,1,2214,2526
43341162039,43341162043,4,1813,1457
43342158371,43342158374,3,2439,1525
43346698221,43346698224,3,1659,1376
43348690240,43348690245,5,1820,1330
43352328267,43352328271,4,1901,1318
43353227062,43353227067,5,2151,1800
43358515476,43358515479,3,2029,1074
43359193358,43359193363,5,2696,1243
43362617955,43362617962,7,5839,4670
43364024730,43364024735,5,2643,1579
43369383219,43369383221,2,1901,1807
43377748650,43377748653,3,2227,1224
43378571610,43378571591,-19,2053,1366
43378698430,43378698434,4,1385,1533
43381882924,43381882930,6,1448,673
43385245941,43385245944,3,1715,1494
43386307017,43386307019,2,2031,1041
43390582909,43390582914,5,1750,1212
43400949449,43400949450,1,1874,1324
43405713101,43405713105,4,1657,1467
43405954043,43405954047,4,1203,1412
43408978668,43408978673,5,2176,1545
43410829214,43410829219,5,2218,1184
43412750427,43412750431,4,2141,1420
43415378993,43415378996,3,1622,1575
43416454352,43416454354,2,1595,1049
43422267054,43422267062,8,4179,1088
43423164180,43423164185,5,1670,1010
43425164689,43425164694,5,2620,1448
43427820799,43427820806,7,2345,1101
43431243619,43431243622,3,1255,1373
43435173194,43435173193,-1,1156,1162
43435945549,43435945554,5,2529,980
43437811082,43437811085,3,1879,1149
43441120691,43441120695,4,1970,1371
43441656289,43441656293,4,1710,1414
43443677116,43443677110,-6,1493,2935
43450430242,43450430249,7,3064,1198
43459147541,43459147546,5,2101,1524
43459743884,43459743887,3,1522,958
43464363666,43464363668,2,1570,1209
43464547191,43464547194,3,1817,1458
43469043802,43469043806,4,1542,1078
43472447365,43472447367,2,2077,1697
43473103027,43473103031,4,2052,1740
43478623074,43478623079,5,1749,1461
43481406142,43481406143,1,1797,1548
43482452222,43482452225,3,2392,1715
43483524457,43483524460,3,1801,1129
43484099514,43484099518,4,1524,1142
43487302246,43487302249,3,1442,1452
43496225197,43496225200,3,1501,1441
43497190798,43497190798,0,1678,1463
43499274598,43499274603,5,1759,926
43506657606,43506657604,-2,29683,76109
43506944850,43506944855,5,2510,1348
43508295616,43508295621,5,1999,1545
43508851996,43508852002,6,2651,1260
43518157553,43518157555,2,1572,1356
43518928213,43518928217,4,2064,1233
43519111758,43519111759,1,944,1185
43519757950,43519757958,8,2274,1577
43522262795,43522262801,6,2363,1270
43522670533,43522670537,4,1621,1553
43524840310,43524840315,5,2331,1425
43527405093,43527405094,1,1927,1316
43534597414,43534597415,1,693,928
43535186099,43535186103,4,2016,1234
43538633355,43538633359,4,1976,1196
43541284199,43541284203,4,1604,1026
43544246011,43544246017,6,1952,1034
43548020669,43548020674,5,1628,963
43548942829,43548942816,-13,1848,1127
43555835277,43555835279,2,1837,1295
43556148199,43556148204,5,2379,943
43561324577,43561324582,5,2437,1883
43561471794,43561471795,1,1287,1544
43563367135,43563367138,3,1425,856
43564174902,43564174898,-4,851,1359
43564685901,43564685903,2,1673,1178
43566919934,43566919938,4,1795,1516
43568330847,43568330851,4,2446,1379
43572304216,43572304221,5,2286,1912
43572838478,43572838482,4,1131,805
43573164153,43573164149,-4,2111,7613
43573685966,43573685971,5,962,1132
43576539403,43576539411,8,11297,28722
43577679494,43577679499,5,2207,1249
43579081380,43579081384,4,1793,1315
43581092996,43581093002,6,1537,1344
43582014149,43582014152,3,1953,1577
43586347970,43586347975,5,2039,1560
43587460522,43587460527,5,2319,1324
43591967509,43591967509,0,1625,2981
43597868986,43597868991,5,2789,1558
43599125650,43599125656,6,2054,1657
43599316042,43599316044,2,2006,1509
43599621388,43599621392,4,2221,1508
43601938835,43601938838,3,2211,1610
43606391793,43606391798,5,2623,2116
43607902001,43607902006,5,1655,1282
43613324270,43613324272,2,1268,1325
43614066577,43614066581,4,1834,1036
43616056797,43616056801,4,1970,1267
43620226761,43620226766,5,2669,1721
43622183635,43622183629,-6,1978,5024
43622265274,43622265273,-1,1592,2110
43623706773,43623706774,1,1898,1836
43624021534,43624021540,6,1445,1460
43628691765,43628691770,5,2418,1487
43631876691,43631876695,4,1401,967
43632412805,43632412803,-2,1612,3321
43634097542,43634097545,3,1380,1377
43636162936,43636162938,2,1441,1271
43638316620,43638316624,4,1269,1093
43643164409,43643164414,5,1325,1201
43644104701,43644104695,-6,2715,7460
43644227633,43644227639,6,2009,1172
43644280493,43644280509,16,2109,1368
43644924037,43644924022,-15,905,817
43645190045,43645190050,5,1379,975
43646098626,43646098628,2,1546,2253
43646409589,43646409593,4,2360,1217
43647746697,43647746702,5,1722,1263
43649488571,43649488577,6,1712,1168
43653165506,43653165505,-1,1045,1832
43656000730,43656000735,5,2319,1510
43656684036,43656684040,4,2305,1317
43667374581,43667374586,5,2214,1124
43671338023,43671338026,3,2000,1985
43675721506,43675721509,3,2309,1219
43676000478,43676000460,-18,1980,719
43680303734,43680303741,7,2679,1331
43680340920,43680340926,6,2457,1572
43680878114,43680878121,7,2030,1292
43682374455,43682374458,3,1667,1079
43683742530,43683742536,6,1530,1284
43689173453,43689173457,4,1890,1225
43696276590,43696276593,3,1846,2373
43696730530,43696730535,5,2373,1538
43696908538,43696908542,4,2023,1445
43698668194,43698668199,5,2332,1473
43702063190,43702063193,3,2263,1538
43703539878,43703539882,4,1894,1497
43705593817,43705593811,-6,1082,2556
43708167234,43708167237,3,1905,1112
43711437970,43711437969,-1,692,964
43712176769,43712176770,1,1848,1565
43712642502,43712642486,-16,1796,1470
43713510359,43713510361,2,2125,1788
43713833280,43713833287,7,1778,982
43715675426,43715675430,4,3054,2068
43719811101,43719811107,6,4415,1972
43720353822,43720353826,4,1913,1852
43723765121,43723765123,2,1133,1031
43727481263,43727481270,7,2100,1118
43733414566,43733414570,4,1555,1267
43735097335,43735097338,3,926,576
43735769507,43735769510,3,2544,1804
43736216856,43736216859,3,1651,1265
43740903777,43740903780,3,1440,1501
43750117088,43750117092,4,1546,1142
43751549039,43751549043,4,1666,1455
43753070032,43753070038,6,2596,1169
43754660827,43754660830,3,2236,1067
43754794108,43754794111,3,1583,1309
43754864701,43754864706,5,2830,2288
43757607666,43757607670,4,1648,1782
43769081604,43769081607,3,1532,1437
43769903321,43769903324,3,2954,1818
43770089570,43770089574,4,2449,1374
43772544698,43772544702,4,1486,1417
43773426427,43773426431,4,2810,1683
43775847550,43775847553,3,2302,1115
43777436598,43777436602,4,2114,1460
43778859381,43778859386,5,2101,1790
43780550811,43780550815,4,1728,981
43783165347,43783165351,4,2159,1172
43783608293,43783608297,4,2370,1253
43783748205,43783748205,0,1639,1590
43786495822,43786495827,5,2086,1343
43786603767,43786603772,5,1868,1478
43787889583,43787889587,4,1863,1544
43788759994,43788759998,4,2036,1426
43791095730,43791095735,5,1639,1186
43794553174,43794553177,3,2556,1508
43796937906,43796937907,1,1338,1341
43798171683,43798171687,4,2628,1043
43800572087,43800572091,4,2354,1053
43800770274,43800770252,-22,2039,1161
43801782353,43801782357,4,2341,1818
43803161162,43803161166,4,2189,1501
43804485050,43804485054,4,1407,1184
43804582363,43804582367,4,1730,960
43805942760,43805942766,6,2301,936
43806787298,43806787303,5,1992,1051
43808877326,43808877330,4,1926,1422
43811125989,43811125995,6,2160,1033
43812502241,43812502246,5,1571,917
43813651582,43813651575,-7,1202,3736
43814550113,43814550119,6,2584,1010
43816162362,43816162366,4,1735,1234
43818908401,43818908405,4,2170,947
43819704852,43819704856,4,1400,1339
43821921267,43821921273,6,2777,1485
43823745913,43823745919,6,1505,1066
43828961913,43828961917,4,1632,989
43834474008,43834474014,6,1388,917
43834572496,43834572500,4,3417,1705
43840348453,43840348456,3,2339,1966
43841256113,43841256117,4,2921,1457
43849916787,43849916791,4,1842,1723
43851352844,43851352848,4,1220,1665
43855104114,43855104121,7,2087,954
43855734825,43855734829,4,2020,1400
43859232045,43859232050,5,1796,1168
43863730757,43863730762,5,1467,1162
43864749845,43864749849,4,2321,1485
43866441499,43866441503,4,2030,1106
43866976737,43866976740,3,1642,1712
43874194007,43874194010,3,1728,1499
43876699199,43876699206,7,2359,1217
43877788809,43877788813,4,2534,1177
43879602134,43879602138,4,981,1041
43879960342,43879960345,3,1769,1350
43882571698,43882571702,4,2021,1198
43884968175,43884968181,6,2731,1315
43886414541,43886414545,4,1716,1424
43890491526,43890491531,5,1947,1282
43896765448,43896765449,1,1453,1061
43897799469,43897799474,5,2448,1838
43900521458,43900521459,1,1446,1534
43904059825,43904059830,5,2011,1583
43904492533,43904492538,5,1877,1843
43905913809,43905913815,6,3121,1263
43906860378,43906860398,20,1096,947
43908331119,43908331123,4,2134,1467
43912985427,43912985431,4,2437,1348
43913837143,43913837148,5,2577,1501
43914210055,43914210038,-17,949,177
43915737566,43915737571,5,1976,1575
43916443582,43916443587,5,1144,869
43917960886,43917960890,4,1740,1961
43918502402,43918502407,5,2137,1202
43919224685,43919224689,4,2654,1584
43920382605,43920382607,2,1168,1188
43921630906,43921630909,3,1999,1672
43924202666,43924202669,3,1469,1275
43925760824,43925760826,2,1704,1336
43930001510,43930001516,6,1625,1443
43930583461,43930583445,-16,814,285
43931029142,43931029146,4,1010,943
43932171909,43932171913,4,1996,1186
43933871902,43933871906,4,2051,1364
43933993159,43933993174,15,621,366
43935064470,43935064473,3,2602,1598
43937905296,43937905299,3,1618,1370
43938097767,43938097769,2,663,1012
43939102928,43939102933,5,2740,1345
43939605611,43939605612,1,471,326
43942116225,43942116224,-1,1428,1830
43950728609,43950728613,4,2335,1477
43950831839,43950831842,3,2359,2014
43952933281,43952933287,6,2322,1302
43953415919,43953415901,-18,1687,1053
43953697518,43953697522,4,2318,1501
43954277346,43954277350,4,2053,1323
43955027390,43955027394,4,1995,1294
43955228570,43955228574,4,2589,1939
43955533778,43955533783,5,1404,907
43957801205,43957801209,4,2304,1393
43959139941,43959139946,5,1985,997
43962382911,43962382914,3,2067,1064
43967760567,43967760569,2,884,1265
43970611631,43970611633,2,1169,1293
43973181337,43973181341,4,2151,1543
43973436330,43973436325,-5,888,2156
43974793665,43974793670,5,1862,1535
43977770238,43977770242,4,2173,1283
43983224418,43983224423,5,2161,1268
43985225690,43985225695,5,2625,1270
43987834245,43987834251,6,2853,1135
43988468001,43988468006,5,1573,1274
43989014642,43989014649,7,3570,1238
43992026509,43992026515,6,2766,1063
43994219146,43994219151,5,1565,807
43995939674,43995939681,7,1488,1734
43997365673,43997365677,4,3227,1535
43999997718,43999997722,4,2168,2095
44000068949,44000068953,4,2503,1823
44000549024,44000549031,7,2457,1095
44001811466,44001811470,4,2808,1556
44005009464,44005009467,3,1476,939
44008050157,44008050162,5,4220,2106
44008121758,44008121761,3,1741,1199
44008359494,44008359480,-14,1735,652
44010168888,44010168892,4,2408,1729
44013170395,44013170399,4,2279,1463
44014617773,44014617777,4,1479,1580
44019480667,44019480674,7,5332,1636
44019618401,44019618405,4,1798,1749
44020392594,44020392596,2,1705,1333
44022860004,44022860005,1,1417,1859
44023084529,44023084534,5,2318,1368
44023250678,44023250687,9,1562,1154
44024168111,44024168116,5,1565,898
44024629226,44024629231,5,1147,767
44027931634,44027931641,7,2002,1183
44029989482,44029989464,-18,2936,1187
44032117922,44032117926,4,1939,1140
44034390891,44034390898,7,2566,808
44037487094,44037487099,5,1790,1016
44042761154,44042761159,5,989,1168
44042986789,44042986783,-6,1472,200
44045721014,44045721018,4,1828,1383
44051510744,44051510747,3,1805,1171
44052262790,44052262795,5,2858,1878
44054337209,44054337213,4,1831,1299
44054849745,44054849751,6,1664,1125
44057371044,44057371049,5,2310,917
44058161247,44058161251,4,1665,1058
44058755693,44058755697,4,1624,1383
44060739994,44060739997,3,1128,771
44064867717,44064867722,5,2666,1719
44069629770,44069629774,4,2060,1683
44080402705,44080402709,4,1516,1024
44083301509,44083301514,5,1490,1353
44084687890,44084687896,6,1545,1418
44085850961,44085850961,0,1646,1220
44086016235,44086016241,6,2598,1763
44086193746,44086193750,4,2263,1422
44089980519,44089980524,5,2349,1182
44090724758,44090724762,4,1613,868
44090822083,44090822089,6,2484,1093
44091997241,44091997247,6,1327,902
44098087654,44098087658,4,2132,1246
44098784686,44098784690,4,1920,1623
44100110086,44100110091,5,1805,1264
44101134492,44101134495,3,1349,997
44107857865,44107857870,5,1676,1633
44108651953,44108651959,6,2269,1157
44108865884,44108865887,3,28508,20203
44110323598,44110323601,3,1078,647
44115061917,44115061921,4,2394,1451
44115140609,44115140614,5,1636,1591
44119329683,44119329686,3,1562,1335
44124148998,44124149002,4,2654,1546
44125619630,44125619634,4,2651,1424
44125648949,44125648954,5,2519,1468
44127324827,44127324830,3,2281,1434
44130556707,44130556713,6,1776,1508
44134662400,44134662398,-2,2446,4430
44135687954,44135687959,5,2163,1812
44137904853,44137904858,5,2631,1163
44138072585,44138072590,5,1952,994
44138908087,44138908090,3,2376,1463
44143528672,44143528677,5,2981,1679
44144180685,44144180690,5,1353,1011
44144426419,44144426424,5,2278,1540
44149419369,44149419371,2,1577,1366
44156868569,44156868574,5,1743,1171
44157770322,44157770327,5,1869,1040
44160048437,44160048445,8,1161,807
44162979452,44162979453,1,1535,1351
44165480922,44165480927,5,2100,1176
44165578566,44165578571,5,2715,1799
44167185710,44167185714,4,1657,1849
44167423526,44167423531,5,1081,960
44168045954,44168045958,4,1689,1054
44168391447,44168391451,4,1869,1214
44170094923,44170094928,5,2474,1454
44171463213,44171463218,5,3150,1626
44172289317,44172289322,5,3588,2042
44173882814,44173882819,5,3280,2523
44175029048,44175029051,3,1373,1521
44179617220,44179617223,3,1753,1611
44181949063,44181949067,4,1901,1237
44185114084,44185114090,6,1733,825
44191324647,44191324650,3,2303,1396
44191809595,44191809599,4,1809,1122
44193280906,44193280909,3,2079,1660
44195159845,44195159849,4,1982,1202
44195585650,44195585654,4,1869,1291
44195631826,44195631804,-22,2529,947
44198656269,44198656272,3,1845,1031
44203118798,44203118803,5,2341,1225
44208101562,44208101567,5,1951,1246
44209159322,44209159326,4,1833,1379
44211574281,44211574286,5,1728,980
44211768071,44211768087,16,724,246
44213088698,44213088702,4,2475,1449
44215314826,44215314829,3,2178,1128
44215781114,44215781119,5,2415,1681
44222465469,44222465471,2,1938,1459
44223265582,44223265585,3,1951,1067
44227701921,44227701927,6,2615,1766
44231234174,44231234179,5,2815,1155
44231833177,44231833178,1,1689,595
44232802670,44232802677,7,1777,960
44233578199,44233578207,8,1709,851
44236676977,44236676981,4,2056,1595
44239197770,44239197773,3,1878,1261
44239481530,44239481535,5,1573,1468
44242134211,44242134215,4,2417,1506
44243219475,44243219479,4,976,792
44250814949,44250814955,6,1656,1439
44251653021,44251653025,4,1650,1148
44252119465,44252119469,4,2174,1149
44252247222,44252247223,1,963,788
44259548375,44259548379,4,2398,2004
44260052987,44260052993,6,6225,29439
44261760326,44261760325,-1,1611,1201
44264263450,44264263455,5,2138,1169
44269120118,44269120122,4,1825,1339
44270646494,44270646497,3,986,1099
44275374934,44275374939,5,1505,1184
44279106929,44279106935,6,2418,1295
44279396933,44279396935,2,2419,1591
44280498748,44280498752,4,2201,1291
44284555920,44284555939,19,2369,1337
44286931650,44286931653,3,1695,1620
44288105316,44288105319,3,2443,1335
44291942502,44291942507,5,1980,826
44292687437,44292687442,5,1579,1141
44293948878,44293948882,4,1232,583
44300740758,44300740765,7,6541,3096
44302471228,44302471232,4,2473,1643
44307787175,44307787179,4,3246,1716
44308043478,44308043482,4,1894,1252
44309668751,44309668758,7,1878,1086
44310538602,44310538607,5,2472,1242
44311670429,44311670430,1,1353,927
44322586438,44322586442,4,1945,1299
44328660030,44328660034,4,1990,1208
44329632513,44329632517,4,1686,1634
44331078315,44331078320,5,2338,1115
44332380227,44332380221,-6,2214,8440
44340670488,44340670477,-11,1869,1586
44344383918,44344383922,4,1945,1085
44345738114,44345738118,4,1740,1299
44346024852,44346024854,2,2320,1400
44346142270,44346142271,1,1633,1135
44347478282,44347478287,5,1388,1420
44349492978,44349492984,6,1640,1020
44350961451,44350961458,7,517,1226
44352169359,44352169363,4,3410,1901
44355673709,44355673714,5,2047,1085
44356767564,44356767568,4,2211,1432
44357689019,44357689024,5,2128,1772
44359255474,44359255479,5,2699,1669
44369543459,44369543462,3,2643,1535
44371306981,44371306986,5,2696,1421
44371421542,44371421547,5,2641,1250
44372810512,44372810516,4,1604,1152
44373650541,44373650545,4,1956,1415
44382280574,44382280578,4,2216,1205
44386306662,44386306667,5,2043,1689
44389007212,44389007215,3,1351,1517
44397214148,44397214153,5,2557,1861
44398251767,44398251764,-3,744,1439
44402209493,44402209498,5,1406,718
44407565404,44407565407,3,2162,1252
44408267670,44408267674,4,3072,1536
44412430726,44412430731,5,1524,1045
44413918502,44413918504,2,1442,1421
44414535107,44414535107,0,1303,1069
44415832866,44415832872,6,3814,2007
44419836282,44419836287,5,2109,1135
44420954205,44420954211,6,1557,1268
44422454641,44422454645,4,1692,888
44422624913,44422624914,1,1437,1288
44426343486,44426343483,-3,1112,2446
44426827792,44426827797,5,2124,1405
44428658096,44428658099,3,1595,833
44433001112,44433001115,3,1976,802
44438064909,44438064913,4,1863,1251
44445347514,44445347518,4,2980,1460
44449312042,44449312045,3,1992,1540
44452701822,44452701826,4,1705,1467
44460615533,44460615537,4,2121,1318
44463985206,44463985212,6,1714,1098
44464631717,44464631720,3,2377,1537
44464692237,44464692241,4,1656,1881
44467877252,44467877255,3,2013,1447
44468389224,44468389229,5,1489,1403
44469496566,44469496570,4,1605,927
44471793691,44471793697,6,2317,1173
44472346690,44472346695,5,2240,1374
44477095775,44477095778,3,2062,1535
44477440802,44477440808,6,2693,1506
44478068557,44478068562,5,1751,1317
44479617846,44479617849,3,2361,1371
44483430449,44483430453,4,1817,1382
44488916783,44488916786,3,3049,2070
44492033139,44492033149,10,1787,924
44493886423,44493886427,4,2496,1403
44496259482,44496259465,-17,2103,598
44496968842,44496968846,4,1338,933
44498076854,44498076859,5,1249,1220
44498450029,44498450025,-4,43653,18533
44507254454,44507254460,6,1753,1314
44507877158,44507877159,1,3217,3103
44510400634,44510400638,4,1618,1048
44514071115,44514071122,7,2622,1485
44514224091,44514224095,4,4254,3362
44515500684,44515500689,5,2413,1416
44516306650,44516306656,6,2295,1290
44520254001,44520254004,3,1933,1336
44522523153,44522523159,6,1676,1490
44525524583,44525524588,5,2389,1602
44525571779,44525571786,7,2134,1366
44528096800,44528096805,5,1385,1162
44530500618,44530500623,5,2397,1353
44530624146,44530624147,1,2268,1462
44532318694,44532318699,5,2548,1952
44534230117,44534230100,-17,42983,16325
44537118801,44537118806,5,2231,1119
44538089467,44538089470,3,1482,1128
44542646630,44542646634,4,2000,1192
44549260335,44549260342,7,2085,1771
44550339666,44550339671,5,2139,1600
44555726458,44555726465,7,2104,1349
44561082903,44561082905,2,2212,1304
44563452166,44563452169,3,1897,1777
44565785614,44565785618,4,2167,1630
44565953468,44565953464,-4,1620,3782
44568259961,44568259972,11,1867,1255
44569792500,44569792505,5,2244,1595
44570075797,44570075800,3,2467,1924
44571516855,44571516858,3,1616,1694
44572227442,44572227444,2,1793,1410
44572436289,44572436272,-17,1638,828
44574268707,44574268710,3,1558,1419
44574609898,44574609903,5,1974,1322
44575616000,44575616002,2,1687,1359
44578503498,44578503501,3,2461,1298
44581293034,44581293039,5,1977,991
44581868261,44581868245,-16,1448,1184
44582537706,44582537705,-1,976,851
44584941974,44584941978,4,1415,1230
44586781367,44586781371,4,2745,1359
44586832911,44586832916,5,1730,1323
44590321788,44590321790,2,2164,1497
44594507870,44594507874,4,1656,1040
44597619470,44597619475,5,2131,36456
44599795687,44599795686,-1,1691,1853
44600170479,44600170483,4,1844,1574
44606010105,44606010113,8,15859,21402
44610330756,44610330766,10,12812,37306
44610607301,44610607306,5,1863,1511
44611332341,44611332346,5,1473,1069
44612469537,44612469542,5,2987,2328
44615031734,44615031738,4,1760,1231
44618373189,44618373194,5,1327,1245
44624871004,44624871002,-2,2167,3925
44624941357,44624941359,2,1928,1304
44626011741,44626011746,5,2693,1330
44627004445,44627004446,1,1129,980
44630102993,44630102998,5,3086,1466
44630310010,44630310013,3,1245,1343
44634023534,44634023516,-18,1987,1137
44640720914,44640720920,6,2578,1097
44641770025,44641770030,5,1143,1028
44642141346,44642141351,5,2480,1647
44650234946,44650234948,2,1665,1547
44652201519,44652201522,3,1397,1437
44655528774,44655528778,4,2423,1546
44656589687,44656589691,4,2067,1621
44657953171,44657953178,7,2089,1369
44663453823,44663453828,5,1704,1411
44663664156,44663664162,6,2161,1606
44668079406,44668079410,4,2018,1458
44670747298,44670747303,5,3532,1612
44671974854,44671974858,4,1990,1620
44675134463,44675134466,3,1268,1387
44679042970,44679042975,5,2258,1634
44682192842,44682192847,5,1757,815
44689424978,44689424983,5,2575,1377
44696748460,44696748462,2,2236,1346
44698601287,44698601287,0,799,1079
44699736275,44699736278,3,2001,1602
44700310277,44700310282,5,1997,1437
44705205670,44705205673,3,1745,1811
44708072203,44708072209,6,1668,1279
44710383138,44710383145,7,1929,1170
44713848615,44713848621,6,2098,1217
44716011242,44716011246,4,2746,1495
44717627297,44717627298,1,1923,1247
44720122591,44720122593,2,1822,1534
44721588146,44721588151,5,2047,1469
44722714164,44722714167,3,1929,1566
44725225385,44725225389,4,1675,1454
44728030980,44728030986,6,2294,1043
44728349214,44728349196,-18,1093,585
44728778912,44728778918,6,1816,1080
44731303526,44731303531,5,2152,1079
44731475891,44731475869,-22,561,239
44731699892,44731699895,3,1784,1031
44732636861,44732636867,6,2321,1707
44733143442,44733143447,5,1926,1009
44733334842,44733334846,4,2200,1082
44734660459,44734660463,4,1854,1510
44736925918,44736925902,-16,1284,941
44738536483,44738536488,5,1654,1314
44739038009,44739038013,4,1434,753
44751194989,44751194993,4,2305,999
44752667599,44752667602,3,1203,1412
44757315871,44757315874,3,2004,1872
44758691729,44758691735,6,2171,860
44759114478,44759114495,17,1310,1038
44759876055,44759876037,-18,2891,1472
44762839038,44762839042,4,1543,1190
44763059007,44763059010,3,1369,1113
44763750881,44763750886,5,1923,1486
44764512609,44764512613,4,2456,871
44765191605,44765191611,6,3511,1047
44768506224,44768506230,6,1966,1054
44770172422,44770172425,3,2145,1252
44770360506,44770360511,5,2681,1626
44776003602,44776003607,5,2263,1746
44782387301,44782387301,0,2390,4024
44783109970,44783109977,7,4435,1234
44783494083,44783494086,3,2438,1583
44791516231,44791516235,4,2017,1405
44792532231,44792532235,4,2038,1328
44793401483,44793401487,4,1890,802
44793656094,44793656103,9,2029,1245
44795574881,44795574884,3,2421,1492
44797379997,44797380000,3,1784,1696
44801688632,44801688633,1,2627,1538
44804661488,44804661491,3,1547,1286
44811770691,44811770694,3,2011,910
44817262813,44817262818,5,2205,1172
44820621465,44820621458,-7,8361,31920
44826439590,44826439595,5,1475,1313
44826629995,44826629998,3,1307,1140
44826836292,44826836278,-14,2863,919
44827432136,44827432137,1,1855,2066
44828659482,44828659486,4,5227,3172
44829656958,44829656962,4,2282,1355
44830652725,44830652727,2,1650,1234
44830866897,44830866879,-18,2057,1692
44830992376,44830992381,5,3491,1209
44834321305,44834321310,5,2230,1169
44834614150,44834614135,-15,927,793
44836377184,44836377188,4,2224,1367
44838770682,44838770693,11,1662,1155
44839505085,44839505091,6,2436,1130
44842439581,44842439583,2,2572,1137
44848123130,44848123137,7,3394,1779
44848566097,44848566102,5,2229,1501
44855251913,44855251920,7,1983,976
44859886835,44859886839,4,1802,1176
44863393638,44863393643,5,2194,1361
44864679493,44864679498,5,2752,1362
44864719843,44864719847,4,1975,1638
44865420807,44865420811,4,2626,1283
44866446470,44866446475,5,1777,1554
44867967818,44867967822,4,1861,1209
44873118413,44873118418,5,1555,1369
44874049557,44874049561,4,2017,1881
44876681934,44876681942,8,13862,32035
44895562474,44895562476,2,1853,1259
44910919787,44910919790,3,1684,1172
44911854832,44911854837,5,3273,1308
44914710785,44914710791,6,2723,1360
44919298462,44919298468,6,3133,1566
44920326839,44920326846,7,1872,1222
44929753426,44929753429,3,1739,1543
44929866110,44929866111,1,1137,1115
44934043780,44934043784,4,2045,1623
44935336130,44935336131,1,852,1214
44943120657,44943120661,4,2069,1716
44945199535,44945199538,3,1411,1084
44946017969,44946017974,5,2226,1041
44946131533,44946131518,-15,1886,1729
44946628470,44946628474,4,2808,1338
44949093063,44949093066,3,2189,1169
44950606425,44950606429,4,1515,1539
44953056394,44953056384,-10,1070,911
44954152069,44954152074,5,1947,1336
44957772526,44957772530,4,1746,1329
44958056206,44958056210,4,2867,1711
44958338638,44958338644,6,2272,1357
44959666105,44959666109,4,1965,1243
44964342840,44964342846,6,3027,1811
44964455601,44964455606,5,1932,1142
44965100274,44965100279,5,1439,1180
44965297830,44965297825,-5,967,2741
44965926109,44965926131,22,3195,1268
44967631645,44967631647,2,1902,1818
44968809247,44968809252,5,1791,1409
44969791589,44969791594,5,1774,1297
44971420135,44971420139,4,1683,1623
44971571028,44971571033,5,1702,1023
44972863591,44972863594,3,1422,1368
44984042164,44984042168,4,2027,1084
44985026073,44985026078,5,1800,1504
44985678573,44985678578,5,2072,1461
44986891226,44986891231,5,2663,1493
44989946978,44989946982,4,1663,1022
44990524558,44990524563,5,1827,1386
44991326207,44991326211,4,1656,1013
44992810733,44992810735,2,873,1166
44993667158,44993667162,4,1913,1158
45002679046,45002679051,5,2539,1489
45003097058,45003097063,5,2110,1032
45005240641,45005240644,3,2260,1384
45007964663,45007964666,3,1828,994
45008583586,45008583589,3,2465,1558
45008743652,45008743657,5,2133,936
45008874114,45008874113,-1,2788,3152
45010679734,45010679738,4,2046,1496
45012031268,45012031260,-8,1708,1362
45013383348,45013383353,5,1756,1396
45015168835,45015168839,4,2009,1369
45016094594,45016094598,4,2371,1297
45016536718,45016536722,4,1981,1259
45020267835,45020267841,6,2552,1319
45021257913,45021257915,2,1298,1150
45024957818,45024957825,7,4910,1680
45034439492,45034439499,7,2272,1179
45035048912,45035048916,4,1779,1437
45042254632,45042254615,-17,1121,947
45042301463,45042301468,5,1305,1168
45047218750,45047218754,4,1896,1376
45047394650,45047394654,4,2288,2144
45048993778,45048993779,1,1562,1836
45051730843,45051730849,6,2520,1462
45054691055,45054691060,5,1999,1193
45055753866,45055753869,3,1598,1542
45058770796,45058770796,0,1875,1397
45059321294,45059321297,3,1735,1082
45060155075,45060155079,4,2230,1174
45060439286,45060439290,4,1454,794
45063329297,45063329301,4,2312,2122
45065355239,45065355243,4,1873,1171
45066076530,45066076510,-20,762,275
45066469319,45066469323,4,2033,1329
45066536337,45066536343,6,1855,1268
45066636069,45066636075,6,2252,1172
45068387841,45068387845,4,2009,1204
45070977591,45070977595,4,2573,1542
45074371272,45074371278,6,2287,1195
45076346862,45076346857,-5,751,1631
45079520902,45079520906,4,1581,922
45080399527,45080399530,3,1983,1145
45084047158,45084047163,5,2015,861
45084164561,45084164544,-17,2666,1837
45084861759,45084861762,3,2055,1144
45084958451,45084958454,3,1921,1285
45086123575,45086123581,6,680,143
45086908947,45086908951,4,1189,781
45092464641,45092464644,3,2681,1562
45093094461,45093094464,3,1413,1447
45093514378,45093514366,-12,1335,240
45097461000,45097461005,5,2740,1609
45097528038,45097528041,3,2419,1530
45099261234,45099261238,4,1815,1366
45099835809,45099835811,2,2398,1359
45100799769,45100799774,5,2895,2093
45102947218,45102947222,4,2280,1079
45106114317,45106114320,3,1306,990
45113952481,45113952483,2,1945,1387
45118537655,45118537657,2,1936,1753
45120157065,45120157069,4,1842,1563
45121611372,45121611374,2,2647,1793
45124345591,45124345595,4,4258,2585
45124538849,45124538851,2,3572,955
45125340493,45125340495,2,1313,1333
45125954205,45125954209,4,2765,1992
45128265642,45128265646,4,2878,1497
45129911021,45129911025,4,2503,1875
45130532596,45130532602,6,2961,1251
45130964737,45130964718,-19,1388,540
45133704171,45133704174,3,1353,1192
45134462695,45134462697,2,1840,1423
45134732710,45134732714,4,2390,1221
45135335825,45135335805,-20,2899,1533
45135947546,45135947550,4,2055,1012
45136436496,45136436499,3,1990,1563
45137519285,45137519290,5,2130,1513
45141548291,45141548295,4,2253,1504
45144976098,45144976103,5,1953,1253
45146005191,45146005187,-4,869,2283
45152668782,45152668787,5,1374,910
45153987200,45153987205,5,2664,1800
45162040580,45162040585,5,1906,909
45164605058,45164605061,3,1882,1501
45166198594,45166198600,6,2021,1452
45167657681,45167657685,4,2632,1479
45170227446,45170227451,5,2933,1424
45170769400,45170769398,-2,2707,3954
45173516577,45173516580,3,1819,1020
45177743611,45177743614,3,1710,1325
45180290665,45180290670,5,1893,1322
45181160646,45181160650,4,2481,1334
45189774182,45189774187,5,2489,1239
45193373973,45193373979,6,2032,1136
45194089023,45194089027,4,1819,1225
45195525031,45195525034,3,1705,1678
45195991105,45195991109,4,1651,1069
45197189628,45197189636,8,1348,919
45200616673,45200616677,4,2167,1009
45205616629,45205616632,3,1747,1758
45207270499,45207270503,4,2189,1319
45208419426,45208419426,0,910,1162
45212007024,45212007027,3,1778,818
45214381928,45214381931,3,1288,1281
45214827430,45214827433,3,2023,1406
45214855161,45214855164,3,1852,1285
45222879633,45222879637,4,2499,1749
45228716803,45228716806,3,1463,806
45233938002,45233938007,5,1435,1027
45234044446,45234044449,3,2121,1152
45235242203,45235242207,4,1608,1091
45236666783,45236666787,4,2239,1196
45239362087,45239362093,6,2220,1000
45240122086,45240122090,4,2076,1572
45241302221,45241302225,4,2235,1347
45243446024,45243446028,4,1568,1334
45247884745,45247884747,2,1722,1256
45249296625,45249296630,5,1617,868
45249997904,45249997885,-19,1939,1460
45252647342,45252647345,3,1715,1472
45254191182,45254191186,4,1296,771
45257516525,45257516529,4,2188,1339
45258403474,45258403478,4,1722,1509
45266223406,45266223407,1,2696,1420
45266282020,45266282023,3,2063,1705
45271332414,45271332419,5,1608,1123
45272814241,45272814244,3,1709,1777
45273619735,45273619736,1,1224,2079
45273676222,45273676228,6,1993,1069
45275950027,45275950033,6,1704,1208
45280115125,45280115129,4,2103,1581
45280429870,45280429875,5,1821,1065
45280518221,45280518226,5,2498,1918
45281625429,45281625434,5,2290,1558
45282337553,45282337557,4,2050,1570
45282878881,45282878883,2,811,783
45287662125,45287662129,4,2266,1524
45290036228,45290036234,6,2217,1040
45294867470,45294867476,6,2025,1634
45298035965,45298035968,3,2279,1725
45300706529,45300706531,2,2037,1863
45301095524,45301095529,5,2296,1613
45303682768,45303682773,5,1046,665
45305857098,45305857101,3,1347,1084
45309254331,45309254338,7,2703,1287
45312258237,45312258241,4,2116,1028
45315250564,45315250570,6,2065,1029
45318613294,45318613299,5,1421,1341
45318697936,45318697941,5,1987,1263
45323123791,45323123794,3,1725,1334
45323597497,45323597498,1,1603,1879
45331637991,45331637995,4,2532,1357
45332287351,45332287357,6,2730,1936
45332535641,45332535646,5,1953,958
45337986483,45337986487,4,2398,1239
45339640922,45339640926,4,1797,1217
45340733628,45340733633,5,1948,1475
45351491500,45351491504,4,2030,1295
45354247174,45354247179,5,1871,1208
45361378446,45361378453,7,2037,1209
45361966148,45361966153,5,1794,1455
45362360551,45362360551,0,986,1017
45362822265,45362822269,4,2498,1193
45366514989,45366514993,4,1966,1818
45368045514,45368045517,3,2155,1548
45369882242,45369882245,3,1826,1216
45372999894,45372999898,4,2052,1543
45374805658,45374805654,-4,1481,2327
45379712277,45379712281,4,2029,1366
45380595221,45380595225,4,2667,1948
45385860991,45385860994,3,2361,2065
45386335770,45386335774,4,2981,1155
45386501929,45386501933,4,2488,1494
45387099626,45387099625,-1,921,2297
45390316986,45390316991,5,1285,1268
45403471768,45403471772,4,2431,1854
45408623078,45408623083,5,2097,2284
45411692552,45411692554,2,1497,1096
45414789046,45414789051,5,1811,1371
45418904721,45418904726,5,2553,1584
45419668717,45419668723,6,1121,1103
45420342282,45420342287,5,1476,1046
45421714878,45421714878,0,1650,1654
45426402023,45426402025,2,2075,1387
45432057911,45432057929,18,661,289
45433233481,45433233478,-3,913,1639
45433819772,45433819774,2,27077,100911
45433885582,45433885587,5,1718,804
45438265330,45438265337,7,6332,2884
45442325462,45442325465,3,1789,1163
45443106239,45443106242,3,2754,1763
45443316613,45443316617,4,1951,1674
45444854321,45444854323,2,1542,1386
45445116441,45445116446,5,2809,1296
45445222820,45445222836,16,1961,1964
45445527807,45445527809,2,11813,11877
45455034473,45455034477,4,2600,1404
45465024057,45465024061,4,1781,800
45465415218,45465415222,4,1736,1580
45470384851,45470384851,0,1975,2849
45471315959,45471315954,-5,1469,3059
45471544798,45471544803,5,2689,1059
45471889274,45471889276,2,1839,1321
45479363326,45479363332,6,1441,1577
45480951908,45480951911,3,2293,857
45487973470,45487973474,4,2175,1344
45490386002,45490386005,3,2328,1540
45490979365,45490979368,3,2354,1668
45492543826,45492543831,5,1877,1266
45493350209,45493350214,5,1766,1199
45493572848,45493572851,3,1993,1060
45499306451,45499306457,6,2090,2162
45499865114,45499865118,4,2460,1340
45500561777,45500561763,-14,22409,26908
45501697794,45501697797,3,2001,1433
45503877471,45503877477,6,2466,1365
45506360004,45506360000,-4,35007,11802
45507863641,45507863643,2,1536,1800
45508228034,45508228039,5,1515,1111
45511745065,45511745069,4,2477,767
45511993211,45511993211,0,1009,1204
45512382751,45512382759,8,1294,1066
45513906939,45513906941,2,1753,1356
45516639268,45516639272,4,2538,2046
45516910402,45516910407,5,2023,1292
45522392318,45522392320,2,818,912
45528635056,45528635059,3,1488,646
45529597218,45529597221,3,2659,1489
45530039873,45530039877,4,1617,1690
45533384098,45533384102,4,2818,1776
45533792680,45533792682,2,1623,1102
45537029887,45537029891,4,1100,1306
45537812744,45537812746,2,2470,1230
45538047845,45538047847,2,1602,1224
45539370478,45539370484,6,1811,1081
45540871948,45540871951,3,2645,1739
45544515434,45544515438,4,1868,1202
45549059902,45549059902,0,657,1287
45549317954,45549317958,4,1527,1066
45549384819,45549384800,-19,1722,1064
45554732363,45554732368,5,2020,1057
45554889773,45554889764,-9,1434,32161
45555289049,45555289055,6,1685,1032
45556937605,45556937609,4,2029,1342
45557286698,45557286703,5,1673,888
45559717926,45559717930,4,2154,1294
45565131399,45565131394,-5,1652,5855
45565881721,45565881725,4,2237,1138
45566369284,45566369286,2,2007,1302
45568147892,45568147898,6,1574,1256
45569127467,45569127455,-12,887,221
45572012706,45572012709,3,1867,1449
45575782910,45575782914,4,2327,1101
45586071567,45586071573,6,2032,1322
45586788036,45586788039,3,1992,1385
45590105668,45590105671,3,2213,1464
45590226031,45590226035,4,2607,1178
45590462818,45590462836,18,1274,1476
45595185401,45595185407,6,3496,1699
45597785466,45597785475,9,1079,670
45599806644,45599806647,3,1831,1340
45609553126,45609553131,5,2181,1426
45614971608,45614971611,3,2098,1269
45615172797,45615172801,4,2383,1319
45622713602,45622713606,4,1715,1102
45623859459,45623859459,0,1090,1455
45624553861,45624553867,6,2149,1392
45626741320,45626741326,6,1942,1026
45628536018,45628536022,4,2955,1579
45628852980,45628852969,-11,1264,5611
45629507079,45629507083,4,2889,1223
45631812106,45631812111,5,1333,1110
45633423350,45633423355,5,1779,1582
45633789842,45633789845,3,1808,1497
45634868946,45634868950,4,1605,1660
45638364451,45638364450,-1,1514,1593
45639928453,45639928458,5,1859,1791
45641674877,45641674879,2,1999,1316
45643249825,45643249829,4,2473,1581
45645222088,45645222092,4,2013,1107
45646854194,45646854199,5,1951,1422
45650301988,45650301987,-1,1800,1525
45656793644,45656793647,3,1811,1019
45663546093,45663546096,3,2404,985
45666142088,45666142091,3,2067,1194
45666397536,45666397549,13,17382,52079
45666449232,45666449236,4,2073,1273
45669300832,45669300837,5,2567,1667
45670140582,45670140589,7,2910,1340
45675569113,45675569107,-6,1288,7156
45677863173,45677863175,2,2316,1727
45677909782,45677909786,4,1918,1537
45678354591,45678354595,4,1861,1409
45682676568,45682676570,2,36104,44660
45684291135,45684291143,8,3045,1788
45686165093,45686165097,4,1948,1508
45689971750,45689971755,5,1663,1089
45698114231,45698114237,6,1832,1239
45698708384,45698708390,6,2043,1029
45702147837,45702147839,2,2229,1173
45702670211,45702670214,3,2132,1228
45702867195,45702867199,4,1839,1213
45704251798,45704251798,0,2051,2053
45707672760,45707672762,2,2036,1515
45708466439,45708466435,-4,1253,771
45708676875,45708676879,4,1599,1014
45722071715,45722071719,4,1787,1241
45725647870,45725647848,-22,2464,1150
45727453357,45727453361,4,2242,1069
45727572023,45727572036,13,1710,1394
45729686385,45729686387,2,1683,1305
45732232102,45732232107,5,2894,1046
45735108738,45735108742,4,2568,1774
45735766294,45735766300,6,1983,1624
45739232867,45739232870,3,2213,1487
45739653463,45739653467,4,2114,1238
45740604632,45740604635,3,1994,1183
45741125262,45741125268,6,2944,1482
45744705753,45744705757,4,2041,1266
45746916285,45746916289,4,2235,1188
45749879499,45749879502,3,1717,1123
45750735492,45750735496,4,2744,1431
45752956242,45752956245,3,1765,2007
45753501571,45753501573,2,247,815
45756792258,45756792262,4,2088,1493
45764002049,45764002053,4,2217,1863
45770012288,45770012292,4,2186,1864
45773977546,45773977550,4,3014,1283
45775667089,45775667091,2,1816,1124
45778344749,45778344753,4,2330,2082
45779253054,45779253055,1,1658,1408
45792400268,45792400273,5,2056,1574
45793451207,45793451211,4,2590,1327
45794524886,45794524893,7,1118,661
45801810938,45801810942,4,1707,1322
45803311786,45803311790,4,3190,1438
45805534599,45805534602,3,1318,1361
45805598689,45805598700,11,1967,1117
45806162531,45806162537,6,2059,1276
45807026487,45807026492,5,2340,1368
45807949478,45807949463,-15,1052,525
45810345434,45810345438,4,1883,990
45815924911,45815924917,6,2285,1773
45819157682,45819157688,6,2318,1439
45821673526,45821673533,7,6630,4235
45822740105,45822740110,5,2062,1420
45823552005,45823552007,2,1417,1239
45824542372,45824542381,9,16360,49255
45826697526,45826697533,7,2611,999
45827606859,45827606854,-5,1119,1830
45828642570,45828642573,3,1243,1143
45828822754,45828822758,4,2506,1221
45830845387,45830845389,2,1759,1483
45830897009,45830897015,6,824,351
45833319724,45833319729,5,1863,1436
45833447783,45833447789,6,2507,1390
45834485073,45834485078,5,3319,1519
45835678330,45835678330,0,1264,1270
45836475810,45836475814,4,2066,1664
45837225197,45837225201,4,1683,1136
45837558385,45837558389,4,2434,1440
45842079887,45842079893,6,2935,825
45849746492,45849746495,3,1247,1135
45852728378,45852728383,5,2072,990
45856103869,45856103873,4,1825,1390
45856952757,45856952759,2,2919,1393
45858715232,45858715236,4,2011,1338
45859851413,45859851415,2,2860,1115
45862042546,45862042550,4,2307,1500
45864390234,45864390238,4,2460,1309
45867222440,45867222444,4,1687,933
45867983615,45867983615,0,2091,3412
45869156510,45869156514,4,2101,1171
45869884050,45869884054,4,2393,1643
45872759722,45872759730,8,2901,1437
45872918757,45872918774,17,1705,1450
45873577979,45873577982,3,1818,1307
45874493931,45874493933,2,1897,1449
45876142603,45876142609,6,2117,1142
45878111610,45878111615,5,1855,1495
45878363408,45878363401,-7,1573,2017
45880107593,45880107598,5,1784,1091
45880525766,45880525771,5,1729,1237
45880951499,45880951500,1,1429,2089
45882362127,45882362133,6,2105,1420
45883207618,45883207623,5,1462,752
45884727017,45884727021,4,1859,1006
45885068714,45885068718,4,1794,1739
45887886235,45887886238,3,1648,1088
45890449026,45890449033,7,1209,995
45890831329,45890831333,4,2774,1635
45891693774,45891693778,4,3135,1361
45892849454,45892849459,5,2380,1676
45893429590,45893429594,4,2822,1650
45894258925,45894258926,1,1474,647
45895811846,45895811850,4,1946,1211
45903848431,45903848435,4,2329,1624
45904518218,45904518221,3,1877,1879
45907951015,45907951018,3,1960,1365
45916990082,45916990084,2,1672,1331
45919693893,45919693894,1,1403,1636
45923903900,45923903905,5,1518,1141
45924052244,45924052247,3,1916,1218
45925899888,45925899891,3,2250,1442
45932940543,45932940543,0,829,814
45933932910,45933932915,5,1673,1281
45936777406,45936777412,6,3657,1537
45937062526,45937062508,-18,2448,1106
45937823792,45937823797,5,1731,1344
45939568370,45939568375,5,2248,1294
45939910887,45939910893,6,1715,1657
45941489133,45941489135,2,2169,1873
45945073602,45945073607,5,2137,1602
45950482002,45950481980,-22,2340,897
45950725465,45950725467,2,2607,2322
45953540983,45953540988,5,2942,1636
45954467614,45954467616,2,2045,1854
45954935006,45954935013,7,1915,1165
45961070609,45961070613,4,1749,1548
45966181498,45966181500,2,1884,1502
45967691538,45967691543,5,3472,1709
45968155142,45968155147,5,3077,1438
45968419053,45968419057,4,1927,1258
45969201465,45969201477,12,1756,1080
45970812434,45970812440,6,1912,1053
45970910384,45970910387,3,2541,1702
45972687517,45972687520,3,2054,1199
45975873468,45975873473,5,3292,1395
45977715825,45977715830,5,1066,952
45981240002,45981240006,4,2009,1194
45981889945,45981889950,5,1862,1254
45982995158,45982995162,4,2626,2496
45983627863,45983627866,3,1352,1077
45987950818,45987950821,3,2018,1902
45991737970,45991737975,5,1733,1033
45993732855,45993732858,3,1724,1276
46005834035,46005834039,4,1881,1271
46006034957,46006034962,5,1453,1202
46008959318,46008959318,0,1587,2175
46009037074,46009037079,5,2223,1470
46009072106,46009072110,4,2540,1706
46010336164,46010336171,7,2168,1559
46020489144,46020489149,5,2375,1052
46023198709,46023198713,4,1724,1169
46024879726,46024879730,4,1590,1155
46028795118,46028795125,7,2316,1443
46029433123,46029433126,3,1663,1487
46029724202,46029724206,4,1984,1074
46031443302,46031443307,5,2541,1485
46033704686,46033704689,3,1555,1507
46035086611,46035086615,4,1856,1368
46035128465,46035128448,-17,1058,594
46036510154,46036510158,4,1948,1472
46037850761,46037850765,4,2811,1697
46038006390,46038006393,3,1323,1280
46044070654,46044070659,5,2498,1347
46045908036,46045908034,-2,3103,6004
46049330756,46049330760,4,1868,1108
46050495886,46050495891,5,2586,955
46050639347,46050639335,-12,715,493
46051213162,46051213158,-4,893,2161
46051683036,46051683038,2,1909,972
46054569321,46054569325,4,1715,1238
46070010026,46070010031,5,1639,1296
46071717466,46071717470,4,3407,1862
46073690792,46073690776,-16,2318,1271
46079030446,46079030451,5,1384,1041
46080033302,46080033303,1,1351,1548
46083161378,46083161382,4,1628,1271
46086268329,46086268333,4,2161,2068
46086866473,46086866475,2,1641,942
46088452559,46088452564,5,1973,1353
46088642165,46088642169,4,1673,1026
46091539182,46091539189,7,5380,1342
46093533441,46093533446,5,2022,1907
46095488538,46095488543,5,1720,1075
46098409542,46098409547,5,1911,1015
46104021546,46104021550,4,1490,1545
46106409085,46106409078,-7,917,3908
46112637560,46112637563,3,1909,1037
46113513070,46113513074,4,1083,1446
46114516674,46114516678,4,2316,1800
46121777881,46121777887,6,2180,887
46124062427,46124062433,6,1803,1255
46124467218,46124467223,5,2250,1064
46125434767,46125434768,1,1304,1122
46126935332,46126935339,7,1866,1638
46134108558,46134108563,5,1808,952
46138988102,46138988106,4,2685,1454
46139336234,46139336239,5,1679,1200
46139415875,46139415878,3,1033,1262
46140504754,46140504736,-18,3440,1328
46141246454,46141246457,3,1296,1318
46143703361,46143703366,5,2728,2084
46146241303,46146241307,4,1793,849
46147632703,46147632712,9,24690,2175
46147664536,46147664557,21,1973,1555
46148853334,46148853335,1,1352,1818
46156137637,46156137641,4,1889,1468
46156278486,46156278495,9,2360,1628
46159569974,46159569979,5,2586,1755
46162087117,46162087119,2,1488,1169
46167186553,46167186557,4,2739,1718
46168031302,46168031307,5,1432,1251
46173121665,46173121669,4,2527,1638
46174018931,46174018934,3,1425,837
46174090689,46174090670,-19,1401,733
46174973409,46174973413,4,1732,993
46175663341,46175663344,3,2270,1608
46175880281,46175880277,-4,661,192
46176663327,46176663331,4,1401,1100
46181069733,46181069734,1,2666,2067
46182278934,46182278938,4,1296,1460
46184371080,46184371083,3,2057,1584
46192557658,46192557655,-3,1526,2292
46193845734,46193845729,-5,2425,7436
46194781002,46194781006,4,1490,1026
46198311150,46198311155,5,1824,932
46200305702,46200305705,3,2390,1840
46205415777,46205415779,2,1492,941
46207862906,46207862912,6,2050,886
46211101843,46211101849,6,2030,1263
46212256090,46212256090,0,1117,1333
46213222703,46213222707,4,2713,1717
46214806597,46214806601,4,2968,1237
46219984338,46219984339,1,1112,1122
46221974550,46221974535,-15,2060,715
46222065746,46222065749,3,2175,1581
46223327782,46223327786,4,1831,1212
46228990530,46228990534,4,1479,1101
46229390782,46229390787,5,2279,1066
46236646883,46236646881,-2,851,2212
46237727470,46237727475,5,2604,1611
46237768966,46237768968,2,1529,1512
46239578122,46239578125,3,8831,31295
46243871023,46243871027,4,1729,897
46246190675,46246190678,3,2122,1289
46250045563,46250045567,4,1926,1002
46251174814,46251174818,4,2193,1436
46254546210,46254546211,1,1869,1289
46257966039,46257966043,4,1220,848
46260001617,46260001622,5,1456,929
46260255520,46260255522,2,1987,1698
46262014698,46262014704,6,2607,1561
46264373799,46264373796,-3,974,2545
46265978847,46265978850,3,1366,1356
46270325311,46270325318,7,2342,1169
46271694316,46271694322,6,2850,1492
46274718723,46274718726,3,2823,1843
46276271536,46276271541,5,1712,1795
46277779902,46277779906,4,1939,1098
46278305248,46278305251,3,2560,1414
46280589929,46280589931,2,1619,1238
46281265756,46281265759,3,2400,1552
46284066861,46284066865,4,1684,1315
46290292327,46290292327,0,1514,2252
46293334610,46293334614,4,2251,1308
46297726872,46297726874,2,3293,1703
46301247637,46301247643,6,2132,1250
46301841630,46301841612,-18,1498,1307
46302603240,46302603243,3,2492,1589
46304623594,46304623596,2,1543,942
46305373467,46305373470,3,2120,1618
46308312621,46308312626,5,2355,1652
46309822715,46309822720,5,1935,1298
46311201875,46311201878,3,2214,1239
46312067537,46312067541,4,2626,1782
46312365998,46312365980,-18,1656,1040
46313912307,46313912313,6,3308,1237
46315925733,46315925738,5,2252,1834
46316172636,46316172628,-8,1116,1104
46318016797,46318016798,1,1153,1366
46319513558,46319513563,5,1778,959
46319780285,46319780271,-14,2226,1453
46319827200,46319827202,2,1658,1177
46321370050,46321370056,6,2175,1631
46322317771,46322317775,4,2333,1374
46331802101,46331802107,6,2244,705
46331967314,46331967294,-20,957,601
46332511754,46332511762,8,2000,1062
46335862132,46335862135,3,1754,1461
46335980173,46335980177,4,2158,1017
46336280978,46336280982,4,1908,1333
46338000742,46338000747,5,2533,2185
46338447710,46338447713,3,2208,2327
46343516350,46343516357,7,1505,719
46344157432,46344157435,3,2011,1233
46346273689,46346273684,-5,1736,6474
46346584029,46346584033,4,1892,1820
46355676507,46355676512,5,2376,1686
46357284555,46357284562,7,2053,1352
46358451181,46358451186,5,1230,1031
46366864980,46366864983,3,2308,1744
46367467821,46367467824,3,1416,1486
46371421382,46371421386,4,2518,1312
46377736734,46377736737,3,2425,1716
46378071895,46378071898,3,1905,1472
46379148479,46379148483,4,1463,992
46383556473,46383556477,4,2165,1704
46386252974,46386252979,5,1606,1040
46390102270,46390102276,6,2894,2148
46390219561,46390219567,6,1202,618
46390897106,46390897110,4,1175,1133
46393366403,46393366409,6,2056,1058
46393841841,46393841827,-14,9722,26305
46406115012,46406115015,3,1757,1334
46406397087,46406397093,6,2474,1143
46406854758,46406854764,6,1651,869
46408258723,46408258725,2,1877,1474
46408601005,46408600998,-7,1149,3544
46409194218,46409194221,3,829,977
46409266504,46409266485,-19,1490,861
46410095405,46410095413,8,938,936
46411913197,46411913203,6,1980,1205
46413597401,46413597403,2,1690,946
46414619285,46414619289,4,1717,1014
46415863361,46415863367,6,1681,1414
46416267426,46416267432,6,3103,1127
46418285254,46418285259,5,1627,1213
46419121965,46419121970,5,1982,1461
46423608830,46423608837,7,1573,1215
46425486469,46425486474,5,1289,837
46429260557,46429260558,1,754,1002
46437835131,46437835134,3,2309,1392
46438982798,46438982782,-16,2760,1461
46442147858,46442147861,3,1412,842
46447355810,46447355815,5,1580,1258
46447499661,46447499658,-3,1157,2598
46450193386,46450193390,4,1244,1402
46452487038,46452487041,3,1544,1427
46453318988,46453318991,3,2432,1797
46453487344,46453487349,5,1930,1247
46456865897,46456865898,1,1499,913
46457280745,46457280750,5,1703,1167
46460591533,46460591539,6,2385,1106
46462206694,46462206698,4,1949,1320
46464914377,46464914380,3,1659,1107
46465240874,46465240854,-20,2021,2093
46468000726,46468000729,3,2171,1471
46469813814,46469813819,5,1973,920
46478995015,46478995019,4,1869,957
46484538449,46484538454,5,2192,1324
46485809731,46485809734,3,2363,2085
46486260737,46486260741,4,2395,1551
46489366858,46489366861,3,1960,1535
46499224591,46499224589,-2,636,1031
46500694146,46500694150,4,2286,1115
46500768824,46500768842,18,1010,2455
46502546939,46502546943,4,1315,1253
46503421150,46503421153,3,2124,1112
46507488478,46507488483,5,3242,2147
46509605438,46509605421,-17,1533,1301
46518644389,46518644394,5,2417,1526
46519204621,46519204625,4,2162,1600
46520456916,46520456917,1,1236,1196
46522343362,46522343365,3,2633,1556
46524317897,46524317902,5,2781,2152
46529730614,46529730618,4,2468,2095
46539488747,46539488751,4,1664,905
46541555715,46541555714,-1,1627,1291
46542141198,46542141204,6,2147,2309
46542587928,46542587929,1,9606,9304
46544246190,46544246195,5,2167,1211
46545889830,46545889835,5,2120,1199
46546783757,46546783761,4,1174,620
46547111129,46547111131,2,1394,1202
46554220253,46554220259,6,2137,1388
46555347466,46555347471,5,2521,1990
46556259803,46556259810,7,2296,1621
46558525570,46558525574,4,1663,1175
46559768884,46559768889,5,2341,1198
46559864219,46559864237,18,918,624
46560313356,46560313360,4,1885,1050
46561543561,46561543566,5,2192,1359
46563291305,46563291309,4,2079,1120
46564342089,46564342093,4,1874,1498
46565801593,46565801599,6,1828,1728
46571795249,46571795254,5,1693,1300
46575064148,46575064152,4,1989,1112
46578335826,46578335832,6,2037,1224
46580041023,46580041026,3,1400,1651
46588077414,46588077411,-3,1551,1893
46589723063,46589723068,5,2450,1363
46591254058,46591254062,4,2215,1398
46592403263,46592403265,2,1481,1122
46593811506,46593811510,4,1755,934
46595900139,46595900141,2,1989,1263
46596602063,46596602066,3,2692,1712
46597387600,46597387604,4,1859,1528
46597470172,46597470189,17,1796,1231
46600608451,46600608455,4,2299,1070
46601903411,46601903414,3,1929,1054
46604325492,46604325495,3,2451,1631
46606590653,46606590659,6,1407,1381
46610058114,46610058118,4,1910,1411
46613427394,46613427398,4,1699,1061
46617314943,46617314948,5,1798,1124
46620145421,46620145425,4,1997,1630
46620337013,46620337017,4,1646,1261
46621737377,46621737374,-3,2499,5351
46626033743,46626033748,5,1931,1014
46630521949,46630521930,-19,14673,41915
46630815393,46630815386,-7,1731,2326
46636907058,46636907061,3,1434,1527
46637687290,46637687297,7,2761,1538
46640064073,46640064075,2,551,524
46642745458,46642745462,4,2544,1533
46644896697,46644896701,4,1799,1326
46646123630,46646123632,2,1838,1687
46651555806,46651555800,-6,2244,7361
46652222190,46652222195,5,2449,1082
46652375169,46652375173,4,1114,923
46655007911,46655007915,4,1746,1271
46655201270,46655201275,5,2196,913
46660333354,46660333358,4,3013,1496
46661960855,46661960859,4,1602,906
46663870743,46663870746,3,1687,1163
46664675725,46664675730,5,2085,1539
46664941841,46664941845,4,1412,1368
46665240536,46665240540,4,1874,1110
46666022627,46666022631,4,1348,1198
46670136391,46670136395,4,2137,1345
46670201058,46670201070,12,1805,934
46672952085,46672952091,6,2033,1093
46674678922,46674678924,2,1667,1670
46675927962,46675927967,5,3663,3196
46677925670,46677925675,5,2027,1403
46682091331,46682091333,2,1388,1058
46683197108,46683197113,5,1686,1462
46686260958,46686260961,3,2860,1418
46687698191,46687698190,-1,2901,3568
46694594289,46694594291,2,1314,1443
46695319323,46695319326,3,2837,1730
46695876921,46695876926,5,2217,1243
46696520063,46696520069,6,1916,1259
46707045503,46707045501,-2,1788,3243
46708817041,46708817053,12,1104,3039
46709404477,46709404481,4,3062,1334
46709933320,46709933322,2,1667,1357
46711077850,46711077854,4,2899,1674
46716161805,46716161810,5,1988,1537
46717989315,46717989316,1,1647,1062
46718329230,46718329235,5,2322,1713
46720278821,46720278823,2,1565,1482
46724295172,46724295177,5,2801,2005
46727393204,46727393207,3,2591,1638
46728240249,46728240254,5,3241,1153
46728642450,46728642468,18,2131,1135
46730623975,46730623980,5,2488,1112
46732866818,46732866823,5,2552,962
46734204437,46734204440,3,1421,1161
46745304177,46745304180,3,1760,1211
46745890195,46745890198,3,1995,1042
46748261958,46748261962,4,2111,1470
46749024123,46749024126,3,1531,977
46749482471,46749482477,6,3398,1724
46750546634,46750546638,4,2447,1944
46751851307,46751851312,5,2377,1280
46752333509,46752333513,4,1606,909
46757079821,46757079818,-3,980,1967
46764413897,46764413901,4,1978,1323
46769531555,46769531559,4,2739,1269
46772628581,46772628585,4,1330,1278
46772814241,46772814246,5,2560,1326
46773886694,46773886698,4,1865,1322
46776735814,46776735818,4,1948,1195
46781441073,46781441078,5,2417,1117
46785226045,46785226047,2,1664,1224
46787429166,46787429172,6,2812,1949
46793138631,46793138639,8,4703,1284
46793364101,46793364117,16,773,1639
46795926063,46795926065,2,2017,1251
46797263140,46797263146,6,2421,1596
46801352501,46801352505,4,2322,1536
46802750823,46802750828,5,2303,2088
46805030510,46805030517,7,2530,1402
46808550805,46808550812,7,1736,1191
46809409501,46809409499,-2,923,1795
46813476901,46813476904,3,2713,1390
46813793629,46813793633,4,1750,1315
46814079410,46814079413,3,1670,1182
46814366209,46814366190,-19,2156,926
46818057677,46818057680,3,1997,1438
46818454111,46818454114,3,1671,1065
46819208868,46819208871,3,1810,1713
46827542074,46827542079,5,2961,1746
46830651239,46830651245,6,2133,1099
46836838125,46836838129,4,1876,1083
46839150337,46839150341,4,2644,1462
46843889580,46843889585,5,2203,1632
46845919187,46845919193,6,2916,792
46847384909,46847384914,5,1550,1348
46849388555,46849388559,4,2243,1401
46849956260,46849956263,3,1741,895
46851009111,46851009113,2,2057,1252
46851574476,46851574482,6,2921,1064
46853019038,46853019042,4,1855,1216
46854794467,46854794472,5,1252,723
46855547126,46855547131,5,1194,1221
46856222310,46856222309,-1,1053,1529
46857650513,46857650518,5,2457,1155
46862799852,46862799866,14,334,1291
46870288017,46870288023,6,2044,1193
46871252006,46871252011,5,3418,1592
46873837773,46873837778,5,2127,1540
46876264671,46876264674,3,1977,1268
46879171062,46879171064,2,2329,1612
46881654733,46881654738,5,2165,1118
46882258027,46882258032,5,1654,1727
46882655263,46882655268,5,1544,1058
46883504378,46883504385,7,2091,983
46885591614,46885591617,3,1070,966
46888978366,46888978370,4,1824,1069
46891302966,46891302970,4,1404,938
46891878485,46891878490,5,2095,1288
46892131601,46892131614,13,745,196
46899854147,46899854150,3,1524,1150
46900083166,46900083182,16,1962,1269
46904259654,46904259657,3,2128,1383
46905856570,46905856574,4,2656,1987
46907068457,46907068459,2,1461,1296
46907272258,46907272264,6,2211,1055
46909051982,46909051986,4,900,1331
46910920237,46910920239,2,1343,1103
46910977131,46910977135,4,1532,1171
46913961739,46913961744,5,1990,1275
46916220842,46916220837,-5,1569,3133
46918753442,46918753448,6,1720,850
46920279835,46920279838,3,2499,1468
46921630957,46921630962,5,2914,1758
46921661162,46921661167,5,2171,1316
46923847719,46923847723,4,2166,1373
46923931245,46923931248,3,1583,1156
46928115445,46928115448,3,1610,1237
46928175018,46928175039,21,1914,1460
46931397602,46931397605,3,2103,2220
46932092229,46932092231,2,1383,1038
46937002173,46937002179,6,2171,1098
46937602822,46937602826,4,1954,1292
46937955071,46937955075,4,1916,1865
46937986633,46937986638,5,2489,1170
46938528257,46938528258,1,1239,756
46943130384,46943130387,3,2634,1478
46943918653,46943918657,4,2401,1302
46946409011,46946409017,6,2978,1718
46947969210,46947969214,4,1798,1320
46954315734,46954315739,5,1528,1251
46954925608,46954925613,5,1959,1406
46961579242,46961579235,-7,973,3699
46963102558,46963102563,5,1706,1656
46965206083,46965206086,3,2428,1564
46966668902,46966668907,5,2383,1950
46969053989,46969053990,1,1976,1527
46969330241,46969330263,22,921,920
46969672023,46969672022,-1,1121,1441
46970277825,46970277828,3,2458,1577
46971134886,46971134891,5,1318,1094
46971799089,46971799090,1,1506,1111
46971953864,46971953867,3,1419,971
46972669413,46972669416,3,1675,1185
46973995429,46973995435,6,1690,1360
46977540722,46977540727,5,2722,1456
46981174245,46981174249,4,1877,1072
46982015806,46982015809,3,2260,1853
46983625743,46983625747,4,2376,1140
46987585474,46987585478,4,1552,1005
46989404487,46989404484,-3,739,1557
46991449840,46991449835,-5,2666,7284
46992292436,46992292440,4,1801,1319
46996542402,46996542406,4,2467,1368
46997269947,46997269952,5,1293,869
46998841299,46998841303,4,1807,1386
47002310298,47002310299,1,1339,862
47003081322,47003081327,5,1334,1345
47004245620,47004245621,1,1435,1604
47005604103,47005604107,4,2520,1980
47011644602,47011644606,4,1892,837
47014860565,47014860568,3,2564,1350
47021354489,47021354494,5,2576,1593
47023867742,47023867746,4,2099,1324
47028999013,47028999019,6,1787,1501
47030520063,47030520066,3,2570,1315
47031247066,47031247045,-21,724,717
47036874622,47036874626,4,2153,1224
47036925550,47036925555,5,1898,1494
47039488326,47039488332,6,2044,1575
47041019487,47041019491,4,1784,1236
47048960310,47048960307,-3,1042,2349
47049625095,47049625096,1,1572,1703
47051024791,47051024795,4,1765,1139
47052953313,47052953322,9,2345,1433
47059869161,47059869167,6,1690,972
47061772554,47061772550,-4,892,1444
47064334887,47064334891,4,2066,1665
47067327142,47067327146,4,2243,1397
47068630190,47068630172,-18,1555,1960
47069084655,47069084652,-3,1315,2675
47069429749,47069429754,5,3188,1795
47069688175,47069688157,-18,2183,1991
47070159234,47070159242,8,1605,1111
47070947647,47070947650,3,2262,1285
47073726628,47073726631,3,1705,1223
47075072127,47075072131,4,1939,1414
47076926782,47076926788,6,3681,1896
47077964406,47077964407,1,1002,675
47081245621,47081245625,4,1738,1748
47088077022,47088077028,6,1720,1410
47090671546,47090671550,4,2521,1360
47093287130,47093287134,4,1519,1141
47095648048,47095648052,4,2802,1698
47100352586,47100352590,4,1815,1443
47104039877,47104039881,4,1201,762
47108558094,47108558098,4,2170,1269
47110411550,47110411555,5,1634,964
47112322833,47112322839,6,1420,718
47113311408,47113311413,5,2662,1337
47114630233,47114630235,2,1366,1395
47117556880,47117556887,7,2426,1471
47117629114,47117629115,1,1676,1001
47118051506,47118051507,1,1839,1234
47124265411,47124265415,4,1872,1309
47129128324,47129128326,2,2411,1821
47132282580,47132282582,2,2197,1540
47133520866,47133520870,4,1283,830
47133986387,47133986390,3,2009,1635
47135757353,47135757355,2,1721,1323
47135793060,47135793065,5,2291,1186
47136154017,47136154021,4,2138,1380
47139634357,47139634362,5,3260,1636
47139740173,47139740179,6,2208,1506
47140237399,47140237403,4,1847,1164
47143845078,47143845079,1,1686,1019
47146518398,47146518402,4,2429,968
47149114931,47149114936,5,2659,1610
47149153491,47149153495,4,2412,1406
47149187862,47149187867,5,1720,1105
47149300524,47149300521,-3,2464,5495
47151335981,47151335985,4,2009,1497
47154725586,47154725590,4,2106,1997
47158159530,47158159535,5,1775,1320
47161232175,47161232177,2,1982,1316
47162730800,47162730797,-3,1008,2613
47164243174,47164243179,5,1949,1258
47164594078,47164594081,3,2053,1712
47170924043,47170924047,4,1196,837
47172283051,47172283055,4,1845,1237
47172884776,47172884758,-18,1800,1037
47174605939,47174605942,3,1683,1586
47176233230,47176233235,5,1302,1273
47183804990,47183804996,6,2364,1094
47185782941,47185782945,4,3553,1804
47185841829,47185841834,5,1928,1251
47190803791,47190803795,4,1473,671
47196856182,47196856185,3,1774,1021
47207775072,47207775075,3,2301,1212
47209418346,47209418350,4,1571,1168
47212309953,47212309957,4,1185,951
47220936850,47220936855,5,2353,1472
47223154508,47223154510,2,1331,1388
47223450378,47223450378,0,1779,2438
47226386820,47226386819,-1,1475,2279
47226558710,47226558707,-3,902,4348
47227433299,47227433301,2,1075,676
47229175451,47229175457,6,1930,995
47229628762,47229628742,-20,2132,896
47233328013,47233328016,3,1748,1186
47235202574,47235202578,4,2125,1239
47242409019,47242409025,6,1988,1407
47243157436,47243157441,5,1548,1070
47245621867,47245621865,-2,24434,33677
47246074057,47246074051,-6,824,2006
47246223485,47246223490,5,1810,1132
47246392753,47246392757,4,2267,1389
47247107561,47247107561,0,1594,2175
47248008562,47248008566,4,1670,1069
47248619987,47248619964,-23,1525,1121
47249020378,47249020383,5,3000,1891
47250041487,47250041491,4,2410,1027
47252970498,47252970504,6,2205,1302
47253089497,47253089502,5,2216,1497
47253534797,47253534802,5,1419,1259
47254965971,47254965974,3,1141,712
47257512106,47257512094,-12,239,1204
47258369398,47258369401,3,1875,1442
47258473252,47258473255,3,2501,1581
47259514527,47259514531,4,1941,1484
47259927430,47259927433,3,30301,25281
47260237598,47260237602,4,1301,1108
47261335636,47261335639,3,2277,2024
47264471321,47264471326,5,1869,1325
47266175104,47266175107,3,2418,1392
47268592858,47268592862,4,1992,1528
47273036301,47273036302,1,3011,2145
47275513494,47275513498,4,2660,1501
47276144966,47276144970,4,1760,1115
47279958402,47279958405,3,1946,1431
47281544145,47281544150,5,2487,1408
47282104430,47282104434,4,1908,1351
47286814196,47286814199,3,2687,1704
47287679235,47287679238,3,1323,1148
47289972184,47289972187,3,1814,811
47293891840,47293891843,3,2498,1641
47293968338,47293968342,4,2307,1126
47297452725,47297452730,5,1256,1297
47301408254,47301408255,1,1896,1389
47305728513,47305728503,-10,1595,1239
47306073866,47306073870,4,2202,1272
47310085202,47310085206,4,1756,989
47310180175,47310180178,3,2023,934
47314504815,47314504817,2,2075,1753
47317973947,47317973951,4,949,1087
47320841777,47320841782,5,2306,1263
47323943522,47323943527,5,2272,1668
47324541501,47324541505,4,2699,1660
47324709103,47324709106,3,1525,1273
47324913961,47324913962,1,908,1298
47328783281,47328783284,3,1880,1616
47328991315,47328991294,-21,2367,1326
47333432954,47333432959,5,2305,1187
47335810675,47335810679,4,2298,1321
47335931679,47335931660,-19,1622,455
47336522643,47336522646,3,2130,1239
47337719446,47337719451,5,1383,948
47339471205,47339471209,4,2330,1510
47339836833,47339836835,2,1208,1091
47340033055,47340033059,4,2446,1283
47343103847,47343103851,4,1743,989
47344856694,47344856698,4,3800,1644
47346627146,47346627150,4,2827,1116
47349742588,47349742590,2,1976,1678
47354663389,47354663393,4,2134,1445
47354881473,47354881476,3,2337,1807
47356239026,47356239030,4,1753,1266
47366211422,47366211428,6,2645,956
47368472998,47368473002,4,2807,1091
47372913201,47372913206,5,1914,872
47377606921,47377606922,1,1134,1213
47381033358,47381033359,1,1959,1166
47391982790,47391982792,2,1959,1620
47394277055,47394277060,5,3133,1699
47397168434,47397168439,5,1790,1095
47400716155,47400716159,4,2850,1723
47405583778,47405583781,3,978,1283
47407431107,47407431114,7,1974,1413
47408668728,47408668731,3,10367,7859
47410555325,47410555330,5,2400,1522
47411943587,47411943590,3,1838,1179
47412454004,47412454010,6,3422,1369
47415654330,47415654334,4,1625,1322
47415902383,47415902381,-2,1555,1314
47418042870,47418042875,5,1574,734
47420314866,47420314845,-21,2308,1308
47422430850,47422430854,4,2404,1752
47423648382,47423648387,5,2184,1043
47424141745,47424141750,5,2128,1336
47424441254,47424441258,4,2381,1975
47430349662,47430349666,4,1760,1143
47432744561,47432744564,3,1316,1183
47433506847,47433506850,3,2073,1301
47444277554,47444277559,5,1933,1473
47447094111,47447094114,3,1865,1459
47449547835,47449547829,-6,3340,8777
47450302493,47450302496,3,2362,1592
47450646440,47450646446,6,2047,1291
47451432850,47451432854,4,1667,1460
47454289518,47454289523,5,1670,1432
47455354298,47455354301,3,1721,1427
47456716416,47456716421,5,2405,1706
47457200752,47457200755,3,2728,1392
47461406135,47461406141,6,2046,1386
47463413216,47463413219,3,1793,1186
47468250776,47468250781,5,2386,1268
47474434365,47474434370,5,1826,1390
47474970960,47474970963,3,1939,1198
47476028526,47476028531,5,1853,1198
47477891985,47477891987,2,1867,1373
47481843674,47481843678,4,2140,1326
47483743016,47483743010,-6,1289,3008
47484561626,47484561631,5,2374,1577
47485532463,47485532465,2,1910,1131
47490168447,47490168453,6,1478,1349
47491024663,47491024667,4,1279,699
47496529994,47496529997,3,1984,1054
47498191627,47498191630,3,1942,1019
47498767601,47498767605,4,2053,1200
47499161802,47499161807,5,1868,1068
47501563373,47501563381,8,15337,54082
47502313933,47502313938,5,1848,1318
47502953217,47502953222,5,1559,1006
47503679436,47503679443,7,2525,1131
47512224732,47512224735,3,2029,1257
47513084954,47513084959,5,1616,1300
47514042530,47514042535,5,1875,923
47514256602,47514256608,6,1822,1070
47515698758,47515698763,5,2542,2439
47518105229,47518105225,-4,1298,3013
47520957238,47520957241,3,1882,1686
47522821010,47522821014,4,1864,1227
47522897757,47522897742,-15,1368,952
47525133892,47525133895,3,2033,1240
47528297490,47528297495,5,2120,1399
47531269466,47531269470,4,2272,1459
47531393112,47531393111,-1,989,1832
47542364163,47542364167,4,1805,1167
47543162643,47543162647,4,1464,881
47548974242,47548974246,4,2859,1477
47549361102,47549361106,4,1604,966
47550157439,47550157445,6,1514,1149
47558517846,47558517845,-1,1501,1436
47559919113,47559919118,5,2275,1521
47567927949,47567927955,6,1698,835
47571218226,47571218230,4,1274,1333
47573390994,47573390998,4,1884,1412
47577040600,47577040603,3,2039,1653
47577711277,47577711281,4,2381,1837
47578295002,47578295006,4,1535,1269
47582964627,47582964626,-1,2104,3662
47583599858,47583599863,5,2150,1262
47584655763,47584655740,-23,2726,1707
47586277511,47586277517,6,1692,1246
47591979074,47591979079,5,2863,1763
47593436518,47593436525,7,6763,1986
47601416815,47601416819,4,1767,1268
47603499073,47603499078,5,2515,1379
47604159597,47604159582,-15,659,559
47605397783,47605397787,4,1357,1118
47607099629,47607099634,5,7455,36267
47608586914,47608586918,4,1836,1217
47608616447,47608616452,5,1159,867
47612415250,47612415253,3,1237,849
47613945445,47613945450,5,2126,1178
47614754715,47614754717,2,1768,1308
47618186102,47618186106,4,1411,843
47621419555,47621419559,4,1689,1134
47626623758,47626623763,5,2018,1369
47627481534,47627481543,9,2058,1572
47627514707,47627514707,0,29761,21982
47633974622,47633974627,5,2579,1549
47634080784,47634080787,3,1838,1379
47637413753,47637413757,4,2606,2064
47640373926,47640373931,5,2429,1324
47643393006,47643393011,5,1949,1322
47648008435,47648008436,1,1677,1461
47652756962,47652756965,3,1559,1173
47654164611,47654164615,4,2139,1434
47656310066,47656310062,-4,16638,17259
47658120813,47658120818,5,1732,1079
47658273010,47658273012,2,1347,1691
47660005097,47660005093,-4,907,5207
47660258598,47660258602,4,1361,1052
47660752013,47660752018,5,3152,1423
47661421375,47661421379,4,1473,1130
47664131670,47664131675,5,1790,1286
47666585383,47666585388,5,2385,1578
47668705794,47668705798,4,2090,1341
47670225137,47670225142,5,2435,1339
47670620473,47670620493,20,1661,1274
47673157402,47673157405,3,2281,1306
47674973762,47674973767,5,1421,1084
47682232975,47682232968,-7,1072,3268
47682499298,47682499303,5,2251,1192
47684171791,47684171782,-9,1132,977
47687045594,47687045594,0,1228,1857
47687379150,47687379155,5,2068,1342
47689483923,47689483927,4,2516,1714
47690522655,47690522658,3,1721,1143
47690569554,47690569575,21,1422,978
47694218974,47694218978,4,1777,1256
47697333521,47697333526,5,1163,1011
47697820368,47697820373,5,2272,911
47700565430,47700565434,4,1814,1047
47701834931,47701834935,4,2503,1345
47702553722,47702553726,4,1649,1353
47702688394,47702688398,4,1612,1181
47706503753,47706503758,5,2028,1692
47708743788,47708743791,3,1890,1184
47712865510,47712865513,3,1374,1354
47715009511,47715009515,4,1756,1236
47715441669,47715441676,7,2010,1244
47717812977,47717812959,-18,1410,1025
47720480122,47720480128,6,2359,1176
47722638674,47722638677,3,1988,1753
47723039446,47723039450,4,1738,917
47723769416,47723769420,4,1660,1156
47725712990,47725712995,5,2091,1303
47725821894,47725821899,5,2316,1452
47726256104,47726256106,2,1711,1347
47730077009,47730077013,4,1252,718
47730618412,47730618415,3,3189,1494
47732814527,47732814533,6,1690,1684
47739212420,47739212425,5,2259,876
47745991759,47745991764,5,1930,1559
47746033155,47746033160,5,1504,755
47747781082,47747781087,5,1886,1732
47748575049,47748575053,4,2330,1839
47749150693,47749150697,4,2193,1395
47749844334,47749844321,-13,1476,938
47752796241,47752796246,5,2076,1371
47755762262,47755762243,-19,2221,999
47756035027,47756035024,-3,1079,1962
47760975595,47760975600,5,3527,1565
47764756525,47764756530,5,2658,1562
47765456187,47765456190,3,1546,928
47768879298,47768879302,4,1969,1212
47769742043,47769742047,4,1931,1495
47770224674,47770224679,5,1874,1212
47775873860,47775873863,3,2087,1273
47776717305,47776717308,3,2600,1404
47778995826,47778995830,4,1619,1063
47779376650,47779376654,4,1891,1599
47779924102,47779924105,3,1212,1404
47780107613,47780107617,4,1536,1341
47783663998,47783664002,4,2013,1487
47785078038,47785078040,2,1585,1523
47786210413,47786210415,2,1704,1061
47788879820,47788879827,7,1852,754
47789620930,47789620933,3,2123,1091
47791687196,47791687201,5,2161,1235
47793380875,47793380881,6,1554,1207
47794776019,47794776023,4,2038,1465
47800521781,47800521786,5,2004,1235
47801845616,47801845597,-19,1782,1412
47804097754,47804097757,3,1911,1405
47805042700,47805042705,5,2508,1315
47812802417,47812802418,1,1517,1117
47818724244,47818724247,3,2231,1717
47821133814,47821133821,7,2807,1245
47821679470,47821679474,4,1490,1533
47821858782,47821858785,3,1648,1392
47821980790,47821980774,-16,1272,579
47824723547,47824723527,-20,2464,1322
47825578749,47825578754,5,2041,1450
47825654680,47825654662,-18,1386,719
47829643893,47829643898,5,1834,1419
47830398155,47830398160,5,1729,1147
47835376722,47835376726,4,2145,1477
47837609438,47837609442,4,2181,1485
47838201306,47838201311,5,1504,1292
47843608965,47843608970,5,1585,1342
47843962923,47843962927,4,2121,1177
47846215705,47846215700,-5,288,1361
47850453204,47850453207,3,1393,1031
47851024697,47851024699,2,1715,1271
47858856505,47858856513,8,1799,837
47859880085,47859880089,4,2098,1221
47863961484,47863961488,4,1736,1031
47876447169,47876447170,1,1256,1081
47877675950,47877675952,2,1983,1463
47878852806,47878852810,4,1989,1076
47885722924,47885722922,-2,1206,3056
47890980962,47890980966,4,2003,1107
47893111325,47893111330,5,1589,1366
47893643184,47893643186,2,1675,1172
47896442578,47896442581,3,1650,1248
47900604314,47900604317,3,2097,1309
47902177570,47902177569,-1,1597,2517
47903068777,47903068781,4,1424,1280
47904081970,47904081975,5,2651,1194
47904641386,47904641389,3,1409,1238
47905868968,47905868970,2,2120,1140
47905935005,47905934990,-15,1674,1370
47908357253,47908357257,4,2040,1045
47912208199,47912208203,4,1910,1695
47913157962,47913157961,-1,1649,2579
47918585589,47918585594,5,1451,666
47918719205,47918719210,5,1753,1122
47921064479,47921064483,4,2369,1817
47927017606,47927017610,4,1647,1316
47928629675,47928629682,7,1017,467
47929505210,47929505216,6,1588,1414
47930520786,47930520782,-4,2065,5444
47930847014,47930847019,5,2269,1594
47937722993,47937722999,6,2744,1214
47939551749,47939551754,5,1544,637
47942978806,47942978812,6,2274,1146
47943138421,47943138438,17,1528,1373
47943277182,47943277183,1,94,909
47945613097,47945613101,4,1744,1414
47945826383,47945826387,4,1857,1172
47947093848,47947093847,-1,920,1286
47947385034,47947385033,-1,1717,3133
47950533358,47950533362,4,2585,1555
47952761285,47952761295,10,721,238
47957972555,47957972557,2,1697,1187
47959918440,47959918442,2,1256,1172
47963346697,47963346701,4,1589,1237
47967334849,47967334853,4,1942,1466
47967756866,47967756844,-22,1955,1618
47970460705,47970460709,4,1540,1200
47970826910,47970826911,1,2055,1605
47974162118,47974162099,-19,1433,1013
47974436753,47974436755,2,2058,1342
47975112105,47975112107,2,1612,1332
47977717697,47977717699,2,1716,1385
47982405915,47982405919,4,2144,1256
47986737734,47986737737,3,1278,1127
47988730739,47988730742,3,2370,1807
47989574658,47989574664,6,2411,1465
47989932111,47989932115,4,3280,1825
47995840568,47995840573,5,2364,1548
47996946856,47996946859,3,1660,1374
47999427038,47999427038,0,1446,1587
48004835894,48004835899,5,1906,861
48005528998,48005529003,5,3264,2042
48009207892,48009207897,5,1779,876
48009727836,48009727841,5,1323,994
48015524542,48015524546,4,1729,894
48017041287,48017041291,4,2139,2169
48017596479,48017596483,4,1705,1189
48018489258,48018489263,5,1979,996
48018728723,48018728728,5,1368,743
48019816861,48019816866,5,1881,1450
48020414778,48020414782,4,1363,982
48020664921,48020664917,-4,1455,3862
48022997100,48022997105,5,2523,1684
48031481646,48031481650,4,2281,1307
48032412577,48032412583,6,4545,1106
48033069052,48033069053,1,1887,1637
48033895959,48033895963,4,2700,973
48037296964,48037296967,3,2254,1368
48039150300,48039150304,4,2365,1235
48042345741,48042345746,5,995,780
48045559435,48045559439,4,1932,1090
48048048593,48048048594,1,1186,2547
48052538317,48052538322,5,2544,1608
48052721654,48052721660,6,1621,670
48054839702,48054839707,5,1982,1386
48055758067,48055758071,4,2078,1933
48062261923,48062261927,4,2631,1454
48066140440,48066140443,3,1671,1070
48071144292,48071144296,4,1222,1570
48073476054,48073476058,4,1835,1168
48075283571,48075283576,5,2708,918
48076328635,48076328642,7,2412,1322
48077252201,48077252205,4,2398,1265
48078717571,48078717575,4,2672,1571
48081480943,48081480950,7,2239,2553
48082208541,48082208545,4,2351,1260
48084638842,48084638847,5,1387,851
48084870008,48084869989,-19,2419,1464
48085208336,48085208339,3,1542,1353
48095126810,48095126815,5,1492,1122
48101017489,48101017492,3,1658,1161
48103399591,48103399584,-7,31720,11951
48104520681,48104520685,4,1887,1113
48105701494,48105701499,5,1670,1043
48108896248,48108896252,4,2746,1230
48110102254,48110102257,3,1955,1559
48111043867,48111043871,4,2507,1174
48113965893,48113965894,1,1922,2117
48116007551,48116007554,3,1559,870
48117076630,48117076633,3,1454,1951
48117484142,48117484146,4,2432,1625
48118848187,48118848187,0,949,1066
48119277526,48119277540,14,2049,1181
48123736604,48123736607,3,2353,962
48124012120,48124012122,2,1964,1551
48124641322,48124641327,5,2148,1168
48124776145,48124776132,-13,1214,503
48126213748,48126213751,3,2243,903
48127318154,48127318157,3,1426,948
48128989897,48128989901,4,2592,1185
48135943466,48135943469,3,2074,1277
48138660422,48138660425,3,1078,591
48139232335,48139232339,4,1293,715
48140060858,48140060863,5,2435,1740
48140264882,48140264886,4,2417,1419
48140673889,48140673893,4,1205,1021
48143964582,48143964587,5,2440,1165
48144060897,48144060902,5,1684,935
48144331505,48144331487,-18,1298,1267
48145692480,48145692484,4,2045,1204
48146324154,48146324160,6,1493,1121
48153250505,48153250507,2,2097,1493
48155125970,48155125972,2,2382,1622
48164698143,48164698141,-2,2430,11650
48166077554,48166077557,3,1439,1575
48171958017,48171958021,4,1220,978
48173223784,48173223787,3,2363,1432
48173766334,48173766340,6,1685,1208
48174027651,48174027654,3,1769,1483
48177116111,48177116115,4,1146,1077
48183696746,48183696750,4,3119,1550
48185138598,48185138601,3,2722,2022
48187487365,48187487370,5,2078,1371
48188605110,48188605114,4,2186,1053
48193037490,48193037496,6,2603,1622
48193343702,48193343707,5,1067,747
48194083677,48194083680,3,1872,1030
48196937194,48196937199,5,2168,1189
48205542858,48205542857,-1,1817,1557
48205901442,48205901448,6,1695,1639
48209721353,48209721357,4,2430,1489
48209960907,48209960909,2,1890,1057
48211370029,48211370031,2,1882,1405
48212897249,48212897238,-11,1290,2627
48218625673,48218625675,2,2121,1292
48220496311,48220496292,-19,819,438
48224892613,48224892619,6,19164,38055
48227320565,48227320559,-6,730,1993
48228127698,48228127702,4,2068,1205
48235620389,48235620395,6,2170,1171
48236569150,48236569154,4,2072,1191
48241637442,48241637446,4,2138,1500
48242334586,48242334590,4,2080,1407
48243203275,48243203280,5,2258,1354
48244162713,48244162719,6,2715,1164
48244435005,48244435027,22,232,588
48248242876,48248242883,7,1378,1108
48248753911,48248753914,3,1634,1166
48250096436,48250096439,3,1751,906
48252640945,48252640950,5,1424,923
48254974845,48254974847,2,1892,1690
48257136265,48257136271,6,2074,889
48259130598,48259130603,5,2837,1724
48259740377,48259740381,4,1980,1279
48261880807,48261880810,3,2212,1718
48264067451,48264067455,4,1864,1816
48265807279,48265807284,5,2058,1102
48266135175,48266135181,6,2269,1043
48269032077,48269032081,4,2769,1357
48270847129,48270847133,4,1816,1473
48271342824,48271342831,7,2310,1345
48272133046,48272133049,3,2235,1067
48273155873,48273155879,6,2015,1333
48277385347,48277385351,4,1613,1029
48277499024,48277499039,15,1695,1057
48287471256,48287471259,3,2178,1135
48291502297,48291502299,2,1778,829
48295022301,48295022304,3,1627,1274
48295201478,48295201460,-18,749,228
48295591051,48295591054,3,2684,1534
48299371234,48299371239,5,3523,1948
48301086516,48301086519,3,2396,1460
48308184571,48308184577,6,2714,1500
48308312125,48308312129,4,2157,1504
48308792413,48308792418,5,2345,1264
48309595351,48309595357,6,1798,1064
48311077430,48311077434,4,2075,1328
48315924937,48315924942,5,2747,1371
48316095207,48316095211,4,2524,1623
48317997708,48317997705,-3,1737,3301
48324886091,48324886085,-6,1041,5527
48326124222,48326124225,3,2591,1592
48327428967,48327428969,2,1534,1081
48327754183,48327754189,6,2374,1300
48328201513,48328201515,2,2724,3683
48329892720,48329892722,2,2195,1305
48334239168,48334239174,6,3446,965
48335491315,48335491319,4,1686,1491
48342000970,48342000974,4,1488,1007
48345559499,48345559503,4,19760,50574
48348423686,48348423691,5,1438,1089
48351279507,48351279513,6,1632,860
48353385621,48353385625,4,1953,1505
48357891071,48357891077,6,2792,1371
48359770763,48359770781,18,1703,1332
48362845021,48362845026,5,2263,1473
48363509776,48363509796,20,2043,1332
48366830744,48366830747,3,1224,814
48367172331,48367172335,4,1872,1830
48369576325,48369576329,4,1680,1287
48371461245,48371461248,3,2447,1407
48374479875,48374479879,4,1863,924
48375465930,48375465933,3,2123,1502
48376561230,48376561234,4,1795,1364
48379855643,48379855647,4,1229,986
48380944700,48380944704,4,1586,1278
48381448898,48381448903,5,2201,1293
48382236263,48382236267,4,2561,1871
48384079799,48384079805,6,2096,1141
48385835658,48385835661,3,2122,1502
48386064421,48386064425,4,2058,1269
48388710681,48388710686,5,1627,1035
48390864877,48390864882,5,1586,1105
48391406018,48391406023,5,1270,925
48398483021,48398483025,4,2326,1122
48404806041,48404806046,5,2147,1551
48404853994,48404853975,-19,938,807
48404938845,48404938848,3,3015,1735
48411197609,48411197613,4,1361,1302
48415115667,48415115670,3,2168,1025
48418421680,48418421682,2,2294,1707
48427490605,48427490608,3,1707,1419
48427554929,48427554949,20,1570,1146
48428264267,48428264253,-14,1608,1001
48429840414,48429840409,-5,1068,3255
48431810398,48431810402,4,2236,1239
48432737335,48432737339,4,1505,897
48434892386,48434892389,3,1097,1250
48435101365,48435101371,6,2577,1683
48437736616,48437736614,-2,1289,1901
48438777773,48438777777,4,1301,1246
48439515374,48439515374,0,1598,1800
48440893195,48440893198,3,2938,1902
48441299638,48441299642,4,2056,1270
48442175590,48442175594,4,1678,1173
48443984781,48443984785,4,1990,1293
48445276949,48445276955,6,2343,1537
48446791137,48446791141,4,1480,1195
48447654162,48447654167,5,1798,1236
48448378061,48448378067,6,2181,1605
48448660578,48448660582,4,2960,1496
48451182777,48451182780,3,3083,1660
48453435097,48453435100,3,1805,1741
48453866401,48453866407,6,1786,942
48454821400,48454821403,3,1614,976
48455113614,48455113600,-14,1837,914
48459589545,48459589530,-15,47178,19871
48462804518,48462804522,4,2141,1277
48464001190,48464001192,2,2083,1666
48464724251,48464724255,4,2352,1376
48466292022,48466292026,4,2957,1442
48466560174,48466560179,5,1674,1017
48472942122,48472942127,5,2453,1622
48474983833,48474983831,-2,1065,2221
48480391193,48480391195,2,1853,1107
48480782667,48480782656,-11,818,600
48480987450,48480987454,4,2067,1406
48484581874,48484581879,5,1715,819
48487448234,48487448239,5,1456,1666
48488350660,48488350664,4,2348,1470
48488492478,48488492486,8,12421,20895
48489353668,48489353673,5,2090,1475
48489535050,48489535055,5,1347,767
48489798210,48489798219,9,3958,1251
48495151170,48495151175,5,2222,1485
48495611006,48495611010,4,1696,1647
48496501205,48496501208,3,2418,1357
48497823318,48497823323,5,1076,996
48498970154,48498970156,2,1839,1798
48500952365,48500952370,5,1252,878
48503838788,48503838792,4,2296,1297
48506429574,48506429578,4,1442,1151
48506768485,48506768489,4,2840,1866
48512102766,48512102768,2,2328,1493
48512357629,48512357631,2,1552,1022
48512535326,48512535326,0,4093,4120
48515780702,48515780707,5,2016,1424
48517590269,48517590273,4,1729,939
48518706037,48518706041,4,2260,1328
48523832747,48523832753,6,2784,1609
48525636118,48525636123,5,2041,1050
48529813645,48529813649,4,1704,948
48531313530,48531313533,3,1539,1020
48532105180,48532105176,-4,1489,3389
48532417774,48532417777,3,1820,1720
48533286970,48533286975,5,7816,2745
48533576755,48533576757,2,1668,1303
48535996670,48535996670,0,1967,2747
48536358523,48536358526,3,1747,1486
48536553094,48536553099,5,2622,885
48537582357,48537582362,5,2122,1425
48538485765,48538485770,5,999,792
48539107028,48539107034,6,1301,1180
48539596058,48539596064,6,2164,1511
48550338854,48550338857,3,1764,924
48552986232,48552986237,5,1925,1492
48556168433,48556168437,4,1693,1439
48557202986,48557202990,4,1421,1308
48557386201,48557386181,-20,2170,1436
48557998080,48557998083,3,2948,1187
48559245926,48559245932,6,2105,1290
48560140113,48560140115,2,1656,1432
48561991649,48561991656,7,10166,33369
48565202734,48565202737,3,1556,879
48565764040,48565764044,4,2478,1861
48566826731,48566826737,6,1986,1294
48568684492,48568684495,3,1660,937
48569377730,48569377734,4,2066,1167
48570628781,48570628787,6,2121,774
48572738618,48572738622,4,2658,1715
48577464886,48577464891,5,3415,1059
48578735850,48578735851,1,2770,3779
48579853898,48579853902,4,2277,1625
48580641263,48580641266,3,2292,1590
48581842402,48581842406,4,2241,1508
48582589820,48582589826,6,1927,1414
48587617726,48587617730,4,2309,1401
48587920995,48587921003,8,10394,20261
48588586193,48588586195,2,1869,1309
48592109885,48592109888,3,1932,1098
48600696577,48600696580,3,1470,1303
48604061692,48604061695,3,2613,1299
48607388215,48607388218,3,2118,1405
48609531000,48609531006,6,1544,937
48611953778,48611953783,5,2096,720
48613722226,48613722230,4,1681,1456
48614027708,48614027712,4,2021,1526
48622693302,48622693299,-3,2395,3726
48623935001,48623935001,0,32494,27288
48629777806,48629777798,-8,2579,11676
48636041569,48636041573,4,1859,1103
48636258458,48636258464,6,1633,1382
48636918129,48636918150,21,2339,1747
48638189942,48638189946,4,2175,1866
48640070123,48640070125,2,2625,2107
48640467899,48640467906,7,1505,1234
48641392418,48641392421,3,1677,1371
48641873733,48641873737,4,2581,1748
48641962380,48641962382,2,1760,1531
48642133770,48642133773,3,2088,1306
48643372909,48643372911,2,3847,3930
48645899173,48645899179,6,2977,1355
48646493046,48646493055,9,935,2039
48646770969,48646770974,5,1621,1210
48650080885,48650080889,4,2218,1289
48652389236,48652389236,0,1360,2666
48655968187,48655968188,1,2298,1996
48656403242,48656403246,4,1695,1263
48662564687,48662564692,5,1065,1146
48668968434,48668968438,4,2001,1455
48672242304,48672242306,2,105,1661
48672725993,48672725998,5,1991,1518
48676270315,48676270318,3,1648,1083
48681495936,48681495941,5,1627,1245
48683354171,48683354177,6,1033,866
48685737578,48685737583,5,1910,931
48685837050,48685837062,12,402,260
48686218910,48686218914,4,2140,1348
48686606468,48686606455,-13,1561,1250
48687190901,48687190905,4,1820,1219
48688852478,48688852483,5,1976,1345
48692285369,48692285374,5,2652,1370
48705527808,48705527811,3,1712,1079
48707218177,48707218180,3,2314,1569
48707369242,48707369263,21,1855,1288
48707940947,48707940964,17,776,421
48714724174,48714724177,3,2235,1502
48718872615,48718872615,0,9490,12305
48719040781,48719040769,-12,1309,1020
48722431808,48722431811,3,2176,1399
48726349737,48726349742,5,1939,1602
48736781154,48736781158,4,2723,1358
48737018419,48737018415,-4,886,2558
48741319715,48741319718,3,2122,1244
48743304309,48743304315,6,4253,1728
48743394310,48743394314,4,2801,1309
48744971927,48744971929,2,1591,1313
48747227448,48747227451,3,1669,1217
48752383396,48752383401,5,4626,22426
48753121782,48753121781,-1,1835,3457
48755274106,48755274110,4,2161,1692
48759353817,48759353822,5,1583,985
48759413894,48759413896,2,677,399
48759679898,48759679892,-6,1133,2160
48763536126,48763536129,3,2501,1542
48771546880,48771546884,4,1954,1479
48771628286,48771628272,-14,1996,1543
48772094594,48772094597,3,1697,915
48772874933,48772874936,3,1858,1098
48773851070,48773851074,4,1670,1259
48779018936,48779018939,3,1713,1195
48780439188,48780439193,5,2621,1359
48783165578,48783165583,5,1993,1506
48784909443,48784909446,3,1521,1814
48785925592,48785925595,3,1262,1041
48790268922,48790268926,4,1842,1141
48793590226,48793590231,5,1955,1178
48797709695,48797709698,3,1601,1338
48798018571,48798018549,-22,763,171
48800237811,48800237815,4,2083,1452
48801970927,48801970931,4,2780,1696
48802212072,48802212079,7,3147,1371
48805688197,48805688200,3,2170,1805
48806549231,48806549247,16,2363,1047
48807333154,48807333156,2,1854,1846
48810523395,48810523401,6,2863,1590
48811677973,48811677977,4,1933,1139
48812188851,48812188854,3,1266,915
48816512153,48816512157,4,1623,1299
48819087965,48819087970,5,1176,1464
48823946766,48823946770,4,1378,1080
48824023246,48824023251,5,2576,1142
48824294228,48824294230,2,1652,1646
48825086434,48825086437,3,1938,1238
48827184851,48827184855,4,1243,1045
48831038678,48831038675,-3,911,1892
48832394716,48832394718,2,1880,1514
48840539330,48840539336,6,2312,1390
48842557736,48842557740,4,2712,1734
48843832469,48843832474,5,2085,1742
48845055155,48845055159,4,1925,1662
48846125578,48846125583,5,1856,1443
48847733075,48847733081,6,2753,1239
48848346255,48848346259,4,1221,1274
48851008822,48851008827,5,766,234
48851839477,48851839464,-13,1598,889
48855885874,48855885879,5,1814,1094
48859048958,48859048962,4,1411,1286
48859759469,48859759469,0,1465,1688
48866654030,48866654033,3,2280,1500
48866752157,48866752165,8,952,893
48870045809,48870045813,4,2346,1525
48872735887,48872735890,3,1538,1357
48872796949,48872796965,16,1931,1551
48873050116,48873050122,6,13096,26541
48876751330,48876751330,0,1492,1010
48876899402,48876899381,-21,1224,950
48877196584,48877196580,-4,1058,2912
48879318425,48879318425,0,848,2011
48879531821,48879531827,6,1680,1002
48880390250,48880390230,-20,1746,924
48880771916,48880771918,2,1535,1747
48881035889,48881035893,4,1954,1320
48883424641,48883424646,5,1554,1436
48885688601,48885688605,4,2230,1614
48886665070,48886665073,3,1386,1286
48887436875,48887436874,-1,1022,1971
48888789915,48888789920,5,3573,2190
48889828317,48889828321,4,1320,851
48890327657,48890327658,1,1775,1058
48894809541,48894809546,5,2474,1044
48896417865,48896417869,4,1300,1150
48899614144,48899614148,4,2358,1487
48901802293,48901802297,4,1690,1402
48903674253,48903674258,5,2167,1378
48906709233,48906709242,9,1488,940
48907887094,48907887098,4,1752,1174
48909127018,48909127023,5,1795,1311
48909724121,48909724115,-6,2833,8030
48912269386,48912269390,4,1234,995
48916955099,48916955104,5,2920,1845
48921916412,48921916418,6,2325,1242
48922854948,48922854953,5,1626,1157
48926553374,48926553378,4,3231,1627
48926680300,48926680305,5,1649,1125
48926799767,48926799748,-19,1313,826
48928599111,48928599115,4,2414,1757
48930505736,48930505739,3,1548,1533
48930915820,48930915826,6,2269,1269
48931657938,48931657939,1,1249,1408
48933912598,48933912602,4,1648,1142
48934733603,48934733606,3,1941,1203
48935146129,48935146132,3,1376,1306
48935875490,48935875491,1,2861,3322
48936177723,48936177727,4,2036,1620
48937828763,48937828773,10,9138,46095
48940358467,48940358472,5,1267,1217
48944027825,48944027828,3,2042,1605
48944250985,48944250991,6,2556,1927
48945097818,48945097821,3,1600,1516
48949900557,48949900562,5,1620,1059
48951555868,48951555872,4,1836,1422
48959529098,48959529100,2,2082,1536
48960230318,48960230324,6,3313,1162
48960557602,48960557613,11,1452,649
48967348814,48967348815,1,1479,1263
48968815532,48968815535,3,2751,1475
48973576283,48973576287,4,2180,1001
48974593483,48974593487,4,2908,1576
48974882303,48974882307,4,2477,1554
48976626152,48976626155,3,1739,1432
48980692174,48980692178,4,1869,1105
48981026219,48981026226,7,8254,2427
48986992927,48986992933,6,2265,1369
48987314185,48987314190,5,1764,1531
48988599333,48988599337,4,1344,1477
48992676256,48992676258,2,3774,3016
48992884507,48992884510,3,2100,1696
48993067447,48993067451,4,2419,1645
48994095498,48994095501,3,2546,1188
48999030832,48999030837,5,1587,1470
48999899387,48999899384,-3,1042,2140
49000327951,49000327955,4,1474,1497
49000747963,49000747969,6,2538,1879
49000969707,49000969705,-2,998,1866
49001261956,49001261961,5,2661,1938
49008964248,49008964246,-2,1120,1548
49011241809,49011241813,4,1934,1369
49012053470,49012053474,4,2764,1822
49014657057,49014657060,3,1932,1366
49016136512,49016136505,-7,1402,6998
49016377018,49016377020,2,2716,1913
49016966469,49016966471,2,1409,1509
49018334691,49018334695,4,1591,1447
49019137101,49019137106,5,2667,1865
49028316643,49028316647,4,2056,1736
49032282401,49032282405,4,2319,1765
49033145651,49033145653,2,1660,1208
49035672549,49035672550,1,1963,1984
49036147739,49036147745,6,1614,1540
49038566755,49038566763,8,2340,684
49039635547,49039635543,-4,1376,2566
49040202665,49040202667,2,1698,1715
49040305338,49040305343,5,1773,352
49042122522,49042122527,5,2925,1526
49046678897,49046678903,6,2712,1230
49050397917,49050397923,6,2462,1412
49053794043,49053794047,4,2967,1502
49054868738,49054868742,4,393,263
49058856663,49058856667,4,1583,890
49062968977,49062968982,5,3938,1906
49063504747,49063504751,4,3087,1797
49064490345,49064490347,2,1768,1393
49075360230,49075360234,4,2344,1236
49078483144,49078483148,4,1601,991
49079099517,49079099523,6,2537,1709
49080062070,49080062075,5,2652,1185
49085706858,49085706862,4,2415,1354
49086515945,49086515950,5,2188,1772
49088436441,49088436447,6,2120,1362
49089297790,49089297794,4,2043,1427
49089458756,49089458758,2,1796,1326
49095192522,49095192526,4,2552,1797
49096901714,49096901717,3,2354,1564
49098047282,49098047285,3,2100,1658
49099393066,49099393070,4,2471,1463
49101701958,49101701962,4,2560,1620
49103102201,49103102206,5,978,730
49109389844,49109389846,2,1515,1364
49112813969,49112813974,5,2084,1233
49115562169,49115562173,4,2732,1463
49115999650,49115999656,6,2306,1387
49121230475,49121230479,4,1513,1390
49125197150,49125197155,5,2071,1915
49129563553,49129563556,3,1835,1353
49133546053,49133546057,4,1841,979
49136276601,49136276604,3,2412,1870
49136394685,49136394682,-3,1098,2131
49136484806,49136484810,4,1824,917
49137477263,49137477261,-2,2797,4776
49139815615,49139815618,3,1579,1228
49141296818,49141296821,3,1587,1196
49145514659,49145514662,3,2057,1582
49157096409,49157096414,5,1649,1241
49159323875,49159323882,7,2052,1432
49163150954,49163150954,0,1332,2073
49166520167,49166520171,4,1251,954
49171660893,49171660894,1,1712,1432
49173450724,49173450727,3,1540,928
49176684994,49176684999,5,2019,1152
49177142154,49177142157,3,2342,1449
49181882439,49181882441,2,1621,879
49183473643,49183473643,0,2200,1353
49184091026,49184091032,6,9801,35950
49188805401,49188805406,5,2288,1609
49189384225,49189384230,5,2236,1544
49193215373,49193215380,7,1734,1320
49193429216,49193429221,5,2048,1385
49194235517,49194235520,3,1752,1523
49194883658,49194883640,-18,1453,863
49195555436,49195555439,3,1933,1459
49195661674,49195661681,7,2224,1497
49198427373,49198427378,5,2749,1523
49198949690,49198949695,5,2045,1048
49200319455,49200319459,4,1686,1334
49201721705,49201721705,0,1657,1281
49203003486,49203003490,4,2036,1166
49203922844,49203922848,4,1780,868
49204947323,49204947333,10,2192,1594
49206906907,49206906912,5,2674,1067
49207339335,49207339339,4,1868,1255
49207740126,49207740131,5,1883,733
49207865628,49207865633,5,2184,727
49208772130,49208772133,3,3451,1765
49209507220,49209507225,5,1342,804
49211270863,49211270868,5,3240,1275
49212700008,49212700005,-3,2383,5672
49213962986,49213962990,4,1552,1167
49215405449,49215405455,6,2724,1451
49216986995,49216987002,7,2140,1533
49217075579,49217075584,5,2199,1677
49219402289,49219402294,5,1169,1005
49219953302,49219953307,5,2700,1769
49220188157,49220188159,2,1532,1570
49221473206,49221473211,5,2096,1675
49223129843,49223129855,12,1390,1382
49223424355,49223424361,6,2229,1161
49227581016,49227581019,3,2032,1239
49228039737,49228039741,4,1165,996
49228479697,49228479704,7,2942,1062
49229756370,49229756375,5,2002,964
49230949401,49230949406,5,1700,1105
49231681834,49231681835,1,2056,2213
49233384427,49233384432,5,2081,1479
49233679089,49233679093,4,1650,1401
49240937528,49240937534,6,3791,1357
49241505363,49241505365,2,1579,1299
49242378738,49242378747,9,3937,1304
49243817092,49243817097,5,2330,1705
49247972017,49247972022,5,2016,1554
49249123838,49249123841,3,2121,1435
49253998464,49253998467,3,2355,1383
49256566226,49256566229,3,2574,1927
49257540058,49257540063,5,2001,1053
49259450593,49259450596,3,2029,1748
49265646889,49265646894,5,3183,1172
49265824548,49265824546,-2,1919,3996
49273363879,49273363883,4,1799,1025
49274631051,49274631054,3,25378,43225
49278999540,49278999543,3,1131,1373
49279302426,49279302429,3,1568,1195
49279772159,49279772139,-20,958,1363
49280578171,49280578175,4,2907,1547
49283189222,49283189226,4,1440,820
49286976674,49286976677,3,1834,1278
49288834949,49288834946,-3,927,1242
49290329647,49290329651,4,1551,1028
49296811886,49296811891,5,1382,926
49302817070,49302817074,4,2580,1422
49303827206,49303827210,4,1995,1060
49307854054,49307854058,4,1489,1193
49308322662,49308322665,3,1965,1058
49309654863,49309654867,4,1546,1153
49311749802,49311749806,4,1811,1191
49313751737,49313751741,4,2725,1249
49314723332,49314723337,5,2357,990
49316218982,49316218986,4,1832,1126
49316851973,49316851976,3,1646,1814
49319920642,49319920647,5,2117,1162
49322441198,49322441201,3,1075,1100
49324419027,49324419031,4,2630,1431
49325367889,49325367890,1,1581,1104
49327125462,49327125468,6,3057,1420
49328133795,49328133801,6,2799,1630
49330630613,49330630618,5,2149,1252
49331248655,49331248659,4,2255,1129
49331750713,49331750718,5,1213,1171
49334723009,49334723013,4,1131,1036
49340378986,49340378987,1,1375,886
49344512466,49344512473,7,3201,1242
49347768794,49347768790,-4,1500,1775
49351818681,49351818686,5,2620,1676
49354685006,49354685012,6,1921,1369
49358386426,49358386428,2,1758,1754
49370768708,49370768712,4,1991,1273
49374687503,49374687507,4,2041,1376
49378050165,49378050164,-1,1414,1866
49379626505,49379626509,4,1416,1358
49380041465,49380041465,0,3113,3515
49381794373,49381794377,4,2167,1557
49382008815,49382008818,3,1678,1246
49385285621,49385285624,3,2072,1126
49386496125,49386496129,4,2055,1286
49387666489,49387666494,5,2380,1414
49387882846,49387882850,4,1878,1145
49388874393,49388874399,6,3082,1469
49390596343,49390596348,5,2441,1445
49393444627,49393444631,4,1535,832
49394054911,49394054917,6,2177,761
49398992710,49398992716,6,1887,1327
49400034611,49400034614,3,3762,2144
49401209895,49401209901,6,2727,933
49402989371,49402989375,4,1483,1439
49403543865,49403543870,5,1729,979
49406587656,49406587659,3,2241,1237
49408033755,49408033758,3,1985,1191
49409681458,49409681461,3,2241,1382
49413203251,49413203258,7,1955,1231
49414476106,49414476111,5,2370,1376
49415630302,49415630305,3,2162,1042
49417287787,49417287793,6,1693,1320
49419845952,49419845957,5,1968,882
49421318093,49421318100,7,2434,27805
49423303363,49423303367,4,1352,1005
49424251602,49424251607,5,1389,905
49424805245,49424805251,6,2541,819
49425711502,49425711507,5,1233,1260
49425796951,49425796957,6,1869,1411
49425915170,49425915174,4,1769,899
49428631726,49428631730,4,2413,1354
49428744569,49428744551,-18,766,366
49428987502,49428987506,4,1540,854
49435195235,49435195238,3,1527,1202
49436187122,49436187125,3,2686,1578
49438077426,49438077430,4,1881,1307
49442649448,49442649454,6,1823,747
49451002846,49451002851,5,1788,950
49451230810,49451230797,-13,173,1630
49451508217,49451508220,3,2804,1839
49452275301,49452275306,5,1707,1082
49453240792,49453240798,6,2187,1674
49454052446,49454052450,4,2786,1833
49455873027,49455873026,-1,1961,1928
49458522511,49458522516,5,1371,1102
49458864002,49458864005,3,1587,1475
49459544773,49459544776,3,2631,2390
49461269790,49461269796,6,2494,1220
49463063264,49463063270,6,1513,790
49470829985,49470829991,6,3169,1601
49471143435,49471143441,6,4736,2087
49472915770,49472915773,3,1595,1514
49477917970,49477917974,4,1972,1448
49479686546,49479686552,6,2599,1346
49482226491,49482226496,5,2520,1498
49483704545,49483704538,-7,1950,8053
49486431838,49486431843,5,2090,920
49486792597,49486792596,-1,23404,9084
49488680674,49488680675,1,1060,1026
49491287455,49491287458,3,1553,1449
49493011135,49493011139,4,1601,1195
49494420935,49494420920,-15,2401,1526
49499554838,49499554841,3,1944,994
49501920791,49501920794,3,1411,1372
49504715794,49504715800,6,1991,1366
49506603046,49506603059,13,15008,42615
49507132806,49507132811,5,2416,1254
49507182489,49507182494,5,1516,1504
49510194318,49510194320,2,1654,1200
49511231338,49511231341,3,1668,1188
49511844078,49511844080,2,1913,1558
49513508450,49513508454,4,1553,1372
49514379318,49514379324,6,1837,1087
49515560647,49515560632,-15,1598,1130
49517586228,49517586230,2,1543,1023
49519238634,49519238638,4,1756,1351
49519304864,49519304865,1,1371,1378
49520917574,49520917577,3,1654,1242
49521782366,49521782371,5,1673,1115
49525036327,49525036332,5,1727,979
49526728925,49526728924,-1,2231,2853
49528693550,49528693556,6,1965,1059
49528728438,49528728441,3,1680,1385
49530266562,49530266565,3,1637,1203
49530485718,49530485722,4,1553,1095
49539395642,49539395640,-2,739,1137
49539730120,49539730125,5,1830,1431
49540512216,49540512218,2,2145,1468
49540839678,49540839682,4,1527,1306
49544340717,49544340721,4,2027,1548
49548481345,49548481350,5,1999,1288
49550360363,49550360368,5,1906,1586
49550393602,49550393606,4,1932,1387
49551790063,49551790067,4,1969,1248
49556208587,49556208591,4,1906,1191
49557229463,49557229468,5,1663,1066
49561137314,49561137318,4,1389,1128
49561475951,49561475957,6,2818,1841
49561532124,49561532127,3,2019,1086
49563101910,49563101914,4,2363,1506
49563244127,49563244112,-15,1320,634
49565794149,49565794151,2,1741,1190
49566911745,49566911748,3,2517,1406
49568411501,49568411506,5,1969,1068
49569854719,49569854724,5,2240,1967
49572989536,49572989543,7,2195,859
49575353877,49575353881,4,1778,1103
49576137856,49576137839,-17,1750,1033
49581985531,49581985536,5,2203,1395
49582786202,49582786203,1,1625,1086
49593569698,49593569702,4,1856,1106
49594542104,49594542108,4,2120,1153
49595894658,49595894659,1,1308,15277
49596205960,49596205957,-3,717,1857
49600328185,49600328188,3,1930,1659
49600706842,49600706850,8,2610,1310
49604866782,49604866777,-5,1751,4334
49606398175,49606398178,3,2391,1769
49607458821,49607458819,-2,1645,1558
49608327567,49608327571,4,1521,1180
49615034421,49615034422,1,2427,2108
49621430476,49621430480,4,2118,1570
49631875878,49631875885,7,2037,1146
49631957922,49631957930,8,2721,1627
49632686002,49632686005,3,1987,1568
49635310026,49635310032,6,2158,1400
49640760480,49640760481,1,1439,2408
49643361935,49643361940,5,1717,1148
49643848505,49643848506,1,1359,954
49646872243,49646872247,4,2011,1318
49648427893,49648427890,-3,1327,2922
49650694187,49650694190,3,1764,1990
49652306546,49652306553,7,1977,1155
49653311870,49653311876,6,1939,1654
49659739897,49659739901,4,1695,1045
49660743871,49660743874,3,2083,2030
49665418903,49665418908,5,2057,1248
49667510791,49667510796,5,1253,1401
49671379653,49671379654,1,2257,1213
49675093929,49675093934,5,2120,1243
49676835719,49676835722,3,1905,1542
49678174246,49678174250,4,1854,1331
49679418202,49679418208,6,1774,1401
49682963803,49682963809,6,1554,1451
49688273622,49688273628,6,2571,2068
49688542857,49688542861,4,1833,1122
49688942805,49688942808,3,1236,1112
49689396054,49689396059,5,2508,1597
49692010274,49692010278,4,1449,1288
49692748515,49692748519,4,2155,1184
49694048467,49694048472,5,2042,1697
49697353759,49697353762,3,1247,1522
49697852370,49697852374,4,1685,1311
49698052406,49698052413,7,2567,1589
49699559787,49699559794,7,2523,1483
49700187913,49700187893,-20,1772,862
49700716567,49700716573,6,1787,1199
49703149301,49703149303,2,1591,1269
49707945926,49707945931,5,2400,1585
49708550166,49708550170,4,1983,1272
49710968373,49710968377,4,1767,1306
49711124269,49711124252,-17,2241,1416
49712430593,49712430614,21,1188,818
49716034025,49716034027,2,1915,1660
49717794954,49717794958,4,1896,1038
49718299269,49718299274,5,1894,1022
49719589474,49719589477,3,1498,1038
49723195414,49723195418,4,1882,1125
49724648408,49724648412,4,1657,1046
49727336322,49727336327,5,2357,1635
49728882993,49728882996,3,1619,1441
49731224357,49731224362,5,2835,2027
49735463214,49735463217,3,1646,1517
49736384468,49736384471,3,1543,1202
49737356038,49737356041,3,1892,1093
49738277350,49738277355,5,1841,1078
49739220957,49739220961,4,1948,937
49739570950,49739570944,-6,2143,9520
49741497154,49741497158,4,1745,1310
49742041430,49742041433,3,1048,1172
49743154242,49743154243,1,1330,1259
49745096085,49745096090,5,1795,1095
49748319209,49748319215,6,6155,2736
49748933878,49748933881,3,2589,1562
49750265422,49750265427,5,2455,1208
49752177346,49752177346,0,1077,1482
49753410298,49753410302,4,1703,1579
49757207380,49757207385,5,1806,1162
49758530537,49758530531,-6,2146,6743
49759140163,49759140165,2,1973,1379
49759357146,49759357150,4,2230,1378
49763241870,49763241874,4,2003,1545
49765593591,49765593593,2,1719,1476
49769638139,49769638142,3,1881,2025
49769794594,49769794598,4,1784,1265
49770780744,49770780749,5,2023,829
49772390500,49772390502,2,1642,1367
49772512387,49772512404,17,16697,50949
49772739470,49772739475,5,1867,1209
49773591858,49773591864,6,2135,951
49774826729,49774826734,5,2109,1621
49776270357,49776270360,3,1904,1106
49777224188,49777224191,3,2168,1445
49777907420,49777907423,3,2237,1288
49778544109,49778544113,4,1361,1221
49783116787,49783116790,3,2152,1253
49783636533,49783636538,5,3219,2147
49784749151,49784749158,7,4337,2962
49787219962,49787219967,5,1826,1880
49787725553,49787725558,5,2003,1615
49788196478,49788196482,4,1971,1338
49791798157,49791798162,5,1829,1201
49792106870,49792106874,4,1393,900
49793809435,49793809435,0,1152,1750
49796818074,49796818081,7,2022,977
49798264373,49798264377,4,1951,1417
49799380553,49799380556,3,1650,1021
49806260177,49806260183,6,2192,1294
49806817486,49806817489,3,1827,1363
49808176409,49808176413,4,1398,1125
49808520618,49808520599,-19,918,483
49808890294,49808890298,4,3092,1818
49810110664,49810110666,2,2577,1706
49810356640,49810356645,5,2194,1519
49812636466,49812636470,4,2130,1475
49816200749,49816200755,6,1889,1201
49820386707,49820386714,7,1719,1531
49820463137,49820463139,2,1259,899
49822469761,49822469767,6,1898,809
49822699629,49822699614,-15,2198,932
49825650479,49825650483,4,1941,1420
49826592511,49826592515,4,1940,1736
49827725333,49827725337,4,1646,842
49827794510,49827794524,14,2467,1102
49830171219,49830171223,4,2808,1433
49832408133,49832408138,5,2078,1600
49834571053,49834571057,4,2466,1471
49837405575,49837405579,4,2941,1884
49844962204,49844962210,6,2826,1211
49847052379,49847052385,6,2470,1218
49853715385,49853715389,4,2243,828
49854337275,49854337275,0,1643,923
49855982818,49855982833,15,2213,850
49856943837,49856943844,7,2135,1234
49859287157,49859287159,2,1670,1190
49865546910,49865546915,5,1537,1479
49868830402,49868830406,4,2748,1982
49869753741,49869753746,5,1712,1368
49873139885,49873139889,4,1843,1889
49878067444,49878067450,6,2380,1275
49878487319,49878487326,7,1038,227
49879834390,49879834394,4,1561,982
49880621400,49880621411,11,10533,35712
49884946021,49884946025,4,1592,1767
49885867663,49885867665,2,1916,1576
49886260047,49886260051,4,1947,940
49887787583,49887787587,4,1732,1100
49887921929,49887921933,4,1224,1586
49890270266,49890270270,4,1604,1204
49891884978,49891884982,4,1163,1065
49893153218,49893153222,4,1323,996
49899682910,49899682910,0,2734,2966
49899943227,49899943229,2,3011,1895
49903176922,49903176918,-4,1482,2546
49905627428,49905627430,2,1963,1190
49906410951,49906410930,-21,1457,1091
49910279249,49910279251,2,2118,1563
49911654863,49911654867,4,2616,2365
49913350853,49913350857,4,1829,1413
49918350799,49918350803,4,2232,1900
49919576818,49919576823,5,1803,1375
49920742630,49920742635,5,2268,1334
49925032623,49925032626,3,1778,1420
49925795687,49925795691,4,1666,1132
49931057094,49931057098,4,1647,1163
49931204015,49931204013,-2,1048,1521
49931634485,49931634486,1,1863,1585
49934396418,49934396422,4,1880,1408
49935383774,49935383779,5,2202,1462
49936577063,49936577066,3,715,289
49938008938,49938008943,5,1844,1750
49938163989,49938164005,16,1722,1511
49939391843,49939391848,5,1301,1293
49941457140,49941457143,3,1411,1211
49946041617,49946041621,4,2115,1326
49946395065,49946395073,8,2795,1734
49946957823,49946957826,3,1524,934
49950844429,49950844432,3,1126,944
49951023602,49951023606,4,1623,1138
49955096262,49955096268,6,2511,1730
49959730001,49959730008,7,3081,1177
49962969038,49962969042,4,2043,1277
49965547144,49965547148,4,2425,1635
49967727121,49967727125,4,2394,1054
49972101192,49972101196,4,1593,1398
49974396317,49974396318,1,1544,1612
49976365419,49976365422,3,1478,1147
49979303045,49979303050,5,1871,1451
49982048871,49982048849,-22,160,724
49983577739,49983577745,6,1872,1348
49984426095,49984426098,3,987,761
49986090281,49986090286,5,1941,1861
49986271841,49986271845,4,1875,1274
49987715663,49987715668,5,1514,873
49990174011,49990174015,4,1655,1115
49995458721,49995458722,1,2361,1391
49996244194,49996244199,5,2689,1349
49999643753,49999643755,2,2841,1614
50001916320,50001916326,6,2358,1463
50005435394,50005435398,4,2051,1147
50006850439,50006850442,3,2133,1099
50008084941,50008084948,7,2465,1027
50009844214,50009844219,5,1914,1498
50010009629,50010009631,2,1611,1303
50011493333,50011493337,4,2262,1506
50012039975,50012039977,2,1421,1226
50014658679,50014658682,3,1502,938
50015513998,50015514001,3,1664,1066
50018822701,50018822705,4,1421,1350
50020263003,50020263007,4,2268,1273
50022666614,50022666618,4,2269,1547
50023794566,50023794570,4,2948,1445
50024249359,50024249362,3,1910,935
50025594898,50025594903,5,993,755
50025785458,50025785462,4,1949,1111
50026051374,50026051380,6,1349,1539
50030495391,50030495397,6,2717,1269
50033429832,50033429838,6,2117,1395
50033790018,50033790022,4,1586,1409
50035044030,50035044033,3,1104,922
50041426650,50041426653,3,2190,1920
50043102289,50043102294,5,2288,1414
50049334262,50049334266,4,1704,972
50052960301,50052960305,4,1773,1519
50061706689,50061706694,5,2016,1394
50061741357,50061741359,2,1881,1219
50062123512,50062123510,-2,687,317
50062631939,50062631942,3,1701,1331
50063692252,50063692259,7,2630,1250
50064452295,50064452299,4,2497,1535
50065847646,50065847647,1,1434,706
50066684227,50066684232,5,2052,1180
50071682742,50071682746,4,1279,936
50076222630,50076222634,4,1859,915
50077035678,50077035680,2,2392,2097
50081504188,50081504190,2,1687,1325
50084949557,50084949561,4,1977,1264
50086380066,50086380069,3,1125,929
50087281507,50087281510,3,2013,1201
50088237609,50088237613,4,1984,1321
50090311136,50090311139,3,1880,977
50090879231,50090879235,4,2654,1072
50090929941,50090929942,1,930,122
50095125708,50095125711,3,1564,1317
50096395847,50096395849,2,1860,1161
50097002017,50097002021,4,2638,1650
50097623805,50097623808,3,1350,1354
50104023780,50104023783,3,2133,1627
50104150660,50104150665,5,2250,1623
50104819430,50104819435,5,1689,1106
50105137042,50105137048,6,2046,1258
50106860205,50106860207,2,1886,1577
50109217906,50109217911,5,1612,776
50111994117,50111994118,1,708,1615
50113017698,50113017704,6,2663,1525
50113885571,50113885575,4,2116,1381
50115901165,50115901166,1,1881,1065
50117990815,50117990819,4,2361,1179
50122075261,50122075265,4,2850,1407
50123705615,50123705619,4,1442,1459
50130067314,50130067318,4,1608,990
50134256601,50134256606,5,2349,1422
50140438798,50140438802,4,2048,1033
50150038558,50150038563,5,2135,1587
50152165676,50152165679,3,2530,1330
50152533473,50152533474,1,1279,1714
50155059046,50155059051,5,2054,1373
50157381000,50157381001,1,1029,1504
50157725890,50157725900,10,2063,1453
50161168159,50161168140,-19,1569,607
50162190053,50162190057,4,2545,2073
50162350873,50162350875,2,1483,1763
50162694759,50162694759,0,1162,1522
50164595337,50164595339,2,1369,920
50165595283,50165595287,4,2239,1534
50167482570,50167482575,5,5652,20169
50175462184,50175462186,2,1479,1666
50175620007,50175620010,3,1557,1175
50179091402,50179091407,5,2144,1266
50179259391,50179259395,4,1363,887
50180019794,50180019799,5,2357,1143
50180409990,50180409998,8,2378,848
50180563021,50180563027,6,2071,1228
50188576174,50188576178,4,1971,1478
50195672802,50195672793,-9,1140,1819
50199705001,50199705006,5,3968,1968
50200336172,50200336175,3,1443,1061
50200819545,50200819549,4,1711,1319
50202342635,50202342639,4,1775,1736
50202624623,50202624628,5,1910,1551
50203602817,50203602824,7,2560,1098
50203988143,50203988147,4,2688,1601
50206609062,50206609066,4,2128,1426
50208486314,50208486317,3,2125,1407
50208545602,50208545620,18,1661,1281
50209685328,50209685325,-3,1045,2794
50212287490,50212287495,5,2640,1189
50216364023,50216364029,6,1836,1780
50217476296,50217476299,3,2048,1476
50218617005,50218617010,5,1170,1155
50219572254,50219572261,7,2920,979
50222151411,50222151414,3,1553,1971
50224356775,50224356779,4,1801,1313
50224521346,50224521350,4,1907,1221
50226108663,50226108645,-18,1860,1014
50226148305,50226148286,-19,1351,720
50226413650,50226413656,6,1708,1212
50231515433,50231515438,5,1155,658
50233687119,50233687125,6,3001,2137
50236661594,50236661598,4,1200,754
50237556246,50237556251,5,2367,1595
50237691594,50237691597,3,1858,1057
50237909170,50237909173,3,1659,1154
50238477208,50238477205,-3,1585,3101
50241127041,50241127045,4,1470,1391
50244084847,50244084850,3,946,1181
50245885696,50245885701,5,2621,811
50249993915,50249993920,5,2900,1061
50251206366,50251206375,9,2541,1343
50253168397,50253168402,5,1580,1425
50254394417,50254394424,7,1478,1111
50255118438,50255118446,8,2487,1205
50266473195,50266473200,5,2913,1494
50270507160,50270507163,3,1650,1495
50270721182,50270721166,-16,1437,983
50274124341,50274124342,1,1410,1685
50277188481,50277188486,5,3056,1639
50278488433,50278488438,5,1950,1600
50281167076,50281167079,3,2640,1190
50282247082,50282247087,5,2566,1565
50284204605,50284204611,6,1880,977
50284821650,50284821670,20,1434,1175
50285231079,50285231084,5,1545,985
50285653383,50285653367,-16,1657,1486
50286261150,50286261154,4,1717,778
50288942901,50288942904,3,1515,1066
50291330280,50291330284,4,1744,1091
50298691204,50298691209,5,1986,1160
50298988264,50298988267,3,1857,1071
50299631218,50299631223,5,1495,1641
50299679066,50299679070,4,2380,1450
50299885873,50299885878,5,2138,1258
50300354202,50300354205,3,2118,1414
50301616738,50301616741,3,2079,1502
50302511405,50302511390,-15,2852,1581
50304323435,50304323439,4,2017,1330
50305882419,50305882422,3,1625,1375
50313797889,50313797894,5,1774,1128
50314726638,50314726620,-18,1465,585
50317017241,50317017246,5,1831,1748
50325465014,50325465018,4,1682,1336
50325967366,50325967370,4,1566,930
50326314775,50326314780,5,3095,1818
50327123617,50327123619,2,2252,1494
50328921639,50328921642,3,699,846
50334435699,50334435681,-18,1011,811
50336840117,50336840122,5,1577,873
50338332897,50338332899,2,844,1034
50343052786,50343052789,3,1493,1153
50348973318,50348973318,0,1120,1390
50350596711,50350596714,3,1242,1023
50353580234,50353580237,3,2169,1645
50356508269,50356508274,5,1919,1032
50361742146,50361742151,5,1434,850
50368155643,50368155647,4,1738,1520
50370764061,50370764067,6,2100,1088
50372883975,50372883978,3,2107,1747
50373260590,50373260595,5,2739,1599
50375685510,50375685513,3,1773,1660
50376067350,50376067354,4,2740,1773
50376366793,50376366797,4,3073,1476
50391871133,50391871137,4,1923,1497
50392517881,50392517877,-4,1144,3147
50393446040,50393446046,6,1732,1774
50393672153,50393672155,2,1509,758
50394516103,50394516107,4,1868,983
50395809840,50395809821,-19,5491,2131
50396087934,50396087939,5,1629,1050
50398915582,50398915583,1,2021,1331
50399827792,50399827795,3,2281,858
50402156257,50402156258,1,1827,1132
50402756914,50402756919,5,1611,1179
50406751343,50406751338,-5,665,2508
50409122873,50409122875,2,1514,1180
50411603269,50411603269,0,10757,15216
50413422787,50413422791,4,1408,1127
50413662246,50413662251,5,1676,1040
50424293824,50424293827,3,2134,1317
50429247062,50429247057,-5,1181,4295
50431072206,50431072210,4,2296,1774
50431185673,50431185677,4,1930,1531
50433653765,50433653770,5,1542,1373
50435394369,50435394353,-16,878,321
50438490738,50438490738,0,612,1762
50439491563,50439491566,3,2094,1562
50441142365,50441142371,6,56,676
50442788831,50442788834,3,2384,1558
50443827905,50443827907,2,1550,719
50445009410,50445009415,5,2454,1277
50447016570,50447016574,4,2272,1534
50447861930,50447861933,3,932,1407
50451356578,50451356583,5,1595,1163
50457468986,50457468982,-4,2387,4969
50457838691,50457838699,8,11307,22425
50464543862,50464543866,4,1754,1211
50465393758,50465393767,9,5499,1821
50467532277,50467532280,3,1711,1232
50474289991,50474289995,4,2272,1407
50474435951,50474435956,5,2212,1158
50474645337,50474645358,21,931,775
50476755520,50476755525,5,1238,863
50484893425,50484893429,4,1933,1134
50486811874,50486811878,4,1617,1454
50491206358,50491206363,5,2452,1749
50493787216,50493787220,4,2315,1658
50498411998,50498412003,5,1276,978
50498650210,50498650215,5,1894,1752
50500227642,50500227647,5,1930,1471
50500381671,50500381654,-17,798,358
50501644534,50501644540,6,13566,25750
50501933521,50501933526,5,2074,1127
50506549899,50506549903,4,1968,1185
50508937998,50508938002,4,2204,1487
50509515630,50509515634,4,2219,1496
50510856406,50510856401,-5,2004,6787
50511558987,50511558992,5,2493,1251
50515838008,50515838011,3,1902,1627
50521974001,50521974007,6,2487,1084
50522878762,50522878783,21,1435,1303
50538069469,50538069474,5,2046,1224
50538431907,50538431910,3,1930,1038
50539791738,50539791742,4,2522,1106
50543220038,50543220042,4,1451,770
50547096226,50547096230,4,2467,1736
50548017017,50548017025,8,3604,1753
50548143748,50548143767,19,1885,1394
50550566809,50550566814,5,1946,1627
50551272253,50551272257,4,2232,1639
50552084982,50552084966,-16,2580,1968
50554926874,50554926871,-3,2062,4143
50556145969,50556145972,3,1296,1012
50557974430,50557974430,0,1299,1946
50560288748,50560288750,2,1688,1238
50560616508,50560616513,5,1515,1505
50560786924,50560786933,9,1595,1073
50563730966,50563730967,1,1240,935
50566915590,50566915594,4,1469,1182
50569762295,50569762294,-1,936,1471
50571207937,50571207941,4,2097,1478
50572672278,50572672281,3,2863,1224
50574262159,50574262168,9,694,153
50581758559,50581758563,4,1962,1099
50581966258,50581966277,19,1883,1475
50584148470,50584148476,6,1979,1259
50588011578,50588011583,5,1470,1290
50597037100,50597037102,2,1680,1375
50597725924,50597725927,3,1493,1454
50601057682,50601057685,3,1478,1147
50605656244,50605656242,-2,1505,1335
50607118577,50607118584,7,2651,1247
50608680026,50608680029,3,1390,1030
50611104991,50611104995,4,1898,855
50616600248,50616600250,2,1962,1447
50619175735,50619175734,-1,1990,3213
50619206219,50619206222,3,1758,889
50619348326,50619348330,4,3821,2279
50619425424,50619425428,4,1906,1262
50620459216,50620459219,3,1416,1453
50621335743,50621335749,6,2472,1816
50625473560,50625473562,2,1790,1355
50626862738,50626862742,4,1763,1261
50632920032,50632920034,2,2195,1100
50635710595,50635710598,3,1448,1293
50640186554,50640186557,3,2596,1782
50641596261,50641596267,6,2180,1403
50643376799,50643376804,5,1987,1224
50645649519,50645649523,4,1860,1126
50646833125,50646833127,2,1753,1584
50652526256,50652526259,3,2683,1503
50653262194,50653262198,4,1967,1541
50654024508,50654024512,4,2400,1446
50654213287,50654213268,-19,1389,945
50655333681,50655333677,-4,1081,2251
50655538734,50655538740,6,1775,1268
50660718643,50660718647,4,2405,1393
50662819091,50662819084,-7,1062,3170
50665750223,50665750227,4,1246,751
50671499468,50671499473,5,5660,2851
50671588615,50671588622,7,3710,1671
50678454674,50678454678,4,1741,1271
50684232205,50684232211,6,1799,1310
50686971615,50686971618,3,2149,1388
50691823289,50691823294,5,2230,1135
50692473964,50692473966,2,1554,1753
50695997742,50695997747,5,2027,960
50696566579,50696566582,3,1583,1629
50697264933,50697264938,5,2010,1580
50699647899,50699647902,3,1438,766
50706661965,50706661968,3,1748,1526
50708043855,50708043859,4,2538,1362
50708450487,50708450489,2,1246,1315
50708971454,50708971459,5,1390,918
50711068869,50711068874,5,2380,1729
50713964257,50713964262,5,1925,1486
50717327406,50717327411,5,1661,1257
50718116202,50718116206,4,2454,1628
50726159642,50726159646,4,2247,1341
50731506089,50731506093,4,1890,937
50732555755,50732555758,3,1792,1243
50736466394,50736466398,4,1679,1517
50742399433,50742399437,4,1826,1154
50742967250,50742967257,7,2919,1564
50748080270,50748080263,-7,17941,6613
50749404098,50749404094,-4,947,3436
50750235665,50750235667,2,1726,1317
50751679808,50751679811,3,1534,1298
50752578134,50752578139,5,1549,1153
50754310662,50754310666,4,1776,974
50754768325,50754768326,1,2094,1833
50755666474,50755666477,3,1718,1247
50757373774,50757373781,7,1809,1162
50759511905,50759511911,6,1808,1586
50760026330,50760026335,5,2134,1379
50763273655,50763273659,4,2479,1657
50768053153,50768053156,3,1427,1304
50770290926,50770290930,4,1578,1607
50770920009,50770920014,5,2616,1617
50775610549,50775610552,3,2339,977
50778954246,50778954249,3,1109,1260
50785094185,50785094187,2,1814,1325
50789095073,50789095076,3,2845,1432
50789362511,50789362516,5,1463,1322
50789442357,50789442363,6,1619,1023
50790125405,50790125410,5,3170,1423
50790690494,50790690498,4,1465,1082
50791075727,50791075718,-9,555,376
50793197823,50793197823,0,2339,3738
50803922791,50803922795,4,1782,1391
50804326844,50804326851,7,2029,1208
50804461357,50804461365,8,2441,1161
50805595588,50805595594,6,2558,1806
50807980166,50807980171,5,2050,1112
50809222499,50809222504,5,1884,1715
50809545377,50809545383,6,1171,1060
50810728161,50810728166,5,2060,872
50811016367,50811016370,3,2613,1854
50811044662,50811044665,3,1533,1094
50812778439,50812778446,7,1468,906
50815436972,50815436978,6,2030,1324
50815469593,50815469598,5,1949,1252
50816428264,50816428267,3,1602,684
50817549254,50817549259,5,1879,1416
50818976688,50818976693,5,2198,1185
50822512351,50822512360,9,13785,6787
50830737297,50830737295,-2,16625,31592
50830974810,50830974816,6,3566,1463
50831599048,50831599051,3,1080,694
50834813722,50834813726,4,1260,1179
50835783617,50835783621,4,1881,1580
50836847546,50836847542,-4,1233,3420
50837741450,50837741453,3,1479,1439
50838064878,50838064884,6,1529,1085
50840785146,50840785147,1,1907,1511
50844537743,50844537747,4,2173,1422
50846297160,50846297164,4,1987,1626
50847271080,50847271087,7,2536,1405
50852682471,50852682477,6,2468,1152
50857451752,50857451756,4,2032,1935
50857742381,50857742384,3,2296,1535
50858170082,50858170084,2,931,535
50860338937,50860338943,6,3945,1156
50860533485,50860533489,4,1644,1304
50860894585,50860894565,-20,2139,1106
50861511226,50861511230,4,2259,1235
50864506982,50864506985,3,1725,843
50866104420,50866104425,5,1699,1029
50869694170,50869694179,9,17784,27064
50870308679,50870308682,3,2229,1609
50871737023,50871737019,-4,935,2215
50876584588,50876584592,4,2331,1260
50877574623,50877574630,7,1364,1128
50877637315,50877637293,-22,710,593
50877730958,50877730961,3,1745,1397
50877836629,50877836622,-7,886,2114
50882646598,50882646603,5,2115,1441
50886852075,50886852079,4,1739,1093
50887032106,50887032110,4,1681,1310
50888626689,50888626694,5,1823,1118
50891121875,50891121878,3,1959,1122
50893162772,50893162774,2,1574,1461
50895420654,50895420658,4,1448,1170
50895619362,50895619366,4,2143,1326
50896810282,50896810272,-10,683,470
50900639686,50900639691,5,2173,1454
50906536522,50906536527,5,2304,1884
50908975821,50908975827,6,2037,1265
50914568987,50914568995,8,2780,1706
50916318729,50916318740,11,289,4330
50916569629,50916569631,2,1193,1513
50917331938,50917331942,4,1713,1465
50918323607,50918323605,-2,1184,2001
50919391881,50919391866,-15,2210,928
50920361623,50920361626,3,1361,1160
50922047222,50922047225,3,990,810
50922751286,50922751291,5,1889,1248
50923928044,50923928046,2,2698,1632
50925151974,50925151977,3,2030,1419
50927111586,50927111590,4,2342,1360
50927399798,50927399804,6,2172,1857
50928737138,50928737139,1,1992,1537
50934725929,50934725933,4,2721,1589
50936444633,50936444634,1,1441,938
50936673550,50936673565,15,2792,1416
50936810698,50936810679,-19,588,546
50937775259,50937775264,5,2694,1452
50938246561,50938246565,4,1870,1227
50942173436,50942173441,5,2298,1562
50943851345,50943851350,5,1865,1579
50947279830,50947279833,3,1678,1760
50947719394,50947719398,4,1362,1224
50949897342,50949897346,4,1545,1675
50950577593,50950577597,4,2639,1731
50953500844,50953500850,6,2009,1662
50960788259,50960788264,5,1874,1067
50961368093,50961368095,2,1929,923
50962165746,50962165749,3,1455,1311
50963960353,50963960361,8,2137,1602
50965403606,50965403609,3,1044,1050
50967156507,50967156511,4,1170,1497
50972453174,50972453178,4,1998,1197
50974028662,50974028666,4,1058,1097
50975487542,50975487546,4,2259,1257
50982185539,50982185542,3,1515,982
50982265429,50982265434,5,1751,1039
50982936366,50982936362,-4,1819,4169
50985029723,50985029726,3,1675,1494
50991558133,50991558126,-7,1708,6441
50992947277,50992947282,5,1822,713
50993646189,50993646197,8,2765,1190
50995252478,50995252483,5,1884,1873
50998704188,50998704211,23,1325,2317
51000830490,51000830494,4,2618,1251
51001403222,51001403207,-15,1171,530
51002021169,51002021175,6,1915,1287
51008282681,51008282686,5,1986,1641
51010808382,51010808386,4,1497,884
51011997622,51011997607,-15,2273,1242
51012143836,51012143852,16,1485,827
51013558446,51013558451,5,1675,1375
51016113114,51016113109,-5,1094,2025
51016635226,51016635232,6,2237,1619
51017253961,51017253965,4,1469,1174
51019281697,51019281701,4,1846,1424
51020102122,51020102123,1,1127,1038
51020371435,51020371419,-16,39848,14612
51020431289,51020431294,5,2448,1893
51024255131,51024255136,5,2640,1630
51025096488,51025096493,5,2151,1206
51026353650,51026353654,4,1725,1262
51028694054,51028694059,5,1468,824
51031634860,51031634863,3,2807,2052
51036070604,51036070601,-3,1387,1124
51037758527,51037758533,6,2071,1434
51039691858,51039691863,5,1366,1377
51043254194,51043254186,-8,2038,10338
51045613621,51045613607,-14,246,891
51046439343,51046439347,4,1575,1022
51047079298,51047079303,5,1745,1130
51047483912,51047483910,-2,954,1888
51050306159,51050306158,-1,1177,2926
51053567934,51053567938,4,1811,904
51053972722,51053972727,5,2428,1331
51055883470,51055883474,4,2294,1459
51056879477,51056879479,2,1167,816
51058593726,51058593722,-4,1591,4376
51059550776,51059550790,14,646,2884
51063208730,51063208734,4,2647,1260
51064143058,51064143052,-6,53603,20880
51066293642,51066293647,5,1700,1402
51067379277,51067379277,0,1731,1889
51072858546,51072858551,5,2419,1110
51076525459,51076525462,3,1651,1330
51077423239,51077423247,8,1517,844
51078119130,51078119132,2,1496,1693
51082429093,51082429097,4,1636,992
51086338725,51086338729,4,2124,1693
51096435608,51096435609,1,1879,1628
51098807226,51098807229,3,1558,1200
51100022633,51100022639,6,2696,1237
51103407897,51103407901,4,3054,2197
51105281103,51105281107,4,2767,1979
51108118143,51108118149,6,2419,1478
51118541620,51118541623,3,1927,1590
51119473946,51119473947,1,2356,973
51121506050,51121506052,2,1898,1327
51121900066,51121900071,5,2346,1235
51123798272,51123798278,6,2389,1526
51125454537,51125454542,5,2309,1120
51127228023,51127228026,3,2456,1042
51138288009,51138288011,2,1912,1446
51140587102,51140587106,4,1917,1304
51145664458,51145664463,5,2863,1454
51148995675,51148995678,3,1893,1039
51154907481,51154907484,3,1995,1472
51158072922,51158072923,1,1495,2740
51160066618,51160066626,8,2023,1422
51161482227,51161482230,3,1504,1081
51166487152,51166487157,5,2163,1008
51167810633,51167810635,2,1224,1334
51169771560,51169771565,5,2242,1938
51170128526,51170128532,6,1959,1162
51170637482,51170637485,3,1995,1589
51171875327,51171875334,7,1141,830
51174667674,51174667677,3,1281,1314
51176443094,51176443100,6,3299,1631
51183968822,51183968827,5,1724,1691
51185474831,51185474837,6,1088,1151
51187579039,51187579044,5,2391,1626
51190915019,51190915024,5,1289,930
51197701344,51197701349,5,1784,994
51199878256,51199878259,3,3045,1669
51199917563,51199917540,-23,1610,1584
51200210993,51200211007,14,1197,1462
51208161158,51208161162,4,3064,1487
51209847285,51209847287,2,2525,1401
51212160866,51212160870,4,1659,1097
51213458027,51213458030,3,2050,1754
51213766355,51213766359,4,2263,1239
51214366283,51214366287,4,1718,1170
51224335421,51224335423,2,1596,1299
51229203061,51229203068,7,2681,1419
51233646607,51233646611,4,1917,1107
51233905774,51233905777,3,2214,1492
51243367097,51243367099,2,2061,1408
51243903671,51243903674,3,2243,958
51246663699,51246663702,3,1994,1391
51254854072,51254854078,6,2765,1547
51255323873,51255323877,4,1560,1835
51255351601,51255351606,5,1627,999
51257020016,51257020034,18,361,1364
51262046969,51262046961,-8,1900,8367
51269498602,51269498605,3,1752,1759
51270935264,51270935268,4,1666,1478
51271182598,51271182604,6,2331,1238
51273949238,51273949245,7,1898,849
51276030858,51276030868,10,15260,31155
51279847273,51279847278,5,2030,1337
51282898590,51282898588,-2,1226,2381
51283258012,51283258015,3,2558,1668
51283392023,51283392008,-15,1670,732
51285949920,51285949925,5,1557,1310
51286411371,51286411371,0,647,1184
51286683030,51286683033,3,2578,1773
51287503305,51287503307,2,29442,19142
51291490018,51291490024,6,2950,1785
51295351958,51295351965,7,2571,1778
51296075295,51296075300,5,2510,1904
51303532667,51303532661,-6,990,3314
51306635674,51306635679,5,2078,1401
51307000522,51307000503,-19,1837,1506
51308141000,51308141004,4,2525,1462
51310002778,51310002786,8,798,772
51311869658,51311869659,1,1985,1267
51314752138,51314752143,5,2375,1332
51321762341,51321762343,2,1429,1131
51323259037,51323259042,5,3166,1714
51325194449,51325194453,4,1381,1258
51327037042,51327037048,6,6235,2660
51327098766,51327098770,4,3233,1136
51330733198,51330733202,4,1603,1244
51331276794,51331276772,-22,1603,548
51331821092,51331821094,2,1602,1576
51334292339,51334292345,6,1444,1138
51335015842,51335015839,-3,1092,1730
51337332908,51337332913,5,2548,1710
51341993138,51341993138,0,3558,4213
51344997970,51344997973,3,1961,1877
51346523118,51346523122,4,991,869
51349730790,51349730795,5,2324,1164
51351611066,51351611070,4,1688,1271
51351736366,51351736376,10,839,833
51354901176,51354901173,-3,21260,15791
51356301129,51356301135,6,2589,1490
51360874541,51360874545,4,2744,1977
51362406870,51362406874,4,1505,1203
51363542848,51363542861,13,2229,963
51364067866,51364067870,4,1957,1362
51368488341,51368488347,6,2685,1083
51369068720,51369068724,4,2022,1457
51370833402,51370833406,4,1782,1314
51372614593,51372614597,4,2094,1202
51374701694,51374701698,4,1956,1116
51375040426,51375040406,-20,2217,1064
51379644610,51379644613,3,1589,1638
51379753411,51379753414,3,2679,1300
51379868551,51379868557,6,2546,1451
51382163774,51382163753,-21,1848,1110
51387764128,51387764131,3,2577,1371
51392886002,51392886007,5,1252,994
51393455950,51393455954,4,1339,857
51396800604,51396800609,5,1732,1244
51404536049,51404536054,5,1594,1445
51406242605,51406242607,2,1813,1142
51407384503,51407384488,-15,821,920
51408267976,51408267979,3,2017,1382
51411613663,51411613668,5,2832,1450
51412144398,51412144404,6,2579,1278
51413708750,51413708754,4,2414,1423
51416062723,51416062727,4,1858,1328
51416743354,51416743359,5,1023,813
51417837817,51417837822,5,2106,1543
51418825122,51418825125,3,1554,1302
51419544543,51419544535,-8,1073,5131
51421212159,51421212163,4,1648,1350
51424933140,51424933141,1,1329,1926
51427031197,51427031190,-7,2066,8359
51427318537,51427318540,3,2142,1130
51428861150,51428861154,4,1837,1917
51429092302,51429092307,5,2268,1212
51431453617,51431453621,4,1483,1214
51432774732,51432774730,-2,21713,13016
51434548426,51434548431,5,1475,1299
51434831299,51434831301,2,1583,1375
51436082748,51436082755,7,1475,726
51445861249,51445861254,5,2056,1285
51446540632,51446540635,3,2060,1468
51447504256,51447504261,5,1610,1407
51452333886,51452333890,4,2100,1085
51454779116,51454779114,-2,2683,4805
51456273857,51456273857,0,2273,2305
51461134897,51461134901,4,2555,1627
51461633369,51461633374,5,2279,1419
51464719904,51464719909,5,1834,1388
51467783734,51467783738,4,1811,1244
51468945527,51468945530,3,1797,1079
51469419901,51469419906,5,2128,1568
51474731466,51474731473,7,1840,1140
51478134474,51478134479,5,2212,1891
51479754647,51479754651,4,1804,1418
51481724894,51481724898,4,1452,849
51483037733,51483037738,5,2387,1654
51483085673,51483085681,8,7797,1552
51484592786,51484592789,3,1199,1268
51486034246,51486034251,5,2356,1747
51487015891,51487015895,4,894,600
51489052681,51489052688,7,2681,1204
51490871658,51490871663,5,1783,946
51492626345,51492626349,4,1711,1428
51493397054,51493397059,5,2288,1713
51494798913,51494798917,4,2564,1156
51495347933,51495347939,6,1341,981
51507290825,51507290831,6,1970,1761
51507591628,51507591630,2,1563,1524
51513423533,51513423526,-7,2550,7961
51514266458,51514266468,10,12543,48763
51517459652,51517459657,5,2572,1499
51519455482,51519455476,-6,996,1904
51522921123,51522921126,3,1759,1139
51526827270,51526827273,3,1723,1421
51532891750,51532891755,5,1675,824
51533269095,51533269101,6,1567,958
51533875765,51533875770,5,1440,1248
51535302109,51535302113,4,1601,1412
51539347930,51539347930,0,1138,1337
51539964770,51539964776,6,2224,1018
51542893960,51542893965,5,2568,1219
51544484982,51544484987,5,2143,1044
51546193978,51546193981,3,2040,1169
51547526866,51547526870,4,2030,1286
51551699217,51551699222,5,2284,1719
51555922117,51555922113,-4,1617,2895
51557147330,51557147327,-3,840,2697
51557612311,51557612316,5,1713,745
51559762765,51559762769,4,2054,1556
51561602384,51561602386,2,1506,1528
51562528677,51562528682,5,1954,1380
51564819285,51564819289,4,2134,1682
51564997968,51564997962,-6,1828,6402
51568640634,51568640638,4,1726,1238
51569871114,51569871118,4,1982,1065
51570983552,51570983555,3,1794,1208
51573247933,51573247939,6,2437,1406
51574882662,51574882671,9,1823,1305
51575368998,51575368980,-18,1688,1393
51578168026,51578168030,4,1912,1314
51584554344,51584554349,5,2236,992
51586045878,51586045882,4,1408,783
51587195869,51587195886,17,2957,1371
51588429303,51588429316,13,562,292
51590476165,51590476169,4,1471,1494
51592407190,51592407191,1,1252,1377
51594766346,51594766350,4,2037,1240
51595285886,51595285890,4,2444,1891
51596428608,51596428610,2,1702,1247
51600370885,51600370889,4,1580,1537
51602732707,51602732712,5,1944,1370
51604006872,51604006878,6,2194,1272
51605501305,51605501309,4,2272,1593
51605789578,51605789583,5,1144,745
51607156209,51607156213,4,2894,1912
51607472364,51607472366,2,1361,923
51611403110,51611403115,5,3565,1717
51614857051,51614857057,6,1608,1118
51615400941,51615400940,-1,1618,2609
51615715359,51615715365,6,2102,1335
51616878738,51616878741,3,1407,1147
51621745751,51621745754,3,1490,839
51623905406,51623905411,5,2257,1815
51624437364,51624437366,2,1597,975
51626663369,51626663372,3,2164,1398
51626970518,51626970523,5,2213,1381
51632448181,51632448186,5,1701,1172
51632856018,51632856019,1,705,1258
51636236321,51636236326,5,3165,1618
51637368919,51637368916,-3,478,2656
51639391680,51639391677,-3,21107,15679
51640244854,51640244850,-4,1278,1521
51640829615,51640829610,-5,1321,755
51646004438,51646004443,5,1879,1451
51652531821,51652531826,5,3299,1588
51655909138,51655909137,-1,1381,2652
51661369121,51661369125,4,1228,769
51662399854,51662399858,4,2324,1049
51662504865,51662504870,5,1480,1085
51663383920,51663383939,19,418,2050
51669043359,51669043362,3,1193,708
51671728960,51671728963,3,13548,12170
51676475890,51676475892,2,1965,1637
51677163203,51677163207,4,2002,1291
51679798863,51679798866,3,2206,728
51679933869,51679933875,6,2063,1366
51682632086,51682632090,4,1663,907
51682790993,51682790998,5,2513,1386
51683671039,51683671041,2,1530,1202
51684190186,51684190190,4,1770,1011
51687753439,51687753444,5,1895,1521
51689909902,51689909906,4,2519,1462
51690640149,51690640152,3,2023,1437
51692516162,51692516167,5,1962,1290
51695815153,51695815151,-2,47163,15309
51696459218,51696459218,0,1337,1648
51696551598,51696551602,4,2009,1210
51697706794,51697706794,0,1839,1448
51700613994,51700614000,6,2297,1443
51701422365,51701422367,2,1686,1361
51702933684,51702933684,0,1800,1426
51703767797,51703767801,4,1769,1045
51710319822,51710319829,7,3266,846
51711797795,51711797801,6,1928,1314
51713722530,51713722535,5,1711,1219
51716855099,51716855106,7,2200,1383
51720432779,51720432783,4,1828,1600
51722213746,51722213753,7,2568,1604
51724273717,51724273718,1,1910,2050
51727500958,51727500962,4,1802,1172
51728482505,51728482485,-20,2620,1301
51729165825,51729165825,0,1610,1343
51730286936,51730286955,19,437,1628
51730373764,51730373769,5,1738,993
51730514111,51730514092,-19,2307,976
51731264634,51731264637,3,1645,984
51731640010,51731640014,4,1703,1484
51732387921,51732387925,4,1968,1840
51734730986,51734730989,3,1749,1335
51737207547,51737207547,0,1757,1679
51738321866,51738321870,4,2498,1739
51739286942,51739286949,7,2154,1267
51741082774,51741082778,4,2553,1199
51744813029,51744813035,6,1553,1090
51754788918,51754788900,-18,1999,1399
51756336997,51756337000,3,1529,1009
51757720170,51757720173,3,1638,1221
51761891053,51761891058,5,2935,1380
51765207641,51765207647,6,2563,1240
51766522318,51766522323,5,1718,1612
51770325433,51770325437,4,2610,1086
51771878181,51771878185,4,2189,1540
51773695179,51773695183,4,1520,947
51776322306,51776322311,5,1711,1332
51776613138,51776613117,-21,933,355
51779517058,51779517062,4,1562,935
51780288624,51780288627,3,2307,1105
51781232925,51781232926,1,962,1274
51783016341,51783016342,1,1338,845
51791408837,51791408843,6,3532,1550
51793234262,51793234266,4,1958,1559
51802343126,51802343130,4,998,978
51803429198,51803429201,3,1895,935
51808870773,51808870772,-1,795,1421
51808930978,51808930985,7,2589,1487
51810884765,51810884768,3,1965,1524
51811536499,51811536502,3,2283,1148
51813221865,51813221869,4,1606,1029
51818200410,51818200414,4,1667,1305
51822583883,51822583878,-5,954,1614
51823784818,51823784814,-4,1094,2968
51825521798,51825521802,4,2696,1448
51826899891,51826899894,3,2234,1244
51829828970,51829828974,4,1723,1148
51834025417,51834025422,5,3493,1726
51836404061,51836404063,2,2036,1451
51841179902,51841179906,4,1538,847
51841704080,51841704086,6,2290,1578
51847401861,51847401865,4,2577,1248
51848727021,51848727023,2,2054,1573
51849148717,51849148721,4,1496,1208
51850723762,51850723765,3,2018,1466
51857445167,51857445174,7,2387,568
51857510814,51857510818,4,2198,1323
51859042625,51859042629,4,2049,1174
51860933189,51860933191,2,1489,889
51866906961,51866906958,-3,999,1975
51870394970,51870394975,5,2702,1213
51870891127,51870891130,3,2206,1925
51870935138,51870935146,8,1518,1307
51871949298,51871949302,4,1237,1153
51874091270,51874091273,3,2158,1714
51879340439,51879340443,4,2016,1183
51879481393,51879481399,6,2638,1397
51880601814,51880601818,4,1971,1439
51880953301,51880953298,-3,1264,4015
51881201134,51881201139,5,864,1043
51884663549,51884663553,4,2762,1488
51884907138,51884907141,3,1505,1536
51886362025,51886362027,2,15547,11373
51888455931,51888455937,6,1312,1086
51888560267,51888560273,6,1926,1485
51892677525,51892677526,1,1965,1727
51894015950,51894015949,-1,1131,1951
51900111678,51900111682,4,2173,1275
51900192938,51900192916,-22,830,256
51905341562,51905341562,0,2903,3269
51906303774,51906303781,7,1931,1300
51907203066,51907203065,-1,2053,2751
51907870219,51907870222,3,2024,1188
51909697791,51909697796,5,1766,1411
51910469489,51910469469,-20,1904,1311
51911837738,51911837742,4,1873,1172
51914134014,51914134017,3,2656,1772
51916258336,51916258339,3,2121,1359
51919647790,51919647795,5,1505,912
51921052450,51921052453,3,2324,1545
51931413734,51931413738,4,2136,1427
51934319514,51934319517,3,2110,1754
51936211357,51936211361,4,2238,1464
51938172894,51938172899,5,1793,1544
51941075774,51941075775,1,2023,1573
51941543125,51941543128,3,1634,1294
51943844850,51943844854,4,1282,1024
51946212322,51946212338,16,1938,5537
51946432205,51946432209,4,2519,1296
51948345206,51948345186,-20,1717,790
51951191139,51951191141,2,2621,2229
51951553553,51951553557,4,1992,1133
51954052530,51954052535,5,1664,1136
51954452539,51954452542,3,2452,1743
51957207762,51957207766,4,4708,3381
51957256901,51957256902,1,1796,1175
51959486428,51959486431,3,2053,1827
51960589187,51960589187,0,1138,751
51962846482,51962846486,4,1954,1115
51963465068,51963465072,4,1937,1364
51963647915,51963647926,11,1833,901
51965982818,51965982822,4,1886,1480
51971557347,51971557351,4,3080,2040
51977545258,51977545263,5,1603,1274
51978469526,51978469529,3,1921,1542
51979524965,51979524970,5,1426,813
51980078611,51980078609,-2,1422,2668
51980219369,51980219373,4,2127,1445
51981868463,51981868467,4,2064,1319
51982370044,51982370050,6,1569,1330
51984327794,51984327803,9,3219,850
51989096270,51989096272,2,1869,1674
51995177006,51995177011,5,2577,1601
51996602935,51996602941,6,2183,1139
51998466001,51998466006,5,1944,1493
52000255749,52000255754,5,2968,1857
52002383364,52002383368,4,1937,1548
52006508151,52006508153,2,1258,1583
52006703715,52006703721,6,1275,1039
52009200001,52009200004,3,1673,804
52009645570,52009645574,4,898,1295
52011789604,52011789607,3,3007,1835
52015084344,52015084349,5,1928,1238
52015587938,52015587942,4,1875,1433
52015950026,52015950004,-22,1245,1359
52016851438,52016851442,4,1746,1499
52018979443,52018979448,5,1820,1504
52019449952,52019449954,2,1405,1421
52023068373,52023068378,5,2667,1371
52023483905,52023483909,4,2702,1598
52024135006,52024135009,3,2093,1347
52027735056,52027735061,5,1186,1213
52028659221,52028659226,5,1685,1436
52031377435,52031377439,4,1658,1271
52033688574,52033688577,3,2061,1360
52033738320,52033738324,4,2173,1647
52034867399,52034867391,-8,909,3995
52035024185,52035024190,5,1888,1354
52038535481,52038535484,3,2520,1717
52039936911,52039936914,3,1962,1566
52040849048,52040849053,5,1533,970
52049168021,52049168031,10,1465,977
52050144869,52050144873,4,2445,1503
52052218558,52052218562,4,800,571
52056168278,52056168276,-2,981,2599
52057649179,52057649177,-2,1329,2343
52057777858,52057777861,3,2406,1579
52059894708,52059894711,3,1908,1173
52062567295,52062567300,5,2657,1323
52062885259,52062885279,20,1738,747
52068520130,52068520135,5,1686,1067
52070121106,52070121111,5,2417,1428
52072058046,52072058053,7,2802,1180
52073824006,52073824010,4,2376,1322
52074340718,52074340721,3,3088,1706
52076149810,52076149815,5,1706,1054
52076178123,52076178123,0,1292,2136
52077780994,52077781002,8,11722,25027
52080453854,52080453857,3,1928,2008
52083329234,52083329239,5,2145,1515
52083447942,52083447948,6,2617,1646
52086176621,52086176623,2,1331,1002
52088585458,52088585462,4,1671,1034
52093097291,52093097276,-15,1385,771
52097577290,52097577294,4,1978,1050
52104447506,52104447509,3,1436,1292
52107877285,52107877287,2,2131,1835
52108410450,52108410454,4,2208,1290
52109305957,52109305960,3,2288,1528
52109712957,52109712972,15,7257,1833
52120739506,52120739511,5,2822,1239
52129479490,52129479495,5,1920,1764
52134850630,52134850635,5,1063,1019
52135090613,52135090620,7,12580,28020
52136106294,52136106298,4,2346,923
52136346750,52136346756,6,2929,1501
52140659458,52140659462,4,1855,1007
52141364767,52141364773,6,1261,1303
52142519330,52142519333,3,1850,1639
52143526258,52143526263,5,2155,1553
52144928846,52144928851,5,1351,835
52147046062,52147046066,4,2177,1556
52149073215,52149073203,-12,1179,979
52149215742,52149215738,-4,1280,1495
52149564130,52149564134,4,1768,1012
52149845623,52149845631,8,2015,1001
52151170614,52151170615,1,3097,2609
52155761207,52155761211,4,1293,1281
52156911750,52156911754,4,2315,1282
52157084881,52157084862,-19,1307,186
52160161370,52160161370,0,38370,35399
52161087193,52161087196,3,2069,1342
52163147636,52163147643,7,3480,1379
52169063256,52169063252,-4,1931,4717
52169465357,52169465358,1,717,1491
52172093745,52172093749,4,2773,1733
52177598866,52177598860,-6,1607,7637
52178338976,52178338979,3,2063,1600
52178859518,52178859524,6,4182,1430
52179313351,52179313355,4,2066,1652
52180338169,52180338174,5,1683,1188
52181516959,52181516939,-20,2052,974
52182046082,52182046087,5,1980,1037
52189766643,52189766649,6,1920,1358
52193089271,52193089274,3,1772,1203
52193998575,52193998571,-4,949,1430
52196644326,52196644326,0,2001,1717
52196706685,52196706690,5,3020,1503
52199758729,52199758734,5,1046,891
52202648888,52202648897,9,1841,822
52204467466,52204467468,2,1884,1323
52206784142,52206784145,3,1932,1448
52206994406,52206994412,6,1909,1366
52208381192,52208381196,4,1905,1192
52208653807,52208653816,9,557,348
52209013803,52209013813,10,1537,1204
52209505262,52209505270,8,2131,1210
52210518501,52210518506,5,1619,1119
52213139666,52213139669,3,1896,1131
52214066573,52214066579,6,2214,1124
52217674432,52217674427,-5,32347,12810
52219040240,52219040238,-2,2296,4589
52221356266,52221356269,3,1524,1680
52221516804,52221516810,6,2417,1598
52224678986,52224678991,5,2285,1666
52225379920,52225379925,5,2234,1221
52229594146,52229594150,4,1872,841
52235033333,52235033337,4,2079,1790
52235834538,52235834542,4,1929,1625
52236407622,52236407627,5,1755,1515
52236539296,52236539294,-2,2546,2617
52237430763,52237430767,4,2344,1880
52240328066,52240328069,3,1819,1085
52240439785,52240439789,4,1422,1419
52242226510,52242226515,5,2218,1739
52243446209,52243446213,4,1492,1337
52246489304,52246489309,5,2312,1867
52247301473,52247301475,2,1322,1111
52250074884,52250074889,5,1717,1262
52251866098,52251866104,6,3157,1414
52257964976,52257964980,4,2146,1567
52260291734,52260291733,-1,1539,3068
52260755968,52260755973,5,2198,801
52261861304,52261861292,-12,94,71
52262342156,52262342161,5,1698,1219
52263574265,52263574265,0,1814,1752
52268903758,52268903762,4,2305,1572
52270686600,52270686598,-2,1899,4066
52270992585,52270992587,2,1414,762
52275514001,52275514006,5,1612,928
52280032465,52280032467,2,1749,1121
52286634893,52286634895,2,2577,1363
52290774120,52290774125,5,1822,1531
52291480050,52291480047,-3,944,1257
52293197030,52293197035,5,1307,720
52293998538,52293998556,18,2101,1297
52294609014,52294609010,-4,1730,3901
52295076758,52295076762,4,1386,1707
52295545128,52295545144,16,1967,1207
52304929691,52304929695,4,1918,1454
52304965798,52304965804,6,2875,1443
52305633133,52305633134,1,1875,1232
52307242826,52307242834,8,3051,823
52311776330,52311776334,4,2049,1366
52311913264,52311913265,1,1533,2033
52314573038,52314573043,5,2277,1167
52316979280,52316979300,20,1165,1214
52321630650,52321630631,-19,1611,892
52322191985,52322191991,6,2192,1659
52325216949,52325216953,4,2135,1343
52325654558,52325654563,5,2336,1663
52328079695,52328079696,1,1324,988
52331332823,52331332827,4,1497,907
52334379305,52334379309,4,1777,777
52337599351,52337599356,5,2082,1225
52338668649,52338668654,5,2305,1637
52339205670,52339205678,8,2327,1795
52341000859,52341000863,4,2039,1133
52341596613,52341596619,6,3431,1703
52343473122,52343473126,4,2508,1454
52343870921,52343870926,5,1972,1934
52345667459,52345667461,2,2091,2220
52346119195,52346119199,4,643,1371
52347633417,52347633422,5,2656,1303
52351030126,52351030131,5,2834,1497
52354843596,52354843594,-2,1863,2705
52358429128,52358429133,5,2404,1861
52358472655,52358472658,3,1662,1446
52359420413,52359420420,7,2750,1174
52362089740,52362089745,5,2596,1625
52365193778,52365193778,0,1639,1698
52370213905,52370213911,6,2560,1566
52371904722,52371904728,6,2173,1336
52372108278,52372108281,3,1646,1470
52373919103,52373919107,4,2365,1752
52377398387,52377398389,2,2304,1184
52378484478,52378484482,4,1982,1349
52378582995,52378582999,4,1889,1226
52379010530,52379010534,4,1880,1333
52379804728,52379804732,4,1781,996
52380500207,52380500207,0,1604,1350
52381462941,52381462946,5,2224,1458
52385680477,52385680480,3,1924,1038
52386362745,52386362750,5,1823,999
52393320759,52393320766,7,2513,1011
52393935832,52393935834,2,2319,1916
52394616967,52394616971,4,1792,931
52394898822,52394898826,4,1235,977
52397858610,52397858616,6,4849,1709
52398044829,52398044835,6,2472,1656
52398506221,52398506231,10,1301,1270
52400529146,52400529150,4,1851,1774
52400960138,52400960142,4,1973,1009
52407070025,52407070029,4,1680,1329
52408251869,52408251872,3,2354,1730
52410928361,52410928359,-2,1332,2224
52413519261,52413519263,2,1982,2002
52413882866,52413882869,3,1853,1341
52417450466,52417450469,3,2222,1528
52419457785,52419457791,6,2014,1618
52424161639,52424161643,4,1611,1327
52428939600,52428939605,5,2396,1151
52430113009,52430113011,2,1623,1430
52432018707,52432018713,6,2064,1246
52432344441,52432344446,5,1948,1169
52437393597,52437393601,4,2644,1054
52438451360,52438451363,3,2013,1476
52439700833,52439700833,0,1315,1273
52441120225,52441120227,2,1913,1485
52445983310,52445983314,4,2646,1192
52446055062,52446055047,-15,508,321
52450374711,52450374701,-10,1284,3852
52452834404,52452834400,-4,2609,5886
52453484785,52453484791,6,1490,775
52454887834,52454887838,4,2131,1038
52456634419,52456634423,4,2661,1377
52457530597,52457530603,6,2570,1243
52459390651,52459390655,4,2143,1311
52460220351,52460220359,8,2181,1132
52460601526,52460601523,-3,1151,2223
52462509648,52462509651,3,1399,1124
52464347019,52464347020,1,1393,1762
52467380493,52467380495,2,1665,1509
52470438846,52470438861,15,482,1440
52471635142,52471635146,4,1904,919
52473314327,52473314331,4,1775,1314
52474357202,52474357206,4,1709,969
52474885779,52474885786,7,1965,1614
52475012810,52475012816,6,2025,1436
52477628745,52477628748,3,2218,1360
52478925760,52478925763,3,1418,1716
52484368615,52484368618,3,2418,1129
52485774467,52485774471,4,1699,827
52487055725,52487055731,6,1209,1117
52488182634,52488182635,1,1363,857
52490213401,52490213398,-3,1530,3372
52491655831,52491655834,3,1393,659
52497676254,52497676258,4,1800,1107
52498703486,52498703490,4,1598,1394
52499806942,52499806948,6,2545,1341
52506405801,52506405806,5,1832,1094
52509621589,52509621594,5,1945,1476
52509892143,52509892146,3,2849,1824
52510023602,52510023606,4,2578,1739
52510255764,52510255770,6,2393,1062
52513105042,52513105036,-6,627,2110
52513225347,52513225351,4,1888,1036
52513296027,52513296031,4,2782,1823
52514571965,52514571969,4,1712,1173
52520121869,52520121873,4,2430,2127
52520856934,52520856937,3,2209,1230
52523503664,52523503667,3,2159,1596
52527187762,52527187767,5,1662,1267
52528957231,52528957236,5,1473,1261
52532261559,52532261557,-2,2866,4997
52533184278,52533184283,5,3253,1757
52533783766,52533783768,2,1973,1386
52536102518,52536102522,4,1781,1573
52541194472,52541194475,3,2290,1615
52542610611,52542610617,6,912,560
52543342349,52543342353,4,1392,1405
52550764816,52550764820,4,1544,1189
52551806149,52551806150,1,1735,1617
52553361938,52553361942,4,1849,1043
52553467545,52553467551,6,2976,1281
52555885020,52555885022,2,2212,1554
52557996702,52557996704,2,2358,1532
52558953460,52558953461,1,1743,1557
52559962945,52559962951,6,2633,1089
52561830907,52561830910,3,1052,1080
52562483934,52562483939,5,2292,1818
52564293449,52564293454,5,2604,1679
52570355086,52570355090,4,2209,1343
52573533478,52573533484,6,1809,1386
52573836025,52573836004,-21,1601,977
52575073029,52575073035,6,1562,1150
52575110717,52575110719,2,1938,1323
52575139733,52575139738,5,1812,860
52579108948,52579108951,3,2297,1793
52579137219,52579137222,3,2086,1387
52580347430,52580347436,6,33797,115159
52580949690,52580949690,0,724,1093
52581150518,52581150522,4,1864,1697
52582384642,52582384646,4,1674,1073
52584014461,52584014464,3,1920,1534
52584640682,52584640686,4,2103,1588
52586065582,52586065586,4,1390,628
52587392502,52587392506,4,1574,1244
52589435091,52589435095,4,2178,1351
52591737505,52591737511,6,18991,24048
52594506890,52594506892,2,1451,1495
52598391069,52598391073,4,2395,1582
52600293398,52600293404,6,2066,1033
52608773553,52608773552,-1,2300,3644
52610968937,52610968942,5,1961,1173
52614388058,52614388064,6,1990,1075
52616046329,52616046337,8,2707,1023
52616281910,52616281894,-16,1745,1399
52618931719,52618931723,4,1788,1100
52620560840,52620560844,4,1939,1190
52621907962,52621907969,7,1582,1148
52622255376,52622255379,3,2741,1522
52622654256,52622654262,6,2786,1288
52624554490,52624554494,4,1499,946
52627111225,52627111228,3,1791,1009
52629927419,52629927423,4,1255,1216
52630532562,52630532580,18,2094,871
52634677337,52634677344,7,6058,2256
52635259455,52635259461,6,1659,1051
52635666401,52635666382,-19,2290,1638
52635717173,52635717158,-15,2955,1368
52637346701,52637346706,5,2283,1563
52639315612,52639315614,2,1981,1668
52643035637,52643035642,5,2498,1913
52643405705,52643405709,4,2296,1831
52646870785,52646870783,-2,1525,1618
52647422246,52647422253,7,2180,1202
52649707558,52649707561,3,1770,1285
52650010626,52650010631,5,2617,2173
52650135794,52650135790,-4,19459,10495
52650612150,52650612155,5,1846,1078
52653195398,52653195403,5,2311,1174
52665242718,52665242723,5,2343,1051
52666445416,52666445419,3,1590,1416
52671144816,52671144820,4,2194,1391
52681387745,52681387750,5,2119,1298
52683921986,52683921989,3,5438,20335
52684246927,52684246931,4,2243,1237
52690011128,52690011130,2,2543,2093
52690552319,52690552321,2,3295,1977
52690731201,52690731205,4,2039,1349
52692807520,52692807522,2,1478,1922
52697634973,52697634978,5,2381,1527
52698578651,52698578655,4,1662,940
52700223389,52700223395,6,1732,1008
52702877919,52702877922,3,2573,1504
52705934043,52705934038,-5,1411,5365
52707793103,52707793107,4,1663,1244
52712671020,52712671023,3,1505,758
52715668053,52715668057,4,2179,1446
52717518783,52717518787,4,2200,1663
52718287621,52718287627,6,2042,1166
52720839364,52720839370,6,4075,803
52721450421,52721450430,9,2313,1322
52722064138,52722064133,-5,2239,10259
52724077843,52724077843,0,2177,1762
52724892650,52724892654,4,2028,2057
52725905248,52725905253,5,1773,807
52727499527,52727499529,2,1451,944
52727791003,52727791007,4,2284,1406
52728170314,52728170319,5,2120,1384
52732001393,52732001396,3,2259,1992
52732153605,52732153604,-1,20165,19901
52733018190,52733018194,4,2187,1075
52737975890,52737975894,4,2115,1045
52746658034,52746658038,4,2570,1792
52747272700,52747272703,3,1983,1458
52750438675,52750438673,-2,1034,2902
52752177684,52752177695,11,10357,39678
52752727977,52752727982,5,1982,1199
52755007865,52755007872,7,3324,1338
52756335109,52756335111,2,2130,1220
52756593593,52756593599,6,1408,1135
52757156653,52757156663,10,2139,933
52764339645,52764339649,4,2231,1461
52766833745,52766833750,5,2394,1578
52769323513,52769323517,4,2121,1501
52770681978,52770681998,20,1437,1208
52771420494,52771420477,-17,1158,666
52774021870,52774021873,3,1827,1275
52782405807,52782405810,3,2517,1221
52782539234,52782539221,-13,708,509
52784951934,52784951938,4,2180,1268
52786907601,52786907600,-1,1086,2408
52789720950,52789720955,5,2515,1265
52789951189,52789951194,5,1603,966
52791213454,52791213458,4,986,811
52792544995,52792544999,4,2073,1686
52793301423,52793301427,4,1342,939
52796839899,52796839906,7,2638,1256
52797579319,52797579323,4,2299,1206
52798698185,52798698191,6,2580,1328
52805309242,52805309243,1,1125,1175
52809829455,52809829458,3,1716,1376
52810548860,52810548866,6,2450,1169
52810961794,52810961799,5,2798,1399
52813822743,52813822748,5,2120,1331
52817423066,52817423070,4,1245,1175
52819088032,52819088038,6,2050,1230
52827979621,52827979625,4,2781,1710
52828788825,52828788829,4,2071,1468
52831298065,52831298070,5,1621,992
52831857450,52831857458,8,5300,2154
52843201117,52843201121,4,1855,1221
52843402901,52843402887,-14,1587,1087
52847221868,52847221871,3,1516,913
52848838049,52848838053,4,1519,1248
52851117667,52851117671,4,1702,1137
52851191137,52851191142,5,1506,1031
52851592267,52851592270,3,1822,1451
52851990344,52851990346,2,2453,1623
52853060834,52853060839,5,1806,882
52857641740,52857641743,3,1844,1261
52859899047,52859899049,2,1678,1236
52861050878,52861050882,4,1407,1348
52861975158,52861975162,4,1742,1319
52862410964,52862410966,2,1898,1354
52862738860,52862738863,3,2486,1545
52867668824,52867668825,1,1797,1137
52877067833,52877067838,5,1855,1226
52882184772,52882184778,6,1954,1382
52884480376,52884480382,6,1934,1227
52884987608,52884987614,6,1053,1058
52886635154,52886635158,4,2077,1182
52887257758,52887257744,-14,2056,1361
52887388362,52887388367,5,2074,1210
52888010960,52888010963,3,1075,862
52890763768,52890763755,-13,1200,4045
52892413580,52892413585,5,2078,1636
52896203154,52896203159,5,1719,1132
52899482396,52899482394,-2,44,1071
52913237650,52913237654,4,2212,1486
52914237502,52914237508,6,1765,1097
52915385329,52915385309,-20,2202,1600
52920192151,52920192156,5,3208,2187
52921155096,52921155100,4,2063,1309
52922400444,52922400448,4,1873,2039
52927259974,52927259979,5,2443,1101
52927758874,52927758879,5,2295,1357
52928007193,52928007198,5,2684,1339
52928367223,52928367230,7,1781,908
52931762887,52931762891,4,2379,1323
52935070166,52935070170,4,1812,1497
52935958451,52935958457,6,1832,954
52943645598,52943645602,4,1939,1429
52950252597,52950252599,2,2432,1025
52950537873,52950537887,14,2247,1288
52951990585,52951990590,5,2246,1250
52952696561,52952696565,4,2458,1351
52953441402,52953441406,4,2952,1604
52955377056,52955377063,7,3634,1362
52955721327,52955721330,3,1769,1300
52957192486,52957192489,3,1136,1138
52958946571,52958946574,3,1483,2248
52963503020,52963503025,5,2281,1093
52963812306,52963812309,3,1530,1472
52964055944,52964055947,3,1573,765
52964397735,52964397739,4,2704,1274
52970250825,52970250827,2,2179,1093
52970434647,52970434649,2,2850,1578
52978580418,52978580422,4,1432,824
52978759738,52978759742,4,2318,1046
52985909132,52985909137,5,2677,2034
52986014535,52986014516,-19,692,479
52986075375,52986075386,11,313,1319
52988631008,52988631012,4,3065,1294
52991121728,52991121734,6,1844,1251
52998539985,52998539990,5,2094,1028
52998795682,52998795687,5,2108,1239
53001059779,53001059785,6,1696,1027
53005181270,53005181274,4,1787,1351
53009381058,53009381061,3,1990,1974
53011465030,53011465034,4,3253,1323
53011577279,53011577283,4,2191,1702
53013296854,53013296861,7,5827,2463
53022897221,53022897210,-11,49042,14385
53028611898,53028611902,4,1443,1544
53031521589,53031521593,4,1949,1186
53036372383,53036372390,7,2655,1897
53037105954,53037105959,5,2374,1185
53038040004,53038040007,3,2570,1559
53044451347,53044451363,16,476,1690
53047964901,53047964906,5,2064,1447
53048125778,53048125782,4,1759,1432
53048691492,53048691497,5,2684,1575
53052299932,53052299939,7,2565,1419
53052333922,53052333925,3,1951,1548
53053891982,53053891986,4,1770,1633
53054687833,53054687838,5,2244,1260
53054729390,53054729392,2,1003,1050
53055332227,53055332228,1,1177,1387
53055515823,53055515820,-3,42434,19283
53055938366,53055938370,4,1553,1114
53062859030,53062859034,4,1477,1397
53067100223,53067100227,4,1288,790
53067362960,53067362963,3,1577,891
53067405126,53067405131,5,2138,1124
53069985982,53069985989,7,2283,1463
53070514181,53070514186,5,2081,1065
53072640092,53072640095,3,1353,1144
53073740023,53073740026,3,2274,1148
53074137550,53074137554,4,2319,1541
53076145417,53076145422,5,2253,1293
53078052465,53078052471,6,1912,1146
53081475099,53081475106,7,1034,924
53082519072,53082519077,5,3150,1311
53082974018,53082974023,5,2232,1563
53085236367,53085236373,6,2828,1799
53086551889,53086551890,1,1469,1041
53086787068,53086787072,4,2556,1466
53087160744,53087160726,-18,2704,1298
53087496455,53087496455,0,1061,2193
53089648890,53089648892,2,2270,1575
53089961738,53089961742,4,1442,678
53090809401,53090809406,5,1960,1621
53092337128,53092337130,2,2189,1068
53093080683,53093080686,3,2338,1566
53093972196,53093972199,3,2163,1388
53094137685,53094137677,-8,1848,263
53097523199,53097523203,4,2036,1440
53098867087,53098867089,2,2017,1222
53099560569,53099560578,9,2241,1234
53101103042,53101103042,0,1575,1262
53102260455,53102260460,5,2816,1522
53104141152,53104141157,5,2217,1435
53104855125,53104855127,2,1836,1437
53109047909,53109047914,5,1758,1103
53116305001,53116305002,1,1449,917
53117732308,53117732315,7,5628,2392
53118309201,53118309207,6,1784,1250
53118749356,53118749361,5,2248,1016
53119482782,53119482786,4,1303,1166
53121309910,53121309911,1,1775,1796
53125656038,53125656042,4,1950,1539
53128033902,53128033905,3,1371,1196
53136371451,53136371456,5,1663,1280
53136868534,53136868519,-15,1366,1045
53137330571,53137330573,2,1572,1531
53144029369,53144029370,1,1517,1727
53145121657,53145121661,4,1472,1228
53154659216,53154659220,4,2266,1589
53155887066,53155887071,5,2306,1243
53155987099,53155987103,4,2660,1658
53159621110,53159621115,5,2117,1504
53164242777,53164242780,3,1211,1348
53165220374,53165220378,4,2206,1620
53166751922,53166751926,4,1816,1113
53168654787,53168654791,4,1674,1487
53169316341,53169316338,-3,1430,2065
53169744431,53169744421,-10,1460,2787
53170335831,53170335834,3,1648,1147
53170407532,53170407519,-13,1778,1081
53173944952,53173944963,11,2326,903
53174321994,53174321973,-21,2143,622
53177575646,53177575649,3,2785,1317
53177882746,53177882753,7,1285,1367
53179895466,53179895470,4,2063,1450
53182888242,53182888246,4,2393,1519
53186113794,53186113797,3,2443,1979
53188561956,53188561959,3,1790,1279
53191740793,53191740798,5,2861,1438
53193402641,53193402643,2,2978,1766
53201079566,53201079570,4,2483,855
53202780930,53202780933,3,2177,1697
53203655914,53203655919,5,2759,1614
53204688081,53204688085,4,1504,1475
53206565405,53206565407,2,1834,1729
53206906935,53206906938,3,2014,1335
53207433681,53207433686,5,1738,815
53211874639,53211874642,3,1367,918
53212149697,53212149694,-3,21128,82351
53215887765,53215887770,5,1910,1012
53216566917,53216566921,4,2896,1745
53216657575,53216657578,3,1754,1235
53221123571,53221123571,0,1708,1534
53221484373,53221484376,3,2221,1598
53225754674,53225754677,3,2929,1993
53226010622,53226010627,5,1658,857
53227577354,53227577361,7,2040,1215
53228147440,53228147450,10,12671,42379
53235454462,53235454465,3,1264,996
53237383263,53237383269,6,2728,941
53237957770,53237957774,4,2565,1651
53239462021,53239462026,5,1404,1211
53240245722,53240245742,20,1623,1038
53246225574,53246225579,5,2227,1568
53246983446,53246983449,3,2149,1459
53249861151,53249861154,3,2570,1285
53253038087,53253038094,7,1506,1070
53253414441,53253414446,5,1806,1387
53260214334,53260214339,5,5141,2030
53262688250,53262688255,5,1470,1034
53263097095,53263097098,3,1248,896
53264376115,53264376118,3,2316,2322
53265452890,53265452894,4,2225,1361
53265830785,53265830787,2,1714,1026
53269072381,53269072383,2,1973,1169
53269234367,53269234372,5,1776,919
53272462030,53272462034,4,1982,1142
53275829484,53275829488,4,3044,1265
53278826021,53278826026,5,1724,1447
53281136455,53281136457,2,1455,1360
53285980443,53285980447,4,1680,1496
53287729386,53287729391,5,1997,1417
53289658714,53289658718,4,1666,1296
53290452795,53290452799,4,1493,1467
53291065605,53291065605,0,1551,1801
53294239147,53294239151,4,1536,992
53298025540,53298025543,3,1946,1404
53300559651,53300559648,-3,1122,2459
53302857471,53302857473,2,2390,2127
53302882602,53302882608,6,2453,1172
53305611261,53305611266,5,2457,1661
53306231618,53306231636,18,1980,1159
53306348458,53306348464,6,2281,1670
53308703173,53308703178,5,2173,1131
53313014149,53313014154,5,2077,1277
53313559541,53313559546,5,2520,1366
53313916857,53313916860,3,1626,781
53315053008,53315053006,-2,2155,2353
53316259558,53316259562,4,1647,1099
53319118634,53319118638,4,1336,1514
53320343814,53320343818,4,2025,1527
53325475159,53325475161,2,2037,1381
53326705942,53326705950,8,828,632
53334374550,53334374553,3,1970,718
53336956737,53336956740,3,1644,1189
53338000245,53338000245,0,1798,1411
53338825621,53338825625,4,1630,1053
53339698588,53339698593,5,1873,1408
53340420067,53340420071,4,2284,1910
53342662915,53342662918,3,1399,410
53343214438,53343214440,2,1529,1208
53343620761,53343620766,5,2074,1145
53344870775,53344870780,5,2011,1084
53349257471,53349257470,-1,931,1687
53350332525,53350332527,2,1427,1242
53353570827,53353570830,3,1908,2318
53355330438,53355330442,4,1645,1151
53356593452,53356593458,6,2703,1269
53362744133,53362744139,6,1584,1256
53363676250,53363676254,4,1519,1588
53366630252,53366630256,4,1507,1654
53367329271,53367329275,4,1459,869
53367743866,53367743870,4,1328,1399
53368846649,53368846653,4,2655,2094
53370324253,53370324261,8,1161,1115
53380429266,53380429271,5,2403,1104
53382507907,53382507910,3,1563,1230
53385695455,53385695459,4,1762,1040
53385980133,53385980120,-13,1633,1350
53388098126,53388098129,3,1499,1220
53389444638,53389444642,4,3172,1540
53389970358,53389970360,2,3050,1225
53390517361,53390517341,-20,2407,1315
53395966561,53395966566,5,1030,1347
53396170918,53396170926,8,547,201
53396773203,53396773207,4,2321,898
53397333714,53397333719,5,1762,1322
53401824556,53401824561,5,1645,1374
53404500490,53404500494,4,1924,967
53404803408,53404803414,6,1926,957
53405840365,53405840368,3,1549,1135
53407825647,53407825655,8,2255,1368
53409283927,53409283929,2,1814,1508
53409458517,53409458521,4,1846,1493
53410365418,53410365425,7,1764,1598
53410550590,53410550594,4,2510,1994
53410996692,53410996698,6,2682,1583
53411676962,53411676964,2,1694,1355
53416297884,53416297889,5,2415,1414
53419365719,53419365722,3,2017,2045
53420740445,53420740450,5,1788,1942
53423032869,53423032874,5,1957,901
53425302406,53425302411,5,2040,1221
53427365114,53427365119,5,1706,936
53428129976,53428129982,6,2046,1409
53429936902,53429936905,3,1267,1382
53430351543,53430351545,2,1805,1459
53440920974,53440920978,4,1385,1611
53442544159,53442544163,4,2312,897
53443032164,53443032168,4,2120,1285
53444464515,53444464519,4,1689,1244
53447573953,53447573958,5,2378,1354
53451093642,53451093645,3,2110,1500
53451394243,53451394247,4,1156,1534
53454665118,53454665123,5,2656,1776
53455366691,53455366694,3,2509,1521
53460424391,53460424395,4,2406,1414
53461082438,53461082442,4,1956,1477
53463830598,53463830602,4,1273,1098
53463994074,53463994079,5,1916,1382
53467062229,53467062235,6,2340,1484
53474500238,53474500242,4,2162,1508
53478322823,53478322827,4,2260,1550
53480254673,53480254677,4,2119,1560
53483592806,53483592812,6,2646,1130
53484722796,53484722801,5,1729,1443
53488467109,53488467113,4,1821,1448
53491770717,53491770718,1,1549,2248
53492205769,53492205774,5,1442,1275
53493125452,53493125455,3,1484,1094
53496018339,53496018342,3,2118,1733
53497649266,53497649269,3,2630,1722
53498629019,53498629022,3,1867,1612
53498936257,53498936257,0,1129,1472
53502479297,53502479304,7,2024,1189
53502889525,53502889528,3,1468,997
53504101434,53504101437,3,2630,1988
53504200609,53504200610,1,2225,1360
53506113971,53506113973,2,1433,1319
53506766665,53506766666,1,1469,1043
53508281144,53508281147,3,2357,1468
53510594093,53510594094,1,1239,1506
53512908143,53512908148,5,2988,1673
53514581542,53514581546,4,2334,1334
53516014877,53516014880,3,1484,982
53516369330,53516369322,-8,1471,5049
53518988006,53518988012,6,2582,1433
53522879507,53522879510,3,1885,1645
53524855451,53524855455,4,1482,1179
53527579189,53527579194,5,1895,1138
53527989025,53527989037,12,1681,1130
53529619725,53529619724,-1,21855,30968
53532948290,53532948293,3,1418,1174
53533876206,53533876210,4,1875,1154
53536779700,53536779703,3,2183,2032
53539808928,53539808933,5,2199,1426
53541029222,53541029218,-4,1274,2683
53544406421,53544406424,3,2518,1628
53545776146,53545776151,5,1028,868
53546847782,53546847787,5,1898,1088
53548079667,53548079686,19,1586,1486
53548380738,53548380718,-20,1910,868
53552492111,53552492120,9,12681,33947
53553275136,53553275139,3,1729,1091
53558104158,53558104162,4,1469,829
53559116965,53559116971,6,2801,1038
53559390520,53559390511,-9,1859,27314
53562806984,53562806989,5,1623,1057
53565438478,53565438473,-5,2205,4935
53571590982,53571590986,4,2058,1465
53573245147,53573245153,6,3255,1899
53573857937,53573857938,1,1176,1393
53576802233,53576802235,2,1698,1527
53577515532,53577515537,5,1407,949
53582112944,53582112945,1,702,1327
53586621237,53586621240,3,1785,1900
53586922773,53586922777,4,1917,1096
53586963801,53586963806,5,1224,1014
53590032663,53590032670,7,2341,1325
53592594393,53592594377,-16,708,310
53592727906,53592727913,7,2156,1389
53595062605,53595062609,4,2539,1616
53595215238,53595215242,4,1935,1223
53596572018,53596572019,1,2155,1993
53597925867,53597925867,0,1573,1181
53599434931,53599434935,4,1247,1342
53600001108,53600001112,4,1683,1466
53601516545,53601516551,6,2564,1242
53604872705,53604872710,5,1640,1100
53605313546,53605313564,18,844,81
53605700081,53605700085,4,1998,1291
53605908105,53605908110,5,3041,1395
53608531242,53608531246,4,2102,975
53608898746,53608898749,3,1267,1087
53611472638,53611472642,4,2455,1841
53613883101,53613883110,9,1993,1199
53618012213,53618012216,3,1836,1140
53618611827,53618611829,2,2561,1510
53618740702,53618740708,6,1613,1288
53619584913,53619584917,4,2349,1395
53620263106,53620263110,4,2323,1340
53625736805,53625736805,0,1440,2079
53630264677,53630264680,3,1431,973
53630843694,53630843676,-18,779,391
53631209076,53631209081,5,2178,1094
53631986277,53631986282,5,1724,1057
53632780503,53632780507,4,1944,1136
53635647971,53635647975,4,2079,1450
53637558151,53637558153,2,2066,1396
53638184490,53638184494,4,2121,1598
53642458674,53642458677,3,1822,1629
53647327086,53647327091,5,1544,1406
53652781561,53652781566,5,2006,1377
53654068698,53654068701,3,1377,1586
53656415258,53656415262,4,1588,1204
53656499163,53656499140,-23,985,432
53657842458,53657842458,0,1474,1643
53660730233,53660730240,7,2846,1409
53660786395,53660786373,-22,761,438
53663749031,53663749039,8,2375,910
53668878999,53668879003,4,1957,1507
53672269997,53672270001,4,2674,1381
53672687774,53672687774,0,1852,1454
53673174098,53673174103,5,2151,1654
53673776002,53673776006,4,2061,1453
53674799147,53674799153,6,2194,1255
53676158479,53676158483,4,2323,1254
53678984231,53678984235,4,1942,1206
53679356579,53679356588,9,1642,1403
53681013817,53681013823,6,1904,1295
53684433717,53684433721,4,1799,1112
53685498658,53685498662,4,1339,1092
53688526007,53688525999,-8,1394,1163
53690151998,53690152002,4,1951,1013
53692004687,53692004691,4,2138,1176
53700122261,53700122266,5,2528,1245
53701123886,53701123888,2,868,1095
53704530056,53704530061,5,2187,1028
53706125942,53706125946,4,2753,1663
53706698227,53706698230,3,1238,1227
53708741522,53708741518,-4,2081,4205
53709760270,53709760277,7,3419,1147
53712392809,53712392817,8,913,598
53716861987,53716862002,15,2094,1150
53718318258,53718318261,3,1182,1143
53720708946,53720708941,-5,805,2575
53724737813,53724737818,5,1768,963
53727252526,53727252530,4,2282,1681
53729530198,53729530202,4,1628,1328
53731819968,53731819973,5,2121,1410
53732876725,53732876728,3,2018,1944
53740710403,53740710408,5,2697,1265
53741903933,53741903935,2,2223,1551
53749487741,53749487744,3,2287,1288
53749667210,53749667191,-19,1012,865
53750110070,53750110075,5,1959,1256
53750643451,53750643457,6,1779,997
53751261146,53751261150,4,1865,1357
53752094233,53752094239,6,1198,1185
53752392066,53752392069,3,1800,1612
53756410942,53756410947,5,1634,766
53757078281,53757078264,-17,1911,1400
53759908193,53759908197,4,1947,1593
53763672386,53763672390,4,2003,1569
53764845969,53764845972,3,2169,1484
53774143689,53774143692,3,2219,1951
53776622598,53776622601,3,2303,1466
53779273530,53779273527,-3,17309,51892
53780613329,53780613333,4,2531,1553
53780639914,53780639904,-10,715,252
53781927761,53781927767,6,1537,1211
53785957482,53785957488,6,2976,1414
53788097694,53788097698,4,1426,1069
53790868017,53790868021,4,2193,1585
53792979621,53792979626,5,1584,995
53797283192,53797283194,2,2593,1371
53798796595,53798796599,4,1934,1536
53799790577,53799790579,2,1618,1000
53801916549,53801916554,5,1853,1508
53801989521,53801989525,4,3249,1111
53803047455,53803047461,6,2192,1213
53806367595,53806367598,3,2571,1715
53806952351,53806952343,-8,1511,1248
53807498337,53807498342,5,3030,1689
53808661214,53808661228,14,1965,1282
53809897146,53809897151,5,2039,1495
53810832950,53810832935,-15,873,381
53811192861,53811192865,4,2424,1286
53815190683,53815190691,8,2508,1241
53818678894,53818678899,5,2704,1035
53826053801,53826053806,5,2212,1419
53826172382,53826172388,6,1361,1480
53828008043,53828008046,3,1149,1055
53831647345,53831647352,7,7582,2622
53832400540,53832400546,6,1555,1371
53835185782,53835185787,5,2359,1282
53835527803,53835527805,2,707,267
53837005574,53837005579,5,1941,1290
53837633026,53837633030,4,1756,1209
53838282043,53838282038,-5,1919,3735
53839376546,53839376549,3,1997,1379
53840666950,53840666950,0,823,1390
53840722510,53840722513,3,1448,1338
53842670722,53842670728,6,1597,1178
53844265238,53844265243,5,2130,1269
53844556685,53844556668,-17,1291,1165
53845051755,53845051751,-4,2215,3963
53846594454,53846594457,3,1204,1598
53848787341,53848787346,5,373,200
53850707809,53850707813,4,1614,1042
53851604725,53851604731,6,2502,1373
53852545691,53852545690,-1,1691,1424
53852988817,53852988821,4,3176,1440
53854849117,53854849121,4,1248,1383
53856623353,53856623355,2,1948,1672
53859077202,53859077209,7,2596,1076
53859963988,53859963991,3,2890,1688
53861429019,53861429023,4,2217,1150
53862016639,53862016642,3,1270,1485
53876545476,53876545479,3,1596,1028
53879750267,53879750271,4,2478,1822
53879925770,53879925774,4,1137,1001
53890154091,53890154085,-6,2499,8613
53892467754,53892467753,-1,1073,1675
53897713754,53897713758,4,1520,1186
53899197198,53899197203,5,1499,1113
53901732565,53901732569,4,1677,2079
53903253034,53903253039,5,2612,1620
53904499462,53904499465,3,1669,1103
53904726911,53904726914,3,1979,1346
53906235013,53906234995,-18,2002,1272
53907231625,53907231630,5,2065,1352
53915058229,53915058234,5,1911,1392
53918043157,53918043162,5,1819,1654
53919022959,53919022965,6,2135,1762
53922202457,53922202461,4,2230,2025
53922320485,53922320468,-17,1674,856
53923610807,53923610813,6,2336,1264
53923876478,53923876483,5,2650,1327
53926758525,53926758529,4,2720,1260
53933693058,53933693062,4,1852,1429
53940575025,53940575031,6,2519,1574
53944531995,53944532000,5,1572,1108
53945779793,53945779797,4,2045,823
53947245726,53947245729,3,2236,1503
53949458490,53949458494,4,2451,1159
53951509450,53951509455,5,2152,1190
53954996966,53954996970,4,1597,715
53955347217,53955347200,-17,2833,1375
53958162723,53958162727,4,2205,1532
53962701233,53962701236,3,2321,1624
53970109382,53970109387,5,2217,1202
53970241972,53970241980,8,2926,396
53973259053,53973259061,8,1689,1231
53976231687,53976231690,3,1027,1304
53976792287,53976792291,4,1679,1087
53984187696,53984187701,5,2261,1032
53986461221,53986461226,5,1355,1011
54001023165,54001023170,5,2122,1892
54003978987,54003978990,3,1734,1189
54007324370,54007324374,4,1815,1531
54010912600,54010912595,-5,1277,2259
54011086006,54011086007,1,2043,1643
54013356318,54013356322,4,1615,902
54013509455,54013509462,7,1317,1035
54015753450,54015753455,5,1585,1291
54016830177,54016830181,4,1860,2046
54017205906,54017205911,5,1653,1076
54021243940,54021243944,4,2108,1265
54023038721,54023038726,5,2255,1510
54024131985,54024131991,6,1212,856
54024377545,54024377550,5,1761,970
54025000043,54025000047,4,2052,1528
54026001317,54026001322,5,1897,1012
54027959245,54027959266,21,547,145
54028141922,54028141927,5,2572,1391
54030716435,54030716438,3,2069,1328
54030995522,54030995527,5,1436,710
54032155527,54032155532,5,1871,1276
54038843745,54038843750,5,2097,1123
54040634590,54040634594,4,1532,1031
54045777614,54045777615,1,1990,890
54047851898,54047851903,5,1986,1150
54049918684,54049918681,-3,1424,3153
54051526338,54051526342,4,1721,1586
54054823850,54054823853,3,2165,1456
54056667691,54056667695,4,1299,1411
54057473030,54057473026,-4,1330,3201
54057802734,54057802738,4,1598,1405
54058431164,54058431175,11,2257,847
54062834674,54062834678,4,1500,1287
54064822449,54064822454,5,2631,1247
54065679920,54065679901,-19,2000,1405
54068551710,54068551714,4,2075,1575
54069050726,54069050730,4,1821,1205
54071999654,54071999658,4,1791,911
54073197258,54073197262,4,2037,1003
54074656641,54074656646,5,2760,1250
54074887205,54074887214,9,1675,1168
54077126230,54077126235,5,2249,1446
54077664285,54077664287,2,2052,1456
54078273157,54078273161,4,1897,1336
54079841392,54079841396,4,2491,1392
54079963715,54079963710,-5,1116,2385
54081671375,54081671378,3,1799,1166
54081799855,54081799859,4,1772,1162
54086506934,54086506938,4,1676,655
54087019824,54087019819,-5,33161,11604
54089931728,54089931734,6,2517,1393
54091749370,54091749374,4,1863,1740
54093405179,54093405188,9,28197,60326
54094561469,54094561473,4,941,949
54098026239,54098026243,4,2289,1510
54098173492,54098173498,6,2306,1404
54099456606,54099456610,4,2045,1271
54101393590,54101393594,4,1337,915
54103881078,54103881083,5,2196,1300
54108390426,54108390431,5,2243,1142
54110212833,54110212837,4,1651,1234
54112055960,54112055962,2,2345,1797
54114864621,54114864623,2,2022,861
54119500515,54119500521,6,2665,1662
54122263230,54122263233,3,1659,1133
54127651511,54127651507,-4,1035,1741
54130873181,54130873184,3,2209,1866
54131795520,54131795519,-1,39000,2284
54133483778,54133483781,3,2123,1426
54133663865,54133663870,5,2030,1232
54136086782,54136086787,5,2081,1738
54140551410,54140551414,4,2000,1212
54150747506,54150747510,4,1470,1142
54153321766,54153321770,4,1957,1615
54156726388,54156726372,-16,1889,1115
54157081122,54157081111,-11,829,236
54162553940,54162553943,3,2383,1463
54163664766,54163664769,3,2314,1255
54165314107,54165314112,5,2220,1394
54169243801,54169243799,-2,2323,4580
54170356697,54170356698,1,1298,1161
54171400049,54171400054,5,589,412
54171939446,54171939452,6,1607,1133
54172915977,54172915957,-20,1908,1027
54173483514,54173483519,5,2051,1371
54176003312,54176003315,3,1805,1925
54178586586,54178586586,0,1226,1980
54179857380,54179857385,5,1162,1025
54180837863,54180837866,3,1145,1280
54181510486,54181510490,4,1780,1943
54182320227,54182320230,3,1763,1281
54184272266,54184272270,4,2222,1771
54187500887,54187500890,3,1500,1363
54189524717,54189524722,5,1690,1192
54193638934,54193638939,5,2632,1373
54197485732,54197485734,2,2371,1310
54198769455,54198769459,4,2127,1457
54199352001,54199352004,3,3059,1702
54201411385,54201411391,6,1591,1261
54201801013,54201801011,-2,49836,23848
54203035371,54203035375,4,1220,1433
54204179378,54204179382,4,1267,1114
54207968894,54207968899,5,2104,1059
54211252090,54211252094,4,1470,1341
54214909277,54214909282,5,1128,984
54215093762,54215093743,-19,1962,1040
54215597602,54215597606,4,1719,1168
54215761123,54215761127,4,2042,1205
54216967993,54216967997,4,2191,1417
54218602087,54218602091,4,2598,1080
54228193626,54228193632,6,3004,1537
54228313344,54228313342,-2,2248,4183
54228861434,54228861429,-5,1698,3267
54230563162,54230563167,5,2267,1517
54230770174,54230770177,3,2130,1117
54238747878,54238747882,4,2627,2249
54245551402,54245551407,5,2578,1418
54247398021,54247398025,4,1857,1112
54249252220,54249252226,6,1461,774
54251408491,54251408495,4,1860,1389
54253694718,54253694722,4,1863,1090
54255952398,54255952401,3,1754,1431
54257209170,54257209174,4,2149,1488
54258731154,54258731153,-1,1060,1678
54263621627,54263621625,-2,1624,2621
54265535970,54265535974,4,1309,845
54265706166,54265706169,3,1985,1301
54266266673,54266266676,3,1797,1350
54267398682,54267398687,5,1455,1394
54272432886,54272432889,3,3561,1886
54273734719,54273734724,5,3025,1441
54274781251,54274781255,4,1913,1358
54276485955,54276485957,2,865,980
54280591518,54280591522,4,2343,1528
54282173511,54282173516,5,1492,1899
54285599338,54285599341,3,2686,2179
54286100685,54286100690,5,2352,1291
54288984358,54288984363,5,1802,1906
54291732309,54291732314,5,2023,1500
54292292042,54292292045,3,2041,1459
54293536310,54293536313,3,1666,1576
54298738700,54298738695,-5,1307,1051
54302858604,54302858609,5,2172,1267
54303635493,54303635497,4,1712,1063
54308118446,54308118449,3,2189,1490
54309646120,54309646125,5,1757,1288
54311803356,54311803357,1,1942,2496
54312948378,54312948399,21,878,1247
54313489797,54313489812,15,2025,1085
54315055201,54315055205,4,1929,1667
54317035885,54317035887,2,1679,829
54322654146,54322654150,4,1874,1116
54323269585,54323269588,3,1267,1439
54327377817,54327377821,4,2811,1599
54329903710,54329903707,-3,1240,1580
54331764650,54331764656,6,1739,1060
54332044046,54332044051,5,1696,1550
54337389526,54337389531,5,1852,1444
54337644240,54337644243,3,2854,1040
54338906890,54338906895,5,1975,1191
54338971084,54338971088,4,1664,1680
54345416344,54345416350,6,1721,1495
54345750737,54345750742,5,2062,1571
54348457215,54348457219,4,2056,986
54348895746,54348895750,4,1241,864
54349821893,54349821896,3,2170,1797
54354644719,54354644722,3,1758,1531
54359357962,54359357967,5,2310,1508
54360355454,54360355459,5,2395,1445
54360731801,54360731807,6,2270,1094
54363791868,54363791874,6,1649,907
54364282354,54364282357,3,1419,849
54367492930,54367492933,3,1627,1228
54369293973,54369293976,3,2082,1605
54377852725,54377852731,6,2447,1620
54380524161,54380524167,6,2054,1470
54382588701,54382588707,6,1274,1303
54383839570,54383839574,4,1514,983
54384063290,54384063295,5,1943,1219
54402131545,54402131550,5,2147,968
54404594077,54404594081,4,1862,1187
54405182261,54405182263,2,1931,1507
54407623432,54407623436,4,1471,1100
54411164348,54411164352,4,1575,1218
54413178481,54413178486,5,2299,1491
54414659582,54414659586,4,1423,1256
54419954590,54419954595,5,2025,1445
54420941862,54420941867,5,2176,1505
54426594642,54426594646,4,2482,1732
54428963395,54428963390,-5,1879,6857
54434932850,54434932855,5,3118,2209
54441837732,54441837735,3,830,743
54443138028,54443138029,1,1539,1650
54443461722,54443461724,2,1256,958
54445382223,54445382229,6,2569,1369
54446453639,54446453643,4,1770,1291
54449087873,54449087877,4,1907,1542
54451300858,54451300860,2,1945,2207
54452634322,54452634325,3,2644,1193
54452889342,54452889326,-16,2359,1131
54456482881,54456482884,3,1295,1556
54459270193,54459270191,-2,1254,1887
54459459879,54459459887,8,2395,1256
54463859772,54463859774,2,1999,1081
54466935898,54466935902,4,1174,1048
54470865429,54470865433,4,2805,1573
54472139110,54472139115,5,1381,1121
54474844756,54474844760,4,1710,1371
54476862601,54476862607,6,2124,1364
54477246492,54477246495,3,1830,954
54480710453,54480710454,1,1839,1301
54481287936,54481287942,6,2581,711
54482352864,54482352868,4,2056,1514
54485918910,54485918914,4,2430,1352
54486206168,54486206170,2,1469,1492
54490890634,54490890636,2,1227,1199
54495231427,54495231431,4,1575,1168
54503396819,54503396822,3,1754,741
54504887430,54504887435,5,2625,1524
54511081250,54511081255,5,1279,1040
54511824133,54511824139,6,2293,1396
54514653449,54514653451,2,1826,1788
54514858068,54514858071,3,1528,1223
54514932026,54514932026,0,1159,1952
54515831118,54515831124,6,2213,1470
54517491966,54517491970,4,2094,1392
54521157041,54521157033,-8,1180,1376
54522050414,54522050414,0,676,1904
54522329007,54522329012,5,1847,1498
54522742258,54522742262,4,2137,1660
54525940006,54525940011,5,2044,1339
54526199236,54526199239,3,1468,666
54537174801,54537174805,4,1808,1695
54541794789,54541794792,3,2170,1532
54543071354,54543071358,4,1867,1226
54543195450,54543195463,13,1297,1310
54545520434,54545520438,4,2390,1402
54547295131,54547295136,5,2014,1703
54549812631,54549812635,4,1601,995
54554432203,54554432209,6,2908,1847
54554723546,54554723551,5,2310,783
54554916745,54554916747,2,1828,1240
54556670926,54556670931,5,1594,861
54564569859,54564569863,4,2000,1166
54566046438,54566046441,3,1897,1085
54566087763,54566087742,-21,2463,1280
54571010762,54571010766,4,1484,1035
54571061895,54571061911,16,1913,1459
54572040387,54572040367,-20,939,491
54573750494,54573750498,4,2491,1544
54574396700,54574396705,5,3007,1571
54575307283,54575307285,2,2628,1585
54585799624,54585799629,5,2019,1682
54585922407,54585922407,0,2815,4000
54586122011,54586122015,4,2675,1878
54586782296,54586782296,0,1103,1229
54587655857,54587655861,4,2283,1507
54588153379,54588153382,3,1179,869
54594353982,54594353986,4,1442,1010
54596335455,54596335459,4,2117,1394
54597585919,54597585924,5,1965,1331
54599842316,54599842322,6,2220,1133
54601259050,54601259053,3,2226,1676
54603862618,54603862622,4,1751,1248
54607174369,54607174374,5,2630,1341
54607403312,54607403305,-7,34073,14812
54611718127,54611718133,6,1632,1226
54612285378,54612285381,3,1643,1146
54612719341,54612719346,5,2077,1294
54615764051,54615764055,4,2292,1651
54615867830,54615867834,4,1625,1483
54621789857,54621789861,4,1985,1531
54624163293,54624163296,3,2264,1712
54627446882,54627446885,3,2241,1653
54627930230,54627930234,4,2076,1352
54628099297,54628099309,12,1612,1517
54628257002,54628257014,12,876,222
54628716714,54628716707,-7,31026,12017
54628954422,54628954429,7,780,525
54630164286,54630164292,6,2028,1174
54633663365,54633663368,3,1266,1244
54634581646,54634581649,3,1611,1313
54634907691,54634907695,4,2443,1218
54636054601,54636054606,5,2251,1889
54640192465,54640192470,5,918,768
54640535422,54640535429,7,2239,1713
54642664796,54642664800,4,1788,1382
54643332398,54643332407,9,2165,1509
54645156985,54645156981,-4,1148,3293
54647563687,54647563691,4,1442,1224
54652010415,54652010419,4,3191,1519
54653287551,54653287555,4,1764,1200
54653793465,54653793447,-18,1513,876
54655422866,54655422869,3,2514,1435
54656187058,54656187060,2,1768,1452
54659240668,54659240669,1,1871,1079
54660315687,54660315692,5,1919,1145
54660645028,54660645045,17,2048,1227
54663679074,54663679077,3,1430,1098
54665834233,54665834239,6,1416,1147
54668699014,54668699018,4,1894,1458
54669884575,54669884578,3,1863,1212
54673044281,54673044286,5,2308,1497
54674069710,54674069714,4,2250,1322
54676803063,54676803066,3,2556,1474
54679754242,54679754246,4,1956,1219
54680149450,54680149456,6,1665,1549
54680936258,54680936262,4,1326,1447
54681122948,54681122953,5,2162,1192
54681723134,54681723141,7,1709,1080
54681997765,54681997770,5,2101,1733
54684262110,54684262115,5,1763,752
54685341443,54685341448,5,2141,1708
54686817443,54686817446,3,1329,869
54690179905,54690179910,5,945,1219
54703452200,54703452203,3,1665,1094
54705262672,54705262675,3,2094,1914
54706745497,54706745501,4,1429,945
54708371541,54708371542,1,1604,1904
54713887788,54713887793,5,2030,1440
54718621153,54718621159,6,3223,1387
54719393142,54719393146,4,1611,863
54720049356,54720049360,4,2670,1175
54721450652,54721450657,5,1835,1156
54723934293,54723934295,2,1473,709
54725814929,54725814930,1,1903,1557
54726804717,54726804719,2,2037,1348
54728348825,54728348829,4,2070,1427
54728375413,54728375418,5,942,768
54734054954,54734054956,2,1768,1973
54735440155,54735440159,4,1635,934
54739792210,54739792213,3,1466,1177
54746167598,54746167601,3,1247,1106
54748494737,54748494741,4,1543,1152
54748718806,54748718809,3,1738,1021
54748891670,54748891678,8,1529,882
54749366674,54749366680,6,1727,1171
54753426790,54753426794,4,1609,1480
54759475030,54759475035,5,1622,1361
54760673155,54760673133,-22,1683,807
54765691624,54765691632,8,1820,1173
54765725607,54765725592,-15,2613,2067
54780361880,54780361883,3,1396,1448
54781723415,54781723418,3,2074,995
54783706954,54783706958,4,2871,1511
54789410655,54789410658,3,1855,1220
54791535807,54791535810,3,1652,1261
54791893068,54791893071,3,2671,1693
54793608035,54793608022,-13,1747,1179
54794197158,54794197136,-22,1416,1377
54799856266,54799856270,4,1564,1229
54803409254,54803409257,3,1983,1630
54807317394,54807317393,-1,1549,1695
54807497341,54807497345,4,2029,1710
54813592251,54813592256,5,2089,1777
54814809807,54814809811,4,2178,1585
54816551004,54816551007,3,2068,1248
54828843486,54828843506,20,258,1149
54836232614,54836232619,5,1997,1566
54839782242,54839782246,4,2073,1087
54840592974,54840592979,5,1681,1817
54843767805,54843767808,3,2105,1574
54846530633,54846530636,3,2069,1426
54849694933,54849694936,3,1875,1365
54849918479,54849918494,15,2283,1581
54854978927,54854978930,3,1278,1216
54856715081,54856715082,1,2004,1313
54865376898,54865376898,0,1368,1616
54868516662,54868516667,5,1907,1112
54870144882,54870144886,4,1421,1076
54870490897,54870490902,5,1263,1364
54870846346,54870846351,5,2222,1605
54875337378,54875337383,5,1969,1432
54876004646,54876004650,4,2217,1645
54877478928,54877478930,2,1793,1523
54881700109,54881700111,2,1684,1176
54885599491,54885599495,4,1835,1727
54886821883,54886821887,4,1265,1239
54887176634,54887176638,4,1765,1279
54888216636,54888216641,5,2484,2014
54894502645,54894502650,5,2234,1317
54895755353,54895755354,1,2186,1948
54898057715,54898057720,5,1932,1434
54898919410,54898919415,5,2279,1452
54902576137,54902576142,5,2623,1591
54903739025,54903739029,4,1854,1572
54907759990,54907759996,6,2326,1326
54909290790,54909290793,3,1827,1153
54910581266,54910581244,-22,983,441
54911090809,54911090813,4,1256,797
54914270992,54914270996,4,2009,1862
54915881363,54915881366,3,2053,1193
54915988017,54915987998,-19,1942,1094
54916575464,54916575468,4,2087,1525
54922052509,54922052512,3,1740,1328
54923083278,54923083282,4,1341,1440
54926707645,54926707651,6,2339,1922
54928122106,54928122110,4,2108,1185
54928918025,54928918031,6,475,48
54929823401,54929823384,-17,1181,562
54930373936,54930373938,2,1520,1420
54932204900,54932204903,3,2513,1875
54932742819,54932742825,6,2182,1391
54933049302,54933049307,5,2725,1432
54934047314,54934047319,5,1912,1186
54934968387,54934968391,4,2056,1523
54935022034,54935022038,4,2156,1234
54939090987,54939090990,3,3077,1972
54940392290,54940392294,4,2001,1855
54943035610,54943035613,3,1687,1150
54947669300,54947669304,4,2185,890
54952031750,54952031752,2,4496,18215
54952685766,54952685771,5,2777,1554
54955618456,54955618461,5,2225,1148
54957215828,54957215833,5,2744,1104
54957514772,54957514774,2,2153,1257
54958225344,54958225346,2,2293,2029
54961760209,54961760214,5,1930,1504
54964666926,54964666933,7,2795,1105
54964783821,54964783822,1,1478,1322
54966382444,54966382449,5,1322,1425
54969908646,54969908651,5,1415,878
54970828706,54970828685,-21,802,549
54972466235,54972466238,3,1013,1042
54973124009,54973124012,3,2457,1684
54973787078,54973787060,-18,1248,665
54975508910,54975508914,4,1885,1554
54975828438,54975828440,2,1755,1249
54979573601,54979573603,2,1928,1428
54979882219,54979882222,3,2280,1330
54980182671,54980182675,4,1591,1316
54981354143,54981354147,4,1289,1256
54988106243,54988106239,-4,1168,2355
54993634443,54993634445,2,1999,1634
54995100157,54995100161,4,2639,1181
54995752265,54995752268,3,2094,753
55000007530,55000007534,4,2310,1491
55002634782,55002634786,4,1104,712
55003537754,55003537755,1,4272,4840
55004075284,55004075288,4,2296,1548
55014109877,55014109883,6,1979,1684
55025621669,55025621671,2,1509,1399
55027331258,55027331264,6,1857,1485
55031449423,55031449427,4,1850,1456
55033784158,55033784163,5,1696,1140
55034434313,55034434293,-20,2770,1778
55038100582,55038100587,5,1277,1018
55039963931,55039963936,5,1991,1232
55040138105,55040138108,3,2093,1482
55041409874,55041409878,4,2267,1577
55042458143,55042458145,2,1712,1565
55048140900,55048140894,-6,884,2279
55048274606,55048274609,3,2840,1379
55048686203,55048686182,-21,2421,1316
55048887644,55048887649,5,3017,1521
55051085718,55051085722,4,1860,1311
55054318355,55054318348,-7,22651,16423
55054365226,55054365234,8,2944,1385
55062713601,55062713602,1,2180,1513
55065265934,55065265933,-1,1671,2872
55069272304,55069272311,7,1720,1445
55070531834,55070531839,5,1644,1673
55071214622,55071214625,3,1888,955
55073299138,55073299142,4,2161,1339
55076617074,55076617080,6,1803,1443
55077792259,55077792239,-20,1763,1328
55079134522,55079134526,4,2322,1277
55079249211,55079249220,9,2136,997
55086501592,55086501596,4,2045,1203
55089925694,55089925697,3,2525,1596
55092693021,55092693025,4,2208,1442
55094529757,55094529761,4,2242,1558
55096134535,55096134543,8,1623,1146
55096843283,55096843287,4,2062,1186
55098591805,55098591810,5,2490,1277
55099774702,55099774703,1,751,893
55102901002,55102901006,4,1490,1182
55103808607,55103808607,0,1332,1233
55104606793,55104606797,4,2166,1606
55106861035,55106861038,3,1396,942
55107341654,55107341653,-1,1085,1693
55110055634,55110055635,1,1132,900
55111068005,55111068010,5,1456,937
55111494253,55111494270,17,2532,1305
55113988114,55113988115,1,1344,1357
55115456337,55115456341,4,1627,1142
55115812253,55115812255,2,1442,1640
55118082768,55118082773,5,1633,1698
55120648290,55120648295,5,2269,1156
55124484485,55124484467,-18,1220,2043
55126421174,55126421181,7,2355,1257
55128232181,55128232184,3,2054,1298
55132853756,55132853760,4,1829,1601
55133570162,55133570166,4,2033,1665
55134634982,55134634984,2,1614,1102
55138380341,55138380344,3,1895,1302
55139034778,55139034781,3,1817,1966
55139255504,55139255510,6,5801,1443
55139732627,55139732633,6,2392,1229
55140237106,55140237110,4,1829,1176
55141704560,55141704565,5,2682,1715
55144480225,55144480221,-4,1497,3911
55149467531,55149467534,3,2785,2727
55150902214,55150902217,3,2513,1815
55154201784,55154201786,2,1802,747
55161072728,55161072729,1,1022,1810
55166241209,55166241215,6,1512,1074
55172526642,55172526648,6,2703,1516
55173620737,55173620744,7,4658,1518
55175526361,55175526365,4,2066,1156
55176277131,55176277130,-1,1568,1961
55176477059,55176477063,4,2166,1772
55177262658,55177262662,4,1810,1520
55181565873,55181565878,5,1945,1139
55182484590,55182484595,5,1849,1238
55183626642,55183626649,7,2879,1500
55185724272,55185724277,5,2040,1295
55189125428,55189125433,5,1771,1169
55192042816,55192042818,2,1581,1637
55196869446,55196869450,4,1909,1634
55197905080,55197905082,2,2003,1334
55200291522,55200291528,6,3871,1252
55201132904,55201132908,4,1276,931
55204167041,55204167038,-3,1198,2834
55204690505,55204690506,1,1459,1249
55208286258,55208286262,4,2048,1556
55209644705,55209644712,7,1296,1463
55219143289,55219143295,6,1684,1022
55220366330,55220366334,4,2060,1245
55222663658,55222663664,6,2245,1697
55225094471,55225094475,4,2374,1656
55226774916,55226774917,1,1686,1674
55228140209,55228140213,4,2269,1464
55229979626,55229979630,4,2623,1636
55230581074,55230581078,4,2479,1448
55234518733,55234518736,3,3878,2577
55236846225,55236846229,4,1495,976
55238944940,55238944945,5,1611,1054
55240797694,55240797698,4,2324,1492
55240903241,55240903222,-19,946,607
55241719083,55241719086,3,2183,1210
55243326238,55243326243,5,1734,1323
55246168710,55246168714,4,1546,1239
55246507660,55246507663,3,2111,1193
55246705146,55246705150,4,2169,1459
55251883907,55251883909,2,1123,1340
55252472781,55252472786,5,2436,1233
55253706545,55253706550,5,2583,1409
55254254841,55254254844,3,2077,1591
55258010349,55258010354,5,1976,1536
55259666832,55259666837,5,2656,1771
55260839466,55260839471,5,3057,1429
55261925213,55261925216,3,2208,1568
55262595951,55262595957,6,2354,1485
55263358517,55263358521,4,1755,923
55270232851,55270232855,4,1727,1052
55272143996,55272143998,2,1416,770
55272536294,55272536279,-15,1689,1426
55276013602,55276013606,4,1789,1249
55276067895,55276067894,-1,1180,2126
55279773554,55279773557,3,1250,892
55281538266,55281538270,4,1336,868
55283888306,55283888310,4,2324,1348
55284804711,55284804715,4,1725,1433
55285408401,55285408406,5,2219,1043
55285751914,55285751920,6,1495,1269
55287468282,55287468287,5,2541,1446
55288315674,55288315675,1,668,851
55289382634,55289382640,6,1664,1324
55289649277,55289649282,5,1895,1293
55291665775,55291665780,5,2284,1939
55291781425,55291781429,4,1703,975
55295265310,55295265313,3,1960,1324
55299883365,55299883366,1,1071,1042
55302218692,55302218696,4,2028,1046
55302934579,55302934585,6,1620,1267
55304133238,55304133239,1,1298,1196
55304863522,55304863524,2,1382,1089
55305044042,55305044046,4,2479,1511
55306989206,55306989211,5,2135,1128
55316456913,55316456914,1,1697,1535
55316711098,55316711102,4,2582,1631
55317634353,55317634357,4,1043,1074
55317748235,55317748239,4,2401,1820
55320289465,55320289468,3,4494,3296
55322471433,55322471439,6,1832,1465
55323859527,55323859531,4,1480,1178
55326450094,55326450098,4,2039,1095
55330916522,55330916526,4,2160,1762
55331523293,55331523297,4,1646,1411
55331815418,55331815397,-21,1116,1021
55332882033,55332882039,6,977,614
55336676922,55336676927,5,1965,1951
55340372220,55340372224,4,2849,1854
55342605657,55342605655,-2,1384,2712
55343544145,55343544153,8,3870,974
55346234352,55346234357,5,4841,2272
55346509657,55346509661,4,1823,1349
55349983885,55349983886,1,1808,1527
55351714903,55351714907,4,1992,1341
55353429069,55353429070,1,1126,1088
55353638702,55353638709,7,762,89
55355613876,55355613881,5,3226,1813
55356089693,55356089697,4,1973,1141
55356485508,55356485515,7,1906,1091
55357581805,55357581810,5,1883,1833
55357815987,55357815991,4,1367,1115
55358809835,55358809837,2,2762,1785
55360420388,55360420394,6,1445,1196
55360979025,55360979029,4,2591,1424
55366526749,55366526749,0,1446,1778
55369364963,55369364968,5,2052,1358
55370335366,55370335371,5,2217,1260
55371553771,55371553766,-5,926,3565
55373897995,55373898000,5,2028,1171
55375291277,55375291280,3,1889,1007
55375882093,55375882085,-8,1691,9164
55378691337,55378691341,4,1613,1114
55383373587,55383373593,6,2146,1034
55383881139,55383881118,-21,2014,1369
55384123266,55384123269,3,1206,1654
55385349266,55385349272,6,1717,654
55385872054,55385872059,5,1251,659
55391728485,55391728489,4,1497,1404
55392635050,55392635054,4,2385,1284
55397180958,55397180963,5,1774,820
55397732971,55397732975,4,2285,1111
55398485044,55398485048,4,1188,1366
55402990685,55402990690,5,2509,1137
55403870004,55403870005,1,3683,3145
55406479898,55406479901,3,1955,1447
55406836198,55406836201,3,1919,1217
55407558918,55407558921,3,2098,1894
55408133729,55408133741,12,1045,735
55413867104,55413867109,5,2811,1343
55423436492,55423436496,4,1325,1167
55423703274,55423703279,5,1924,1034
55425096650,55425096654,4,2700,2169
55426029281,55426029286,5,1911,1124
55426667220,55426667218,-2,50334,20369
55426709433,55426709438,5,2035,1155
55427192026,55427192005,-21,1897,910
55429414775,55429414779,4,2497,1461
55432159469,55432159473,4,1982,1012
55432288974,55432288977,3,1553,1719
55435868839,55435868844,5,2278,1106
55436456433,55436456438,5,2416,1568
55439699057,55439699062,5,2228,1496
55440078343,55440078338,-5,1320,3578
55440172450,55440172454,4,2478,1323
55444780791,55444780798,7,1344,1269
55451527257,55451527263,6,2882,1402
55457829956,55457829960,4,1353,1217
55459266649,55459266655,6,1834,917
55459561943,55459561924,-19,1382,599
55466274631,55466274635,4,1379,988
55466461607,55466461612,5,1795,1424
55466525470,55466525468,-2,29336,63833
55466807555,55466807559,4,1860,1235
55471604316,55471604318,2,1317,1272
55472021012,55472021015,3,2018,778
55478758623,55478758630,7,3012,1258
55481370178,55481370183,5,2129,1211
55482854547,55482854555,8,3152,1241
55485908043,55485908047,4,2752,1644
55489432389,55489432392,3,1922,1469
55489767107,55489767111,4,986,904
55491454887,55491454890,3,2569,1369
55491511614,55491511599,-15,829,789
55494625451,55494625438,-13,714,629
55494762653,55494762654,1,761,418
55495522036,55495522031,-5,1591,1197
55498892056,55498892058,2,2041,1184
55501594939,55501594943,4,1936,1488
55506247066,55506247071,5,2433,1308
55513273358,55513273364,6,2455,1566
55515586026,55515586030,4,2277,1142
55516029764,55516029767,3,2300,1165
55516431655,55516431659,4,1512,1007
55516612499,55516612502,3,1916,1613
55517247320,55517247326,6,2208,1377
55517508800,55517508804,4,1966,1073
55521243996,55521244003,7,5269,1626
55525169906,55525169910,4,1281,592
55526309145,55526309150,5,2493,1460
55526776127,55526776131,4,2111,1507
55531108050,55531108052,2,1655,1585
55533187498,55533187502,4,2576,1616
55538574326,55538574330,4,1542,1078
55538877011,55538876988,-23,1936,1254
55539601816,55539601819,3,1643,1322
55540893280,55540893280,0,1444,1404
55545336806,55545336809,3,1943,1490
55553961272,55553961274,2,2139,1427
55558825252,55558825254,2,1891,1214
55565629890,55565629894,4,2415,1197
55565926843,55565926846,3,1923,873
55567327478,55567327483,5,1991,1418
55567971605,55567971610,5,1418,1091
55568679463,55568679466,3,1414,1495
55571682406,55571682401,-5,1772,6794
55581105193,55581105198,5,3076,1494
55583717132,55583717136,4,1450,1014
55584018951,55584018952,1,1810,1790
55584645374,55584645378,4,2042,1092
55587958053,55587958056,3,1485,934
55588420953,55588420949,-4,1299,860
55589281519,55589281522,3,1642,1160
55591396845,55591396849,4,1311,1290
55591720315,55591720296,-19,2003,1261
55598923841,55598923836,-5,801,1783
55600044930,55600044934,4,1691,1920
55600365249,55600365254,5,2565,1467
55603636757,55603636758,1,2016,1475
55604579065,55604579072,7,2321,1314
55605326950,55605326935,-15,1745,1994
55605569146,55605569150,4,2805,1771
55608178114,55608178118,4,1751,1627
55608651449,55608651452,3,1178,1113
55611945309,55611945313,4,1903,1249
55615929020,55615929023,3,1580,1255
55621323787,55621323791,4,2828,1552
55624011100,55624011105,5,1776,1036
55629801928,55629801931,3,2293,1456
55631412660,55631412664,4,2376,1475
55633537333,55633537338,5,2167,1067
55634930282,55634930280,-2,6813,11799
55641124190,55641124194,4,2587,1836
55641220193,55641220198,5,1258,941
55654763018,55654763023,5,2787,1353
55657463025,55657463030,5,1460,1359
55658477006,55658477007,1,1413,1810
55659485070,55659485074,4,1432,1155
55660393358,55660393362,4,3306,1470
55662852731,55662852733,2,1631,1205
55663652457,55663652459,2,956,1227
55664593629,55664593634,5,3246,1595
55667858458,55667858462,4,1346,1178
55671300854,55671300857,3,1417,821
55678502448,55678502450,2,1285,999
55680203482,55680203481,-1,1770,1827
55681337765,55681337770,5,1606,1665
55683227121,55683227128,7,2217,1026
55685253504,55685253508,4,1647,1455
55687281193,55687281197,4,2186,1590
55689905631,55689905634,3,1886,1277
55691028122,55691028125,3,2743,1165
55692465586,55692465589,3,1724,1380
55692963961,55692963963,2,1788,1220
55694262562,55694262566,4,1870,1398
55696675434,55696675438,4,4885,2055
55697800614,55697800618,4,1751,1071
55701452585,55701452591,6,2110,1062
55702965734,55702965718,-16,601,728
55703532271,55703532276,5,1623,1186
55707397543,55707397549,6,2305,1291
55708513719,55708513722,3,1552,734
55711588534,55711588539,5,2020,1716
55712359120,55712359123,3,1314,1156
55713583194,55713583198,4,1012,1253
55715404811,55715404815,4,1656,1170
55716827266,55716827270,4,995,502
55723337431,55723337437,6,1669,1389
55723560162,55723560180,18,2260,926
55725405609,55725405615,6,1497,1020
55726455925,55726455930,5,2400,1625
55726854963,55726854969,6,1748,1023
55727459617,55727459600,-17,1621,937
55728654365,55728654369,4,1487,1185
55732613441,55732613447,6,2607,1402
55733791095,55733791098,3,2589,1475
55734533686,55734533691,5,1916,1034
55735547111,55735547115,4,1655,1271
55743227837,55743227839,2,1332,1815
55746570026,55746570031,5,2161,1384
55750420894,55750420902,8,2252,1002
55750986409,55750986414,5,2145,1049
55751463632,55751463638,6,1959,1418
55752742058,55752742063,5,1515,1095
55757861994,55757862001,7,1914,898
55764275781,55764275783,2,2757,2468
55765378742,55765378745,3,2311,1498
55765468303,55765468306,3,923,534
55767921154,55767921160,6,2066,1489
55768180189,55768180192,3,2285,2024
55768515841,55768515847,6,2450,1678
55771760747,55771760751,4,994,1036
55772642964,55772642954,-10,1429,1135
55773870838,55773870845,7,1379,845
55778226951,55778226954,3,1355,827
55781028970,55781028975,5,1598,1069
55781462735,55781462738,3,1906,1176
55782263547,55782263546,-1,1908,1998
55787607766,55787607770,4,2287,1528
55787725498,55787725501,3,1216,883
55789195014,55789195019,5,1995,1390
55789620106,55789620109,3,3020,1421
55790777972,55790777976,4,1942,1636
55795496749,55795496753,4,2082,1375
55798119046,55798119050,4,2162,1957
55802401538,55802401542,4,2987,1453
55803055777,55803055772,-5,27813,15767
55803404750,55803404754,4,3288,2359
55805750120,55805750122,2,1994,1304
55808614945,55808614950,5,1893,1119
55814669485,55814669488,3,3188,1909
55816166881,55816166887,6,3004,1038
55817301094,55817301097,3,2731,2838
55817652242,55817652247,5,1809,1197
55820174197,55820174201,4,2274,1377
55821329485,55821329490,5,1510,1271
55822564861,55822564866,5,1792,1612
55823117084,55823117088,4,2061,1427
55823428770,55823428778,8,6560,1480
55823706258,55823706262,4,2234,1011
55829583153,55829583158,5,1353,903
55830296205,55830296207,2,2221,1389
55834623342,55834623346,4,1942,1406
55834674131,55834674151,20,1328,955
55836147092,55836147097,5,2144,1307
55837510434,55837510437,3,2184,1159
55840420267,55840420271,4,1573,935
55846046626,55846046631,5,1140,1028
55848525549,55848525555,6,3169,1660
55849006094,55849006100,6,1946,1396
55849487949,55849487953,4,1487,726
55852889366,55852889372,6,2761,1759
55854819475,55854819474,-1,1573,2247
55857581255,55857581259,4,2467,1994
55860390303,55860390306,3,2093,1640
55861670024,55861670021,-3,1023,1254
55863465873,55863465874,1,1491,1219
55864229626,55864229630,4,2241,1292
55867471865,55867471870,5,2176,1241
55870464290,55870464295,5,1605,883
55874726349,55874726348,-1,1429,1530
55875488685,55875488688,3,1154,1127
55879490076,55879490081,5,1537,1526
55880928585,55880928587,2,820,1290
55884759801,55884759806,5,2392,1234
55886419166,55886419170,4,1452,1212
55892733502,55892733511,9,2972,980
55894271038,55894271042,4,2555,1665
55899557450,55899557456,6,1446,879
55899711190,55899711194,4,2229,1162
55901514559,55901514566,7,2183,945
55903379871,55903379876,5,2601,1534
55905883936,55905883938,2,2456,2100
55908747285,55908747289,4,1555,1053
55910578650,55910578652,2,1288,609
55911258128,55911258130,2,1872,1162
55913761405,55913761410,5,3085,1418
55913983074,55913983078,4,1283,1257
55914395914,55914395925,11,2115,1205
55918276186,55918276191,5,1676,1500
55920490586,55920490591,5,1811,1159
55922545234,55922545241,7,2205,1225
55924971489,55924971492,3,1285,1127
55926296647,55926296630,-17,2230,1005
55927397067,55927397071,4,1892,1249
55928771888,55928771891,3,1191,1149
55930064158,55930064161,3,1189,1172
55930742876,55930742899,23,624,2999
55932055258,55932055261,3,2248,1388
55935172678,55935172683,5,1568,1319
55936771075,55936771079,4,1966,1464
55937762263,55937762267,4,1548,895
55938846192,55938846197,5,2429,1427
55939227263,55939227248,-15,1590,915
55939580857,55939580859,2,1890,1098
55942701850,55942701853,3,1699,1273
55948230173,55948230177,4,1499,997
55951128794,55951128798,4,1409,1041
55952020465,55952020471,6,2042,1168
55962797268,55962797270,2,2287,1638
55965096803,55965096806,3,1296,1750
55967817890,55967817895,5,2323,1490
55972103143,55972103146,3,1558,1168
55973034527,55973034531,4,1108,1056
55976880985,55976880987,2,1269,915
55978271506,55978271510,4,2062,1384
55980645094,55980645097,3,1255,985
55984496602,55984496606,4,1217,1338
55986998652,55986998656,4,2904,1817
55990915361,55990915365,4,2031,1789
55994920317,55994920321,4,2401,1269
55995245785,55995245787,2,1602,886
55996771473,55996771477,4,1564,1190
55999862853,55999862859,6,3648,1559
56001774449,56001774454,5,2083,1188
56003097452,56003097457,5,1072,833
56006260509,56006260511,2,2073,1469
56007025030,56007025029,-1,1843,3843
56008416129,56008416132,3,1843,1701
56008827755,56008827759,4,1527,930
56011018778,56011018780,2,1691,1234
56012203926,56012203931,5,1556,1269
56013203221,56013203227,6,1839,1156
56013385654,56013385659,5,2035,1426
56015245135,56015245139,4,1870,1621
56021332758,56021332760,2,2246,1645
56021819070,56021819075,5,1749,1506
56022235899,56022235904,5,2250,1235
56024298627,56024298632,5,1716,1045
56031218953,56031218958,5,1318,813
56031292234,56031292239,5,1273,757
56034982554,56034982559,5,1577,899
56035475801,56035475806,5,2834,1443
56037184398,56037184401,3,1797,935
56040767855,56040767859,4,2568,1404
56041412188,56041412190,2,2986,1436
56042815550,56042815549,-1,1431,2595
56046033697,56046033699,2,1341,1128
56046463768,56046463771,3,1897,1960
56046677433,56046677437,4,1496,1180
56047587374,56047587375,1,1674,1307
56048538248,56048538251,3,2165,1406
56048840058,56048840060,2,1339,987
56049651410,56049651413,3,1846,1258
56051845365,56051845369,4,2128,1510
56055293196,56055293202,6,1714,1479
56056307259,56056307263,4,2131,1515
56058209806,56058209810,4,1966,1250
56058980478,56058980482,4,1864,1787
56060616156,56060616160,4,2517,1533
56062543251,56062543245,-6,961,3170
56063062147,56063062152,5,2190,1215
56063153068,56063153071,3,2499,1459
56068625846,56068625851,5,2610,1449
56070632130,56070632135,5,2747,1315
56075168706,56075168710,4,1785,1503
56075946602,56075946607,5,1761,934
56079901254,56079901259,5,2018,1016
56082344901,56082344901,0,1298,1305
56084676250,56084676256,6,1824,975
56085451398,56085451392,-6,2332,7781
56087634948,56087634952,4,2358,1199
56088948886,56088948892,6,3445,1661
56090029753,56090029735,-18,1129,875
56091725402,56091725406,4,2755,1181
56091988809,56091988814,5,2029,1312
56093659966,56093659970,4,2015,2061
56095408133,56095408134,1,1273,967
56097343492,56097343498,6,2585,1368
56098029620,56098029622,2,1634,1331
56098261538,56098261537,-1,1870,2279
56099282686,56099282690,4,2130,1127
56101023174,56101023170,-4,3414,42076
56103608081,56103608086,5,1968,1348
56113341518,56113341523,5,1816,1054
56116630513,56116630517,4,2274,1307
56118260707,56118260704,-3,41677,35779
56120327401,56120327406,5,1812,1493
56124822826,56124822830,4,1988,1283
56124899833,56124899847,14,2206,1247
56125560314,56125560319,5,1901,1042
56126534565,56126534568,3,1766,1470
56128657506,56128657501,-5,842,2831
56128817415,56128817422,7,5975,2062
56129867968,56129867969,1,1798,1032
56131858357,56131858362,5,2897,1408
56132371101,56132371118,17,746,5
56133463844,56133463849,5,1773,916
56133631669,56133631674,5,2099,1305
56134288040,56134288045,5,2590,1487
56134518882,56134518887,5,2831,1311
56136499211,56136499217,6,2528,1331
56137516256,56137516261,5,2218,1340
56139033121,56139033126,5,2327,1378
56139871177,56139871181,4,4962,3041
56139909767,56139909769,2,1051,971
56141686602,56141686607,5,1905,1091
56143997605,56143997609,4,2085,1476
56145846046,56145846055,9,927,813
56149195449,56149195453,4,1862,1467
56150679762,56150679766,4,1987,1087
56152700874,56152700881,7,2247,1404
56153098123,56153098101,-22,1427,1172
56155518833,56155518837,4,2823,1557
56156218548,56156218551,3,2049,1230
56159391230,56159391229,-1,25057,18258
56160391649,56160391651,2,2029,1188
56160493904,56160493909,5,2229,2007
56162681693,56162681710,17,1943,1140
56169054446,56169054451,5,2107,1138
56172795467,56172795471,4,2210,1646
56175083629,56175083636,7,2502,1410
56175626218,56175626223,5,5547,2914
56175831262,56175831267,5,1117,940
56176407945,56176407950,5,2197,1561
56179592401,56179592404,3,1651,992
56182455825,56182455825,0,733,1523
56183323538,56183323543,5,2049,1433
56184486734,56184486741,7,2724,1195
56186124921,56186124923,2,2243,1620
56187317455,56187317459,4,2329,1356
56188182028,56188182031,3,1349,1157
56191207141,56191207147,6,1544,948
56192111766,56192111772,6,1989,1591
56192989520,56192989523,3,1560,1380
56193318551,56193318536,-15,1443,987
56198876243,56198876246,3,21267,21780
56199140015,56199140018,3,2667,1449
56200673886,56200673893,7,2883,1758
56201293942,56201293926,-16,1235,903
56201861036,56201861041,5,1782,1593
56203773185,56203773190,5,2822,1237
56205654061,56205654046,-15,851,240
56208211879,56208211883,4,1758,1558
56210535666,56210535670,4,1696,1423
56213943402,56213943407,5,2034,1405
56217859814,56217859817,3,2103,1227
56219275057,56219275061,4,1844,923
56221504066,56221504074,8,3321,1210
56224312551,56224312555,4,1529,1271
56225319232,56225319235,3,1918,1113
56230528853,56230528857,4,1957,1431
56231058053,56231058057,4,2222,1372
56231623818,56231623822,4,2860,1676
56233300186,56233300190,4,2019,1306
56236971171,56236971174,3,1677,1067
56239036734,56239036739,5,2338,1400
56241768286,56241768290,4,1609,1013
56242059462,56242059467,5,1397,916
56245527239,56245527242,3,1774,1434
56252391825,56252391829,4,1700,1648
56255459293,56255459295,2,1294,1423
56256498025,56256498031,6,2686,923
56261375127,56261375126,-1,38286,18570
56261510472,56261510477,5,1572,1064
56261641348,56261641353,5,2150,1017
56262324966,56262324982,16,572,1546
56263239886,56263239891,5,2281,1339
56264764729,56264764736,7,3119,1294
56266174703,56266174708,5,1269,1330
56271101238,56271101243,5,2373,1132
56274247981,56274247983,2,1593,762
56277805738,56277805734,-4,851,4319
56278982815,56278982822,7,12759,19012
56281228942,56281228946,4,1430,1377
56282502859,56282502838,-21,1576,934
56284188798,56284188801,3,1638,1256
56284778506,56284778512,6,1488,1565
56291503521,56291503526,5,2245,1049
56299530496,56299530496,0,34517,20993
56301660362,56301660367,5,2045,755
56303277110,56303277114,4,1837,1125
56303651100,56303651105,5,1749,1203
56307146785,56307146788,3,2836,1755
56307885422,56307885427,5,3096,1434
56317518709,56317518711,2,2946,1482
56318698959,56318698963,4,2448,1627
56319781890,56319781908,18,1577,932
56320183944,56320183946,2,18499,7502
56320464394,56320464399,5,2605,1118
56324581381,56324581385,4,1866,1016
56324960360,56324960378,18,518,1285
56327578773,56327578778,5,1577,1595
56337459976,56337459978,2,2623,1553
56337948612,56337948614,2,1151,949
56338551337,56338551317,-20,1815,1521
56340063694,56340063695,1,2195,1302
56342032294,56342032299,5,1695,1084
56342849006,56342849010,4,1387,972
56347835667,56347835672,5,1805,1159
56351418166,56351418158,-8,1055,4112
56352033443,56352033446,3,2572,1119
56355124937,56355124942,5,2207,1618
56355915556,56355915561,5,1973,1038
56360789409,56360789411,2,1622,1503
56365185150,56365185155,5,1997,1119
56366770911,56366770906,-5,1136,2369
56367485401,56367485403,2,2323,1459
56370066305,56370066307,2,1669,1020
56373982092,56373982081,-11,38998,14126
56375097857,56375097854,-3,1608,2314
56377356470,56377356475,5,2475,1267
56377600662,56377600668,6,1415,1107
56377962631,56377962615,-16,2735,1335
56378514634,56378514638,4,2897,1416
56382821811,56382821813,2,1368,1169
56384012007,56384012011,4,2124,1228
56388985387,56388985390,3,871,1122
56390245078,56390245083,5,2053,1181
56391364804,56391364811,7,2494,1391
56391484098,56391484102,4,1402,1348
56391832705,56391832710,5,1627,964
56396248113,56396248117,4,1799,1323
56397568838,56397568843,5,2570,1520
56398716726,56398716731,5,1845,1499
56399904022,56399904024,2,1834,1409
56400327298,56400327298,0,1589,1638
56403081501,56403081505,4,1864,1477
56404368078,56404368083,5,1300,848
56404560505,56404560511,6,2529,1021
56407136463,56407136461,-2,1447,2393
56409739742,56409739730,-12,8,1195
56410507417,56410507422,5,1960,1016
56411758662,56411758663,1,1565,942
56412455194,56412455198,4,3240,2294
56412698626,56412698628,2,2068,1864
56413902321,56413902326,5,2556,1580
56416023486,56416023491,5,1187,1083
56416191135,56416191140,5,2103,1640
56420570842,56420570845,3,1963,1229
56421385817,56421385822,5,2553,1277
56422456274,56422456279,5,818,880
56423955725,56423955730,5,2415,1481
56430845683,56430845689,6,2117,1044
56434863759,56434863764,5,2133,1104
56435305322,56435305326,4,2097,968
56435631290,56435631295,5,2658,1456
56438274154,56438274160,6,1493,1172
56439238374,56439238387,13,13275,50253
56441193163,56441193162,-1,1579,2585
56441263019,56441263023,4,857,738
56442251882,56442251887,5,2056,1074
56442904141,56442904138,-3,2083,1910
56442979155,56442979162,7,2151,1152
56444081814,56444081817,3,1640,1851
56446822687,56446822691,4,2257,1574
56447753222,56447753226,4,2042,1395
56448491426,56448491430,4,2129,1430
56449621476,56449621479,3,2048,1152
56455862073,56455862078,5,44980,17796
56461308884,56461308887,3,1701,1168
56461561390,56461561394,4,2023,1291
56461909146,56461909126,-20,815,1003
56466127955,56466127961,6,1879,1198
56466905249,56466905254,5,2390,1373
56468141453,56468141459,6,2159,1054
56469813009,56469813009,0,1981,1976
56470321484,56470321487,3,3071,1807
56478040601,56478040606,5,2065,1317
56479225258,56479225262,4,2226,1500
56479609072,56479609095,23,1575,625
56482855506,56482855514,8,2587,1339
56484432272,56484432279,7,2683,1087
56489192960,56489192966,6,9442,4079
56490890354,56490890355,1,1459,1104
56492144157,56492144161,4,2353,1614
56494280032,56494280034,2,1721,1330
56495160522,56495160522,0,1441,1965
56495902483,56495902486,3,1705,1009
56502643045,56502643050,5,3014,2054
56505360141,56505360130,-11,1576,1171
56506394743,56506394747,4,1574,1138
56506964414,56506964430,16,1298,1357
56509723910,56509723923,13,1709,1320
56509762881,56509762883,2,1763,1381
56511105894,56511105898,4,1107,733
56519292925,56519292930,5,2190,1268
56519748391,56519748398,7,2620,1317
56523166716,56523166720,4,2156,1617
56523859399,56523859383,-16,1978,1115
56527208813,56527208816,3,1695,2024
56528607770,56528607777,7,1821,1082
56542573321,56542573327,6,2124,1595
56546128525,56546128523,-2,1745,934
56551224081,56551224081,0,1348,1271
56551445010,56551445014,4,2144,1318
56551953958,56551953962,4,2762,1462
56554732858,56554732861,3,2797,1965
56555758988,56555759009,21,601,546
56557680999,56557680999,0,1426,1229
56557858369,56557858381,12,1077,218
56559772999,56559773002,3,1259,592
56562050857,56562050858,1,2886,1436
56562395960,56562395962,2,1528,1129
56562550762,56562550756,-6,1415,5136
56564329823,56564329826,3,1586,905
56564812951,56564812955,4,1279,974
56566268302,56566268307,5,1410,1250
56567752826,56567752829,3,946,720
56569685580,56569685579,-1,1311,2183
56572742859,56572742862,3,1716,1342
56575208095,56575208097,2,1402,1732
56575351245,56575351254,9,1777,1155
56580037438,56580037443,5,1780,1537
56581890301,56581890306,5,2402,1703
56583502202,56583502206,4,950,966
56584793144,56584793148,4,2100,1524
56585302686,56585302692,6,459,34
56585422227,56585422231,4,1709,1338
56585586266,56585586271,5,2298,1684
56586224362,56586224366,4,2289,1967
56587340700,56587340704,4,3070,1648
56587798698,56587798702,4,967,1044
56588312208,56588312210,2,2052,1713
56589880582,56589880587,5,1211,939
56600227846,56600227851,5,2015,1367
56600333842,56600333847,5,1918,1632
56609427338,56609427343,5,3451,1190
56612906255,56612906260,5,1457,1237
56613492406,56613492409,3,1741,1308
56613526097,56613526076,-21,2029,1532
56614357210,56614357192,-18,1828,923
56614612401,56614612405,4,2511,1085
56619379290,56619379293,3,1425,1638
56620377563,56620377567,4,2334,834
56624251488,56624251493,5,1997,1315
56630600501,56630600507,6,2717,1005
56631838374,56631838381,7,2403,1095
56640649349,56640649354,5,2329,1314
56644947816,56644947821,5,2653,2084
56648349366,56648349370,4,2177,1015
56649871778,56649871783,5,1936,976
56650433940,56650433943,3,1736,1508
56652859254,56652859258,4,998,921
56657802249,56657802252,3,2104,1743
56660641425,56660641430,5,2756,1367
56661585777,56661585782,5,2473,1003
56662645821,56662645823,2,953,1679
56663094791,56663094790,-1,732,2606
56663672858,56663672861,3,1661,1343
56665050934,56665050938,4,3037,1478
56665153425,56665153437,12,1848,1502
56667856713,56667856717,4,2092,1273
56669713053,56669713057,4,1304,1068
56671508988,56671508997,9,185,2596
56677260559,56677260563,4,1181,799
56678026737,56678026740,3,2203,1706
56687332317,56687332322,5,2383,1182
56688673070,56688673074,4,1760,1073
56696744444,56696744450,6,2194,1838
56705551527,56705551531,4,1777,1040
56707361573,56707361577,4,1320,1278
56707796514,56707796517,3,1852,849
56711980269,56711980274,5,1824,1088
56712051274,56712051288,14,1731,1229
56712480789,56712480787,-2,1031,1803
56712654805,56712654809,4,1584,1153
56718294780,56718294783,3,2641,1509
56721499279,56721499282,3,2182,1749
56722938650,56722938648,-2,878,1859
56723298039,56723298045,6,1635,1435
56723565209,56723565191,-18,6058,1943
56725164149,56725164154,5,1874,1141
56733714775,56733714779,4,2337,1123
56734633218,56734633222,4,1010,1245
56736255260,56736255263,3,2119,1568
56747252416,56747252418,2,2618,2219
56748613496,56748613499,3,1529,742
56751725852,56751725855,3,2098,1495
56753077409,56753077412,3,1719,1058
56756954200,56756954203,3,1879,1453
56761153370,56761153374,4,1794,1449
56762181694,56762181674,-20,953,3074
56767084250,56767084254,4,1530,883
56767632301,56767632306,5,1080,757
56767666786,56767666791,5,1252,838
56769387686,56769387691,5,1891,1140
56771591885,56771591889,4,1824,1255
56773032572,56773032575,3,1541,1406
56773290327,56773290331,4,1831,1042
56773497409,56773497414,5,2036,1349
56775653970,56775653973,3,2227,903
56776108201,56776108220,19,2276,1221
56779260129,56779260133,4,2187,1857
56779630995,56779631001,6,4871,1907
56784160475,56784160479,4,1852,1491
56784754358,56784754365,7,1865,1618
56785351219,56785351222,3,2067,993
56787312227,56787312234,7,11185,30463
56790001006,56790001006,0,1261,1966
56792759874,56792759879,5,2526,1431
56795983593,56795983598,5,2086,1608
56799039273,56799039276,3,1516,1341
56802651438,56802651442,4,2063,1073
56805578542,56805578546,4,1426,858
56813410765,56813410769,4,2113,1775
56814307675,56814307654,-21,2243,991
56814854703,56814854706,3,2427,1410
56818565013,56818565017,4,2772,1724
56819467577,56819467582,5,3141,1678
56821655994,56821655999,5,2718,1149
56821997705,56821997710,5,2066,1149
56824397201,56824397206,5,1910,1617
56825835514,56825835518,4,2147,1273
56827565614,56827565617,3,1550,1429
56834364094,56834364100,6,2384,1157
56836110282,56836110289,7,2942,1248
56837543637,56837543637,0,3241,3790
56846828094,56846828099,5,2263,1652
56848396562,56848396565,3,1280,1305
56848547224,56848547224,0,1360,2270
56850715126,56850715129,3,2653,1913
56851082854,56851082857,3,1664,1155
56851260252,56851260254,2,1576,1259
56857243386,56857243387,1,2086,1423
56857361450,56857361455,5,1522,807
56861727831,56861727837,6,1534,1053
56866071006,56866071010,4,2203,1213
56868957529,56868957527,-2,1463,1666
56879991585,56879991591,6,2505,1149
56880068431,56880068414,-17,1095,749
56882109706,56882109709,3,2477,2565
56884958944,56884958948,4,2573,1635
56886789887,56886789891,4,2368,1225
56890136643,56890136645,2,1913,1640
56892185147,56892185153,6,1697,1269
56892317325,56892317328,3,1366,940
56893608934,56893608938,4,1756,1265
56894243401,56894243406,5,2828,1337
56895050916,56895050921,5,2243,1840
56904098375,56904098379,4,1602,1270
56905647463,56905647461,-2,1515,1680
56910205911,56910205915,4,1842,1295
56912719552,56912719555,3,2187,1079
56913290621,56913290624,3,2618,1393
56914262245,56914262249,4,1714,1176
56914777816,56914777819,3,1719,939
56917993302,56917993306,4,2347,1252
56918763205,56918763210,5,1915,1620
56921251438,56921251442,4,1588,1612
56921848504,56921848488,-16,1675,1028
56926005126,56926005126,0,759,1306
56926536705,56926536703,-2,551,164
56929452965,56929452969,4,1717,966
56931403382,56931403387,5,2167,1334
56932480057,56932480062,5,2483,1338
56934331317,56934331324,7,2142,1300
56934690361,56934690363,2,2035,1423
56938595473,56938595474,1,1506,1495
56939917515,56939917517,2,849,1315
56942196886,56942196889,3,2682,1797
56954719836,56954719840,4,1476,1092
56956711298,56956711302,4,3660,2833
56957504731,56957504737,6,2972,1200
56957603266,56957603270,4,2226,1088
56961362145,56961362146,1,2029,1315
56967206335,56967206339,4,2094,1151
56968549041,56968549044,3,8912,18446
56968957125,56968957127,2,1543,1280
56972997719,56972997723,4,2057,1426
56973598121,56973598125,4,2271,1498
56974510238,56974510241,3,1859,1590
56978663809,56978663813,4,1788,1353
56982524141,56982524146,5,1876,1609
56984822330,56984822324,-6,1890,8103
56989163687,56989163694,7,2202,1319
56991954959,56991954962,3,1708,1134
56993062454,56993062455,1,1263,1733
56993874702,56993874706,4,1956,1194
56996560857,56996560862,5,2062,1524
57000352538,57000352539,1,943,978
57009400701,57009400707,6,2603,1275
57010465791,57010465796,5,2966,1393
57013617986,57013617988,2,1409,1348
57016272367,57016272373,6,1722,1091
57016331492,57016331495,3,1336,1146
57020211157,57020211162,5,1436,1329
57023691497,57023691501,4,2268,1371
57029082645,57029082648,3,1986,1039
57030983685,57030983686,1,3114,3822
57034105529,57034105533,4,1603,1224
57034862768,57034862771,3,1982,1360
57039120972,57039120977,5,1917,1285
57043027683,57043027690,7,2123,1591
57049023426,57049023420,-6,2297,7459
57052644008,57052644013,5,2248,1485
57055972270,57055972275,5,2783,1430
57057182634,57057182638,4,1404,1199
57060631942,57060631948,6,1632,1371
57063255975,57063255969,-6,1892,9107
57067194861,57067194866,5,2389,1657
57068627146,57068627150,4,1413,1109
57070588971,57070588973,2,2305,1292
57070798271,57070798277,6,628,168
57076953163,57076953170,7,2337,1386
57077512229,57077512235,6,2429,1851
57079195073,57079195079,6,1601,1113
57080894882,57080894887,5,2452,1510
57089615558,57089615563,5,22084,35880
57091145266,57091145261,-5,1761,8396
57092074406,57092074407,1,2207,3999
57092749047,57092749050,3,1599,947
57093270142,57093270159,17,1924,849
57094626546,57094626551,5,1448,1069
57094734118,57094734121,3,1858,1165
57098282745,57098282749,4,2763,1712
57099431790,57099431796,6,1920,1019
57102651069,57102651074,5,1608,1455
57108202538,57108202543,5,2723,1238
57111285611,57111285617,6,1893,1001
57111647008,57111647010,2,2672,1623
57111780786,57111780788,2,855,807
57119000441,57119000445,4,1384,1333
57121626249,57121626254,5,2109,1298
57125099948,57125099951,3,2395,2187
57125128840,57125128844,4,4308,2424
57127726597,57127726598,1,1527,1281
57130326112,57130326117,5,3095,1590
57135373593,57135373597,4,1854,927
57136732641,57136732643,2,1962,1359
57136875374,57136875378,4,2091,1281
57139751827,57139751833,6,942,865
57143354217,57143354222,5,1854,1398
57146146295,57146146299,4,1815,1103
57151039521,57151039525,4,2550,1663
57151988849,57151988853,4,1696,918
57155812399,57155812405,6,1755,994
57162190982,57162190986,4,2284,1134
57162231154,57162231136,-18,2930,1379
57164696982,57164696976,-6,11729,16053
57169975177,57169975179,2,1522,1286
57173863022,57173863026,4,1920,1136
57176884689,57176884694,5,1567,1163
57180151574,57180151578,4,1816,1124
57181992895,57181992899,4,2410,1531
57186738333,57186738331,-2,18945,10311
57187300662,57187300664,2,2442,1218
57188261094,57188261090,-4,1360,2347
57188490301,57188490304,3,1534,1082
57190037677,57190037681,4,2014,1213
57190139782,57190139786,4,2161,1130
57192017458,57192017461,3,1714,989
57194661034,57194661046,12,1211,1242
57199669101,57199669102,1,1632,1188
57200599989,57200599994,5,2103,1106
57201841804,57201841807,3,1475,1235
57202754186,57202754191,5,2092,1131
57204397489,57204397494,5,2280,1098
57206605970,57206605975,5,1430,870
57207742618,57207742623,5,2388,1062
57211632174,57211632178,4,1827,1474
57212722630,57212722634,4,1116,913
57215045229,57215045229,0,1408,1096
57218585793,57218585796,3,2635,1624
57221693206,57221693209,3,1490,915
57222612795,57222612799,4,1943,1137
57225522699,57225522702,3,2398,1496
57227698441,57227698445,4,2185,1679
57228909784,57228909788,4,2456,1512
57230402827,57230402806,-21,1164,754
57235226372,57235226377,5,2559,1650
57244131635,57244131639,4,4282,2038
57245354316,57245354320,4,1601,1452
57248509990,57248509994,4,2435,1282
57249006196,57249006194,-2,43150,20982
57249447050,57249447053,3,2058,1170
57250967014,57250967019,5,1663,1070
57251028958,57251028956,-2,1224,142
57251651951,57251651956,5,2143,1497
57253492730,57253492710,-20,1959,1230
57254840090,57254840095,5,2773,1484
57263513153,57263513155,2,1865,1472
57264607898,57264607901,3,1966,1227
57268479218,57268479223,5,1449,1292
57269972541,57269972545,4,2499,2048
57270233898,57270233880,-18,883,195
57273736049,57273736053,4,1697,1161
57274829918,57274829923,5,2410,1213
57278497115,57278497119,4,2317,1446
57278722264,57278722267,3,1900,1545
57280036566,57280036569,3,1658,1303
57284750890,57284750896,6,1989,1312
57285165938,57285165943,5,2513,1361
57286112817,57286112818,1,1081,1123
57291323275,57291323280,5,2467,1262
57291402810,57291402788,-22,1430,462
57293450128,57293450131,3,2497,1353
57297691581,57297691576,-5,1800,1183
57298597068,57298597072,4,2333,1506
57306092478,57306092483,5,1947,1251
57307172495,57307172498,3,2296,1589
57315952598,57315952602,4,2373,1737
57317624073,57317624078,5,2071,1112
57318041912,57318041896,-16,4824,2571
57318828053,57318828058,5,1792,1631
57320889947,57320889950,3,2786,1992
57321245780,57321245783,3,1544,1496
57321375754,57321375759,5,2334,1239
57329207055,57329207060,5,2413,1727
57330159910,57330159917,7,1857,1212
57330877599,57330877604,5,1652,1029
57331842049,57331842054,5,2675,1448
57332807841,57332807845,4,1645,1323
57334168040,57334168045,5,1701,1288
57335021347,57335021349,2,2298,1875
57335249722,57335249726,4,2056,1430
57342558893,57342558887,-6,903,1562
57345036967,57345036963,-4,1392,4905
57345517646,57345517650,4,1644,1122
57347812118,57347812122,4,2195,1507
57350908633,57350908638,5,1878,1334
57352180744,57352180747,3,2060,1686
57354551380,57354551383,3,1603,1464
57358781858,57358781861,3,1397,1349
57361074855,57361074859,4,2188,2179
57362875845,57362875841,-4,1755,5545
57369089891,57369089898,7,3035,1095
57372973914,57372973915,1,1473,789
57375411022,57375411026,4,2046,1624
57376161810,57376161815,5,2367,1290
57376772801,57376772807,6,2147,1470
57377217710,57377217695,-15,544,312
57378100392,57378100396,4,2371,1446
57382042940,57382042942,2,1683,1414
57384220086,57384220091,5,1488,966
57384704941,57384704959,18,2147,1081
57388535450,57388535451,1,1585,2449
57388652219,57388652224,5,2027,1290
57390909816,57390909820,4,2344,1412
57392779121,57392779122,1,1231,1284
57393415055,57393415058,3,2800,1453
57394037474,57394037479,5,2294,1203
57395093957,57395093959,2,1040,1007
57400353492,57400353494,2,1518,957
57407057450,57407057457,7,4035,1676
57408027574,57408027558,-16,851,343
57408961499,57408961505,6,2123,1291
57409494166,57409494180,14,1364,1291
57413199065,57413199069,4,2496,1379
57414475418,57414475421,3,7472,31503
57415906077,57415906081,4,2564,1576
57415996087,57415996089,2,1735,1540
57424048467,57424048471,4,2493,1485
57426611735,57426611739,4,1813,1439
57430286462,57430286467,5,2324,1340
57433366431,57433366436,5,2018,955
57433753694,57433753678,-16,1843,1416
57437647939,57437647939,0,1794,2575
57446374646,57446374652,6,1911,1271
57453127738,57453127743,5,2196,1220
57455340768,57455340773,5,2149,1587
57462927773,57462927775,2,2072,1159
57464125589,57464125595,6,3631,1399
57466260901,57466260905,4,1591,1659
57468617329,57468617335,6,2146,1191
57474667701,57474667705,4,2365,1275
57474825899,57474825902,3,2032,1399
57479469479,57479469482,3,1674,1290
57482145638,57482145642,4,1476,1444
57482196250,57482196255,5,2000,1473
57488726078,57488726082,4,3550,2360
57490489229,57490489234,5,1920,1504
57491736049,57491736054,5,1787,1439
57494828772,57494828777,5,1796,1725
57495460653,57495460660,7,1351,1578
57495817534,57495817517,-17,1428,488
57496384023,57496384030,7,4553,2233
57496581932,57496581934,2,2003,1089
57498153346,57498153354,8,3453,1401
57498850050,57498850056,6,2021,939
57502215978,57502215983,5,2972,1491
57502474931,57502474935,4,1896,1582
57504676842,57504676845,3,2355,1287
57506811536,57506811540,4,2591,1546
57509935618,57509935621,3,2479,1221
57510560284,57510560269,-15,1784,592
57511447084,57511447091,7,2649,1111
57514785109,57514785115,6,1863,1520
57516666908,57516666914,6,2014,1633
57517637300,57517637306,6,2342,1183
57520098224,57520098227,3,1496,1034
57520283791,57520283777,-14,1139,1312
57520853786,57520853789,3,1666,1132
57524901559,57524901564,5,2170,1652
57525270645,57525270648,3,5254,2606
57525543647,57525543652,5,2179,1700
57526190402,57526190411,9,11571,21929
57526258171,57526258175,4,2258,1240
57527008274,57527008277,3,2817,1485
57535960065,57535960070,5,2330,996
57537603515,57537603512,-3,1655,3928
57537952300,57537952304,4,1883,1488
57542389187,57542389189,2,1675,1180
57542902236,57542902236,0,2410,1769
57546701334,57546701338,4,1620,1018
57547530577,57547530559,-18,1801,1167
57549484114,57549484117,3,1738,1051
57550846109,57550846115,6,1814,918
57551565434,57551565431,-3,2386,5129
57551650523,57551650526,3,1761,1874
57552143255,57552143258,3,1880,1866
57556125283,57556125287,4,1962,1328
57558306694,57558306698,4,2309,981
57563641074,57563641079,5,2067,1423
57563880054,57563880054,0,1468,1751
57567575118,57567575123,5,1980,859
57567846274,57567846292,18,2497,1559
57567890953,57567890959,6,2928,1345
57567991352,57567991356,4,2698,1835
57569300281,57569300292,11,2540,1086
57575371429,57575371433,4,2837,1593
57575767877,57575767882,5,1383,1144
57579088970,57579088974,4,2327,819
57579202447,57579202451,4,1921,1921
57580026101,57580026105,4,1591,1758
57580504819,57580504822,3,2166,1533
57580836634,57580836638,4,1885,1136
57582532282,57582532289,7,12422,1721
57589744861,57589744866,5,1799,1555
57591364242,57591364247,5,2536,1670
57594652341,57594652347,6,2607,1421
57596259085,57596259089,4,1884,988
57596436170,57596436173,3,6495,28831
57604428125,57604428125,0,1310,987
57604610750,57604610753,3,2141,1347
57608640091,57608640098,7,2228,1547
57613424660,57613424663,3,2218,1277
57613499791,57613499796,5,2125,1598
57613988225,57613988231,6,2215,1606
57614340698,57614340702,4,1985,1185
57614850644,57614850648,4,1952,1357
57617971895,57617971902,7,2221,973
57619533500,57619533504,4,1917,1123
57621159911,57621159914,3,1872,1293
57621582202,57621582210,8,2662,1742
57621881163,57621881167,4,12093,9608
57629697437,57629697441,4,2938,1444
57631949967,57631949969,2,1529,1390
57634583221,57634583227,6,2583,884
57636931108,57636931125,17,1570,911
57637403843,57637403854,11,1092,801
57638810930,57638810934,4,2483,1603
57640150181,57640150185,4,2169,1427
57642034287,57642034290,3,1242,1330
57649250589,57649250594,5,2274,1570
57650124266,57650124271,5,1751,1410
57653156366,57653156370,4,2119,1080
57653215106,57653215109,3,1943,1185
57655543522,57655543526,4,1269,1233
57655576241,57655576245,4,2174,1541
57661225442,57661225446,4,2204,830
57661338422,57661338428,6,2743,1419
57662791862,57662791861,-1,958,1442
57663880453,57663880456,3,2143,1451
57663937206,57663937216,10,1366,1085
57664209758,57664209761,3,2254,2010
57664313950,57664313954,4,2785,1365
57668402058,57668402063,5,2087,1362
57669721232,57669721238,6,2024,975
57672652577,57672652584,7,9107,38228
57673790622,57673790626,4,1837,1414
57676086203,57676086206,3,1371,1322
57677850976,57677850983,7,3333,1684
57678909816,57678909819,3,1747,1581
57679202638,57679202643,5,2063,1325
57682866088,57682866093,5,2844,1352
57684186070,57684186074,4,1929,1501
57685501158,57685501164,6,3018,1498
57688866889,57688866896,7,5289,1418
57689537712,57689537716,4,2358,1712
57690227466,57690227470,4,1991,1292
57690549789,57690549793,4,2187,1635
57691309645,57691309649,4,1902,1131
57693301572,57693301575,3,1770,1382
57697989126,57697989122,-4,1902,3049
57699220290,57699220295,5,2218,1646
57700422013,57700422017,4,2063,1298
57701405518,57701405521,3,2388,1412
57704466307,57704466311,4,1723,1113
57707406033,57707406033,0,1753,2200
57707823145,57707823151,6,1353,1202
57708668187,57708668191,4,1999,1625
57709992291,57709992294,3,2441,1873
57711142149,57711142151,2,1269,1016
57714104756,57714104759,3,2040,1323
57718556716,57718556719,3,2161,1608
57719192012,57719192014,2,1784,1657
57719843531,57719843538,7,1467,1022
57721231057,57721231059,2,1799,924
57723438828,57723438837,9,475,362
57724740597,57724740603,6,1334,922
57727757116,57727757119,3,1441,1361
57732183130,57732183135,5,1289,959
57736716197,57736716202,5,3464,1981
57742721484,57742721487,3,1359,1552
57745515845,57745515848,3,1874,1795
57748454234,57748454234,0,1408,1594
57750657223,57750657228,5,1858,1155
57751155954,57751155958,4,2684,1463
57758893075,57758893077,2,1843,1398
57760273646,57760273645,-1,1472,2106
57765011082,57765011085,3,1912,1331
57766746870,57766746874,4,1706,1182
57768341065,57768341071,6,1903,914
57770694469,57770694474,5,2578,1046
57771397045,57771397050,5,1679,1165
57773490957,57773490958,1,1192,878
57775515817,57775515822,5,977,710
57782337799,57782337802,3,1393,1165
57783369925,57783369932,7,1574,1505
57785259078,57785259081,3,1169,994
57786064519,57786064512,-7,24222,16376
57788607861,57788607866,5,2209,1530
57790090857,57790090860,3,1977,1479
57790158646,57790158650,4,902,715
57795041385,57795041389,4,1734,1120
57795967374,57795967379,5,1822,1754
57796376473,57796376452,-21,1542,1423
57799860358,57799860357,-1,1045,1876
57803683475,57803683480,5,2731,1087
57810610005,57810610007,2,1814,1168
57811118290,57811118293,3,2610,1576
57813230196,57813230203,7,1901,1282
57814290725,57814290733,8,596,131
57818247743,57818247746,3,1378,1159
57823744500,57823744505,5,2319,1888
57824175498,57824175503,5,1752,1059
57824782990,57824782995,5,1819,1583
57825894695,57825894698,3,2126,1094
57826086662,57826086665,3,2103,1295
57831352723,57831352728,5,1716,1458
57838284389,57838284394,5,2747,1137
57841900150,57841900155,5,2530,1031
57843912194,57843912199,5,2095,1226
57846045163,57846045167,4,1842,841
57856082639,57856082651,12,13138,20813
57857510289,57857510293,4,1972,1344
57859958023,57859958027,4,2047,2049
57860764779,57860764782,3,1289,1212
57861459546,57861459549,3,3191,2370
57864491506,57864491510,4,2249,1273
57864564135,57864564139,4,1658,1100
57866316790,57866316796,6,2336,1088
57866834638,57866834641,3,1941,1526
57869757679,57869757686,7,1512,1718
57870564397,57870564404,7,2691,1654
57872991880,57872991883,3,2713,1260
57875787425,57875787426,1,1610,1391
57880635859,57880635861,2,1743,1528
57882556483,57882556490,7,968,1008
57883505854,57883505858,4,1305,724
57883605454,57883605459,5,2696,1393
57885711728,57885711747,19,607,698
57886773858,57886773862,4,2220,1296
57888655878,57888655883,5,1449,1379
57889628098,57889628101,3,1513,956
57890520047,57890520050,3,1415,709
57892190432,57892190426,-6,1480,3941
57894077818,57894077825,7,1708,1568
57897015168,57897015171,3,1702,1355
57897679988,57897679991,3,1689,1181
57899335070,57899335075,5,2474,1064
57899434230,57899434213,-17,1683,1079
57905258403,57905258406,3,2041,1350
57905783574,57905783579,5,1518,923
57905886846,57905886846,0,1437,168
57907050829,57907050831,2,970,562
57908822993,57908822998,5,1579,1046
57909052988,57909052994,6,3523,1990
57910122846,57910122850,4,2558,1857
57910388606,57910388609,3,1984,1475
57914099983,57914099986,3,1980,1587
57914815562,57914815561,-1,1027,1701
57916066855,57916066860,5,1471,1617
57918013170,57918013174,4,2223,1612
57918426709,57918426713,4,2623,1859
57920913943,57920913938,-5,1570,1522
57922085450,57922085452,2,2060,1710
57922123226,57922123225,-1,6692,8336
57927415512,57927415517,5,2371,1264
57928770363,57928770343,-20,2076,1017
57937874238,57937874235,-3,1399,2174
57938803249,57938803250,1,1484,816
57939330338,57939330343,5,2674,1807
57941631777,57941631783,6,2055,1062
57942214700,57942214705,5,2935,930
57943722614,57943722619,5,2149,1911
57945080937,57945080941,4,1499,1233
57945171462,57945171466,4,1705,1011
57945682875,57945682879,4,2112,1186
57946348090,57946348084,-6,2250,5928
57949894088,57949894093,5,3185,1654
57952251667,57952251669,2,1434,948
57960743364,57960743366,2,1322,1020
57965040355,57965040359,4,2580,1794
57966416618,57966416615,-3,1030,1993
57967626530,57967626531,1,1481,1002
57973419530,57973419526,-4,43626,29536
57979651316,57979651317,1,1627,1139
57983293999,57983294003,4,1545,1128
57984014515,57984014520,5,2851,1383
57986476955,57986476961,6,1928,1145
57986735385,57986735387,2,1318,1420
57988759717,57988759718,1,1918,1508
57999407751,57999407733,-18,1352,740
58000142023,58000142003,-20,29324,25288
58000353929,58000353933,4,1584,880
58001013481,58001013487,6,2206,1333
58001634038,58001634037,-1,783,1152
58002283885,58002283890,5,1870,1177
58005175863,58005175866,3,1610,1254
58005833454,58005833439,-15,1581,1775
58007070105,58007070107,2,1833,1400
58007499130,58007499130,0,20960,24582
58012436894,58012436898,4,1978,1362
58012594411,58012594415,4,2354,1667
58013311093,58013311098,5,2214,1286
58014699346,58014699326,-20,1093,913
58014930054,58014930051,-3,1620,1183
58026144614,58026144613,-1,1344,1181
58030216716,58030216722,6,2010,1239
58031651491,58031651511,20,737,277
58031716875,58031716862,-13,515,235
58033610400,58033610398,-2,2507,3419
58035004987,58035004990,3,2173,1147
58036329941,58036329923,-18,1790,1453
58036985123,58036985127,4,2380,1074
58038048265,58038048271,6,1492,900
58040809382,58040809387,5,1876,1027
58041267578,58041267584,6,2212,1144
58042147800,58042147804,4,2237,1770
58052304534,58052304535,1,1387,1601
58053724330,58053724335,5,2412,1397
58054244036,58054244042,6,1875,763
58058602154,58058602159,5,2111,1511
58060248814,58060248817,3,1459,982
58060503543,58060503546,3,2452,1868
58064325756,58064325759,3,2042,1154
58067081972,58067081974,2,1889,1696
58067529297,58067529303,6,1611,1274
58069179205,58069179208,3,1641,1336
58069693475,58069693483,8,1612,1199
58072160766,58072160769,3,1495,1211
58076059448,58076059450,2,2339,1450
58078770330,58078770332,2,2304,1894
58080092456,58080092460,4,2299,1518
58083596781,58083596783,2,1788,1448
58086508166,58086508161,-5,2906,6994
58087184011,58087184015,4,2362,1590
58087806711,58087806714,3,1909,1506
58088869750,58088869754,4,1259,1304
58090216549,58090216551,2,3285,1851
58094924285,58094924289,4,2538,1058
58095113536,58095113535,-1,1330,1241
58095961342,58095961345,3,2679,1880
58097065692,58097065696,4,1654,1602
58104853657,58104853661,4,3126,1129
58105718457,58105718463,6,2335,1202
58105982007,58105982011,4,1678,2010
58108781506,58108781510,4,1985,1055
58110562053,58110562058,5,1986,1564
58110784367,58110784370,3,1151,1259
58111219363,58111219367,4,1228,1140
58111312026,58111312031,5,1947,1453
58112145818,58112145821,3,2775,1430
58113709175,58113709184,9,3595,1468
58115549054,58115549058,4,1704,1696
58118084370,58118084374,4,1850,1219
58120302708,58120302719,11,833,401
58123363098,58123363103,5,1196,252
58134133184,58134133179,-5,1292,917
58138990249,58138990253,4,2838,1960
58139217757,58139217761,4,1654,1433
58140384682,58140384663,-19,1904,1179
58143498530,58143498534,4,2975,1234
58145094187,58145094193,6,2734,1884
58145289567,58145289572,5,2455,1913
58146546496,58146546497,1,1304,1638
58146737669,58146737652,-17,2171,1370
58147105504,58147105502,-2,1566,3305
58149064686,58149064691,5,1679,1402
58151572370,58151572375,5,2109,1371
58153588555,58153588560,5,1650,1387
58155452079,58155452084,5,1908,1207
58157515299,58157515302,3,1877,1396
58161152318,58161152324,6,2482,1365
58162255360,58162255342,-18,1564,1809
58163650921,58163650926,5,1253,1214
58165860883,58165860886,3,1600,1160
58167663099,58167663103,4,1866,1439
58168157983,58168157987,4,998,796
58169180920,58169180925,5,2588,1235
58172293330,58172293334,4,2071,1457
58173756532,58173756535,3,1420,1397
58177346846,58177346853,7,1626,1080
58180524855,58180524859,4,2023,1071
58183759540,58183759545,5,1793,1101
58183919514,58183919518,4,1698,1139
58187348233,58187348238,5,2185,1006
58188327711,58188327714,3,2040,1584
58189489444,58189489448,4,1604,1726
58193904568,58193904565,-3,1181,1335
58199670477,58199670483,6,2214,1801
58201723031,58201723034,3,2026,1346
58206140907,58206140910,3,1614,1258
58206467230,58206467235,5,2211,1694
58207851153,58207851155,2,1693,1338
58208115878,58208115882,4,2436,1782
58212363821,58212363825,4,2790,1805
58216023736,58216023739,3,2572,1280
58216744462,58216744467,5,1479,1219
58226241119,58226241123,4,1902,1477
58226579862,58226579879,17,2268,1258
58229073386,58229073389,3,1270,1627
58229730118,58229730100,-18,1552,911
58233166561,58233166566,5,1810,1057
58233339887,58233339871,-16,2407,1362
58235846772,58235846778,6,2138,1205
58237476319,58237476323,4,1614,1449
58252173726,58252173730,4,1374,1193
58252976164,58252976167,3,1942,1172
58254542925,58254542929,4,2849,1097
58256356850,58256356854,4,2538,2056
58256763690,58256763695,5,2845,1423
58257053775,58257053780,5,2114,1289
58257838850,58257838854,4,2384,1324
58260570823,58260570826,3,2468,1658
58260896519,58260896522,3,2226,1334
58266802711,58266802715,4,1561,1506
58269318867,58269318865,-2,1170,2256
58272284990,58272284994,4,1671,1215
58273866839,58273866847,8,1668,1318
58276777766,58276777755,-11,1886,1263
58277105983,58277105986,3,2169,1182
58283671342,58283671349,7,4091,1588
58285055247,58285055253,6,1597,811
58285277327,58285277333,6,2525,1697
58297469880,58297469883,3,2386,1773
58300293967,58300293969,2,1406,1319
58301244775,58301244779,4,2020,1655
58304010125,58304010129,4,1814,976
58305233082,58305233089,7,2719,1238
58306983411,58306983415,4,1889,1151
58307261450,58307261455,5,2443,1162
58307576955,58307576932,-23,1664,1119
58309453430,58309453434,4,2224,1708
58311544720,58311544726,6,1399,1339
58312484697,58312484701,4,1577,1089
58313606111,58313606109,-2,1466,4052
58315034446,58315034449,3,1304,1501
58318686926,58318686930,4,2411,2089
58321866458,58321866462,4,1691,969
58325350499,58325350502,3,2023,1048
58334500773,58334500778,5,1713,1652
58338305330,58338305333,3,1442,1346
58339722545,58339722550,5,1580,832
58344346502,58344346498,-4,1638,5993
58344845894,58344845898,4,1781,897
58346461575,58346461579,4,1849,1336
58347452114,58347452118,4,2063,1247
58352603997,58352604002,5,1807,1286
58357350665,58357350670,5,1876,938
58359147670,58359147677,7,2244,958
58359892445,58359892449,4,2408,1877
58363446827,58363446831,4,1539,1080
58369224261,58369224266,5,1313,796
58371853389,58371853393,4,1732,1351
58372016088,58372016094,6,1801,1463
58373029470,58373029474,4,2331,1758
58374953307,58374953310,3,1592,1309
58378021804,58378021810,6,1783,1024
58378456526,58378456531,5,1881,1152
58381430870,58381430875,5,2161,1370
58386305518,58386305516,-2,2073,4303
58387550311,58387550314,3,3015,1964
58395761362,58395761366,4,2464,1641
58396651879,58396651887,8,4570,3398
58396692754,58396692759,5,1343,1130
58408587721,58408587722,1,1610,1194
58410913146,58410913150,4,2836,1746
58414753196,58414753198,2,2066,1489
58415421550,58415421556,6,1842,1285
58416000806,58416000809,3,1649,1369
58425079370,58425079367,-3,2747,4068
58428284737,58428284742,5,2039,1478
58430802759,58430802763,4,2666,1516
58431555168,58431555168,0,1593,2480
58432773286,58432773282,-4,1776,6552
58439743971,58439743976,5,2602,1522
58443285366,58443285370,4,1701,1081
58445635200,58445635193,-7,2559,10079
58452790119,58452790121,2,1980,1497
58454203146,58454203141,-5,1097,2993
58457990771,58457990749,-22,926,1011
58461030198,58461030203,5,2060,1210
58463537559,58463537562,3,1952,1416
58465664265,58465664261,-4,26367,16432
58467392770,58467392774,4,1662,1052
58467430604,58467430622,18,2807,1112
58474622603,58474622607,4,1319,1445
58479554908,58479554913,5,2110,1259
58483693746,58483693751,5,2233,1245
58491752219,58491752222,3,1876,1711
58494782952,58494782958,6,2917,1498
58497091035,58497091036,1,20004,18321
58497447530,58497447534,4,2732,1770
58498255638,58498255633,-5,1577,2363
58499718626,58499718620,-6,1028,2498
58501270615,58501270613,-2,20210,9048
58501585162,58501585168,6,2499,1471
58504160515,58504160519,4,2124,1388
58505221811,58505221814,3,2581,1255
58505873497,58505873502,5,2818,1234
58506585750,58506585750,0,1977,1494
58511856847,58511856850,3,1902,1272
58513659324,58513659327,3,1449,1195
58515129435,58515129435,0,1015,1373
58515466611,58515466617,6,2545,1480
58515502496,58515502501,5,1523,963
58516786627,58516786633,6,1439,1176
58519055281,58519055286,5,1519,749
58520277510,58520277513,3,2325,1581
58520421022,58520421004,-18,945,401
58520617585,58520617590,5,2291,1830
58522932571,58522932571,0,1179,1813
58527397935,58527397939,4,1656,937
58530254157,58530254158,1,1812,2152
58531574398,58531574398,0,1611,2125
58531805410,58531805414,4,2485,1476
58532440018,58532440022,4,1693,1334
58534515032,58534515038,6,3001,2263
58535051498,58535051495,-3,52098,25287
58537535290,58537535295,5,553,727
58543471434,58543471439,5,1924,1149
58545368941,58545368945,4,2583,1614
58550210282,58550210287,5,3077,1509
58552609673,58552609675,2,1708,1562
58552679566,58552679570,4,2169,1260
58561112153,58561112157,4,2486,1834
58564309534,58564309540,6,1775,1419
58565436395,58565436399,4,2099,920
58566658998,58566659003,5,1995,1021
58567050945,58567050948,3,1792,1482
58569700383,58569700386,3,2709,1323
58577766310,58577766314,4,1457,1397
58581275179,58581275183,4,1324,993
58581341398,58581341402,4,2465,2578
58584090960,58584090944,-16,1611,1385
58588803593,58588803597,4,2253,1569
58589715375,58589715382,7,2310,1311
58589856523,58589856526,3,2045,1313
58590672552,58590672551,-1,2507,3775
58595417375,58595417381,6,1972,1972
58600434256,58600434261,5,1495,994
58601016237,58601016242,5,1758,1081
58603198481,58603198485,4,1701,1206
58608499435,58608499439,4,1496,839
58609147382,58609147364,-18,947,741
58611826271,58611826277,6,2045,1265
58615010761,58615010762,1,1421,782
58616847377,58616847378,1,2238,1535
58617906106,58617906115,9,3345,1035
58618790675,58618790679,4,2448,1350
58621071686,58621071691,5,1911,1183
58630876623,58630876625,2,1103,1366
58634851203,58634851206,3,2285,1760
58636219548,58636219553,5,2022,1630
58637596804,58637596810,6,1500,1375
58644471897,58644471902,5,1534,1670
58644914993,58644914998,5,1894,1371
58646491194,58646491195,1,1807,1376
58646741793,58646741797,4,1958,1443
58647253175,58647253180,5,2366,1412
58648933202,58648933206,4,1753,1556
58650492618,58650492623,5,1786,1321
58652378375,58652378378,3,1781,1130
58655205491,58655205496,5,1974,1785
58659044750,58659044754,4,1922,1721
58659332193,58659332195,2,1293,650
58662371933,58662371936,3,1152,1395
58664130657,58664130659,2,2319,1069
58665646195,58665646197,2,1884,1721
58667435169,58667435173,4,2179,1390
58667997235,58667997234,-1,1555,1558
58671494551,58671494529,-22,1438,981
58671921090,58671921096,6,4155,2371
58672769682,58672769687,5,2549,1672
58675401787,58675401792,5,3261,1801
58676155233,58676155239,6,2156,1047
58679218049,58679218054,5,2125,1823
58686182049,58686182053,4,2121,1128
58686276414,58686276398,-16,920,452
58689116138,58689116142,4,1970,1397
58689585856,58689585853,-3,1845,2639
58689843245,58689843251,6,3911,1829
58693215093,58693215098,5,1516,1288
58695918200,58695918203,3,1208,1255
58698360471,58698360475,4,2448,1501
58705883895,58705883899,4,1583,1053
58706776114,58706776092,-22,2555,1576
58707883009,58707883014,5,1522,1291
58708291815,58708291820,5,1611,1503
58708626642,58708626646,4,2145,1468
58709256322,58709256336,14,2353,1279
58710567017,58710567022,5,1747,1045
58724397559,58724397558,-1,1472,1099
58727735574,58727735579,5,2264,1505
58729722438,58729722442,4,3402,1947
58730717338,58730717342,4,2208,1173
58731070402,58731070406,4,1432,1063
58732667820,58732667825,5,2363,1643
58733620926,58733620929,3,2475,1969
58734023236,58734023238,2,1430,1679
58737670566,58737670565,-1,854,2068
58739532109,58739532112,3,1267,934
58742813798,58742813803,5,1578,1255
58746350310,58746350314,4,2676,2317
58747287507,58747287511,4,1236,1123
58750041290,58750041294,4,1286,1536
58752790914,58752790910,-4,3276,6782
58755005625,58755005630,5,2471,1361
58756894418,58756894421,3,2219,1038
58757931607,58757931615,8,6417,1996
58758283657,58758283661,4,1771,1651
58759016566,58759016571,5,1822,1104
58764690784,58764690789,5,2172,1566
58765724778,58765724783,5,2537,2029
58766338226,58766338231,5,2016,1454
58768245498,58768245501,3,2129,1581
58768486734,58768486727,-7,2892,6843
58772935595,58772935601,6,2636,1428
58775317158,58775317161,3,2249,1558
58775594717,58775594725,8,1898,1224
58777062790,58777062796,6,1553,1425
58785267040,58785267043,3,2268,1403
58790452209,58790452214,5,1727,1293
58791870786,58791870786,0,1837,2993
58792026870,58792026873,3,1581,1893
58792657299,58792657306,7,1703,997
58797368665,58797368669,4,2252,1369
58799235714,58799235717,3,3200,1740
58801448776,58801448779,3,2152,2008
58801953972,58801953977,5,1723,1566
58805232010,58805232015,5,2679,1511
58805812929,58805812934,5,2275,1280
58808578875,58808578879,4,3017,1998
58808676918,58808676925,7,3374,2189
58819281847,58819281854,7,2717,949
58824543683,58824543685,2,1746,1331
58825234637,58825234621,-16,1574,719
58826704824,58826704806,-18,1008,2114
58831092962,58831092966,4,2799,1457
58831762510,58831762514,4,2368,1717
58833835812,58833835818,6,1862,1180
58842341766,58842341771,5,1843,1273
58842627365,58842627366,1,1514,1497
58843892042,58843892046,4,1995,1007
58850754945,58850754950,5,1378,843
58854484498,58854484503,5,1607,922
58854619397,58854619402,5,1972,1229
58856186829,58856186834,5,2261,1265
58861621771,58861621787,16,245,1019
58864054139,58864054145,6,3853,1579
58865587980,58865587986,6,1832,1093
58871696391,58871696395,4,1670,1078
58875460452,58875460453,1,1911,1414
58876317865,58876317871,6,1805,1313
58879341358,58879341362,4,1994,1231
58881428007,58881428011,4,2614,898
58881470211,58881470214,3,2242,1050
58890550923,58890550927,4,2144,1302
58893605827,58893605830,3,1619,1170
58894344687,58894344669,-18,2376,1507
58895470563,58895470568,5,2130,1823
58896088774,58896088779,5,1471,1381
58896553390,58896553394,4,1810,1795
58897467607,58897467612,5,2476,1767
58897761237,58897761241,4,1912,1674
58899893391,58899893395,4,1691,953
58901029779,58901029767,-12,11779,27758
58901101237,58901101241,4,1974,1413
58905834973,58905834978,5,12591,6019
58907536110,58907536112,2,1972,1387
58908397210,58908397215,5,1357,1279
58908680068,58908680070,2,1126,1355
58913421226,58913421231,5,2330,1032
58916900458,58916900459,1,822,830
58917639282,58917639287,5,1738,1371
58919465200,58919465202,2,2075,1264
58919876699,58919876703,4,2303,1683
58923130631,58923130636,5,1911,1305
58924469633,58924469635,2,2027,1388
58928483495,58928483503,8,3436,1484
58929461806,58929461811,5,1995,1404
58931599420,58931599417,-3,1104,2257
58932819266,58932819270,4,1542,1036
58934799366,58934799370,4,2451,1456
58937997731,58937997735,4,1812,1523
58940752049,58940752053,4,1776,1291
58940915046,58940915049,3,2182,1579
58947242319,58947242326,7,2058,1093
58949517509,58949517513,4,1827,1295
58949803717,58949803711,-6,368,100
58951218510,58951218517,7,2544,1345
58952933109,58952933102,-7,34096,14882
58954771893,58954771898,5,1593,947
58957850502,58957850506,4,1190,1180
58960962245,58960962248,3,1462,975
58963975162,58963975168,6,2594,1398
58967900693,58967900698,5,2828,1647
58972381242,58972381248,6,2279,1716
58973342866,58973342868,2,1544,1152
58978218965,58978218966,1,2192,1521
58978960944,58978960949,5,1717,1495
58983098941,58983098943,2,1588,1229
58984634753,58984634755,2,1667,1524
58986055275,58986055282,7,1893,958
58986634131,58986634133,2,1733,1435
58990634232,58990634232,0,36608,36022
58990982361,58990982365,4,2080,1621
58994767513,58994767519,6,1701,1271
58997171666,58997171669,3,2175,940
58999029170,58999029170,0,3454,4442
59001081770,59001081775,5,1583,1261
59001322989,59001322994,5,1676,1188
59003273444,59003273447,3,2029,1352
59003785737,59003785741,4,2618,1650
59004661819,59004661824,5,1920,1315
59005822173,59005822179,6,1501,1615
59009211762,59009211766,4,1718,1108
59009802539,59009802543,4,1889,1257
59019131290,59019131294,4,1872,1260
59020881479,59020881482,3,1744,1131
59021697004,59021697004,0,1939,2202
59022517109,59022517111,2,1619,970
59024125610,59024125611,1,2036,1445
59025396126,59025396131,5,1892,1075
59026064773,59026064778,5,2726,1114
59027438281,59027438283,2,2009,1679
59035037877,59035037882,5,3144,1426
59037374722,59037374727,5,1958,1264
59037610535,59037610536,1,2021,2818
59038191905,59038191912,7,2229,1329
59040034766,59040034767,1,1680,1359
59057764085,59057764090,5,1689,846
59061862724,59061862727,3,2479,1740
59065142190,59065142196,6,2583,1771
59066451826,59066451822,-4,703,2072
59074999364,59074999368,4,1989,1067
59075267297,59075267277,-20,1192,403
59077036871,59077036869,-2,1218,1644
59086299859,59086299863,4,1798,1202
59086801615,59086801618,3,1864,1177
59089167266,59089167270,4,2411,1136
59093505941,59093505945,4,1918,1168
59096229664,59096229669,5,31622,39724
59096414522,59096414524,2,1881,1673
59096624854,59096624861,7,16202,6895
59100892802,59100892807,5,2570,1545
59101854463,59101854470,7,1590,1399
59102113126,59102113129,3,2269,1420
59102438054,59102438059,5,2017,1695
59104667179,59104667184,5,1504,1043
59106028165,59106028169,4,2650,1386
59107201645,59107201651,6,3033,1477
59115950254,59115950261,7,1709,1446
59118567129,59118567150,21,2359,1648
59129469916,59129469911,-5,992,2981
59129518305,59129518310,5,1912,1005
59130394405,59130394410,5,1636,1227
59137439872,59137439875,3,2110,1655
59139575244,59139575249,5,2689,1228
59140654749,59140654753,4,1802,1391
59141088241,59141088246,5,1749,1157
59142187521,59142187523,2,1876,1497
59155653097,59155653099,2,1647,1211
59155685777,59155685774,-3,1353,1648
59156498945,59156498951,6,2616,1322
59157822030,59157822030,0,1981,2253
59158067901,59158067903,2,2492,1798
59158827852,59158827858,6,2608,1343
59161060242,59161060246,4,2327,1327
59163868018,59163868019,1,1848,1550
59163946850,59163946855,5,1634,983
59165350166,59165350171,5,2411,1234
59175093418,59175093422,4,2550,1446
59176362060,59176362066,6,4011,1344
59178489522,59178489527,5,1182,1183
59179155945,59179155950,5,1872,887
59182393476,59182393479,3,2710,1462
59182608765,59182608770,5,2933,1876
59182809882,59182809887,5,1639,1396
59183465114,59183465117,3,1448,891
59183890655,59183890662,7,694,620
59191641234,59191641249,15,416,1741
59196598175,59196598179,4,2780,1295
59205451286,59205451291,5,1204,1089
59206158510,59206158510,0,1000,2164
59209903910,59209903908,-2,1140,1541
59209932752,59209932754,2,2017,2222
59210673491,59210673493,2,1610,1316
59210986947,59210986950,3,1914,1736
59211934882,59211934885,3,1455,1039
59214335109,59214335115,6,3129,1574
59214397675,59214397679,4,2396,1631
59217325322,59217325326,4,2159,1546
59219393453,59219393455,2,1926,1277
59219657153,59219657140,-13,621,452
59224658489,59224658493,4,29928,52052
59224739890,59224739894,4,1425,1005
59226204557,59226204563,6,1952,938
59230546106,59230546091,-15,1597,1171
59230788314,59230788318,4,2137,1235
59232179366,59232179370,4,1642,1392
59232939506,59232939502,-4,1796,5243
59233135904,59233135898,-6,1269,817
59234203446,59234203451,5,1669,948
59234717633,59234717634,1,1201,1634
59235587081,59235587085,4,2094,1331
59237221321,59237221323,2,1359,1140
59239112705,59239112710,5,2861,1647
59244621305,59244621311,6,1479,1139
59245435633,59245435654,21,1312,682
59246496992,59246496998,6,2353,1162
59247460395,59247460381,-14,870,243
59251187970,59251187974,4,1316,753
59251978408,59251978413,5,2301,1366
59252502807,59252502810,3,1862,1170
59252616750,59252616754,4,2493,1509
59253928018,59253928023,5,2147,1133
59254990595,59254990599,4,1708,1417
59255843691,59255843702,11,684,293
59258141298,59258141302,4,1484,1140
59259362966,59259362988,22,672,1261
59264786358,59264786362,4,1769,1417
59265269823,59265269826,3,2152,1401
59266673241,59266673242,1,1527,1484
59267960937,59267960941,4,1865,1641
59274027315,59274027319,4,1018,758
59274703090,59274703093,3,1755,1032
59278074833,59278074838,5,1747,1371
59278386733,59278386740,7,1725,888
59279556230,59279556236,6,2317,1261
59279588107,59279588087,-20,2028,1166
59280576604,59280576608,4,1784,1245
59281289030,59281289037,7,6904,2748
59281457449,59281457451,2,2232,1670
59282523942,59282523947,5,2030,1604
59284070527,59284070533,6,3542,873
59284512229,59284512234,5,1277,1086
59285097225,59285097205,-20,1246,1020
59285392353,59285392358,5,2389,1474
59293319763,59293319762,-1,907,1040
59294522667,59294522671,4,1590,961
59296017178,59296017182,4,2225,864
59298602553,59298602558,5,1725,1714
59306392651,59306392655,4,1539,1356
59308882957,59308882962,5,2249,1716
59312235781,59312235786,5,2789,1634
59312637489,59312637468,-21,1539,1141
59313949277,59313949282,5,3006,1017
59316617285,59316617290,5,1602,1329
59317587554,59317587558,4,2773,1414
59317822789,59317822793,4,2389,1603
59320420234,59320420237,3,2241,1798
59321504971,59321504976,5,2707,844
59322834026,59322834030,4,1410,1069
59323667624,59323667647,23,573,311
59324015659,59324015666,7,1965,1162
59324818068,59324818071,3,1354,1239
59325669487,59325669490,3,1376,1158
59329639490,59329639494,4,1922,1859
59335803168,59335803170,2,1718,1283
59339093360,59339093364,4,1798,1536
59342166510,59342166510,0,1463,1832
59344431350,59344431354,4,1951,1272
59344981238,59344981238,0,1169,862
59345945671,59345945678,7,1664,1444
59346962072,59346962054,-18,1782,848
59347412798,59347412801,3,1851,1135
59347781661,59347781663,2,711,915
59353132271,59353132275,4,1974,1571
59355895291,59355895297,6,2798,1282
59358932314,59358932317,3,1402,1276
59361653569,59361653575,6,7018,2791
59364634399,59364634403,4,1654,1013
59371532922,59371532928,6,1543,1113
59371940734,59371940737,3,1102,1139
59374240994,59374241000,6,1372,810
59382692623,59382692627,4,1553,1195
59388347656,59388347640,-16,1542,1179
59391546350,59391546353,3,1782,1485
59394700547,59394700551,4,1464,1070
59397145647,59397145652,5,2092,1259
59397461560,59397461564,4,2417,1558
59398758683,59398758687,4,1558,1212
59401922260,59401922264,4,1666,1647
59404642447,59404642451,4,911,737
59408001424,59408001427,3,2132,990
59409732058,59409732062,4,1790,1185
59410677731,59410677734,3,1837,1425
59411267626,59411267632,6,3297,1577
59412182261,59412182266,5,2097,1763
59412978673,59412978679,6,2705,1327
59413521786,59413521790,4,2393,1380
59415698193,59415698198,5,1456,1119
59415912350,59415912353,3,2191,1418
59423199648,59423199649,1,1354,1113
59424007210,59424007213,3,2049,1502
59425304515,59425304520,5,5395,2745
59425886438,59425886442,4,2207,1934
59429021010,59429021015,5,1838,1189
59429651151,59429651134,-17,2261,1194
59431976977,59431976981,4,1906,1130
59433566798,59433566801,3,1755,1986
59433882733,59433882713,-20,2043,1025
59434910277,59434910282,5,1503,733
59436491032,59436491038,6,1295,1262
59440210994,59440210999,5,2194,1483
59441487082,59441487086,4,1919,1280
59441760520,59441760523,3,2016,1626
59442589298,59442589301,3,1637,1350
59442748895,59442748878,-17,1958,1465
59445030033,59445030037,4,2520,1470
59447525133,59447525138,5,1809,1582
59447629021,59447629029,8,1162,1661
59452834918,59452834923,5,1129,1001
59454238671,59454238677,6,1573,1038
59458736266,59458736271,5,1556,875
59461213046,59461213049,3,1439,1387
59464049994,59464049999,5,1419,936
59468195277,59468195279,2,1394,1487
59471450370,59471450375,5,2846,743
59474054373,59474054375,2,1942,1577
59474196879,59474196881,2,2188,1770
59474607814,59474607819,5,2565,1232
59476681594,59476681601,7,11762,28210
59478369899,59478369902,3,2309,1583
59478771906,59478771903,-3,1156,2377
59482593501,59482593507,6,1455,1337
59484661985,59484661989,4,1710,1629
59489973014,59489973020,6,1586,994
59495183105,59495183108,3,2502,1413
59495662685,59495662692,7,17272,18103
59497527391,59497527394,3,3702,2473
59504201378,59504201383,5,1683,1772
59504493565,59504493570,5,2235,1518
59507859833,59507859835,2,1396,1602
59511711342,59511711347,5,1793,1470
59511842801,59511842802,1,3348,4293
59513965884,59513965887,3,2302,1600
59515912258,59515912262,4,1639,1080
59516676053,59516676047,-6,2606,7433
59519863245,59519863238,-7,1872,5817
59520061225,59520061230,5,2508,1261
59520532382,59520532385,3,2204,1247
59521657866,59521657870,4,2067,1578
59522421543,59522421546,3,1705,1392
59522606864,59522606845,-19,1467,1104
59522980767,59522980770,3,1346,1259
59523995078,59523995082,4,1375,1392
59524436453,59524436456,3,2840,1329
59527207552,59527207555,3,1263,1558
59527699223,59527699229,6,2594,1629
59532983087,59532983093,6,2942,2113
59534262185,59534262186,1,7355,7725
59536480209,59536480209,0,1457,1137
59541139283,59541139282,-1,865,1302
59544378414,59544378421,7,1438,1230
59547849360,59547849366,6,1614,1220
59550074693,59550074698,5,1588,907
59554322344,59554322350,6,2727,1138
59557698117,59557698118,1,1591,1206
59559331233,59559331237,4,1264,934
59561832974,59561832983,9,13796,23699
59563118150,59563118154,4,2052,1134
59566569087,59566569089,2,2428,1476
59567001762,59567001766,4,2036,1280
59568368162,59568368167,5,2419,1277
59569267782,59569267786,4,1791,667
59572668791,59572668795,4,1634,1363
59575840023,59575840029,6,2791,1408
59576795878,59576795884,6,1605,1609
59581252718,59581252721,3,1833,1166
59581591218,59581591223,5,1252,952
59584094240,59584094243,3,1214,1501
59586748361,59586748366,5,1518,1133
59594007326,59594007329,3,2502,1574
59594681997,59594682002,5,1567,1013
59595592186,59595592196,10,2676,1296
59600039036,59600039041,5,2879,1561
59605104268,59605104273,5,2696,1752
59607222975,59607222980,5,2029,2201
59608120301,59608120304,3,2599,1712
59609197216,59609197222,6,2076,1098
59609278166,59609278175,9,2257,1110
59609880075,59609880081,6,1744,1225
59613208893,59613208896,3,2647,1430
59613371057,59613371062,5,1731,599
59613464225,59613464229,4,1264,1601
59613556230,59613556235,5,2856,1282
59617711985,59617711987,2,1762,1351
59621111752,59621111756,4,1136,1028
59625004319,59625004299,-20,1240,1225
59625805022,59625805028,6,2377,1587
59626492678,59626492683,5,1639,1277
59627825061,59627825065,4,2150,1507
59628578303,59628578306,3,2246,1475
59630337308,59630337311,3,1415,896
59631253110,59631253114,4,1758,1078
59632352809,59632352814,5,1179,1094
59639582142,59639582124,-18,1932,970
59640501723,59640501717,-6,1339,4972
59643427305,59643427307,2,2036,999
59643521876,59643521881,5,1906,1509
59643622894,59643622894,0,1605,2225
59645378467,59645378467,0,1272,1911
59647918050,59647918055,5,2555,1399
59660029309,59660029313,4,1570,1238
59660173552,59660173557,5,1772,868
59665749099,59665749103,4,1567,735
59665841678,59665841682,4,1736,1707
59666367985,59666367991,6,1305,738
59666946595,59666946599,4,1533,631
59670265598,59670265602,4,1676,1571
59670804840,59670804846,6,2579,1068
59676390898,59676390902,4,1524,1217
59676673874,59676673879,5,1526,1313
59680397389,59680397392,3,4675,18155
59680796845,59680796849,4,1887,1412
59683679691,59683679695,4,2035,1414
59686050138,59686050144,6,2186,1230
59691054280,59691054285,5,2324,1366
59692312976,59692312981,5,1747,1592
59695709747,59695709750,3,1830,955
59697611202,59697611206,4,1670,1392
59697657473,59697657453,-20,1887,1096
59700322322,59700322326,4,1769,1231
59700894888,59700894892,4,1147,356
59710500528,59710500532,4,2306,1182
59711851898,59711851904,6,4453,1939
59712159214,59712159218,4,2701,1890
59712435045,59712435051,6,1543,926
59713155026,59713155030,4,1735,895
59718632842,59718632846,4,1758,1622
59721278867,59721278870,3,1493,1097
59722833648,59722833650,2,1577,1454
59726148323,59726148341,18,743,179
59727409697,59727409698,1,1094,969
59731189766,59731189752,-14,1141,300
59734487152,59734487155,3,1849,1100
59734859467,59734859473,6,2011,1107
59739238771,59739238768,-3,1893,3573
59743457527,59743457530,3,1285,1031
59744153442,59744153445,3,2103,789
59745049042,59745049045,3,2336,1313
59745565604,59745565610,6,1862,1329
59747337639,59747337644,5,1403,1199
59748412694,59748412698,4,1440,1007
59753238648,59753238653,5,2155,1458
59755157476,59755157481,5,1381,1321
59755511753,59755511758,5,1747,1228
59760107346,59760107350,4,2346,1486
59763787659,59763787662,3,1862,1166
59768883197,59768883203,6,2970,994
59769946726,59769946733,7,2464,1538
59770383933,59770383937,4,1313,1101
59770512232,59770512238,6,53236,27104
59771222506,59771222510,4,1529,1186
59771817877,59771817883,6,1701,810
59773845826,59773845829,3,2481,1791
59781170353,59781170355,2,2093,1321
59785650011,59785650010,-1,1553,2456
59785921475,59785921494,19,2070,1086
59787063174,59787063178,4,2032,1631
59791042342,59791042348,6,1981,1605
59792276517,59792276520,3,1570,1334
59794066835,59794066839,4,927,883
59798078927,59798078933,6,1311,1299
59798883881,59798883883,2,1342,1526
59805122401,59805122406,5,2874,1551
59805950410,59805950417,7,3899,1715
59806595849,59806595851,2,1816,1748
59806675834,59806675837,3,2166,1117
59806838671,59806838676,5,2347,1602
59807206674,59807206677,3,1755,1437
59807412398,59807412400,2,1952,1575
59809301775,59809301780,5,1772,1402
59812733756,59812733753,-3,1691,2338
59813080221,59813080226,5,872,942
59814149121,59814149101,-20,1298,805
59816316235,59816316238,3,3245,3100
59816700321,59816700327,6,2526,1659
59818890435,59818890435,0,1423,994
59820532128,59820532131,3,1548,1246
59823029677,59823029680,3,2076,1650
59824912336,59824912339,3,1859,1318
59827406798,59827406801,3,1228,1556
59833996962,59833996956,-6,608,6075
59836577421,59836577423,2,1338,811
59860885761,59860885764,3,1762,1159
59862750623,59862750627,4,1711,1312
59862892254,59862892258,4,1785,1184
59863231874,59863231878,4,1377,861
59863558035,59863558013,-22,1799,1657
59864338210,59864338214,4,1381,1592
59866192399,59866192404,5,2033,1522
59868654341,59868654345,4,1977,1443
59869727102,59869727098,-4,786,2747
59870721259,59870721262,3,2533,776
59872259296,59872259301,5,1660,934
59879378025,59879378042,17,16290,19820
59880914542,59880914542,0,1169,1450
59881432953,59881432958,5,2590,1340
59882798800,59882798804,4,2037,1160
59886542818,59886542821,3,1750,1073
59887208796,59887208802,6,2618,1126
59889263324,59889263329,5,1656,1083
59890440032,59890440037,5,2333,1016
59897435952,59897435958,6,1853,1202
59897646241,59897646224,-17,1801,1592
59900187796,59900187802,6,5657,2446
59900960390,59900960391,1,1589,1559
59901197433,59901197434,1,972,840
59901593641,59901593644,3,1365,1279
59904926351,59904926354,3,1217,1697
59906598774,59906598777,3,1655,1287
59911636657,59911636659,2,2358,1236
59911770050,59911770054,4,2413,1387
59915242151,59915242129,-22,662,456
59922548157,59922548162,5,1518,1702
59924481247,59924481251,4,2275,1430
59926767478,59926767483,5,1672,1104
59930356158,59930356159,1,1348,2179
59930598570,59930598574,4,2465,1189
59936018971,59936018976,5,2139,1342
59938890796,59938890802,6,2665,1090
59943648815,59943648819,4,756,970
59952192985,59952192989,4,1566,1821
59952747387,59952747390,3,1809,1268
59954364779,59954364781,2,1788,1378
59954579700,59954579704,4,1677,1871
59956331417,59956331420,3,1179,783
59957218245,59957218249,4,2397,1369
59966378735,59966378741,6,1971,1388
59967260195,59967260198,3,2505,1519
59967541390,59967541396,6,1665,1084
59974487906,59974487909,3,1750,1284
59974857525,59974857529,4,1931,1233
59976449090,59976449094,4,2392,967
59980396119,59980396125,6,1987,2260
59983745429,59983745433,4,2378,1462
59985367054,59985367056,2,1616,1498
59987111479,59987111479,0,1522,3361
59993861910,59993861915,5,1724,830
59999661376,59999661382,6,3196,1831
60003498170,60003498175,5,2345,1314
60005333831,60005333826,-5,635,2263
60005463136,60005463139,3,1889,964
60006033215,60006033218,3,1310,1223
60007620624,60007620626,2,1827,1526
60008105299,60008105303,4,1438,905
60008835471,60008835475,4,1372,1474
60012524358,60012524362,4,5140,2330
60012744149,60012744153,4,1369,735
60018804030,60018804037,7,2862,1575
60019393642,60019393646,4,1721,1333
60023715467,60023715471,4,1777,1363
60023926761,60023926761,0,1812,1897
60036585166,60036585170,4,1683,878
60038469610,60038469615,5,2346,1352
60044297413,60044297415,2,1430,941
60045261078,60045261082,4,1890,1768
60048853437,60048853442,5,2350,1238
60049377383,60049377388,5,2103,1301
60053979502,60053979504,2,1879,1360
60056030839,60056030846,7,2848,1256
60056749409,60056749413,4,2216,1374
60057156942,60057156958,16,2297,1420
60058286534,60058286538,4,1984,1124
60060014990,60060014994,4,2252,1578
60062601915,60062601913,-2,2768,3929
60066972323,60066972325,2,1555,1106
60071826949,60071826953,4,1404,1201
60073607250,60073607254,4,2304,989
60074142622,60074142626,4,1843,1340
60078637493,60078637496,3,2972,1839
60082306702,60082306703,1,1520,1687
60084519851,60084519855,4,1547,1224
60088460305,60088460309,4,2041,1665
60094765330,60094765325,-5,813,2025
60097316761,60097316765,4,1668,1312
60097400897,60097400902,5,1807,1307
60101142266,60101142270,4,2416,1214
60101199808,60101199813,5,2382,1581
60111723190,60111723192,2,1571,1500
60118727202,60118727202,0,1113,1426
60124626497,60124626502,5,998,873
60127113857,60127113860,3,2413,1500
60127316654,60127316640,-14,1895,1409
60129159602,60129159606,4,2759,1197
60130045650,60130045654,4,2082,1406
60133829370,60133829377,7,3227,1647
60136663339,60136663346,7,2084,1111
60137783006,60137783010,4,1764,1370
60138719466,60138719465,-1,874,2323
60138926953,60138926957,4,1599,1404
60143924602,60143924606,4,1755,1437
60151238181,60151238164,-17,1512,1079
60153385770,60153385774,4,1896,1074
60156285196,60156285200,4,2031,1245
60158317693,60158317696,3,1636,1163
60160055193,60160055198,5,1508,1106
60163332863,60163332867,4,1924,1119
60164333883,60164333887,4,1929,1317
60166612950,60166612953,3,1390,921
60166866166,60166866150,-16,1185,839
60170511045,60170511050,5,3380,1767
60173234855,60173234854,-1,806,1906
60178421640,60178421643,3,1576,1370
60179768748,60179768753,5,2303,1018
60182603288,60182603292,4,1944,1091
60185088674,60185088678,4,1945,1078
60185584505,60185584509,4,5383,1153
60186832519,60186832524,5,1613,1417
60191547878,60191547883,5,2737,2483
60193630786,60193630789,3,1473,1053
60196269909,60196269914,5,2738,1426
60197109712,60197109715,3,2240,1309
60199909214,60199909217,3,3389,2170
60200388449,60200388452,3,2159,1625
60203546856,60203546859,3,1525,865
60207221749,60207221755,6,1464,1006
60209247097,60209247102,5,1939,1108
60214765440,60214765446,6,2588,1618
60214835306,60214835311,5,1989,1086
60215232258,60215232262,4,1967,1551
60219052914,60219052917,3,2212,1677
60219863357,60219863361,4,2310,1585
60229920077,60229920082,5,1951,966
60230390543,60230390548,5,2178,1277
60233374481,60233374484,3,1726,1696
60234641397,60234641402,5,1798,1417
60237582057,60237582061,4,2610,1253
60238342322,60238342325,3,1438,1050
60243379572,60243379574,2,1350,1526
60244567064,60244567068,4,2050,1190
60245345906,60245345884,-22,1633,2766
60249258333,60249258337,4,1832,1379
60253718154,60253718158,4,2151,877
60261972309,60261972311,2,1492,1029
60262489738,60262489732,-6,1064,3450
60267121005,60267121007,2,1031,1044
60267348606,60267348612,6,3052,1419
60269210988,60269210993,5,1566,1407
60270780001,60270779997,-4,1302,1792
60271359678,60271359682,4,2387,1449
60273162133,60273162138,5,2803,1636
60273206016,60273206021,5,2095,1310
60274872301,60274872306,5,1741,1009
60276972614,60276972618,4,1532,1526
60277810902,60277810911,9,1588,1391
60278305610,60278305614,4,2267,1406
60278363034,60278363038,4,2066,1117
60280364930,60280364929,-1,876,1485
60280988645,60280988646,1,1278,1357
60285269438,60285269431,-7,4513,27177
60286579335,60286579330,-5,815,2253
60288503490,60288503495,5,1691,1354
60289002114,60289002119,5,1473,1019
60294477529,60294477532,3,2096,1426
60295440022,60295440027,5,2580,1491
60295724983,60295724988,5,1208,1211
60303487418,60303487421,3,1999,1715
60303553011,60303553014,3,12001,8864
60304312473,60304312478,5,2346,1613
60305981242,60305981246,4,2908,1733
60307554681,60307554687,6,1594,1118
60308476686,60308476691,5,1920,1318
60312828693,60312828695,2,1804,1550
60316390861,60316390865,4,1235,839
60316512762,60316512766,4,2097,1532
60318753218,60318753224,6,2390,1361
60322075282,60322075286,4,1014,1114
60322903830,60322903837,7,1804,1188
60323922724,60323922726,2,1633,1392
60332217522,60332217527,5,2377,1288
60338014255,60338014258,3,1613,1180
60340199958,60340199962,4,1441,1246
60340441863,60340441865,2,987,1366
60340900559,60340900554,-5,1500,1624
60341228572,60341228575,3,2156,1241
60341655027,60341655031,4,973,1325
60343522562,60343522565,3,1917,1355
60344191373,60344191376,3,1472,1071
60347009746,60347009748,2,967,914
60348826312,60348826315,3,1999,1012
60349827103,60349827087,-16,1010,640
60355961273,60355961277,4,2045,1438
60357318365,60357318369,4,1688,1038
60361229778,60361229782,4,2754,1603
60366102944,60366102950,6,2013,1219
60366332742,60366332747,5,2348,1167
60367962898,60367962906,8,7488,28034
60369200981,60369200987,6,2541,1301
60369579853,60369579858,5,1737,1074
60374439710,60374439717,7,1972,1614
60377491346,60377491351,5,1977,960
60379395194,60379395199,5,2808,1587
60379591387,60379591391,4,1434,872
60388797686,60388797690,4,1892,1210
60391127625,60391127631,6,1149,1422
60392441921,60392441926,5,1760,1494
60392834374,60392834379,5,1970,1404
60394757062,60394757068,6,2225,1044
60400902717,60400902719,2,1736,1431
60402220227,60402220226,-1,1078,1620
60404101446,60404101449,3,2225,1662
60410229673,60410229677,4,1755,1018
60414631829,60414631833,4,2478,2029
60415343173,60415343178,5,2376,1262
60415459550,60415459555,5,1765,1016
60416149073,60416149094,21,1574,1628
60418701243,60418701247,4,1620,1376
60419063628,60419063630,2,1620,1104
60420414260,60420414263,3,1230,816
60422593938,60422593942,4,1690,1553
60423491938,60423491942,4,1785,1612
60429509494,60429509499,5,2300,1645
60430167294,60430167298,4,2117,1433
60430358315,60430358318,3,1958,1449
60432274093,60432274101,8,1534,964
60432841362,60432841368,6,1326,1072
60434015085,60434015088,3,2542,1799
60437041162,60437041166,4,1342,773
60441165149,60441165145,-4,513,1355
60453448234,60453448238,4,1611,1115
60456497316,60456497319,3,1506,1105
60461059577,60461059583,6,1499,1152
60462773533,60462773539,6,1961,884
60464634666,60464634671,5,3315,1537
60464809212,60464809219,7,2365,934
60467131564,60467131568,4,2244,1760
60469160113,60469160117,4,2249,1752
60469336906,60469336905,-1,1843,1411
60473250363,60473250367,4,1987,1267
60475122470,60475122474,4,2207,1243
60476097882,60476097880,-2,1129,1871
60476962685,60476962690,5,5209,1892
60479991349,60479991349,0,1411,2018
60480249150,60480249156,6,1277,1114
60481035986,60481035991,5,1905,1453
60484245969,60484245973,4,1744,973
60488834871,60488834876,5,1111,1213
60492393582,60492393587,5,1612,1310
60493225505,60493225507,2,1720,1045
60493742886,60493742869,-17,659,669
60495255269,60495255273,4,2742,1400
60496038778,60496038783,5,2156,1066
60496452155,60496452136,-19,893,415
60497731774,60497731783,9,2532,1074
60499745850,60499745856,6,2434,1379
60501435813,60501435817,4,2416,1741
60502359407,60502359412,5,2549,1173
60503055034,60503055038,4,1848,1166
60503802385,60503802388,3,2139,1295
60503987007,60503987013,6,2711,1167
60505585902,60505585906,4,850,778
60506871414,60506871419,5,2144,1421
60508046156,60508046162,6,1421,1306
60508872351,60508872358,7,1141,1113
60509899811,60509899814,3,1712,1096
60511175403,60511175406,3,1529,992
60513119500,60513119505,5,2311,1293
60513825592,60513825604,12,1908,1399
60514328930,60514328909,-21,826,654
60514934362,60514934365,3,1401,1565
60516521662,60516521667,5,1922,1379
60522204037,60522204041,4,2550,1277
60526720987,60526720990,3,1984,2030
60527125485,60527125487,2,1900,1161
60527889322,60527889326,4,2839,1451
60530753198,60530753203,5,1676,1199
60533244323,60533244329,6,1411,899
60534200388,60534200392,4,1822,1258
60537631185,60537631190,5,1655,1375
60539148529,60539148522,-7,1015,4910
60543558502,60543558506,4,2054,1661
60545084766,60545084769,3,1669,1062
60545490774,60545490778,4,1905,1179
60546571087,60546571091,4,2168,1380
60547740408,60547740410,2,2302,1021
60549073623,60549073626,3,1826,1310
60552605901,60552605908,7,2096,1109
60554106962,60554106966,4,1159,607
60555008446,60555008450,4,2282,1421
60558193683,60558193687,4,2118,1103
60559884051,60559884054,3,1609,898
60561073066,60561073070,4,1951,1208
60561902351,60561902350,-1,1271,1850
60561929851,60561929855,4,1616,999
60566692890,60566692894,4,1769,1558
60569532250,60569532255,5,1953,1068
60570784812,60570784815,3,2056,1318
60576843331,60576843336,5,1651,993
60577877649,60577877655,6,1938,1277
60578554497,60578554501,4,2239,1505
60583000741,60583000746,5,1365,927
60589997249,60589997254,5,2038,1531
60590895419,60590895423,4,1764,1126
60592398439,60592398444,5,2625,1372
60593001557,60593001562,5,1621,1132
60593522138,60593522141,3,1917,1882
60594693993,60594693996,3,1675,1048
60597372426,60597372424,-2,1086,2794
60598994062,60598994066,4,1839,1347
60599833529,60599833533,4,2161,1498
60600453545,60600453541,-4,1995,3211
60600847854,60600847859,5,1570,1396
60601630199,60601630204,5,720,845
60602654126,60602654131,5,2189,1376
60605015302,60605015306,4,1408,1054
60606084069,60606084073,4,2815,1419
60607112625,60607112629,4,1471,977
60608698588,60608698593,5,2467,2039
60612035637,60612035639,2,2199,1384
60616951003,60616951009,6,3332,1392
60621924895,60621924899,4,1654,1622
60624944473,60624944478,5,1499,1231
60625119147,60625119153,6,2655,1353
60625789549,60625789554,5,1691,1112
60628699699,60628699693,-6,1554,6167
60630842502,60630842509,7,2353,1630
60632043636,60632043637,1,1510,1170
60632231597,60632231602,5,1049,678
60633941869,60633941873,4,1685,1788
60635679909,60635679910,1,2488,2316
60635770317,60635770322,5,2277,1408
60636139094,60636139077,-17,2037,989
60636763086,60636763090,4,1830,764
60636831029,60636831032,3,2319,1721
60638555289,60638555294,5,2025,1063
60641612382,60641612387,5,1641,1291
60642424248,60642424229,-19,1622,1436
60642614617,60642614620,3,1259,1698
60644898648,60644898653,5,2628,1462
60646652553,60646652555,2,1640,1082
60647835990,60647835997,7,2466,1577
60650666100,60650666103,3,1828,1073
60650955045,60650955050,5,1886,1158
60652663857,60652663860,3,1726,1609
60653296233,60653296236,3,1741,1633
60654416762,60654416766,4,1919,1217
60657003317,60657003322,5,2501,898
60661344643,60661344651,8,2226,1030
60662909863,60662909866,3,1883,1285
60663935004,60663935010,6,2173,1453
60667319646,60667319649,3,2062,1127
60668342031,60668342037,6,2369,1412
60670606901,60670606906,5,1195,821
60670843894,60670843898,4,2259,851
60672454713,60672454718,5,1910,1085
60673528024,60673528030,6,2713,1827
60675097056,60675097061,5,2110,1129
60679455571,60679455575,4,1878,1140
60680881541,60680881547,6,1757,1400
60683056697,60683056701,4,3208,2098
60683301735,60683301739,4,1630,1178
60684336094,60684336099,5,2934,1107
60686143949,60686143953,4,2291,1378
60686465709,60686465713,4,1151,842
60691654616,60691654621,5,2212,1480
60693204734,60693204739,5,1799,1423
60697626257,60697626259,2,1253,1596
60697909709,60697909712,3,2647,2325
60699840618,60699840622,4,2366,1546
60706031279,60706031282,3,1495,1457
60706194925,60706194935,10,428,343
60707417377,60707417378,1,12232,10919
60708006260,60708006264,4,1717,1306
60708796717,60708796711,-6,1903,5474
60710726914,60710726919,5,1886,1137
60711327222,60711327226,4,1989,1381
60711820230,60711820234,4,2382,1748
60713929295,60713929302,7,1826,955
60714696634,60714696637,3,2157,882
60716573862,60716573867,5,2157,1392
60718526931,60718526936,5,2498,1430
60721491885,60721491891,6,1454,1147
60730131742,60730131745,3,1641,1732
60731292624,60731292631,7,2215,989
60733792441,60733792446,5,1469,1216
60738261601,60738261602,1,1737,960
60742087169,60742087171,2,1809,1024
60742225079,60742225083,4,2194,1673
60745000586,60745000589,3,1994,1161
60750285604,60750285609,5,1339,974
60755486258,60755486253,-5,1320,4863
60765669185,60765669190,5,1877,1362
60768495275,60768495278,3,1869,1307
60769418382,60769418386,4,2149,2209
60769614993,60769614997,4,3214,1892
60769909639,60769909644,5,1129,1111
60771378987,60771378990,3,1241,879
60774209021,60774209026,5,1737,1008
60776268206,60776268211,5,1762,1206
60780316670,60780316674,4,2054,1448
60781128474,60781128477,3,1985,1714
60781985253,60781985258,5,1544,958
60785149987,60785149990,3,1899,1185
60786729526,60786729533,7,1908,835
60787100921,60787100935,14,788,408
60789934350,60789934350,0,2728,3402
60794449606,60794449609,3,2330,1295
60795242921,60795242925,4,2201,1640
60798682398,60798682403,5,2015,1091
60798759424,60798759420,-4,2926,6757
60799144889,60799144894,5,1259,908
60801259792,60801259798,6,2080,1625
60801297299,60801297300,1,920,997
60804263258,60804263261,3,2058,1449
60807342789,60807342793,4,2076,1134
60809018914,60809018920,6,3340,1823
60813868489,60813868494,5,1168,930
60817765152,60817765157,5,1870,639
60821637853,60821637855,2,1361,1509
60822321383,60822321386,3,2107,1307
60830799078,60830799076,-2,879,1383
60832280972,60832280973,1,1487,1507
60832988988,60832988986,-2,1278,1296
60833871983,60833871984,1,2116,1830
60841098453,60841098457,4,2118,981
60842148998,60842149003,5,2480,1462
60843828049,60843828056,7,2988,1309
60848195201,60848195206,5,2304,1406
60853896458,60853896462,4,1618,1062
60854875305,60854875309,4,4481,3189
60856031886,60856031891,5,1992,1414
60856342236,60856342237,1,32255,23555
60858126659,60858126657,-2,1095,2033
60861071298,60861071279,-19,2603,1007
60862389718,60862389718,0,1681,2596
60863136906,60863136911,5,1731,1508
60864331866,60864331873,7,1671,1025
60866034621,60866034623,2,3235,1744
60870320902,60870320906,4,1698,1433
60872397235,60872397242,7,3128,1627
60872834891,60872834893,2,1806,1755
60876655229,60876655233,4,2815,1691
60879846346,60879846344,-2,1240,2932
60880800254,60880800258,4,2451,1486
60882389137,60882389141,4,2080,1326
60888871928,60888871932,4,2337,1724
60889057578,60889057574,-4,793,1291
60890282201,60890282208,7,4271,1322
60890968113,60890968115,2,1261,1378
60892146610,60892146615,5,1807,931
60893656291,60893656295,4,1737,1571
60895172112,60895172117,5,1419,1137
60897155657,60897155659,2,1343,1585
60899363942,60899363947,5,2177,1368
60900359962,60900359966,4,2675,1587
60906422420,60906422424,4,1911,1410
60911292339,60911292343,4,2424,1208
60915458379,60915458383,4,1040,858
60916065781,60916065774,-7,798,2469
60919064562,60919064567,5,2197,991
60919897558,60919897563,5,1726,1147
60920292457,60920292462,5,2183,1696
60922638801,60922638806,5,1531,1416
60924891445,60924891450,5,2208,1364
60929839027,60929839031,4,1341,858
60931939074,60931939077,3,1613,842
60934132303,60934132310,7,2053,1198
60936484503,60936484508,5,1549,1145
60938066531,60938066528,-3,3202,6211
60938220219,60938220222,3,2122,1503
60943709167,60943709171,4,3249,1445
60946701046,60946701050,4,2518,1219
60947843528,60947843531,3,1903,1150
60956678034,60956678038,4,1439,974
60958276259,60958276263,4,1720,909
60960693671,60960693665,-6,1657,6753
60961331762,60961331766,4,1696,1060
60962352790,60962352792,2,1921,1568
60964244858,60964244860,2,2210,1145
60968806185,60968806187,2,1491,1410
60970479293,60970479294,1,1369,701
60971001145,60971001125,-20,1353,775
60975053317,60975053320,3,1864,1011
60976907672,60976907674,2,1045,183
60978252908,60978252912,4,2533,1883
60982640679,60982640682,3,1545,945
60987282282,60987282286,4,2012,1465
60989531950,60989531951,1,1208,1347
60990640734,60990640740,6,2001,1347
60994561606,60994561612,6,2137,1353
60996609086,60996609092,6,2159,1479
60998215899,60998215903,4,2544,1852
61000319778,61000319773,-5,1898,2676
61000506006,61000506010,4,2533,1593
61002747726,61002747731,5,2438,1830
61004735010,61004735015,5,1689,1212
61005891131,61005891135,4,1634,1787
61006811048,61006811051,3,2027,1606
61009122493,61009122499,6,1681,1237
61011323802,61011323807,5,2391,1318
61012219271,61012219275,4,595,991
61013499398,61013499405,7,1287,672
61014674001,61014674007,6,1617,1198
61016855842,61016855849,7,5469,2776
61021401610,61021401606,-4,1107,2270
61022685189,61022685193,4,1142,1339
61023303294,61023303298,4,1946,1297
61026084078,61026084085,7,2060,849
61027143756,61027143758,2,1506,1618
61029641480,61029641485,5,2080,1127
61033201147,61033201150,3,1824,1365
61034550829,61034550830,1,1846,1620
61037274487,61037274491,4,1725,1232
61040775498,61040775503,5,2234,1435
61041335662,61041335669,7,2724,1154
61042767578,61042767573,-5,590,3886
61044132281,61044132283,2,1636,663
61046357984,61046357988,4,2636,1516
61047316118,61047316131,13,17225,28043
61048811578,61048811582,4,1851,1205
61049148533,61049148520,-13,1683,1147
61050424377,61050424382,5,3522,2645
61051732959,61051732964,5,1087,1498
61052595370,61052595372,2,2277,1568
61054542686,61054542693,7,1691,1432
61055148513,61055148518,5,2135,1142
61057819294,61057819299,5,2664,1478
61058235270,61058235274,4,1965,1388
61059045049,61059045053,4,2444,1416
61059384062,61059384067,5,1346,1169
61063211566,61063211571,5,2146,1349
61064762525,61064762529,4,1837,1404
61065923730,61065923735,5,2767,1078
61066848171,61066848179,8,1731,647
61071277477,61071277480,3,2050,1513
61075736363,61075736368,5,1786,1207
61075905282,61075905300,18,596,347
61078151111,61078151115,4,1826,1404
61079561028,61079561031,3,1891,1373
61081770129,61081770128,-1,928,1697
61091574758,61091574764,6,861,1169
61094065739,61094065743,4,2000,1305
61095398637,61095398642,5,4293,2042
61095718682,61095718686,4,1550,1147
61101882177,61101882179,2,1652,1072
61104556058,61104556062,4,1864,1025
61107407528,61107407533,5,2113,1265
61112006602,61112006607,5,1733,1200
61117275076,61117275066,-10,1499,1245
61117970289,61117970292,3,2726,1326
61119279254,61119279253,-1,1532,2293
61122362729,61122362737,8,3662,1097
61125110476,61125110480,4,1555,1427
61125718636,61125718630,-6,1409,2006
61126302883,61126302888,5,2112,1863
61126533781,61126533774,-7,1679,4110
61128177806,61128177809,3,1521,749
61131059837,61131059842,5,1979,1152
61135713841,61135713843,2,1751,1359
61138217213,61138217219,6,2113,1456
61138748518,61138748501,-17,2141,1470
61139353256,61139353260,4,2689,1146
61140521610,61140521614,4,2739,1719
61142713086,61142713090,4,2433,1361
61143810601,61143810608,7,1861,921
61148830360,61148830363,3,1270,1170
61149299099,61149299103,4,2158,1582
61149944783,61149944789,6,2900,1800
61149992542,61149992527,-15,1389,752
61158977861,61158977865,4,1776,1339
61159186987,61159186991,4,2092,1664
61161260001,61161260006,5,1814,1293
61167194194,61167194200,6,2842,1399
61171771317,61171771322,5,1304,1405
61171961468,61171961472,4,1514,1058
61172886837,61172886844,7,3939,1472
61176982349,61176982351,2,2213,1318
61177054517,61177054518,1,2867,2219
61178929313,61178929310,-3,1813,5399
61184095423,61184095427,4,1602,1318
61186723254,61186723259,5,2054,1214
61188736040,61188736043,3,2184,1469
61189767107,61189767113,6,2976,1352
61190041028,61190041031,3,1627,899
61197400561,61197400566,5,2439,1745
61198196315,61198196334,19,841,1083
61200231894,61200231899,5,1471,1373
61203590485,61203590486,1,1150,778
61207045087,61207045090,3,2395,1262
61213938583,61213938587,4,2034,1180
61218700906,61218700913,7,5703,1494
61220951743,61220951746,3,1496,1012
61221855605,61221855610,5,2628,921
61222947970,61222947976,6,2082,1249
61223853721,61223853725,4,1654,1365
61226306402,61226306394,-8,952,1789
61226876082,61226876086,4,1890,1186
61229452410,61229452414,4,1893,1163
61230288157,61230288160,3,2090,1471
61230960341,61230960336,-5,1539,2795
61231429518,61231429522,4,2582,1065
61235884295,61235884298,3,2380,1489
61236609657,61236609662,5,1571,1237
61238821752,61238821754,2,2490,1706
61241349310,61241349315,5,1770,1311
61246136855,61246136861,6,1367,1403
61246688454,61246688451,-3,1455,4264
61250166558,61250166563,5,1476,564
61252233843,61252233847,4,3203,1285
61252377880,61252377885,5,2156,1238
61252457746,61252457733,-13,1579,861
61252687875,61252687878,3,2699,1909
61258292660,61258292663,3,1970,1349
61259082450,61259082457,7,2162,1020
61262099523,61262099527,4,1926,1151
61263090582,61263090586,4,1544,1252
61263250657,61263250638,-19,2366,1105
61263595382,61263595366,-16,2211,1431
61264361038,61264361042,4,1717,1513
61266128911,61266128915,4,2292,1506
61269008667,61269008670,3,1743,1197
61271668147,61271668147,0,1502,1330
61271708301,61271708294,-7,1045,4490
61273305824,61273305830,6,2226,1162
61279783900,61279783904,4,1576,1148
61281373937,61281373942,5,1312,842
61283474413,61283474417,4,1843,1000
61284366893,61284366897,4,2616,1016
61288022200,61288022204,4,1976,1398
61291410408,61291410413,5,2003,1789
61300689723,61300689727,4,2507,1040
61304076786,61304076792,6,1521,1044
61304274853,61304274858,5,2387,1597
61307590817,61307590822,5,1888,1220
61307894093,61307894096,3,2111,1764
61309339455,61309339462,7,4670,1178
61310958752,61310958756,4,2692,1949
61312830745,61312830748,3,1669,1403
61315100345,61315100345,0,1257,2038
61315851582,61315851589,7,3427,1111
61317563894,61317563899,5,1355,944
61317596579,61317596559,-20,937,736
61319456674,61319456678,4,1555,1182
61319672751,61319672754,3,1915,1212
61325977593,61325977599,6,3523,1386
61326318995,61326319006,11,12324,37828
61330151042,61330151045,3,2048,1357
61330977501,61330977505,4,2062,1413
61331999606,61331999610,4,2765,1059
61336923465,61336923463,-2,1128,2345
61337015358,61337015354,-4,1028,2351
61337507770,61337507774,4,1547,839
61337888094,61337888100,6,2164,1365
61339327302,61339327309,7,2570,1526
61350427451,61350427455,4,1390,1187
61352650306,61352650311,5,2441,993
61356822778,61356822782,4,1613,1209
61358252745,61358252750,5,1831,1377
61359244042,61359244023,-19,1505,713
61360900453,61360900458,5,2128,1291
61361428273,61361428275,2,2322,1289
61363358058,61363358061,3,910,1418
61363874911,61363874918,7,2516,1459
61365784978,61365784983,5,2627,1413
61366623178,61366623181,3,2190,1453
61367382687,61367382692,5,1396,1189
61370361418,61370361414,-4,938,3163
61371723914,61371723919,5,1303,906
61375163609,61375163614,5,1932,1106
61376557137,61376557142,5,2182,1596
61377469403,61377469408,5,2074,1154
61378692490,61378692469,-21,1717,2383
61379722357,61379722360,3,2351,1791
61379775258,61379775263,5,1810,904
61384777998,61384778003,5,2170,1518
61385021827,61385021815,-12,883,290
61389953666,61389953670,4,2082,1187
61390629873,61390629878,5,1755,1308
61395492180,61395492183,3,2406,1264
61396519138,61396519136,-2,1314,1939
61396800929,61396800934,5,1565,1359
61397588918,61397588926,8,2309,1172
61399741262,61399741264,2,1307,911
61402625002,61402625007,5,1607,1414
61403261077,61403261080,3,1863,1169
61404960569,61404960570,1,1677,1015
61405214687,61405214691,4,2067,1007
61408604583,61408604587,4,1688,1033
61410583179,61410583182,3,1624,1126
61415319668,61415319673,5,1209,1275
61415676934,61415676938,4,2501,1343
61417275442,61417275445,3,1767,1108
61417687883,61417687887,4,1606,810
61426497162,61426497163,1,1144,1655
61427672348,61427672352,4,1876,1261
61428495424,61428495428,4,19507,30412
61430639630,61430639638,8,1989,1195
61432799609,61432799614,5,1813,1407
61435272826,61435272831,5,2368,1176
61438760467,61438760463,-4,1633,4281
61439773772,61439773778,6,3127,1975
61440387780,61440387783,3,1102,583
61440549527,61440549529,2,1080,799
61447415987,61447415991,4,1341,1007
61450809753,61450809758,5,2496,1664
61453264614,61453264613,-1,997,1235
61454601846,61454601849,3,1655,1115
61457431901,61457431904,3,1613,1627
61461088493,61461088495,2,1170,1425
61465606752,61465606754,2,1827,1062
61470688496,61470688500,4,1966,1849
61471069617,61471069621,4,1842,1490
61478308629,61478308633,4,1703,1680
61486964508,61486964514,6,2356,1219
61496031066,61496031071,5,1755,1431
61496123684,61496123689,5,2309,1275
61497138212,61497138216,4,2127,1267
61500136551,61500136556,5,2486,1396
61502016669,61502016673,4,2004,1342
61504619466,61504619471,5,1334,729
61507567214,61507567217,3,2585,1140
61509930280,61509930282,2,2356,1746
61514533962,61514533966,4,1935,1113
61522778394,61522778397,3,1994,1071
61523547807,61523547812,5,1985,1286
61525140840,61525140842,2,2014,1864
61525610929,61525610934,5,1488,1389
61528528758,61528528742,-16,2070,856
61530806315,61530806318,3,1502,1351
61536361498,61536361502,4,2183,1458
61536450070,61536450087,17,1305,1550
61537350134,61537350121,-13,999,891
61538627876,61538627879,3,1365,1025
61545239348,61545239351,3,1676,1157
61546521083,61546521084,1,1103,1445
61551109845,61551109850,5,2479,1386
61553527109,61553527114,5,1654,1010
61554533671,61554533678,7,1823,1440
61555552269,61555552271,2,1478,1150
61556728047,61556728050,3,1374,1223
61559549594,61559549598,4,2082,1464
61565729185,61565729189,4,25024,32347
61566062875,61566062862,-13,1225,1703
61568150262,61568150266,4,1478,982
61570502019,61570502024,5,2726,1724
61570698030,61570698035,5,1720,1091
61571039097,61571039101,4,2105,1138
61572022119,61572022124,5,2396,1730
61575435724,61575435727,3,1677,1156
61579039816,61579039820,4,1707,1150
61579931441,61579931447,6,1933,831
61587734298,61587734301,3,2030,1578
61588958438,61588958442,4,2499,1391
61589129802,61589129807,5,2481,1648
61596840109,61596840107,-2,1285,1659
61599204784,61599204791,7,3164,1191
61602102715,61602102721,6,1586,898
61605417683,61605417690,7,2068,1018
61605874851,61605874860,9,1299,880
61611899953,61611899957,4,2106,1258
61615522272,61615522278,6,1842,1404
61617667565,61617667571,6,1720,1374
61618918183,61618918185,2,1236,1384
61619621285,61619621289,4,2218,1692
61620525286,61620525291,5,2229,1041
61621144026,61621144030,4,1920,1510
61624789458,61624789463,5,1881,1368
61625929568,61625929571,3,2398,1753
61628914864,61628914867,3,1828,1269
61629819832,61629819835,3,1950,1410
61630482573,61630482577,4,1904,949
61631073213,61631073217,4,1918,1149
61631119297,61631119302,5,2289,1326
61634524490,61634524497,7,2558,1139
61634895457,61634895461,4,1873,1897
61635399755,61635399757,2,2132,1059
61636621908,61636621911,3,1660,1487
61637148158,61637148163,5,2075,1103
61637351097,61637351078,-19,2003,908
61641309617,61641309622,5,1931,874
61643619218,61643619218,0,1507,1308
61644504675,61644504676,1,20319,17559
61647350245,61647350250,5,1696,1553
61648721537,61648721540,3,1486,1421
61650965395,61650965402,7,2058,1317
61653619062,61653619067,5,2198,1493
61654859043,61654859047,4,1990,1596
61657345134,61657345140,6,1345,1224
61657918013,61657917998,-15,1332,1006
61661234071,61661234077,6,1655,1348
61661812478,61661812482,4,1846,1211
61664661888,61664661892,4,2004,1502
61665086683,61665086686,3,1677,1494
61668664291,61668664295,4,2386,1400
61668823260,61668823244,-16,2106,901
61670268429,61670268432,3,1414,1016
61672317898,61672317903,5,1991,1565
61677748302,61677748307,5,1812,1397
61677909805,61677909810,5,1232,749
61678243239,61678243242,3,1926,1104
61678531847,61678531851,4,2527,1502
61681583795,61681583798,3,2049,1224
61685527973,61685527977,4,1825,1344
61686599389,61686599391,2,1080,1093
61690094593,61690094594,1,1689,1170
61691207988,61691207994,6,5766,2207
61691771451,61691771455,4,2018,999
61705191151,61705191157,6,2551,1243
61706527886,61706527890,4,3149,1468
61708692734,61708692740,6,1832,1010
61709995313,61709995334,21,1222,836
61713469126,61713469134,8,4284,2079
61716843902,61716843909,7,2505,1072
61718744657,61718744661,4,1635,1399
61721506982,61721506986,4,1698,1291
61722604594,61722604598,4,2383,1356
61723962429,61723962434,5,2632,1066
61725919365,61725919366,1,1943,1587
61726177517,61726177519,2,1458,907
61732603442,61732603447,5,1972,1177
61737230882,61737230887,5,1740,1147
61737623175,61737623182,7,4125,1360
61737689269,61737689253,-16,1147,745
61737727613,61737727619,6,1738,1011
61740259179,61740259177,-2,1279,1797
61742488522,61742488526,4,2322,2053
61746185107,61746185110,3,1981,1566
61747483502,61747483506,4,1386,1410
61748053620,61748053611,-9,173,1735
61751984178,61751984183,5,1496,1661
61752190386,61752190391,5,1086,1002
61753024670,61753024671,1,1533,1700
61754474566,61754474567,1,1581,2478
61755340518,61755340521,3,2106,1866
61757353418,61757353421,3,1015,1334
61761802818,61761802824,6,1096,729
61762059608,61762059596,-12,914,365
61762413310,61762413321,11,1753,1085
61762546502,61762546495,-7,555,228
61763124868,61763124872,4,1843,1434
61763677086,61763677084,-2,787,360
61763975942,61763975958,16,2095,1751
61765421098,61765421119,21,1232,1136
61768948375,61768948374,-1,1499,1888
61770990689,61770990693,4,1590,1122
61773528971,61773528975,4,1861,1437
61774389864,61774389869,5,2210,1495
61775459950,61775459956,6,2536,1764
61777621460,61777621463,3,1726,1031
61779917245,61779917249,4,2206,1001
61787301346,61787301351,5,2798,1615
61793434555,61793434553,-2,2483,4561
61796880618,61796880623,5,1810,1105
61802594559,61802594563,4,2692,1547
61816829213,61816829218,5,3018,1259
61819966090,61819966093,3,2139,1029
61820044676,61820044679,3,2078,1147
61823609168,61823609172,4,1963,1500
61825381073,61825381067,-6,1451,4819
61826090305,61826090306,1,1391,1628
61826977153,61826977156,3,2003,1200
61827697363,61827697366,3,1004,694
61829000514,61829000518,4,1562,1134
61831327860,61831327865,5,2115,1367
61831502352,61831502355,3,2020,1621
61833003525,61833003529,4,1661,1367
61844019250,61844019256,6,1919,1530
61844169571,61844169577,6,1963,1194
61845136876,61845136879,3,1529,1879
61846477674,61846477679,5,1678,941
61849278554,61849278558,4,1706,1098
61851176128,61851176131,3,1593,966
61854384473,61854384478,5,1578,1030
61856926777,61856926782,5,2511,1580
61857665407,61857665410,3,2418,2108
61858549146,61858549152,6,9022,37689
61859997554,61859997552,-2,1182,1348
61862738510,61862738511,1,1673,1277
61864211505,61864211511,6,1438,1221
61864775967,61864775961,-6,990,1272
61865127966,61865127969,3,1818,1589
61866807918,61866807924,6,1968,939
61871207704,61871207695,-9,43680,2835
61871406469,61871406474,5,2236,1293
61871925134,61871925138,4,1958,1567
61877814278,61877814282,4,1972,1149
61878449324,61878449327,3,2196,1723
61878793489,61878793493,4,1852,1405
61883101221,61883101226,5,2088,1317
61884761866,61884761870,4,1792,1582
61887115789,61887115793,4,2499,1298
61887425289,61887425271,-18,3008,1641
61887980083,61887980094,11,981,1238
61889552673,61889552678,5,1546,1370
61891371762,61891371769,7,2053,1740
61892437726,61892437727,1,2101,1691
61896406806,61896406794,-12,1135,417
61897822061,61897822064,3,2208,1242
61901668515,61901668520,5,2262,1473
61905572412,61905572413,1,2160,1335
61910270636,61910270639,3,2006,1706
61913737797,61913737802,5,2448,1648
61915026415,61915026417,2,1377,1821
61916707001,61916707007,6,3397,1657
61916741511,61916741492,-19,1623,781
61918946711,61918946714,3,1606,1065
61922242023,61922242026,3,1673,1115
61922880872,61922880876,4,1894,1926
61926249158,61926249162,4,1153,1035
61926991659,61926991665,6,1898,1152
61927633975,61927633982,7,2208,1040
61928597904,61928597909,5,1830,1040
61933670985,61933670986,1,1790,1553
61934791606,61934791610,4,2710,1411
61939983558,61939983563,5,2811,1790
61944096123,61944096131,8,1922,1415
61947270035,61947270038,3,997,789
61951884718,61951884724,6,1351,1460
61952429699,61952429703,4,2811,1515
61957232094,61957232094,0,1757,1601
61961432646,61961432650,4,2534,1658
61969082501,61969082506,5,2094,1264
61970095281,61970095284,3,1691,1442
61971183184,61971183188,4,2668,1822
61972369342,61972369346,4,1860,1268
61976730755,61976730759,4,1952,1365
61978268770,61978268775,5,2309,1564
61982242605,61982242611,6,2595,1610
61987087251,61987087254,3,1475,1006
61988137082,61988137088,6,2631,1093
61988708039,61988708024,-15,1480,1123
61989049562,61989049565,3,1944,1119
61995206931,61995206914,-17,1617,918
61995876133,61995876137,4,2078,1449
62001361258,62001361262,4,897,573
62003205602,62003205605,3,1811,1527
62004449284,62004449287,3,2673,1583
62007719309,62007719313,4,1961,1488
62007817395,62007817401,6,2182,1206
62008706609,62008706614,5,2409,1277
62008965470,62008965452,-18,1475,591
62013242507,62013242510,3,1309,963
62013760229,62013760213,-16,1672,1340
62013919145,62013919150,5,6275,3537
62014467667,62014467671,4,2071,1374
62016993989,62016993990,1,1265,1357
62017959843,62017959846,3,2301,1456
62019063049,62019063046,-3,24434,11019
62020320843,62020320847,4,1749,787
62021839645,62021839649,4,1433,1132
62021874521,62021874525,4,2200,1831
62023632966,62023632971,5,2479,1283
62024261806,62024261809,3,1936,1284
62025413431,62025413447,16,2388,1531
62026450747,62026450753,6,2501,1342
62026869445,62026869446,1,1738,1514
62033028534,62033028538,4,2014,1378
62033747378,62033747383,5,2210,1699
62035283429,62035283436,7,1256,558
62040104190,62040104199,9,10618,29236
62043481594,62043481598,4,1134,1093
62043827702,62043827693,-9,138,1172
62047527887,62047527891,4,1890,1273
62047698666,62047698646,-20,680,198
62048001067,62048001070,3,1805,1588
62051842895,62051842900,5,1970,1169
62053929461,62053929466,5,1411,1105
62054647777,62054647783,6,3163,1203
62055202706,62055202710,4,1703,1951
62057579540,62057579538,-2,1199,1904
62060351356,62060351363,7,2125,1564
62065596610,62065596615,5,2009,1480
62065775448,62065775454,6,2451,1623
62067243732,62067243735,3,1278,979
62074831614,62074831618,4,2449,1547
62075688002,62075688002,0,1306,1730
62079429381,62079429383,2,1512,1642
62080744698,62080744701,3,957,1082
62082948102,62082948108,6,2178,1351
62084718349,62084718353,4,2174,1295
62089138121,62089138126,5,2266,1111
62089406019,62089406036,17,2242,1385
62092808801,62092808801,0,1468,1897
62096322125,62096322127,2,1907,1609
62102800301,62102800304,3,2057,1583
62105328470,62105328476,6,1645,1181
62106948435,62106948439,4,2003,1382
62108698576,62108698582,6,1977,1557
62109583196,62109583201,5,2111,990
62109774396,62109774399,3,2665,1310
62111284861,62111284864,3,2208,1350
62122176770,62122176774,4,1908,1036
62126808282,62126808286,4,2149,1291
62127324439,62127324442,3,1833,1419
62129757814,62129757810,-4,1886,5261
62135804055,62135804059,4,2284,1472
62145084406,62145084410,4,1205,619
62146151134,62146151138,4,1836,2104
62151495325,62151495330,5,871,81
62152695795,62152695799,4,1140,763
62153736485,62153736489,4,2021,1620
62158163927,62158163929,2,1950,1133
62158234706,62158234701,-5,1086,1955
62158819988,62158819978,-10,1699,1224
62161019451,62161019455,4,2568,1492
62164046605,62164046608,3,1800,990
62166329074,62166329078,4,2049,1140
62167092830,62167092834,4,1809,1367
62178681534,62178681539,5,22852,22327
62184652586,62184652590,4,2218,1303
62185535253,62185535254,1,1277,1499
62189221235,62189221238,3,875,933
62195324322,62195324326,4,2017,912
62196471345,62196471349,4,2491,1432
62197534066,62197534069,3,1989,1600
62197624141,62197624146,5,1175,829
62197819971,62197819973,2,1644,1512
62200735626,62200735630,4,2698,1244
62204276647,62204276650,3,856,1096
62205240614,62205240614,0,1211,1292
62207492810,62207492814,4,1514,1146
62208036369,62208036373,4,1333,1107
62209499514,62209499530,16,1909,1132
62211495781,62211495784,3,1402,752
62213231822,62213231823,1,1188,1336
62216077417,62216077423,6,2973,1027
62216303121,62216303125,4,2069,1109
62219342763,62219342761,-2,1124,1228
62221504485,62221504489,4,2131,1878
62221975067,62221975071,4,1669,1557
62224268849,62224268852,3,1178,1701
62225540550,62225540554,4,2098,1262
62225752508,62225752511,3,2738,1961
62227260351,62227260334,-17,1321,1560
62229098758,62229098761,3,1543,1345
62232177798,62232177802,4,2343,1298
62233853412,62233853418,6,1802,1077
62234367331,62234367337,6,1607,1226
62236087914,62236087920,6,2528,1457
62242224613,62242224618,5,1702,1467
62244082896,62244082899,3,2264,1414
62244592631,62244592636,5,1644,1598
62245186516,62245186522,6,2100,1384
62248736431,62248736435,4,1750,1363
62249193098,62249193077,-21,1198,954
62250571635,62250571633,-2,996,756
62258759262,62258759267,5,1999,1313
62260020734,62260020738,4,2076,1642
62260371694,62260371700,6,2234,1870
62260505702,62260505699,-3,705,1472
62264260028,62264260034,6,5297,2509
62268403937,62268403942,5,2118,1130
62276431638,62276431643,5,1644,794
62279911549,62279911551,2,2660,1991
62284768774,62284768778,4,2398,1297
62287331301,62287331303,2,1360,1438
62289187332,62289187337,5,2272,1547
62289968030,62289968036,6,2769,1406
62296476441,62296476444,3,2356,1618
62296529615,62296529619,4,2523,1516
62300142534,62300142538,4,1294,1273
62302251702,62302251705,3,2179,1722
62302977377,62302977382,5,2478,1323
62307293969,62307293974,5,1585,1377
62310811313,62310811315,2,1743,1238
62311374403,62311374408,5,2301,1479
62313262343,62313262346,3,1978,1447
62315940635,62315940638,3,2266,1494
62316476614,62316476613,-1,4628,7758
62319813193,62319813198,5,1712,1257
62321903933,62321903937,4,2021,1518
62322047916,62322047921,5,1976,1473
62323706531,62323706537,6,2088,1387
62328045730,62328045735,5,1877,1114
62329796643,62329796648,5,2148,1552
62330451054,62330451061,7,1801,1097
62331386663,62331386666,3,2148,1005
62336618899,62336618904,5,2339,1775
62338308433,62338308436,3,1519,1286
62339462761,62339462767,6,3640,1465
62341749830,62341749834,4,1466,1348
62344296623,62344296627,4,1953,1350
62344495010,62344495013,3,2355,1469
62345488237,62345488240,3,1961,1328
62348278395,62348278401,6,1733,1241
62348796148,62348796145,-3,1863,4421
62354614651,62354614655,4,1510,1161
62355003171,62355003175,4,2396,1661
62356858242,62356858245,3,2635,1412
62358860257,62358860265,8,9099,38650
62360482704,62360482709,5,35555,22865
62367220489,62367220494,5,1779,1288
62369470130,62369470133,3,1631,1288
62370378615,62370378620,5,2085,1310
62372674563,62372674568,5,2412,1457
62374192132,62374192135,3,2268,1340
62375414683,62375414672,-11,961,272
62377275743,62377275746,3,1520,1017
62378039112,62378039115,3,1600,800
62381517934,62381517938,4,1977,1286
62382050051,62382050054,3,2101,1468
62386656633,62386656638,5,1310,750
62388525582,62388525586,4,2109,1455
62394195562,62394195568,6,1750,1067
62396654733,62396654738,5,2335,1447
62396745775,62396745783,8,2095,1085
62397943083,62397943089,6,2080,1623
62398542150,62398542155,5,2220,1721
62399850829,62399850834,5,1719,946
62400740502,62400740508,6,1489,1100
62403904677,62403904682,5,2618,1542
62407612579,62407612584,5,3170,1522
62410921530,62410921534,4,1299,1214
62412411999,62412412004,5,203,51
62414829305,62414829308,3,1336,1034
62422106344,62422106353,9,16894,17435
62422328679,62422328683,4,1858,1229
62423567962,62423567966,4,2332,1165
62424043838,62424043843,5,3270,1441
62427471920,62427471922,2,1499,1447
62427916294,62427916279,-15,1985,722
62429128630,62429128637,7,2472,1526
62431296546,62431296550,4,1966,1671
62431576187,62431576191,4,2745,1081
62433996157,62433996161,4,1222,1156
62441801357,62441801362,5,2705,1412
62451919254,62451919257,3,1389,1259
62456767460,62456767461,1,1227,1068
62459742555,62459742559,4,1977,1153
62459950890,62459950901,11,2002,1595
62461831231,62461831235,4,2482,1308
62462951982,62462951987,5,2072,1112
62468398774,62468398782,8,1847,1304
62472088961,62472088966,5,1843,1161
62472849135,62472849133,-2,1504,2317
62472945893,62472945898,5,1391,1045
62478027360,62478027362,2,1335,1507
62480727682,62480727685,3,1401,1197
62481563978,62481563983,5,1959,1005
62488474143,62488474142,-1,1477,1422
62489562806,62489562811,5,1916,980
62489837214,62489837197,-17,2075,1027
62490643833,62490643836,3,2262,1441
62494995695,62494995700,5,1333,1461
62497404379,62497404378,-1,968,1998
62500624385,62500624389,4,1869,1459
62505317926,62505317919,-7,1907,4933
62506587185,62506587202,17,1659,1172
62506638202,62506638199,-3,1886,4488
62512154706,62512154710,4,2391,1792
62512388882,62512388886,4,2253,1200
62515073651,62515073655,4,2027,1370
62515296099,62515296102,3,1883,1295
62518548151,62518548145,-6,1581,5697
62519924114,62519924119,5,2064,1333
62524474639,62524474641,2,1783,807
62526728200,62526728205,5,2413,965
62527044310,62527044315,5,1701,1237
62527967470,62527967469,-1,1633,1436
62537859308,62537859311,3,1970,1296
62539484994,62539484998,4,1711,1107
62540298725,62540298729,4,1694,1014
62541367559,62541367562,3,2161,1738
62544514285,62544514290,5,2123,1545
62545241306,62545241307,1,1148,1732
62545687854,62545687858,4,2145,934
62546373094,62546373098,4,1794,1318
62552569300,62552569306,6,3374,1430
62555416338,62555416341,3,1671,1468
62556902522,62556902526,4,1591,1027
62567363734,62567363738,4,1739,1466
62568889519,62568889514,-5,859,2826
62569810393,62569810397,4,1311,1538
62571043910,62571043913,3,2791,1233
62571091230,62571091214,-16,1626,1566
62571244094,62571244098,4,1791,1264
62571733923,62571733926,3,1877,1924
62572037520,62572037526,6,1906,1478
62572982397,62572982400,3,1938,630
62574770541,62574770546,5,1827,1561
62578110486,62578110467,-19,2690,1242
62578777199,62578777207,8,2822,1394
62582924670,62582924674,4,2656,1629
62592717093,62592717094,1,1763,1408
62593515434,62593515437,3,2380,1178
62594169131,62594169136,5,1670,1245
62597100532,62597100533,1,824,1145
62597151210,62597151214,4,1448,1305
62602219330,62602219335,5,2364,1456
62602584022,62602584025,3,2738,1867
62604460270,62604460274,4,1546,983
62604654685,62604654690,5,2138,1326
62608903585,62608903591,6,1514,961
62612401729,62612401731,2,1588,1274
62612512711,62612512724,13,1671,1106
62617096866,62617096871,5,1696,1320
62621264413,62621264419,6,2528,1428
62623720232,62623720250,18,693,214
62625718878,62625718882,4,2342,1461
62626079974,62626079974,0,1198,1595
62627837679,62627837660,-19,2037,1410
62631164394,62631164399,5,1024,944
62635984240,62635984239,-1,1125,2089
62636393863,62636393869,6,1374,1275
62638080959,62638080965,6,1074,1089
62641721450,62641721453,3,1598,1379
62644771302,62644771306,4,2689,1750
62646629814,62646629819,5,1936,1429
62648997970,62648997975,5,2368,1446
62649739998,62649739980,-18,579,634
62650092665,62650092670,5,1775,1311
62650119448,62650119429,-19,1223,425
62650444624,62650444630,6,3039,1869
62659051598,62659051590,-8,861,3377
62662049477,62662049480,3,2416,2131
62666694291,62666694294,3,851,838
62671673374,62671673374,0,802,1759
62676419322,62676419326,4,1087,1052
62680346327,62680346332,5,2366,1268
62682584646,62682584650,4,2027,1545
62685572450,62685572431,-19,1917,1403
62688398428,62688398434,6,1552,1069
62688583051,62688583061,10,1776,1399
62690057935,62690057935,0,1295,1208
62691335095,62691335098,3,1405,1166
62693101173,62693101178,5,23938,19337
62693798079,62693798082,3,2091,1545
62694692698,62694692705,7,2432,740
62695131843,62695131842,-1,904,1711
62696325490,62696325495,5,1716,1517
62696834334,62696834318,-16,719,445
62700815058,62700815062,4,2450,1608
62702807126,62702807121,-5,1481,5400
62705045058,62705045061,3,1946,1694
62705077282,62705077294,12,2738,1751
62705778938,62705778944,6,2664,1237
62706286291,62706286276,-15,1609,863
62712294743,62712294745,2,2115,1630
62712443194,62712443198,4,1245,1083
62715430291,62715430294,3,2237,2263
62717973186,62717973190,4,2045,1204
62718325410,62718325414,4,2001,1500
62718939373,62718939381,8,1455,859
62724355486,62724355488,2,1999,1356
62727066723,62727066727,4,2557,1647
62727174339,62727174319,-20,1482,1155
62730588922,62730588928,6,1354,988
62731340560,62731340563,3,2021,1330
62732815690,62732815694,4,1913,911
62734028809,62734028811,2,2008,1117
62734116494,62734116477,-17,1217,192
62734183899,62734183901,2,1040,1192
62734728932,62734728937,5,2404,1339
62735429108,62735429111,3,1472,1411
62737553045,62737553050,5,2026,1455
62737662959,62737662960,1,1844,1722
62737969503,62737969499,-4,1016,2022
62738862802,62738862808,6,2176,1918
62743752046,62743752050,4,1592,1223
62745637005,62745637009,4,1408,1519
62746282665,62746282669,4,2365,1353
62746665367,62746665348,-19,2971,1457
62749908122,62749908126,4,3215,2157
62750968767,62750968770,3,1757,1399
62755567782,62755567787,5,2655,1293
62760538710,62760538707,-3,1287,3322
62763079106,62763079111,5,1361,1212
62764320677,62764320679,2,1898,1378
62764350604,62764350602,-2,1697,2540
62772589509,62772589511,2,1508,1803
62774301495,62774301500,5,2333,1657
62775590389,62775590393,4,2525,1418
62779492671,62779492676,5,2274,1044
62784165466,62784165469,3,2218,1201
62787689027,62787689032,5,2416,1881
62787867825,62787867807,-18,3217,1532
62790110874,62790110878,4,1546,853
62791313553,62791313541,-12,742,462
62794678383,62794678390,7,1034,1135
62795351146,62795351152,6,2089,1567
62795500204,62795500208,4,1961,1866
62797558431,62797558437,6,6757,2714
62800918411,62800918416,5,2449,1450
62801077803,62801077808,5,2237,985
62802754585,62802754591,6,2291,1344
62807951609,62807951615,6,2367,1474
62808342801,62808342805,4,1695,1012
62809010001,62809010002,1,1710,1176
62810545535,62810545543,8,1912,956
62810719344,62810719324,-20,733,304
62811033002,62811033008,6,2195,1272
62814447833,62814447839,6,2321,1203
62814700315,62814700318,3,2452,1547
62820845164,62820845169,5,2425,1575
62822280769,62822280773,4,1898,915
62829045807,62829045811,4,1445,1049
62829203966,62829203970,4,1840,1133
62829262686,62829262690,4,1188,1248
62831073419,62831073422,3,2025,1132
62833766998,62833767000,2,17122,15352
62836611887,62836611892,5,2413,1251
62844181345,62844181349,4,2603,1656
62849194734,62849194737,3,1743,1793
62851056733,62851056738,5,2694,2000
62853294768,62853294771,3,2187,1449
62862112453,62862112459,6,1838,1328
62862775431,62862775436,5,2269,1286
62864715541,62864715548,7,2000,1156
62866609932,62866609937,5,1929,1973
62871400710,62871400713,3,2579,1418
62872159601,62872159605,4,2129,1468
62873655006,62873655011,5,1561,1197
62876488495,62876488500,5,1484,1094
62879502634,62879502638,4,2428,1390
62880610341,62880610343,2,1574,666
62881228157,62881228161,4,2308,1517
62884641426,62884641430,4,1964,1212
62887441868,62887441872,4,2338,1451
62890522173,62890522178,5,2135,928
62891137055,62891137059,4,2648,1656
62893802922,62893802924,2,2130,1481
62895099641,62895099644,3,1267,1470
62898640058,62898640063,5,1645,1315
62898992750,62898992754,4,2600,1370
62909571583,62909571587,4,1654,1320
62910271990,62910271996,6,1787,1474
62912787902,62912787905,3,2767,1325
62913511039,62913511044,5,2063,1174
62918320820,62918320808,-12,2420,951
62919376755,62919376761,6,2797,1520
62920907965,62920907969,4,2132,1202
62922259757,62922259760,3,1685,1270
62924742401,62924742402,1,1430,2058
62927660116,62927660118,2,2047,1482
62928521088,62928521071,-17,1520,1237
62929475241,62929475243,2,1396,1106
62930345894,62930345898,4,2484,1511
62933354719,62933354724,5,2482,1187
62934497485,62934497490,5,2091,1174
62938280154,62938280158,4,2161,1111
62939710958,62939710964,6,864,229
62943493286,62943493297,11,13521,32699
62946956230,62946956233,3,2037,1368
62950757605,62950757610,5,2161,1181
62953359238,62953359251,13,14767,46844
62954723001,62954723005,4,1195,1108
62956924382,62956924386,4,2830,1176
62959317630,62959317634,4,2248,1402
62962126283,62962126286,3,1857,1202
62962300643,62962300645,2,1746,933
62963554222,62963554227,5,1131,1047
62965520736,62965520738,2,2662,1740
62965593196,62965593199,3,2227,1232
62966527229,62966527235,6,3701,1488
62969998067,62969998073,6,3303,1423
62973311974,62973311978,4,2205,1517
62975035795,62975035797,2,1791,1356
62978196613,62978196617,4,1432,1072
62980897205,62980897207,2,1440,1809
62981359423,62981359428,5,2004,996
62981870530,62981870510,-20,880,588
62984583463,62984583461,-2,1211,2074
62984869233,62984869238,5,1801,1715
62988901039,62988901042,3,1885,1135
62989124996,62989124982,-14,1488,857
62991211853,62991211857,4,2637,1965
63000586308,63000586311,3,2107,919
63001178721,63001178702,-19,1689,785
63001978290,63001978294,4,2504,1494
63002493927,63002493927,0,1164,1192
63004397801,63004397807,6,2401,1350
63008588848,63008588850,2,2970,1682
63012173167,63012173170,3,1990,1583
63017127857,63017127860,3,1362,1202
63018317934,63018317937,3,1743,1127
63025581529,63025581531,2,1117,1067
63031580470,63031580475,5,2998,1371
63037891955,63037891962,7,2283,1284
63040818747,63040818752,5,2269,1213
63042202330,63042202335,5,2142,872
63045619597,63045619582,-15,1240,721
63046750978,63046750971,-7,28931,51000
63047433311,63047433314,3,1391,751
63047988369,63047988371,2,1651,1268
63050012222,63050012227,5,1735,1064
63050275446,63050275442,-4,1071,4195
63051683197,63051683202,5,1674,1217
63052700259,63052700265,6,2530,1739
63054605073,63054605075,2,1014,1231
63056602813,63056602818,5,2575,1549
63062759220,63062759221,1,1790,1286
63064102631,63064102635,4,2609,1356
63065818294,63065818302,8,1660,1211
63066007398,63066007402,4,2669,1586
63070428141,63070428147,6,3020,1215
63072532218,63072532223,5,1789,1204
63073810062,63073810066,4,2888,1467
63074430499,63074430503,4,3100,1463
63075922327,63075922326,-1,1018,1256
63077744254,63077744259,5,1359,1005
63084348426,63084348428,2,1507,1449
63088081982,63088081986,4,1953,1403
63092185687,63092185693,6,1851,1614
63094136878,63094136885,7,1349,1445
63099309906,63099309910,4,1746,1127
63100500245,63100500250,5,2532,1525
63104388371,63104388375,4,1866,1141
63107020258,63107020237,-21,1315,906
63109533684,63109533688,4,2044,1661
63112650061,63112650066,5,1449,1096
63113300892,63113300896,4,2055,2009
63114992440,63114992445,5,1669,1347
63120225707,63120225709,2,1117,1127
63122891965,63122891970,5,2870,1877
63123773218,63123773223,5,563,381
63124996642,63124996647,5,1729,1320
63128477319,63128477317,-2,1198,3138
63134369814,63134369818,4,1850,1204
63139307116,63139307119,3,2192,2356
63141115181,63141115186,5,1848,1140
63144492811,63144492815,4,2398,1485
63144609234,63144609238,4,1964,1312
63148633458,63148633462,4,2064,1347
63152355247,63152355251,4,1366,1503
63153141158,63153141162,4,1896,1022
63154899614,63154899618,4,2351,1697
63155364057,63155364062,5,1817,1144
63157551887,63157551892,5,1661,1469
63157722874,63157722879,5,1025,921
63164090324,63164090326,2,2699,2111
63167849641,63167849645,4,2059,1315
63169597789,63169597797,8,1719,1199
63169994058,63169994060,2,1191,925
63174164354,63174164357,3,1350,1355
63175420186,63175420191,5,1617,1512
63187811921,63187811927,6,1296,837
63189096384,63189096387,3,2579,1809
63191637068,63191637071,3,2283,1308
63194589859,63194589845,-14,2014,1118
63196805795,63196805799,4,928,849
63196902994,63196902976,-18,2021,992
63198675451,63198675454,3,2080,1382
63200693609,63200693614,5,2463,1483
63209302514,63209302518,4,1368,792
63211259674,63211259678,4,1912,664
63212156372,63212156376,4,2602,1676
63213830032,63213830037,5,2158,2205
63220486992,63220486998,6,1760,986
63222244212,63222244218,6,2860,1437
63223406727,63223406732,5,1803,1279
63225124601,63225124605,4,2501,1867
63225357676,63225357679,3,1782,911
63226030889,63226030891,2,1512,1967
63228903678,63228903685,7,7729,2382
63229387365,63229387369,4,1883,1621
63229997542,63229997547,5,2131,1194
63236608986,63236608989,3,2257,1671
63238423264,63238423267,3,1574,1136
63243209565,63243209570,5,1835,1196
63243828043,63243828046,3,1332,981
63246157234,63246157240,6,2019,1190
63249814188,63249814193,5,2782,1505
63250618781,63250618788,7,1868,1436
63252077617,63252077621,4,2406,1742
63253247647,63253247652,5,1962,790
63254478276,63254478295,19,1188,1155
63255792463,63255792466,3,1971,1371
63257795532,63257795554,22,1850,970
63262122647,63262122653,6,2907,1741
63265650658,63265650662,4,2673,1476
63266413941,63266413946,5,2055,1555
63269892233,63269892235,2,666,983
63270980618,63270980626,8,2052,1545
63274990169,63274990172,3,1218,1004
63275806767,63275806770,3,1606,970
63277758851,63277758854,3,1678,1029
63284463890,63284463894,4,1600,1591
63284731278,63284731283,5,1403,934
63287849586,63287849590,4,1631,885
63289324813,63289324818,5,1499,1240
63289556346,63289556351,5,1600,1173
63290313415,63290313419,4,1856,1589
63296271121,63296271126,5,2151,1404
63296910921,63296910925,4,1637,939
63299175738,63299175742,4,2448,1472
63299510997,63299511002,5,1297,1331
63300618002,63300618008,6,2247,1209
63302776416,63302776430,14,1117,382
63303918008,63303918013,5,2449,1237
63309770586,63309770587,1,2808,3143
63318904987,63318904992,5,1765,1393
63321998177,63321998182,5,7276,3157
63324735045,63324735046,1,1687,1281
63327825541,63327825546,5,2180,1552
63331813770,63331813766,-4,941,2971
63332046610,63332046614,4,2089,1234
63332201918,63332201922,4,1942,1204
63332395783,63332395788,5,1570,1623
63334541114,63334541133,19,13777,44764
63335739736,63335739740,4,1858,1677
63339049224,63339049227,3,3355,1566
63339723156,63339723159,3,1787,978
63340914849,63340914850,1,1367,1071
63343908911,63343908918,7,2852,1480
63344795110,63344795107,-3,8190,15221
63346544025,63346544023,-2,1089,991
63347576864,63347576869,5,2507,1461
63347816207,63347816211,4,2056,1243
63347982823,63347982827,4,1715,1128
63352645301,63352645303,2,2113,1180
63353724191,63353724194,3,1961,1563
63354688161,63354688160,-1,2551,3524
63357188586,63357188592,6,2187,1417
63358299947,63358299951,4,694,924
63361784520,63361784522,2,1929,1054
63362937319,63362937324,5,1801,1271
63363518137,63363518139,2,1817,2155
63367649502,63367649505,3,2221,1398
63369831247,63369831250,3,2116,2166
63369972163,63369972166,3,2450,1882
63377918495,63377918500,5,1876,1820
63378781841,63378781844,3,1725,1453
63380813783,63380813778,-5,977,2805
63384196422,63384196425,3,1402,1304
63384858050,63384858032,-18,2276,1328
63388562958,63388562962,4,1365,1332
63388633438,63388633441,3,1982,1315
63388885071,63388885079,8,829,243
63388975406,63388975407,1,2368,3807
63389624133,63389624138,5,1861,1600
63390195481,63390195486,5,1732,1207
63390404552,63390404558,6,1681,1043
63391299274,63391299278,4,3109,1244
63395353785,63395353790,5,2035,1092
63396560054,63396560057,3,1429,1421
63397163944,63397163966,22,2119,1509
63402716469,63402716474,5,1748,1207
63403719490,63403719494,4,1562,790
63406580606,63406580611,5,2434,1463
63407613582,63407613587,5,1688,1470
63409228349,63409228354,5,1615,1732
63410739841,63410739845,4,1840,1490
63412325740,63412325745,5,2177,1202
63413611963,63413611958,-5,1164,1851
63416059264,63416059268,4,1545,1296
63418674971,63418674975,4,1809,1315
63429754509,63429754510,1,2081,1678
63434159234,63434159237,3,2491,1856
63439050320,63439050325,5,1253,1213
63439133891,63439133870,-21,2212,1361
63439364362,63439364369,7,2042,1237
63442251738,63442251742,4,1381,1040
63444706465,63444706469,4,3286,1932
63445444626,63445444632,6,2780,1495
63445978310,63445978316,6,2129,1101
63448607945,63448607949,4,1530,1332
63450620558,63450620563,5,1251,1055
63455909081,63455909087,6,1146,1006
63457160986,63457160990,4,1927,1512
63457308277,63457308283,6,1675,865
63460569084,63460569087,3,2515,1384
63460854702,63460854709,7,613,291
63461796800,63461796804,4,1817,1548
63463445304,63463445309,5,2342,1299
63463832669,63463832674,5,2090,1367
63467098399,63467098402,3,2603,1330
63469099706,63469099710,4,1613,820
63474590277,63474590282,5,1801,1030
63476140717,63476140722,5,1647,1343
63490131729,63490131735,6,2286,1156
63491315610,63491315614,4,2059,1508
63492129509,63492129514,5,1464,1309
63492522050,63492522055,5,2874,2073
63492759523,63492759521,-2,1464,2999
63492985836,63492985842,6,1779,1224
63495376814,63495376819,5,1754,1163
63496053732,63496053735,3,1679,948
63496929087,63496929086,-1,1298,1209
63499648927,63499648931,4,2259,1347
63502183139,63502183136,-3,1385,2198
63502426443,63502426446,3,2728,2214
63505884554,63505884558,4,2015,1252
63507336559,63507336562,3,2192,1167
63511782921,63511782925,4,3983,2336
63517229246,63517229225,-21,1673,676
63520503177,63520503182,5,1860,1243
63520818565,63520818568,3,1851,1122
63521333938,63521333916,-22,1041,449
63522410231,63522410246,15,11941,53206
63523632402,63523632406,4,1734,1709
63525651159,63525651162,3,2096,1141
63531912021,63531912025,4,1847,1363
63533535590,63533535593,3,1593,1239
63534811179,63534811182,3,1588,1414
63537255371,63537255378,7,2315,1561
63540645767,63540645770,3,1771,1533
63540907010,63540907013,3,2425,1557
63543559143,63543559146,3,2298,1641
63547354088,63547354086,-2,1165,1160
63548886505,63548886509,4,1145,1178
63549092470,63549092454,-16,1463,1172
63550614469,63550614473,4,2519,1220
63551598576,63551598578,2,2671,1788
63554810086,63554810082,-4,698,2280
63555631192,63555631195,3,1986,2027
63556741101,63556741103,2,3015,3931
63557522529,63557522534,5,2573,2103
63558462385,63558462395,10,18751,38974
63559270800,63559270805,5,2132,1026
63563813927,63563813922,-5,908,3943
63565279742,63565279746,4,2291,1800
63565666146,63565666150,4,2053,1321
63568109686,63568109690,4,1979,1357
63569644114,63569644120,6,1343,1499
63576837286,63576837289,3,2539,1797
63580695466,63580695472,6,2658,1700
63582137568,63582137552,-16,1260,5053
63582989442,63582989445,3,1160,976
63587541651,63587541655,4,1692,1537
63590767333,63590767335,2,1982,1389
63591009218,63591009222,4,1828,1611
63594932670,63594932675,5,1630,819
63595728901,63595728905,4,1624,1025
63598873481,63598873484,3,1913,1479
63600693569,63600693585,16,308,1176
63600906588,63600906592,4,1383,1476
63601497028,63601497031,3,2334,1284
63608502283,63608502287,4,1801,1047
63611485283,63611485291,8,1670,1361
63618408174,63618408178,4,2227,1121
63619042845,63619042847,2,1955,999
63619490598,63619490602,4,1758,1696
63620548970,63620548975,5,2693,1577
63621405063,63621405071,8,22109,41925
63621752933,63621752936,3,2314,1996
63628525668,63628525672,4,2434,1876
63629128895,63629128898,3,2106,1379
63634575214,63634575219,5,1732,872
63637988910,63637988928,18,1591,1879
63638613506,63638613500,-6,1137,3110
63644994409,63644994411,2,1501,1314
63651841314,63651841319,5,2620,1807
63651911583,63651911587,4,1410,1263
63655914226,63655914232,6,1807,1304
63656175138,63656175143,5,2011,1285
63658032507,63658032509,2,1879,988
63659022354,63659022359,5,1459,1085
63659544670,63659544674,4,2339,1118
63660301151,63660301154,3,1820,1054
63664223994,63664223998,4,1666,1268
63664599161,63664599168,7,4541,1815
63666806082,63666806087,5,2726,1229
63670515010,63670515010,0,1081,1643
63674171674,63674171678,4,1961,1182
63674938933,63674938939,6,1759,1080
63675142050,63675142054,4,1405,1088
63676074362,63676074367,5,2266,999
63676629892,63676629895,3,2763,1550
63678802333,63678802336,3,1898,1213
63681400778,63681400782,4,1956,1254
63683395370,63683395384,14,1618,1425
63684516134,63684516139,5,2291,1071
63684771627,63684771632,5,1926,1244
63693573881,63693573887,6,2144,1231
63695662399,63695662403,4,2144,1401
63696179782,63696179783,1,1269,1533
63697991690,63697991686,-4,1241,4661
63698832274,63698832279,5,1753,1126
63700855839,63700855845,6,1679,888
63703421953,63703421958,5,2089,1308
63703902649,63703902651,2,1962,1625
63704501802,63704501809,7,1590,1205
63707849398,63707849401,3,1463,1378
63710061083,63710061086,3,1690,1150
63722018891,63722018894,3,1842,907
63725496059,63725496065,6,2514,1527
63731087003,63731087006,3,1924,1784
63731686057,63731686069,12,2277,1345
63731826763,63731826782,19,650,221
63732147026,63732147022,-4,1871,6274
63734782529,63734782534,5,2506,954
63735794086,63735794090,4,1963,1776
63745667654,63745667659,5,1852,1225
63750178167,63750178174,7,2244,1862
63750882311,63750882314,3,2566,1539
63754270099,63754270105,6,2055,1255
63756701507,63756701514,7,2362,1069
63757928989,63757928982,-7,786,2627
63759305446,63759305451,5,1351,1186
63760269586,63760269586,0,1436,1465
63760823995,63760823999,4,1955,1409
63762635093,63762635096,3,2170,1782
63764282166,63764282171,5,2249,1293
63764554494,63764554498,4,2448,1615
63764688064,63764688070,6,1098,814
63766748016,63766748022,6,2046,921
63768684150,63768684141,-9,677,1297
63771053978,63771053982,4,3005,1869
63775634810,63775634812,2,3382,3146
63776385950,63776385954,4,2515,1532
63777076297,63777076310,13,1544,1033
63782310506,63782310510,4,2354,905
63794621033,63794621034,1,1580,2030
63794660737,63794660743,6,2677,1566
63796888049,63796888055,6,2090,747
63799503265,63799503267,2,1032,777
63803860866,63803860871,5,1935,1082
63807688903,63807688907,4,1856,1740
63810295521,63810295527,6,2034,1284
63811422221,63811422223,2,1146,996
63812661186,63812661191,5,1893,1191
63812858343,63812858347,4,2516,1715
63813898050,63813898055,5,769,984
63822101914,63822101918,4,1418,1063
63825642246,63825642250,4,1946,1322
63827034932,63827034937,5,2398,1229
63828968851,63828968854,3,1345,1471
63829040721,63829040722,1,2384,2279
63839679269,63839679273,4,1728,1179
63840723086,63840723090,4,1590,901
63843444759,63843444764,5,2328,1589
63844354778,63844354781,3,1575,1183
63844535476,63844535472,-4,2116,6849
63846868872,63846868877,5,1411,774
63848990276,63848990285,9,3356,1000
63853008626,63853008629,3,1216,1099
63854254718,63854254734,16,2071,1226
63854507685,63854507671,-14,1761,948
63854952444,63854952447,3,2032,1420
63855050161,63855050165,4,2110,1467
63858816485,63858816489,4,2095,1234
63861034386,63861034390,4,2164,2075
63861576782,63861576786,4,1735,1586
63866627634,63866627636,2,1394,1071
63868654193,63868654195,2,2682,1114
63872890787,63872890782,-5,2038,5558
63876496085,63876496089,4,1369,1178
63878472063,63878472067,4,1928,1139
63878883384,63878883397,13,2413,1540
63879120758,63879120763,5,2904,1132
63881576726,63881576732,6,4152,1691
63882082694,63882082678,-16,2255,1867
63888930070,63888930074,4,2012,794
63890766789,63890766793,4,1745,1378
63896226080,63896226084,4,1579,1236
63897839329,63897839331,2,1124,1033
63899227226,63899227230,4,2702,1877
63902640390,63902640393,3,2326,1542
63903108340,63903108346,6,2463,1398
63903952773,63903952778,5,2710,1439
63904486481,63904486461,-20,2076,883
63910269317,63910269321,4,1462,1046
63912264012,63912264015,3,1199,934
63913961543,63913961538,-5,2128,4885
63917256715,63917256719,4,1514,1266
63921295875,63921295877,2,1524,1071
63922430230,63922430235,5,1880,1288
63922653213,63922653218,5,1652,1009
63924643781,63924643784,3,2532,1402
63927366916,63927366922,6,3118,1539
63931329343,63931329347,4,2871,1803
63933057339,63933057343,4,1420,712
63934931315,63934931312,-3,1198,2959
63938776502,63938776506,4,1311,1126
63940840366,63940840369,3,1234,1488
63942601398,63942601403,5,2448,1358
63943571807,63943571810,3,2391,1283
63944309015,63944309023,8,1390,948
63944382978,63944382983,5,2091,1332
63946246703,63946246708,5,2247,1247
63947447593,63947447597,4,1808,1089
63949243864,63949243866,2,1932,1283
63949745602,63949745606,4,1676,1326
63951183025,63951183028,3,1952,1695
63953328317,63953328322,5,1839,996
63955187689,63955187693,4,2775,1156
63959336816,63959336820,4,3254,2378
63959979337,63959979341,4,1471,1458
63964765259,63964765262,3,1928,1179
63970636512,63970636518,6,3655,1847
63971790086,63971790091,5,1641,1393
63972280158,63972280140,-18,1718,883
63973715737,63973715740,3,955,1402
63974650079,63974650083,4,1719,1226
63977126546,63977126550,4,2078,1160
63981008006,63981008007,1,1432,1839
63981991435,63981991438,3,1662,1380
63983095181,63983095186,5,1958,1432
63983287713,63983287717,4,2123,1406
63983804752,63983804755,3,1799,1292
63984782078,63984782083,5,1553,719
63986209878,63986209887,9,2863,1154
63987379042,63987379046,4,989,527
63991305114,63991305118,4,1911,1441
63993950221,63993950224,3,1460,974
63995869868,63995869887,19,689,1738
63996055898,63996055903,5,2330,1644
64001524625,64001524630,5,2098,1227
64003979966,64003979970,4,1304,1325
64005042966,64005042971,5,2183,1064
64010347106,64010347112,6,2090,1730
64010380598,64010380602,4,1757,987
64011664158,64011664162,4,2324,1314
64014380569,64014380569,0,1751,2007
64016543619,64016543623,4,1702,1426
64020339301,64020339300,-1,4869,19244
64023698782,64023698786,4,2002,1559
64026200829,64026200834,5,2642,1642
64027771801,64027771803,2,2583,1783
64028728570,64028728565,-5,1347,2345
64032537127,64032537120,-7,770,2015
64034635687,64034635691,4,2270,1305
64037660412,64037660414,2,1859,1014
64037758047,64037758050,3,1389,1476
64038326970,64038326975,5,1780,1371
64038699049,64038699055,6,2470,1146
64043000624,64043000627,3,1695,468
64045591055,64045591058,3,1540,1385
64050516200,64050516187,-13,1891,1171
64053488880,64053488886,6,1393,772
64054788832,64054788837,5,2563,1559
64055141580,64055141585,5,2355,1228
64055211925,64055211929,4,2238,1423
64062359199,64062359205,6,3095,1808
64065730101,64065730106,5,1288,773
64066350522,64066350526,4,2442,1402
64067836913,64067836915,2,1684,1237
64068602090,64068602093,3,2335,1424
64071164291,64071164296,5,2208,1255
64071502836,64071502841,5,1472,1142
64074986233,64074986230,-3,1175,3407
64077107880,64077107882,2,2466,1413
64077569649,64077569645,-4,1340,3322
64079086581,64079086585,4,2059,1382
64084674763,64084674767,4,1863,1202
64085407234,64085407236,2,1622,1682
64087901294,64087901299,5,2678,1542
64093775706,64093775711,5,1830,954
64095048077,64095048064,-13,23475,17174
64099842140,64099842145,5,1853,1329
64102048460,64102048463,3,1958,1223
64102552135,64102552139,4,1057,845
64107257861,64107257868,7,4281,1071
64112125725,64112125730,5,2363,1043
64117150980,64117150984,4,1788,1199
64123528220,64123528227,7,2692,1326
64124002491,64124002494,3,2146,1049
64126445973,64126445973,0,19413,10047
64130389638,64130389641,3,1371,1295
64135996234,64135996239,5,1940,1182
64136674950,64136674933,-17,2265,1516
64137213802,64137213806,4,1610,1344
64145329929,64145329933,4,2233,1099
64146597566,64146597571,5,2175,1568
64150485173,64150485169,-4,21165,13362
64153197974,64153197980,6,1528,1398
64154293269,64154293276,7,1845,1105
64154747113,64154747117,4,1906,756
64157979018,64157979023,5,1736,963
64160794773,64160794762,-11,49844,12224
64164413689,64164413693,4,1229,1078
64171755777,64171755781,4,1895,1195
64172561830,64172561836,6,1516,898
64173360142,64173360146,4,1819,1253
64180977901,64180977907,6,1987,924
64183017981,64183017984,3,1596,1466
64184672566,64184672571,5,3251,2101
64185241316,64185241319,3,1776,932
64189305504,64189305504,0,1558,1273
64190746914,64190746918,4,1851,1156
64193725012,64193725011,-1,1186,1923
64194515765,64194515771,6,2222,1125
64197439108,64197439111,3,1779,1184
64200699067,64200699070,3,878,1041
64201612315,64201612293,-22,527,222
64202154003,64202154007,4,2674,1226
64208742853,64208742858,5,1491,1008
64209645465,64209645465,0,1759,2100
64211280480,64211280482,2,2003,1753
64212262390,64212262393,3,2171,940
64213189100,64213189104,4,2571,1376
64213874777,64213874760,-17,540,384
64214701360,64214701363,3,1548,1535
64219578642,64219578645,3,2298,1789
64223306395,64223306399,4,1780,1263
64224425498,64224425499,1,35070,38740
64227143973,64227143978,5,2289,1250
64228450790,64228450794,4,1748,1195
64228839606,64228839611,5,2361,1053
64229416985,64229416991,6,2533,1418
64233814342,64233814346,4,1713,1493
64235520588,64235520592,4,1849,1685
64237588845,64237588847,2,1563,1775
64239975641,64239975652,11,6895,44690
64242082171,64242082166,-5,1051,1734
64242957875,64242957853,-22,1772,1119
64244227894,64244227898,4,2171,1527
64248113410,64248113414,4,1751,1242
64251006459,64251006462,3,1949,1381
64253439655,64253439658,3,2650,2031
64254436025,64254436028,3,3075,1608
64255579799,64255579805,6,1251,1013
64256429515,64256429518,3,2548,1620
64257620119,64257620124,5,2028,1119
64259848228,64259848233,5,2782,1402
64267154690,64267154693,3,2061,1308
64267342071,64267342076,5,2784,1934
64269619050,64269619054,4,1979,1472
64270730923,64270730926,3,1911,1443
64273370454,64273370460,6,2368,1333
64274816565,64274816567,2,1319,1347
64275195768,64275195771,3,1366,915
64280318955,64280318959,4,1563,1383
64284839429,64284839431,2,1431,1526
64285712758,64285712762,4,2013,1109
64287175762,64287175766,4,2288,1241
64289862600,64289862605,5,2133,1242
64292219431,64292219434,3,2013,1219
64292595787,64292595789,2,1148,1363
64300884746,64300884750,4,2553,1721
64301694348,64301694354,6,2631,1216
64302334045,64302334050,5,1819,935
64303162751,64303162754,3,1513,1162
64304967207,64304967211,4,2770,1558
64307562088,64307562090,2,2087,1435
64308009318,64308009323,5,2031,1024
64309590300,64309590308,8,366,1417
64310645469,64310645474,5,1695,1166
64315082048,64315082051,3,1986,1440
64317452730,64317452734,4,2130,1707
64319673757,64319673766,9,3353,1330
64319775598,64319775599,1,1939,1261
64328067353,64328067362,9,1463,1211
64328734018,64328734025,7,2815,1703
64330896725,64330896729,4,2539,2156
64332273530,64332273533,3,2120,1201
64334074678,64334074683,5,2800,1803
64337406880,64337406886,6,1803,1085
64341127651,64341127655,4,2219,1387
64341387355,64341387359,4,2629,1473
64341963106,64341963111,5,1641,840
64343598785,64343598771,-14,1594,1037
64345506070,64345506075,5,1379,966
64346666199,64346666202,3,17837,14724
64346979217,64346979219,2,1120,634
64348541807,64348541811,4,1757,1182
64355130894,64355130899,5,2001,1145
64356665433,64356665437,4,2312,1859
64358601195,64358601201,6,1951,1207
64359298222,64359298228,6,2399,1202
64363898951,64363898950,-1,57803,59460
64366413980,64366413984,4,2395,1450
64367472585,64367472581,-4,1246,2488
64367878049,64367878051,2,2004,1866
64369062753,64369062759,6,2291,1263
64371173267,64371173272,5,2483,1563
64373318838,64373318842,4,1599,718
64373780831,64373780816,-15,1039,610
64374613648,64374613652,4,1689,829
64375447396,64375447400,4,2213,1360
64380603096,64380603098,2,1872,1387
64383021504,64383021488,-16,1816,1520
64383355566,64383355570,4,1639,1126
64383701474,64383701479,5,1994,1304
64384452867,64384452872,5,2257,1405
64384713483,64384713486,3,1654,1452
64384824382,64384824387,5,2006,1114
64389791913,64389791915,2,2210,1484
64393426822,64393426826,4,1967,1451
64398527714,64398527719,5,1736,1160
64401144488,64401144490,2,1336,1175
64403193057,64403193062,5,2636,1583
64403413296,64403413312,16,1821,1815
64404197156,64404197160,4,1672,1221
64404322107,64404322125,18,1679,1062
64406992210,64406992216,6,3018,1906
64410171252,64410171255,3,1538,1348
64412250058,64412250062,4,2012,1527
64412834130,64412834128,-2,1433,1896
64413284833,64413284839,6,2036,1088
64414557855,64414557857,2,1752,1328
64422113582,64422113575,-7,1108,5241
64422726199,64422726204,5,2399,1888
64424183957,64424183961,4,1871,1374
64429976359,64429976365,6,2205,1549
64431490799,64431490805,6,2178,640
64433951115,64433951109,-6,1570,6294
64434008990,64434008975,-15,1650,802
64439906514,64439906517,3,1957,955
64444105289,64444105282,-7,402,1514
64444322366,64444322371,5,2117,1283
64446191683,64446191686,3,2819,1405
64448121466,64448121470,4,2607,1368
64448444890,64448444894,4,2610,1338
64451221657,64451221662,5,1566,1384
64457376366,64457376371,5,2821,1831
64458834236,64458834241,5,1462,1248
64459174335,64459174340,5,1998,1063
64462068845,64462068849,4,2569,1798
64462141190,64462141193,3,1907,1261
64463276888,64463276889,1,1112,1301
64464020570,64464020576,6,2116,1774
64464435205,64464435209,4,2268,1145
64467285684,64467285689,5,2430,1230
64470106432,64470106438,6,1664,1106
64470181151,64470181154,3,1610,1473
64474096037,64474096046,9,2994,1370
64475982162,64475982162,0,1302,1969
64476595617,64476595632,15,14834,23895
64476820321,64476820323,2,2702,2446
64483034229,64483034233,4,2121,1637
64486178769,64486178773,4,2361,1360
64490167393,64490167394,1,2098,1180
64494834969,64494834974,5,1632,940
64496337475,64496337479,4,2650,1715
64504866946,64504866947,1,1728,1849
64507261205,64507261210,5,1661,1154
64510236026,64510236030,4,1559,951
64516052159,64516052163,4,1653,1643
64521758432,64521758422,-10,1669,1444
64525351937,64525351941,4,3098,1785
64526694851,64526694835,-16,1653,1335
64528451450,64528451456,6,2075,1648
64530998901,64530998905,4,1511,934
64531107702,64531107707,5,1929,1266
64531841919,64531841917,-2,1268,1997
64535945229,64535945233,4,1667,1057
64537160739,64537160759,20,3078,1740
64538970862,64538970865,3,2259,1231
64540075050,64540075052,2,1694,1430
64545337203,64545337206,3,3472,2033
64547536837,64547536842,5,2215,1291
64559275218,64559275222,4,1844,1060
64564248662,64564248666,4,2455,1433
64565657621,64565657626,5,2099,1353
64567858549,64567858554,5,1931,1485
64571627712,64571627715,3,1719,1173
64574819001,64574819005,4,2434,1550
64576790583,64576790589,6,2152,1151
64577990302,64577990323,21,755,1517
64578549527,64578549525,-2,1115,2491
64580394568,64580394573,5,1776,914
64582382338,64582382343,5,1481,1063
64589311658,64589311659,1,1466,1401
64590791078,64590791081,3,1562,1393
64596107773,64596107778,5,1696,1121
64596191775,64596191779,4,2141,2031
64598413399,64598413389,-10,1580,1400
64600494634,64600494639,5,2368,1565
64610246283,64610246287,4,1841,1268
64610281108,64610281112,4,1890,1645
64613191642,64613191646,4,1490,800
64613281241,64613281243,2,2641,1390
64617868453,64617868459,6,1560,879
64618771353,64618771359,6,1866,1326
64618989494,64618989500,6,2449,1559
64623595479,64623595487,8,2277,1247
64623798998,64623798980,-18,956,810
64628596406,64628596410,4,2642,1234
64643849982,64643849988,6,2256,1729
64644339433,64644339435,2,1618,1296
64646891433,64646891437,4,1940,1430
64647758258,64647758263,5,1874,1237
64651234437,64651234442,5,2126,1434
64655374353,64655374355,2,1006,734
64656151878,64656151883,5,1846,1212
64657744455,64657744461,6,2669,1936
64661852077,64661852081,4,2180,1401
64662581273,64662581275,2,1904,1388
64663158705,64663158710,5,2479,2048
64664791314,64664791320,6,2586,1487
64666666078,64666666082,4,2576,1756
64666739385,64666739388,3,1381,1346
64667809441,64667809449,8,3770,1087
64670667674,64670667678,4,2499,1631
64670973893,64670973896,3,1716,2348
64672348349,64672348355,6,19056,9202
64673032278,64673032283,5,2242,1419
64675433453,64675433455,2,1546,1424
64676399833,64676399838,5,2077,1237
64679252897,64679252897,0,2656,2896
64684829010,64684828992,-18,1885,844
64686271406,64686271414,8,2946,1206
64689233679,64689233681,2,2076,1374
64689998692,64689998698,6,2669,1686
64692217633,64692217638,5,2403,1257
64701227230,64701227235,5,1360,1323
64701476142,64701476162,20,1596,1248
64708104063,64708104066,3,1663,1183
64708689549,64708689555,6,1722,1091
64708822049,64708822051,2,1740,1567
64709327578,64709327581,3,3351,2827
64710634082,64710634086,4,2543,1514
64711232703,64711232707,4,1359,835
64711717432,64711717435,3,2393,1486
64715413792,64715413796,4,2976,1437
64725077159,64725077162,3,2073,1394
64726036858,64726036866,8,2916,1136
64726107739,64726107743,4,1156,599
64728782670,64728782674,4,1408,1256
64729217998,64729218002,4,1673,1046
64729324515,64729324519,4,2433,1416
64729377841,64729377824,-17,1641,1324
64732055372,64732055378,6,3003,1269
64735063797,64735063797,0,2023,1637
64740323847,64740323851,4,1598,1161
64750853077,64750853080,3,1720,1253
64751634202,64751634206,4,1545,1070
64753590548,64753590553,5,1832,1442
64754375242,64754375248,6,2641,1894
64756939250,64756939256,6,2825,1370
64768972299,64768972302,3,2317,1802
64769559468,64769559471,3,1378,901
64772278829,64772278833,4,2406,1531
64773055706,64773055709,3,1661,1327
64776897337,64776897342,5,1907,1474
64777108662,64777108665,3,1752,1113
64777754595,64777754599,4,1548,1456
64787632715,64787632719,4,2438,1177
64789543434,64789543430,-4,1580,5564
64791650736,64791650740,4,2445,1373
64792757009,64792757011,2,2376,1740
64796262929,64796262934,5,1765,1033
64797574235,64797574241,6,2541,1525
64798513317,64798513321,4,2737,1893
64798888243,64798888248,5,1625,1385
64806597107,64806597112,5,1562,1039
64808095241,64808095246,5,1457,1068
64814186629,64814186634,5,749,1155
64816874311,64816874317,6,2651,1837
64820121085,64820121090,5,1324,1133
64826801019,64826801026,7,7332,4693
64828769658,64828769661,3,1796,1776
64830129613,64830129616,3,1740,1205
64839949906,64839949911,5,1707,1051
64841537852,64841537854,2,1401,1042
64841716638,64841716643,5,1707,1190
64842313019,64842313023,4,1252,947
64843490649,64843490654,5,2663,1254
64845475470,64845475475,5,2210,1183
64847651030,64847651035,5,1898,1099
64852628564,64852628567,3,1946,1132
64855312529,64855312534,5,2601,1958
64857257539,64857257543,4,1378,866
64859647708,64859647711,3,1284,751
64866795000,64866795002,2,2191,1409
64869046472,64869046475,3,1890,1859
64870495786,64870495794,8,1693,960
64871113604,64871113623,19,1543,1012
64871892624,64871892627,3,2177,1019
64873740221,64873740226,5,2700,1728
64876526511,64876526514,3,1183,1044
64878582043,64878582023,-20,894,508
64886902854,64886902860,6,2863,1107
64890199424,64890199428,4,2704,1413
64890550631,64890550635,4,1906,1052
64890620885,64890620889,4,1535,1058
64891732950,64891732954,4,1689,1535
64892777786,64892777789,3,2352,1411
64894836855,64894836871,16,532,198
64896845135,64896845137,2,2066,1391
64899200765,64899200767,2,1993,2159
64899570370,64899570373,3,2233,932
64900991758,64900991761,3,1696,1240
64901805533,64901805534,1,1661,1091
64904951609,64904951611,2,2146,1648
64909300464,64909300462,-2,855,2006
64910133969,64910133975,6,2588,1938
64910754742,64910754746,4,1790,1220
64910796281,64910796286,5,1418,709
64911421946,64911421949,3,2274,1708
64914709498,64914709502,4,1619,1103
64920640351,64920640358,7,3686,1735
64921330513,64921330518,5,1997,1490
64922720988,64922720988,0,1577,2098
64929915455,64929915461,6,1955,1223
64930363382,64930363383,1,1330,684
64931680937,64931680942,5,2521,1300
64936469091,64936469095,4,1734,968
64940114350,64940114353,3,1276,1132
64940260758,64940260773,15,1268,143
64941965382,64941965385,3,2561,1302
64943991851,64943991850,-1,1026,1649
64944453107,64944453113,6,2279,1907
64944483802,64944483808,6,2800,1647
64945736117,64945736122,5,1840,1357
64948604470,64948604474,4,2125,1100
64949432350,64949432355,5,2192,1529
64950576091,64950576098,7,3724,1289
64951120320,64951120325,5,1914,1065
64951493775,64951493779,4,3411,1954
64951782203,64951782206,3,2109,1218
64952617440,64952617454,14,1565,5068
64955962034,64955962039,5,3032,1495
64956118174,64956118175,1,1894,1177
64959610107,64959610111,4,1298,1300
64960162542,64960162548,6,2252,1145
64967564062,64967564065,3,2708,1866
64970893173,64970893177,4,1471,1074
64971858198,64971858201,3,7757,28855
64976107430,64976107432,2,2706,1383
64979880070,64979880075,5,1980,1510
64983409837,64983409844,7,1776,793
64983944923,64983944925,2,1546,956
64984975906,64984975910,4,2867,1230
64985028559,64985028543,-16,1509,997
64986104963,64986104971,8,2642,843
64991831418,64991831422,4,1786,1176
64995860879,64995860883,4,1897,1187
65000140130,65000140137,7,2333,1723
65000647826,65000647825,-1,1053,2324
65001581344,65001581348,4,1785,1142
65003379214,65003379218,4,2770,1454
65005050621,65005050625,4,2778,1532
65005495593,65005495597,4,2685,1475
65005883910,65005883913,3,1974,1472
65006180109,65006180095,-14,2260,936
65011181710,65011181714,4,2322,1295
65016718544,65016718543,-1,1152,983
65018284411,65018284418,7,2529,1288
65018655474,65018655478,4,1652,1509
65021321830,65021321834,4,1711,1255
65024427013,65024426996,-17,2210,1482
65026958242,65026958246,4,2209,1586
65027020935,65027020941,6,1928,1040
65027806386,65027806392,6,2297,1034
65028554377,65028554382,5,1991,1383
65032329774,65032329778,4,1136,676
65043345442,65043345444,2,2580,1611
65046895007,65046895005,-2,19304,15190
65048777298,65048777302,4,2170,1114
65049732262,65049732266,4,2188,1680
65050501898,65050501901,3,3001,1505
65051651870,65051651878,8,1639,1167
65055706686,65055706692,6,1739,1293
65056380831,65056380834,3,1348,1739
65056714985,65056714990,5,2514,1699
65058663889,65058663894,5,1505,1026
65061974397,65061974402,5,2617,1670
65066193754,65066193757,3,1338,1500
65070974381,65070974385,4,2101,1344
65073588160,65073588164,4,2441,1624
65074007172,65074007171,-1,1738,1405
65078578795,65078578801,6,2020,997
65080151651,65080151654,3,1065,1133
65080655448,65080655450,2,2092,1245
65081070681,65081070686,5,1299,669
65081190682,65081190685,3,2108,2439
65081313643,65081313647,4,1434,648
65081440791,65081440772,-19,2710,1902
65083542060,65083542081,21,115,1866
65085034933,65085034938,5,2645,1452
65085258893,65085258897,4,1204,820
65086926110,65086926114,4,1955,1274
65088325093,65088325098,5,1725,1257
65089780170,65089780173,3,2371,1282
65089905325,65089905335,10,2516,1491
65090239993,65090240015,22,2276,1061
65102513335,65102513339,4,1495,1332
65107321277,65107321281,4,2366,2138
65111418453,65111418455,2,1660,683
65113375978,65113375982,4,2144,1271
65114959346,65114959351,5,1223,1289
65117385602,65117385607,5,1905,724
65118432962,65118432969,7,1757,1099
65121333190,65121333188,-2,1036,2569
65122302609,65122302613,4,1851,1414
65124673007,65124673010,3,2284,1311
65124703258,65124703262,4,2803,1743
65126341874,65126341878,4,1788,1394
65126541073,65126541072,-1,1114,1750
65128018398,65128018401,3,1806,1438
65128061099,65128061101,2,1158,1123
65128587139,65128587135,-4,1108,2436
65129795879,65129795882,3,2261,1081
65136102588,65136102591,3,2247,1962
65137612539,65137612542,3,1717,1100
65139179895,65139179899,4,2111,1400
65139974054,65139974059,5,2044,1162
65141624749,65141624751,2,1417,1409
65142451182,65142451187,5,2552,1278
65142584219,65142584226,7,4055,1402
65145052201,65145052205,4,2156,1191
65152229617,65152229622,5,3773,2388
65154288829,65154288835,6,2701,1334
65155524198,65155524212,14,1815,1083
65156484526,65156484531,5,2080,1370
65157058798,65157058803,5,1737,1546
65164232054,65164232056,2,1411,1658
65164756299,65164756305,6,2689,1359
65165750466,65165750471,5,1851,814
65168209333,65168209337,4,2408,1127
65170849302,65170849305,3,1358,638
65171724823,65171724826,3,1786,1158
65177309693,65177309696,3,2280,993
65178506756,65178506759,3,1557,1317
65180537529,65180537530,1,3546,4130
65180899944,65180899946,2,1626,1413
65181838791,65181838797,6,1737,1404
65183703234,65183703238,4,1650,1048
65184818964,65184818971,7,5462,1088
65185631907,65185631917,10,538,226
65187041349,65187041342,-7,2629,7958
65189227922,65189227926,4,1937,1022
65189398459,65189398448,-11,1004,342
65191624405,65191624411,6,2300,1440
65199191023,65199191027,4,2913,1729
65199887839,65199887842,3,1730,952
65204968070,65204968073,3,1774,1788
65205748262,65205748267,5,2455,1566
65209739969,65209739970,1,1846,1249
65211221471,65211221450,-21,2155,1778
65211274346,65211274350,4,2338,1522
65211821583,65211821586,3,2244,1477
65213522069,65213522076,7,1781,1033
65217074718,65217074722,4,1705,1226
65218055133,65218055135,2,1756,1047
65218872630,65218872633,3,1435,1201
65219947051,65219947056,5,2605,1480
65222782186,65222782191,5,2193,1501
65226059402,65226059406,4,3295,1875
65226420423,65226420428,5,1826,1420
65230036798,65230036805,7,2297,1697
65230753582,65230753577,-5,1272,4224
65233011646,65233011653,7,1719,1206
65233943789,65233943795,6,2602,1389
65235252931,65235252928,-3,1431,1655
65236365525,65236365528,3,2085,1319
65236669137,65236669141,4,2511,1376
65237402334,65237402337,3,1760,1757
65238817502,65238817507,5,1923,1016
65243860290,65243860294,4,1936,1062
65244570137,65244570138,1,2346,1442
65245174519,65245174526,7,4081,1677
65249252645,65249252650,5,1421,1060
65251374996,65251375004,8,11345,46927
65251549317,65251549320,3,1889,1508
65254385954,65254385957,3,1648,1354
65254597237,65254597241,4,1612,1108
65255103274,65255103279,5,1893,1172
65256558752,65256558754,2,1721,1674
65259603342,65259603342,0,1698,1844
65260098294,65260098299,5,1687,1318
65260249639,65260249643,4,1635,1225
65261663662,65261663663,1,1272,1599
65263291293,65263291297,4,1793,1065
65264758138,65264758142,4,2767,1373
65265084247,65265084250,3,1291,1371
65265487817,65265487819,2,1297,2295
65266045865,65266045870,5,2723,1721
65268687335,65268687338,3,1336,1268
65269399457,65269399463,6,1829,1050
65272540928,65272540933,5,1897,1318
65272614153,65272614159,6,2591,998
65273055270,65273055252,-18,1229,834
65275026012,65275026014,2,2383,1475
65279378681,65279378685,4,1730,1197
65280269006,65280269011,5,2030,1432
65281601561,65281601564,3,1609,1263
65282115726,65282115731,5,2504,1156
65289102105,65289102109,4,1429,1154
65289469456,65289469463,7,2936,1455
65291784626,65291784629,3,1880,1120
65293078499,65293078503,4,2210,1406
65293424228,65293424231,3,1861,1348
65294067087,65294067091,4,2707,1793
65295246839,65295246845,6,2973,1287
65295876282,65295876288,6,1153,799
65296747138,65296747138,0,1102,1428
65297107492,65297107495,3,1170,512
65298949166,65298949171,5,1552,843
65300006465,65300006471,6,2070,1354
65300343987,65300343992,5,1613,1412
65302143689,65302143694,5,2231,1257
65308020197,65308020207,10,19138,24374
65313289741,65313289745,4,1633,1459
65314263781,65314263783,2,1671,1204
65314668093,65314668087,-6,1957,5614
65316378994,65316378999,5,2500,1597
65316932747,65316932752,5,1771,1302
65319841047,65319841051,4,2120,1301
65320019570,65320019575,5,2024,1180
65321188005,65321188013,8,4928,2351
65321530509,65321530514,5,1691,1433
65323242238,65323242222,-16,1295,957
65327432083,65327432089,6,2074,1204
65328533754,65328533759,5,2469,1139
65328825396,65328825401,5,2205,1181
65335752286,65335752291,5,2187,1196
65336170068,65336170071,3,1791,1344
65337223934,65337223937,3,2109,1297
65337620264,65337620258,-6,1688,8189
65338961362,65338961382,20,1067,866
65339402649,65339402652,3,1281,1030
65339777809,65339777813,4,1892,1299
65340288499,65340288507,8,1569,1046
65344313865,65344313871,6,2847,1475
65344519517,65344519524,7,1078,1041
65345008490,65345008494,4,2374,1890
65348937639,65348937643,4,2533,1844
65357779682,65357779682,0,1475,1477
65360426014,65360426017,3,1536,1063
65364514663,65364514667,4,1676,1522
65365738113,65365738118,5,2200,1465
65366669542,65366669546,4,1821,1261
65377906163,65377906165,2,2204,1712
65378047297,65378047300,3,1826,1667
65378999482,65378999488,6,2117,1167
65379296436,65379296439,3,1751,1373
65379510554,65379510559,5,1911,986
65383006187,65383006190,3,1950,1132
65384556647,65384556652,5,1847,1133
65385250132,65385250137,5,2281,865
65387887910,65387887915,5,2192,953
65389633274,65389633276,2,1821,2187
65389921460,65389921465,5,2308,1023
65391873537,65391873540,3,1992,1415
65393853830,65393853835,5,2511,1253
65394805281,65394805279,-2,1004,12516
65398008653,65398008655,2,2536,2269
65404099890,65404099895,5,2426,1380
65409304489,65409304492,3,1422,1230
65410496217,65410496222,5,2812,1851
65412499895,65412499898,3,2161,978
65412788881,65412788886,5,1592,1321
65414488891,65414488887,-4,526,1893
65415566806,65415566810,4,2479,1137
65417550378,65417550380,2,1843,1531
65418474193,65418474198,5,2770,1696
65418822262,65418822267,5,1579,1131
65420365426,65420365430,4,2405,1254
65426568441,65426568446,5,2623,1802
65430250171,65430250177,6,2208,1015
65431749561,65431749565,4,977,1454
65432086308,65432086308,0,1840,2425
65433427488,65433427484,-4,1065,3179
65436340342,65436340326,-16,1309,988
65436449441,65436449446,5,2623,1433
65436846008,65436846013,5,4983,22350
65436933462,65436933469,7,1889,1374
65441188786,65441188790,4,2772,1610
65442946115,65442946119,4,1436,1081
65446695098,65446695101,3,1829,1264
65447507567,65447507574,7,1740,785
65449503221,65449503225,4,1151,1294
65450061910,65450061919,9,1359,1262
65450450906,65450450910,4,14685,8657
65451690160,65451690164,4,1460,1733
65455470552,65455470555,3,1864,1157
65456773757,65456773760,3,2079,1506
65463633739,65463633744,5,2463,1279
65463836518,65463836522,4,1847,1391
65467877353,65467877350,-3,2141,3718
65470285749,65470285752,3,2664,1606
65472912519,65472912523,4,1325,817
65476078848,65476078855,7,5655,2837
65477018031,65477018035,4,1854,1371
65485056657,65485056662,5,1678,1028
65486714166,65486714169,3,1390,986
65489274181,65489274186,5,2182,1226
65493888258,65493888261,3,1594,1447
65494570246,65494570246,0,1190,1285
65497977429,65497977437,8,4040,1647
65505616789,65505616793,4,3254,1722
65511108354,65511108358,4,2377,1424
65511704969,65511704974,5,3057,1479
65512709491,65512709495,4,3033,1381
65514367661,65514367653,-8,1638,5421
65516943444,65516943448,4,2318,1676
65517261331,65517261334,3,2622,1731
65524488757,65524488762,5,1948,1520
65531582147,65531582150,3,1982,1266
65537604373,65537604376,3,2013,1377
65538487070,65538487074,4,1303,961
65538592355,65538592360,5,1859,1036
65539901530,65539901534,4,1499,1208
65540915009,65540915013,4,2093,1549
65543397919,65543397922,3,1520,1172
65543463806,65543463811,5,1652,949
65544040886,65544040889,3,1772,1554
65545841989,65545841995,6,1678,1181
65546783238,65546783244,6,2374,809
65548192266,65548192269,3,1875,1259
65555168910,65555168914,4,1657,1166
65557092494,65557092502,8,1520,693
65559852810,65559852813,3,2180,1291
65564297667,65564297671,4,1980,1029
65567785620,65567785623,3,2266,1377
65568641907,65568641913,6,2618,1653
65573678230,65573678233,3,1691,1121
65582088302,65582088289,-13,880,124
65583886080,65583886086,6,3289,1531
65585562078,65585562083,5,1069,888
65586397036,65586397039,3,1436,1132
65591173521,65591173526,5,2895,1325
65591587510,65591587517,7,2535,1287
65592408797,65592408802,5,2606,1393
65604619173,65604619176,3,2500,1440
65605068113,65605068118,5,1563,1140
65606359133,65606359135,2,1287,1001
65608593602,65608593606,4,1494,1116
65609308011,65609308014,3,2543,1921
65611995531,65611995538,7,1916,1216
65617688274,65617688279,5,2268,1382
65623431087,65623431086,-1,1355,1990
65629360549,65629360554,5,1511,1406
65630411209,65630411214,5,2226,1439
65633929772,65633929777,5,1936,1805
65634220781,65634220776,-5,1388,2763
65636141215,65636141221,6,1592,927
65636950844,65636950841,-3,1749,3563
65637739649,65637739664,15,16549,39003
65638178412,65638178417,5,1815,1374
65641577299,65641577305,6,2242,1128
65642334157,65642334161,4,1547,1373
65643341809,65643341812,3,2934,1292
65645701651,65645701654,3,1446,901
65647473003,65647473010,7,1450,1182
65649013189,65649013190,1,1585,1476
65649572575,65649572578,3,1734,2428
65653653025,65653653015,-10,13154,29076
65654906098,65654906098,0,1088,1303
65655460819,65655460823,4,1849,871
65656077714,65656077694,-20,1323,533
65666191873,65666191878,5,2684,1525
65666559585,65666559589,4,1533,1273
65670615798,65670615803,5,1861,1234
65674566443,65674566449,6,1431,715
65674689555,65674689559,4,2095,1660
65678738805,65678738809,4,1715,1105
65681280706,65681280710,4,2391,1532
65681939586,65681939582,-4,828,320
65687620119,65687620124,5,2037,1271
65692184106,65692184110,4,1537,1060
65693747065,65693747068,3,1302,1359
65704226866,65704226870,4,2306,1179
65709245399,65709245404,5,2462,1382
65710988913,65710988916,3,2305,1325
65713635078,65713635083,5,2048,940
65714533963,65714533968,5,2695,1220
65716921032,65716921036,4,2009,1372
65717168558,65717168564,6,1562,1430
65722674174,65722674177,3,1578,1270
65722916340,65722916357,17,1947,1017
65724481273,65724481279,6,1899,973
65725095936,65725095941,5,1958,1236
65728567491,65728567494,3,1006,1056
65731820243,65731820246,3,1882,1674
65744046865,65744046870,5,1755,1104
65746358582,65746358586,4,2393,1108
65747495861,65747495866,5,1805,1182
65748081386,65748081390,4,2240,1267
65751196761,65751196764,3,2602,1813
65751255777,65751255781,4,1290,1362
65753126763,65753126767,4,1974,1272
65753371156,65753371159,3,1938,1826
65754135168,65754135169,1,1591,1448
65754543047,65754543042,-5,1908,1268
65759193041,65759193045,4,1666,1498
65759831968,65759831950,-18,1154,894
65764202059,65764202063,4,2086,1414
65765337708,65765337715,7,1652,1104
65766263514,65766263519,5,2275,1506
65768433963,65768433966,3,1376,1249
65772162497,65772162501,4,2119,1492
65773915974,65773915977,3,1551,1463
65773978715,65773978734,19,2180,1950
65775275578,65775275582,4,1792,1564
65776586671,65776586674,3,1588,1740
65782451493,65782451495,2,2301,966
65782674741,65782674737,-4,1933,5394
65785058047,65785058041,-6,825,3075
65787798354,65787798356,2,2327,1629
65788976603,65788976607,4,2026,1282
65791985778,65791985785,7,1596,1510
65795167101,65795167103,2,2917,1552
65797042647,65797042650,3,1205,1269
65799033679,65799033674,-5,723,2107
65808331448,65808331451,3,1772,1405
65810011047,65810011054,7,2093,1387
65810036283,65810036287,4,1445,1100
65810357690,65810357668,-22,1659,991
65812130078,65812130082,4,2442,1586
65815996657,65815996659,2,1892,1637
65819417686,65819417682,-4,1001,4018
65821451798,65821451804,6,2247,1438
65829933622,65829933625,3,1798,1304
65831351030,65831351034,4,1453,1328
65832680383,65832680385,2,3088,1436
65836313432,65836313437,5,2668,1541
65836683802,65836683805,3,1999,1582
65839761350,65839761354,4,2179,1492
65841470742,65841470746,4,2252,1183
65842358260,65842358263,3,2504,2216
65845611254,65845611258,4,1746,1294
65847633998,65847634002,4,2482,1505
65847735530,65847735542,12,1820,956
65850670426,65850670430,4,1288,1259
65851156925,65851156929,4,1618,985
65857467960,65857467965,5,1367,1292
65858503497,65858503498,1,1922,1305
65860715668,65860715671,3,1313,1056
65861218358,65861218355,-3,1064,1864
65862778884,65862778887,3,1860,1014
65870726006,65870726007,1,1776,1268
65872339406,65872339411,5,1747,1527
65872783693,65872783699,6,2405,965
65876429323,65876429328,5,2200,984
65877687770,65877687786,16,784,3549
65877947267,65877947273,6,3644,2442
65884506947,65884506950,3,2101,1621
65885861406,65885861411,5,2598,1614
65888375681,65888375686,5,2089,1248
65891403114,65891403119,5,1856,1130
65896580030,65896580035,5,1337,929
65907198429,65907198434,5,1467,1243
65908105454,65908105466,12,13874,40220
65910067702,65910067705,3,1933,1195
65914145599,65914145603,4,1361,929
65915026218,65915026221,3,1138,977
65915306766,65915306769,3,1763,1215
65925590276,65925590282,6,3202,1206
65926470970,65926470974,4,2675,1085
65933974638,65933974642,4,2025,1412
65935489877,65935489882,5,2042,1590
65940580409,65940580414,5,1846,1376
65941072142,65941072145,3,2582,1560
65941775474,65941775480,6,1725,1043
65942408870,65942408872,2,1802,1290
65943111244,65943111249,5,2781,1758
65943425791,65943425789,-2,5057,8650
65947730859,65947730864,5,1569,1074
65948415811,65948415813,2,826,704
65950270558,65950270561,3,2101,1926
65950663462,65950663465,3,1136,1202
65952835066,65952835070,4,1961,1400
65953015658,65953015661,3,1663,820
65959944291,65959944294,3,1634,1107
65960755611,65960755614,3,1879,1628
65961234287,65961234291,4,1678,1308
65966334481,65966334486,5,1522,834
65969330990,65969330995,5,1520,1364
65977091705,65977091706,1,1598,1742
65977873944,65977873949,5,2309,1411
65978630401,65978630404,3,2174,1312
65983406008,65983406005,-3,1525,4349
65987896363,65987896367,4,2025,1465
65989377145,65989377148,3,1799,1216
65995205536,65995205541,5,2492,1182
65995737498,65995737503,5,1709,1206
65997188970,65997188974,4,1866,1401
65998533214,65998533218,4,2105,1339
65998729513,65998729518,5,2358,1643
65999510294,65999510299,5,1437,1012
66003206456,66003206460,4,1801,1074
66003270846,66003270854,8,1889,1125
66005829667,66005829670,3,1496,1377
66006375165,66006375169,4,1908,1652
66008426575,66008426580,5,1951,1516
66009050658,66009050663,5,1811,1402
66012325465,66012325469,4,2462,1504
66014642954,66014642959,5,2107,1519
66016486514,66016486518,4,1460,1125
66017139886,66017139891,5,1263,1242
66017305430,66017305435,5,1935,1558
66017612627,66017612606,-21,1967,1239
66024016600,66024016603,3,1983,1215
66028125094,66028125099,5,2068,1173
66028645745,66028645750,5,2316,1907
66029586940,66029586943,3,1993,1268
66030240878,66030240882,4,1547,896
66030870497,66030870502,5,2205,1179
66031198400,66031198415,15,2154,1991
66032476374,66032476377,3,1550,1649
66032803222,66032803226,4,1874,1086
66032961982,66032961986,4,1821,1144
66037122345,66037122352,7,2729,1052
66041204571,66041204575,4,2055,1529
66042533283,66042533287,4,2362,1724
66044785770,66044785773,3,1723,1264
66045953186,66045953193,7,1303,898
66046571139,66046571118,-21,1899,1279
66047154377,66047154382,5,5485,2582
66052189692,66052189689,-3,5927,15170
66053599605,66053599607,2,1537,765
66055679654,66055679656,2,2033,1335
66061337407,66061337410,3,3047,1908
66061972574,66061972579,5,2252,1568
66063843609,66063843615,6,3396,2016
66066365673,66066365678,5,2120,1320
66066707376,66066707380,4,1377,1193
66070260350,66070260353,3,2656,1295
66070857319,66070857303,-16,1020,368
66071367493,66071367495,2,2149,1198
66073039949,66073039951,2,1707,1490
66073491362,66073491366,4,2983,1276
66081701364,66081701370,6,2634,1018
66082557579,66082557578,-1,1613,2495
66084453950,66084453955,5,1706,1278
66086332361,66086332366,5,1737,1272
66094601993,66094601998,5,1070,1042
66095261821,66095261827,6,1660,1382
66096710732,66096710737,5,2096,1172
66098171955,66098171959,4,2489,1336
66099150075,66099150075,0,1094,1488
66100221747,66100221751,4,1601,1000
66101935816,66101935821,5,1685,1656
66102886621,66102886624,3,12044,19632
66104076484,66104076487,3,1792,1558
66107558220,66107558222,2,2298,1286
66108889469,66108889473,4,1910,1368
66109067926,66109067931,5,1537,1015
66110685838,66110685840,2,1359,2297
66111936621,66111936623,2,2118,1336
66126366058,66126366063,5,2246,1557
66129411360,66129411364,4,1843,873
66130468340,66130468343,3,1881,1116
66132927149,66132927155,6,1785,1141
66133530873,66133530876,3,1359,1086
66138283603,66138283608,5,1831,798
66139404598,66139404601,3,2172,1455
66141815922,66141815918,-4,1344,2387
66151129883,66151129887,4,1785,1550
66151295193,66151295185,-8,931,4799
66153369482,66153369498,16,1421,993
66154536957,66154536959,2,1952,1178
66154944161,66154944163,2,2146,1247
66157680455,66157680458,3,2096,1251
66159448912,66159448906,-6,1341,4383
66160101519,66160101523,4,2841,1491
66165386577,66165386583,6,1592,1251
66167832423,66167832426,3,1869,1287
66168004422,66168004427,5,1887,985
66168647701,66168647707,6,2507,1737
66168819962,66168819967,5,2274,1449
66172056895,66172056898,3,1651,1148
66180284986,66180284990,4,2047,1273
66181818834,66181818839,5,2145,1006
66185422650,66185422654,4,1692,1230
66186837342,66186837345,3,2143,1481
66188550030,66188550034,4,2743,1652
66195426121,66195426125,4,1905,1402
66197624262,66197624266,4,1867,1798
66200458348,66200458349,1,842,453
66200822367,66200822371,4,1842,1144
66201043664,66201043668,4,1766,1324
66205024645,66205024650,5,1730,1380
66208440590,66208440589,-1,1435,3103
66209262835,66209262840,5,1388,1371
66210072782,66210072789,7,1552,1573
66211459985,66211459990,5,1365,1594
66211694305,66211694309,4,2882,2073
66216565651,66216565656,5,2074,1611
66218125453,66218125457,4,1902,1312
66222980445,66222980446,1,3464,1861
66223407570,66223407575,5,2264,1349
66227904696,66227904699,3,2140,1257
66228014595,66228014599,4,2161,1213
66229728617,66229728622,5,1900,1550
66231043077,66231043081,4,2193,1330
66231542033,66231542014,-19,1603,1025
66232108579,66232108582,3,1798,1640
66239061859,66239061862,3,1333,1319
66240303606,66240303608,2,1200,1281
66243143062,66243143067,5,2177,1710
66244747342,66244747347,5,1710,1250
66245835737,66245835741,4,1902,1710
66246612882,66246612886,4,2213,1185
66251171936,66251171938,2,1621,1908
66252535009,66252535013,4,1877,1342
66257349408,66257349411,3,1554,1579
66257632094,66257632100,6,1903,1150
66258307395,66258307400,5,1417,1288
66258946076,66258946080,4,2538,1453
66259875101,66259875106,5,1395,1329
66260413725,66260413732,7,5645,803
66262478114,66262478120,6,2290,911
66262695142,66262695149,7,2147,1269
66263520497,66263520502,5,2120,1321
66264306970,66264306974,4,2479,1618
66264991829,66264991834,5,2198,1373
66265997166,66265997169,3,2030,902
66275575430,66275575436,6,1833,925
66275735690,66275735694,4,1596,1311
66277359822,66277359827,5,2120,1289
66284439113,66284439112,-1,3824,12938
66285716615,66285716618,3,2276,1235
66285766867,66285766846,-21,1492,1317
66287645649,66287645650,1,1627,2072
66288174096,66288174098,2,1423,1000
66288270783,66288270789,6,3048,1424
66289122884,66289122890,6,2462,1010
66292357222,66292357227,5,2725,1251
66294212026,66294212034,8,2092,1462
66295609594,66295609599,5,2368,1625
66296391107,66296391101,-6,1863,8350
66297029373,66297029378,5,1945,1085
66298080474,66298080478,4,2576,1418
66298953307,66298953313,6,2334,1476
66299763785,66299763787,2,1992,1159
66301735990,66301735994,4,2006,1414
66304783898,66304783880,-18,553,271
66307571286,66307571290,4,2886,1171
66309880202,66309880207,5,1552,1137
66317274961,66317274965,4,1561,1140
66318520726,66318520730,4,2374,1238
66331034795,66331034802,7,2277,1424
66335136517,66335136520,3,1280,1192
66335698658,66335698672,14,1124,917
66338156598,66338156604,6,2098,1453
66338806351,66338806357,6,1894,1036
66340355222,66340355227,5,2148,951
66341878902,66341878909,7,1911,1296
66342606806,66342606807,1,1024,1125
66343276470,66343276474,4,2196,1226
66354942072,66354942074,2,1883,1365
66356467348,66356467351,3,2117,1009
66358031178,66358031183,5,2067,1203
66364838181,66364838185,4,1555,1381
66365011297,66365011298,1,1280,1520
66368952021,66368952025,4,1548,1123
66374615743,66374615747,4,1478,1105
66375450928,66375450933,5,2012,941
66378867589,66378867594,5,2142,1093
66379589511,66379589508,-3,1568,3593
66381749716,66381749721,5,1706,1407
66384042844,66384042849,5,3363,2274
66386670231,66386670234,3,1378,927
66387205169,66387205176,7,1384,707
66398199803,66398199788,-15,1788,1346
66400844106,66400844110,4,1691,954
66403347652,66403347657,5,1993,1134
66405089476,66405089481,5,1935,1047
66407864767,66407864766,-1,1045,2600
66411042892,66411042898,6,2812,1301
66412735553,66412735558,5,2782,1551
66413005617,66413005629,12,1692,985
66417805429,66417805435,6,3309,1334
66423925580,66423925599,19,1095,1487
66429906302,66429906306,4,2091,1418
66430178023,66430178006,-17,1534,507
66437331533,66437331537,4,1964,1495
66437529179,66437529184,5,2098,1269
66438510642,66438510646,4,2831,1684
66438687450,66438687455,5,1645,1284
66438781513,66438781518,5,2730,2258
66439298730,66439298731,1,652,434
66444003498,66444003502,4,1550,1017
66444871392,66444871394,2,1462,1458
66445831682,66445831685,3,1934,1370
66447437989,66447437995,6,2937,857
66451950065,66451950045,-20,1905,645
66452143379,66452143386,7,7072,2378
66455897408,66455897412,4,1879,1669
66459269064,66459269067,3,2831,1515
66466200133,66466200135,2,1632,1075
66469341854,66469341854,0,1901,2489
66470827315,66470827318,3,2105,1281
66476929385,66476929387,2,1846,1459
66477329306,66477329311,5,1039,964
66481824558,66481824567,9,2747,1259
66482752928,66482752930,2,1466,1294
66485653162,66485653167,5,2493,1300
66486639851,66486639858,7,1877,948
66487170489,66487170491,2,2724,1803
66487626822,66487626826,4,2272,903
66488359425,66488359429,4,2239,1443
66489186539,66489186544,5,2904,1102
66501437131,66501437134,3,1926,1354
66509049534,66509049539,5,1608,977
66511746358,66511746363,5,2093,1577
66517187414,66517187418,4,2326,1309
66518173018,66518173022,4,2135,1171
66518260991,66518260994,3,2598,1490
66518389377,66518389381,4,2385,1158
66520146178,66520146182,4,1729,987
66520304222,66520304225,3,822,801
66529812349,66529812355,6,1565,1094
66537921442,66537921445,3,1804,1492
66547680414,66547680418,4,2421,1556
66550943469,66550943474,5,2314,1701
66556845190,66556845194,4,1828,1348
66557995375,66557995379,4,1956,1238
66561326791,66561326793,2,1328,1010
66563755817,66563755818,1,1971,1037
66568800253,66568800260,7,2736,1548
66570002856,66570002859,3,1162,855
66582903223,66582903225,2,2048,1153
66588813255,66588813261,6,2077,1496
66598605973,66598605970,-3,42750,18970
66599679857,66599679861,4,1389,1206
66603675450,66603675454,4,1989,1160
66613300916,66613300921,5,2098,1657
66613593290,66613593293,3,968,799
66613796986,66613796989,3,1777,1310
66617916396,66617916402,6,1770,1111
66618071670,66618071656,-14,2874,833
66620038746,66620038749,3,1640,892
66623530823,66623530827,4,2081,1291
66624354167,66624354170,3,1822,1191
66625086298,66625086302,4,1813,961
66627956873,66627956876,3,1581,1178
66628676935,66628676940,5,1433,1283
66630160786,66630160790,4,1747,857
66635245792,66635245797,5,1712,853
66638794745,66638794750,5,1457,1191
66639747678,66639747682,4,1720,1115
66639821938,66639821942,4,2317,1373
66640605611,66640605614,3,2113,921
66641561866,66641561847,-19,2510,1215
66641913263,66641913265,2,1715,1082
66645849005,66645849007,2,1964,1114
66646934902,66646934906,4,2454,1393
66647698679,66647698683,4,1579,1284
66649125015,66649125019,4,1832,1567
66652139313,66652139318,5,1775,1177
66655463822,66655463827,5,2573,1455
66656698325,66656698331,6,2030,1361
66661811533,66661811531,-2,1440,1169
66661875590,66661875596,6,2217,1410
66674551154,66674551161,7,1953,1434
66686545022,66686545027,5,1441,951
66686707352,66686707355,3,1803,1652
66688478487,66688478491,4,1425,1011
66689438330,66689438334,4,2421,1224
66690046460,66690046462,2,2034,1710
66690460059,66690460063,4,2668,1697
66692050788,66692050795,7,2370,905
66693155732,66693155735,3,943,1084
66697528983,66697528985,2,1808,1520
66697978471,66697978474,3,2268,1415
66699340945,66699340952,7,10937,24683
66700251664,66700251671,7,2419,1063
66700846179,66700846183,4,1477,1211
66701863398,66701863403,5,1488,1278
66705002794,66705002798,4,1482,920
66705271150,66705271157,7,1213,1122
66706266474,66706266477,3,1643,935
66707418342,66707418346,4,2182,1595
66707482780,66707482782,2,2214,1192
66708481899,66708481876,-23,1145,1260
66709643267,66709643277,10,3397,1224
66710680839,66710680845,6,2892,1354
66715354482,66715354486,4,1686,1365
66717359304,66717359309,5,2119,1281
66721788680,66721788674,-6,1551,7274
66723119754,66723119759,5,1520,1541
66725928362,66725928365,3,1197,1807
66726180577,66726180582,5,1993,993
66726306606,66726306605,-1,704,99
66736146310,66736146314,4,948,896
66743650442,66743650447,5,2319,1329
66746267341,66746267346,5,2340,1177
66749199663,66749199667,4,1763,1282
66762087302,66762087297,-5,1216,2578
66765190820,66765190824,4,2207,1525
66766887570,66766887569,-1,3246,3142
66768209182,66768209186,4,1816,1382
66768574642,66768574647,5,4072,2109
66770941197,66770941201,4,1833,1708
66771956691,66771956694,3,2238,1328
66773612693,66773612698,5,2271,1243
66774351330,66774351331,1,1977,1684
66778610876,66778610881,5,2381,1640
66779250518,66779250504,-14,1789,722
66780210654,66780210658,4,1450,1180
66781249085,66781249082,-3,1017,1226
66782148317,66782148321,4,2614,1734
66784535544,66784535550,6,2042,1547
66786200074,66786200079,5,1881,1260
66787577622,66787577623,1,2267,1514
66789318720,66789318723,3,1699,1319
66790747950,66790747954,4,2097,1259
66793768734,66793768740,6,2536,1714
66795859634,66795859640,6,1727,1144
66796002656,66796002659,3,2260,1539
66796046810,66796046814,4,1985,1110
66798674354,66798674358,4,1710,819
66799376026,66799376030,4,2017,893
66801192174,66801192178,4,1782,1167
66801284887,66801284886,-1,700,77
66802416342,66802416342,0,1695,2111
66802950805,66802950810,5,2148,1141
66803878875,66803878881,6,2397,1267
66805403362,66805403342,-20,1832,1666
66805729217,66805729221,4,2268,1307
66808437410,66808437414,4,2128,1487
66808656790,66808656793,3,1457,1412
66812873134,66812873138,4,2137,1753
66814662068,66814662073,5,1964,1086
66817701887,66817701893,6,2682,1668
66818254266,66818254271,5,5922,2024
66819071369,66819071386,17,15512,48669
66825082180,66825082177,-3,1354,3471
66831445733,66831445737,4,2219,1163
66836017991,66836017994,3,9480,7022
66839085318,66839085321,3,2413,2065
66843476542,66843476537,-5,2018,3755
66845029770,66845029773,3,1410,1127
66848619026,66848619026,0,1797,1145
66850896642,66850896645,3,2256,1656
66853266488,66853266491,3,1722,630
66853780034,66853780038,4,1412,1307
66871605076,66871605080,4,2411,2021
66871762994,66871762997,3,1353,1155
66872740603,66872740607,4,2470,1363
66873487557,66873487563,6,1999,1130
66875913569,66875913564,-5,1849,5513
66876246524,66876246527,3,2244,1453
66876628653,66876628658,5,2132,1464
66882041963,66882041967,4,2547,1065
66885003787,66885003792,5,2105,1214
66886057745,66886057749,4,2179,1378
66888413073,66888413077,4,2272,1849
66889167227,66889167230,3,1685,1407
66895588386,66895588391,5,1584,1139
66898503537,66898503542,5,2329,1136
66898818929,66898818933,4,1979,977
66898961434,66898961438,4,2305,1677
66901651677,66901651681,4,2716,1044
66902392175,66902392180,5,1917,1390
66907823115,66907823117,2,989,1046
66909251737,66909251738,1,1429,1105
66909804078,66909804082,4,1537,1409
66910400912,66910400915,3,1566,1131
66912203865,66912203867,2,1633,1212
66913209030,66913209032,2,2372,1474
66919047675,66919047675,0,1623,1538
66920804408,66920804419,11,15232,20196
66921087478,66921087479,1,364,761
66922360094,66922360098,4,2256,1166
66922659605,66922659609,4,1981,1776
66931635304,66931635308,4,1634,1561
66938026270,66938026275,5,1805,1479
66944704650,66944704656,6,2133,1789
66946411697,66946411700,3,1220,963
66950551601,66950551602,1,1459,1083
66952306871,66952306876,5,2596,1550
66952960010,66952960015,5,3084,1561
66960111909,66960111913,4,1392,1136
66960855498,66960855502,4,1687,1315
66964895126,66964895130,4,2776,1643
66965718248,66965718251,3,2244,1133
66966288322,66966288325,3,1805,1125
66970780061,66970780067,6,1465,852
66974108198,66974108202,4,3009,2388
66980632347,66980632351,4,2133,1713
66985198570,66985198572,2,1597,1364
66990981361,66990981357,-4,1179,3958
66994261613,66994261617,4,2171,1743
66998545253,66998545255,2,1839,826
67005789562,67005789566,4,2280,1213
67013242010,67013242015,5,1938,1058
67013296617,67013296619,2,2139,1596
67014450275,67014450279,4,2594,1281
67016358643,67016358646,3,1825,1511
67020184917,67020184919,2,2114,829
67021003872,67021003876,4,2104,994
67022442884,67022442889,5,1876,1202
67035371659,67035371665,6,2588,1357
67036293011,67036293015,4,1624,1554
67037918650,67037918657,7,2006,1727
67038694890,67038694897,7,4501,1359
67040551238,67040551236,-2,1416,1867
67043060786,67043060789,3,1809,1063
67046054001,67046054003,2,2002,1521
67047646799,67047646806,7,1271,721
67052754623,67052754627,4,1462,1118
67055904253,67055904254,1,1496,893
67058733136,67058733138,2,2283,1891
67061043798,67061043796,-2,17555,4782
67061250130,67061250131,1,1267,1352
67062245690,67062245695,5,1672,584
67062274314,67062274326,12,14744,23940
67063719499,67063719503,4,2241,1448
67068672096,67068672101,5,1829,989
67068818684,67068818669,-15,3549,983
67071041443,67071041447,4,1572,1306
67080303157,67080303162,5,2316,1601
67083447970,67083447976,6,2495,1206
67092888334,67092888338,4,2552,1240
67096982244,67096982248,4,2074,1485
67099879445,67099879450,5,1872,1260
67102698917,67102698911,-6,2425,8232
67105769461,67105769461,0,2003,2732
67106775977,67106775981,4,1609,1154
67108303465,67108303460,-5,2093,4813
67110435121,67110435125,4,1777,1354
67111339642,67111339646,4,1467,1125
67111608565,67111608568,3,1906,1453
67113871906,67113871909,3,1729,1443
67117876690,67117876689,-1,1119,1810
67119534046,67119534049,3,3517,2146
67119774419,67119774426,7,2168,1402
67126870814,67126870819,5,2377,1577
67129268586,67129268589,3,2328,1516
67129483018,67129483029,11,1554,1395
67130457281,67130457283,2,1813,1389
67130745976,67130745979,3,2309,1271
67131423628,67131423630,2,2145,1244
67134698551,67134698555,4,1847,972
67138174318,67138174321,3,2635,1943
67138834831,67138834835,4,1517,1158
67138958962,67138958965,3,1923,1402
67145452906,67145452910,4,2460,1325
67148553793,67148553795,2,1572,1189
67149913760,67149913764,4,2436,1696
67152035622,67152035625,3,1727,1367
67157324541,67157324544,3,1817,1604
67163006646,67163006651,5,1905,1349
67165817102,67165817104,2,1829,1342
67165929975,67165929980,5,2438,1504
67167404146,67167404150,4,2014,1544
67169950177,67169950179,2,1813,1190
67170172287,67170172291,4,1501,1314
67173055834,67173055838,4,2557,1186
67173426322,67173426326,4,1832,1556
67174407858,67174407863,5,1564,842
67176034770,67176034775,5,2210,858
67185785362,67185785366,4,1648,1349
67187313497,67187313501,4,1897,1300
67188015348,67188015351,3,1810,1406
67188556995,67188556998,3,1961,1882
67194084586,67194084590,4,1626,1316
67197562673,67197562677,4,2112,1372
67198983889,67198983885,-4,1141,2350
67201849598,67201849605,7,1239,1185
67204963477,67204963481,4,1477,1431
67205009214,67205009213,-1,2827,3087
67213338690,67213338690,0,1868,1267
67214995441,67214995445,4,2414,1483
67218112222,67218112227,5,1941,1202
67219965909,67219965913,4,2256,1421
67220382385,67220382387,2,1048,1097
67225738023,67225738026,3,1895,1616
67228127322,67228127302,-20,2925,1690
67231067529,67231067510,-19,1610,1926
67231419823,67231419827,4,923,767
67232817822,67232817825,3,2605,1616
67233051413,67233051417,4,2139,1222
67237315965,67237315970,5,1701,1304
67237513333,67237513320,-13,536,79
67237941101,67237941106,5,1319,1194
67241770981,67241770985,4,2255,1322
67245290658,67245290663,5,1771,1270
67247403897,67247403900,3,1545,1046
67247821448,67247821428,-20,1472,830
67251143759,67251143763,4,1823,1272
67252025284,67252025287,3,1641,1246
67257523058,67257523053,-5,1404,2733
67261800287,67261800287,0,1281,1320
67262390205,67262390210,5,1809,1457
67263226245,67263226249,4,1593,1466
67263585005,67263585010,5,2513,1538
67265530780,67265530791,11,10184,38126
67268445163,67268445167,4,1708,1362
67270350955,67270350958,3,1255,1343
67270483161,67270483175,14,1018,1305
67271548984,67271548986,2,1953,1540
67273944894,67273944890,-4,1237,4142
67276319039,67276319043,4,1430,1435
67280574876,67280574880,4,2083,1405
67280606712,67280606724,12,2445,1603
67281460794,67281460798,4,2528,1279
67283009384,67283009389,5,1941,1194
67287117413,67287117416,3,1625,1684
67288229249,67288229254,5,2156,1634
67288622680,67288622684,4,2101,1808
67289367906,67289367910,4,1460,1428
67294907602,67294907603,1,1917,1655
67295100985,67295100989,4,3637,1815
67296019381,67296019385,4,2594,2044
67298640873,67298640874,1,14362,16533
67298708016,67298708018,2,1841,1446
67299865886,67299865887,1,1985,1333
67300360838,67300360839,1,2350,1916
67302197277,67302197279,2,1421,946
67305445563,67305445567,4,2392,1172
67307418979,67307418981,2,1477,1335
67308067044,67308067048,4,2476,1374
67313912915,67313912919,4,2077,1274
67315901206,67315901209,3,1368,1456
67319898958,67319898959,1,1726,3094
67322969443,67322969446,3,2266,1736
67324462276,67324462279,3,1971,1324
67325549125,67325549130,5,1647,1501
67329633872,67329633875,3,2062,997
67333577010,67333577014,4,2298,1568
67335950650,67335950654,4,1941,1452
67339700367,67339700370,3,2219,1510
67341667595,67341667599,4,749,880
67346769311,67346769313,2,1429,1834
67346852254,67346852262,8,2691,1033
67347137095,67347137098,3,1352,1190
67349076844,67349076848,4,1659,1397
67350280913,67350280918,5,2144,1399
67353208551,67353208554,3,2971,1674
67361855022,67361855025,3,1929,942
67369229103,67369229108,5,1964,1335
67370382412,67370382415,3,1309,843
67371009207,67371009211,4,2626,1413
67371800633,67371800634,1,1027,1015
67374309377,67374309376,-1,1359,1304
67375999625,67375999628,3,2239,1679
67376907234,67376907239,5,2830,1445
67378385370,67378385374,4,3123,2129
67380852162,67380852166,4,2569,1523
67388150172,67388150177,5,1378,1105
67389763143,67389763160,17,1863,848
67393022425,67393022430,5,1651,1224
67394121983,67394121986,3,1310,1985
67395558460,67395558462,2,1414,1490
67395994395,67395994394,-1,1509,2855
67396303538,67396303542,4,2621,1377
67398235854,67398235858,4,1898,1254
67400380626,67400380629,3,3441,2266
67406207957,67406207961,4,1985,1614
67407262659,67407262665,6,1933,1074
67408186221,67408186221,0,2197,3005
67412057320,67412057325,5,2162,1773
67413898229,67413898231,2,1960,1611
67415675149,67415675153,4,3079,1557
67416358258,67416358261,3,2393,1435
67416431215,67416431199,-16,1945,1510
67417327514,67417327516,2,1839,1668
67418103349,67418103353,4,1754,1248
67418167474,67418167481,7,3185,1660
67419033393,67419033373,-20,1675,919
67422821024,67422821026,2,1683,1306
67422978774,67422978778,4,1316,1071
67424269235,67424269241,6,4078,1465
67425407883,67425407886,3,2757,1529
67431851550,67431851555,5,3152,1656
67436418559,67436418565,6,3215,1258
67440274092,67440274098,6,2135,1439
67440672014,67440672018,4,1933,1037
67440944594,67440944581,-13,2083,1142
67441402404,67441402392,-12,2199,1159
67441612555,67441612559,4,2354,1358
67443712461,67443712462,1,1464,1644
67449623846,67449623849,3,2149,1946
67451022819,67451022822,3,1769,1648
67451603217,67451603220,3,2044,1500
67452629930,67452629932,2,1271,966
67455081669,67455081674,5,2059,1686
67460360241,67460360247,6,1233,1042
67463945714,67463945721,7,3365,935
67464085681,67464085663,-18,2399,1497
67471511932,67471511935,3,1225,996
67471744875,67471744880,5,1423,959
67472592645,67472592647,2,1962,928
67473891102,67473891108,6,2373,1814
67475780377,67475780380,3,1221,1506
67480109358,67480109362,4,1692,1310
67482636942,67482636946,4,2264,1534
67493484857,67493484861,4,2433,1644
67496731034,67496731036,2,2213,1811
67499038684,67499038690,6,2011,1288
67500250603,67500250607,4,1245,1127
67501209744,67501209747,3,1475,878
67501738181,67501738186,5,2610,1474
67503701042,67503701046,4,1817,1475
67507252539,67507252542,3,2087,1622
67507725154,67507725157,3,1673,1615
67507868793,67507868798,5,1581,937
67508485160,67508485162,2,1296,1104
67511781386,67511781394,8,2537,1217
67512752523,67512752527,4,2923,1413
67515123256,67515123257,1,2417,1183
67517126562,67517126566,4,2462,1776
67521055178,67521055182,4,2489,1857
67524349259,67524349263,4,2321,1603
67527357914,67527357918,4,2044,1285
67529993465,67529993469,4,2092,1621
67533283102,67533283098,-4,24069,11067
67533849949,67533849955,6,1958,1111
67536603031,67536603036,5,1599,1065
67547844101,67547844106,5,1917,1190
67548213431,67548213438,7,1295,865
67550767998,67550768001,3,2023,1176
67554859433,67554859437,4,2321,1339
67559229041,67559229043,2,1659,1197
67559699087,67559699091,4,1507,1054
67560533795,67560533789,-6,33924,13098
67561400107,67561400114,7,2023,920
67563126559,67563126564,5,4197,2534
67563663909,67563663904,-5,794,2463
67565187642,67565187646,4,2099,1519
67574959951,67574959946,-5,22131,11272
67576783266,67576783255,-11,380,109
67579338924,67579338930,6,2774,1367
67580638365,67580638349,-16,1065,720
67592168989,67592168994,5,1557,1094
67598069795,67598069799,4,1557,1141
67603646550,67603646554,4,1610,1520
67604995947,67604995948,1,1542,1462
67607406585,67607406588,3,1801,1386
67607708442,67607708445,3,7085,5256
67610766334,67610766338,4,2364,868
67616835186,67616835185,-1,891,2009
67620385548,67620385554,6,1997,1622
67627699990,67627699994,4,1581,843
67629278484,67629278487,3,1615,1264
67629309655,67629309660,5,1730,1314
67643283437,67643283442,5,1958,1273
67648566906,67648566910,4,1907,1554
67652134207,67652134203,-4,551,1195
67653201061,67653201064,3,2360,1570
67653323291,67653323295,4,1990,1288
67655053915,67655053918,3,1841,1106
67655099701,67655099705,4,3209,1785
67663187822,67663187818,-4,1187,2338
67663273903,67663273907,4,2202,1487
67663900792,67663900795,3,1841,1144
67667068213,67667068208,-5,21592,15786
67669637829,67669637833,4,2878,1530
67669996964,67669996967,3,2058,1131
67672480285,67672480290,5,2105,1658
67673521738,67673521754,16,1929,942
67674240895,67674240899,4,1174,1291
67677715485,67677715487,2,1549,1084
67678236752,67678236755,3,2513,1431
67681254551,67681254554,3,1561,1245
67684912095,67684912100,5,2544,1321
67687516405,67687516405,0,1367,1620
67689345175,67689345182,7,1204,596
67699574667,67699574661,-6,677,2392
67700864338,67700864342,4,1357,1171
67701547471,67701547455,-16,1474,1149
67703408990,67703408994,4,2566,1408
67703502538,67703502538,0,918,1228
67704994685,67704994690,5,1746,980
67706495922,67706495918,-4,1733,11934
67710186829,67710186831,2,1796,2162
67718630842,67718630848,6,3223,1372
67720246351,67720246356,5,1984,1262
67721739199,67721739203,4,2423,1370
67722095779,67722095782,3,1663,1246
67728020042,67728020046,4,2585,1476
67732290747,67732290749,2,1319,1635
67736443901,67736443906,5,2494,1573
67737008813,67737008817,4,1580,1324
67738232301,67738232306,5,2445,1629
67738811442,67738811447,5,3004,1525
67738933810,67738933820,10,1790,1392
67738988234,67738988238,4,1357,1425
67741321262,67741321267,5,2004,1488
67742270970,67742270973,3,2082,1437
67743295850,67743295850,0,1254,1329
67753295417,67753295422,5,2279,1214
67753490003,67753489989,-14,857,676
67755147366,67755147370,4,1940,1232
67760089284,67760089283,-1,1345,2108
67760970506,67760970510,4,1888,1431
67765646737,67765646742,5,1141,1583
67765799866,67765799871,5,2004,1892
67767394900,67767394902,2,919,1230
67767691613,67767691615,2,1267,881
67770776713,67770776711,-2,1086,1496
67771125922,67771125926,4,2691,1411
67775670062,67775670066,4,2019,1318
67775910966,67775910970,4,1735,1180
67783759469,67783759473,4,1594,1523
67791830083,67791830087,4,2184,1199
67797391018,67797391021,3,1454,1141
67801474566,67801474571,5,2070,1342
67805001654,67805001658,4,1914,949
67811031709,67811031717,8,3328,1220
67811832198,67811832197,-1,1538,3541
67811912277,67811912282,5,1533,1231
67812233910,67812233913,3,2275,968
67812747611,67812747628,17,1811,1122
67817588802,67817588806,4,2679,1871
67822726467,67822726470,3,1230,1000
67823489712,67823489694,-18,2836,1674
67826417916,67826417922,6,2040,1315
67827565864,67827565861,-3,2576,5851
67828110147,67828110151,4,1723,954
67829213145,67829213165,20,1868,1086
67835374959,67835374965,6,1260,1333
67835883010,67835883013,3,1922,1641
67836479453,67836479446,-7,1221,5353
67838174639,67838174643,4,2143,1229
67839483509,67839483514,5,2324,1575
67839614632,67839614638,6,1771,1316
67850899386,67850899385,-1,2307,3628
67850927837,67850927842,5,1847,1104
67853964030,67853964027,-3,1629,1344
67855373354,67855373357,3,1874,1453
67856062052,67856062056,4,2173,1394
67857145974,67857145959,-15,1484,3687
67862361034,67862361038,4,2505,1797
67862804671,67862804675,4,1760,1325
67862985472,67862985476,4,2172,2148
67868252051,67868252050,-1,1646,3292
67868967106,67868967106,0,1241,1613
67869406525,67869406507,-18,702,234
67870460067,67870460065,-2,1273,2005
67872984205,67872984207,2,1429,1403
67875578171,67875578175,4,2289,1515
67881925075,67881925087,12,1040,1076
67885504477,67885504474,-3,1391,2102
67889098602,67889098608,6,1908,1623
67892489267,67892489271,4,1097,1025
67895600388,67895600393,5,1890,1537
67896159393,67896159399,6,2007,890
67899304296,67899304301,5,1953,883
67899708781,67899708786,5,2294,1654
67903169902,67903169906,4,1777,1236
67904632818,67904632823,5,1834,1825
67904711531,67904711537,6,1976,1041
67907888042,67907888036,-6,1644,4377
67912240390,67912240395,5,1619,1087
67912314190,67912314185,-5,2231,6869
67913784834,67913784828,-6,1931,6194
67915327458,67915327463,5,2617,1943
67915357096,67915357101,5,1915,1348
67915536994,67915536980,-14,1088,516
67915827226,67915827230,4,3225,1804
67916538927,67916538930,3,1779,1068
67917236385,67917236390,5,1623,1003
67919396561,67919396566,5,1999,1336
67920678721,67920678728,7,2353,1779
67920961703,67920961707,4,2238,1194
67923126912,67923126915,3,5403,4425
67927548184,67927548187,3,1904,1173
67930967698,67930967703,5,2836,1385
67931003211,67931003198,-13,809,418
67933803927,67933803930,3,1718,938
67935426583,67935426586,3,1693,1445
67935649428,67935649426,-2,2442,3389
67939186347,67939186351,4,1552,1371
67940479361,67940479366,5,2618,927
67942797634,67942797638,4,3144,1150
67944474006,67944474010,4,1888,1531
67947151806,67947151811,5,2071,1403
67947575701,67947575705,4,2020,770
67948039229,67948039231,2,1561,1313
67952185857,67952185859,2,2110,1737
67953682953,67953682955,2,1919,1037
67960633919,67960633924,5,1762,1138
67963172887,67963172890,3,1843,1068
67964872903,67964872905,2,894,699
67967901997,67967901999,2,1864,1464
67969404414,67969404419,5,2720,1427
67969908438,67969908446,8,2211,971
67969998786,67969998789,3,1753,1031
67973926984,67973926971,-13,194,1096
67975082942,67975082942,0,1619,1558
67978423719,67978423723,4,1380,1274
67986236164,67986236168,4,2733,1821
67988569365,67988569348,-17,1573,908
67989901647,67989901650,3,2600,1818
67990172155,67990172154,-1,1187,1689
67992741790,67992741795,5,1674,1278
67994047238,67994047243,5,1590,1435
67996405100,67996405102,2,2257,724
67997865369,67997865374,5,1850,1229
68001353459,68001353462,3,1776,1448
68002640333,68002640337,4,1560,1332
68012357882,68012357887,5,2756,1396
68013309542,68013309547,5,1285,1210
68018275195,68018275199,4,2094,1147
68019391402,68019391405,3,2118,1651
68019943512,68019943513,1,1810,1011
68023066373,68023066379,6,2272,1485
68027926424,68027926430,6,2192,1065
68029103204,68029103207,3,2031,942
68034086367,68034086373,6,2456,1292
68036763018,68036763023,5,1892,1493
68038412976,68038412979,3,2105,1485
68038839303,68038839306,3,1332,1458
68044206929,68044206938,9,13422,38449
68044548726,68044548725,-1,30677,45121
68051620537,68051620537,0,1254,1425
68051766038,68051766042,4,1220,850
68057366415,68057366418,3,2167,1207
68065450621,68065450625,4,2113,1366
68070915947,68070915949,2,1601,1287
68071269789,68071269794,5,1919,1064
68071521210,68071521214,4,1983,1369
68072728702,68072728709,7,3915,2073
68072991002,68072990997,-5,856,2698
68077879400,68077879403,3,1154,1477
68081416886,68081416893,7,1658,1206
68081510275,68081510279,4,1993,1087
68085197960,68085197965,5,1796,1404
68085288102,68085288086,-16,2273,1287
68086716773,68086716774,1,1447,1390
68088640289,68088640294,5,1670,909
68091885786,68091885789,3,2701,1806
68091965846,68091965850,4,1634,1076
68095437101,68095437107,6,8415,2162
68096852317,68096852322,5,2560,1775
68103528391,68103528395,4,1671,1269
68104829518,68104829522,4,2359,1913
68105642451,68105642442,-9,2385,11729
68110859663,68110859667,4,2260,803
68116744515,68116744520,5,1150,948
68116960688,68116960693,5,2264,1372
68118079714,68118079717,3,1532,1949
68128636637,68128636639,2,1952,1367
68131282337,68131282341,4,1921,1087
68133464246,68133464250,4,1900,1479
68134613682,68134613686,4,1570,1571
68140631678,68140631682,4,1697,1261
68141794280,68141794260,-20,710,791
68146395546,68146395551,5,2587,1172
68149914677,68149914682,5,1568,1168
68150523270,68150523276,6,2183,1041
68151953700,68151953702,2,2379,2266
68161900021,68161900026,5,2097,1645
68164604250,68164604254,4,1676,1392
68165717210,68165717215,5,1254,1503
68167373577,68167373583,6,2655,1488
68167477295,68167477298,3,2308,2157
68167783667,68167783666,-1,1075,1771
68169436391,68169436394,3,2665,1667
68170046002,68170046010,8,3475,1908
68176524127,68176524132,5,1903,1492
68177527537,68177527541,4,2026,1383
68178331465,68178331470,5,2927,1636
68179487676,68179487679,3,2289,1345
68184843481,68184843479,-2,2049,2760
68192257074,68192257079,5,1660,1197
68194122022,68194122027,5,2232,1551
68199547180,68199547176,-4,1384,3166
68203862546,68203862549,3,2226,1816
68209200149,68209200155,6,1733,1471
68210920417,68210920420,3,2320,1668
68211771673,68211771677,4,1719,954
68212240767,68212240773,6,2165,1772
68213924982,68213924986,4,2026,1641
68215877757,68215877759,2,2191,1174
68217555633,68217555628,-5,1415,4854
68219977123,68219977127,4,1666,1060
68220521687,68220521693,6,1855,1714
68221424927,68221424928,1,765,1478
68226891047,68226891045,-2,601,1771
68231511570,68231511573,3,1953,1710
68235036660,68235036662,2,1443,1030
68236889134,68236889138,4,2128,1276
68241030070,68241030079,9,9829,26719
68243247202,68243247206,4,2566,1083
68243776402,68243776381,-21,1255,480
68244272227,68244272231,4,1025,803
68245075374,68245075377,3,1328,1043
68246101727,68246101724,-3,726,1327
68249652003,68249652007,4,2279,1598
68251782076,68251782080,4,2685,1759
68253055908,68253055902,-6,1589,6289
68255087650,68255087655,5,2270,1297
68259729632,68259729639,7,1997,34550
68265431578,68265431579,1,856,1534
68266305902,68266305906,4,2355,1628
68266537925,68266537932,7,1752,1109
68269554051,68269554055,4,1737,1038
68274494008,68274494012,4,2469,1233
68275973674,68275973679,5,1992,1344
68286439753,68286439755,2,1723,1278
68286528752,68286528766,14,1830,1516
68288797442,68288797446,4,2823,1141
68296447545,68296447549,4,2442,1153
68296933666,68296933671,5,1798,1561
68298992139,68298992143,4,3164,1910
68299363476,68299363482,6,2126,966
68299816042,68299816046,4,1331,1411
68303844187,68303844191,4,1816,1359
68304714078,68304714079,1,1609,1525
68309147546,68309147550,4,1389,1418
68310393777,68310393780,3,1635,1483
68310775898,68310775902,4,2324,1566
68313044549,68313044551,2,1895,1128
68317098376,68317098386,10,10961,43176
68321115401,68321115403,2,2967,1662
68327585598,68327585602,4,16163,32209
68330515230,68330515237,7,4279,1530
68333816841,68333816846,5,2500,1188
68341881078,68341881083,5,682,367
68342791008,68342791012,4,2125,1901
68345034911,68345034914,3,833,1322
68347310713,68347310717,4,2326,1259
68352016906,68352016910,4,2032,1105
68354804748,68354804753,5,2516,1582
68354830818,68354830838,20,2093,1399
68355455190,68355455195,5,1420,1395
68358260621,68358260626,5,1903,965
68361701085,68361701089,4,1735,1176
68363483409,68363483414,5,1718,1222
68371765049,68371765050,1,2052,1612
68372728359,68372728365,6,3313,876
68373414769,68373414775,6,3172,1180
68385961666,68385961670,4,2352,1613
68391492438,68391492442,4,1883,837
68393494908,68393494910,2,2387,1209
68394522290,68394522294,4,2267,1222
68400982791,68400982793,2,1356,1065
68401617020,68401617026,6,1327,1396
68406715860,68406715863,3,2058,1491
68407996716,68407996722,6,1923,1372
68414817179,68414817186,7,1992,1086
68416109804,68416109808,4,1735,1448
68418090519,68418090504,-15,1581,1319
68420347812,68420347816,4,2153,1338
68420994900,68420994903,3,2426,1694
68421304586,68421304595,9,10093,31301
68424264805,68424264787,-18,33364,30901
68424694907,68424694911,4,1956,1710
68429928849,68429928853,4,2722,1530
68430520414,68430520422,8,1664,1053
68434394920,68434394919,-1,3040,4229
68434598414,68434598419,5,1546,1120
68436024990,68436024994,4,1085,851
68440557578,68440557586,8,3937,1401
68442577919,68442577923,4,1973,1345
68450810740,68450810743,3,2014,1705
68453582621,68453582612,-9,819,336
68456498467,68456498468,1,1053,1489
68458753646,68458753649,3,2488,1694
68461078565,68461078569,4,2272,1300
68461471183,68461471187,4,2619,1306
68462628369,68462628369,0,2071,1839
68463304268,68463304273,5,2208,1408
68463969373,68463969382,9,1632,980
68464989010,68464989013,3,1028,835
68467046789,68467046793,4,2951,1357
68468957303,68468957306,3,2480,1114
68469810266,68469810270,4,2391,1212
68473321756,68473321760,4,2003,1206
68475148854,68475148859,5,1100,829
68478794951,68478794950,-1,915,1700
68482842137,68482842139,2,1800,1015
68483747251,68483747254,3,1628,1496
68484692569,68484692575,6,1946,1235
68486073017,68486073023,6,2221,1212
68490128906,68490128912,6,2549,1415
68490358162,68490358182,20,672,197
68490790785,68490790790,5,2016,1272
68500297886,68500297890,4,1653,1161
68500596887,68500596900,13,1358,859
68503431534,68503431539,5,1601,1247
68507276452,68507276456,4,1684,1009
68512801817,68512801820,3,2202,1881
68514892428,68514892431,3,1329,831
68516579194,68516579198,4,1685,1555
68520955978,68520955982,4,1773,1968
68523575085,68523575091,6,996,903
68524786135,68524786137,2,1866,1552
68526198853,68526198857,4,1675,1516
68526774257,68526774262,5,1982,1232
68532287486,68532287490,4,2374,1510
68538154289,68538154287,-2,1159,1745
68541655934,68541655941,7,2334,933
68541857597,68541857614,17,2152,1427
68543094463,68543094469,6,1874,1565
68546958883,68546958886,3,1685,1350
68549946989,68549946979,-10,907,866
68553920869,68553920874,5,1570,1207
68560868909,68560868914,5,1872,1070
68563685697,68563685702,5,1510,898
68572976059,68572976062,3,1912,1685
68580034880,68580034884,4,1375,1137
68581695019,68581695026,7,1806,812
68596016102,68596016102,0,2224,2695
68596056985,68596056987,2,2364,1632
68596422714,68596422711,-3,1349,2187
68596796594,68596796597,3,1700,1314
68599191741,68599191743,2,2340,1774
68606767578,68606767582,4,1832,994
68610754263,68610754268,5,3206,2192
68610997617,68610997621,4,2957,1762
68612154444,68612154447,3,1740,1172
68612662286,68612662290,4,1707,1506
68613406918,68613406922,4,2731,1434
68615103737,68615103739,2,1199,1029
68615484102,68615484084,-18,2647,1678
68627945403,68627945409,6,2716,1156
68630452970,68630452966,-4,1220,3579
68631375845,68631375846,1,801,709
68632862691,68632862692,1,1557,1153
68634606514,68634606518,4,1705,825
68637780589,68637780594,5,2206,1925
68638303122,68638303121,-1,1262,1247
68641523623,68641523628,5,1756,1874
68642398050,68642398054,4,2151,1546
68643559310,68643559304,-6,1582,1900
68647038026,68647038030,4,1962,1214
68648089739,68648089743,4,2681,1775
68648124119,68648124124,5,2040,1245
68648716634,68648716616,-18,1755,1342
68649160423,68649160428,5,2463,1546
68649777923,68649777928,5,1719,1161
68651482722,68651482729,7,1675,1293
68651649458,68651649464,6,2438,1392
68653266838,68653266842,4,2014,1263
68659359280,68659359285,5,2288,1420
68659662954,68659662951,-3,1746,5016
68662263969,68662263970,1,1186,749
68667409322,68667409328,6,1825,1337
68669744805,68669744807,2,2020,890
68670912749,68670912753,4,2459,1141
68677685121,68677685126,5,1518,978
68681666794,68681666789,-5,47064,22539
68681737471,68681737467,-4,1149,3726
68685130161,68685130165,4,2307,1176
68686271251,68686271255,4,2974,1453
68687019986,68687019990,4,2747,1269
68692026752,68692026757,5,1964,1673
68692714750,68692714754,4,2755,1840
68694372870,68694372865,-5,1655,4944
68694539009,68694539016,7,2804,2077
68704989337,68704989342,5,1937,1195
68710869973,68710869978,5,2377,1137
68712287954,68712287959,5,2434,1399
68713142779,68713142777,-2,1242,2351
68715714101,68715714105,4,1246,1172
68716048015,68716048018,3,1701,1513
68716539435,68716539435,0,1928,1683
68720089118,68720089123,5,2002,1441
68721783822,68721783826,4,1697,1272
68724682681,68724682685,4,1859,1531
68725286354,68725286359,5,2102,1409
68725993539,68725993544,5,1649,1917
68726026361,68726026366,5,1387,867
68727046258,68727046262,4,2254,1694
68730595799,68730595801,2,2565,3250
68739314938,68739314943,5,1143,686
68739722553,68739722558,5,1699,1136
68742821338,68742821342,4,2813,1780
68751328962,68751328966,4,2803,1982
68752937387,68752937389,2,2023,1228
68753196825,68753196804,-21,883,226
68756774483,68756774486,3,2583,1474
68757872826,68757872830,4,2221,1477
68761108645,68761108652,7,1481,813
68764870050,68764870055,5,2371,1218
68767244565,68767244572,7,3031,1730
68767476291,68767476292,1,1741,1888
68767514058,68767514063,5,2442,1390
68772416773,68772416778,5,2243,1456
68774175587,68774175589,2,2379,2145
68774292417,68774292421,4,1205,1441
68774575779,68774575783,4,2854,1514
68775549674,68775549678,4,1861,980
68779750944,68779750938,-6,3413,8306
68780683565,68780683566,1,1640,942
68784511257,68784511259,2,1444,1024
68788838161,68788838164,3,2014,1248
68791378922,68791378927,5,611,511
68796055750,68796055747,-3,2353,4183
68798478379,68798478382,3,2015,1005
68801758036,68801758026,-10,938,1042
68806760478,68806760475,-3,1345,3944
68810571294,68810571299,5,2351,1839
68813381949,68813381954,5,2076,1339
68814658030,68814658032,2,2526,1987
68814817821,68814817826,5,1829,1377
68821124634,68821124637,3,2021,1204
68825776586,68825776590,4,2590,1396
68825976097,68825976098,1,1584,797
68826543476,68826543482,6,2784,1869
68827237226,68827237228,2,1243,1507
68829661102,68829661105,3,1764,1317
68831888834,68831888839,5,1809,1239
68834797237,68834797242,5,10156,5675
68835004630,68835004634,4,1832,1371
68838921065,68838921069,4,2115,1240
68842310976,68842310982,6,2682,1522
68846101661,68846101667,6,2853,1439
68849031798,68849031800,2,2175,1438
68853021575,68853021580,5,2148,1342
68856333761,68856333765,4,1540,1200
68860751058,68860751061,3,1432,1055
68864071048,68864071050,2,22940,19537
68867555482,68867555487,5,4891,2743
68868723766,68868723770,4,2036,1099
68871936165,68871936168,3,1667,1398
68872132882,68872132885,3,1929,1213
68874642354,68874642357,3,1540,811
68876018378,68876018383,5,1834,1503
68881053549,68881053554,5,2158,1351
68882774925,68882774929,4,1523,1203
68883970394,68883970398,4,1137,808
68884194957,68884194961,4,2364,1268
68886917596,68886917601,5,2680,1341
68892746514,68892746515,1,2925,1945
68893113763,68893113767,4,1967,1476
68894104586,68894104586,0,874,1367
68900555462,68900555466,4,1827,1377
68903407601,68903407604,3,7407,20300
68903733190,68903733195,5,1823,1337
68906731235,68906731239,4,2864,1746
68907123219,68907123222,3,1700,1057
68907907153,68907907135,-18,1508,979
68910757081,68910757085,4,2228,1504
68916695419,68916695423,4,2411,1483
68919280923,68919280929,6,2240,1521
68925429982,68925429986,4,2432,1218
68927114365,68927114369,4,1314,1297
68933935694,68933935697,3,2172,1245
68934779097,68934779101,4,15213,9524
68939774139,68939774142,3,2667,1781
68941267854,68941267859,5,1999,1870
68943077153,68943077149,-4,930,1978
68943991930,68943991934,4,2588,1344
68949275280,68949275282,2,1544,1508
68952955323,68952955326,3,1447,1004
68956134486,68956134488,2,2264,1384
68957323498,68957323502,4,2222,1057
68959467974,68959467978,4,2640,1113
68966153062,68966153066,4,1918,1074
68967739593,68967739596,3,2524,1667
68967764786,68967764791,5,2042,1382
68968073895,68968073899,4,1066,1279
68969436750,68969436752,2,1910,1140
68971690125,68971690130,5,1685,1021
68973710858,68973710863,5,1922,1316
68977924784,68977924788,4,2469,1293
68978580174,68978580156,-18,1925,1342
68979851746,68979851751,5,1690,1418
68981448302,68981448308,6,2362,1259
68982023821,68982023825,4,2819,1816
68983869121,68983869125,4,2062,2013
68984608942,68984608948,6,1866,1326
68986958018,68986958023,5,2861,1667
68988194260,68988194265,5,1894,1389
68988320111,68988320116,5,2403,1547
68994718127,68994718133,6,2476,1404
68999148910,68999148914,4,2058,1338
69002367118,69002367121,3,1975,1728
69003459476,69003459478,2,2076,1301
69005057066,69005057072,6,1982,1253
69005348550,69005348555,5,2247,1369
69008164538,69008164541,3,2112,882
69008395388,69008395391,3,1724,1084
69008649253,69008649255,2,867,856
69009848286,69009848290,4,1322,830
69011556537,69011556542,5,2111,1305
69012972993,69012972996,3,1078,1549
69013972867,69013972870,3,1181,1189
69016182149,69016182154,5,4826,25921
69016754420,69016754424,4,2242,1404
69022327058,69022327056,-2,1963,2122
69027862740,69027862746,6,1935,989
69028759649,69028759654,5,1627,1147
69032956088,69032956091,3,1507,932
69035691709,69035691711,2,2268,1428
69041254785,69041254791,6,1701,916
69041996094,69041996099,5,2226,1613
69042186609,69042186611,2,1535,1444
69049534826,69049534830,4,2967,1134
69049698651,69049698628,-23,958,760
69052378501,69052378506,5,1885,1174
69058202394,69058202400,6,1030,937
69061026201,69061026207,6,2370,1468
69062979183,69062979187,4,1420,908
69063172683,69063172686,3,1914,2184
69065297309,69065297313,4,2016,1011
69065548741,69065548759,18,3197,980
69066114631,69066114629,-2,21349,20824
69079610913,69079610915,2,1633,1390
69084426654,69084426659,5,1732,1133
69084505368,69084505351,-17,2251,1391
69085442341,69085442347,6,1759,1400
69087185438,69087185439,1,1776,1131
69087502543,69087502548,5,1209,1288
69088385658,69088385676,18,1665,1614
69090751036,69090751038,2,1837,1028
69091831641,69091831646,5,1827,993
69094638527,69094638531,4,2322,1167
69097493485,69097493487,2,1607,1254
69101483718,69101483721,3,1282,1232
69101938086,69101938080,-6,770,3004
69109171207,69109171212,5,2516,1717
69111783146,69111783151,5,2184,1386
69112577760,69112577765,5,2443,933
69114981797,69114981801,4,2383,1695
69116374826,69116374833,7,8775,1963
69117922595,69117922586,-9,995,6185
69118196676,69118196681,5,1973,1769
69119420305,69119420311,6,3673,1271
69120146379,69120146383,4,2481,1245
69121201127,69121201134,7,1680,1172
69122295267,69122295272,5,1304,1741
69124329287,69124329289,2,2020,2008
69124679221,69124679227,6,2139,1326
69129993901,69129993921,20,1355,1395
69132730109,69132730114,5,1533,1072
69134684509,69134684514,5,1774,1489
69135702478,69135702482,4,1776,1465
69137883090,69137883094,4,2534,1371
69140633449,69140633454,5,2134,1095
69149804587,69149804589,2,2506,1344
69150421622,69150421625,3,2005,1617
69151824171,69151824174,3,1644,1325
69155035967,69155035973,6,2713,1120
69158229454,69158229457,3,1616,1443
69163684473,69163684478,5,2392,1181
69164203987,69164203990,3,2102,1219
69165771747,69165771750,3,1919,1224
69168661386,69168661391,5,2030,1383
69171486914,69171486918,4,1148,1095
69172698965,69172698969,4,2188,1370
69174030366,69174030370,4,2195,1315
69176870510,69176870515,5,1818,1580
69177370051,69177370054,3,2250,1314
69178386259,69178386262,3,2295,1066
69181316716,69181316718,2,2204,1333
69183203338,69183203345,7,2345,1721
69186390457,69186390460,3,2364,1159
69189626654,69189626658,4,2097,1206
69190051283,69190051289,6,2199,1270
69191548684,69191548687,3,1617,1380
69194648713,69194648718,5,2433,1488
69204074559,69204074564,5,1652,1512
69205920309,69205920313,4,1641,1376
69207173052,69207173057,5,2097,1181
69208342855,69208342840,-15,1407,1095
69214449260,69214449265,5,2112,1453
69219637879,69219637883,4,2208,1410
69224510566,69224510570,4,2371,1233
69228809986,69228809989,3,2494,1362
69229788949,69229788952,3,2177,1645
69229859169,69229859172,3,1922,1053
69231420422,69231420426,4,1957,1510
69232269553,69232269550,-3,1037,2238
69232609022,69232609030,8,4240,1825
69234390654,69234390658,4,2514,1209
69234967365,69234967371,6,1906,1294
69236537471,69236537475,4,1904,1554
69237773898,69237773903,5,2531,1713
69242215010,69242215010,0,2439,4173
69245394245,69245394249,4,2266,1617
69247727786,69247727791,5,2449,1808
69247963630,69247963638,8,1126,1507
69249602886,69249602887,1,2099,1596
69250018273,69250018279,6,2126,1242
69250163232,69250163216,-16,1483,389
69251388234,69251388239,5,2051,1272
69251763465,69251763467,2,1533,1215
69251994795,69251994801,6,3062,1550
69253339797,69253339783,-14,1007,454
69256369970,69256369974,4,2436,1992
69257742799,69257742801,2,1601,1154
69259765622,69259765629,7,2185,1176
69259990842,69259990840,-2,5062,8630
69263144187,69263144190,3,1831,1070
69264822197,69264822203,6,3650,1563
69265241529,69265241532,3,2016,1751
69266088049,69266088053,4,1708,1655
69266197753,69266197758,5,2316,1166
69267822530,69267822535,5,1640,1277
69268668874,69268668877,3,1653,1076
69269956373,69269956375,2,2071,1543
69270613556,69270613560,4,4449,3405
69276545062,69276545067,5,2717,1464
69280683077,69280683077,0,1886,1770
69285666003,69285666007,4,1549,1678
69286303378,69286303381,3,1865,1728
69287265999,69287266002,3,1918,1122
69288024504,69288024510,6,2928,1933
69290821235,69290821239,4,1826,1306
69293825814,69293825819,5,4657,2908
69298100895,69298100898,3,1633,1287
69307266938,69307266941,3,1465,1763
69310753650,69310753655,5,2163,1403
69311327134,69311327141,7,1547,1351
69314724996,69314725000,4,2103,1662
69320038957,69320038961,4,1712,1465
69323821298,69323821282,-16,2229,1143
69329254650,69329254653,3,1659,1736
69329711858,69329711862,4,2579,1709
69334276206,69334276189,-17,1155,702
69337695030,69337695034,4,1589,976
69338716736,69338716741,5,1696,884
69339043702,69339043707,5,1239,1214
69340599117,69340599122,5,2359,1761
69344097605,69344097609,4,2396,1330
69344196828,69344196830,2,2016,1043
69344349282,69344349286,4,1489,1302
69345288443,69345288445,2,1362,1061
69345438711,69345438714,3,2103,1475
69350489311,69350489315,4,1058,773
69359579799,69359579803,4,2371,1289
69361364902,69361364906,4,1679,1661
69368430019,69368430026,7,2471,1049
69369138271,69369138282,11,13372,24247
69370135283,69370135286,3,1449,972
69370436513,69370436517,4,2847,1807
69377678969,69377678974,5,1994,1218
69378593117,69378593122,5,3115,1696
69378924064,69378924069,5,2338,1240
69379991353,69379991349,-4,1791,2946
69383072141,69383072146,5,2367,1601
69384502841,69384502843,2,1741,1127
69390712998,69390713003,5,1779,1731
69390807321,69390807341,20,1959,851
69391041272,69391041274,2,1980,1207
69391491341,69391491344,3,2244,1610
69392200342,69392200325,-17,706,168
69393651690,69393651690,0,1084,1478
69396278920,69396278923,3,2188,917
69397928062,69397928062,0,978,1433
69402021874,69402021879,5,2552,1701
69402310375,69402310375,0,1791,1576
69406339997,69406339999,2,2253,1427
69412650055,69412650061,6,1676,1385
69415206053,69415206055,2,2076,1064
69415651943,69415651951,8,1863,1341
69422030519,69422030523,4,2347,1482
69423766236,69423766241,5,1248,1504
69426079678,69426079682,4,2022,1064
69428282637,69428282630,-7,1937,5519
69431029154,69431029160,6,1675,1073
69432541578,69432541582,4,2092,1622
69438592049,69438592054,5,1598,1220
69438805362,69438805366,4,1514,1397
69440523240,69440523243,3,2137,1509
69441816914,69441816920,6,1936,1464
69444713668,69444713673,5,1387,1393
69448557803,69448557806,3,1839,1357
69454616166,69454616171,5,2431,1065
69456897726,69456897729,3,1571,1732
69458768689,69458768691,2,1511,950
69465336625,69465336630,5,2262,1576
69467771471,69467771474,3,1499,1096
69471891029,69471891034,5,2095,883
69472157891,69472157888,-3,880,2478
69474351450,69474351452,2,1795,1837
69475842043,69475842048,5,2099,1495
69476334885,69476334890,5,2787,1159
69480059297,69480059298,1,1453,1521
69489012772,69489012775,3,2742,1663
69492774116,69492774119,3,2286,1492
69493149963,69493149983,20,769,270
69493936453,69493936455,2,1785,1291
69494664849,69494664852,3,1929,1686
69496498065,69496498069,4,1749,1184
69496763363,69496763340,-23,632,250
69497553865,69497553868,3,2333,1643
69499859447,69499859454,7,986,691
69502653530,69502653525,-5,911,3110
69510346794,69510346794,0,1990,2038
69514274701,69514274705,4,1970,1564
69520223552,69520223573,21,1916,719
69520572169,69520572149,-20,1520,960
69520662497,69520662503,6,1957,1199
69524190226,69524190230,4,2083,1597
69524610349,69524610356,7,2858,1891
69525915944,69525915950,6,2134,1015
69526454034,69526454039,5,2452,1548
69527404253,69527404259,6,2032,1373
69532537055,69532537059,4,2496,1171
69539431782,69539431788,6,1378,1461
69540724348,69540724349,1,1619,1653
69542943989,69542943993,4,1924,1403
69548876973,69548876977,4,2171,1025
69550062722,69550062726,4,2086,1894
69551461409,69551461414,5,2563,2241
69552326841,69552326843,2,2228,1523
69556339576,69556339595,19,1851,2123
69557339231,69557339237,6,2637,935
69560236521,69560236526,5,2517,1242
69560565201,69560565197,-4,1692,3624
69562141834,69562141838,4,1562,955
69563783385,69563783388,3,2308,1675
69564496213,69564496217,4,1969,1187
69566002163,69566002141,-22,1277,740
69566821185,69566821179,-6,1131,4079
69567369945,69567369949,4,2570,1695
69567686458,69567686462,4,1914,1066
69570021757,69570021763,6,2141,1605
69571281015,69571281018,3,1892,955
69572917893,69572917898,5,1722,1250
69574615359,69574615363,4,2061,1222
69582942803,69582942808,5,2964,1866
69584905561,69584905580,19,2317,1005
69587128325,69587128330,5,1311,1071
69587781366,69587781371,5,2423,1166
69596294524,69596294527,3,3132,1554
69597504277,69597504258,-19,1797,1108
69598724716,69598724722,6,3060,1583
69599051805,69599051814,9,1064,926
69610408002,69610408008,6,1647,951
69630725330,69630725335,5,2147,1435
69632132561,69632132566,5,1830,1491
69633526833,69633526847,14,2040,1492
69634403821,69634403823,2,1739,1453
69636352746,69636352750,4,2013,1493
69638506926,69638506929,3,5439,4745
69638654898,69638654899,1,1493,1647
69639695271,69639695254,-17,2312,1483
69639995370,69639995375,5,2640,1070
69641992049,69641992054,5,1921,1239
69646766947,69646766952,5,1927,1261
69649214761,69649214766,5,1325,1061
69649484548,69649484553,5,2379,1102
69652880461,69652880467,6,2330,1337
69658646445,69658646449,4,1555,1017
69660617964,69660617967,3,2373,1271
69663726537,69663726542,5,2115,1626
69663975165,69663975170,5,1638,1151
69664584514,69664584517,3,2164,1253
69666499407,69666499411,4,1970,1448
69667469119,69667469113,-6,23700,16462
69669461434,69669461438,4,1901,1599
69671403166,69671403170,4,2327,1326
69672309492,69672309496,4,1507,1028
69674985671,69674985675,4,1935,1115
69675897737,69675897741,4,2187,1109
69676221306,69676221288,-18,1231,935
69676433993,69676433998,5,2459,1689
69677872883,69677872887,4,1578,1325
69684334801,69684334803,2,1851,1538
69684643158,69684643163,5,1327,991
69685268922,69685268910,-12,777,444
69687217400,69687217407,7,2780,1297
69687488348,69687488351,3,1923,1866
69689433278,69689433283,5,1288,1012
69694478185,69694478166,-19,1840,1070
69695053797,69695053801,4,2124,1408
69695814498,69695814477,-21,2004,1184
69703950995,69703950999,4,1991,1249
69706067578,69706067581,3,2061,1246
69711359258,69711359263,5,1352,870
69719799859,69719799863,4,2355,1773
69721070686,69721070691,5,1335,682
69722104174,69722104178,4,1445,1622
69722191414,69722191418,4,1674,1633
69722861464,69722861467,3,1545,1219
69724450122,69724450127,5,2920,1384
69725031722,69725031727,5,2421,1453
69728532162,69728532169,7,2835,1841
69731189134,69731189137,3,2009,1468
69732778666,69732778671,5,1863,1316
69746484750,69746484754,4,1320,806
69746872821,69746872805,-16,1216,1261
69749365649,69749365654,5,1508,723
69753767627,69753767631,4,1483,992
69754087142,69754087146,4,1484,1518
69758175097,69758175101,4,2002,1447
69760403370,69760403374,4,2348,1182
69761525553,69761525550,-3,686,1833
69764949504,69764949506,2,1566,1336
69766933882,69766933887,5,1612,1256
69766985614,69766985616,2,1905,1329
69767984458,69767984461,3,1607,1329
69770386447,69770386446,-1,840,1143
69771525381,69771525385,4,1806,1386
69774466358,69774466365,7,2581,1187
69775270634,69775270640,6,1749,836
69777671457,69777671459,2,1912,859
69782690266,69782690269,3,1898,1001
69783203745,69783203738,-7,968,4883
69787129515,69787129521,6,2323,1500
69788448259,69788448259,0,1028,1257
69788513771,69788513775,4,1693,1590
69789179697,69789179702,5,2530,1414
69792307781,69792307783,2,2132,1079
69794972535,69794972539,4,1745,1106
69797058278,69797058283,5,2366,1163
69800879102,69800879107,5,2743,2337
69802591190,69802591194,4,2032,1585
69802820778,69802820797,19,2789,1668
69805049794,69805049798,4,20019,25738
69810066441,69810066445,4,1849,1048
69810447637,69810447640,3,2459,1916
69813766438,69813766443,5,1538,1117
69814008210,69814008190,-20,1783,1180
69817238077,69817238082,5,5993,4443
69831796689,69831796692,3,2717,1699
69835458663,69835458666,3,723,665
69837669058,69837669063,5,2030,970
69837696078,69837696061,-17,2804,1605
69840593682,69840593686,4,2082,987
69844361302,69844361310,8,3346,1370
69846666906,69846666910,4,2655,1924
69847318362,69847318366,4,1833,733
69847590919,69847590932,13,2153,1096
69853360929,69853360934,5,2613,1379
69854898538,69854898542,4,2332,1395
69856404545,69856404537,-8,1123,4236
69857492469,69857492474,5,2410,1750
69857618882,69857618889,7,1439,1145
69860021589,69860021592,3,2764,2083
69862386724,69862386727,3,1998,1544
69876652871,69876652875,4,2576,1545
69878203156,69878203153,-3,1620,5193
69880079538,69880079542,4,1990,1487
69881197845,69881197849,4,1758,1404
69890966142,69890966143,1,745,942
69890995067,69890995071,4,2146,1554
69892024778,69892024780,2,1200,1051
69894066555,69894066553,-2,1355,2385
69896559101,69896559107,6,1477,1507
69897731265,69897731287,22,2436,1445
69899215766,69899215767,1,1349,1461
69900587858,69900587862,4,2998,1955
69901203701,69901203706,5,1675,1112
69902737926,69902737930,4,2224,1548
69906070989,69906070994,5,2970,1611
69908129630,69908129635,5,1923,1727
69909778145,69909778147,2,1819,1302
69916146485,69916146490,5,2409,1425
69919724766,69919724770,4,3167,1816
69920523227,69920523231,4,1192,1242
69924390356,69924390361,5,999,1150
69924805165,69924805149,-16,1961,768
69925466022,69925466027,5,1116,763
69931198570,69931198574,4,2597,850
69940590772,69940590775,3,1653,1336
69940864270,69940864253,-17,919,426
69944749672,69944749677,5,1722,1266
69945977707,69945977688,-19,1596,1156
69946475043,69946475047,4,2417,1527
69946618658,69946618637,-21,1345,323
69948039103,69948039106,3,1570,717
69950889190,69950889193,3,1735,1494
69955285290,69955285295,5,1451,1146
69959126048,69959126053,5,2743,1160
69961895505,69961895507,2,1661,878
69962671629,69962671634,5,2238,1576
69963704635,69963704631,-4,1271,3175
69964208244,69964208250,6,1510,1293
69973591986,69973591994,8,2516,1164
69973655097,69973655103,6,2501,1975
69974202345,69974202350,5,2543,1240
69976170186,69976170190,4,1321,1185
69980895112,69980895115,3,1398,805
69983817978,69983817981,3,2047,1269
69984894902,69984894905,3,1302,1341
69986421809,69986421812,3,2266,1846
69989490639,69989490644,5,1947,1188
69990371009,69990370990,-19,1999,1556
69992201502,69992201507,5,2102,1441
69992613089,69992613094,5,2388,1239
69996022265,69996022270,5,5233,2704
69996161640,69996161645,5,1690,1759
69996706326,69996706332,6,1280,1392
69997103806,69997103810,4,2029,1528
70005189109,70005189115,6,1541,1362
70006075175,70006075180,5,1680,1510
70009228442,70009228446,4,2085,1206
70009304069,70009304075,6,1753,970
70010073633,70010073638,5,2476,1608
70012591098,70012591103,5,1785,1230
70013482007,70013482003,-4,3049,5213
70014398750,70014398753,3,2266,1134
70015816026,70015816025,-1,1335,1790
70017381005,70017381010,5,1913,1150
70024982771,70024982775,4,1884,1565
70025513408,70025513414,6,2197,1319
70027927927,70027927933,6,2045,1279
70029975277,70029975282,5,2624,1695
70043245239,70043245242,3,3602,2235
70044126219,70044126223,4,2061,1340
70044999431,70044999413,-18,883,365
70047648875,70047648879,4,2906,1497
70049671014,70049671018,4,2339,1572
70053891734,70053891739,5,1732,1367
70055203118,70055203112,-6,1159,5051
70058668535,70058668542,7,1894,1246
70059097534,70059097542,8,1556,975
70061415962,70061415967,5,2158,1212
70065728119,70065728125,6,2060,1383
70066203730,70066203735,5,1126,667
70066264113,70066264119,6,876,1260
70066524441,70066524445,4,1453,1384
70069826726,70069826733,7,1903,982
70076738933,70076738937,4,3088,1449
70078447360,70078447360,0,1958,2345
70079178089,70079178092,3,2911,1592
70081982221,70081982217,-4,2358,5797
70082523507,70082523513,6,3738,1514
70084042135,70084042130,-5,2714,7446
70087916929,70087916933,4,2675,1753
70093137358,70093137362,4,3109,1352
70093991197,70093991197,0,27827,38249
70094384608,70094384611,3,2089,1090
70094843756,70094843758,2,1561,1325
70096829461,70096829467,6,2142,1008
70101773903,70101773904,1,1802,1428
70102725366,70102725371,5,2683,1780
70103009166,70103009170,4,2156,1048
70103202973,70103202971,-2,2705,4854
70103282857,70103282861,4,3330,1537
70104731994,70104732000,6,2021,1544
70105065490,70105065494,4,2558,1735
70117319806,70117319809,3,1832,1305
70118590619,70118590618,-1,1135,2589
70123282209,70123282215,6,3016,1742
70124300408,70124300410,2,2255,1482
70127817489,70127817494,5,2076,1481
70129716361,70129716366,5,3038,1173
70132003358,70132003363,5,1430,1371
70134369421,70134369443,22,1182,2684
70136529349,70136529353,4,2404,1241
70142071470,70142071473,3,1702,1366
70147098054,70147098059,5,1862,1223
70147582798,70147582782,-16,913,345
70148766648,70148766659,11,11116,25882
70155467532,70155467537,5,2024,1191
70157239786,70157239790,4,2346,1293
70158939125,70158939130,5,2044,1451
70159185725,70159185729,4,1379,1235
70160655939,70160655943,4,1686,1305
70164107584,70164107584,0,19334,9307
70164227330,70164227334,4,2007,1342
70177959999,70177960002,3,1882,1624
70180034649,70180034655,6,1881,1650
70182892734,70182892739,5,2265,1547
70186126671,70186126674,3,1669,1619
70186705583,70186705586,3,1804,1824
70187640957,70187640961,4,1876,1347
70193673493,70193673497,4,1846,1544
70196117367,70196117370,3,1550,1021
70197611052,70197611056,4,2301,1702
70198289409,70198289413,4,1646,1019
70208846723,70208846721,-2,2614,5266
70213195506,70213195508,2,1087,1493
70216507870,70216507873,3,2023,967
70217100114,70217100118,4,1985,1010
70218900448,70218900453,5,2428,1839
70219480681,70219480686,5,1844,1511
70219901190,70219901194,4,1566,1296
70220638483,70220638493,10,1671,1341
70220824750,70220824754,4,1917,1199
70221018453,70221018457,4,2191,950
70224791253,70224791257,4,1757,1134
70225924428,70225924434,6,3418,1651
70226239407,70226239406,-1,1712,2077
70226873834,70226873828,-6,1558,8333
70227467303,70227467307,4,1557,810
70227647406,70227647423,17,1812,1494
70230781822,70230781825,3,1969,1075
70234279889,70234279893,4,2604,1898
70234578209,70234578192,-17,1365,1019
70234965745,70234965751,6,2488,1714
70236563587,70236563590,3,2547,1966
70244930418,70244930409,-9,1379,4633
70245377807,70245377801,-6,1771,5869
70246056103,70246056110,7,2229,1462
70250040778,70250040782,4,2701,1493
70254040672,70254040674,2,1937,1098
70254367382,70254367387,5,2783,1698
70259461226,70259461231,5,1279,1124
70263375326,70263375330,4,1584,1313
70265313190,70265313193,3,1441,1396
70265528690,70265528695,5,2229,1315
70266025638,70266025638,0,1484,1761
70269291539,70269291531,-8,499,3380
70279489881,70279489886,5,1796,1209
70280107638,70280107621,-17,2188,1455
70282201321,70282201324,3,2760,1539
70286073480,70286073485,5,3123,1249
70287746781,70287746785,4,2586,1485
70291671315,70291671320,5,1418,913
70294218895,70294218899,4,1373,1363
70294732586,70294732591,5,2070,1207
70296476257,70296476254,-3,1005,1928
70297917649,70297917651,2,2032,1421
70298883034,70298883038,4,1688,1294
70303611448,70303611452,4,1098,1202
70305458342,70305458347,5,1389,825
70310124001,70310124006,5,2270,1374
70310184559,70310184554,-5,985,2857
70314153062,70314153055,-7,1545,1005
70315293554,70315293567,13,2068,1216
70315872882,70315872886,4,1340,701
70319400038,70319400042,4,1699,1649
70322440050,70322440055,5,2239,1690
70323706654,70323706659,5,1593,1098
70329255879,70329255883,4,2269,1327
70334272203,70334272207,4,1565,991
70335751706,70335751710,4,1304,1003
70337785888,70337785891,3,1771,1243
70339090778,70339090782,4,1746,1239
70340853106,70340853110,4,1466,1060
70341476213,70341476219,6,1466,877
70342885565,70342885571,6,2132,1153
70343236772,70343236756,-16,739,243
70347528976,70347528973,-3,1449,2987
70350609122,70350609125,3,2260,1917
70357968271,70357968279,8,3776,1246
70360016102,70360016107,5,2246,1435
70363548125,70363548130,5,1298,1198
70365469374,70365469378,4,1902,1162
70370704674,70370704679,5,1895,1304
70370797469,70370797487,18,2496,1745
70371633537,70371633532,-5,846,3820
70374059229,70374059231,2,1640,1239
70376446123,70376446127,4,2658,1412
70379262056,70379262057,1,1237,1041
70381127656,70381127660,4,2329,1095
70388227905,70388227911,6,2760,1012
70389922923,70389922927,4,2384,1609
70392033292,70392033294,2,1414,711
70395531711,70395531715,4,1532,1129
70397434990,70397434994,4,2561,1498
70399347662,70399347664,2,1495,1585
70406627901,70406627904,3,2182,1260
70406857770,70406857751,-19,2272,1441
70407791821,70407791826,5,1598,1185
70409007885,70409007892,7,2216,1418
70416030100,70416030104,4,1957,1149
70423915227,70423915230,3,2025,1178
70424418397,70424418400,3,2191,1052
70424801698,70424801702,4,1573,1437
70426045746,70426045751,5,2079,1674
70426676023,70426676031,8,1564,1466
70428349397,70428349398,1,1984,1798
70429201737,70429201740,3,1710,1539
70435242044,70435242050,6,1561,1013
70437271194,70437271198,4,2080,1429
70441509693,70441509697,4,1842,1349
70441924022,70441924026,4,1094,1294
70442291791,70442291796,5,2296,2102
70443799522,70443799527,5,2083,1041
70444549873,70444549874,1,2852,3276
70445023232,70445023235,3,1885,1496
70447912225,70447912229,4,1748,995
70451600978,70451600983,5,1291,937
70455048051,70455048054,3,1594,1319
70457261538,70457261542,4,2298,1551
70457812819,70457812819,0,1117,1462
70458879922,70458879924,2,1315,1772
70464127769,70464127774,5,2022,1394
70465230886,70465230887,1,3186,3343
70465909108,70465909110,2,2266,1856
70466453549,70466453554,5,2301,1303
70470195809,70470195815,6,4573,1884
70472270824,70472270827,3,2103,1535
70476757102,70476757107,5,1611,1496
70477515912,70477515917,5,2147,1305
70480186292,70480186289,-3,1505,2991
70481540970,70481540976,6,2447,1371
70484587150,70484587154,4,1131,1501
70485691303,70485691321,18,874,2056
70489830603,70489830608,5,1898,1140
70491088782,70491088786,4,2043,1431
70492739478,70492739482,4,2382,1697
70494859335,70494859340,5,2512,1176
70497031528,70497031532,4,2387,1754
70503897596,70503897589,-7,956,4775
70507429307,70507429313,6,2620,1818
70509165850,70509165857,7,5979,1487
70511630978,70511630982,4,1760,1286
70511920833,70511920831,-2,837,182
70516419963,70516419968,5,2252,1706
70522436949,70522436953,4,983,725
70523447490,70523447493,3,1561,1132
70524012865,70524012869,4,2283,1867
70528787458,70528787446,-12,1239,1228
70532853335,70532853339,4,3148,1164
70534812778,70534812782,4,1775,1238
70535707062,70535707066,4,2291,1199
70537100414,70537100418,4,1843,1380
70539098814,70539098818,4,2299,964
70540381741,70540381743,2,2028,1606
70542832089,70542832091,2,2240,1429
70542935926,70542935931,5,2617,1760
70543191111,70543191115,4,2333,1125
70547115920,70547115924,4,1803,1331
70552164108,70552164113,5,2489,2076
70552512907,70552512912,5,2131,1269
70553025219,70553025238,19,2213,1284
70554945522,70554945526,4,1729,1231
70556728987,70556728994,7,2800,1119
70558112627,70558112631,4,1757,1285
70563903567,70563903565,-2,18680,20508
70568957794,70568957798,4,1137,799
70570184199,70570184203,4,2008,1415
70571145253,70571145258,5,2898,1615
70572816188,70572816191,3,2337,1125
70573368440,70573368453,13,877,242
70575820678,70575820682,4,1860,1115
70580820694,70580820699,5,1959,1031
70581535600,70581535580,-20,1875,907
70583452720,70583452725,5,2782,1314
70584009583,70584009586,3,1939,1406
70584973676,70584973682,6,1770,1290
70587574277,70587574283,6,2232,1330
70589122282,70589122301,19,1950,1100
70589300695,70589300698,3,1644,1684
70591547694,70591547698,4,1984,1406
70591959666,70591959671,5,2362,1290
70593047718,70593047723,5,2169,1276
70593244318,70593244321,3,2298,1557
70596216028,70596216031,3,1812,1351
70598659127,70598659130,3,1164,912
70605267394,70605267398,4,2211,1446
70606768936,70606768942,6,2995,1250
70607931502,70607931509,7,1865,1370
70613071633,70613071637,4,1857,1467
70615712333,70615712331,-2,2141,4458
70619322444,70619322447,3,2182,1817
70619929786,70619929790,4,2659,1277
70622738853,70622738855,2,1793,1170
70628176293,70628176298,5,1842,1327
70628787516,70628787519,3,1839,1282
70630014429,70630014434,5,1968,1010
70632748444,70632748446,2,1824,956
70636411172,70636411177,5,2278,1716
70636885186,70636885199,13,2324,1276
70644811086,70644811092,6,1574,1098
70646145294,70646145298,4,2042,1204
70648192501,70648192505,4,1342,1113
70651168717,70651168723,6,4120,1873
70651901330,70651901335,5,2112,1096
70653734451,70653734451,0,1648,1726
70654301781,70654301782,1,2719,3861
70656694745,70656694750,5,1397,792
70657201333,70657201336,3,1372,1201
70659881056,70659881058,2,1593,1199
70663096556,70663096558,2,1333,976
70664396831,70664396828,-3,1238,3133
70664990246,70664990252,6,2254,1299
70665509753,70665509756,3,2086,1434
70669848184,70669848189,5,2158,1341
70674475586,70674475592,6,2091,1929
70677266299,70677266304,5,1694,1250
70678089084,70678089087,3,2196,2350
70681567179,70681567182,3,2056,1540
70692974305,70692974309,4,1861,1189
70694227886,70694227891,5,1919,1339
70700251271,70700251278,7,4578,999
70704557404,70704557407,3,1676,1120
70707635295,70707635299,4,1918,1763
70710432186,70710432189,3,2021,1892
70712597190,70712597194,4,2124,1759
70714100993,70714101000,7,2343,1008
70715879202,70715879208,6,1678,1118
70717034022,70717034026,4,2155,1344
70717680184,70717680189,5,2651,1330
70719539097,70719539101,4,2408,1864
70724878637,70724878643,6,2261,1089
70729041941,70729041944,3,1576,1030
70730050755,70730050736,-19,1417,711
70731074974,70731074982,8,3476,1617
70732005725,70732005729,4,2151,1196
70733902021,70733902026,5,1695,1208
70734285258,70734285279,21,3250,1439
70734713255,70734713268,13,2341,1406
70736328758,70736328762,4,1923,1000
70739111186,70739111191,5,1668,977
70741153939,70741153940,1,1879,1376
70744482328,70744482331,3,2259,1455
70748716244,70748716247,3,2031,1186
70748928906,70748928910,4,494,180
70750015330,70750015334,4,1922,1257
70750433034,70750433038,4,1690,963
70755240877,70755240893,16,16198,56108
70762965438,70762965445,7,3051,1531
70763541280,70763541283,3,2417,1588
70764542591,70764542599,8,4670,2217
70765309275,70765309279,4,2227,1442
70765976632,70765976635,3,1958,1444
70767602429,70767602434,5,2822,1921
70769204218,70769204223,5,2389,1239
70769472256,70769472258,2,2039,1087
70770282033,70770282038,5,1233,932
70771847239,70771847245,6,1879,1277
70774117846,70774117851,5,1920,1108
70776819115,70776819118,3,2001,1099
70778501506,70778501500,-6,1496,6158
70779803450,70779803454,4,1464,1024
70780126518,70780126519,1,1763,1162
70783258052,70783258056,4,1494,1009
70783822890,70783822892,2,699,693
70785132956,70785132959,3,2213,1597
70787682390,70787682394,4,2206,1224
70789912334,70789912338,4,1570,1497
70798881668,70798881675,7,2206,755
70802059761,70802059767,6,1702,1177
70802175309,70802175326,17,694,201
70802669309,70802669311,2,1627,1106
70803639502,70803639503,1,1455,1779
70804150533,70804150516,-17,1872,1409
70805866044,70805866048,4,2445,1266
70808041065,70808041067,2,1727,910
70808213603,70808213606,3,1433,841
70813243095,70813243089,-6,1047,2647
70814800235,70814800238,3,1864,1336
70815083241,70815083245,4,2050,1037
70817265835,70817265838,3,1767,1382
70819116650,70819116653,3,1917,1454
70819992941,70819992944,3,1921,1434
70826153380,70826153383,3,1989,1075
70827445088,70827445092,4,1735,1215
70828402739,70828402740,1,1674,1423
70828506657,70828506640,-17,1717,817
70837764901,70837764904,3,1765,1274
70840490050,70840490052,2,1642,1913
70841648441,70841648444,3,1784,1121
70843643069,70843643073,4,2079,1191
70844707706,70844707711,5,1694,962
70845736323,70845736324,1,1401,1875
70852382252,70852382255,3,517,655
70853102681,70853102686,5,1532,1039
70853688478,70853688483,5,1325,1227
70858144642,70858144647,5,2062,1518
70858630126,70858630126,0,1034,2042
70861871572,70861871561,-11,982,3480
70864059886,70864059886,0,1399,1579
70864761358,70864761361,3,1687,1371
70867622504,70867622509,5,1207,1100
70870867558,70870867562,4,1523,1124
70872441650,70872441653,3,2114,1811
70872664631,70872664637,6,2009,1166
70877228210,70877228215,5,1998,1029
70878942483,70878942485,2,2142,2556
70881467470,70881467472,2,2515,1337
70887312925,70887312930,5,2640,1202
70888298102,70888298106,4,2500,1610
70891806733,70891806733,0,1211,971
70892215539,70892215542,3,1659,771
70892356451,70892356455,4,2061,1012
70895884038,70895884030,-8,33821,12150
70898848450,70898848455,5,1358,1035
70900590326,70900590331,5,1642,1676
70902194906,70902194910,4,2002,878
70907878494,70907878498,4,2348,1433
70908657423,70908657429,6,3026,1637
70910881747,70910881754,7,2626,1008
70918958181,70918958183,2,1809,1125
70921166377,70921166379,2,1023,1039
70924465906,70924465911,5,2103,1292
70926505378,70926505380,2,1939,1549
70927136664,70927136669,5,1935,1483
70927943563,70927943567,4,1214,877
70928930724,70928930727,3,1811,828
70935263781,70935263785,4,1894,1379
70936831540,70936831545,5,2109,1162
70936915718,70936915723,5,2666,1348
70940809564,70940809568,4,2645,2048
70941408122,70941408130,8,2210,1542
70942316958,70942316961,3,1145,891
70945587563,70945587570,7,1170,872
70946888420,70946888418,-2,1574,1983
70948618771,70948618769,-2,1420,3093
70954019737,70954019742,5,2000,717
70968043619,70968043622,3,1504,1207
70969452830,70969452838,8,3337,1729
70970733574,70970733579,5,1570,1427
70971898497,70971898501,4,2281,1484
70972584193,70972584196,3,2446,1846
70973495126,70973495127,1,2333,3082
70978407114,70978407118,4,2533,1370
70979230161,70979230155,-6,2028,5673
70980262993,70980262995,2,1678,1253
70980366774,70980366789,15,527,389
70989263617,70989263623,6,17166,8252
70989979978,70989979983,5,2050,1676
70991578970,70991578973,3,1843,1051
70991775608,70991775613,5,1924,1566
70992997861,70992997867,6,2237,1390
70993093217,70993093221,4,2297,1766
70993436481,70993436482,1,987,1627
70999844254,70999844258,4,2350,1337
71000140937,71000140918,-19,1855,1706
71002504804,71002504807,3,1200,688
71004073732,71004073735,3,1666,1552
71004774130,71004774134,4,1838,1400
71005383806,71005383809,3,1620,1260
71008094391,71008094397,6,1696,1546
71009498137,71009498143,6,2186,1353
71010319912,71010319915,3,2624,1325
71011413844,71011413846,2,2126,2130
71011564218,71011564223,5,1701,894
71013905742,71013905748,6,2152,1014
71015230377,71015230382,5,1203,913
71021724525,71021724526,1,1500,2831
71021796950,71021796955,5,1770,1030
71022802888,71022802892,4,2171,1458
71031160637,71031160636,-1,1150,1782
71032551582,71032551587,5,2529,1252
71036249026,71036249029,3,1662,1460
71038735257,71038735261,4,2607,1320
71041537207,71041537201,-6,2305,4526
71043115586,71043115588,2,2272,1065
71044348842,71044348830,-12,1023,157
71044786756,71044786767,11,1738,1148
71045706403,71045706408,5,2121,1594
71045859982,71045859986,4,2224,1368
71046959997,71046960003,6,1282,961
71047077301,71047077305,4,1990,1591
71048126863,71048126859,-4,4389,10802
71050074437,71050074442,5,3007,1629
71051975550,71051975555,5,1951,1424
71052940059,71052940067,8,5919,2259
71056936189,71056936194,5,2531,1355
71060864427,71060864430,3,2605,1379
71063170465,71063170471,6,1217,953
71064716861,71064716865,4,2186,1192
71072038582,71072038583,1,1402,1255
71075608303,71075608306,3,2205,1237
71076617683,71076617686,3,1073,897
71083727472,71083727474,2,2052,1726
71085068046,71085068039,-7,1445,5848
71086241365,71086241369,4,1495,1057
71091697847,71091697850,3,2431,1171
71092871875,71092871869,-6,1108,4499
71093807053,71093807053,0,2091,3172
71096711540,71096711544,4,1659,1031
71102690587,71102690592,5,1396,875
71106110014,71106110018,4,1678,1037
71108934351,71108934356,5,2205,1565
71109432931,71109432935,4,2999,1646
71113381255,71113381259,4,2355,1081
71119106873,71119106874,1,1363,1246
71119376174,71119376156,-18,1482,1302
71121164562,71121164545,-17,1168,3199
71123579553,71123579558,5,1558,1286
71125676692,71125676714,22,2007,1568
71132593426,71132593424,-2,1333,23130
71133094405,71133094410,5,2048,1191
71141551586,71141551589,3,1785,1097
71142162501,71142162505,4,2475,1845
71143211338,71143211345,7,2334,1257
71144422339,71144422342,3,1248,1233
71144611953,71144611966,13,1883,1136
71147407980,71147407987,7,2044,1153
71152888346,71152888351,5,2959,1627
71153817585,71153817606,21,2231,1281
71155935584,71155935586,2,1513,863
71159099713,71159099715,2,1398,918
71161519494,71161519497,3,1487,1197
71162647164,71162647167,3,2044,1011
71164730078,71164730083,5,1779,1148
71165926177,71165926182,5,3797,1831
71167618060,71167618063,3,2204,1273
71170201223,71170201226,3,1890,1409
71170461127,71170461127,0,1332,1143
71176987260,71176987262,2,2042,1210
71179258961,71179258963,2,1915,1029
71181192986,71181192990,4,1778,1144
71185458350,71185458355,5,1790,1135
71187309965,71187309972,7,1630,1038
71187691094,71187691096,2,1689,1436
71187880228,71187880226,-2,916,2134
71189119029,71189119032,3,2101,1293
71190705521,71190705525,4,1098,869
71191578182,71191578186,4,2749,1731
71193110173,71193110178,5,1225,1212
71199589826,71199589831,5,1993,1353
71204291858,71204291862,4,1975,1461
71204445430,71204445438,8,1160,1550
71205711983,71205711987,4,2562,2044
71207822596,71207822599,3,2342,1607
71214241454,71214241459,5,2087,919
71217826002,71217826006,4,1748,1381
71220488458,71220488463,5,1522,989
71223397470,71223397474,4,1736,1487
71223581268,71223581272,4,2545,1835
71224439386,71224439389,3,1483,1163
71233115649,71233115652,3,1630,1260
71234292450,71234292454,4,2695,1485
71234320226,71234320226,0,1392,1963
71234412804,71234412809,5,2001,1290
71235840558,71235840559,1,1626,1757
71239511614,71239511618,4,1956,1215
71241322001,71241321994,-7,1182,4633
71243642637,71243642641,4,2020,1205
71245098332,71245098338,6,2793,925
71247597273,71247597279,6,1917,1105
71249620355,71249620334,-21,2229,948
71251413436,71251413439,3,2320,1828
71251843755,71251843758,3,1816,1572
71252486176,71252486179,3,1769,1500
71255572506,71255572511,5,2157,1548
71256274689,71256274694,5,2238,1284
71257805611,71257805611,0,1270,1525
71259448101,71259448104,3,2994,1629
71260472695,71260472701,6,2304,1603
71264874882,71264874885,3,1649,1768
71266303121,71266303126,5,1771,1414
71269127591,71269127597,6,1936,1231
71271761906,71271761911,5,3197,1688
71275270129,71275270133,4,2580,1585
71280439565,71280439571,6,2724,1187
71285373329,71285373331,2,1523,997
71286786789,71286786791,2,1763,1232
71286814745,71286814749,4,1194,868
71289303221,71289303226,5,1998,2022
71290513110,71290513113,3,2085,1503
71293388650,71293388652,2,1440,1139
71294834138,71294834142,4,1756,1195
71297612303,71297612306,3,1129,1091
71300119847,71300119850,3,1804,1485
71303921639,71303921642,3,2129,1350
71306692682,71306692686,4,1668,1481
71306874888,71306874870,-18,1300,867
71309526909,71309526915,6,1125,916
71313550745,71313550748,3,1647,871
71316139894,71316139896,2,1187,1126
71319082832,71319082836,4,2332,1311
71321017941,71321017945,4,2049,1455
71322493790,71322493793,3,2347,1398
71322897643,71322897649,6,1933,1695
71323796385,71323796390,5,1468,1413
71324423682,71324423683,1,23542,26651
71325209380,71325209386,6,1960,1092
71329485374,71329485381,7,2796,1735
71332283611,71332283616,5,603,148
71333404407,71333404413,6,1869,1388
71339221443,71339221447,4,2820,1369
71340245260,71340245266,6,2405,1281
71340888713,71340888718,5,2025,1875
71342651930,71342651934,4,1936,1840
71343228122,71343228131,9,2471,1454
71344731653,71344731659,6,2216,987
71358111844,71358111842,-2,1409,2181
71360246687,71360246690,3,2098,1082
71360290342,71360290347,5,1311,1168
71360505665,71360505644,-21,1413,724
71362684922,71362684927,5,1733,1118
71364105812,71364105817,5,2432,1126
71364365759,71364365763,4,859,912
71365737594,71365737613,19,40341,16085
71372584263,71372584268,5,2167,1281
71374774339,71374774344,5,1607,1298
71377335675,71377335678,3,1869,1048
71384628639,71384628638,-1,694,1549
71384987035,71384987040,5,2818,1529
71385209437,71385209439,2,1013,1156
71385709105,71385709111,6,1840,1367
71387950994,71387950998,4,2238,1743
71388119282,71388119288,6,1952,1200
71389210518,71389210524,6,3343,1240
71392387521,71392387524,3,1962,1178
71392617910,71392617915,5,2578,888
71394314851,71394314858,7,1870,1224
71397112563,71397112567,4,1675,1146
71399191122,71399191126,4,2044,1110
71400438612,71400438615,3,2078,1470
71402194408,71402194410,2,1687,1502
71403564392,71403564399,7,1571,1091
71404499730,71404499750,20,472,42
71407549994,71407549994,0,2122,1134
71408904331,71408904335,4,2040,1453
71411338222,71411338227,5,2740,1157
71413444784,71413444787,3,1634,1396
71415418149,71415418154,5,1887,1329
71419699155,71419699159,4,803,617
71422171489,71422171494,5,1799,1553
71428535889,71428535895,6,2187,1326
71429133014,71429133018,4,1852,1299
71429180302,71429180306,4,2043,1183
71429259013,71429259000,-13,1599,600
71430405699,71430405705,6,1840,1354
71430893328,71430893334,6,4023,1709
71437514557,71437514563,6,1578,909
71442490069,71442490073,4,1826,1474
71448220506,71448220508,2,1783,1221
71451950761,71451950767,6,3539,1454
71452936640,71452936645,5,2258,1346
71455725023,71455725027,4,2828,1399
71458095251,71458095256,5,2072,1128
71459910306,71459910310,4,1917,1370
71462188708,71462188711,3,1597,1177
71463476653,71463476658,5,1703,1500
71464854981,71464854983,2,1833,1383
71468160989,71468160992,3,1415,1394
71471153683,71471153687,4,3018,1487
71477151486,71477151491,5,1819,1210
71477341454,71477341448,-6,622,225
71481150250,71481150255,5,1565,1218
71481655217,71481655222,5,2471,1017
71489990116,71489990121,5,2192,1412
71490811439,71490811444,5,2453,1443
71493357215,71493357219,4,1852,1216
71495508585,71495508586,1,1501,1387
71495834115,71495834121,6,1833,998
71497535542,71497535547,5,1481,827
71500249158,71500249161,3,2541,1849
71507888642,71507888647,5,2115,1288
71509762466,71509762472,6,2939,1914
71514517228,71514517227,-1,2732,4697
71517529270,71517529273,3,1811,1503
71518176026,71518176031,5,2447,1529
71518865997,71518866001,4,1678,1282
71521815648,71521815650,2,2339,1483
71525330186,71525330190,4,948,959
71533654873,71533654878,5,2719,1449
71534199242,71534199246,4,2605,1675
71537954898,71537954902,4,2098,2260
71538577901,71538577905,4,2216,1309
71540033590,71540033594,4,2656,1517
71540067274,71540067279,5,2426,1636
71540913974,71540913980,6,1577,1259
71543732902,71543732907,5,2418,1410
71544693754,71544693757,3,2752,1805
71549943505,71549943510,5,1706,1183
71552740237,71552740244,7,2092,1321
71554674287,71554674293,6,2337,1543
71554975329,71554975334,5,1775,1444
71558598320,71558598323,3,2242,1016
71560049794,71560049801,7,3649,1969
71566679920,71566679922,2,1519,1164
71568297186,71568297189,3,2666,1640
71569231266,71569231270,4,2277,1852
71571908827,71571908831,4,2149,1154
71573544618,71573544623,5,2071,694
71573820329,71573820310,-19,1939,788
71574185581,71574185586,5,2437,1419
71577422132,71577422131,-1,2366,3263
71579033643,71579033646,3,1941,1478
71583423890,71583423895,5,2059,1047
71585161800,71585161806,6,2104,1491
71585646907,71585646914,7,6037,1439
71596818363,71596818367,4,1902,1649
71598060807,71598060804,-3,1863,4617
71599040015,71599040019,4,1590,1193
71602252578,71602252583,5,1982,1239
71604046180,71604046183,3,1891,1109
71604710082,71604710086,4,2218,1204
71604795217,71604795222,5,1991,1803
71605733650,71605733654,4,1484,1112
71606730319,71606730325,6,3154,1742
71609628074,71609628078,4,1763,1516
71610669202,71610669207,5,1155,849
71613754142,71613754146,4,1441,798
71616716989,71616716995,6,2237,979
71623561409,71623561412,3,1678,1193
71623711477,71623711484,7,2698,1758
71625746455,71625746450,-5,2131,6846
71626459629,71626459630,1,2012,1397
71628863129,71628863132,3,2531,1815
71629243830,71629243832,2,1767,2428
71636694297,71636694303,6,1869,1273
71636961754,71636961732,-22,2002,933
71638991646,71638991649,3,1930,1443
71641338843,71641338846,3,1794,1266
71642982849,71642982869,20,2870,1221
71643490162,71643490167,5,2267,908
71643677261,71643677264,3,2076,1994
71644684438,71644684443,5,2934,1205
71648102574,71648102578,4,1614,701
71648263371,71648263348,-23,2303,1041
71650196156,71650196161,5,2597,1628
71657814896,71657814901,5,2460,1364
71658409249,71658409249,0,1077,1486
71661310358,71661310362,4,1708,1787
71663608532,71663608535,3,2522,1584
71663681397,71663681401,4,2212,1471
71664686934,71664686927,-7,1985,6663
71665833632,71665833636,4,2110,1534
71671330660,71671330666,6,1608,1536
71673347233,71673347237,4,2258,1181
71673539595,71673539597,2,1469,994
71675896312,71675896314,2,1094,1274
71679149682,71679149687,5,1354,1081
71679343309,71679343311,2,1313,1159
71683335910,71683335915,5,1430,1075
71684141917,71684141903,-14,1982,716
71696054303,71696054312,9,1671,1441
71696621735,71696621739,4,2389,1812
71700072361,71700072366,5,1495,1051
71700408756,71700408755,-1,828,767
71704975754,71704975759,5,1937,1096
71706839502,71706839506,4,2802,1936
71709264862,71709264867,5,1274,1122
71713571087,71713571090,3,1856,1149
71716487582,71716487587,5,2123,1240
71716654939,71716654943,4,1345,1113
71719193479,71719193483,4,2028,1272
71719658762,71719658766,4,1836,1164
71719970277,71719970278,1,2219,1322
71725447005,71725447010,5,1568,1160
71727216174,71727216194,20,1019,11820
71730266085,71730266090,5,1530,1208
71730845541,71730845543,2,2229,1715
71732824860,71732824863,3,1080,712
71735474717,71735474722,5,6859,26206
71736235781,71736235773,-8,10497,16126
71736630903,71736630906,3,2059,993
71741702621,71741702626,5,1896,1181
71743288639,71743288646,7,5978,2087
71746884793,71746884795,2,1979,1218
71747575483,71747575487,4,2090,993
71747661682,71747661686,4,1875,1477
71750339269,71750339271,2,2358,1292
71750842046,71750842050,4,2007,1353
71758894911,71758894917,6,1647,1077
71765278107,71765278111,4,2840,1466
71765636629,71765636633,4,2059,1230
71767867999,71767868005,6,2236,1281
71770915358,71770915361,3,1749,1307
71774271433,71774271435,2,1474,1029
71781247958,71781247942,-16,2472,542
71782379023,71782379027,4,2321,1462
71783678481,71783678487,6,2055,849
71785820502,71785820506,4,2646,1359
71787731149,71787731151,2,2346,1311
71789950378,71789950381,3,1633,1255
71796702881,71796702884,3,1473,920
71797403051,71797403044,-7,798,2730
71798795871,71798795876,5,1657,1376
71799376108,71799376110,2,2136,1641
71808071594,71808071600,6,1910,1348
71810033258,71810033263,5,1992,1121
71810871152,71810871174,22,1606,1230
71811966346,71811966351,5,2528,1227
71812113610,71812113615,5,1671,1339
71813369838,71813369842,4,1155,919
71814293722,71814293726,4,2924,1886
71816547494,71816547502,8,2617,1423
71822083568,71822083568,0,1696,1684
71826676838,71826676843,5,2467,1254
71827403949,71827403952,3,1632,1336
71827529609,71827529591,-18,2624,1253
71828568143,71828568147,4,989,1364
71835119335,71835119341,6,2642,1170
71836043627,71836043605,-22,844,250
71837540041,71837540044,3,1951,1509
71842298499,71842298503,4,1969,1404
71843415678,71843415683,5,2243,1131
71847071778,71847071782,4,1075,1431
71851166635,71851166639,4,1400,1151
71856212127,71856212131,4,2499,1348
71859113837,71859113841,4,1674,1089
71859491506,71859491508,2,1318,1097
71867941242,71867941235,-7,3286,12063
71871151014,71871151017,3,1581,1225
71873646049,71873646055,6,2142,1205
71874263277,71874263283,6,3280,1323
71874708292,71874708291,-1,1784,2003
71877966301,71877966305,4,2247,1307
71880077550,71880077555,5,1276,1218
71881864357,71881864379,22,896,1644
71882208800,71882208803,3,2213,1862
71885294708,71885294713,5,2828,1194
71889782986,71889782992,6,1739,1110
71890674564,71890674569,5,2176,1194
71891100354,71891100357,3,2173,1510
71894230475,71894230479,4,1830,1856
71901830146,71901830162,16,271,1052
71904546766,71904546770,4,1466,1070
71905132194,71905132204,10,2052,1150
71906740013,71906740018,5,2472,1561
71908395246,71908395251,5,2003,1343
71911951264,71911951267,3,2103,1428
71912023092,71912023094,2,1933,1305
71912453512,71912453517,5,1279,1101
71916451396,71916451402,6,2037,985
71916808608,71916808590,-18,2103,1262
71919918097,71919918104,7,2649,1596
71920299759,71920299763,4,1910,1359
71921803596,71921803600,4,1767,1109
71924623485,71924623480,-5,893,4292
71925399497,71925399500,3,4221,2619
71926269502,71926269509,7,22236,48749
71926918214,71926918218,4,1871,1440
71928454774,71928454769,-5,1580,6674
71929477716,71929477717,1,1815,1770
71931146718,71931146700,-18,1750,895
71936443591,71936443572,-19,1158,934
71940768594,71940768598,4,1241,787
71942125075,71942125079,4,2036,1091
71946355124,71946355127,3,1134,1075
71949805674,71949805677,3,1138,1206
71950655851,71950655855,4,1727,1353
71951135945,71951135953,8,1742,834
71952212925,71952212929,4,2375,1792
71961475916,71961475921,5,2374,1376
71965250702,71965250705,3,2310,1546
71968358707,71968358713,6,2259,1191
71970053094,71970053097,3,2091,1320
71972475424,71972475427,3,3380,1386
71977195066,71977195071,5,1865,1330
71977933408,71977933412,4,1227,1210
71987514065,71987514069,4,1677,1492
71988770801,71988770805,4,1623,979
71989727285,71989727287,2,1658,1163
71992287815,71992287821,6,1519,980
71997187025,71997187030,5,1562,1169
71999729719,71999729722,3,1117,1008
72006082996,72006082999,3,1915,1659
72011060514,72011060519,5,2002,987
72016800889,72016800893,4,2372,1142
72017216738,72017216743,5,2231,1189
72017273331,72017273310,-21,1994,1247
72021209226,72021209224,-2,1349,2107
72024266402,72024266406,4,1396,1129
72030699560,72030699566,6,1948,1543
72031366093,72031366095,2,1760,1259
72034268486,72034268490,4,2268,1508
72036913370,72036913373,3,1821,986
72038973466,72038973470,4,1952,1088
72039003943,72039003925,-18,937,316
72041301807,72041301810,3,2627,1643
72042195556,72042195562,6,1919,1063
72043502474,72043502477,3,1472,1309
72046296440,72046296445,5,1932,1185
72046933552,72046933554,2,2124,1327
72050455169,72050455174,5,1520,700
72050528993,72050528974,-19,1969,1240
72053349455,72053349433,-22,971,265
72055875794,72055875775,-19,2101,1244
72056595019,72056595019,0,1535,1494
72056962392,72056962395,3,2706,1558
72058259307,72058259314,7,4886,1741
72060354770,72060354772,2,2046,2136
72061785954,72061785955,1,2351,1763
72062507359,72062507363,4,2073,1309
72063635402,72063635407,5,1843,1407
72063938694,72063938695,1,2021,1559
72066863078,72066863082,4,2343,1122
72067583112,72067583117,5,2038,1513
72068976376,72068976378,2,1645,1329
72073075646,72073075650,4,2096,1526
72076577860,72076577863,3,1652,1357
72078592886,72078592891,5,1796,988
72081997890,72081997893,3,1830,1127
72083400549,72083400554,5,2283,1066
72084381215,72084381221,6,8385,27608
72087418436,72087418420,-16,1779,1283
72091734773,72091734778,5,1926,1368
72091885896,72091885899,3,1210,1260
72092414071,72092414062,-9,23367,50651
72093240222,72093240223,1,1819,1235
72093313502,72093313507,5,2705,1322
72098776992,72098776995,3,1403,779
72107139422,72107139426,4,1760,1100
72109027394,72109027398,4,2489,1674
72110117138,72110117117,-21,1268,943
72113339502,72113339506,4,1881,1716
72113756264,72113756269,5,1998,1833
72113928749,72113928755,6,2420,1221
72115880642,72115880647,5,2075,1367
72116378490,72116378491,1,1231,1328
72121778189,72121778194,5,1730,1013
72126804922,72126804926,4,2393,1465
72130369749,72130369753,4,1322,883
72131744188,72131744195,7,3559,1267
72134903470,72134903475,5,2784,1366
72135107794,72135107802,8,9872,25921
72138798955,72138798959,4,1818,850
72140006225,72140006241,16,227,1241
72140524747,72140524751,4,1739,1370
72140702023,72140702026,3,1943,1130
72145167661,72145167664,3,1356,1443
72148987331,72148987335,4,1812,1288
72155539494,72155539495,1,1945,1629
72155998454,72155998457,3,1961,1545
72156056421,72156056424,3,1314,1126
72156920611,72156920615,4,2177,1337
72162546499,72162546503,4,1784,1343
72165534910,72165534915,5,2322,1467
72167468638,72167468644,6,2014,1485
72170817438,72170817439,1,1136,2204
72171728043,72171728048,5,1750,1131
72172809760,72172809766,6,2274,1229
72175097441,72175097445,4,1804,1554
72178558914,72178558915,1,2377,1317
72179120023,72179120023,0,1567,1925
72179555655,72179555658,3,1036,1163
72181417886,72181417892,6,2416,1459
72183071909,72183071913,4,1769,2214
72186277224,72186277226,2,1241,1997
72187624331,72187624334,3,2502,1742
72188014801,72188014801,0,1505,1390
72190703756,72190703761,5,9793,29163
72192735897,72192735900,3,2497,1812
72197818291,72197818296,5,1662,1302
72206334575,72206334578,3,1992,1242
72214066618,72214066622,4,1334,1856
72217863790,72217863794,4,2032,1453
72219435713,72219435719,6,1967,1107
72225136013,72225136017,4,2236,1645
72226147866,72226147870,4,1945,1403
72230294432,72230294437,5,2039,955
72231101954,72231101956,2,1798,1223
72231700469,72231700475,6,2166,1755
72233504317,72233504321,4,2097,1550
72244605992,72244605986,-6,976,2674
72251432307,72251432310,3,1204,852
72253034182,72253034186,4,1845,1573
72253149270,72253149274,4,2288,1629
72257878810,72257878815,5,1732,1285
72258749358,72258749363,5,1710,1450
72259485746,72259485747,1,1626,1330
72260846181,72260846183,2,1980,1068
72269640282,72269640285,3,1768,1533
72271668015,72271668016,1,21402,21030
72279357526,72279357505,-21,2257,1285
72279388285,72279388286,1,1385,990
72279783619,72279783623,4,2057,1178
72280163497,72280163500,3,2093,1597
72281836975,72281836979,4,2375,1523
72283528617,72283528621,4,2077,1374
72284134667,72284134673,6,1329,1221
72286370172,72286370177,5,1925,1318
72286817566,72286817570,4,1003,1281
72288341826,72288341830,4,1791,1032
72293139128,72293139129,1,1427,1834
72304375021,72304375026,5,2434,1546
72308651790,72308651795,5,2894,1846
72308695618,72308695621,3,1557,1445
72311282757,72311282761,4,2145,1172
72312103028,72312103031,3,1896,1297
72313237055,72313237050,-5,879,2849
72316914006,72316914010,4,2459,1174
72317737509,72317737511,2,1486,1400
72318550857,72318550859,2,1890,993
72318841338,72318841343,5,1563,1395
72319522413,72319522415,2,1971,1714
72320468619,72320468622,3,1317,1542
72320740506,72320740511,5,2118,1452
72321641426,72321641429,3,2927,1581
72322385054,72322385059,5,1154,1292
72328901106,72328901110,4,1710,1657
72332840745,72332840749,4,1772,1251
72334857733,72334857735,2,1859,1471
72336322678,72336322680,2,25206,42806
72339093079,72339093082,3,1321,1396
72341202330,72341202334,4,1537,1073
72341428439,72341428451,12,12258,41411
72341672850,72341672854,4,1998,1632
72342831206,72342831201,-5,2058,6344
72343458958,72343458962,4,1768,1150
72346474329,72346474334,5,2204,1337
72347132246,72347132248,2,2341,1585
72347317974,72347317978,4,1428,493
72351674398,72351674400,2,2260,1543
72352329025,72352329021,-4,1054,2461
72355344953,72355344955,2,1974,1672
72355577869,72355577875,6,1652,1069
72356097242,72356097241,-1,963,2460
72376414329,72376414332,3,1781,744
72378285542,72378285543,1,536,122
72380633817,72380633821,4,2658,1823
72385348650,72385348656,6,2740,1713
72389050896,72389050900,4,1662,1295
72391518446,72391518448,2,2352,1239
72392613110,72392613114,4,1233,1211
72397605503,72397605507,4,1623,1166
72398221890,72398221894,4,2209,1056
72399515045,72399515047,2,2228,1605
72402519722,72402519727,5,1855,1048
72406631693,72406631696,3,1024,878
72410599036,72410599040,4,1818,1368
72411089925,72411089931,6,2230,1515
72413907737,72413907738,1,2209,1185
72415320438,72415320445,7,2941,1089
72417126437,72417126442,5,2527,1384
72419219059,72419219067,8,2835,1548
72424849183,72424849189,6,2269,859
72426192095,72426192099,4,1031,945
72429727918,72429727922,4,1813,1891
72440115363,72440115368,5,1788,1649
72442155594,72442155596,2,2634,1706
72443804199,72443804203,4,1712,958
72453811994,72453811999,5,1885,1058
72454288537,72454288517,-20,978,642
72456938874,72456938882,8,2459,968
72458465009,72458465011,2,1673,1063
72459494114,72459494118,4,1590,553
72462428377,72462428381,4,1955,1300
72467453991,72467453994,3,1844,1570
72467487538,72467487519,-19,1588,1700
72472524230,72472524234,4,2151,1520
72475410276,72475410277,1,8722,11904
72477943977,72477943979,2,2243,1283
72486737647,72486737647,0,1849,1713
72488824338,72488824320,-18,2819,1744
72492447572,72492447595,23,2783,4247
72493217251,72493217254,3,1493,1266
72495765629,72495765633,4,1679,1365
72496872474,72496872479,5,1372,1074
72497339471,72497339475,4,1814,1154
72497427110,72497427094,-16,1774,1156
72497640333,72497640337,4,2347,1531
72501650182,72501650202,20,1592,2725
72506970548,72506970553,5,2193,1792
72509957298,72509957303,5,1425,1161
72510993842,72510993846,4,1345,1030
72511230050,72511230028,-22,1552,503
72513605694,72513605699,5,1767,1255
72516342075,72516342078,3,3540,1907
72523592452,72523592458,6,3297,1095
72523815234,72523815242,8,7082,1451
72524067325,72524067310,-15,2136,920
72536315409,72536315413,4,1714,1313
72537752777,72537752780,3,1377,1339
72537962317,72537962321,4,1504,1021
72540290041,72540290037,-4,1037,3099
72540760912,72540760914,2,2008,1287
72546431778,72546431783,5,1658,1117
72547430644,72547430650,6,1760,861
72547635118,72547635100,-18,1497,1742
72550193077,72550193080,3,1760,955
72553910493,72553910497,4,1500,1232
72555861451,72555861456,5,2384,998
72561082679,72561082678,-1,1227,1037
72564855148,72564855153,5,2499,1253
72568786751,72568786757,6,2051,1803
72570791990,72570791988,-2,1194,2054
72572977202,72572977207,5,1772,1685
72576926882,72576926887,5,2186,1363
72578089534,72578089539,5,1365,1421
72579745977,72579745982,5,1615,934
72580567882,72580567862,-20,1966,607
72580594302,72580594305,3,1128,1211
72581181832,72581181846,14,1183,1051
72583110114,72583110120,6,1849,1127
72587334444,72587334448,4,2213,1564
72589412550,72589412556,6,2565,1805
72590179281,72590179288,7,2219,1558
72590644890,72590644894,4,2974,1347
72593324361,72593324366,5,2776,1517
72593711025,72593711031,6,1871,1431
72594080216,72594080222,6,1168,1094
72595934128,72595934133,5,1953,1127
72600312310,72600312314,4,1583,1521
72601408061,72601408065,4,1663,1337
72604862033,72604862038,5,2132,1212
72605825966,72605825971,5,1403,1206
72607568224,72607568226,2,2476,918
72608254027,72608254032,5,2334,1403
72608981938,72608981942,4,1642,1166
72610241235,72610241238,3,1640,1820
72610423034,72610423038,4,1147,1153
72618505042,72618505045,3,2423,1123
72620083908,72620083912,4,2049,1303
72620157333,72620157335,2,1307,1239
72626405551,72626405557,6,2152,1158
72627116993,72627116998,5,2117,1102
72630256979,72630256983,4,2014,1293
72631225014,72631225017,3,1854,1499
72632322105,72632322109,4,2131,1285
72632891590,72632891593,3,1606,1002
72633295713,72633295715,2,1972,1046
72633618119,72633618122,3,1571,1479
72634739255,72634739261,6,2296,1718
72637146858,72637146875,17,15142,42367
72637679577,72637679581,4,1650,1255
72639323886,72639323891,5,1683,1356
72641392285,72641392286,1,1163,1064
72641640628,72641640627,-1,1769,2706
72642147313,72642147318,5,1700,1374
72642890520,72642890522,2,1476,1556
72647610917,72647610922,5,1738,1120
72647664015,72647664028,13,670,281
72648402614,72648402619,5,1769,874
72649804660,72649804662,2,951,1607
72651514933,72651514937,4,2994,1119
72653378175,72653378181,6,2241,1194
72657133460,72657133463,3,2182,1162
72657858344,72657858349,5,2188,1374
72663157302,72663157302,0,1730,1707
72667329666,72667329671,5,1705,1044
72673312866,72673312869,3,1553,1318
72673943882,72673943885,3,1543,1426
72675455825,72675455830,5,2747,1301
72676106639,72676106643,4,1828,1321
72677930586,72677930589,3,1494,1289
72678378771,72678378788,17,1651,1338
72678719938,72678719950,12,1589,1604
72681889958,72681889962,4,2199,1263
72685963158,72685963138,-20,1581,1455
72686915259,72686915247,-12,24758,14940
72688443478,72688443482,4,1800,1221
72690269120,72690269126,6,1741,1145
72691559831,72691559834,3,2408,1339
72692267468,72692267473,5,2023,1174
72695699282,72695699287,5,2189,1178
72697388405,72697388410,5,2055,1076
72704854650,72704854654,4,2140,1417
72705119609,72705119591,-18,1292,609
72707338353,72707338357,4,1770,1282
72709632673,72709632678,5,2104,1521
72716059637,72716059641,4,2060,1199
72718656577,72718656583,6,1739,1046
72719571362,72719571366,4,1706,1229
72720360459,72720360462,3,1964,1157
72721529698,72721529692,-6,1061,3244
72721905297,72721905301,4,1748,1253
72730135036,72730135041,5,1757,1208
72731646846,72731646850,4,1619,1406
72731979146,72731979150,4,1546,938
72740456487,72740456480,-7,1961,5935
72743977798,72743977802,4,1642,1646
72744684435,72744684439,4,1640,1189
72744729554,72744729557,3,1713,1204
72748158157,72748158160,3,2414,1633
72749130791,72749130795,4,1297,892
72749253654,72749253658,4,1154,1404
72752552596,72752552600,4,1816,1300
72753160311,72753160316,5,2207,1468
72755141633,72755141637,4,2212,1815
72757694808,72757694811,3,938,1265
72759968765,72759968766,1,1999,1907
72761684179,72761684178,-1,1683,2248
72765537650,72765537657,7,2033,932
72769213717,72769213722,5,1393,1118
72770917105,72770917107,2,1707,2524
72772828313,72772828322,9,17715,22649
72773055731,72773055726,-5,1222,3115
72774984224,72774984227,3,1920,1603
72775286027,72775286022,-5,980,3248
72775444645,72775444648,3,2079,1093
72775984794,72775984795,1,1539,1483
72776961842,72776961847,5,1746,1102
72780416865,72780416871,6,1848,1309
72782343267,72782343271,4,1122,1073
72783655030,72783655035,5,2232,1019
72787105356,72787105361,5,1594,1196
72788917098,72788917102,4,2159,2029
72793001417,72793001421,4,2249,1288
72793187491,72793187495,4,2164,1209
72800303576,72800303579,3,2511,1614
72802935114,72802935118,4,2021,1916
72805139981,72805139986,5,2034,1399
72807091483,72807091487,4,1398,1099
72809748767,72809748777,10,349,1584
72810799591,72810799594,3,1551,1366
72813160170,72813160175,5,2598,1295
72814549134,72814549138,4,1345,1143
72814816135,72814816135,0,782,136
72816408484,72816408489,5,1781,1636
72818936738,72818936743,5,2023,1122
72819355994,72819355998,4,1067,948
72819856828,72819856830,2,1049,1221
72820847736,72820847739,3,2137,1281
72821640170,72821640191,21,1873,1015
72823922606,72823922609,3,1149,1036
72825792096,72825792100,4,2005,1802
72828784405,72828784411,6,2011,1451
72829187359,72829187354,-5,1654,1154
72834202145,72834202151,6,1918,971
72836622449,72836622451,2,1981,1301
72836904750,72836904756,6,1797,1143
72836942177,72836942180,3,8940,25931
72840822942,72840822946,4,2954,1591
72843078899,72843078902,3,1809,1092
72845611646,72845611650,4,1862,1442
72846914890,72846914889,-1,1974,12695
72847581232,72847581237,5,1849,976
72853605746,72853605747,1,1052,1490
72856269444,72856269449,5,2126,1521
72856791226,72856791229,3,1907,1672
72857172905,72857172908,3,1965,1296
72858000856,72858000836,-20,2151,1299
72858860506,72858860511,5,2154,1485
72860368803,72860368805,2,1205,1476
72861177669,72861177674,5,1967,1418
72862139155,72862139159,4,2839,1325
72864804250,72864804257,7,1787,1475
72865071746,72865071753,7,2860,1380
72865961817,72865961823,6,2388,1531
72867447631,72867447638,7,1260,1294
72871754517,72871754517,0,989,1400
72878426965,72878426970,5,2322,1642
72882670672,72882670675,3,1664,1285
72883560556,72883560561,5,1525,1283
72886151245,72886151250,5,1233,1258
72891713047,72891713050,3,1536,1305
72900256822,72900256826,4,2139,1331
72900774525,72900774529,4,2369,1943
72901620230,72901620234,4,1610,1531
72901914993,72901914972,-21,1879,1741
72902884763,72902884767,4,1620,1434
72903008077,72903008079,2,1311,1241
72903096617,72903096616,-1,19654,6018
72906193746,72906193750,4,1441,1279
72910185993,72910185997,4,1812,864
72911888779,72911888782,3,2897,1005
72911995839,72911995844,5,1613,1183
72912843794,72912843799,5,1302,1075
72913934933,72913934937,4,3058,1804
72913976730,72913976734,4,1944,1478
72914523450,72914523430,-20,1363,1455
72914610879,72914610881,2,1956,1441
72914837079,72914837085,6,1842,1226
72919077823,72919077827,4,2066,1229
72920883499,72920883503,4,2875,1714
72920962554,72920962532,-22,1619,970
72925524480,72925524484,4,2394,2445
72929893174,72929893176,2,10140,7750
72930173460,72930173471,11,1980,1398
72935752534,72935752535,1,1192,1256
72942617721,72942617726,5,2148,1495
72943337934,72943337936,2,1688,1413
72943849290,72943849293,3,1705,1394
72943926325,72943926328,3,1997,1280
72944099169,72944099150,-19,3050,1617
72946800777,72946800760,-17,716,308
72951085048,72951085059,11,2005,1344
72952235223,72952235222,-1,1437,1849
72952840251,72952840255,4,1881,1571
72957787753,72957787762,9,12496,36280
72960548733,72960548736,3,2074,1316
72960655014,72960655029,15,1824,1571
72961412106,72961412111,5,1683,1675
72961439218,72961439222,4,2801,1793
72961660011,72961660015,4,1831,968
72963123689,72963123693,4,1765,1535
72963438619,72963438621,2,1934,1420
72964146421,72964146426,5,2348,1099
72971884394,72971884402,8,1964,1406
72972643824,72972643825,1,1476,2988
72973950805,72973950810,5,1558,1787
72974711926,72974711930,4,2406,1490
72975181006,72975181011,5,1757,1031
72989873397,72989873402,5,1872,836
72990970262,72990970267,5,2301,1091
72991285601,72991285604,3,1853,988
72991748670,72991748670,0,1303,1123
72993209933,72993209927,-6,2040,7252
72993333772,72993333775,3,1245,889
72996022918,72996022922,4,2614,1405
73000616859,73000616853,-6,779,3785
73001987005,73001987007,2,3193,1908
73002766111,73002766116,5,1722,1248
73004972701,73004972706,5,3055,2079
73006307638,73006307643,5,1997,1273
73009842256,73009842265,9,1437,36328
73010836063,73010836067,4,1529,730
73015898688,73015898691,3,2440,2033
73021594670,73021594674,4,1872,1258
73022563734,73022563738,4,2087,1265
73030490427,73030490431,4,6941,21204
73031594335,73031594337,2,1465,1981
73035587014,73035587017,3,1891,1586
73037850062,73037850065,3,1624,1368
73042708622,73042708626,4,1655,1326
73043313044,73043313047,3,1428,1227
73044274376,73044274387,11,2259,1553
73049829364,73049829344,-20,933,440
73051188313,73051188320,7,2968,1272
73054853011,73054853018,7,2273,1189
73057501464,73057501466,2,884,1042
73057602280,73057602286,6,1185,1099
73066190903,73066190906,3,1317,1295
73071197702,73071197707,5,2451,1275
73075144346,73075144349,3,889,489
73075486291,73075486278,-13,843,233
73076645383,73076645387,4,2458,1689
73079127182,73079127188,6,2545,1230
73087094978,73087094982,4,2995,958
73089780306,73089780310,4,2231,1986
73089948209,73089948213,4,1564,1436
73091080378,73091080381,3,1607,1524
73092387707,73092387706,-1,1199,2166
73093275462,73093275467,5,1898,2114
73095068382,73095068386,4,1980,1598
73098629394,73098629398,4,1875,1374
73100684554,73100684558,4,1326,783
73101259625,73101259628,3,2191,1725
73101687047,73101687045,-2,720,185
73103767143,73103767147,4,2120,1208
73105902991,73105902994,3,1577,1144
73105990291,73105990280,-11,909,236
73111680871,73111680875,4,1430,1156
73112977306,73112977312,6,1895,1805
73113577950,73113577946,-4,1217,2991
73114552936,73114552937,1,1144,1009
73117581392,73117581396,4,2044,1396
73118311951,73118311951,0,770,805
73119425960,73119425966,6,2450,1119
73120721996,73120721989,-7,1512,8327
73121731341,73121731350,9,2104,981
73122427754,73122427758,4,1964,1489
73122586626,73122586630,4,611,594
73123125495,73123125500,5,1898,1241
73123544915,73123544919,4,2010,1622
73125747369,73125747371,2,1067,755
73125885450,73125885453,3,1590,1300
73126140622,73126140627,5,2901,1487
73127122678,73127122683,5,2270,1527
73129756770,73129756774,4,2115,1087
73135998301,73135998306,5,2347,1243
73137307259,73137307263,4,1631,1565
73139589258,73139589262,4,2315,1258
73141137441,73141137441,0,965,1827
73142444161,73142444166,5,2034,1315
73143328786,73143328790,4,1737,1284
73144579778,73144579780,2,1779,1489
73146786062,73146786068,6,1845,1843
73147767174,73147767178,4,2170,1341
73149776179,73149776181,2,2371,1834
73149830753,73149830755,2,1765,1352
73152015962,73152015967,5,1934,1190
73155047822,73155047822,0,989,597
73165518053,73165518060,7,2665,1574
73168085705,73168085709,4,1415,1548
73174592166,73174592171,5,2262,1866
73175542385,73175542390,5,1585,1001
73178046070,73178046075,5,1778,1126
73179636040,73179636043,3,2995,1570
73182331839,73182331843,4,2222,1319
73185444093,73185444097,4,1473,1194
73191029349,73191029354,5,2113,1289
73199131314,73199131319,5,2768,1543
73209222459,73209222464,5,2256,1540
73209407109,73209407111,2,1363,1189
73210938905,73210938907,2,2141,1402
73214360954,73214360957,3,2343,1537
73217547176,73217547180,4,1665,1223
73220996257,73220996261,4,1914,1390
73227444102,73227444107,5,2189,1394
73229699742,73229699747,5,2409,1476
73231682451,73231682458,7,1938,1179
73232453845,73232453848,3,1626,1813
73235944424,73235944428,4,2143,1882
73236353049,73236353053,4,2359,1559
73238536774,73238536779,5,1962,1030
73241755022,73241755026,4,2232,1314
73241784610,73241784614,4,2396,1265
73243810286,73243810290,4,1801,1280
73245922066,73245922070,4,1873,1316
73247660598,73247660602,4,1996,1193
73247707181,73247707185,4,1824,997
73248310780,73248310783,3,1863,1056
73249478982,73249478982,0,1566,2446
73249600356,73249600356,0,28089,20556
73250094890,73250094895,5,1893,974
73250380598,73250380612,14,1865,1282
73260919158,73260919162,4,1897,1071
73262931568,73262931573,5,24387,26802
73264656198,73264656202,4,2101,1682
73265074636,73265074638,2,1863,959
73268586050,73268586031,-19,1145,763
73269452080,73269452082,2,1219,1638
73269913483,73269913487,4,1689,1254
73272101522,73272101526,4,1583,1542
73274310107,73274310112,5,1365,971
73276281692,73276281697,5,2384,1355
73277050918,73277050923,5,2273,1807
73277384859,73277384862,3,2054,1784
73280162319,73280162324,5,1513,989
73281977938,73281977942,4,2256,1536
73283807413,73283807398,-15,881,984
73283864420,73283864424,4,1729,1423
73284150244,73284150247,3,1702,1610
73288033045,73288033041,-4,1715,5175
73289545969,73289545973,4,2093,1549
73291972470,73291972472,2,1472,1612
73293652580,73293652583,3,2086,1548
73295876401,73295876403,2,1583,1053
73296005592,73296005598,6,2299,1252
73300460614,73300460621,7,2561,1439
73303455442,73303455447,5,1079,1068
73303609519,73303609501,-18,894,168
73312442420,73312442421,1,1219,1320
73312566681,73312566686,5,1848,1238
73315274690,73315274694,4,2286,1540
73317313966,73317313970,4,2627,1417
73318954926,73318954931,5,2370,1197
73321669001,73321669005,4,2474,1493
73325097749,73325097753,4,2349,1456
73326863228,73326863233,5,1788,1303
73326916310,73326916314,4,2509,1656
73327440623,73327440627,4,772,770
73330035281,73330035287,6,2058,1701
73331364771,73331364774,3,1775,1273
73332226635,73332226639,4,1665,1271
73333493214,73333493217,3,1966,1226
73335415197,73335415201,4,1899,1445
73335928575,73335928573,-2,1827,1357
73338606955,73338606959,4,1953,1170
73339928119,73339928122,3,2832,3165
73341109029,73341109032,3,2127,1263
73345552520,73345552528,8,1687,1345
73348045474,73348045480,6,2135,1622
73354402549,73354402555,6,1992,1421
73354635618,73354635621,3,1988,970
73356805228,73356805231,3,1547,1220
73358638800,73358638804,4,2973,2006
73368600483,73368600502,19,1026,474
73368739531,73368739534,3,1934,1259
73371404578,73371404582,4,2749,2053
73373361538,73373361542,4,1915,1638
73391294686,73391294687,1,878,769
73398125010,73398125016,6,2555,2004
73399509359,73399509365,6,2770,1513
73403617593,73403617597,4,1123,1076
73404396210,73404396214,4,1661,1411
73406130419,73406130425,6,1800,1265
73406197863,73406197867,4,1252,817
73408335358,73408335362,4,1508,1269
73410340405,73410340409,4,2503,1709
73414683162,73414683166,4,1744,1384
73417758685,73417758689,4,1845,1326
73418782726,73418782729,3,1617,1367
73422272767,73422272770,3,1950,2073
73425235132,73425235136,4,2190,1129
73425927691,73425927694,3,2209,1181
73427191835,73427191841,6,2228,1924
73427334717,73427334721,4,2504,1084
73430399323,73430399326,3,1801,2015
73430609935,73430609942,7,2770,1513
73431509306,73431509311,5,1227,990
73436831984,73436831989,5,2270,1425
73437023146,73437023150,4,2304,1805
73437947342,73437947348,6,1767,1656
73439704486,73439704490,4,1953,1177
73443234370,73443234374,4,1326,997
73451011275,73451011280,5,992,1304
73451091249,73451091254,5,2391,1368
73451121822,73451121808,-14,1898,1335
73451444946,73451444946,0,2635,4148
73451743998,73451744002,4,1572,1156
73455543674,73455543679,5,2284,1345
73456517776,73456517779,3,1974,1333
73458247766,73458247771,5,2093,1410
73461996239,73461996243,4,1976,1299
73465037358,73465037364,6,1947,1449
73465892046,73465892049,3,1315,1106
73466576078,73466576081,3,2063,1368
73466718371,73466718373,2,1226,909
73467697473,73467697469,-4,2181,5713
73467868433,73467868436,3,2206,1618
73469251318,73469251323,5,2493,1635
73470960098,73470960102,4,2791,1600
73474175325,73474175329,4,2454,1575
73475549185,73475549190,5,1394,1430
73477535322,73477535325,3,1620,1421
73478302826,73478302830,4,1810,1270
73480301952,73480301954,2,1928,1279
73488244500,73488244506,6,1849,1412
73489490662,73489490667,5,1525,1530
73490057130,73490057126,-4,1119,2846
73491607786,73491607790,4,1657,816
73492297434,73492297440,6,2369,1337
73498264435,73498264441,6,3217,1338
73503194958,73503194959,1,989,1016
73503778226,73503778233,7,3408,1501
73511273783,73511273787,4,2007,1266
73512650842,73512650846,4,2379,1830
73517058400,73517058394,-6,1092,4609
73527846165,73527846170,5,2557,1745
73528615886,73528615886,0,1466,968
73530088303,73530088306,3,1727,1342
73531347117,73531347122,5,1786,1450
73532578169,73532578173,4,2333,1676
73534692919,73534692923,4,2355,1354
73536066530,73536066537,7,2939,1443
73546064633,73546064636,3,1409,1460
73553204167,73553204171,4,2483,1394
73554845318,73554845321,3,2279,1768
73555781798,73555781799,1,1252,1650
73556493279,73556493261,-18,1733,920
73557122220,73557122209,-11,1629,1633
73558745053,73558745058,5,1765,1015
73563883766,73563883771,5,1591,945
73565775883,73565775878,-5,998,1809
73568730740,73568730745,5,2656,1801
73572025805,73572025809,4,1800,1204
73579986903,73579986907,4,2163,1449
73584836400,73584836403,3,1169,874
73585860865,73585860871,6,1389,1198
73594855742,73594855747,5,2327,1576
73596272547,73596272551,4,2255,1085
73600389295,73600389284,-11,37939,15221
73600587029,73600587034,5,1430,882
73603999912,73603999914,2,1487,1068
73605334815,73605334821,6,1664,1576
73606890674,73606890679,5,1754,856
73607654361,73607654365,4,2865,1703
73608797430,73608797435,5,1785,1309
73611211364,73611211366,2,1881,1607
73629473075,73629473079,4,842,1360
73637690362,73637690366,4,1977,1371
73637779785,73637779778,-7,1045,3903
73639918464,73639918470,6,1458,1544
73642573980,73642573986,6,2750,1461
73643389027,73643389032,5,2318,1138
73647527473,73647527473,0,1273,2281
73657976529,73657976533,4,1939,1282
73663313169,73663313175,6,2011,1163
73666820529,73666820532,3,2737,1763
73669429683,73669429686,3,2333,1832
73670533566,73670533569,3,1921,1481
73672967861,73672967866,5,2180,1265
73674038058,73674038062,4,2240,1415
73674222256,73674222259,3,1619,1076
73675120323,73675120328,5,2102,1661
73676972729,73676972734,5,1180,944
73677810809,73677810813,4,2429,1654
73678497342,73678497347,5,2124,1793
73682267129,73682267134,5,1965,1313
73684309848,73684309854,6,1697,1558
73691322330,73691322335,5,1614,1114
73691663359,73691663363,4,2194,1007
73693054597,73693054603,6,1633,714
73693468044,73693468048,4,2537,1474
73693954293,73693954294,1,1365,1450
73697650210,73697650214,4,1859,1193
73700069300,73700069302,2,1710,1172
73701879742,73701879746,4,2139,1495
73702624207,73702624211,4,2286,1570
73704055080,73704055085,5,2372,972
73705059394,73705059398,4,2018,1566
73708282166,73708282171,5,1018,584
73708424074,73708424080,6,1690,1443
73709445731,73709445734,3,1653,1201
73713480765,73713480772,7,2253,1787
73718490603,73718490606,3,2240,1260
73722455726,73722455731,5,1566,1461
73727851125,73727851132,7,2071,732
73728784350,73728784353,3,1695,1210
73731078127,73731078131,4,4491,2808
73731136427,73731136430,3,2395,1349
73734422365,73734422367,2,1069,1066
73738879070,73738879071,1,1130,1469
73745042713,73745042710,-3,3225,3954
73745090696,73745090702,6,3067,1899
73746328013,73746328017,4,2042,1046
73747386863,73747386869,6,2234,1424
73750926162,73750926165,3,1626,1109
73755947283,73755947286,3,3062,1504
73759315317,73759315323,6,1807,1524
73759729279,73759729283,4,2549,1312
73760343286,73760343290,4,1983,1502
73762106207,73762106214,7,2252,974
73762892445,73762892430,-15,846,442
73764114707,73764114710,3,1814,928
73768106085,73768106090,5,2353,1272
73775199437,73775199442,5,2104,1762
73776008222,73776008229,7,2514,1774
73776184646,73776184651,5,1938,1411
73781352815,73781352808,-7,2232,7010
73782016857,73782016861,4,1361,1159
73782501272,73782501275,3,2191,1387
73785020809,73785020814,5,2184,672
73785329341,73785329345,4,2361,2064
73786976085,73786976088,3,2043,1325
73788488254,73788488259,5,1993,1393
73789234630,73789234635,5,2337,1630
73790050478,73790050463,-15,1055,500
73790416899,73790416903,4,1584,1073
73793525622,73793525629,7,1967,1465
73794409661,73794409665,4,1482,1105
73794494565,73794494568,3,2694,1464
73794706859,73794706847,-12,861,333
73797675334,73797675338,4,2062,1220
73799369022,73799369026,4,1672,1841
73800811494,73800811496,2,17678,17604
73802930866,73802930872,6,2039,1065
73806227446,73806227449,3,1819,1265
73806405388,73806405405,17,1979,1391
73816791419,73816791424,5,1678,1279
73816910112,73816910115,3,1674,1039
73819623902,73819623909,7,1350,1079
73822861324,73822861326,2,1644,1167
73826322296,73826322300,4,2645,1654
73830135710,73830135711,1,903,973
73830203531,73830203534,3,1676,1002
73834911390,73834911392,2,2342,1920
73847689444,73847689446,2,1833,1533
73851748694,73851748699,5,1906,1437
73852961450,73852961454,4,2127,956
73857615121,73857615125,4,2325,1561
73860264700,73860264706,6,2640,1168
73861202883,73861202887,4,1280,436
73861917594,73861917598,4,1356,1172
73862466262,73862466267,5,1041,682
73864732426,73864732430,4,2494,1860
73867916218,73867916222,4,1634,1390
73871210530,73871210535,5,1735,968
73873145610,73873145614,4,2194,1348
73876451824,73876451829,5,2110,1629
73877403233,73877403238,5,1497,1112
73879791855,73879791861,6,2245,1208
73879915842,73879915822,-20,1561,1106
73882691774,73882691779,5,1212,1251
73882943578,73882943559,-19,1373,796
73884069727,73884069732,5,770,131
73884701147,73884701124,-23,2020,661
73885211055,73885211061,6,1521,1238
73886251265,73886251267,2,1493,976
73888628042,73888628045,3,962,1186
73895595138,73895595143,5,1708,1709
73901317679,73901317683,4,2984,1430
73902306758,73902306761,3,2630,1974
73905233962,73905233966,4,1497,841
73905451442,73905451447,5,1859,1418
73906489194,73906489198,4,2452,1782
73906807169,73906807173,4,1815,1180
73908284401,73908284405,4,1665,1349
73909328829,73909328830,1,1215,1393
73914325243,73914325247,4,7374,5878
73918333194,73918333200,6,2379,1849
73918723768,73918723750,-18,1663,1301
73919294396,73919294399,3,2508,1388
73926144693,73926144696,3,1905,1785
73927586057,73927586062,5,1468,1235
73929138723,73929138727,4,2060,885
73934026736,73934026740,4,2265,1174
73935547540,73935547541,1,3251,3990
73940200917,73940200922,5,1733,1594
73941056402,73941056396,-6,1160,2980
73941361329,73941361335,6,2238,1352
73943465348,73943465353,5,1890,1219
73945054785,73945054778,-7,19947,18012
73945886454,73945886456,2,1404,1588
73952163594,73952163598,4,2422,1713
73952679653,73952679660,7,1968,1396
73953793504,73953793510,6,3173,1513
73954354017,73954354022,5,1625,975
73956564514,73956564518,4,1303,990
73962326978,73962326983,5,2458,1275
73962833509,73962833510,1,2187,1653
73963011402,73963011423,21,1988,1333
73963870038,73963870043,5,1812,1150
73965086861,73965086866,5,2127,911
73966121132,73966121137,5,1597,1348
73966486886,73966486868,-18,2405,1069
73971638625,73971638629,4,2412,1387
73972822066,73972822047,-19,1126,1055
73973931678,73973931683,5,3847,1746
73979422487,73979422491,4,2006,1463
73992833986,73992833989,3,1763,1110
73996299752,73996299757,5,1694,860
73997614890,73997614892,2,1794,1443
73998737579,73998737582,3,1917,1732
74000304610,74000304613,3,2259,1509
74003612926,74003612930,4,1927,1090
74005664548,74005664553,5,1772,1254
74008626657,74008626659,2,1896,1412
74008741867,74008741876,9,1714,952
74010781960,74010781964,4,2300,1014
74011074281,74011074283,2,1959,1621
74012333710,74012333714,4,1963,1812
74012611191,74012611195,4,2510,1621
74018479737,74018479738,1,1441,1029
74018784047,74018784029,-18,2167,1487
74020168739,74020168741,2,1687,1834
74020539137,74020539141,4,1761,1476
74024833378,74024833383,5,1872,954
74025427857,74025427861,4,2205,1221
74026699274,74026699281,7,2456,1402
74029234143,74029234147,4,1467,1426
74032764472,74032764475,3,2261,1641
74034613533,74034613538,5,7055,2792
74035147067,74035147070,3,1752,1241
74037256051,74037256055,4,1692,1762
74037566709,74037566713,4,2458,1579
74040590121,74040590125,4,2273,1515
74043454606,74043454609,3,1912,1171
74044803945,74044803949,4,2089,1712
74046502729,74046502734,5,2034,1283
74049160201,74049160207,6,2174,1033
74055616822,74055616823,1,1423,1786
74056852402,74056852403,1,1766,1249
74058383849,74058383851,2,1732,1731
74060331349,74060331351,2,1948,1635
74060908989,74060908993,4,2224,1418
74061083135,74061083138,3,2479,1180
74064201165,74064201170,5,1692,1238
74064543288,74064543294,6,1626,917
74070789035,74070789041,6,2024,1545
74076651789,74076651791,2,1984,2240
74077765773,74077765778,5,1507,1577
74080792385,74080792388,3,1000,1123
74087338473,74087338478,5,1583,916
74088835987,74088835990,3,3190,2029
74090988415,74090988417,2,1913,1593
74091407200,74091407205,5,2214,1616
74099115609,74099115613,4,2258,1085
74099256434,74099256439,5,1606,1155
74099535286,74099535283,-3,1816,4600
74102145882,74102145886,4,2297,1636
74105932902,74105932906,4,1777,1353
74108904530,74108904533,3,2499,1536
74114026088,74114026093,5,2657,1229
74119853031,74119853026,-5,1034,4511
74126327693,74126327699,6,10165,24476
74130044494,74130044499,5,2289,1487
74131297234,74131297240,6,2298,1275
74133882826,74133882827,1,1795,2149
74135203774,74135203777,3,3210,3229
74138158089,74138158090,1,1683,2645
74138824186,74138824191,5,2143,1544
74139590929,74139590934,5,1816,1407
74142470190,74142470195,5,2275,1278
74145376226,74145376230,4,1975,1754
74146029090,74146029097,7,2642,1138
74146922755,74146922759,4,2060,1694
74148867530,74148867534,4,1052,870
74150925145,74150925151,6,2109,1045
74152754574,74152754576,2,1592,1405
74154239878,74154239883,5,1308,960
74154929131,74154929135,4,2495,1594
74154980195,74154980199,4,1805,1288
74158461774,74158461778,4,2377,1135
74160209452,74160209457,5,4333,2977
74160305217,74160305222,5,2393,1445
74162790110,74162790111,1,1277,1397
74164160807,74164160813,6,1569,1282
74164247555,74164247558,3,2716,1890
74165995909,74165995914,5,2023,1279
74166671745,74166671750,5,2156,1419
74167384027,74167384033,6,2589,1086
74167412601,74167412614,13,2374,1347
74170364583,74170364588,5,1779,1426
74172120645,74172120650,5,1594,1468
74173364323,74173364329,6,2729,1396
74177512378,74177512383,5,2007,1476
74182193474,74182193479,5,1386,1003
74183198696,74183198699,3,1700,1181
74183833403,74183833382,-21,538,272
74185211899,74185211903,4,2055,1343
74189957094,74189957101,7,1496,944
74190013538,74190013528,-10,474,349
74191653983,74191653987,4,1281,659
74192289766,74192289769,3,816,832
74193209735,74193209739,4,2879,1938
74195791201,74195791206,5,2643,1769
74195947729,74195947730,1,1680,1301
74196544866,74196544845,-21,1989,961
74201200023,74201200027,4,2652,1239
74205044082,74205044086,4,2169,891
74206342947,74206342950,3,2425,1704
74211134049,74211134051,2,1334,959
74211900234,74211900240,6,1770,1438
74213317228,74213317230,2,1604,1187
74215742411,74215742414,3,1679,1421
74217860136,74217860143,7,1645,876
74218938520,74218938525,5,1071,1195
74220834742,74220834746,4,2043,1365
74222164347,74222164350,3,2277,1398
74227541169,74227541165,-4,1233,2990
74229000202,74229000206,4,1501,1141
74230698835,74230698842,7,3078,1593
74234203125,74234203128,3,2479,1591
74236297897,74236297898,1,1534,1380
74237304405,74237304410,5,2050,1139
74237569222,74237569226,4,1699,830
74240068939,74240068945,6,2170,1158
74241398689,74241398695,6,2806,1144
74243389166,74243389172,6,2574,1425
74245272702,74245272698,-4,903,1199
74253723221,74253723225,4,1424,1114
74257831040,74257831046,6,1804,1306
74258524218,74258524221,3,1230,852
74261193745,74261193748,3,2216,1097
74267735117,74267735112,-5,1831,4984
74268944419,74268944425,6,1979,1355
74269371940,74269371942,2,1953,1294
74271231731,74271231735,4,2360,1640
74274392714,74274392716,2,12018,11476
74275539804,74275539809,5,1001,1122
74277664078,74277664080,2,2320,1812
74279086966,74279086967,1,26839,28354
74281185017,74281185020,3,1639,1129
74283611950,74283611954,4,2139,1538
74286274861,74286274866,5,2108,906
74286989332,74286989335,3,1081,788
74287424546,74287424550,4,1251,1458
74288556170,74288556174,4,2290,1358
74290680766,74290680769,3,2812,1936
74301464375,74301464379,4,2491,1316
74303418082,74303418087,5,2137,769
74306944675,74306944687,12,11683,46683
74307728182,74307728185,3,2188,1148
74313224366,74313224371,5,1801,1172
74314164400,74314164406,6,1997,856
74320095673,74320095678,5,1752,1161
74320534806,74320534810,4,2438,1403
74321187682,74321187682,0,12218,17288
74324413075,74324413078,3,1929,1357
74328900361,74328900366,5,2402,1406
74336262218,74336262222,4,2434,1064
74337218270,74337218286,16,146,501
74338231951,74338231955,4,2082,1497
74338836970,74338836966,-4,1249,3118
74344113682,74344113687,5,1905,1433
74345307901,74345307903,2,964,1025
74349975319,74349975324,5,2550,1442
74350712778,74350712781,3,1910,871
74353012747,74353012751,4,1344,846
74354131402,74354131405,3,1542,847
74356260459,74356260463,4,2094,1415
74356520470,74356520475,5,2796,1535
74360334390,74360334394,4,1943,1616
74363225593,74363225599,6,1972,1390
74369762278,74369762282,4,1877,1471
74371404006,74371404013,7,2357,1956
74372789982,74372789985,3,2410,1873
74373899618,74373899621,3,1514,1536
74374220268,74374220260,-8,1690,7142
74374703770,74374703774,4,1985,1136
74375276726,74375276730,4,2098,1786
74375574398,74375574403,5,1400,1409
74377007775,74377007777,2,1864,2714
74377472731,74377472734,3,1903,1552
74385383194,74385383198,4,2066,1483
74386112506,74386112511,5,2289,1552
74386989978,74386989983,5,1591,929
74387198533,74387198536,3,2222,1797
74388058479,74388058479,0,1005,1420
74389341183,74389341181,-2,1246,2134
74389584402,74389584406,4,1659,958
74394184972,74394184977,5,2444,1681
74398034761,74398034765,4,1469,1269
74398475130,74398475130,0,1285,1462
74398582890,74398582908,18,2820,1216
74398760788,74398760793,5,1347,1406
74401608853,74401608859,6,2071,1447
74404563105,74404563110,5,2342,1560
74410443896,74410443901,5,2452,1150
74413289074,74413289076,2,2000,1961
74415971282,74415971286,4,1949,1462
74418131409,74418131415,6,1709,1400
74420204782,74420204786,4,1570,1156
74421344738,74421344759,21,1441,1372
74424433690,74424433694,4,2041,1466
74428731095,74428731100,5,1895,1206
74429212883,74429212902,19,1643,959
74429744670,74429744673,3,2239,1635
74432023250,74432023254,4,2419,1346
74436443325,74436443330,5,1742,1366
74437840100,74437840102,2,2856,2472
74439473950,74439473955,5,3056,1514
74441260597,74441260600,3,2305,1602
74442003902,74442003908,6,2023,1430
74445092402,74445092405,3,2527,1183
74448901885,74448901891,6,2076,1219
74455237018,74455237023,5,2534,1361
74456160515,74456160522,7,1599,832
74457937194,74457937199,5,2503,1491
74459423177,74459423179,2,2013,1348
74462429308,74462429313,5,2533,1794
74463691773,74463691755,-18,1119,239
74467080947,74467080937,-10,899,544
74470116969,74470116974,5,2298,1903
74473173959,74473173966,7,2086,1297
74476330724,74476330726,2,2129,1032
74481094079,74481094082,3,1431,1009
74481676418,74481676439,21,2131,1474
74488488323,74488488327,4,1711,1254
74492874714,74492874718,4,2402,1794
74494257067,74494257070,3,1481,1699
74495518983,74495518965,-18,1140,174
74497111523,74497111527,4,2774,1439
74497140686,74497140689,3,2532,2039
74497195354,74497195359,5,1129,961
74501267438,74501267439,1,1452,1615
74503289965,74503289971,6,1541,946
74503445770,74503445775,5,1601,1002
74504295066,74504295067,1,1157,1309
74505924087,74505924091,4,2289,909
74506613167,74506613150,-17,1972,1238
74508943254,74508943258,4,1989,1564
74510515929,74510515933,4,2802,1596
74511416817,74511416821,4,1611,1130
74515380393,74515380395,2,2122,1327
74516535866,74516535862,-4,1199,3618
74521282797,74521282801,4,1951,1135
74524748177,74524748181,4,2095,1486
74525110583,74525110589,6,1587,953
74526965957,74526965961,4,2708,1917
74527820051,74527820051,0,3119,4037
74530248206,74530248209,3,2781,1267
74531600173,74531600176,3,1825,1370
74532121825,74532121829,4,1128,791
74533309973,74533309977,4,1191,1069
74536022401,74536022381,-20,1119,696
74538226650,74538226653,3,2250,1176
74540965575,74540965578,3,2387,1298
74544540383,74544540387,4,2019,896
74547365626,74547365628,2,2584,1595
74547702807,74547702813,6,1813,1540
74548045526,74548045530,4,1352,1158
74550536080,74550536085,5,2620,1478
74551277271,74551277265,-6,1231,3959
74552177968,74552177971,3,2205,1383
74552946027,74552946029,2,2625,1580
74553510766,74553510770,4,1946,932
74554232575,74554232578,3,1785,1627
74555212079,74555212083,4,2855,1989
74555654773,74555654777,4,1897,1249
74558306065,74558306071,6,1603,1137
74560701680,74560701682,2,2046,1484
74562294793,74562294797,4,2003,1229
74564610392,74564610411,19,1584,1195
74570916639,74570916642,3,2542,1443
74575408512,74575408515,3,2763,1155
74576419591,74576419590,-1,1393,2979
74580965604,74580965606,2,1765,1553
74583795987,74583795990,3,1500,1286
74585338061,74585338066,5,2284,1432
74589083623,74589083627,4,2494,1315
74590686179,74590686183,4,1919,1023
74593303265,74593303267,2,1768,754
74593983198,74593983202,4,1536,1168
74594252745,74594252750,5,1682,1273
74597703022,74597703020,-2,1545,2059
74600150435,74600150439,4,2447,950
74601805130,74601805134,4,1690,954
74603851570,74603851570,0,1671,2613
74604433142,74604433146,4,2326,1403
74607234120,74607234125,5,2561,1361
74609075353,74609075359,6,3621,1614
74616420381,74616420387,6,1965,1008
74616964263,74616964248,-15,2074,1008
74617251614,74617251617,3,1946,1391
74618911103,74618911107,4,1952,1501
74622843057,74622843063,6,3058,1320
74624842754,74624842759,5,2233,1051
74626172635,74626172637,2,1986,1360
74626603703,74626603708,5,2761,1624
74627820665,74627820670,5,1746,1228
74629039271,74629039268,-3,788,295
74636673966,74636673970,4,1576,916
74642441062,74642441067,5,2886,1509
74644735278,74644735283,5,1331,863
74646086386,74646086388,2,2322,1347
74652086511,74652086514,3,1819,1324
74655041364,74655041368,4,2074,1259
74656005099,74656005106,7,2956,939
74656154943,74656154946,3,2363,1592
74659120264,74659120252,-12,1622,1561
74660296773,74660296778,5,28362,20476
74660802566,74660802571,5,2461,1174
74663192085,74663192087,2,1635,1686
74664216143,74664216148,5,1638,2225
74665034825,74665034829,4,2477,1608
74667277330,74667277334,4,2572,1376
74668544494,74668544499,5,1798,971
74673091927,74673091931,4,1594,1002
74678798615,74678798620,5,2104,1733
74680339166,74680339171,5,1299,1085
74680614513,74680614518,5,1534,1530
74687843082,74687843087,5,1769,1264
74689371214,74689371218,4,1757,900
74689991482,74689991487,5,2112,1628
74690821501,74690821505,4,2279,1342
74691747642,74691747650,8,14230,20583
74693197558,74693197562,4,2013,1045
74695162706,74695162711,5,1779,1256
74696207602,74696207610,8,4676,967
74699651040,74699651042,2,1190,1033
74700864227,74700864232,5,1548,1511
74701167488,74701167493,5,2171,1676
74703183308,74703183314,6,2921,1420
74703470127,74703470132,5,1796,990
74710651734,74710651738,4,2247,1047
74711318206,74711318211,5,4745,2452
74716525333,74716525337,4,2599,1784
74719234711,74719234715,4,1641,1019
74720444095,74720444098,3,1905,1000
74722967615,74722967618,3,1602,1419
74726857001,74726857006,5,2761,1163
74727874429,74727874434,5,2609,1338
74728028216,74728028196,-20,2263,1178
74730351033,74730351035,2,2061,1380
74731068994,74731068999,5,886,1119
74731521767,74731521772,5,2295,1260
74732425767,74732425770,3,2427,1201
74732890237,74732890242,5,2659,1872
74734157774,74734157780,6,2266,1539
74736877682,74736877680,-2,1221,2091
74745559314,74745559308,-6,2798,7599
74747362194,74747362198,4,3127,1843
74749468653,74749468658,5,2189,1299
74751346054,74751346055,1,15582,13977
74752313798,74752313802,4,2361,1896
74752862917,74752862922,5,1438,1200
74753769498,74753769490,-8,1495,4653
74754326926,74754326932,6,2072,1339
74760735426,74760735434,8,2064,789
74762136610,74762136614,4,1938,1461
74762223724,74762223729,5,2240,1258
74764141833,74764141835,2,1640,1393
74764892865,74764892871,6,3097,1384
74765416994,74765416997,3,1644,1307
74765486121,74765486121,0,3519,4065
74768080656,74768080659,3,1828,1540
74774286568,74774286565,-3,2451,4224
74779266203,74779266200,-3,2353,4687
74781883887,74781883892,5,2323,1017
74783202617,74783202619,2,1729,1574
74783430417,74783430422,5,2372,1714
74783673854,74783673858,4,1267,1267
74786530502,74786530504,2,1272,1693
74787628592,74787628596,4,1611,1079
74788371907,74788371910,3,2103,1297
74794136529,74794136533,4,1776,1390
74798707822,74798707826,4,1701,1777
74801275900,74801275905,5,1859,1051
74802178919,74802178902,-17,766,155
74804361044,74804361049,5,2938,1675
74806376987,74806376991,4,1687,1514
74808875826,74808875829,3,2136,1613
74818042176,74818042177,1,1965,1776
74818736647,74818736650,3,1926,1147
74819853310,74819853315,5,2361,1411
74820769235,74820769238,3,2250,1464
74823492762,74823492766,4,4886,2940
74824601545,74824601549,4,2476,1686
74825264363,74825264372,9,2694,1384
74827310770,74827310773,3,2176,924
74827425347,74827425353,6,1672,815
74833225290,74833225297,7,3075,1858
74837750215,74837750217,2,1356,1625
74837967072,74837967077,5,1799,1342
74840585790,74840585790,0,1220,1581
74842398194,74842398199,5,2741,1674
74842495033,74842495036,3,1492,1690
74842961282,74842961284,2,1147,955
74848600534,74848600535,1,1032,1355
74848971026,74848971031,5,1929,1114
74851857822,74851857825,3,1667,1392
74854972536,74854972540,4,1974,1568
74860722096,74860722099,3,1572,1376
74862528816,74862528822,6,2293,1088
74864469623,74864469626,3,1610,1590
74867100518,74867100522,4,1645,2043
74871108510,74871108511,1,2395,2152
74872321822,74872321828,6,1911,1190
74873227558,74873227560,2,16581,14290
74874191960,74874191961,1,2560,2551
74876979890,74876979895,5,2923,1719
74877300538,74877300546,8,2568,1152
74880713207,74880713211,4,2917,1472
74882491570,74882491575,5,2183,939
74884843944,74884843946,2,1617,1167
74890488917,74890488923,6,1921,1328
74890746191,74890746172,-19,1299,665
74893225668,74893225673,5,1212,853
74894468333,74894468334,1,10906,11488
74895283946,74895283950,4,1905,929
74895875903,74895875905,2,1352,1478
74896029639,74896029620,-19,1875,1518
74898778298,74898778301,3,1573,826
74899337543,74899337526,-17,1584,859
74899701185,74899701190,5,1926,1229
74901481209,74901481213,4,1652,1575
74908668720,74908668721,1,1159,868
74909236985,74909236965,-20,2052,1610
74910288934,74910288935,1,1176,1698
74912231104,74912231108,4,2517,1455
74912444131,74912444136,5,1772,1381
74912959882,74912959887,5,2329,1108
74914457969,74914457975,6,1542,1324
74915099165,74915099167,2,2051,1571
74918899326,74918899329,3,1826,1690
74923085958,74923085960,2,1615,1613
74925162495,74925162491,-4,2457,6808
74928093558,74928093562,4,2126,970
74929750988,74929750994,6,2191,1563
74937995291,74937995290,-1,1521,1175
74940646474,74940646478,4,1141,1334
74941738725,74941738730,5,2378,1430
74943222045,74943222050,5,1747,1378
74944619903,74944619906,3,1931,1354
74946150778,74946150781,3,1827,1150
74951848163,74951848167,4,1992,1115
74954440821,74954440825,4,2043,1499
74958255024,74958255027,3,1847,1107
74963072623,74963072630,7,2477,1559
74966361409,74966361416,7,2259,948
74967980761,74967980765,4,2064,1231
74971035635,74971035642,7,1665,986
74971431503,74971431520,17,2139,1118
74976981966,74976981970,4,2127,1408
74979115132,74979115137,5,1445,1215
74979824140,74979824145,5,2539,962
74981502690,74981502694,4,1736,1127
74984051445,74984051449,4,1771,1696
74984992539,74984992542,3,1876,1485
74990551597,74990551601,4,1757,1156
74991135970,74991135975,5,2187,1339
74996320601,74996320605,4,1748,1368
74997883938,74997883941,3,2107,1498
74998219931,74998219931,0,1677,2457
74999230611,74999230615,4,1284,1442
75001483169,75001483171,2,1841,1158
75002533978,75002533958,-20,1476,1094
75003268773,75003268776,3,1703,1463
75004941902,75004941897,-5,1422,2770
75008166613,75008166618,5,2630,1585
75008447252,75008447255,3,2058,1291
75011445726,75011445725,-1,1733,1388
75013022174,75013022175,1,1785,1273
75013356090,75013356094,4,2511,1520
75015700521,75015700527,6,2054,995
75019605469,75019605470,1,1692,2222
75023517416,75023517421,5,2610,1671
75024377438,75024377442,4,2130,1655
75025479640,75025479642,2,1457,1114
75028608936,75028608939,3,1431,1294
75028723501,75028723506,5,1942,807
75028795595,75028795589,-6,236,1600
75029263342,75029263338,-4,972,3038
75035615146,75035615149,3,1953,1301
75037741412,75037741420,8,11876,19132
75038822998,75038823001,3,12532,10156
75046084333,75046084337,4,1386,919
75046295858,75046295864,6,2027,1471
75050431018,75050431025,7,2010,1160
75050523706,75050523686,-20,1988,1231
75054802514,75054802518,4,2092,1699
75058020002,75058019999,-3,2174,4900
75058186869,75058186874,5,2395,1069
75061416515,75061416518,3,1487,1032
75062094210,75062094213,3,2391,1664
75062384419,75062384425,6,1725,1251
75063818582,75063818586,4,2102,1537
75065209559,75065209566,7,2556,1165
75069674121,75069674123,2,2064,1229
75070769889,75070769894,5,1509,1010
75072384490,75072384494,4,2608,1340
75072911797,75072911798,1,1734,927
75074716203,75074716205,2,1305,1252
75076664054,75076664060,6,1988,903
75076741211,75076741220,9,2433,1516
75080683115,75080683121,6,2141,1244
75082190092,75082190097,5,1450,1274
75084066898,75084066902,4,1186,699
75089427835,75089427853,18,1033,3100
75093898199,75093898195,-4,2353,5768
75096667334,75096667333,-1,1589,2613
75101456926,75101456931,5,4333,2695
75103188865,75103188870,5,1639,1203
75103242068,75103242078,10,1600,897
75105289217,75105289221,4,1759,1360
75106616736,75106616743,7,4598,1937
75106772085,75106772089,4,2974,1908
75109720719,75109720721,2,1957,1190
75110791206,75110791190,-16,845,669
75111753886,75111753871,-15,2371,1274
75112822095,75112822099,4,2190,1664
75113379109,75113379115,6,1680,1248
75113897486,75113897491,5,1897,1021
75114191815,75114191799,-16,2231,1148
75114966162,75114966166,4,1851,1068
75115885662,75115885667,5,1678,1423
75116557810,75116557828,18,2118,1481
75119213386,75119213391,5,2466,1230
75121660315,75121660319,4,1567,1063
75122242026,75122242006,-20,1562,845
75122747214,75122747218,4,1697,1410
75123248278,75123248260,-18,1262,523
75123656531,75123656535,4,1639,1498
75126481266,75126481271,5,2557,1463
75130387107,75130387111,4,1482,1355
75132133850,75132133853,3,1628,965
75135696461,75135696466,5,1933,1293
75139777826,75139777835,9,2656,1055
75142333262,75142333267,5,1212,922
75145040266,75145040268,2,1747,1297
75150848630,75150848635,5,3189,1530
75151195872,75151195875,3,1384,1325
75151689583,75151689587,4,3380,1238
75153510629,75153510633,4,1999,1563
75160573208,75160573212,4,2168,1520
75162326675,75162326671,-4,485,1236
75163968906,75163968904,-2,7526,12408
75166899667,75166899673,6,3032,1356
75167792810,75167792813,3,2358,977
75171775562,75171775566,4,1564,1461
75172040037,75172040021,-16,687,475
75172540784,75172540789,5,1707,1204
75175057825,75175057830,5,2737,1442
75176233000,75176233003,3,1932,1539
75181972291,75181972291,0,977,1266
75182396019,75182396023,4,2212,1792
75183166481,75183166485,4,1449,1588
75187739256,75187739257,1,1546,1605
75188169275,75188169279,4,1243,1057
75190226250,75190226254,4,1739,1209
75194049985,75194049990,5,1787,1565
75194944918,75194944923,5,2731,1923
75197374820,75197374824,4,1326,1701
75197887306,75197887315,9,1730,995
75203221739,75203221735,-4,2039,4820
75205385587,75205385590,3,2106,1172
75208776510,75208776515,5,911,760
75213348579,75213348584,5,2842,1215
75215763310,75215763313,3,2929,1389
75215871554,75215871574,20,2337,1195
75218402714,75218402719,5,1839,928
75218657870,75218657875,5,752,1101
75220281628,75220281632,4,2459,1591
75220477282,75220477303,21,1220,839
75223722641,75223722647,6,1525,884
75224044147,75224044150,3,1364,1089
75225719761,75225719754,-7,2084,7984
75225951063,75225951047,-16,884,412
75226092972,75226092978,6,1983,1534
75226412888,75226412869,-19,1189,832
75228039955,75228039958,3,1875,1407
75229269433,75229269439,6,1912,1142
75231957203,75231957207,4,2088,1479
75235452611,75235452617,6,2658,1527
75235805746,75235805750,4,1823,1035
75240388642,75240388646,4,1548,1144
75241141798,75241141802,4,2374,1304
75243058398,75243058402,4,1772,1372
75243997994,75243997995,1,1773,1232
75244134910,75244134911,1,2395,2241
75245293864,75245293858,-6,1271,7913
75245549318,75245549322,4,1861,1129
75246980609,75246980612,3,1997,955
75248515439,75248515442,3,2031,1626
75250568727,75250568731,4,1619,1213
75251471799,75251471803,4,2524,1793
75252558259,75252558263,4,2607,1302
75252757477,75252757484,7,2950,1529
75254263713,75254263717,4,2022,1765
75254543649,75254543628,-21,1951,1267
75256040919,75256040924,5,2886,1472
75256371410,75256371431,21,1005,598
75262767925,75262767930,5,1878,1023
75265459053,75265459055,2,1794,947
75269110821,75269110827,6,2333,1262
75274452471,75274452476,5,1889,1180
75274976483,75274976487,4,1562,1500
75276255205,75276255208,3,1834,1046
75277775199,75277775202,3,2211,1220
75280385371,75280385367,-4,956,2526
75281045764,75281045769,5,2147,1316
75281094291,75281094297,6,2327,1417
75281706481,75281706460,-21,1382,1120
75297901019,75297901023,4,2100,1247
75307858467,75307858469,2,2098,1020
75309364655,75309364660,5,2073,2030
75309746181,75309746185,4,1744,1053
75315928566,75315928573,7,3111,1178
75320668562,75320668566,4,2565,1367
75321989031,75321989025,-6,786,4608
75325888731,75325888735,4,2556,1605
75328865127,75328865132,5,2232,1591
75332334710,75332334713,3,1882,1399
75334366805,75334366808,3,1579,1688
75334525825,75334525807,-18,1505,1400
75335634105,75335634109,4,1712,874
75336817983,75336817986,3,1081,1518
75342682698,75342682702,4,1864,1662
75345139350,75345139353,3,1693,960
75346235549,75346235553,4,1764,1098
75351084725,75351084731,6,2086,1288
75352088978,75352088982,4,1790,943
75352118834,75352118814,-20,2154,1043
75352530659,75352530663,4,2624,1226
75356123601,75356123604,3,1950,1089
75357767877,75357767882,5,2350,1342
75370633747,75370633749,2,1704,1424
75371312682,75371312685,3,1590,1138
75372129876,75372129881,5,2018,1406
75376118656,75376118659,3,1862,1139
75379829143,75379829146,3,1305,857
75380060259,75380060240,-19,2017,1100
75381141018,75381141022,4,1765,1218
75381501254,75381501239,-15,1772,1045
75389094488,75389094490,2,1421,1048
75396363484,75396363482,-2,1741,2686
75398564729,75398564734,5,1358,882
75403928615,75403928619,4,2546,1589
75405930422,75405930427,5,958,818
75409822426,75409822430,4,1572,1071
75412161395,75412161398,3,2164,1155
75415632085,75415632088,3,2231,1453
75417123669,75417123667,-2,29098,41186
75421184651,75421184656,5,2088,1502
75423571965,75423571971,6,2231,1381
75426340020,75426340025,5,1691,1317
75428261298,75428261303,5,1798,1259
75428922114,75428922092,-22,745,431
75429707259,75429707263,4,1564,1513
75430003688,75430003693,5,2289,1479
75432141734,75432141738,4,2083,1574
75436134944,75436134950,6,2100,1072
75436171904,75436171888,-16,1676,1161
75436483145,75436483152,7,1053,657
75444494203,75444494207,4,2344,1318
75444671162,75444671169,7,3136,1632
75446099756,75446099762,6,2749,1828
75450847242,75450847243,1,1204,1311
75452212958,75452212961,3,2088,1063
75452943518,75452943523,5,2346,1172
75454367010,75454367016,6,2703,1566
75455352575,75455352579,4,2538,1696
75457963440,75457963446,6,1981,1339
75460371606,75460371609,3,1780,1455
75464137947,75464137951,4,1877,999
75464973141,75464973143,2,1583,999
75465601910,75465601914,4,2275,1588
75468817170,75468817173,3,1684,1609
75471215989,75471215994,5,1837,1126
75472662542,75472662546,4,1658,1830
75472812233,75472812237,4,1892,1541
75473407167,75473407175,8,1503,461
75473539723,75473539727,4,557,151
75475351698,75475351698,0,1839,2093
75476128218,75476128223,5,1502,1477
75477353420,75477353422,2,1968,791
75479946750,75479946756,6,1993,921
75481082214,75481082214,0,1579,2107
75481754783,75481754786,3,2121,1497
75482806328,75482806329,1,1762,1452
75482947439,75482947423,-16,1603,1075
75488370282,75488370285,3,1694,1291
75491456882,75491456887,5,2361,1035
75493601125,75493601133,8,2107,1355
75495112927,75495112923,-4,24539,8533
75495349045,75495349064,19,917,90
75496489033,75496489034,1,1737,1142
75498244754,75498244759,5,2241,1751
75500280943,75500280947,4,1925,1416
75503389067,75503389071,4,1306,1024
75510103222,75510103227,5,1599,1093
75518934699,75518934703,4,2788,1263
75522476266,75522476269,3,1859,986
75523622970,75523622975,5,955,758
75525371890,75525371894,4,1822,1234
75527263124,75527263127,3,2250,1372
75529340970,75529340974,4,2352,1521
75529755822,75529755827,5,2307,1517
75530288326,75530288327,1,1391,1315
75530386625,75530386630,5,1648,1247
75530638030,75530638034,4,2873,1686
75530957771,75530957775,4,1641,1217
75536390976,75536390977,1,1689,2135
75537963271,75537963277,6,1576,1359
75540129705,75540129709,4,2244,1497
75540327994,75540327992,-2,997,1676
75545813087,75545813087,0,2724,2997
75547637556,75547637559,3,1336,1064
75548522150,75548522155,5,2011,1579
75553683223,75553683227,4,1143,1155
75555913058,75555913062,4,1617,1352
75556096020,75556096023,3,1830,1323
75558114038,75558114042,4,1637,1476
75558597614,75558597593,-21,1673,1243
75560853270,75560853265,-5,1713,7655
75562544042,75562544045,3,1447,1389
75564867813,75564867818,5,3124,1379
75568409994,75568410000,6,6841,3637
75569129075,75569129080,5,2226,1455
75569578974,75569578978,4,2060,1451
75570252295,75570252290,-5,2240,5038
75572488401,75572488405,4,2152,1504
75576775669,75576775674,5,1565,1211
75577180326,75577180328,2,1030,1605
75578838706,75578838710,4,2009,1269
75581916377,75581916381,4,2385,1244
75582819589,75582819591,2,2010,1731
75584755570,75584755575,5,2589,1853
75585098878,75585098882,4,1818,1205
75586734533,75586734535,2,2084,1466
75587102390,75587102394,4,3058,1220
75587782316,75587782319,3,2085,1267
75589734382,75589734388,6,1624,1067
75591547678,75591547683,5,2013,1356
75592066035,75592066053,18,830,94
75592712750,75592712755,5,1620,1117
75595685182,75595685185,3,2051,1431
75596687819,75596687822,3,2097,1303
75597190107,75597190111,4,1739,1166
75599138906,75599138887,-19,2193,1325
75600337833,75600337839,6,1521,1251
75601657587,75601657591,4,2097,1490
75603164437,75603164439,2,946,759
75607157948,75607157953,5,2419,2039
75610131925,75610131927,2,1682,1671
75613184508,75613184513,5,2176,1079
75613711301,75613711287,-14,2118,1297
75617009190,75617009194,4,2079,877
75618908742,75618908745,3,2009,1335
75622308675,75622308680,5,2173,1609
75623514704,75623514708,4,2114,1171
75627875306,75627875307,1,1643,1376
75628520311,75628520315,4,1490,1258
75629433958,75629433963,5,3387,1666
75631170674,75631170679,5,2097,1408
75632678231,75632678234,3,1782,1480
75634010442,75634010446,4,1612,1256
75637194897,75637194902,5,1283,1291
75637465898,75637465903,5,1092,808
75639182687,75639182691,4,1278,1264
75642050166,75642050169,3,1379,1432
75652175821,75652175825,4,1192,860
75657065186,75657065170,-16,1815,1069
75658717322,75658717326,4,2082,1316
75660997950,75660997952,2,1950,1263
75665091371,75665091375,4,2105,1150
75665913282,75665913285,3,1329,1105
75666903358,75666903362,4,1835,2147
75668206054,75668206059,5,1305,1377
75671579094,75671579099,5,1891,1352
75675214262,75675214266,4,2823,1796
75675354443,75675354447,4,1699,1260
75675535946,75675535957,11,1419,908
75679446397,75679446400,3,1225,1194
75682028821,75682028823,2,2011,1689
75687060634,75687060636,2,1643,1191
75687496774,75687496777,3,2012,1496
75690001398,75690001403,5,1851,833
75691811671,75691811676,5,1971,1844
75692029020,75692029023,3,2233,1801
75692709919,75692709922,3,1836,1233
75696904678,75696904684,6,1986,1402
75700773044,75700773049,5,2574,1485
75702618937,75702618939,2,1457,926
75706173653,75706173656,3,2573,2138
75706804334,75706804348,14,1292,1256
75707951269,75707951270,1,1817,1495
75708594354,75708594346,-8,2352,7007
75710005449,75710005453,4,2633,1525
75711489631,75711489635,4,1668,1150
75715090468,75715090472,4,2688,1711
75716529911,75716529913,2,1605,1008
75716689190,75716689199,9,1867,997
75722136367,75722136371,4,2041,1482
75722213645,75722213650,5,2124,1335
75724506950,75724506938,-12,1808,1319
75725608267,75725608263,-4,1024,1893
75727825254,75727825257,3,1370,1672
75733621237,75733621242,5,2532,744
75734969019,75734969023,4,2109,1411
75737523895,75737523898,3,1737,1130
75740284233,75740284237,4,1841,1568
75742457858,75742457861,3,1096,1142
75743771554,75743771560,6,2532,1352
75746836678,75746836679,1,1710,1584
75748198446,75748198449,3,1195,1648
75748717474,75748717474,0,1521,1398
75748787529,75748787521,-8,1698,9416
75749272554,75749272558,4,1485,1740
75752468605,75752468608,3,1981,1683
75757648305,75757648310,5,1977,895
75757760749,75757760754,5,2411,989
75757787347,75757787367,20,1391,964
75759366124,75759366127,3,1782,1274
75760219501,75760219504,3,2386,1273
75763669279,75763669279,0,2640,3445
75763769856,75763769859,3,1994,1410
75766606883,75766606888,5,2126,1360
75767632342,75767632348,6,2244,1514
75776078427,75776078430,3,2126,1326
75777645938,75777645941,3,1768,1420
75784897464,75784897463,-1,1098,1573
75785822942,75785822946,4,2450,1255
75787927178,75787927182,4,1551,1521
75790167974,75790167977,3,2506,1847
75790986519,75790986524,5,1927,1248
75792647217,75792647217,0,1728,1683
75796535221,75796535225,4,3055,1424
75797255176,75797255160,-16,2363,1493
75797454174,75797454178,4,2300,1413
75798790766,75798790770,4,1464,1477
75801603950,75801603956,6,1109,1097
75802936074,75802936080,6,1314,959
75802977733,75802977738,5,1896,1146
75803814681,75803814684,3,1897,1239
75815012721,75815012727,6,1828,1063
75815476913,75815476917,4,930,670
75819372974,75819372977,3,1585,1038
75819774173,75819774175,2,1565,890
75822344340,75822344346,6,2312,982
75823561154,75823561159,5,2875,742
75825622677,75825622682,5,1814,1179
75831169353,75831169354,1,1635,1504
75837116574,75837116573,-1,1481,1793
75837228481,75837228487,6,1592,1278
75838726073,75838726079,6,3292,1157
75843060034,75843060038,4,4571,3262
75844874912,75844874916,4,2048,1592
75850704514,75850704522,8,4112,1114
75853236713,75853236715,2,2253,1226
75853767465,75853767469,4,1585,1382
75856911437,75856911443,6,1448,1200
75856954243,75856954246,3,1567,1472
75859291217,75859291210,-7,1355,11506
75863270983,75863270987,4,1624,892
75867917259,75867917239,-20,1979,936
75874753022,75874753024,2,1439,1906
75875726850,75875726856,6,2034,1243
75877499098,75877499102,4,1820,1023
75879261249,75879261254,5,2598,1221
75881377538,75881377543,5,1944,939
75883047306,75883047310,4,1842,1407
75894538473,75894538478,5,2150,1027
75895012900,75895012902,2,1538,681
75895188722,75895188726,4,1873,953
75899767289,75899767294,5,1696,1031
75900090949,75900090932,-17,2204,1165
75902411355,75902411358,3,2613,1249
75902943815,75902943819,4,2722,1423
75903527335,75903527339,4,2634,1580
75903848564,75903848569,5,1899,1500
75905988203,75905988208,5,1933,1420
75908016321,75908016306,-15,1733,1635
75908122686,75908122693,7,3131,1722
75909359183,75909359186,3,2061,1866
75914076009,75914076015,6,1714,1434
75916357861,75916357866,5,1798,1104
75917453364,75917453369,5,2103,1123
75918591999,75918592005,6,4204,1348
75920499375,75920499379,4,2091,1256
75923880588,75923880591,3,2080,1266
75925531606,75925531610,4,2912,1827
75932240534,75932240538,4,1506,984
75932471864,75932471871,7,1784,1144
75937945084,75937945088,4,1760,1185
75939302502,75939302506,4,1917,2050
75941331948,75941331951,3,1478,1671
75943767214,75943767217,3,2364,1456
75944686062,75944686066,4,2054,1059
75945535222,75945535215,-7,1347,7087
75947054202,75947054207,5,1982,1311
75950269573,75950269577,4,1472,1179
75951996986,75951996990,4,988,809
75954511033,75954511035,2,2453,1479
75957241002,75957241005,3,2128,1428
75959274381,75959274385,4,2302,1870
75959348417,75959348422,5,1828,1556
75961753905,75961753909,4,2221,1731
75967454604,75967454608,4,1835,1474
75968664785,75968664789,4,1922,1820
75969811542,75969811546,4,1941,1295
75970188135,75970188140,5,1954,1185
75970393531,75970393508,-23,2308,1181
75974037890,75974037894,4,1367,1132
75975375292,75975375295,3,1739,942
75978645137,75978645142,5,2429,1849
75982831591,75982831595,4,1172,1298
75987744392,75987744395,3,1857,1574
75991541434,75991541438,4,1330,1155
75991700772,75991700776,4,1871,1423
75992512570,75992512575,5,1765,1564
75992794725,75992794740,15,468,168
75994551905,75994551910,5,2367,1114
75997611559,75997611537,-22,1871,1428
76000669429,76000669433,4,2676,1220
76001207123,76001207126,3,1563,1148
76002872905,76002872909,4,2094,865
76004310376,76004310376,0,3089,3315
76006178514,76006178520,6,2149,1765
76006268059,76006268065,6,2046,1288
76012317646,76012317652,6,2192,1214
76015980118,76015980100,-18,1675,952
76017213895,76017213897,2,1398,1332
76018729647,76018729651,4,2097,1492
76022624066,76022624070,4,2184,1550
76029252790,76029252794,4,1907,1255
76031320615,76031320617,2,1563,1548
76032655708,76032655711,3,2568,1742
76039840662,76039840665,3,1981,1240
76041505038,76041505041,3,946,1077
76044707157,76044707161,4,2679,1673
76045844146,76045844149,3,1712,1149
76048309791,76048309780,-11,1247,1262
76050615602,76050615607,5,1342,1099
76050766542,76050766546,4,2065,1512
76051094028,76051094031,3,1536,1901
76053376432,76053376435,3,2802,1422
76056072766,76056072770,4,2087,1369
76056157243,76056157223,-20,2196,1058
76057342154,76057342157,3,1812,1441
76059501463,76059501458,-5,963,4724
76062136196,76062136199,3,2017,1521
76064766927,76064766931,4,2078,1919
76067784133,76067784139,6,2359,1061
76069249989,76069249994,5,1929,1415
76072422336,76072422339,3,2490,1690
76074156838,76074156842,4,1552,1261
76074677094,76074677099,5,1494,1412
76076892991,76076892994,3,1562,1240
76079524258,76079524253,-5,21063,12466
76080103225,76080103230,5,2247,1144
76080498258,76080498244,-14,1227,576
76083084103,76083084106,3,1507,1351
76084376112,76084376116,4,1896,2083
76088572538,76088572542,4,1228,1482
76090633532,76090633534,2,1375,732
76094639930,76094639934,4,2582,1701
76097892833,76097892837,4,2312,1679
76100106590,76100106595,5,1968,927
76108368342,76108368346,4,2499,1695
76108825438,76108825441,3,1619,1417
76111376386,76111376391,5,1801,949
76115543198,76115543202,4,1540,1024
76116963966,76116963969,3,2276,1609
76117591475,76117591479,4,1593,1233
76121592820,76121592824,4,2128,1542
76127901039,76127901033,-6,833,1599
76129027301,76129027303,2,2324,1689
76129522110,76129522114,4,1067,1136
76131162589,76131162591,2,1327,1352
76131271170,76131271171,1,1290,1252
76133409022,76133409023,1,1748,1217
76136403181,76136403185,4,1313,1137
76138258629,76138258632,3,2539,1285
76141065524,76141065528,4,2460,1260
76143087025,76143087027,2,981,705
76144850093,76144850098,5,2058,1204
76144957513,76144957493,-20,2594,1601
76146377617,76146377620,3,2924,1542
76151059354,76151059357,3,2377,1142
76151273477,76151273463,-14,2583,1265
76151417379,76151417357,-22,1487,1087
76152769856,76152769852,-4,1110,3722
76155571054,76155571054,0,1784,1049
76157333143,76157333146,3,1907,1552
76160627795,76160627799,4,1892,940
76164353135,76164353139,4,1901,1436
76167484015,76167484019,4,1935,1678
76169761303,76169761307,4,1467,1038
76170191602,76170191608,6,1952,1133
76170736270,76170736274,4,2571,1236
76177080154,76177080159,5,2013,1043
76181726801,76181726806,5,2102,1389
76183944355,76183944359,4,1947,1470
76186107643,76186107648,5,2323,1452
76186418744,76186418749,5,3504,2155
76187752017,76187752022,5,1083,1011
76187969794,76187969798,4,2423,1215
76188037890,76188037897,7,2090,1395
76191653503,76191653508,5,2883,1569
76192041361,76192041375,14,2764,1406
76194676683,76194676703,20,27712,21823
76194918016,76194918019,3,1914,1314
76195577733,76195577738,5,2156,1822
76201176499,76201176501,2,1955,1169
76201491821,76201491837,16,2252,988
76205658728,76205658733,5,1754,1336
76207339151,76207339150,-1,1567,1296
76212537288,76212537290,2,1374,754
76218812238,76218812242,4,1675,1175
76219886602,76219886602,0,769,1140
76220031061,76220031066,5,2416,1068
76227645953,76227645956,3,2265,1762
76230685182,76230685187,5,1619,1210
76233966591,76233966597,6,2501,1370
76239438995,76239438978,-17,2378,1262
76240219012,76240219014,2,2355,1184
76241997440,76241997446,6,3072,1329
76243991363,76243991342,-21,1124,531
76247831939,76247831946,7,1815,1458
76252429886,76252429890,4,2131,1643
76254080474,76254080477,3,1594,1101
76256971374,76256971379,5,1893,1012
76259712869,76259712874,5,2658,1369
76263671406,76263671412,6,1764,1247
76264188921,76264188927,6,2141,1423
76268469718,76268469722,4,1421,1062
76272754703,76272754708,5,1522,1276
76274277666,76274277670,4,2382,1280
76274478826,76274478831,5,1478,1086
76277702866,76277702862,-4,1291,3915
76279398173,76279398178,5,1854,850
76282768897,76282768901,4,2345,1318
76284783388,76284783392,4,2228,1493
76286024658,76286024663,5,1168,1073
76290648507,76290648511,4,1866,949
76290982782,76290982784,2,1322,904
76292593454,76292593461,7,36764,2417
76292630568,76292630573,5,2193,1268
76295684205,76295684211,6,2485,1491
76297024293,76297024297,4,1932,1287
76300759848,76300759851,3,1882,1236
76303587906,76303587909,3,1747,1134
76307357549,76307357550,1,1582,1927
76308064023,76308064026,3,2154,1142
76309214173,76309214178,5,1826,1456
76309912445,76309912439,-6,930,4940
76311478528,76311478533,5,1331,1136
76312804559,76312804565,6,2176,1444
76314333019,76314332998,-21,1550,1554
76315950101,76315950107,6,2413,1245
76316436613,76316436619,6,2498,1311
76318262927,76318262930,3,1739,806
76320218630,76320218635,5,1514,1193
76321312698,76321312702,4,2348,1319
76323717975,76323717978,3,1631,1385
76326208117,76326208122,5,1642,1443
76327344283,76327344286,3,1172,883
76327597165,76327597168,3,1160,1173
76329692598,76329692604,6,2696,1283
76331544941,76331544951,10,2552,1286
76333736947,76333736927,-20,1283,726
76336598969,76336598976,7,1376,892
76342270570,76342270574,4,1854,1174
76342326242,76342326246,4,2130,1684
76342577050,76342577054,4,2819,1459
76343070082,76343070086,4,1665,1192
76343402819,76343402822,3,2267,1393
76344062831,76344062834,3,2303,1289
76345000011,76345000016,5,10671,28986
76345994372,76345994375,3,1519,864
76348177930,76348177935,5,1728,1281
76349879381,76349879383,2,1027,944
76352452546,76352452550,4,2497,1738
76356800092,76356800113,21,294,3116
76358525012,76358525017,5,2208,1438
76359039411,76359039415,4,1978,1191
76362427663,76362427667,4,1345,680
76362589090,76362589110,20,1434,1102
76363578744,76363578748,4,2018,1696
76363847299,76363847302,3,2246,1655
76364340238,76364340246,8,11122,27405
76368908938,76368908942,4,2336,2019
76374558022,76374558027,5,2068,1479
76376338459,76376338465,6,2007,1303
76377296560,76377296565,5,1534,1306
76381281510,76381281513,3,2320,1663
76396458242,76396458247,5,1432,892
76397772870,76397772875,5,1197,978
76405061967,76405061971,4,2171,1310
76407813065,76407813069,4,2239,1132
76408739266,76408739270,4,2180,1604
76412255466,76412255467,1,1508,1700
76413603781,76413603790,9,9732,24720
76418886458,76418886462,4,1582,1800
76419043329,76419043333,4,1929,1604
76420801258,76420801252,-6,962,6146
76423461762,76423461767,5,1115,1069
76426184832,76426184837,5,1802,1373
76427104166,76427104170,4,2134,1411
76433361149,76433361155,6,3120,797
76436659320,76436659325,5,1700,1210
76438605826,76438605830,4,2034,915
76440193534,76440193537,3,1823,1440
76445253583,76445253585,2,1518,1292
76448191732,76448191736,4,2003,1521
76448509838,76448509853,15,1640,1145
76449354065,76449354066,1,2123,1738
76456723861,76456723863,2,2009,1366
76457995083,76457995087,4,2364,1367
76458845297,76458845293,-4,993,1418
76464225182,76464225186,4,2704,1397
76466805653,76466805659,6,1103,1235
76470640378,76470640378,0,1199,2408
76471919094,76471919098,4,1828,1269
76480406786,76480406789,3,1723,1271
76483187479,76483187481,2,1788,1840
76484843267,76484843270,3,1573,975
76486408294,76486408297,3,1987,1662
76490760322,76490760326,4,2448,1679
76492181996,76492182001,5,2210,1146
76492786842,76492786848,6,2372,1038
76495785423,76495785429,6,1773,941
76499850809,76499850814,5,2210,1188
76501079482,76501079486,4,2212,1696
76501836202,76501836207,5,1852,1294
76502306138,76502306142,4,1842,1206
76506989987,76506989992,5,1840,1535
76508479051,76508479057,6,2678,1448
76511235557,76511235561,4,718,762
76514149826,76514149831,5,1633,1388
76520642814,76520642794,-20,1318,956
76520713994,76520713994,0,710,946
76522289127,76522289134,7,2579,1002
76526174894,76526174901,7,2316,817
76530588759,76530588763,4,1466,853
76533317542,76533317549,7,1822,1419
76538794951,76538794956,5,1918,1062
76543904194,76543904189,-5,2195,8618
76544583343,76544583348,5,2008,1163
76544939746,76544939739,-7,4124,7996
76546345254,76546345259,5,1651,1483
76547060446,76547060448,2,1713,1989
76547518357,76547518359,2,1179,869
76550511493,76550511497,4,2001,1276
76552816193,76552816199,6,2694,1079
76564260881,76564260887,6,2274,1812
76564394698,76564394703,5,1483,1118
76565081074,76565081080,6,2076,947
76572182818,76572182823,5,2602,1613
76574486803,76574486807,4,892,700
76578211057,76578211061,4,1768,1266
76578717975,76578717981,6,2920,1001
76580327294,76580327299,5,1398,1179
76583017820,76583017825,5,1682,1461
76587734039,76587734043,4,2029,1038
76590410720,76590410723,3,1869,1365
76591541664,76591541667,3,2520,1632
76592716034,76592716039,5,1632,1704
76593291219,76593291196,-23,839,427
76601867253,76601867258,5,1885,1257
76608890548,76608890551,3,1622,1320
76610469207,76610469212,5,1945,968
76612915393,76612915398,5,1701,1522
76615911102,76615911107,5,2484,2098
76615970893,76615970898,5,1993,1224
76616493533,76616493537,4,2320,1035
76625885015,76625885018,3,1499,1360
76629643085,76629643090,5,1561,1042
76630669553,76630669557,4,1793,1340
76632081051,76632081053,2,2673,2754
76632134766,76632134771,5,2428,1175
76632549578,76632549581,3,1204,1124
76632612746,76632612725,-21,811,334
76640206266,76640206271,5,3904,1373
76640479075,76640479078,3,2110,1190
76641675492,76641675496,4,1956,1120
76647761881,76647761886,5,2324,1150
76651739798,76651739802,4,2738,1377
76652844123,76652844126,3,1943,1168
76653092195,76653092200,5,2273,1184
76660778271,76660778275,4,1945,1208
76661277075,76661277078,3,1356,1653
76663233137,76663233141,4,2576,1728
76664429033,76664429039,6,1709,1088
76666449874,76666449878,4,1297,1184
76672749314,76672749319,5,2460,1620
76673081075,76673081079,4,1984,1187
76678634882,76678634884,2,2740,1401
76682922121,76682922125,4,1626,893
76684016027,76684016027,0,1064,1648
76684677127,76684677130,3,1609,986
76685243067,76685243071,4,1618,1280
76690479437,76690479437,0,1242,1436
76693941902,76693941902,0,1543,1301
76696392292,76696392297,5,2387,1432
76697034624,76697034606,-18,6421,2939
76698319337,76698319342,5,1454,872
76699698735,76699698737,2,1684,1121
76701310336,76701310339,3,1368,1100
76703029277,76703029276,-1,1634,2672
76703600136,76703600138,2,2262,1501
76704113414,76704113419,5,1788,1357
76705287050,76705287055,5,1698,1150
76707112234,76707112237,3,1680,1975
76709540354,76709540360,6,2351,1318
76709629539,76709629518,-21,1106,529
76709668489,76709668493,4,2000,1390
76717164662,76717164667,5,1295,1174
76720528745,76720528749,4,1305,670
76721880653,76721880657,4,2134,1332
76730895662,76730895667,5,2188,1721
76734513260,76734513265,5,2763,1337
76734959262,76734959254,-8,1061,325
76736516594,76736516598,4,1869,1256
76740849354,76740849359,5,2029,1408
76742496597,76742496603,6,2043,1088
76748728653,76748728646,-7,2461,8343
76754667621,76754667627,6,2011,1403
76754794482,76754794464,-18,992,889
76755289417,76755289414,-3,1942,4289
76757324505,76757324502,-3,1748,3632
76760729439,76760729443,4,2039,1863
76763101749,76763101753,4,1741,1225
76763843697,76763843698,1,1607,900
76765231221,76765231227,6,2220,1405
76766050591,76766050597,6,2774,1463
76767567323,76767567326,3,1271,1378
76768952522,76768952525,3,2294,1655
76771921349,76771921353,4,1356,1263
76772875987,76772875984,-3,683,1868
76778097813,76778097819,6,1673,1030
76783374987,76783374993,6,1542,1502
76785042951,76785042955,4,2102,1734
76785383522,76785383528,6,2010,1242
76797313534,76797313537,3,1235,616
76801922601,76801922606,5,1778,1302
76802935898,76802935901,3,1727,952
76804709158,76804709162,4,2610,1444
76806560823,76806560829,6,2195,1071
76808871205,76808871210,5,3068,1707
76809208727,76809208731,4,1571,804
76811399714,76811399719,5,1837,1571
76817382435,76817382430,-5,876,2958
76818444514,76818444520,6,2000,1674
76819429609,76819429613,4,2436,1347
76822531070,76822531074,4,1445,1204
76823997606,76823997610,4,2636,1573
76827715353,76827715357,4,2616,1804
76829135802,76829135807,5,1586,1077
76829587198,76829587200,2,1678,1848
76831097558,76831097559,1,1315,1092
76833483662,76833483664,2,3456,3356
76839251293,76839251293,0,909,1622
76840181175,76840181178,3,1934,1499
76843089654,76843089659,5,2091,1381
76844380098,76844380098,0,1170,1759
76846421598,76846421603,5,2534,1455
76849256845,76849256850,5,1665,1105
76850140446,76850140450,4,1257,961
76853513349,76853513353,4,2055,1202
76856942875,76856942878,3,1827,1367
76858833509,76858833515,6,1688,1369
76862222814,76862222815,1,1560,1289
76864983520,76864983525,5,1644,1175
76867730201,76867730209,8,4864,1914
76870487461,76870487465,4,1786,1394
76874777275,76874777278,3,1555,1657
76880929906,76880929910,4,2527,1657
76882507599,76882507601,2,1207,1429
76885286813,76885286814,1,1950,1262
76888467387,76888467391,4,1736,1015
76890935642,76890935646,4,2085,889
76893785288,76893785295,7,1293,876
76895577898,76895577902,4,1981,1339
76900897618,76900897622,4,1991,1442
76901003453,76901003438,-15,1833,1407
76901259169,76901259174,5,2526,1714
76903157626,76903157627,1,1876,1734
76906389194,76906389198,4,1558,1298
76911968758,76911968777,19,42464,19124
76917359769,76917359775,6,2408,1193
76919393924,76919393931,7,1212,1224
76923247505,76923247509,4,1570,1334
76925988356,76925988360,4,2451,1618
76926648970,76926648975,5,2420,1392
76929865821,76929865822,1,2686,1050
76935085346,76935085350,4,1571,810
76943783422,76943783426,4,3296,1724
76944626099,76944626103,4,1119,1206
76947016077,76947016083,6,1559,1286
76947557639,76947557641,2,1692,1697
76948164014,76948164017,3,1976,1124
76949510342,76949510346,4,2444,1388
76952162671,76952162651,-20,1158,941
76958962493,76958962494,1,1532,1134
76959363514,76959363498,-16,741,787
76961581963,76961581969,6,2249,1300
76962176404,76962176422,18,1042,938
76962669859,76962669863,4,920,1531
76966445041,76966445046,5,2512,1856
76967915956,76967915962,6,1525,1674
76982023877,76982023882,5,1965,1284
76984709770,76984709785,15,1385,1696
76985080031,76985080035,4,1671,1114
76990027858,76990027861,3,1489,1204
76993446371,76993446376,5,2657,1721
76994876138,76994876143,5,2145,1074
76996982214,76996982218,4,2108,1466
77006281569,77006281572,3,1421,1348
77010698176,77010698178,2,2089,2214
77010976505,77010976506,1,1007,1296
77013652431,77013652439,8,2325,1545
77014193443,77014193445,2,1708,975
77016881823,77016881826,3,1915,1387
77017311467,77017311470,3,1554,1280
77017389786,77017389790,4,2380,1483
77022278549,77022278550,1,2629,1580
77023599573,77023599578,5,1572,1171
77024400017,77024400020,3,1708,983
77026182228,77026182234,6,1717,1899
77026269467,77026269473,6,1348,1255
77029862073,77029862079,6,2057,1323
77030483017,77030483022,5,2156,1428
77032495816,77032495819,3,2097,1341
77032674689,77032674694,5,1905,1214
77035040197,77035040201,4,1927,1413
77035283983,77035283988,5,2029,1189
77040260990,77040260995,5,2197,1147
77042012323,77042012326,3,1849,1329
77046441968,77046441972,4,1661,1044
77049036475,77049036479,4,2004,1259
77049142740,77049142745,5,2258,1228
77051825548,77051825551,3,1897,1441
77065842122,77065842127,5,1330,1313
77066183037,77066183042,5,1599,1500
77069488317,77069488322,5,1257,1182
77072910793,77072910796,3,1850,950
77073042830,77073042835,5,994,518
77073876776,77073876782,6,2649,1610
77077822645,77077822651,6,4208,1247
77078745441,77078745446,5,2273,1381
77081278154,77081278146,-8,1513,4554
77083513719,77083513722,3,2014,1054
77086591849,77086591854,5,2340,1322
77088709203,77088709207,4,1909,1136
77092297352,77092297354,2,1733,1321
77092424434,77092424439,5,1619,787
77092780942,77092780962,20,544,1469
77093044878,77093044882,4,2768,993
77093700742,77093700746,4,1725,1125
77095396964,77095396967,3,2357,1968
77096397718,77096397723,5,3149,1855
77097482526,77097482530,4,2074,1798
77100547197,77100547199,2,2114,1849
77102602518,77102602525,7,1668,1211
77104332714,77104332719,5,2263,1221
77109916690,77109916694,4,1771,806
77110164978,77110164982,4,1577,1247
77112212038,77112212041,3,2517,1301
77112669642,77112669644,2,1449,1557
77116289598,77116289603,5,2100,1176
77116763957,77116763962,5,2382,975
77118892218,77118892219,1,1646,1157
77119415176,77119415179,3,1775,1300
77120468422,77120468417,-5,33255,14423
77122738735,77122738739,4,2435,1481
77125926203,77125926206,3,1680,1105
77129836492,77129836497,5,2106,1564
77130441802,77130441801,-1,14129,18663
77138300690,77138300695,5,1672,1341
77138738338,77138738341,3,2294,1106
77139426561,77139426542,-19,1908,1295
77141500743,77141500747,4,2457,1764
77151501166,77151501168,2,1692,1063
77152164344,77152164347,3,3075,1345
77152250802,77152250806,4,1677,1471
77152472578,77152472589,11,1954,1412
77154175547,77154175550,3,3967,3464
77165832221,77165832225,4,1746,1253
77166515909,77166515913,4,2579,1049
77169750955,77169750959,4,1560,1506
77170421699,77170421704,5,1471,1046
77174694970,77174694975,5,1646,1262
77174897354,77174897365,11,2271,1350
77175040570,77175040575,5,1439,1302
77175535829,77175535813,-16,814,283
77176482678,77176482687,9,2829,1479
77177091462,77177091469,7,2695,1571
77177586178,77177586181,3,2284,1595
77182190949,77182190953,4,2074,1252
77182401009,77182401014,5,1671,1131
77184018459,77184018463,4,1710,1202
77191399187,77191399192,5,1715,893
77192689970,77192689977,7,1753,1006
77194345601,77194345606,5,1575,1310
77195783126,77195783130,4,1372,979
77204961437,77204961442,5,1825,1683
77205338232,77205338235,3,1281,869
77213196114,77213196119,5,2470,1241
77213248045,77213248046,1,1801,1450
77215010601,77215010607,6,1912,1150
77215354673,77215354694,21,2403,979
77219067215,77219067219,4,1130,1184
77226082043,77226082047,4,2024,1502
77227879118,77227879123,5,2166,1113
77234738301,77234738304,3,2104,1288
77235252788,77235252791,3,1564,1491
77236262784,77236262785,1,2026,1296
77243371346,77243371350,4,1533,1283
77246210260,77246210254,-6,2386,9521
77246968954,77246968958,4,1697,1006
77247974170,77247974173,3,1669,1295
77248126666,77248126669,3,2211,1710
77252812414,77252812417,3,1500,1152
77254710226,77254710227,1,12397,11422
77256931429,77256931434,5,2096,1292
77259485217,77259485200,-17,1379,1083
77265283390,77265283393,3,874,1018
77267190104,77267190107,3,1538,837
77268663374,77268663379,5,1528,1313
77269269966,77269269971,5,1984,1150
77273638298,77273638303,5,2685,1356
77278593281,77278593285,4,1921,1452
77279493666,77279493646,-20,1184,1064
77280873823,77280873826,3,2057,1585
77283198000,77283197994,-6,1353,3234
77284891009,77284891011,2,1361,783
77290203160,77290203150,-10,1411,1474
77290807488,77290807491,3,1223,943
77294101688,77294101694,6,2860,1348
77294720214,77294720196,-18,888,476
77295099212,77295099216,4,1831,1172
77295431218,77295431223,5,1538,800
77298239994,77298239999,5,2377,1789
77305256384,77305256388,4,2478,1614
77305581682,77305581660,-22,1164,549
77315593277,77315593279,2,2017,1137
77318755172,77318755174,2,1989,1832
77324094503,77324094508,5,1944,1471
77324500683,77324500686,3,1338,1018
77324604509,77324604510,1,1977,2478
77325979502,77325979508,6,2450,1126
77334281398,77334281403,5,1995,1234
77339364686,77339364690,4,2391,1031
77340217626,77340217631,5,1629,1066
77342816916,77342816921,5,2156,1308
77345343758,77345343763,5,2145,1709
77346542678,77346542682,4,3328,1410
77347477944,77347477950,6,3525,2338
77347704944,77347704949,5,1799,1072
77350580832,77350580835,3,1440,911
77351897941,77351897945,4,2030,924
77353297085,77353297089,4,45998,33318
77353434665,77353434667,2,1131,1138
77360154813,77360154815,2,1048,1696
77366337475,77366337481,6,2162,1059
77368030293,77368030295,2,1730,1045
77368756962,77368756967,5,3149,1628
77372345122,77372345130,8,7442,2831
77375678761,77375678766,5,1721,1455
77378603141,77378603144,3,2124,1723
77382649227,77382649235,8,1927,1252
77383146584,77383146587,3,1366,1329
77384567621,77384567628,7,1810,1207
77385172278,77385172264,-14,326,330
77386619837,77386619842,5,1765,909
77386948230,77386948227,-3,953,1225
77390974041,77390974045,4,2787,1905
77397240119,77397240119,0,2138,1701
77397953565,77397953566,1,2043,1807
77398827034,77398827034,0,1694,2099
77400791498,77400791501,3,1964,1474
77402278411,77402278406,-5,1669,4278
77406992051,77406992053,2,1139,1305
77411318466,77411318472,6,2501,1023
77412160081,77412160086,5,1284,1435
77413320020,77413320022,2,1303,1506
77422762710,77422762714,4,1447,1430
77425084990,77425084973,-17,928,945
77425114827,77425114830,3,2295,1367
77427722970,77427722975,5,2346,870
77429980634,77429980639,5,1958,1166
77430552002,77430552006,4,1677,1414
77431627134,77431627138,4,1248,913
77435046313,77435046318,5,1548,1358
77443323541,77443323544,3,1333,1149
77444041075,77444041079,4,1763,1209
77446521990,77446521991,1,1765,1315
77446996658,77446996662,4,1612,1178
77448262821,77448262826,5,2983,1296
77449472002,77449472007,5,1997,790
77449631120,77449631100,-20,2196,1507
77450010777,77450010781,4,1592,1105
77451285931,77451285935,4,1590,1252
77452283839,77452283843,4,1387,1395
77452475174,77452475172,-2,1395,1420
77453070354,77453070362,8,2437,1549
77454009493,77454009499,6,2047,1477
77458576453,77458576455,2,1239,939
77458965483,77458965487,4,3022,1737
77459127892,77459127894,2,1874,978
77461145573,77461145569,-4,37,1272
77464808238,77464808238,0,1826,2536
77467724582,77467724587,5,3269,1422
77472451691,77472451690,-1,982,1391
77478351222,77478351225,3,1932,1564
77479951539,77479951543,4,2776,1238
77484513444,77484513447,3,1386,925
77485513482,77485513486,4,2186,1325
77497902191,77497902193,2,1866,1238
77498755913,77498755918,5,1464,1018
77507056580,77507056584,4,1129,1035
77508150302,77508150286,-16,1730,1018
77512881902,77512881907,5,1716,877
77515045561,77515045566,5,2530,1781
77516454322,77516454327,5,1992,814
77520460482,77520460486,4,1633,1179
77521932255,77521932261,6,2492,1530
77524471554,77524471557,3,1820,1131
77529844930,77529844935,5,1847,1050
77530187005,77530187009,4,1787,1516
77530430641,77530430645,4,2881,1691
77535507891,77535507898,7,2062,1409
77538519191,77538519192,1,2119,1855
77539430398,77539430396,-2,1486,2758
77541117239,77541117251,12,1546,1065
77544187878,77544187882,4,1614,1056
77544793997,77544794001,4,2813,1575
77545282818,77545282825,7,3130,1513
77545834945,77545834950,5,2454,1634
77551379505,77551379509,4,1736,1511
77553029546,77553029550,4,2371,1721
77553416180,77553416183,3,1436,1373
77555519118,77555519122,4,2254,968
77555583862,77555583866,4,1450,1064
77559116086,77559116090,4,1673,1443
77563815493,77563815496,3,1545,1025
77564097848,77564097850,2,1840,1713
77577437474,77577437480,6,1717,1275
77578827790,77578827793,3,1138,791
77583481956,77583481958,2,1880,1793
77586656940,77586656943,3,1086,818
77598028758,77598028764,6,1998,1603
77601267672,77601267675,3,2245,1504
77605300053,77605300059,6,3494,1755
77609678450,77609678457,7,2477,1356
77616425070,77616425067,-3,1671,2422
77618988145,77618988147,2,1631,1204
77619280317,77619280321,4,1901,1450
77626378054,77626378058,4,2271,1144
77628262365,77628262370,5,1456,1129
77631421965,77631421957,-8,1693,8257
77633454603,77633454607,4,2053,1032
77636517114,77636517115,1,1027,899
77639150654,77639150658,4,1501,1028
77639483074,77639483079,5,1819,1172
77641139698,77641139701,3,1572,996
77641266670,77641266673,3,1473,1417
77644613244,77644613249,5,2220,1454
77645368874,77645368880,6,1752,1049
77647319808,77647319811,3,2218,988
77647525766,77647525752,-14,2828,808
77649661337,77649661340,3,2240,1499
77650681142,77650681143,1,1967,1504
77650821847,77650821843,-4,2107,7200
77651249207,77651249210,3,1776,1455
77654090089,77654090095,6,1169,1055
77655421385,77655421388,3,1761,1601
77657764179,77657764183,4,2121,1523
77660913209,77660913214,5,2436,1568
77663292014,77663292018,4,1515,972
77664269647,77664269651,4,1309,1150
77664868451,77664868453,2,561,1400
77665472483,77665472487,4,1453,1344
77668755959,77668755962,3,2654,1384
77669790782,77669790786,4,1797,1245
77672599372,77672599374,2,1951,1386
77677160680,77677160678,-2,1877,10176
77678290834,77678290829,-5,994,4292
77678989908,77678989911,3,2001,1823
77681395185,77681395190,5,2103,1372
77681793025,77681793027,2,1519,1509
77682614067,77682614070,3,1315,1498
77684511158,77684511164,6,2199,1470
77685307121,77685307127,6,2659,1159
77685988958,77685988961,3,1608,1152
77686152610,77686152595,-15,2096,1478
77689392410,77689392414,4,1395,1231
77694362106,77694362110,4,1598,1462
77694942022,77694942030,8,996,1033
77696184634,77696184639,5,1688,870
77696923354,77696923333,-21,1163,1107
77697252294,77697252309,15,1834,823
77697943952,77697943957,5,2192,1124
77702762322,77702762326,4,1959,1447
77702801574,77702801578,4,1594,1177
77703494317,77703494317,0,1208,1475
77703804383,77703804385,2,2084,1283
77704035673,77704035677,4,2122,1469
77707178859,77707178863,4,1937,1287
77708337786,77708337789,3,1546,1012
77710336771,77710336775,4,1586,1200
77712858253,77712858257,4,4165,2314
77717653046,77717653050,4,2872,1628
77726307174,77726307179,5,1560,625
77731453603,77731453607,4,1341,1160
77733070036,77733070039,3,1765,1146
77738622613,77738622615,2,1734,1648
77739423917,77739423922,5,1692,1362
77740027050,77740027054,4,2062,1250
77742816485,77742816490,5,1675,1020
77746574981,77746574983,2,1964,1437
77746720550,77746720554,4,1780,1294
77755512916,77755512918,2,1488,1040
77759639008,77759639012,4,2300,1683
77766457965,77766457973,8,6093,2178
77766772522,77766772524,2,2538,1317
77771484720,77771484723,3,1967,1621
77773649650,77773649654,4,1685,1391
77773723033,77773723037,4,2653,1552
77774564910,77774564915,5,1046,854
77779916457,77779916462,5,2248,1452
77780930140,77780930152,12,789,89
77783002182,77783002187,5,2111,1097
77783726412,77783726430,18,726,316
77784696919,77784696922,3,1528,1131
77785106471,77785106477,6,2949,1818
77787748765,77787748768,3,2018,1342
77790580191,77790580195,4,2422,1476
77791935254,77791935258,4,1786,869
77795520219,77795520222,3,1801,1492
77797219341,77797219343,2,2977,1397
77797396373,77797396370,-3,2065,2951
77799213469,77799213474,5,1701,1734
77799305177,77799305183,6,2815,1744
77799521160,77799521157,-3,1070,2695
77804948442,77804948448,6,2376,1610
77805108757,77805108741,-16,1363,355
77806992655,77806992661,6,2117,1549
77807904244,77807904248,4,2051,1127
77810042550,77810042557,7,1820,1556
77812160128,77812160134,6,2542,1514
77819365541,77819365547,6,1221,715
77820419814,77820419818,4,2360,1073
77823776821,77823776824,3,2048,1705
77826080041,77826080045,4,1932,1359
77826290570,77826290552,-18,685,461
77831548863,77831548858,-5,931,4457
77832315654,77832315659,5,1540,1114
77841529727,77841529731,4,1716,1093
77841929505,77841929510,5,1249,822
77843312990,77843312995,5,2757,1223
77843843442,77843843446,4,2391,1385
77846876964,77846876967,3,1548,886
77848877635,77848877639,4,1972,1404
77849829934,77849829938,4,1640,2001
77851411894,77851411898,4,1937,1649
77853154610,77853154611,1,1277,1036
77854029239,77854029242,3,1366,1489
77854169235,77854169239,4,2469,1237
77860243717,77860243721,4,1763,1464
77861340650,77861340654,4,1625,920
77862698798,77862698803,5,2096,1846
77866350707,77866350711,4,2626,1467
77867112587,77867112589,2,2176,1294
77870870599,77870870603,4,1994,915
77871362120,77871362123,3,2280,935
77873293560,77873293574,14,14836,5776
77873379697,77873379701,4,2122,1094
77874733699,77874733709,10,1192,1157
77879792728,77879792733,5,2320,2089
77881057576,77881057581,5,1684,1364
77881703472,77881703461,-11,1543,1269
77882966549,77882966553,4,2476,1241
77883440550,77883440544,-6,2486,6184
77884358855,77884358858,3,2466,1287
77891313895,77891313900,5,2223,1646
77898094935,77898094955,20,247,1523
77899093488,77899093493,5,1716,855
77899671035,77899671036,1,1172,1724
77901263127,77901263131,4,1325,1410
77902159549,77902159553,4,2135,1807
77905645671,77905645675,4,1909,1222
77907836503,77907836507,4,2419,1687
77910410146,77910410150,4,1906,879
77910719415,77910719410,-5,49147,21796
77921494158,77921494162,4,1710,1337
77923356742,77923356747,5,2453,1520
77923602257,77923602237,-20,1042,690
77926864898,77926864903,5,2905,1195
77930158791,77930158797,6,2047,1236
77930911429,77930911432,3,1594,1213
77934121047,77934121051,4,3130,1793
77934159506,77934159513,7,3232,1089
77934989300,77934989303,3,1828,796
77936375342,77936375325,-17,2152,870
77941247178,77941247182,4,1755,967
77944204304,77944204309,5,1689,1260
77944751741,77944751724,-17,1011,504
77945955557,77945955562,5,1838,1049
77946874538,77946874543,5,2579,1195
77950044205,77950044208,3,2272,1314
77950707820,77950707831,11,2325,1496
77951740773,77951740778,5,2255,869
77951939430,77951939438,8,1963,835
77952824794,77952824799,5,2062,1652
77956549738,77956549740,2,1562,1436
77961176677,77961176679,2,2233,1491
77961623928,77961623933,5,1891,1117
77962101827,77962101830,3,1918,1189
77963830326,77963830305,-21,2158,1937
77964733414,77964733418,4,2052,1647
77966894797,77966894802,5,2221,1545
77967816978,77967816977,-1,2409,3477
77968002259,77968002262,3,1599,1235
77968512870,77968512873,3,1470,1251
77969801214,77969801214,0,1161,1408
77970832690,77970832695,5,2576,1600
77972350481,77972350484,3,1753,1313
77981201967,77981201971,4,2538,1684
77981434340,77981434357,17,2189,1292
77988822401,77988822406,5,3772,1301
77991106125,77991106130,5,1469,1340
77999357832,77999357837,5,2937,2048
78002530971,78002530989,18,551,2088
78003653468,78003653471,3,1890,1081
78007274982,78007274986,4,1866,1255
78010072836,78010072839,3,1020,1028
78011439154,78011439158,4,2612,1533
78014515477,78014515481,4,2716,1700
78018795402,78018795406,4,1934,737
78019474830,78019474831,1,847,1347
78022175338,78022175342,4,1905,1646
78022236572,78022236578,6,2153,995
78022855468,78022855471,3,20821,28939
78031284757,78031284760,3,1153,1136
78031724377,78031724382,5,2015,1341
78040207977,78040207981,4,1285,847
78041822395,78041822396,1,1887,1801
78044173949,78044173954,5,2382,1178
78047000486,78047000490,4,1558,1271
78049473219,78049473223,4,2129,1534
78049683229,78049683234,5,1941,1330
78050013563,78050013540,-23,1113,1067
78051390480,78051390485,5,1831,1092
78052874882,78052874886,4,1402,855
78054005914,78054005935,21,1113,1404
78057326193,78057326194,1,1911,1314
78059564205,78059564194,-11,33391,13112
78062585901,78062585906,5,1466,909
78063848757,78063848761,4,2778,2077
78065026553,78065026557,4,1731,1065
78066492052,78066492056,4,1993,1215
78069887227,78069887231,4,1523,867
78074038286,78074038285,-1,1211,1857
78075709646,78075709650,4,1977,1562
78078974792,78078974798,6,2119,1289
78080575932,78080575935,3,2057,1173
78080959482,78080959483,1,1481,1852
78081069309,78081069314,5,2359,1293
78081229848,78081229853,5,2833,2024
78081632958,78081632962,4,1528,989
78082970974,78082970956,-18,652,401
78084977466,78084977471,5,2001,1260
78086498754,78086498754,0,1896,2778
78089805804,78089805809,5,2287,1091
78092497552,78092497555,3,1707,1401
78092858284,78092858290,6,4411,1978
78108937531,78108937534,3,2194,1430
78111110846,78111110849,3,1830,1673
78111869466,78111869470,4,2075,1632
78112234053,78112234054,1,37775,36389
78118096552,78118096555,3,1849,1125
78125867585,78125867590,5,1478,1186
78126430246,78126430250,4,1637,1338
78130521969,78130521971,2,1695,801
78131134913,78131134918,5,1576,868
78132894675,78132894678,3,2126,1376
78133425450,78133425454,4,2661,1712
78137032754,78137032758,4,1705,595
78137206071,78137206074,3,2449,1479
78148541567,78148541571,4,2520,1624
78149674130,78149674137,7,3685,1056
78153459916,78153459920,4,2369,1721
78153924362,78153924367,5,8053,27037
78164886918,78164886913,-5,2734,13138
78167769031,78167769035,4,2061,1578
78168313474,78168313478,4,2293,1322
78168365670,78168365674,4,2133,1220
78170281073,78170281079,6,1247,1106
78173556487,78173556489,2,2120,1551
78175337550,78175337552,2,1328,915
78175671953,78175671959,6,1764,1179
78179738737,78179738739,2,1834,1720
78180006183,78180006186,3,2040,2081
78180061640,78180061643,3,1741,1246
78185640725,78185640727,2,1371,1089
78190195274,78190195278,4,1566,1721
78191622294,78191622298,4,2588,1662
78192662258,78192662262,4,2523,1495
78195746793,78195746799,6,1787,1054
78196635122,78196635120,-2,26739,20351
78199032841,78199032843,2,1936,1154
78200528669,78200528669,0,1373,1951
78203503640,78203503644,4,2222,1645
78205129410,78205129414,4,2669,1268
78205280812,78205280814,2,1472,1476
78206444942,78206444943,1,1835,1800
78209719578,78209719582,4,2678,1147
78210478095,78210478102,7,2055,1053
78212627052,78212627056,4,2281,1327
78215526178,78215526183,5,2181,1082
78219897538,78219897543,5,2659,1059
78221272552,78221272555,3,2219,1536
78223508896,78223508899,3,1843,1204
78224794609,78224794624,15,1726,1017
78224983541,78224983543,2,1218,1119
78226209955,78226209954,-1,1496,2673
78229462455,78229462461,6,2486,1418
78233649238,78233649242,4,1960,883
78234628319,78234628322,3,2061,1061
78236142526,78236142533,7,3801,1422
78240009915,78240009913,-2,1032,1727
78243612531,78243612535,4,1767,1135
78245145453,78245145458,5,2353,2033
78249280199,78249280202,3,2848,1201
78254927321,78254927314,-7,1759,6501
78256332814,78256332817,3,2388,1482
78257725788,78257725793,5,2827,2197
78265363273,78265363275,2,2414,1625
78268672498,78268672501,3,1902,1157
78270174570,78270174575,5,2981,1349
78271108757,78271108762,5,2030,1646
78272109538,78272109541,3,1696,1143
78275856673,78275856677,4,2004,1622
78276003290,78276003296,6,2104,1603
78278468877,78278468881,4,1220,1805
78282452446,78282452447,1,1182,1333
78294656150,78294656154,4,2190,1030
78297414378,78297414359,-19,2074,1413
78298222414,78298222418,4,1389,1410
78298545426,78298545431,5,1723,1572
78300681623,78300681627,4,2116,948
78301437962,78301437966,4,1938,1570
78307123246,78307123250,4,2365,1265
78308327130,78308327134,4,2429,1480
78311187066,78311187051,-15,1783,1367
78311870958,78311870962,4,2146,1115
78318336033,78318336037,4,2049,1397
78322105305,78322105301,-4,1046,3699
78322718981,78322718986,5,2795,1470
78327292733,78327292738,5,2139,1225
78327749334,78327749340,6,5873,2228
78329014963,78329014966,3,3215,2504
78332409081,78332409082,1,5531,21388
78332612216,78332612219,3,1428,1063
78333281477,78333281482,5,2247,1497
78334096576,78334096579,3,1303,1226
78334285553,78334285560,7,1567,575
78334633894,78334633898,4,1619,1107
78335047875,78335047878,3,1302,1152
78336761031,78336761029,-2,986,2393
78337677021,78337677026,5,3564,1562
78344925334,78344925338,4,1873,1649
78345179867,78345179871,4,1993,1402
78350238253,78350238255,2,2323,1618
78351080610,78351080614,4,2018,1441
78353832116,78353832120,4,1725,2099
78356306635,78356306637,2,1269,1851
78356920022,78356920028,6,2383,1292
78358932358,78358932362,4,1732,1349
78360527546,78360527551,5,1881,1152
78361291654,78361291639,-15,4056,1582
78365656825,78365656830,5,2239,1415
78367810162,78367810166,4,2262,1007
78373327026,78373327029,3,1579,1278
78375499426,78375499430,4,2091,1587
78378465567,78378465573,6,2378,1262
78386708053,78386708057,4,2017,1283
78392347129,78392347132,3,2048,1250
78392538438,78392538441,3,41657,38781
78402831850,78402831855,5,1926,1192
78403996266,78403996271,5,2246,1330
78407903708,78407903712,4,2116,1123
78408181982,78408181988,6,1347,1291
78409441513,78409441533,20,1574,917
78413540469,78413540475,6,2062,1209
78416657402,78416657405,3,2047,1382
78419335838,78419335842,4,2583,1203
78425354589,78425354593,4,1730,1648
78426327962,78426327969,7,1344,1179
78426360441,78426360438,-3,1642,2214
78429130636,78429130642,6,2011,1710
78434043934,78434043939,5,1877,1224
78439296083,78439296087,4,1361,1105
78439423826,78439423836,10,1582,1121
78444455662,78444455667,5,2025,985
78445842310,78445842313,3,1653,1345
78448308517,78448308522,5,2823,1517
78451649587,78451649594,7,1728,1077
78451777155,78451777159,4,1156,1278
78452496546,78452496550,4,1500,735
78459177108,78459177111,3,1458,874
78461547308,78461547310,2,1560,1043
78463044799,78463044802,3,2403,1502
78469370934,78469370939,5,2343,1188
78469489423,78469489426,3,2097,2051
78470260998,78470260998,0,1265,1879
78472786022,78472786026,4,2120,1239
78474489619,78474489623,4,2293,1227
78478883226,78478883230,4,1978,1608
78487860868,78487860873,5,2472,1501
78490224499,78490224502,3,1212,1050
78492090901,78492090903,2,1451,749
78493262221,78493262225,4,1014,1013
78494244763,78494244767,4,1393,1252
78496437496,78496437502,6,2015,1146
78507288816,78507288821,5,2410,1639
78508840065,78508840070,5,1339,960
78512170750,78512170748,-2,841,2065
78513994857,78513994860,3,2015,1382
78524090983,78524090997,14,9213,51681
78524952387,78524952390,3,2083,1611
78526800785,78526800790,5,2159,1180
78526958915,78526958918,3,1386,1079
78527963242,78527963246,4,1863,1048
78532144597,78532144604,7,15176,30500
78534569344,78534569348,4,2530,1256
78535377020,78535377027,7,1934,1031
78535443729,78535443734,5,1654,1308
78537112056,78537112051,-5,1838,6394
78540160078,78540160083,5,2079,1087
78543404450,78543404457,7,6229,2570
78545182189,78545182200,11,2988,1337
78545634507,78545634511,4,2195,1424
78546365182,78546365178,-4,1533,3804
78551135967,78551135971,4,3143,1870
78551770434,78551770437,3,3244,2761
78553164217,78553164213,-4,1702,5026
78554123629,78554123625,-4,1192,4012
78558366705,78558366713,8,2417,1422
78560310005,78560310008,3,1946,1133
78562354462,78562354457,-5,840,2362
78564224251,78564224259,8,74774,23268
78564268635,78564268639,4,1731,1079
78564648084,78564648090,6,2291,1283
78565471897,78565471901,4,2230,1569
78566879738,78566879720,-18,1967,1476
78568151626,78568151631,5,2135,1112
78568779437,78568779439,2,1774,1541
78570465259,78570465264,5,2741,1352
78570980579,78570980564,-15,775,218
78573304177,78573304179,2,1553,1741
78575503595,78575503601,6,2137,1241
78575976482,78575976487,5,2321,1475
78578937338,78578937342,4,3025,809
78580884165,78580884169,4,2683,1570
78581401815,78581401820,5,3176,2024
78590462750,78590462753,3,1626,1469
78591042855,78591042858,3,2473,2057
78591602510,78591602516,6,1939,1069
78592833966,78592833971,5,1661,813
78596064034,78596064039,5,2041,1061
78600503539,78600503542,3,1634,1154
78601516334,78601516338,4,2273,1264
78603315630,78603315633,3,1968,1897
78604369262,78604369266,4,2116,2005
78610913607,78610913611,4,2044,1181
78617073796,78617073802,6,2658,1245
78617340192,78617340176,-16,1698,1284
78620665259,78620665262,3,1298,688
78621581722,78621581703,-19,1720,1070
78622221200,78622221201,1,1479,1714
78626116391,78626116390,-1,1441,2621
78629944147,78629944152,5,1758,1471
78631689729,78631689734,5,2453,1192
78632110605,78632110607,2,2178,1312
78633664726,78633664730,4,1640,1406
78634607216,78634607219,3,1688,992
78636382229,78636382234,5,3128,1857
78638645218,78638645223,5,2296,1487
78640507707,78640507713,6,3518,1116
78640841483,78640841489,6,2426,1179
78643721102,78643721107,5,2179,1329
78643769454,78643769459,5,1753,1432
78643803769,78643803748,-21,1375,835
78644583023,78644583027,4,1852,1185
78649241498,78649241505,7,2095,1417
78653858955,78653858959,4,1565,1200
78655027586,78655027590,4,2723,2030
78655732310,78655732307,-3,903,2305
78664302539,78664302542,3,1588,1713
78667971534,78667971538,4,1226,1055
78668026678,78668026682,4,2816,1605
78668758282,78668758286,4,979,1010
78669296150,78669296150,0,1188,1126
78669885353,78669885357,4,2028,1459
78670088427,78670088432,5,2309,1373
78678595854,78678595858,4,2390,1521
78687050957,78687050962,5,2974,1518
78691535107,78691535110,3,2470,1710
78693765732,78693765734,2,1743,855
78695946537,78695946542,5,2130,962
78696359729,78696359733,4,1666,1050
78706991834,78706991839,5,2123,944
78708731074,78708731078,4,1903,1216
78709584902,78709584907,5,1841,1177
78711305566,78711305572,6,1665,1450
78715956005,78715956009,4,2472,1244
78717482470,78717482474,4,2065,1234
78719851385,78719851390,5,2688,1483
78721893282,78721893287,5,1697,1050
78722950488,78722950491,3,1737,1410
78728537186,78728537179,-7,579,366
78729200462,78729200450,-12,1439,710
78729462473,78729462475,2,1662,1372
78731016467,78731016470,3,1717,934
78733932594,78733932599,5,1949,1416
78738212792,78738212794,2,1697,1820
78738951857,78738951862,5,1911,1189
78739212982,78739212983,1,1316,1600
78741898472,78741898475,3,1315,1300
78745222783,78745222785,2,2051,1584
78746171278,78746171282,4,2149,1258
78747257710,78747257715,5,1811,1302
78748489288,78748489307,19,58,864
78751185670,78751185671,1,771,782
78752122658,78752122662,4,1007,758
78754480476,78754480480,4,1711,1226
78756599073,78756599078,5,1859,1310
78757234174,78757234164,-10,1215,257
78757601669,78757601671,2,1886,1021
78762557096,78762557101,5,2767,1227
78764200281,78764200265,-16,2808,1734
78765007288,78765007292,4,2256,1366
78774878775,78774878779,4,2143,1588
78778010133,78778010138,5,2552,1252
78780320943,78780320949,6,2499,1638
78781244017,78781244022,5,2444,1391
78785206722,78785206721,-1,1501,1311
78786871185,78786871190,5,2497,2099
78789220598,78789220603,5,1722,989
78791378880,78791378883,3,1530,958
78792982584,78792982587,3,2008,929
78796529101,78796529095,-6,1276,2918
78796610502,78796610505,3,2131,1027
78796705489,78796705471,-18,2166,1557
78796981846,78796981850,4,2071,1297
78800042484,78800042486,2,1540,1815
78801780595,78801780595,0,1729,1831
78802218087,78802218086,-1,1107,1283
78802330634,78802330624,-10,822,368
78804899913,78804899919,6,1492,1104
78807646139,78807646138,-1,1307,2887
78809663376,78809663379,3,1991,1116
78811744149,78811744154,5,2220,1241
78815312264,78815312268,4,2651,1449
78815449792,78815449815,23,2170,1262
78816216216,78816216220,4,1374,1546
78816938424,78816938429,5,2106,1362
78818228700,78818228704,4,1764,1514
78832335316,78832335318,2,1365,1229
78833749947,78833749949,2,1350,1095
78836302190,78836302195,5,2394,1172
78839572834,78839572839,5,2496,1319
78842534767,78842534769,2,1893,1743
78846684350,78846684354,4,1399,680
78848888721,78848888727,6,3306,1225
78850187446,78850187450,4,2045,1321
78853363008,78853363009,1,1495,1200
78855612429,78855612434,5,1987,1269
78855700443,78855700448,5,2311,1371
78855826966,78855826952,-14,754,209
78856180151,78856180155,4,2085,1098
78872224353,78872224357,4,1502,1130
78873095656,78873095661,5,1306,865
78874040006,78874040010,4,2422,1123
78876013744,78876013750,6,2588,971
78877389039,78877389021,-18,1641,851
78877451421,78877451426,5,2082,1451
78878826121,78878826125,4,2444,1307
78882192554,78882192556,2,1983,1405
78884711625,78884711629,4,1895,1462
78885936803,78885936807,4,1986,1219
78886539921,78886539926,5,1186,1222
78887135247,78887135253,6,2069,1672
78891366069,78891366075,6,1311,857
78894391826,78894391829,3,1832,1447
78894457487,78894457472,-15,1705,1119
78894998742,78894998746,4,1216,982
78895953110,78895953113,3,2069,2033
78898661326,78898661325,-1,35096,23429
78899354153,78899354158,5,2006,1678
78899735877,78899735883,6,4096,2029
78901274956,78901274960,4,1402,998
78904779269,78904779261,-8,1685,7471
78908884090,78908884095,5,2459,1143
78910797710,78910797703,-7,3159,8728
78911325792,78911325795,3,1723,1396
78911697058,78911697062,4,2204,2016
78913487949,78913487954,5,1346,1177
78915716317,78915716321,4,1611,1111
78917963311,78917963314,3,1323,1096
78918985319,78918985303,-16,1733,1277
78919552607,78919552611,4,1880,994
78920001612,78920001617,5,2298,1210
78922488838,78922488842,4,1931,1004
78924530413,78924530414,1,1390,1555
78925945939,78925945943,4,2152,1705
78927218961,78927218964,3,2529,1382
78935688043,78935688050,7,1859,1596
78935931367,78935931371,4,2754,1603
78936268176,78936268178,2,1668,967
78937369802,78937369806,4,2241,1420
78937406415,78937406420,5,1566,1102
78938934139,78938934142,3,1938,1352
78939729099,78939729105,6,3081,1045
78942274128,78942274129,1,2324,1757
78943421026,78943421032,6,2535,1118
78944057715,78944057718,3,2292,1394
78944298022,78944298027,5,1824,1373
78946086954,78946086958,4,1554,1376
78946385533,78946385539,6,2398,1205
78952928158,78952928163,5,3579,1857
78954214446,78954214451,5,1368,1281
78956151890,78956151894,4,1711,1519
78956350618,78956350636,18,1969,1160
78958280950,78958280955,5,2256,1012
78959674718,78959674722,4,2046,948
78962099598,78962099604,6,2248,1121
78963093318,78963093323,5,3018,1067
78965783218,78965783223,5,2313,1271
78969080822,78969080826,4,1835,1252
78969616773,78969616774,1,1939,1050
78972472432,78972472436,4,1595,1380
78973504610,78973504615,5,1670,1281
78974440733,78974440737,4,2341,1345
78975639162,78975639165,3,2574,891
78980229849,78980229845,-4,4689,14480
78980818506,78980818510,4,1431,1146
78981769606,78981769610,4,3024,1802
78982118101,78982118105,4,1845,1071
78983744911,78983744915,4,1781,1050
78990880170,78990880174,4,1708,1148
78990942646,78990942649,3,1722,1240
78992653706,78992653713,7,2109,1168
78993414551,78993414555,4,1074,1073
79000056386,79000056391,5,2059,1597
79000443882,79000443888,6,1551,1341
79002712253,79002712259,6,2320,1194
79003499932,79003499936,4,2180,1556
79006272499,79006272502,3,1634,1035
79007711198,79007711199,1,1897,1148
79012935666,79012935668,2,2076,1549
79020129809,79020129813,4,2619,1045
79020821873,79020821855,-18,2920,1120
79024511177,79024511182,5,1481,1056
79026158298,79026158302,4,1620,1052
79026948371,79026948375,4,2434,1543
79027974367,79027974371,4,2636,1273
79028245241,79028245236,-5,1008,4339
79028546429,79028546430,1,33859,29648
79030084977,79030084982,5,3834,1677
79032281251,79032281258,7,2163,1484
79034165766,79034165746,-20,971,284
79042492797,79042492802,5,4226,1215
79043927395,79043927398,3,1812,1336
79044775255,79044775247,-8,1103,6872
79044981589,79044981593,4,2816,1729
79045339336,79045339339,3,1088,794
79045961038,79045961044,6,3208,1565
79050306898,79050306901,3,2182,1839
79051969595,79051969597,2,1448,1098
79052677075,79052677082,7,1893,1381
79056254914,79056254918,4,2463,1325
79057040859,79057040865,6,1825,1342
79073065235,79073065239,4,1121,813
79073193095,79073193099,4,2260,993
79081690921,79081690923,2,1409,1034
79082144073,79082144077,4,2233,1393
79082437364,79082437368,4,2124,1350
79082754318,79082754322,4,2685,1339
79083615742,79083615744,2,1401,1360
79084781069,79084781073,4,1717,1314
79084931210,79084931190,-20,1556,866
79089699566,79089699567,1,1134,1282
79100072054,79100072059,5,2514,1400
79101053626,79101053630,4,2137,1391
79103882651,79103882655,4,2869,2020
79105996014,79105996018,4,928,1412
79106799746,79106799749,3,2035,1273
79109556926,79109556931,5,2065,1124
79110076864,79110076868,4,1569,1326
79113379644,79113379648,4,1977,1406
79114459054,79114459063,9,11491,21784
79115846429,79115846432,3,1693,1882
79118474424,79118474428,4,20969,48212
79120417675,79120417679,4,2040,1664
79120652814,79120652808,-6,1240,3338
79126640655,79126640661,6,1377,1249
79130389134,79130389137,3,2581,1912
79133139633,79133139635,2,1600,1004
79142435862,79142435866,4,1555,1397
79148177827,79148177812,-15,1416,1285
79150222898,79150222903,5,2360,1521
79150744365,79150744370,5,2060,1159
79151580177,79151580182,5,2260,974
79153440074,79153440079,5,924,884
79157060562,79157060565,3,1407,1331
79157527878,79157527882,4,1925,1400
79159314624,79159314631,7,4359,1331
79159908654,79159908658,4,1828,1086
79166505588,79166505594,6,2934,1183
79167207815,79167207818,3,1137,1213
79168401360,79168401363,3,1680,1530
79168729070,79168729075,5,3514,2186
79169504006,79169504006,0,2628,3553
79177538490,79177538494,4,2254,1277
79181908791,79181908794,3,1677,1239
79195865736,79195865741,5,2244,1451
79197063678,79197063683,5,1942,1240
79199938377,79199938379,2,1471,1111
79203233586,79203233591,5,2561,1470
79208234925,79208234930,5,1450,892
79210356969,79210356975,6,2525,1180
79213559685,79213559688,3,1852,1413
79213779162,79213779165,3,469,168
79215392229,79215392234,5,1833,1355
79216674629,79216674633,4,1834,1203
79219813869,79219813874,5,2202,1191
79220679970,79220679974,4,1593,1046
79221481125,79221481147,22,1255,6215
79223128663,79223128666,3,1660,1447
79226380402,79226380406,4,1254,929
79227389029,79227389034,5,1518,881
79227478126,79227478142,16,618,259
79230796821,79230796823,2,1502,1235
79231927835,79231927839,4,1515,1538
79232240846,79232240850,4,1939,1309
79235149266,79235149246,-20,822,1123
79237636846,79237636849,3,2457,1468
79243111927,79243111932,5,2434,1252
79248897602,79248897609,7,3915,1330
79250330898,79250330896,-2,1357,1490
79251865104,79251865107,3,1657,1531
79252964261,79252964265,4,2364,1394
79253767916,79253767921,5,1911,1155
79254603174,79254603179,5,2346,1590
79255239155,79255239158,3,2000,1358
79255450964,79255450969,5,1861,1273
79258966365,79258966369,4,2301,1775
79259175077,79259175083,6,2400,1443
79265683005,79265683010,5,4550,2134
79266289191,79266289194,3,1709,1185
79267878181,79267878185,4,2489,1657
79268647074,79268647078,4,1222,721
79280189821,79280189825,4,2364,1452
79285931037,79285931042,5,1249,1552
79286287408,79286287414,6,2397,733
79287856215,79287856219,4,2373,1967
79294966602,79294966607,5,2374,1797
79306866595,79306866599,4,2341,1819
79309799314,79309799318,4,2074,1506
79310942181,79310942181,0,1704,1784
79311485465,79311485470,5,2454,1597
79313124206,79313124214,8,7220,1059
79315926067,79315926070,3,1245,885
79319373642,79319373647,5,2042,1418
79324564533,79324564538,5,1692,1074
79325827553,79325827560,7,3049,1411
79328585997,79328585998,1,2374,1468
79329117628,79329117634,6,2203,1102
79329786647,79329786632,-15,1834,1375
79332689684,79332689681,-3,31160,12888
79333053470,79333053475,5,1922,1143
79333840963,79333840966,3,1698,1549
79334936882,79334936882,0,1130,1507
79335889625,79335889628,3,1629,1080
79340539325,79340539330,5,1606,1413
79342285763,79342285766,3,2929,1197
79342499638,79342499643,5,1863,1038
79345637274,79345637280,6,1718,1440
79348080205,79348080210,5,1769,1619
79349136072,79349136076,4,3956,1722
79349356062,79349356064,2,2777,3008
79352358375,79352358382,7,1452,846
79352478956,79352478944,-12,20157,15584
79354157789,79354157791,2,29589,23426
79359186526,79359186530,4,2130,1353
79359226538,79359226543,5,2440,1114
79363948842,79363948847,5,2960,1501
79365343195,79365343200,5,2802,1913
79366979417,79366979422,5,1103,1074
79369572139,79369572143,4,1396,1101
79371150253,79371150257,4,2040,1130
79373856224,79373856226,2,2177,1048
79378439745,79378439744,-1,1220,1925
79378951266,79378951269,3,1819,1328
79379575434,79379575438,4,1278,1333
79381872812,79381872814,2,1909,1652
79382118037,79382118042,5,2289,1553
79386340925,79386340930,5,2004,1406
79386470079,79386470081,2,1609,1134
79386935406,79386935411,5,808,1118
79394086160,79394086164,4,2382,1333
79394126190,79394126172,-18,1428,904
79394622590,79394622594,4,2276,1532
79409501148,79409501153,5,1944,1270
79413244722,79413244726,4,2155,1464
79414372589,79414372594,5,2013,1095
79416147590,79416147594,4,1402,981
79416402545,79416402551,6,2172,1343
79417213341,79417213346,5,1628,1241
79417836330,79417836334,4,2118,1319
79418800058,79418800063,5,1316,866
79427090476,79427090482,6,1653,1392
79427351925,79427351908,-17,1325,1032
79429177263,79429177263,0,31956,34500
79431612377,79431612381,4,1942,1405
79432704294,79432704298,4,2510,1331
79435062669,79435062674,5,1324,668
79435686384,79435686387,3,1936,1297
79435774362,79435774366,4,2690,1614
79437276077,79437276091,14,418,3493
79437561886,79437561890,4,1879,1317
79437825778,79437825782,4,1884,1343
79438646437,79438646440,3,1742,1772
79439313404,79439313408,4,2136,1590
79440110753,79440110760,7,1994,1441
79440206437,79440206442,5,1979,1545
79441413608,79441413611,3,2729,1605
79442666888,79442666894,6,1613,1163
79444397197,79444397201,4,1732,1373
79446260642,79446260647,5,1928,1477
79446961319,79446961323,4,2374,1157
79450038830,79450038835,5,2648,1495
79455065445,79455065450,5,2478,1323
79457396777,79457396783,6,2197,1012
79460785517,79460785523,6,2046,973
79461267809,79461267812,3,2160,1727
79468680086,79468680094,8,2069,1046
79471603830,79471603833,3,1151,1152
79474411787,79474411794,7,1598,1374
79477319673,79477319675,2,3087,1119
79479513893,79479513894,1,1719,1520
79482572173,79482572178,5,1324,847
79484171706,79484171710,4,2528,1483
79484864298,79484864302,4,2741,1148
79490263887,79490263890,3,1600,1138
79490362317,79490362320,3,2413,1490
79495455110,79495455115,5,2362,1163
79500577077,79500577078,1,1339,1169
79502425403,79502425407,4,1983,1502
79502865559,79502865563,4,2419,1633
79504773898,79504773902,4,2719,1637
79506489738,79506489742,4,2348,1395
79507773326,79507773330,4,1376,840
79511762415,79511762418,3,1344,1196
79513857965,79513857971,6,2149,892
79513982422,79513982407,-15,1627,1107
79516912816,79516912822,6,3814,1172
79517475197,79517475200,3,2023,1420
79523243710,79523243714,4,1695,1191
79526181978,79526181982,4,1475,1013
79527987214,79527987219,5,1706,1138
79528121735,79528121741,6,1856,1155
79529246962,79529246965,3,2130,1296
79533521849,79533521851,2,1376,1554
79539573486,79539573489,3,2203,1276
79540554429,79540554434,5,2759,1912
79546011413,79546011418,5,3311,1294
79546665158,79546665159,1,1255,1814
79548612000,79548612004,4,2149,1319
79557842710,79557842715,5,2572,1402
79558424350,79558424354,4,1710,1391
79562067421,79562067426,5,2278,1362
79562501817,79562501798,-19,1918,968
79562775065,79562775071,6,1724,1114
79569261496,79569261502,6,1661,1226
79569337826,79569337830,4,1775,1372
79575570949,79575570954,5,2062,1022
79576623099,79576623106,7,1880,792
79578988699,79578988703,4,943,915
79581454701,79581454706,5,3072,1593
79583510001,79583510006,5,2308,1489
79584259431,79584259436,5,2576,1445
79584320147,79584320149,2,677,955
79587273799,79587273805,6,1609,1090
79592335250,79592335253,3,2127,883
79595937989,79595937989,0,1818,2563
79596157250,79596157250,0,1714,1582
79599424393,79599424398,5,3306,1252
79599790618,79599790622,4,2099,620
79600034111,79600034116,5,1419,1189
79603169558,79603169562,4,2193,1230
79603553855,79603553861,6,2677,1572
79609376571,79609376575,4,1632,1364
79609854422,79609854425,3,1689,1199
79612788878,79612788883,5,1984,940
79623337402,79623337407,5,2323,23925
79623916834,79623916838,4,1961,1148
79627386775,79627386779,4,3330,2257
79628070698,79628070702,4,1590,958
79629399592,79629399596,4,2176,1346
79631022615,79631022619,4,2367,1152
79631170610,79631170621,11,1909,1214
79633902671,79633902675,4,2005,1113
79634304606,79634304599,-7,15030,16077
79641739898,79641739905,7,3710,1813
79645532978,79645532981,3,2274,1494
79648883583,79648883583,0,2500,1994
79656293567,79656293544,-23,1823,549
79656803454,79656803458,4,3275,1282
79658388069,79658388077,8,16004,14543
79658646366,79658646371,5,2115,1793
79663181803,79663181781,-22,1078,1352
79663364262,79663364267,5,2247,1342
79666557434,79666557438,4,1773,1409
79674036729,79674036713,-16,1622,1537
79675118806,79675118811,5,1548,822
79675744353,79675744366,13,3375,1499
79677792423,79677792405,-18,689,455
79682068741,79682068745,4,1977,1265
79683354914,79683354919,5,2633,1309
79684302055,79684302059,4,2192,1054
79689297202,79689297205,3,2143,1592
79689397249,79689397263,14,2303,1488
79690551146,79690551151,5,1899,1395
79694759270,79694759275,5,1384,1174
79696000883,79696000888,5,2007,1886
79696960102,79696960101,-1,1411,2146
79698947444,79698947448,4,2712,1568
79705525669,79705525674,5,2094,1506
79712635420,79712635422,2,1909,1435
79718537733,79718537734,1,2557,1994
79719334277,79719334280,3,2084,1334
79719913729,79719913716,-13,1026,324
79720499280,79720499282,2,1707,1007
79723999538,79723999546,8,1734,996
79724254677,79724254682,5,2250,1437
79728800669,79728800672,3,2013,1790
79748246805,79748246808,3,1831,941
79749379433,79749379438,5,1345,1588
79760348643,79760348647,4,1759,1248
79762982789,79762982792,3,2125,1383
79764058967,79764058971,4,1889,1561
79764295162,79764295164,2,1729,1821
79765368063,79765368070,7,2454,1260
79765595009,79765594990,-19,2137,1461
79767655383,79767655386,3,1407,1483
79774672342,79774672346,4,1877,1057
79779916223,79779916228,5,1772,750
79782117858,79782117863,5,1553,916
79782317806,79782317813,7,83185,21693
79784373526,79784373529,3,2915,2182
79789951022,79789951027,5,2819,1256
79790637352,79790637355,3,1544,859
79792203941,79792203945,4,2070,1293
79793003930,79793003934,4,1751,1440
79795690893,79795690895,2,4117,3545
79796116355,79796116363,8,1863,1100
79798867158,79798867159,1,959,1042
79800002621,79800002626,5,2605,1413
79801076156,79801076161,5,1573,1083
79803875556,79803875573,17,477,1863
79804260845,79804260849,4,1573,846
79806225467,79806225471,4,2114,1759
79811293606,79811293606,0,1334,1429
79814979292,79814979294,2,1752,971
79815322830,79815322832,2,1593,1028
79815385687,79815385694,7,1992,1423
79817958600,79817958594,-6,983,2673
79819730169,79819730150,-19,1668,1017
79821428634,79821428639,5,2117,1380
79828024728,79828024736,8,14587,28723
79828198785,79828198789,4,533,798
79828836763,79828836766,3,2144,1601
79829674459,79829674463,4,1527,1243
79830520721,79830520723,2,1427,1338
79831283947,79831283945,-2,1014,1836
79833382506,79833382511,5,1800,1307
79836043679,79836043683,4,1729,1501
79838427360,79838427366,6,2047,956
79838465854,79838465836,-18,2459,1269
79839673627,79839673630,3,2087,1300
79843722054,79843722042,-12,48677,15046
79844333186,79844333188,2,1757,1028
79848038470,79848038475,5,1971,1133
79849386149,79849386153,4,1856,1212
79849811413,79849811405,-8,688,338
79856093604,79856093609,5,2754,926
79858677527,79858677533,6,1852,1196
79860115650,79860115653,3,2079,1927
79864922582,79864922588,6,2032,1320
79865168025,79865168030,5,2024,1894
79866002601,79866002602,1,1744,1194
79866046505,79866046509,4,1836,1683
79873871305,79873871305,0,1290,2134
79874067439,79874067443,4,1536,795
79875121065,79875121069,4,1857,1278
79875720156,79875720157,1,2024,1938
79875782039,79875782042,3,3239,1665
79875920347,79875920351,4,1782,1347
79877626902,79877626903,1,1248,2188
79881503050,79881503055,5,1652,1094
79884428533,79884428537,4,2047,1287
79884969973,79884969970,-3,1947,5675
79885917700,79885917713,13,1743,1002
79886303703,79886303707,4,2269,1284
79886376946,79886376951,5,1684,1082
79887248837,79887248839,2,3671,1469
79887414454,79887414459,5,2049,1327
79889577210,79889577215,5,1627,1412
79891206836,79891206840,4,2360,1807
79892497306,79892497313,7,4925,1877
79894042890,79894042892,2,2248,1529
79898984194,79898984198,4,1699,1262
79900519802,79900519811,9,1591,875
79901200975,79901200979,4,2186,1272
79903726322,79903726326,4,2152,1155
79912487430,79912487434,4,1288,1257
79914306151,79914306158,7,1720,1378
79918163971,79918163974,3,1760,961
79922234833,79922234838,5,2112,1522
79923166964,79923166966,2,1900,1109
79924527446,79924527446,0,948,1699
79924555845,79924555850,5,2474,1149
79924663890,79924663870,-20,2607,1271
79925116155,79925116157,2,1725,909
79931872877,79931872880,3,1566,1672
79935429407,79935429412,5,2605,1593
79937511370,79937511373,3,1958,1460
79940019102,79940019108,6,3060,1523
79941780586,79941780586,0,1455,1754
79942658585,79942658589,4,2613,1599
79943004406,79943004410,4,1778,716
79945500353,79945500358,5,1612,1213
79950804909,79950804906,-3,1011,2052
79951245256,79951245253,-3,17854,15948
79952676770,79952676767,-3,1500,3051
79954840830,79954840834,4,2052,798
79957240606,79957240608,2,1508,1784
79958121080,79958121087,7,1937,1217
79958605430,79958605434,4,2107,1426
79960440073,79960440079,6,1380,1191
79960887172,79960887177,5,2678,1348
79963405442,79963405446,4,1137,1332
79971144226,79971144230,4,2587,1524
79973075492,79973075498,6,6030,2662
79977632517,79977632521,4,1635,945
79978412415,79978412422,7,1761,1558
79982028598,79982028602,4,1909,1081
79983169336,79983169339,3,2169,929
79983217282,79983217260,-22,1050,816
79988019678,79988019682,4,1867,1007
79990591153,79990591159,6,1647,954
79990748386,79990748390,4,1607,1336
79994522042,79994522045,3,1473,1630
79994711280,79994711298,18,657,1251
79996019991,79996019995,4,1457,1149
79996691687,79996691689,2,1454,1264
79998065755,79998065734,-21,2196,1857
79998403828,79998403832,4,1517,1490
79999975295,79999975299,4,2243,1493
80000434213,80000434205,-8,979,3605
80003306614,80003306618,4,2480,1651
80004290362,80004290370,8,14383,20737
80005535394,80005535398,4,1832,1406
80005863508,80005863511,3,2244,1903
80008239049,80008239054,5,1489,907
80009850176,80009850181,5,2034,1711
80011016031,80011016036,5,2032,1493
80011692975,80011692978,3,2454,1515
80015217190,80015217195,5,2004,1229
80017356055,80017356057,2,1967,1339
80021964679,80021964683,4,2381,1672
80024135190,80024135193,3,1884,1372
80034017460,80034017464,4,2242,1591
80038531220,80038531223,3,2586,1385
80041620238,80041620243,5,1783,1564
80043549273,80043549277,4,4083,2077
80043817445,80043817450,5,1632,1083
80044636398,80044636402,4,2176,1515
80046006839,80046006841,2,1718,1103
80046045634,80046045637,3,1435,1022
80046101050,80046101054,4,1519,1347
80054077826,80054077831,5,2059,1495
80064417626,80064417630,4,2158,1624
80065702566,80065702568,2,1790,1639
80068166582,80068166586,4,1358,881
80070206316,80070206320,4,1990,1338
80072447794,80072447798,4,938,777
80072718350,80072718355,5,2123,1522
80077274540,80077274533,-7,2298,7851
80078485643,80078485645,2,1682,896
80079220548,80079220553,5,1872,1263
80082058037,80082058041,4,1513,1108
80091384152,80091384154,2,1450,1199
80099754427,80099754433,6,2533,1944
80099842906,80099842910,4,1737,1467
80100527284,80100527289,5,2888,1469
80105595593,80105595596,3,1765,1469
80106628884,80106628884,0,27836,24828
80108229594,80108229598,4,1483,1092
80108601222,80108601236,14,2614,1918
80108748293,80108748297,4,2645,1645
80111288178,80111288176,-2,1070,1905
80112750894,80112750897,3,2404,1445
80113949349,80113949355,6,2325,1855
80116272447,80116272451,4,1717,1229
80120539271,80120539277,6,651,467
80120895554,80120895559,5,1825,1440
80121477807,80121477811,4,2630,1480
80121619498,80121619506,8,5178,1679
80121750918,80121750902,-16,2228,842
80124341526,80124341530,4,2334,1103
80124677760,80124677763,3,2045,1287
80125015689,80125015693,4,2127,1492
80125627387,80125627392,5,2125,1135
80127023026,80127023030,4,2169,846
80131542370,80131542367,-3,1052,3418
80131606275,80131606279,4,2392,1498
80135289810,80135289815,5,2064,1826
80135454187,80135454190,3,2176,1301
80136560184,80136560187,3,2267,1316
80137014159,80137014162,3,1982,1583
80141340553,80141340557,4,1431,1406
80143468347,80143468332,-15,2343,1054
80144826933,80144826937,4,2041,1299
80149949728,80149949733,5,1841,932
80151159238,80151159241,3,1567,2114
80151409249,80151409252,3,1846,1319
80152955960,80152955965,5,1628,1421
80154099224,80154099225,1,1633,1321
80155192643,80155192642,-1,1465,2048
80160718943,80160718946,3,1559,1135
80161130645,80161130650,5,1967,1558
80161937691,80161937688,-3,1484,2487
80162516202,80162516206,4,1759,1181
80165546589,80165546594,5,2212,1497
80171429961,80171429972,11,1557,1964
80171532499,80171532480,-19,1602,1295
80172623172,80172623177,5,3688,1683
80173125654,80173125658,4,1675,1274
80177657378,80177657386,8,3810,1205
80179236131,80179236136,5,2850,1426
80179349330,80179349340,10,643,54
80184688090,80184688094,4,1952,818
80185764855,80185764858,3,1670,1418
80185791386,80185791393,7,1721,1171
80186176487,80186176470,-17,1029,746
80188025877,80188025881,4,2034,1899
80188197385,80188197389,4,1759,1084
80190239133,80190239128,-5,980,2879
80191438243,80191438247,4,1429,1191
80193213088,80193213093,5,1971,962
80194581371,80194581374,3,1733,1291
80195221054,80195221058,4,2097,1934
80197037230,80197037235,5,1908,1157
80203115148,80203115153,5,2313,1391
80204816154,80204816159,5,1993,1548
80206485882,80206485886,4,1917,1146
80206710534,80206710533,-1,33237,43165
80210454323,80210454326,3,2497,1145
80212643710,80212643714,4,2283,1267
80216493836,80216493840,4,1560,1469
80217433835,80217433839,4,2901,1603
80217591830,80217591835,5,2119,1197
80217656938,80217656942,4,785,266
80222866102,80222866103,1,1092,900
80223144829,80223144833,4,2138,1746
80224977302,80224977307,5,2282,1213
80226522222,80226522225,3,1716,1604
80230648850,80230648855,5,1897,1110
80237481838,80237481843,5,1285,970
80237665273,80237665277,4,2597,1805
80241033539,80241033541,2,1762,1458
80241062649,80241062652,3,1492,1350
80242249190,80242249211,21,1144,851
80242676783,80242676786,3,1487,1280
80244001730,80244001723,-7,1099,3125
80245488253,80245488257,4,1535,1625
80245654682,80245654692,10,725,236
80246306874,80246306878,4,1968,1460
80257012187,80257012193,6,2240,1568
80261789741,80261789746,5,2032,1278
80266542344,80266542349,5,2398,1720
80269228755,80269228758,3,1734,1114
80271946378,80271946382,4,1307,988
80273205581,80273205585,4,1713,1667
80274042574,80274042580,6,1933,1641
80275922194,80275922198,4,2694,1592
80276001450,80276001455,5,1814,990
80276750315,80276750319,4,2519,1908
80277358429,80277358414,-15,1078,208
80278336144,80278336150,6,1445,1150
80279388154,80279388158,4,2179,1825
80280753225,80280753231,6,2316,1275
80281438435,80281438439,4,2667,1953
80282186230,80282186238,8,2928,1494
80282278151,80282278136,-15,1465,818
80282401070,80282401075,5,1397,1218
80282609993,80282609998,5,1791,1254
80284607305,80284607310,5,1809,950
80285618345,80285618349,4,1989,1644
80286267886,80286267888,2,2284,1273
80287101961,80287101963,2,1349,1317
80289670849,80289670852,3,1097,966
80293578486,80293578490,4,1729,1196
80294761951,80294761964,13,2671,1129
80297466494,80297466498,4,2426,1258
80297530779,80297530791,12,618,249
80297872569,80297872574,5,875,413
80305032746,80305032751,5,8460,5366
80307061700,80307061703,3,1693,1174
80307643918,80307643918,0,869,1140
80308548194,80308548198,4,2442,1962
80309201230,80309201235,5,2145,1202
80309663354,80309663350,-4,2345,4550
80309898686,80309898690,4,2523,1162
80310804837,80310804841,4,1892,1066
80311999489,80311999494,5,2652,1280
80312540130,80312540135,5,1672,1293
80314295446,80314295451,5,1923,1256
80322642273,80322642278,5,2312,1304
80322700011,80322700017,6,2653,1815
80323122549,80323122535,-14,2071,1138
80323804755,80323804760,5,2721,1734
80324143791,80324143795,4,2527,1622
80324984596,80324984601,5,2840,1628
80331462258,80331462262,4,1799,696
80331665534,80331665517,-17,1179,830
80335309338,80335309340,2,1995,1837
80335660954,80335660966,12,2186,907
80336094561,80336094575,14,2159,1334
80338677134,80338677139,5,2545,37562
80339086473,80339086479,6,1729,1242
80341799234,80341799237,3,2005,1274
80343265263,80343265267,4,1748,1152
80345280721,80345280726,5,2483,1977
80349568042,80349568039,-3,877,3115
80353610791,80353610794,3,1729,1196
80353893469,80353893474,5,1128,1070
80356633769,80356633775,6,2612,1020
80360752722,80360752726,4,2441,1574
80365265678,80365265683,5,1545,1178
80370912442,80370912446,4,2378,1945
80371682144,80371682147,3,1893,959
80372770570,80372770573,3,1724,1283
80373479539,80373479543,4,2147,1277
80373653270,80373653262,-8,1165,2490
80373690925,80373690930,5,1720,1481
80373810138,80373810142,4,2421,2275
80375917999,80375918002,3,1844,1710
80381829605,80381829607,2,1227,1120
80382523793,80382523798,5,2962,1483
80382889605,80382889611,6,2910,1352
80385267953,80385267957,4,1907,1510
80392960185,80392960188,3,1924,1028
80393872987,80393872982,-5,742,2845
80397960058,80397960059,1,1694,1259
80401769341,80401769345,4,1763,976
80403752342,80403752348,6,1729,1087
80404382054,80404382039,-15,1278,1073
80406317081,80406317083,2,2327,1418
80406977550,80406977545,-5,665,1480
80407980498,80407980503,5,1992,1623
80408316526,80408316531,5,1395,857
80409675895,80409675899,4,2202,1600
80410979713,80410979716,3,2512,1234
80411261381,80411261382,1,1761,2545
80411635432,80411635434,2,12502,11204
80414501834,80414501838,4,1677,1153
80415473945,80415473947,2,1771,1632
80418439573,80418439579,6,1759,1220
80419418233,80419418241,8,3152,1491
80420127481,80420127482,1,1682,1728
80420973077,80420973081,4,1872,1349
80423032449,80423032455,6,3162,1417
80424529202,80424529207,5,19011,27533
80426046506,80426046502,-4,1248,3047
80428419696,80428419700,4,2461,1517
80428618233,80428618239,6,1709,1229
80429022155,80429022136,-19,1061,742
80429939109,80429939117,8,6616,2768
80435534179,80435534181,2,1609,1769
80439178627,80439178626,-1,1520,2146
80439483626,80439483630,4,860,1131
80440275072,80440275076,4,1688,1690
80440378725,80440378730,5,2694,1393
80441026663,80441026667,4,1393,1788
80448146921,80448146927,6,6698,1917
80449068698,80449068703,5,2244,1105
80451544633,80451544629,-4,784,2297
80453209891,80453209895,4,2450,1315
80454757546,80454757542,-4,740,2019
80456546158,80456546163,5,2022,1469
80458913343,80458913347,4,2291,1300
80460817066,80460817071,5,1628,825
80464843543,80464843537,-6,1825,10289
80473234913,80473234917,4,2257,1465
80473507070,80473507055,-15,1774,612
80477819753,80477819758,5,1460,1156
80478460417,80478460422,5,2011,945
80481009526,80481009531,5,2541,1085
80483506392,80483506397,5,2695,1881
80488008591,80488008594,3,1409,1467
80488615545,80488615528,-17,2191,1106
80489926736,80489926741,5,2090,1771
80490286513,80490286525,12,1910,1068
80490501922,80490501926,4,2291,1804
80493078733,80493078737,4,2276,1089
80493411429,80493411447,18,1619,1027
80502231709,80502231713,4,1668,1372
80509924808,80509924812,4,2116,1611
80513195299,80513195318,19,763,272
80515472425,80515472428,3,2088,1972
80516725689,80516725693,4,1444,1070
80517643160,80517643164,4,1942,1310
80519065521,80519065523,2,1648,1456
80520729512,80520729512,0,1311,2004
80520871334,80520871337,3,1592,698
80530125940,80530125943,3,3168,1735
80535732017,80535732011,-6,943,2776
80544702784,80544702788,4,3065,1922
80545877671,80545877673,2,2241,1077
80546645354,80546645358,4,1896,1144
80548610631,80548610635,4,1537,1109
80552290847,80552290854,7,6573,2323
80553130777,80553130779,2,2281,1729
80554725384,80554725391,7,2966,1550
80557065801,80557065806,5,2916,1586
80561752558,80561752562,4,1694,1203
80562413841,80562413845,4,2333,1094
80563011278,80563011282,4,2059,1286
80563548535,80563548518,-17,1451,984
80563924373,80563924377,4,1069,984
80566078200,80566078205,5,1587,1199
80575014601,80575014605,4,2647,1825
80575153489,80575153494,5,2184,1593
80576439281,80576439285,4,1776,1473
80579145273,80579145266,-7,828,2512
80583438557,80583438558,1,1237,3073
80583490115,80583490121,6,1857,1299
80584220329,80584220332,3,2307,1419
80588619455,80588619458,3,1822,1289
80589260522,80589260527,5,1613,1270
80594835459,80594835463,4,1868,1067
80597599518,80597599522,4,1536,1083
80599286849,80599286853,4,1952,1120
80600560670,80600560676,6,1453,1439
80600711996,80600712000,4,2071,1353
80600923193,80600923199,6,2054,1247
80605076650,80605076654,4,1589,1522
80606193690,80606193695,5,1709,798
80610890926,80610890931,5,1740,1397
80610971809,80610971813,4,2616,1258
80614403181,80614403186,5,2390,1153
80614594318,80614594323,5,1761,1222
80636145493,80636145498,5,2576,1787
80640519025,80640519030,5,1970,1213
80641395172,80641395176,4,1526,1002
80642086034,80642086013,-21,1545,1462
80642408273,80642408277,4,2552,1233
80645506230,80645506234,4,1650,889
80652519137,80652519144,7,1654,689
80653532338,80653532340,2,1401,1243
80657615957,80657615961,4,2026,1187
80672626294,80672626293,-1,939,1439
80673145735,80673145730,-5,999,3330
80674544682,80674544685,3,1407,1294
80677586743,80677586746,3,1957,2046
80683385410,80683385414,4,1899,1188
80684986317,80684986321,4,2482,1454
80686399170,80686399174,4,1423,1115
80687478679,80687478685,6,2250,1093
80688574856,80688574859,3,1177,1140
80697707221,80697707235,14,258,940
80698201586,80698201591,5,1804,1087
80699324174,80699324177,3,1756,1070
80700567583,80700567587,4,2409,1846
80700968582,80700968587,5,2888,1855
80702733352,80702733358,6,2982,1591
80707215295,80707215299,4,1327,835
80708627790,80708627794,4,1312,1104
80714177332,80714177334,2,2057,1149
80716950531,80716950535,4,2252,1411
80720106386,80720106390,4,2108,1045
80720162285,80720162290,5,2795,1695
80720793074,80720793078,4,1706,1312
80722527889,80722527894,5,1578,1397
80724556732,80724556740,8,2779,1108
80726310596,80726310582,-14,1029,1016
80731105211,80731105213,2,1171,1483
80733581671,80733581675,4,1678,1168
80736568847,80736568851,4,2435,970
80736820303,80736820307,4,1341,994
80740909540,80740909545,5,1763,1171
80741488310,80741488314,4,2576,1567
80748117795,80748117798,3,2785,1792
80750042041,80750042045,4,1733,1127
80750762269,80750762271,2,2376,1509
80754471502,80754471506,4,2055,1045
80756832706,80756832710,4,2296,1267
80757507830,80757507832,2,1901,1229
80766827505,80766827519,14,1143,5793
80768857414,80768857418,4,1600,879
80769220842,80769220847,5,1617,970
80769272173,80769272180,7,2194,906
80771615593,80771615597,4,1793,1546
80775271917,80775271922,5,2578,1289
80776444629,80776444632,3,1510,1463
80776632887,80776632894,7,2444,1454
80777916317,80777916314,-3,2521,4651
80779580282,80779580286,4,2537,1478
80782616101,80782616106,5,1435,865
80784050954,80784050957,3,2359,1818
80790004872,80790004876,4,2691,1898
80791218019,80791218024,5,1748,1667
80798167229,80798167230,1,1494,1811
80798528097,80798528101,4,3265,1443
80799235106,80799235111,5,2677,1073
80799626909,80799626916,7,2091,1060
80803269196,80803269199,3,1807,1183
80805371684,80805371689,5,2090,1408
80809099213,80809099216,3,1997,1519
80809691261,80809691265,4,1386,1642
80810767025,80810767031,6,2403,1217
80818908390,80818908394,4,1810,1082
80821487273,80821487275,2,2336,1156
80823270601,80823270607,6,2017,1649
80824247231,80824247235,4,1524,1145
80824376514,80824376518,4,2016,1352
80825316386,80825316389,3,1885,1460
80830011558,80830011563,5,1924,1266
80831004707,80831004711,4,1534,1137
80838712110,80838712115,5,1320,989
80840738782,80840738787,5,3298,1715
80841567640,80841567643,3,1626,1842
80843997675,80843997679,4,2524,1903
80844729407,80844729409,2,1320,1255
80855856918,80855856921,3,1360,1471
80857566042,80857566045,3,2121,1581
80859459565,80859459571,6,1145,683
80864741763,80864741768,5,1023,716
80865326006,80865326003,-3,901,1675
80868148037,80868148039,2,1664,1003
80869280373,80869280377,4,1683,1257
80869520210,80869520211,1,1645,1216
80871620583,80871620590,7,1206,998
80871896260,80871896278,18,2833,1519
80872449631,80872449635,4,1332,938
80874887930,80874887934,4,1838,1464
80876520905,80876520910,5,1815,1171
80879682416,80879682419,3,1658,1285
80880911134,80880911138,4,2913,2292
80881191720,80881191722,2,1986,1956
80882027053,80882027055,2,1935,1332
80882827553,80882827556,3,2614,1696
80883568290,80883568294,4,1616,1345
80884428023,80884428026,3,1458,841
80886919242,80886919245,3,1267,1320
80891502818,80891502823,5,1889,1119
80893241366,80893241370,4,1733,1203
80898188019,80898188020,1,1592,1321
80899453199,80899453186,-13,1093,1496
80904666490,80904666493,3,2440,1431
80905116629,80905116635,6,1928,1551
80906797881,80906797883,2,1441,1161
80908365475,80908365478,3,1372,1012
80912251275,80912251281,6,2963,1112
80913002155,80913002159,4,2490,1125
80913426569,80913426550,-19,2386,1518
80917810336,80917810340,4,1751,1435
80919462807,80919462808,1,1899,1610
80920028708,80920028710,2,1366,883
80920255746,80920255727,-19,2141,1388
80920392420,80920392426,6,1957,1288
80922777743,80922777747,4,1090,552
80924107743,80924107729,-14,1027,421
80924216699,80924216703,4,2242,1109
80926689233,80926689230,-3,16076,11324
80927340833,80927340854,21,3072,1680
80930308074,80930308078,4,2040,1272
80932411322,80932411326,4,2354,1637
80935175789,80935175794,5,2086,1610
80938526009,80938526010,1,1881,1608
80939041977,80939041978,1,1885,1973
80942930026,80942930030,4,2398,1183
80946319843,80946319848,5,4135,2723
80947533011,80947533016,5,2152,1539
80947817840,80947817822,-18,1932,1252
80949251738,80949251717,-21,1927,1055
80950289570,80950289574,4,980,1069
80951099673,80951099675,2,1363,1197
80951791572,80951791590,18,8377,53399
80953497086,80953497089,3,1866,2074
80954624020,80954624023,3,2069,1654
80954885180,80954885185,5,1980,1235
80957260859,80957260862,3,2448,1650
80959548504,80959548507,3,2258,901
80960682382,80960682376,-6,828,3488
80966243222,80966243226,4,2051,1958
80968330685,80968330690,5,3079,2036
80968500859,80968500869,10,505,273
80969409239,80969409243,4,2735,1402
80972055698,80972055699,1,2746,2997
80975358874,80975358878,4,2694,1627
80976638018,80976638025,7,3584,1402
80977987818,80977987821,3,1441,1292
80981182854,80981182859,5,1352,989
80981739130,80981739135,5,1866,1120
80983581705,80983581708,3,4207,3164
80983797275,80983797281,6,1697,1339
80983984640,80983984644,4,2166,1331
80984749078,80984749083,5,2149,1147
80991710702,80991710706,4,1738,1551
80992841871,80992841877,6,2027,1043
80994487542,80994487546,4,2403,1450
80996455158,80996455162,4,2314,1250
80996740733,80996740738,5,1492,877
81000300754,81000300757,3,2387,1823
81000368273,81000368274,1,1885,1342
81000729718,81000729735,17,1353,1039
81000841034,81000841039,5,1574,915
81006345560,81006345562,2,1592,1310
81006812950,81006812954,4,1505,1149
81006962682,81006962685,3,1859,1132
81010864588,81010864591,3,1601,1694
81011143265,81011143271,6,2327,1500
81018586110,81018586118,8,1800,897
81019909209,81019909214,5,2121,1705
81021812447,81021812450,3,2899,1698
81022064249,81022064229,-20,1864,985
81022808479,81022808483,4,2815,1332
81023281686,81023281682,-4,1397,2202
81023479463,81023479473,10,12307,25883
81034371778,81034371782,4,1538,1234
81040196050,81040196054,4,1537,1137
81044098753,81044098758,5,1523,1521
81048721615,81048721618,3,2442,1592
81050130120,81050130121,1,1825,1242
81056900217,81056900223,6,2173,1255
81057190072,81057190077,5,1477,1258
81058351744,81058351751,7,3888,1218
81061195463,81061195468,5,1950,1583
81063957334,81063957339,5,1563,1305
81067679924,81067679927,3,2114,1504
81070207595,81070207599,4,1873,1433
81076551989,81076551988,-1,7111,22408
81081160390,81081160398,8,1979,951
81084687053,81084687057,4,1890,1673
81084919126,81084919122,-4,1048,1780
81089570901,81089570906,5,1922,1367
81090624775,81090624777,2,2122,1850
81094437410,81094437411,1,1622,1473
81098632458,81098632455,-3,1078,1925
81106433416,81106433421,5,2167,1213
81107228936,81107228939,3,1475,818
81108134403,81108134407,4,1286,1057
81110432555,81110432559,4,1850,1201
81113949570,81113949574,4,1797,1564
81115006518,81115006522,4,1842,1111
81116061681,81116061687,6,2018,980
81117161207,81117161205,-2,4007,6546
81119539597,81119539599,2,2455,1294
81121305570,81121305574,4,2149,1304
81121764319,81121764322,3,2135,1397
81122909238,81122909242,4,1713,1209
81123144344,81123144349,5,1704,1759
81123916818,81123916820,2,1371,1259
81127580101,81127580105,4,2143,1172
81131426847,81131426851,4,1718,1434
81133057084,81133057088,4,2804,1478
81133204682,81133204663,-19,1177,943
81139357195,81139357198,3,1760,1559
81143034442,81143034446,4,1742,1271
81143556433,81143556435,2,1807,1391
81143605819,81143605822,3,1762,1191
81143722030,81143722034,4,2186,1036
81148183069,81148183071,2,1642,1112
81151344538,81151344538,0,1974,879
81152242470,81152242477,7,1907,1460
81153243684,81153243687,3,1688,1262
81153930281,81153930286,5,2402,1339
81155298668,81155298671,3,1468,610
81156406890,81156406897,7,3011,1109
81156441779,81156441784,5,1718,1141
81156756701,81156756705,4,1934,1406
81163502256,81163502258,2,1517,1414
81164616926,81164616930,4,2050,933
81165934193,81165934198,5,2345,1501
81168119863,81168119867,4,1575,1137
81172281839,81172281843,4,1010,1313
81174449525,81174449529,4,2111,973
81175172002,81175172001,-1,29977,23350
81176019386,81176019392,6,2731,1287
81176633823,81176633819,-4,1226,3803
81183932131,81183932134,3,2139,1438
81188235653,81188235657,4,1794,1567
81189963754,81189963758,4,2380,1510
81190751259,81190751263,4,1371,966
81194604885,81194604889,4,2141,1017
81194773776,81194773783,7,1641,827
81195596558,81195596562,4,1640,1420
81200863653,81200863656,3,4227,2903
81201845793,81201845799,6,1871,1388
81203123319,81203123323,4,1693,1712
81204746954,81204746951,-3,961,951
81209913192,81209913194,2,1903,1299
81214954730,81214954731,1,1464,998
81216473266,81216473270,4,2025,1354
81219651080,81219651084,4,2014,1345
81221593782,81221593787,5,1998,1452
81223813607,81223813615,8,10810,20922
81226147825,81226147829,4,1982,1074
81227294231,81227294234,3,1868,1299
81229416221,81229416225,4,2471,1997
81233424731,81233424734,3,2231,1570
81235174111,81235174113,2,2498,1719
81235411715,81235411735,20,1403,1779
81237757866,81237757869,3,2766,1768
81237868292,81237868299,7,1008,926
81239405296,81239405290,-6,3101,9763
81240065969,81240065971,2,1428,1444
81242515877,81242515882,5,1525,1519
81244036321,81244036344,23,2281,1100
81247451898,81247451898,0,1431,1763
81247647890,81247647895,5,1696,1573
81248542962,81248542966,4,1797,1119
81250147254,81250147261,7,1558,1284
81252603678,81252603682,4,2902,1724
81252716585,81252716589,4,2191,1265
81256702254,81256702255,1,1739,1763
81257227808,81257227815,7,5009,1806
81259805917,81259805922,5,2112,1337
81259947650,81259947654,4,1668,1348
81263172690,81263172693,3,1810,1284
81263373424,81263373408,-16,1805,1007
81265428533,81265428535,2,1473,1667
81276255295,81276255301,6,1841,1651
81277187793,81277187795,2,1592,1420
81278687322,81278687326,4,2768,1668
81279182081,81279182086,5,1251,866
81279423848,81279423851,3,2413,1193
81282036381,81282036386,5,2041,1014
81287937315,81287937319,4,3689,3316
81290766395,81290766398,3,1734,1324
81291251917,81291251921,4,2265,1248
81296753709,81296753714,5,2163,1522
81304871262,81304871265,3,1955,1454
81308703887,81308703890,3,2118,2082
81309204085,81309204089,4,2292,1351
81309402226,81309402208,-18,2004,1231
81310773954,81310773959,5,1313,1179
81311613815,81311613818,3,2481,1215
81312522853,81312522858,5,1840,1143
81316823097,81316823101,4,1684,1197
81318080633,81318080635,2,1530,1058
81323763463,81323763467,4,1868,1359
81325319855,81325319858,3,1972,1693
81326651502,81326651507,5,2006,1466
81328842415,81328842421,6,2775,1252
81330146071,81330146075,4,2111,1297
81331677444,81331677450,6,2649,1895
81334943912,81334943918,6,2220,1585
81338229658,81338229662,4,1504,1613
81338651693,81338651695,2,2590,1484
81343203189,81343203194,5,1415,1043
81344059203,81344059207,4,1708,845
81348078923,81348078916,-7,837,3055
81352708323,81352708327,4,862,921
81355077544,81355077549,5,2325,865
81362742740,81362742742,2,2229,1376
81364657353,81364657356,3,2441,1298
81366840712,81366840717,5,1926,1468
81370316353,81370316357,4,2221,1327
81370435947,81370435958,11,13056,34611
81370758817,81370758818,1,893,1355
81371256357,81371256360,3,2421,1339
81372827294,81372827299,5,1508,1195
81373672198,81373672201,3,1884,1207
81374714917,81374714921,4,1732,1130
81374924115,81374924124,9,2001,947
81385245129,81385245134,5,3482,1732
81386815043,81386815045,2,1203,1265
81387708429,81387708430,1,1712,973
81388005071,81388005077,6,2552,1274
81389246648,81389246650,2,1495,1256
81392413100,81392413103,3,1833,1787
81396338138,81396338142,4,2056,1140
81397413386,81397413391,5,2051,1404
81399885842,81399885847,5,1342,804
81401421966,81401421970,4,2111,1133
81405273364,81405273365,1,1821,1554
81405367421,81405367425,4,1302,1358
81407069746,81407069749,3,1680,1335
81407776510,81407776516,6,1058,1147
81409857953,81409857955,2,2231,1424
81410314076,81410314082,6,1938,1269
81422166773,81422166777,4,1920,783
81427957330,81427957333,3,1271,858
81430405137,81430405141,4,1812,1082
81431667844,81431667863,19,1971,3523
81432919210,81432919214,4,1049,1056
81436463798,81436463797,-1,2116,2010
81441389780,81441389782,2,1748,1379
81441477825,81441477829,4,1967,1465
81441626889,81441626893,4,1565,923
81450422002,81450422002,0,2330,1623
81452855918,81452855923,5,1980,1876
81453848339,81453848345,6,2170,1228
81458756930,81458756934,4,1534,1086
81459093443,81459093448,5,2001,1327
81459814009,81459814016,7,2393,1275
81463438707,81463438711,4,1587,1141
81463622446,81463622431,-15,1790,1170
81470067655,81470067658,3,2240,1338
81472190406,81472190409,3,3209,1500
81474504833,81474504835,2,1755,1263
81475568146,81475568125,-21,2196,838
81478108630,81478108631,1,1112,877
81478381318,81478381323,5,1832,1289
81479385750,81479385754,4,2393,1500
81481542361,81481542365,4,2063,1420
81484616981,81484616986,5,2256,1703
81485122189,81485122195,6,1467,939
81489627291,81489627294,3,2225,1391
81490895466,81490895473,7,1975,722
81491979249,81491979254,5,4351,1649
81492477803,81492477807,4,1983,1013
81495014646,81495014652,6,2039,1631
81495564459,81495564463,4,1988,1094
81496726797,81496726796,-1,1049,1547
81500325270,81500325274,4,1916,1440
81501485121,81501485125,4,1079,1082
81503824829,81503824834,5,2032,1383
81506317313,81506317316,3,2284,1308
81506491837,81506491822,-15,1943,1110
81510074302,81510074306,4,1688,1175
81514032313,81514032314,1,14566,19038
81517003007,81517003011,4,1841,1288
81517136176,81517136181,5,2424,1360
81523428715,81523428721,6,2541,1709
81527830535,81527830539,4,2103,1157
81529038814,81529038818,4,1651,896
81534083910,81534083914,4,2407,1452
81534325774,81534325760,-14,1091,749
81535890700,81535890694,-6,26704,15826
81539085822,81539085807,-15,882,655
81540070126,81540070131,5,1785,1048
81542945048,81542945050,2,1358,948
81543522521,81543522523,2,1920,1439
81555326339,81555326343,4,1892,1304
81555615702,81555615709,7,2028,1005
81557658409,81557658414,5,2913,1713
81562297641,81562297643,2,1335,986
81568877749,81568877753,4,1304,907
81570437242,81570437247,5,2001,1358
81571668650,81571668656,6,1981,1412
81572821083,81572821088,5,2114,1760
81578301153,81578301156,3,1901,1371
81582167831,81582167838,7,2905,1418
81584186398,81584186401,3,1589,914
81585166105,81585166110,5,1987,1450
81586907154,81586907158,4,2209,1865
81587057667,81587057670,3,1920,1304
81588030069,81588030072,3,1822,1414
81590766913,81590766931,18,363,982
81593702474,81593702479,5,1316,959
81596009279,81596009285,6,1908,1019
81597789362,81597789365,3,2015,896
81600762547,81600762553,6,1269,894
81600830938,81600830942,4,2276,1169
81603414811,81603414817,6,2366,1463
81604421792,81604421794,2,1863,1243
81605750356,81605750362,6,3391,1199
81607269746,81607269750,4,2086,1007
81608520778,81608520783,5,1859,870
81612276233,81612276237,4,1619,1306
81612512406,81612512423,17,1755,1041
81612866915,81612866925,10,1806,1125
81613619234,81613619239,5,2960,1453
81616962792,81616962794,2,1137,994
81618855089,81618855094,5,2640,1279
81619952894,81619952897,3,2114,1493
81620480916,81620480919,3,1946,1411
81623280030,81623280035,5,930,881
81624556137,81624556142,5,1677,1267
81626369823,81626369827,4,1855,1213
81627804307,81627804312,5,1825,1466
81631899490,81631899495,5,1536,1177
81643774177,81643774177,0,26723,39497
81644485890,81644485894,4,2243,1018
81644528331,81644528350,19,2102,1360
81647491321,81647491322,1,2116,1405
81650221078,81650221081,3,1538,1515
81652393902,81652393906,4,1877,1316
81657412200,81657412205,5,2505,1602
81657887931,81657887934,3,1556,1036
81661458318,81661458322,4,1679,1360
81663396748,81663396750,2,1979,1543
81667105734,81667105735,1,1494,1436
81667954981,81667954985,4,1293,1062
81669157535,81669157539,4,2075,1279
81670899329,81670899333,4,1237,975
81673536779,81673536782,3,1179,1284
81676172786,81676172790,4,2433,997
81676394370,81676394381,11,1942,1282
81676540710,81676540714,4,1804,1422
81678258990,81678258995,5,3018,1527
81680412748,81680412751,3,1993,759
81682606010,81682606015,5,1848,1468
81686908357,81686908361,4,1793,912
81688226214,81688226219,5,2524,1589
81688270955,81688270958,3,1846,1034
81688480903,81688480906,3,1654,1646
81688679369,81688679373,4,2457,1764
81689953761,81689953765,4,2320,1677
81690923159,81690923165,6,1871,1404
81696919411,81696919414,3,1599,1377
81698978802,81698978806,4,2110,1443
81700996814,81700996819,5,1536,1290
81708513432,81708513437,5,1892,1394
81709113866,81709113844,-22,1247,859
81710439994,81710439998,4,1577,1183
81717695831,81717695834,3,1507,1458
81717982110,81717982114,4,1481,1657
81722575629,81722575631,2,951,1014
81722841587,81722841598,11,2204,1348
81724003545,81724003551,6,1943,1274
81727043164,81727043165,1,1104,1804
81729219860,81729219862,2,2069,1472
81734355490,81734355494,4,1825,1359
81734719181,81734719183,2,1810,1213
81735005458,81735005459,1,1947,3542
81736676063,81736676068,5,2858,1794
81740380000,81740380003,3,2295,1420
81745129481,81745129488,7,2159,1310
81749205538,81749205546,8,3245,1441
81751300838,81751300843,5,2911,1780
81755192582,81755192585,3,2037,1782
81757334254,81757334259,5,1325,1027
81759461103,81759461106,3,1761,960
81759612122,81759612126,4,1647,1548
81762665321,81762665326,5,2652,1120
81764484706,81764484709,3,1853,1412
81772417604,81772417607,3,988,1098
81773346672,81773346677,5,1759,1889
81775681598,81775681603,5,2636,1165
81781424367,81781424364,-3,1437,4483
81786725561,81786725558,-3,1186,2880
81790291059,81790291062,3,1586,1496
81797721508,81797721511,3,1408,1193
81799891830,81799891835,5,2365,1594
81801006036,81801006039,3,1773,1379
81803799011,81803799015,4,1461,841
81803883059,81803883038,-21,2790,1661
81808812653,81808812657,4,1693,1297
81812888478,81812888483,5,1453,1325
81815091638,81815091643,5,2559,1147
81815960638,81815960639,1,1962,1384
81816423910,81816423917,7,1791,1030
81816835030,81816835035,5,2301,1815
81819255649,81819255654,5,1529,1335
81823514956,81823514962,6,1858,1584
81826635293,81826635298,5,2214,1705
81826906554,81826906554,0,1706,1316
81833846886,81833846891,5,2493,2018
81844014927,81844014928,1,1104,1463
81844602338,81844602343,5,1296,504
81846696891,81846696895,4,2692,1569
81847511071,81847511075,4,1947,1234
81852766855,81852766859,4,2197,1705
81853362177,81853362180,3,1859,1115
81854418562,81854418566,4,1703,1201
81859030096,81859030102,6,2226,1505
81860119673,81860119679,6,1851,991
81860392961,81860392967,6,2475,1849
81863740422,81863740426,4,1842,1440
81864757901,81864757906,5,2764,777
81865485505,81865485509,4,593,299
81867059679,81867059678,-1,1763,1801
81869257028,81869257033,5,2296,1347
81872299570,81872299575,5,2294,1466
81878403180,81878403183,3,2782,1819
81878538268,81878538273,5,1389,1031
81878903198,81878903202,4,2148,1073
81879294546,81879294564,18,1846,1136
81882494625,81882494630,5,1559,1480
81883104036,81883104042,6,1389,773
81884517740,81884517744,4,2212,1847
81890048442,81890048445,3,1820,1043
81892548063,81892548067,4,1709,1068
81892621168,81892621190,22,1425,1188
81895753227,81895753233,6,1893,1177
81896687802,81896687806,4,2753,1291
81898558182,81898558186,4,1833,1368
81900422894,81900422900,6,1836,1047
81900585083,81900585068,-15,766,390
81901935869,81901935891,22,188,1339
81903716501,81903716503,2,1346,1630
81903827578,81903827582,4,2191,1607
81905196363,81905196340,-23,1638,1627
81906952023,81906952027,4,2253,1429
81907625245,81907625250,5,1608,784
81910800366,81910800372,6,2370,1369
81911141506,81911141485,-21,598,579
81914631142,81914631141,-1,1020,1525
81916576321,81916576324,3,1756,1542
81918875087,81918875092,5,1922,1339
81922265532,81922265536,4,1567,1717
81924047674,81924047678,4,1662,1243
81925454026,81925454030,4,2015,1559
81931127288,81931127291,3,1493,1380
81932347671,81932347677,6,1342,688
81933169089,81933169085,-4,2415,5241
81934404255,81934404259,4,2604,1456
81934719088,81934719094,6,1520,1085
81937738553,81937738557,4,2819,1344
81940051195,81940051201,6,3043,1373
81940442656,81940442657,1,1563,1735
81942678042,81942678048,6,1240,1265
81943899282,81943899286,4,1492,880
81944893210,81944893214,4,1825,910
81952727129,81952727135,6,2330,1075
81953061753,81953061748,-5,1198,3094
81959456986,81959456991,5,1845,1303
81965007806,81965007802,-4,1088,4099
81965557745,81965557747,2,1522,1106
81965867903,81965867907,4,3026,1967
81974471901,81974471905,4,1306,1028
81975395042,81975395046,4,2121,1619
81976069329,81976069336,7,1833,1380
81978457563,81978457566,3,1590,1765
81987349192,81987349195,3,1601,1364
81991237231,81991237235,4,1434,778
81991595497,81991595479,-18,3215,1347
81993854722,81993854726,4,1593,1462
81994725805,81994725810,5,1110,1292
81997648438,81997648443,5,2085,1364
81999265630,81999265634,4,1623,1414
81999481606,81999481612,6,5777,2344
81999790571,81999790575,4,1640,1216
82000721375,82000721379,4,914,1193
82002257908,82002257913,5,2329,1632
82002474249,82002474251,2,2694,1536
82002543428,82002543432,4,1891,1352
82005574502,82005574509,7,2362,1158
82009781168,82009781173,5,1953,1656
82016095873,82016095874,1,1210,968
82017225805,82017225810,5,47234,27425
82020022801,82020022804,3,1536,1491
82021013933,82021013939,6,1448,1273
82023470492,82023470497,5,1669,1132
82024368398,82024368402,4,1924,1137
82025726946,82025726950,4,1632,1147
82028118211,82028118190,-21,882,435
82029852649,82029852652,3,4021,2881
82035470314,82035470318,4,2011,1286
82037747897,82037747899,2,2036,1310
82038127826,82038127830,4,1127,1022
82040861967,82040861980,13,632,56
82043115405,82043115407,2,1749,1075
82045347766,82045347766,0,781,1397
82049110162,82049110161,-1,1179,1615
82050028933,82050028940,7,3370,1177
82053383888,82053383894,6,2361,1411
82053509442,82053509449,7,3592,1183
82054410567,82054410570,3,1727,1379
82054845369,82054845371,2,1955,1347
82060185658,82060185664,6,2885,1103
82060885557,82060885572,15,1604,790
82062749341,82062749346,5,2010,1205
82064973997,82064974002,5,3299,1847
82068505011,82068505017,6,1517,1700
82070322797,82070322790,-7,1938,8482
82071050878,82071050882,4,2526,1336
82073730467,82073730471,4,2362,1788
82074242433,82074242439,6,1852,986
82076161273,82076161279,6,1828,1432
82077188069,82077188074,5,2003,1148
82082538008,82082538012,4,3066,1065
82084372633,82084372636,3,1558,1480
82085873226,82085873229,3,2328,1389
82088252677,82088252680,3,1334,1127
82097241534,82097241539,5,1711,1480
82098542345,82098542348,3,1996,1319
82100025729,82100025734,5,2714,1374
82102126084,82102126102,18,1158,3860
82102737510,82102737514,4,1566,1067
82102913458,82102913463,5,2312,1309
82103032117,82103032119,2,1794,1613
82104075477,82104075478,1,2558,2657
82105213694,82105213698,4,2067,1627
82105664928,82105664932,4,2606,1376
82105805373,82105805358,-15,563,350
82106729620,82106729615,-5,796,598
82108276911,82108276915,4,1885,1410
82108399129,82108399143,14,2790,1714
82111437452,82111437455,3,1986,1400
82111495076,82111495080,4,2456,1203
82114084812,82114084818,6,2206,1575
82115591591,82115591596,5,1961,1419
82120503031,82120503034,3,2866,1699
82127430697,82127430702,5,1709,1286
82130237262,82130237266,4,2271,1441
82130469494,82130469498,4,2396,1578
82130949393,82130949398,5,2699,1723
82132889853,82132889857,4,2249,1537
82133036535,82133036520,-15,2150,1544
82137657234,82137657237,3,1914,959
82145738878,82145738883,5,1971,1208
82153447473,82153447477,4,1962,1267
82155332019,82155332025,6,2212,1162
82158747458,82158747463,5,1364,1336
82159169942,82159169945,3,2772,1552
82159421908,82159421910,2,1827,1244
82160658867,82160658869,2,2345,1263
82164339055,82164339059,4,2324,1060
82166248641,82166248643,2,1759,1589
82175177332,82175177335,3,1165,886
82175380195,82175380199,4,2810,1824
82175909632,82175909635,3,1357,849
82180600490,82180600488,-2,1400,2091
82184029573,82184029577,4,2302,990
82186147952,82186147957,5,2800,1339
82191160964,82191160967,3,1930,772
82194080840,82194080842,2,1149,1034
82194372662,82194372679,17,1602,1222
82195538835,82195538839,4,2768,1535
82196718571,82196718576,5,2701,1056
82196813179,82196813160,-19,2885,1676
82200080505,82200080511,6,2383,1285
82201541042,82201541046,4,1933,1106
82202964455,82202964459,4,1241,863
82203399325,82203399330,5,2060,1418
82204359434,82204359438,4,1615,1327
82206677947,82206677951,4,1596,852
82209770669,82209770672,3,1611,1482
82215693947,82215693951,4,1267,1081
82216830793,82216830798,5,2046,1322
82219666430,82219666434,4,2292,1532
82223301050,82223301055,5,1855,1042
82225015252,82225015255,3,2117,1380
82226313570,82226313583,13,1867,1331
82226724598,82226724581,-17,1221,948
82227124463,82227124466,3,1781,1380
82227164478,82227164481,3,1998,1249
82227356782,82227356786,4,2087,1526
82229705366,82229705370,4,2443,1324
82235749529,82235749533,4,2346,1465
82244195426,82244195432,6,2322,1374
82249269328,82249269333,5,1754,1367
82249918593,82249918595,2,1828,1509
82251514305,82251514309,4,1901,1195
82254537682,82254537686,4,1961,1587
82262609135,82262609129,-6,1132,2148
82262663301,82262663305,4,2010,1346
82262937554,82262937556,2,2197,2280
82267751260,82267751264,4,2296,1504
82269461504,82269461505,1,1557,1010
82270038478,82270038483,5,2801,1806
82273028312,82273028314,2,1195,842
82275462779,82275462782,3,1375,1223
82277731598,82277731602,4,2015,1167
82278655620,82278655625,5,2690,1717
82281419710,82281419715,5,1398,1020
82287217710,82287217714,4,1845,1502
82287897274,82287897282,8,2075,1272
82295698159,82295698162,3,1277,1183
82296817230,82296817234,4,2737,1587
82297229885,82297229888,3,1402,1324
82303377514,82303377518,4,1708,1349
82308254478,82308254482,4,2120,1260
82309867895,82309867898,3,1243,1231
82310247994,82310248001,7,1398,882
82311537772,82311537776,4,2555,1860
82311710042,82311710047,5,1931,781
82313032966,82313032970,4,1998,1549
82313338965,82313338969,4,1940,1794
82314671768,82314671771,3,2288,1387
82319692275,82319692279,4,1292,948
82323739681,82323739683,2,2456,1306
82324232113,82324232117,4,1534,1964
82326952206,82326952209,3,1833,1712
82327463154,82327463157,3,2348,994
82331636853,82331636858,5,2745,1490
82332257356,82332257375,19,1678,1614
82332472780,82332472782,2,1640,1274
82332884686,82332884689,3,2075,1735
82334818300,82334818306,6,4455,1923
82335067464,82335067445,-19,1531,1328
82335407959,82335407962,3,1301,861
82336140931,82336140941,10,1519,1185
82336345797,82336345801,4,2426,1237
82339590614,82339590617,3,2658,1438
82339672282,82339672286,4,1415,983
82342000120,82342000123,3,1587,1232
82342449065,82342449066,1,1519,1000
82344843250,82344843234,-16,1774,1115
82346330122,82346330126,4,1683,1549
82346663161,82346663175,14,1606,1014
82346990366,82346990364,-2,914,374
82348985871,82348985874,3,1625,1452
82349990966,82349990971,5,2458,1750
82350848239,82350848242,3,1655,1179
82352060661,82352060664,3,2142,1537
82353070578,82353070558,-20,2637,1693
82353497867,82353497862,-5,846,2213
82357154100,82357154103,3,2221,1724
82358223111,82358223115,4,1076,960
82358904782,82358904786,4,2329,1452
82363227396,82363227402,6,1992,1270
82365361182,82365361186,4,1072,1214
82367993366,82367993370,4,2652,1771
82368335690,82368335694,4,1820,1416
82369576903,82369576906,3,1783,1273
82375481526,82375481529,3,2585,1784
82380921169,82380921172,3,1672,1268
82384270850,82384270851,1,890,1183
82384646865,82384646873,8,2213,956
82386539994,82386540002,8,10701,43736
82394425079,82394425085,6,2053,1214
82397768541,82397768547,6,5272,2383
82403691765,82403691771,6,3140,1400
82406004603,82406004609,6,3299,1725
82406793411,82406793414,3,1975,1239
82408250758,82408250763,5,1801,1614
82408564998,82408565002,4,2998,1803
82413839877,82413839881,4,2142,1107
82414619911,82414619915,4,2036,1381
82415543318,82415543322,4,2904,1337
82415651222,82415651221,-1,1907,4174
82417123514,82417123517,3,1513,1239
82419260170,82419260159,-11,4515,13802
82419980631,82419980635,4,2360,1524
82423082079,82423082082,3,1299,814
82427446347,82427446350,3,2433,996
82430016866,82430016872,6,2200,974
82432253003,82432253008,5,2301,1507
82433723038,82433723042,4,1977,1039
82433975342,82433975348,6,1970,1306
82434083910,82434083907,-3,27473,7739
82435626792,82435626796,4,2894,1541
82435773849,82435773851,2,1707,1205
82444606646,82444606651,5,1726,797
82444866536,82444866520,-16,1221,770
82446574915,82446574909,-6,989,4308
82448255710,82448255715,5,2358,1288
82448952483,82448952489,6,1895,1696
82451010711,82451010714,3,1578,1386
82452856154,82452856161,7,2598,1222
82453186272,82453186277,5,2206,2007
82455134213,82455134218,5,1719,1206
82455238396,82455238398,2,1780,1316
82455306214,82455306197,-17,850,443
82456409444,82456409448,4,2730,1432
82456718494,82456718474,-20,1245,740
82457205405,82457205410,5,1621,1068
82461817376,82461817378,2,1769,1320
82465471764,82465471767,3,1794,1060
82466010239,82466010245,6,1765,1273
82466728855,82466728858,3,2158,1555
82467195123,82467195126,3,1449,1704
82469175310,82469175314,4,1651,1110
82470633474,82470633478,4,1900,1072
82475015274,82475015278,4,1146,1183
82477139938,82477139942,4,1644,1236
82477624110,82477624114,4,960,643
82480455603,82480455607,4,1476,1333
82482317875,82482317870,-5,1026,2318
82486214919,82486214923,4,2379,1479
82489155134,82489155145,11,11846,36606
82489259038,82489259042,4,2436,1268
82489423175,82489423174,-1,981,312
82490546705,82490546710,5,1610,1484
82491563095,82491563100,5,2034,1199
82496090021,82496090026,5,2410,1116
82499162149,82499162154,5,1963,1203
82502916091,82502916094,3,1894,1246
82508370834,82508370839,5,1440,1334
82509069670,82509069674,4,2758,1277
82509122072,82509122076,4,2028,1291
82513371574,82513371571,-3,966,1673
82516506795,82516506794,-1,8715,14570
82517215774,82517215778,4,1634,1657
82518603758,82518603767,9,2165,1035
82523661957,82523661963,6,1504,1720
82525587767,82525587772,5,1698,985
82529396445,82529396448,3,4673,3161
82530439730,82530439735,5,2180,1420
82534923513,82534923515,2,1879,1099
82535328631,82535328634,3,2054,1986
82539346298,82539346303,5,1764,1459
82540620435,82540620439,4,2019,1203
82542543328,82542543331,3,2029,1289
82546558734,82546558739,5,1628,1259
82547079860,82547079865,5,3556,1991
82552418166,82552418170,4,2019,1065
82553763562,82553763567,5,1106,789
82555481250,82555481255,5,2166,1501
82557441964,82557441967,3,1092,934
82560374526,82560374530,4,2606,2300
82561155387,82561155392,5,2135,1369
82561362147,82561362153,6,3102,1455
82561499113,82561499118,5,1725,1300
82564449333,82564449344,11,14416,8058
82564859633,82564859636,3,1827,1352
82565696041,82565696046,5,1867,1163
82568253907,82568253911,4,2555,1501
82568318421,82568318425,4,2749,1129
82572355706,82572355710,4,2863,1459
82575829481,82575829484,3,1647,1392
82580897518,82580897522,4,1746,1242
82582006933,82582006935,2,1536,1075
82585499236,82585499241,5,1926,1714
82587913354,82587913359,5,1685,1187
82591181574,82591181578,4,2968,1321
82596673190,82596673194,4,1374,947
82599626614,82599626618,4,1772,1456
82601926346,82601926350,4,1789,1568
82602254039,82602254042,3,1908,1482
82606065118,82606065123,5,2112,1165
82606618915,82606618918,3,1711,1092
82608140711,82608140716,5,2149,1436
82608377250,82608377253,3,5264,4519
82609235297,82609235303,6,2348,1409
82609371380,82609371385,5,3115,1410
82611943121,82611943125,4,1422,761
82612357959,82612357965,6,945,906
82612473756,82612473758,2,1432,1617
82612615885,82612615881,-4,1177,2832
82617594558,82617594561,3,1607,957
82621123211,82621123215,4,2439,1634
82623398970,82623398973,3,4153,1844
82625102867,82625102871,4,1232,1219
82631957277,82631957279,2,26870,19845
82632908641,82632908645,4,1624,1184
82635141497,82635141502,5,1473,842
82636575914,82636575918,4,1619,1308
82639917655,82639917662,7,2427,1512
82647937106,82647937109,3,1163,1242
82649183710,82649183714,4,1727,1227
82649315932,82649315937,5,2814,1928
82649504470,82649504474,4,1799,1646
82650295755,82650295759,4,2265,1633
82654434833,82654434839,6,1566,1102
82661133321,82661133326,5,2457,1443
82661329013,82661329014,1,2145,1299
82665990447,82665990451,4,1857,1186
82671862097,82671862102,5,2266,1364
82673858528,82673858530,2,1890,1835
82675032630,82675032635,5,1003,1240
82677692610,82677692614,4,2219,1237
82678517400,82678517405,5,1901,1208
82680567233,82680567239,6,1310,654
82682994821,82682994826,5,3148,1259
82683473793,82683473797,4,2268,1368
82684177037,82684177042,5,2196,1449
82686477833,82686477834,1,48788,24148
82690965063,82690965067,4,2547,1436
82691552908,82691552913,5,2673,1353
82691622681,82691622702,21,1727,1124
82695400304,82695400308,4,2059,1032
82696576473,82696576478,5,2229,1318
82706574293,82706574297,4,2333,1558
82706841182,82706841187,5,2234,1324
82709226037,82709226043,6,2025,1040
82711011554,82711011559,5,1453,1208
82714514774,82714514776,2,1859,1536
82715657661,82715657664,3,1955,1074
82716563073,82716563077,4,1545,1498
82716914449,82716914460,11,1861,1649
82718808225,82718808231,6,2085,1111
82721985443,82721985447,4,1669,1096
82722050648,82722050653,5,1939,1120
82722128154,82722128155,1,2308,2824
82724945215,82724945220,5,1866,1105
82725829975,82725829981,6,1388,1218
82727227756,82727227760,4,1341,1143
82728235550,82728235554,4,1730,1146
82728951850,82728951857,7,1954,993
82732034362,82732034367,5,2335,971
82733760902,82733760907,5,1709,1506
82736886181,82736886186,5,2210,1723
82736927886,82736927870,-16,2545,1431
82737380090,82737380094,4,2267,1367
82739436626,82739436607,-19,1787,1235
82743680119,82743680122,3,1273,1139
82743861867,82743861873,6,1950,1351
82747605885,82747605891,6,2067,1193
82754892858,82754892862,4,1875,1296
82766980341,82766980343,2,2315,1424
82767618799,82767618803,4,820,771
82768120757,82768120763,6,1343,1443
82770188480,82770188485,5,1254,763
82775136683,82775136689,6,2135,1211
82776222016,82776222016,0,1665,1909
82783837571,82783837577,6,1976,1395
82785338403,82785338408,5,1922,1321
82785418608,82785418612,4,1706,1728
82786764885,82786764892,7,7223,1876
82788890834,82788890836,2,1232,1686
82804017674,82804017678,4,2061,971
82807302898,82807302903,5,1327,1141
82808049252,82808049255,3,1700,907
82811155094,82811155113,19,914,3709
82813692153,82813692155,2,2163,1348
82815174073,82815174079,6,1307,938
82816916293,82816916298,5,3035,1554
82817486194,82817486198,4,1203,799
82820350785,82820350790,5,1617,1018
82823416186,82823416191,5,2765,1842
82824711836,82824711837,1,1612,1411
82824817758,82824817761,3,1425,1607
82825338534,82825338536,2,2282,1291
82825984554,82825984558,4,1780,1282
82837051399,82837051409,10,999,869
82842432672,82842432676,4,2600,1053
82844466762,82844466767,5,1581,944
82850168659,82850168662,3,2455,1671
82854681090,82854681096,6,2143,1667
82856576562,82856576559,-3,1495,3590
82857451829,82857451833,4,1584,1102
82857643570,82857643574,4,1868,967
82858180352,82858180354,2,1532,1301
82859260672,82859260667,-5,1805,5349
82859519903,82859519907,4,2767,1509
82859767565,82859767571,6,2606,1059
82861436754,82861436758,4,1951,1483
82864022695,82864022698,3,1793,1282
82865896386,82865896389,3,1888,1313
82869089085,82869089088,3,1664,1121
82869873850,82869873855,5,2005,1246
82869929981,82869929988,7,1491,1361
82870852279,82870852282,3,2252,1548
82871011634,82871011639,5,2254,1285
82872287050,82872287051,1,1420,1282
82876295057,82876295061,4,2180,1433
82879492229,82879492230,1,1126,897
82881487542,82881487548,6,2463,1738
82883047603,82883047607,4,1934,1337
82884278634,82884278638,4,1634,998
82884582431,82884582435,4,2086,1217
82885311940,82885311956,16,1859,1379
82885547666,82885547671,5,1758,1410
82887155251,82887155255,4,1949,1683
82889770237,82889770237,0,1873,1400
82892657898,82892657902,4,2382,1057
82894413753,82894413758,5,1879,1524
82896303638,82896303642,4,2195,1445
82897922379,82897922383,4,2487,1557
82899072379,82899072384,5,1912,1272
82911495874,82911495877,3,1553,1221
82917081901,82917081905,4,2716,1424
82918807641,82918807645,4,2003,1054
82918921916,82918921919,3,1614,1176
82921073282,82921073285,3,1597,1519
82921251336,82921251341,5,4433,2658
82924841599,82924841600,1,1355,2331
82925246333,82925246338,5,2244,1563
82927911378,82927911376,-2,1483,3045
82928833966,82928833969,3,2141,1539
82928955850,82928955853,3,1563,1710
82932987023,82932987029,6,2698,1469
82933068517,82933068516,-1,1363,2311
82933666204,82933666210,6,1878,1538
82934783444,82934783445,1,1066,985
82936517814,82936517817,3,1803,1248
82938897129,82938897132,3,2321,1775
82939796991,82939796986,-5,809,3274
82940774339,82940774334,-5,1269,3904
82944522668,82944522672,4,1874,1747
82944947901,82944947904,3,1562,1175
82946111943,82946111946,3,1411,1253
82947701557,82947701565,8,5231,1569
82948358478,82948358481,3,1697,1436
82949316073,82949316078,5,1912,1427
82949635078,82949635064,-14,2346,1372
82949856685,82949856690,5,2710,1598
82950362993,82950362997,4,3047,1609
82954199061,82954199063,2,1718,1141
82957009312,82957009317,5,1596,1229
82957463096,82957463101,5,1148,1050
82961670718,82961670722,4,1327,1516
82964282783,82964282787,4,2047,1108
82964674506,82964674510,4,1619,1193
82976210793,82976210798,5,1686,1021
82980150713,82980150715,2,1792,1427
82981549175,82981549178,3,2297,1185
82981603407,82981603390,-17,2131,619
82989911018,82989911022,4,1322,1046
82990680398,82990680402,4,1830,1119
82993574680,82993574686,6,1853,1192
82994942806,82994942810,4,2129,1131
82996420549,82996420553,4,2030,1493
82998297708,82998297712,4,1899,1529
83014649713,83014649722,9,11455,30120
83017377314,83017377318,4,1600,1606
83017696254,83017696252,-2,1077,316
83018400847,83018400847,0,2411,3470
83019415312,83019415304,-8,831,1510
83021659293,83021659297,4,1773,1003
83022382633,83022382636,3,1303,1265
83027249887,83027249892,5,2064,1047
83028412325,83028412330,5,1903,1094
83029282503,83029282509,6,1944,1182
83029906224,83029906227,3,1934,1446
83032242380,83032242383,3,2488,1466
83035540800,83035540802,2,2358,1529
83039326195,83039326198,3,1954,1361
83040118129,83040118131,2,2087,1078
83040898362,83040898366,4,1436,932
83042183548,83042183551,3,2204,1352
83043585453,83043585455,2,1919,1213
83048350776,83048350779,3,1845,1212
83049369005,83049369009,4,1986,1213
83052887942,83052887945,3,1890,1309
83056705980,83056705986,6,1549,1070
83059214362,83059214365,3,1970,1237
83059924070,83059924073,3,1928,1396
83062544378,83062544380,2,1677,1611
83066053225,83066053235,10,1927,1276
83067195905,83067195909,4,2191,1533
83067255462,83067255466,4,2605,1734
83069462493,83069462499,6,3212,1625
83070515001,83070515006,5,2358,1325
83073246138,83073246141,3,956,913
83074183612,83074183615,3,1835,1083
83075055465,83075055471,6,3541,1928
83077662743,83077662747,4,1393,683
83078597189,83078597193,4,1858,1253
83082785936,83082785941,5,1291,667
83088546728,83088546733,5,2327,1588
83090809298,83090809284,-14,568,463
83091752106,83091752108,2,1531,1411
83092921666,83092921669,3,1985,1319
83095301298,83095301302,4,1491,944
83095531553,83095531560,7,2984,1460
83096954454,83096954453,-1,1275,1398
83098655540,83098655547,7,2547,1556
83099349072,83099349075,3,1812,1197
83100137329,83100137335,6,2465,1662
83102159153,83102159175,22,668,168
83102415661,83102415647,-14,1539,1514
83109491879,83109491882,3,1821,1076
83109985550,83109985550,0,1252,1766
83111891069,83111891072,3,1253,1035
83113757622,83113757625,3,2332,1795
83118041925,83118041930,5,2551,1667
83119236237,83119236241,4,2231,1353
83121401185,83121401189,4,1383,1342
83121457713,83121457716,3,1527,1227
83121788802,83121788805,3,2377,1189
83123466149,83123466154,5,1204,1025
83123774557,83123774558,1,21484,17996
83125281340,83125281343,3,1733,1286
83126738574,83126738567,-7,1045,5311
83128487738,83128487758,20,1859,643
83129804010,83129804017,7,2166,1622
83131944657,83131944655,-2,1251,1470
83134898289,83134898294,5,1785,863
83136137377,83136137378,1,1959,1306
83137675694,83137675697,3,1763,867
83138220932,83138220938,6,2522,1184
83138681526,83138681530,4,1486,1528
83141358926,83141358929,3,1801,1188
83141577682,83141577687,5,2133,1359
83143142002,83143142005,3,1777,1270
83143591422,83143591426,4,2032,1475
83145529079,83145529083,4,1917,801
83146152326,83146152330,4,2366,1086
83147499606,83147499611,5,2661,1609
83155308447,83155308452,5,2027,1731
83155867473,83155867475,2,2384,2128
83156581311,83156581318,7,2331,1066
83157708093,83157708092,-1,2947,18314
83158448633,83158448638,5,1901,1287
83162045018,83162045022,4,2031,1298
83164150289,83164150289,0,1511,1814
83166018503,83166018506,3,1829,1600
83174375286,83174375292,6,2418,1507
83175878531,83175878537,6,2108,1455
83178028641,83178028647,6,1878,1342
83182412722,83182412726,4,1764,1252
83184685749,83184685751,2,2277,1903
83184930761,83184930758,-3,814,1262
83190139513,83190139517,4,2088,1486
83196453555,83196453560,5,2284,1328
83197490101,83197490106,5,1899,1095
83201992694,83201992674,-20,1452,1162
83203090093,83203090098,5,1994,907
83208824765,83208824767,2,1902,1775
83209127006,83209127010,4,3014,1732
83214201446,83214201447,1,752,825
83218366151,83218366155,4,1933,1770
83218571579,83218571585,6,2277,1665
83222157258,83222157261,3,1833,1525
83226790874,83226790877,3,1613,1518
83226892755,83226892759,4,2219,1358
83227392502,83227392507,5,2328,1318
83229284236,83229284230,-6,942,2913
83229679235,83229679238,3,1416,1405
83235852234,83235852238,4,2574,1535
83236764988,83236764993,5,2838,1666
83240633421,83240633426,5,1949,1049
83240816417,83240816422,5,1955,1207
83243177691,83243177693,2,2048,1625
83243224521,83243224526,5,1885,1442
83244031472,83244031474,2,2015,1421
83244178845,83244178851,6,1543,895
83244815272,83244815254,-18,1887,1181
83244879863,83244879869,6,20242,41070
83245097419,83245097423,4,2711,1949
83248647418,83248647421,3,2464,1091
83249219641,83249219647,6,2403,1453
83254191635,83254191635,0,848,1208
83255326936,83255326943,7,2778,1485
83262616803,83262616807,4,2222,1219
83263588779,83263588784,5,2500,1312
83263938118,83263938101,-17,2054,1095
83264337256,83264337260,4,1566,1459
83265884041,83265884046,5,2170,1105
83273432196,83273432202,6,1716,795
83280807350,83280807353,3,1758,1609
83281791911,83281791917,6,2028,1112
83282414948,83282414951,3,2155,944
83283018479,83283018482,3,1362,1959
83283282983,83283282983,0,3068,2776
83292206386,83292206392,6,2972,1108
83293419425,83293419429,4,1993,1441
83293632909,83293632913,4,1711,1084
83296361459,83296361462,3,1659,1438
83297540059,83297540079,20,1433,1140
83301131970,83301131974,4,1049,851
83301198882,83301198860,-22,2471,607
83305549281,83305549285,4,1941,1152
83306674874,83306674878,4,2359,1503
83310307058,83310307062,4,1718,1020
83317697934,83317697937,3,3438,1791
83321529450,83321529455,5,1633,770
83324153431,83324153435,4,1532,1411
83324737454,83324737437,-17,1187,469
83325093179,83325093183,4,2119,1094
83328324566,83328324570,4,2085,1557
83328851660,83328851662,2,1616,1272
83329348841,83329348846,5,2121,1145
83331101568,83331101570,2,2282,2156
83332698025,83332698029,4,2354,1151
83333489771,83333489774,3,1923,1444
83334654664,83334654669,5,2664,1926
83337333446,83337333449,3,1213,1461
83342611129,83342611134,5,1319,848
83342867479,83342867482,3,2147,1097
83347265317,83347265320,3,1278,1194
83347658605,83347658607,2,2061,1229
83348569993,83348569995,2,1819,1008
83350750551,83350750554,3,2562,1582
83352712012,83352712017,5,2097,1215
83353017922,83353017942,20,1185,324
83359171225,83359171212,-13,35065,15342
83359260078,83359260079,1,1411,1478
83360958849,83360958845,-4,1736,4647
83362779035,83362779038,3,2468,1789
83366187119,83366187125,6,14232,22143
83367742598,83367742603,5,2165,1876
83371281737,83371281741,4,2343,1664
83371501570,83371501574,4,3029,1898
83371738466,83371738469,3,1920,1023
83372655449,83372655451,2,1304,1644
83374038779,83374038785,6,1558,1119
83374811910,83374811914,4,2127,1382
83379694959,83379694964,5,1935,1367
83381276967,83381276971,4,1972,1441
83383119089,83383119093,4,1770,1315
83385508686,83385508690,4,2673,1552
83385743230,83385743238,8,2045,1482
83390929700,83390929703,3,2850,1776
83390978066,83390978069,3,1681,1103
83391282078,83391282085,7,1489,1320
83395252762,83395252767,5,2155,1246
83396291875,83396291879,4,2034,1583
83397373381,83397373387,6,3044,1151
83397509695,83397509699,4,1624,1190
83398262738,83398262740,2,1928,1161
83398665148,83398665152,4,2303,1750
83401139541,83401139546,5,2116,1580
83401753834,83401753837,3,1906,1174
83402666675,83402666669,-6,668,3268
83404115451,83404115456,5,2697,1459
83407042290,83407042294,4,2121,1183
83409638527,83409638529,2,1142,1178
83410386101,83410386105,4,1826,1926
83410468281,83410468285,4,1926,1003
83414636677,83414636683,6,2135,1828
83416677279,83416677282,3,2359,1425
83417299086,83417299090,4,2132,847
83418623122,83418623128,6,1898,1096
83419599426,83419599431,5,1807,1162
83419975878,83419975880,2,2004,1230
83422113047,83422113042,-5,980,2021
83423730283,83423730287,4,2007,1019
83430737702,83430737706,4,1972,1249
83432239747,83432239738,-9,567,3841
83433075194,83433075197,3,1581,1317
83435102257,83435102262,5,1500,1073
83436277582,83436277587,5,1985,1431
83436853950,83436853957,7,3012,1203
83440293266,83440293270,4,2039,1206
83442973351,83442973354,3,2299,1152
83448033718,83448033723,5,3764,2843
83448258467,83448258472,5,3275,1945
83448522523,83448522529,6,2481,1446
83452157210,83452157214,4,1693,1087
83452293349,83452293356,7,1097,688
83454710256,83454710259,3,2814,1462
83454948383,83454948387,4,2079,1103
83455220189,83455220195,6,1857,1577
83455988309,83455988314,5,2165,1335
83458145074,83458145078,4,2893,1834
83459324883,83459324887,4,1394,1210
83459724874,83459724878,4,2287,1300
83461156289,83461156295,6,1814,1793
83461615953,83461615956,3,1848,1206
83465741362,83465741366,4,1106,919
83467529463,83467529466,3,1618,1378
83468697658,83468697663,5,1961,1404
83470041614,83470041619,5,2226,1182
83470851266,83470851270,4,2227,1164
83471745929,83471745934,5,2454,1053
83477768402,83477768406,4,1430,983
83479684041,83479684035,-6,1031,4670
83479895856,83479895859,3,1624,1290
83486926918,83486926923,5,1195,1172
83487578997,83487579002,5,2264,1525
83488460925,83488460926,1,1745,1177
83488623415,83488623418,3,1892,1116
83492135980,83492135978,-2,1712,2473
83492950281,83492950283,2,1299,1076
83494861729,83494861733,4,1423,1038
83496692247,83496692254,7,6028,1454
83499722334,83499722338,4,1663,1439
83499966038,83499966043,5,1992,1503
83501156802,83501156804,2,1776,1189
83506181087,83506181091,4,1911,1394
83506532761,83506532762,1,932,1052
83509036453,83509036452,-1,1357,1957
83509067419,83509067437,18,1542,1092
83510070019,83510070017,-2,23168,18684
83512817101,83512817098,-3,1150,1628
83513625660,83513625663,3,2012,969
83513654072,83513654053,-19,1394,760
83514539000,83514539005,5,1631,1453
83515905014,83515905009,-5,808,2730
83516491659,83516491664,5,2190,1253
83517862536,83517862550,14,13873,47472
83520433934,83520433938,4,2351,24267
83520915239,83520915242,3,1729,1010
83521523401,83521523406,5,2747,1386
83524120713,83524120717,4,2071,1454
83525206252,83525206250,-2,1281,1177
83529639235,83529639239,4,1729,1196
83529937020,83529937013,-7,1590,7418
83532761616,83532761623,7,2088,1621
83532885630,83532885635,5,2303,1618
83532918991,83532918994,3,1620,1184
83534375954,83534375958,4,1296,1128
83534517166,83534517171,5,1856,1090
83535912796,83535912800,4,2814,1850
83539660773,83539660781,8,3087,1292
83540677434,83540677436,2,2866,1819
83540938779,83540938784,5,1583,1408
83542368714,83542368719,5,2166,1003
83544940710,83544940715,5,2315,1616
83549334044,83549334050,6,2047,825
83550369173,83550369178,5,2555,1461
83551705693,83551705698,5,1276,900
83554239063,83554239067,4,2946,1788
83554551776,83554551779,3,1771,1104
83556044602,83556044606,4,2215,1290
83560200872,83560200875,3,2535,1736
83560595811,83560595814,3,1584,985
83562760639,83562760644,5,1698,1381
83568698254,83568698258,4,2190,1601
83569593109,83569593113,4,1465,1300
83571530920,83571530926,6,2607,1476
83573613337,83573613341,4,2006,1444
83573724381,83573724385,4,2012,1368
83575208290,83575208298,8,1762,1129
83575598196,83575598201,5,2015,1583
83576932611,83576932617,6,1712,1153
83578090335,83578090341,6,2401,1607
83578451383,83578451388,5,2930,1526
83582443054,83582443057,3,2328,1238
83582772715,83582772720,5,2682,1597
83586896659,83586896662,3,942,742
83587180225,83587180227,2,2339,1199
83599677092,83599677097,5,2373,1089
83603524143,83603524137,-6,1443,4543
83607271992,83607271996,4,1860,1552
83609124701,83609124705,4,1810,1152
83610125053,83610125057,4,2398,1457
83611722824,83611722829,5,1737,1127
83612543584,83612543589,5,2061,1204
83612781622,83612781619,-3,880,1610
83615695703,83615695706,3,2414,1426
83617492972,83617492975,3,2155,1062
83618505686,83618505691,5,1875,1044
83618616542,83618616545,3,2463,1324
83618862348,83618862354,6,1789,725
83629110754,83629110757,3,2297,1497
83633249663,83633249667,4,1621,1557
83634528409,83634528414,5,2060,961
83635383566,83635383568,2,1529,1904
83635503442,83635503446,4,1812,1244
83639798809,83639798814,5,3115,1562
83641223180,83641223173,-7,3039,7995
83641382674,83641382678,4,2122,1795
83645013449,83645013451,2,1866,1977
83650123159,83650123164,5,1196,1134
83651123573,83651123579,6,1159,927
83651534537,83651534542,5,1582,972
83652470390,83652470396,6,2763,1475
83654001433,83654001437,4,2175,1641
83654547649,83654547655,6,2696,1799
83656139977,83656139979,2,2113,1410
83661203287,83661203289,2,1695,1571
83662199069,83662199074,5,2041,1259
83662649634,83662649639,5,2102,1371
83662908105,83662908108,3,2646,1461
83663231702,83663231706,4,3000,1296
83665030493,83665030497,4,1507,1275
83665946510,83665946513,3,1460,1467
83667112074,83667112075,1,1454,952
83667658911,83667658915,4,2430,1993
83671607560,83671607567,7,2029,1241
83673470313,83673470317,4,1926,1614
83673908250,83673908254,4,1369,1074
83676830345,83676830349,4,2155,1714
83679233165,83679233170,5,2612,1565
83682566586,83682566590,4,1877,1382
83684855521,83684855520,-1,1409,2491
83685107314,83685107318,4,1724,797
83688934226,83688934232,6,2131,1487
83691333295,83691333291,-4,2261,7351
83696323523,83696323525,2,1577,1342
83699599444,83699599450,6,6063,24669
83701714911,83701714913,2,1448,2379
83702037269,83702037274,5,2088,1792
83705498634,83705498638,4,2241,1576
83706060988,83706060990,2,2241,2171
83706243875,83706243881,6,3413,1425
83708883225,83708883229,4,2906,1674
83709929318,83709929318,0,2162,1617
83711387254,83711387257,3,1095,1313
83714864904,83714864909,5,3448,1753
83721143945,83721143950,5,1660,1321
83721182894,83721182898,4,2241,1170
83722469723,83722469727,4,2419,1798
83722643835,83722643830,-5,1130,3390
83727315098,83727315103,5,1993,1354
83731234427,83731234429,2,1374,1582
83735732125,83735732130,5,2190,1729
83737879898,83737879902,4,1815,1589
83747482143,83747482146,3,2089,971
83748444462,83748444467,5,2076,1001
83749893962,83749893966,4,1049,1135
83755435363,83755435367,4,2319,1423
83755480244,83755480246,2,1957,1350
83756961074,83756961075,1,1554,1489
83759284601,83759284606,5,1892,1019
83761939142,83761939145,3,1065,1491
83763056058,83763056062,4,2335,1854
83763539345,83763539358,13,11549,46737
83764698927,83764698931,4,1905,1227
83765502465,83765502469,4,2349,1393
83768061139,83768061141,2,4074,3008
83771005714,83771005719,5,1819,1463
83771701962,83771701966,4,1703,1281
83772913330,83772913333,3,1343,1097
83776732678,83776732679,1,1464,1208
83781575632,83781575639,7,2067,1345
83781678754,83781678758,4,1538,1374
83786225607,83786225612,5,2455,1504
83788846698,83788846702,4,1593,1605
83798117882,83798117886,4,1424,1309
83799326977,83799326981,4,2646,1741
83799525537,83799525542,5,2255,1267
83799654522,83799654526,4,2075,1275
83801829798,83801829804,6,2201,1123
83803794900,83803794906,6,2369,1575
83804054983,83804054987,4,1512,886
83810329246,83810329251,5,1582,1125
83810622034,83810622036,2,1777,1618
83811000935,83811000931,-4,583,833
83812412437,83812412442,5,2727,1527
83814263422,83814263426,4,1683,892
83814583970,83814583991,21,1970,950
83815767210,83815767215,5,1743,1054
83816857542,83816857542,0,1147,1571
83817825813,83817825816,3,1917,1594
83818817358,83818817363,5,3499,1343
83822406781,83822406786,5,2774,1274
83822821982,83822821986,4,2288,1511
83823102802,83823102806,4,1659,1726
83825287302,83825287306,4,2584,1873
83826734926,83826734930,4,1359,1469
83829061468,83829061473,5,2007,1017
83829954894,83829954898,4,2418,1438
83830856606,83830856609,3,2103,1243
83834716767,83834716773,6,2128,1315
83837222957,83837222963,6,1482,1367
83840897007,83840897011,4,669,1019
83844360390,83844360394,4,1872,1148
83851353589,83851353597,8,5146,2228
83852233613,83852233617,4,2422,1091
83854530745,83854530749,4,1852,965
83855599180,83855599185,5,2110,1172
83856992395,83856992399,4,1354,1271
83859362718,83859362722,4,1655,1428
83859403254,83859403256,2,1007,1682
83860381514,83860381518,4,2686,1772
83861149140,83861149143,3,2064,1378
83862697706,83862697710,4,1446,1427
83863643047,83863643054,7,2479,1211
83863712504,83863712486,-18,2049,1091
83863925454,83863925457,3,1678,1481
83868699999,83868700004,5,1812,1204
83868766409,83868766415,6,1182,958
83870134308,83870134315,7,6097,1360
83872699988,83872699991,3,1942,1311
83875423298,83875423301,3,2203,1645
83876400669,83876400673,4,2521,1403
83876780624,83876780626,2,2261,1352
83877460870,83877460872,2,2370,2820
83877726805,83877726807,2,1998,1647
83878652502,83878652506,4,1992,1567
83879990155,83879990157,2,2319,1621
83885707365,83885707372,7,2241,1264
83887207468,83887207469,1,1287,1199
83888396242,83888396245,3,3085,1906
83888910518,83888910523,5,2118,1761
83889213289,83889213294,5,2123,1467
83891628694,83891628699,5,2606,1682
83891960790,83891960794,4,1789,1054
83895447919,83895447924,5,2252,1151
83895491661,83895491663,2,1152,1005
83897047502,83897047506,4,1815,1286
83897940163,83897940167,4,1987,1404
83899663058,83899663064,6,2384,1638
83901556867,83901556871,4,1243,1301
83904607737,83904607740,3,2002,1419
83911700039,83911700038,-1,2884,3205
83913473386,83913473390,4,2980,1831
83920398456,83920398461,5,2430,1630
83922453252,83922453257,5,2060,1598
83923006112,83923006116,4,2299,1389
83923915533,83923915538,5,1863,1838
83925102021,83925102025,4,1701,1689
83925173061,83925173066,5,1883,1167
83925950363,83925950366,3,1784,1229
83927039402,83927039420,18,1667,1176
83927571573,83927571576,3,1819,1175
83927967647,83927967648,1,5054,6968
83929249579,83929249582,3,2842,1603
83931248670,83931248673,3,2371,1610
83932389646,83932389649,3,1937,1332
83935740637,83935740639,2,1331,997
83938131890,83938131895,5,1325,847
83940557075,83940557078,3,1571,778
83940801417,83940801420,3,1445,1683
83943387725,83943387733,8,3058,1473
83949747051,83949747057,6,2200,1407
83952924907,83952924905,-2,826,1618
83956001530,83956001551,21,413,1637
83961040841,83961040844,3,1989,2312
83963164279,83963164283,4,1596,908
83964405170,83964405149,-21,1013,161
83965144469,83965144475,6,4166,1854
83967711656,83967711662,6,2067,1290
83969107257,83969107261,4,1789,1575
83969334512,83969334515,3,1506,1204
83970330271,83970330277,6,2874,1887
83972654682,83972654688,6,1870,1358
83973558823,83973558829,6,2252,1257
83978788494,83978788504,10,15977,20507
83980543962,83980543969,7,2073,937
83981944427,83981944430,3,1483,1072
83989886357,83989886363,6,3621,1892
83991852961,83991852962,1,1687,1279
83992316792,83992316798,6,2770,1503
83993566063,83993566067,4,1951,2019
83994468766,83994468766,0,1524,1229
83995965163,83995965161,-2,25189,23668
83996922415,83996922419,4,3224,1721
83996974558,83996974567,9,1183,1112
84002297185,84002297189,4,2576,1571
84008652234,84008652239,5,1813,1170
84010363831,84010363834,3,1247,838
84012585221,84012585225,4,2618,1510
84017586473,84017586481,8,2995,949
84018378407,84018378413,6,1994,1831
84019650298,84019650302,4,1611,1090
84020877189,84020877194,5,1962,1183
84021031954,84021031958,4,2590,1458
84021765033,84021765038,5,1970,1286
84025672769,84025672774,5,2565,1399
84027851197,84027851203,6,1167,969
84029012022,84029012028,6,1885,1556
84031637912,84031637914,2,1418,957
84032422627,84032422631,4,1958,1365
84035149655,84035149650,-5,1391,2970
84037279371,84037279375,4,2676,1645
84037420129,84037420134,5,2205,1332
84038706164,84038706168,4,2127,1348
84038842598,84038842603,5,1270,903
84046153529,84046153533,4,2455,1690
84048621785,84048621788,3,1742,975
84051054118,84051054124,6,1542,925
84051144928,84051144933,5,1546,1054
84057280373,84057280375,2,1084,859
84060336670,84060336675,5,2199,1254
84063111990,84063111991,1,1443,1423
84063385421,84063385425,4,1915,1117
84064324051,84064324051,0,1324,871
84065221734,84065221737,3,1346,1325
84065699302,84065699305,3,1597,1647
84066504054,84066504061,7,1481,1039
84067351950,84067351955,5,2056,1745
84069909786,84069909790,4,2119,1323
84073229340,84073229345,5,1119,1179
84074194091,84074194071,-20,1090,271
84076852978,84076852981,3,1898,1212
84077001209,84077001214,5,2053,1016
84077877834,84077877813,-21,1840,1900
84089810095,84089810098,3,2482,1470
84093765115,84093765120,5,1310,873
84094606995,84094606998,3,1321,1121
84096402318,84096402314,-4,1402,3073
84098774408,84098774411,3,2504,1190
84098977653,84098977655,2,1497,881
84109894079,84109894082,3,2369,1382
84116776709,84116776714,5,1542,1102
84122162589,84122162594,5,2354,1248
84123328397,84123328401,4,2818,1282
84125465838,84125465843,5,2392,1745
84126409227,84126409230,3,2122,1610
84130623406,84130623405,-1,1187,1555
84134250783,84134250787,4,1690,1542
84135397160,84135397165,5,1926,1109
84139125580,84139125577,-3,2023,3668
84140354734,84140354738,4,3236,1362
84141051337,84141051339,2,1336,1116
84143879686,84143879692,6,2272,1385
84147765159,84147765165,6,2031,1257
84147900963,84147900966,3,2183,1188
84149261804,84149261811,7,7666,2774
84151564218,84151564223,5,2878,1832
84153052160,84153052164,4,2014,1552
84157776033,84157776037,4,1809,1061
84160688297,84160688302,5,1959,987
84162964972,84162964977,5,1517,1306
84167899718,84167899722,4,2228,1032
84168525717,84168525721,4,2859,1666
84169625862,84169625866,4,2973,1556
84171588653,84171588658,5,1826,1233
84171895015,84171895018,3,2212,1421
84172584274,84172584277,3,1710,1452
84174037318,84174037323,5,3425,1390
84179847582,84179847585,3,1904,1478
84180558479,84180558485,6,1867,1669
84183103338,84183103343,5,2265,1391
84188382779,84188382782,3,1388,1308
84188492598,84188492601,3,1719,1277
84193023766,84193023772,6,1006,488
84198373628,84198373633,5,2129,1597
84200628329,84200628334,5,2127,1418
84203857725,84203857730,5,2112,1009
84204799913,84204799919,6,1961,1049
84205375716,84205375704,-12,681,383
84206884720,84206884727,7,2472,997
84207283810,84207283815,5,2587,1606
84208446839,84208446845,6,2466,1351
84208480720,84208480724,4,1937,965
84210549411,84210549415,4,2085,1004
84210631071,84210631074,3,1540,1145
84211774835,84211774839,4,2100,1145
84213336477,84213336479,2,2403,1544
84214253718,84214253723,5,1362,1273
84220470306,84220470312,6,2861,1586
84222860382,84222860386,4,2624,1514
84223013769,84223013774,5,1698,1014
84224777148,84224777154,6,2815,1441
84225317365,84225317369,4,1679,1344
84228107774,84228107780,6,2392,1356
84231266177,84231266179,2,1732,780
84232026175,84232026165,-10,33798,15432
84232529742,84232529747,5,1420,1129
84236482847,84236482850,3,1812,1572
84237507930,84237507933,3,1708,1270
84237670342,84237670347,5,2147,1224
84240291672,84240291678,6,1849,1476
84240786092,84240786097,5,3221,1903
84242237410,84242237416,6,2722,1739
84242867014,84242867019,5,48753,48421
84243684713,84243684716,3,2309,1148
84244130662,84244130667,5,1844,1156
84244179515,84244179519,4,2822,1470
84247058964,84247058966,2,1968,1249
84252741243,84252741243,0,1651,2069
84254051309,84254051304,-5,734,2782
84254642522,84254642526,4,1781,1269
84254847281,84254847270,-11,1173,405
84260674597,84260674600,3,1511,1092
84262488814,84262488817,3,1546,986
84266320432,84266320435,3,1831,1077
84266777218,84266777197,-21,1176,573
84271669257,84271669261,4,1734,1008
84273776313,84273776315,2,1616,1348
84274117254,84274117255,1,1879,1297
84278231830,84278231835,5,6430,4354
84279442057,84279442066,9,1936,1192
84280582538,84280582543,5,1748,988
84280689939,84280689943,4,2674,1324
84283093001,84283093007,6,2241,1252
84283338754,84283338755,1,2966,1832
84286986434,84286986438,4,2605,1469
84287800188,84287800182,-6,1688,6833
84294612229,84294612233,4,2241,1101
84295129667,84295129671,4,2652,1645
84306149206,84306149210,4,1090,768
84307668438,84307668442,4,1036,997
84309427088,84309427081,-7,964,3113
84313202482,84313202485,3,1412,1518
84318403363,84318403369,6,2798,1867
84320938717,84320938721,4,1947,1344
84321281226,84321281231,5,1589,1289
84327141197,84327141198,1,1126,1792
84327699381,84327699385,4,714,445
84327985934,84327985934,0,1242,1297
84329997145,84329997147,2,2185,1469
84333585851,84333585855,4,1432,1370
84336370461,84336370465,4,1792,1559
84337005861,84337005866,5,2059,1096
84342572445,84342572450,5,1666,1048
84344209045,84344209046,1,1402,1447
84352750021,84352750025,4,1669,1379
84355781118,84355781123,5,1801,785
84357112781,84357112786,5,1320,834
84357387567,84357387558,-9,464,236
84359569197,84359569204,7,5912,2667
84364369675,84364369679,4,1963,1508
84368080322,84368080327,5,1844,1458
84370174610,84370174615,5,2017,1089
84377536906,84377536910,4,2701,1819
84381679506,84381679511,5,1624,1476
84382984791,84382984795,4,2157,1483
84392225053,84392225058,5,1691,826
84395509325,84395509330,5,2112,1356
84405247649,84405247653,4,2085,1499
84406648799,84406648803,4,1626,1095
84409927276,84409927281,5,1791,1666
84415423497,84415423502,5,1828,1690
84416531464,84416531469,5,1962,1692
84418479051,84418479031,-20,1025,1123
84421117758,84421117762,4,859,760
84425212322,84425212302,-20,714,834
84426198310,84426198318,8,2757,1272
84430228296,84430228301,5,2045,1080
84431141244,84431141247,3,1448,1385
84431799480,84431799487,7,2443,1125
84434930875,84434930854,-21,2080,1560
84435541223,84435541226,3,1478,735
84436251390,84436251397,7,2254,1518
84438053807,84438053813,6,2179,1269
84438911472,84438911476,4,2372,1848
84439396887,84439396891,4,2124,2061
84439526666,84439526669,3,1229,1411
84439575238,84439575242,4,1577,1239
84442520041,84442520047,6,1645,975
84443666426,84443666430,4,1522,1286
84443706900,84443706903,3,3284,1878
84445576052,84445576058,6,4013,2183
84451757245,84451757249,4,1911,1388
84451977885,84451977889,4,2083,1903
84453503613,84453503617,4,1955,1605
84456308246,84456308250,4,1513,1243
84458723634,84458723638,4,2256,1553
84461603767,84461603764,-3,25728,21042
84463983114,84463983117,3,1737,1399
84465747317,84465747327,10,14408,34866
84467820774,84467820779,5,13776,6404
84470437315,84470437321,6,2117,1125
84471754050,84471754055,5,2567,1526
84474850402,84474850406,4,1636,981
84476839131,84476839116,-15,761,210
84477264694,84477264697,3,1675,1361
84478698194,84478698195,1,2115,1608
84479840718,84479840721,3,2133,1171
84480882346,84480882351,5,1836,1215
84487221596,84487221600,4,2206,1396
84487550107,84487550112,5,3327,1458
84493473098,84493473105,7,3200,1654
84494368646,84494368654,8,3132,1411
84499355390,84499355393,3,2092,1264
84502958654,84502958653,-1,643,1101
84503844477,84503844479,2,1034,1109
84506258719,84506258721,2,2110,1248
84510077758,84510077761,3,1419,1230
84510606060,84510606063,3,1511,1235
84512156701,84512156701,0,1305,2123
84513059874,84513059878,4,1906,1468
84513624031,84513624030,-1,856,1221
84518045216,84518045223,7,1412,1114
84520536774,84520536780,6,1642,1247
84524601675,84524601679,4,1786,1408
84525581127,84525581143,16,3109,1798
84532817825,84532817825,0,1693,1551
84533833390,84533833393,3,1244,979
84534333522,84534333525,3,1839,1307
84536159323,84536159326,3,1141,1280
84539726213,84539726219,6,1985,846
84545874007,84545874014,7,2234,1485
84546184536,84546184550,14,843,381
84546304013,84546303996,-17,1548,1019
84549825973,84549825979,6,2318,1058
84550040287,84550040268,-19,579,306
84550657867,84550657850,-17,1036,2092
84553813856,84553813859,3,2412,1413
84554691521,84554691518,-3,1504,2708
84554944677,84554944683,6,3298,1011
84555217330,84555217341,11,1888,1087
84556605582,84556605583,1,1716,2050
84557050155,84557050158,3,2120,1595
84560143261,84560143267,6,3912,1914
84561897527,84561897530,3,1563,1021
84563270909,84563270913,4,1855,1206
84564309134,84564309139,5,5450,1777
84564387838,84564387843,5,1906,1894
84564927575,84564927584,9,1697,1038
84565824715,84565824718,3,1831,1155
84566153102,84566153106,4,1848,1277
84566451669,84566451670,1,2130,1446
84567521654,84567521658,4,3053,2218
84568367986,84568367992,6,2276,1381
84570412811,84570412815,4,2317,1542
84570754558,84570754562,4,1900,745
84572969487,84572969489,2,5364,23853
84574299551,84574299554,3,2351,1764
84575191469,84575191474,5,1495,911
84575894110,84575894114,4,1739,877
84579832049,84579832055,6,1977,1331
84584064217,84584064222,5,2921,1483
84586691838,84586691844,6,1699,1270
84590365633,84590365635,2,1571,1177
84590912714,84590912716,2,2230,1704
84591032473,84591032452,-21,1474,1199
84596570053,84596570059,6,12161,22195
84597580080,84597580082,2,1236,1148
84597820097,84597820101,4,2360,1709
84598406110,84598406110,0,1740,2258
84603983249,84603983250,1,1635,1061
84604291153,84604291137,-16,2133,1190
84606621021,84606621025,4,1860,1651
84607945528,84607945532,4,1903,1614
84609168693,84609168699,6,1677,1345
84613911920,84613911918,-2,1590,2765
84615965030,84615965034,4,2437,1603
84616964383,84616964389,6,2685,1457
84618344594,84618344598,4,1684,1279
84622788916,84622788919,3,1824,1015
84629060906,84629060902,-4,2004,4164
84629390985,84629390980,-5,1300,4803
84638804742,84638804745,3,1425,1317
84640779831,84640779837,6,1887,1467
84640876737,84640876743,6,1846,1012
84643245714,84643245718,4,1919,1332
84644783471,84644783475,4,1716,1344
84645291265,84645291269,4,2074,1636
84646310395,84646310397,2,1548,1408
84647925522,84647925529,7,1302,1387
84649108188,84649108191,3,2086,1264
84651430454,84651430459,5,2206,1486
84652819001,84652819004,3,1196,1105
84658569739,84658569742,3,1526,1280
84661578384,84661578387,3,1893,1204
84663088742,84663088745,3,2620,1925
84664215374,84664215377,3,2019,1583
84666398378,84666398379,1,1335,1507
84666437324,84666437326,2,2329,1820
84668714598,84668714602,4,1512,1265
84669623413,84669623418,5,1823,1158
84672123165,84672123170,5,2339,1754
84677277331,84677277335,4,614,607
84677430484,84677430489,5,1763,1353
84679080011,84679080018,7,3811,1803
84680520961,84680520962,1,1469,1491
84685211169,84685211174,5,2135,1566
84686654366,84686654369,3,1518,1572
84687951355,84687951358,3,1917,1863
84696095130,84696095134,4,2622,1665
84699323316,84699323319,3,2336,1439
84699979586,84699979590,4,4618,2517
84700681445,84700681448,3,1949,1630
84704260507,84704260511,4,2317,1457
84720989858,84720989862,4,1763,1271
84722993282,84722993287,5,2025,1095
84725234191,84725234195,4,2497,1142
84726022003,84726022007,4,2061,1304
84730414843,84730414853,10,2978,933
84731387634,84731387638,4,2781,1406
84732063329,84732063333,4,1911,1451
84732511447,84732511454,7,3316,1247
84733061488,84733061509,21,2023,1478
84733743642,84733743647,5,2011,1351
84740327845,84740327849,4,3151,1131
84741730351,84741730353,2,1410,1327
84742251158,84742251163,5,1437,1436
84743901635,84743901638,3,1934,1702
84744006152,84744006136,-16,2406,1451
84745386493,84745386495,2,1770,1154
84746737564,84746737568,4,2154,992
84748889826,84748889833,7,2982,1220
84749392494,84749392508,14,1946,1078
84752456530,84752456534,4,2464,1393
84753497249,84753497254,5,2503,1123
84755613050,84755613053,3,2155,2536
84758279556,84758279560,4,1571,1384
84760632442,84760632448,6,2756,1380
84762013222,84762013227,5,2400,1790
84763731853,84763731869,16,1951,1235
84766236077,84766236081,4,1691,1633
84766453625,84766453630,5,2081,1255
84768849210,84768849213,3,1747,1434
84774477143,84774477149,6,2025,1277
84776612339,84776612343,4,2146,1185
84777911864,84777911866,2,1475,1487
84780267586,84780267589,3,1898,1086
84782776790,84782776795,5,2283,1181
84785493358,84785493361,3,2512,1682
84787040474,84787040476,2,1953,1532
84787196981,84787196986,5,2609,1780
84790427633,84790427638,5,2139,1078
84793225619,84793225623,4,2245,1479
84795292798,84795292801,3,2409,1759
84796009510,84796009515,5,5153,18885
84796434547,84796434550,3,2514,1428
84796960402,84796960407,5,1787,893
84797486722,84797486729,7,2526,1560
84797952298,84797952303,5,1081,891
84801421349,84801421353,4,2315,1185
84802007417,84802007422,5,2128,1343
84804195931,84804195935,4,1862,1256
84805095823,84805095828,5,1904,924
84805610387,84805610383,-4,1114,2516
84807099146,84807099149,3,2072,1863
84810893304,84810893306,2,1397,1157
84814704457,84814704461,4,2438,1130
84817571601,84817571605,4,1759,1333
84818188497,84818188478,-19,1485,1066
84819622768,84819622771,3,2043,1160
84820592842,84820592846,4,1665,939
84823930664,84823930670,6,1768,1367
84825509892,84825509897,5,2496,1580
84825694973,84825694958,-15,1804,528
84825741144,84825741148,4,2717,2250
84825803750,84825803752,2,1797,2134
84826135310,84826135316,6,2041,1328
84827226869,84827226871,2,1715,1218
84828137937,84828137941,4,1618,1512
84829861079,84829861082,3,1801,1109
84835057966,84835057973,7,4445,1964
84837819274,84837819279,5,1845,1383
84837872969,84837872974,5,2193,1458
84839298908,84839298913,5,1627,1058
84841544813,84841544819,6,1930,1243
84844399899,84844399905,6,1777,898
84845287006,84845287012,6,1697,1347
84849442909,84849442911,2,2184,1395
84851212461,84851212466,5,1725,1323
84853157118,84853157122,4,1911,1430
84863649641,84863649644,3,2789,2037
84865682607,84865682614,7,1256,934
84867461138,84867461142,4,3320,1308
84867939891,84867939868,-23,1151,869
84868676450,84868676456,6,1844,1154
84870316512,84870316514,2,1729,1452
84875221845,84875221850,5,3210,1699
84879733148,84879733153,5,1493,1209
84881225747,84881225751,4,2441,1594
84881896647,84881896651,4,2001,1505
84882823072,84882823075,3,2219,1167
84887403014,84887403020,6,2150,1017
84887584648,84887584632,-16,3049,1332
84889168647,84889168651,4,2111,1319
84891662037,84891662042,5,1850,1110
84893566228,84893566230,2,2720,3024
84894626161,84894626165,4,2693,1551
84900599790,84900599794,4,2316,1690
84903595994,84903595997,3,2403,1183
84905456590,84905456594,4,2327,1074
84906745317,84906745321,4,1791,1118
84911360589,84911360594,5,1511,936
84912154321,84912154326,5,2099,999
84912479234,84912479238,4,2336,1163
84913996561,84913996565,4,1407,834
84915442744,84915442748,4,2232,1752
84926010281,84926010285,4,1440,1187
84928779746,84928779751,5,2109,1159
84933657606,84933657610,4,1064,858
84935003839,84935003843,4,3224,1726
84936394505,84936394509,4,1833,1241
84937116668,84937116672,4,2830,1666
84937269018,84937269022,4,2337,1161
84937318315,84937318294,-21,1232,936
84939879993,84939879996,3,1989,1319
84941608918,84941608922,4,1461,1634
84945624778,84945624781,3,1776,1242
84945671050,84945671030,-20,1899,1069
84946218052,84946218054,2,1835,1257
84948508262,84948508266,4,1927,1149
84951251902,84951251907,5,2446,1293
84952194951,84952194956,5,1601,1026
84955761860,84955761864,4,2100,1412
84956398290,84956398270,-20,903,365
84958201054,84958201060,6,2155,1201
84963351819,84963351823,4,1789,1947
84967279595,84967279601,6,5560,2058
84967375862,84967375866,4,2177,1501
84967824341,84967824345,4,1600,919
84968659493,84968659496,3,1643,1517
84968852354,84968852358,4,2353,984
84970261662,84970261669,7,1331,1049
84973376616,84973376617,1,1177,2263
84974267801,84974267805,4,1494,1296
84979071609,84979071612,3,1982,1423
84980238782,84980238787,5,1860,1229
84986119537,84986119542,5,1654,1058
84986476111,84986476114,3,2146,1266
84989870913,84989870917,4,1928,1242
84992505454,84992505459,5,1657,958
84995075419,84995075424,5,2556,1236
84996190280,84996190283,3,2710,3114
84998584325,84998584329,4,3152,2065
85000269050,85000269055,5,2444,1467
85001036080,85001036085,5,2703,1469
85002176466,85002176469,3,1935,1177
85003723294,85003723295,1,1836,1365
85011020665,85011020669,4,1965,1700
85011068361,85011068366,5,1898,1643
85019063928,85019063933,5,2187,1318
85022418731,85022418722,-9,1155,5647
85025524688,85025524691,3,1329,1224
85026630147,85026630153,6,1321,1010
85029870823,85029870829,6,2328,1369
85032695290,85032695294,4,1924,1369
85033259264,85033259267,3,1608,889
85034224032,85034224034,2,1868,724
85035587692,85035587700,8,2587,1098
85037123475,85037123481,6,1634,833
85038929377,85038929381,4,2568,1533
85041409583,85041409585,2,1657,1534
85042136842,85042136852,10,1669,949
85043442489,85043442492,3,1938,1036
85044009585,85044009586,1,2384,1489
85044407722,85044407723,1,1448,1624
85046694575,85046694579,4,1968,965
85048483585,85048483587,2,1327,1200
85050770938,85050770942,4,1966,890
85054470051,85054470055,4,1888,950
85054780430,85054780445,15,1671,1578
85063960405,85063960407,2,763,1060
85064612031,85064612038,7,3693,1688
85067986141,85067986125,-16,2147,1517
85068069557,85068069544,-13,1962,1225
85069898337,85069898330,-7,1710,5858
85077256289,85077256290,1,216,1171
85078394364,85078394368,4,2481,2090
85082614121,85082614126,5,2089,846
85083284975,85083284993,18,3076,1108
85086959005,85086959010,5,2276,1369
85089667451,85089667455,4,1921,1050
85090373919,85090373921,2,886,754
85106967140,85106967143,3,1302,841
85107352318,85107352321,3,2210,1817
85110481814,85110481819,5,1608,912
85110676307,85110676286,-21,1853,1197
85111623618,85111623619,1,1235,1380
85113472956,85113472957,1,1476,1403
85116293972,85116293978,6,1669,1034
85119256872,85119256875,3,1944,878
85119563812,85119563817,5,2185,1501
85120611864,85120611868,4,2157,1562
85121838399,85121838403,4,2139,1096
85127029625,85127029629,4,2377,1574
85128710159,85128710162,3,1875,1446
85129726585,85129726590,5,1451,1538
85129983498,85129983501,3,2490,1498
85135518134,85135518133,-1,1180,1977
85143471399,85143471405,6,2801,1463
85145880927,85145880933,6,3873,1054
85146414334,85146414339,5,2094,842
85148056538,85148056542,4,1876,1498
85149314002,85149313999,-3,1940,4892
85149969771,85149969775,4,1591,1555
85152840216,85152840219,3,2128,1015
85153645214,85153645218,4,2383,1860
85156116883,85156116887,4,2337,982
85161154430,85161154435,5,1213,1476
85163035766,85163035769,3,16650,13851
85163228951,85163228947,-4,1790,1539
85163875903,85163875907,4,1891,1107
85164426085,85164426103,18,2080,1052
85165315823,85165315806,-17,911,380
85174410611,85174410616,5,2254,1578
85177838427,85177838431,4,2026,1426
85183566118,85183566122,4,2009,1317
85186192378,85186192382,4,3169,1483
85187319415,85187319415,0,1630,1143
85189642321,85189642326,5,1632,1224
85201547647,85201547651,4,2161,1462
85201729185,85201729205,20,1765,1066
85203017514,85203017521,7,1072,373
85217151358,85217151361,3,1217,1175
85217942558,85217942562,4,2785,1563
85218264327,85218264330,3,1470,1317
85220097381,85220097386,5,53644,28973
85220425154,85220425158,4,1854,1334
85222667485,85222667490,5,1916,1566
85225104709,85225104715,6,1600,1131
85226768723,85226768726,3,1289,1292
85230886678,85230886683,5,1357,1444
85232601899,85232601903,4,2735,1568
85234074094,85234074098,4,2007,1181
85241906904,85241906925,21,628,1108
85244889129,85244889133,4,2051,1614
85246712878,85246712882,4,1513,1090
85249355248,85249355257,9,18020,34416
85250862673,85250862675,2,2661,1347
85250953140,85250953145,5,2748,1590
85255994554,85255994555,1,1305,1063
85257244825,85257244829,4,2265,1686
85257394585,85257394565,-20,1354,963
85259017909,85259017909,0,1709,2094
85265838525,85265838530,5,2477,1188
85275536500,85275536500,0,1990,946
85277539220,85277539225,5,3534,1106
85282961117,85282961121,4,7281,19660
85284607213,85284607218,5,1284,1445
85288056228,85288056233,5,2409,1682
85288964126,85288964130,4,1993,1311
85289137954,85289137958,4,2605,1550
85297902494,85297902498,4,2718,1865
85298327601,85298327604,3,61743,80792
85301002662,85301002667,5,1918,1089
85303695814,85303695819,5,2577,1204
85306663068,85306663071,3,1611,1208
85308872079,85308872082,3,1210,986
85311376391,85311376395,4,2484,1187
85313838877,85313838881,4,2254,1855
85315160631,85315160635,4,1884,1167
85316228898,85316228906,8,2134,1289
85316322499,85316322498,-1,20013,17937
85316952202,85316952206,4,1958,1294
85318709819,85318709821,2,1933,1457
85318978218,85318978222,4,1638,1177
85321164907,85321164914,7,12764,3884
85327545645,85327545649,4,1958,1673
85327601351,85327601354,3,1627,1235
85329185990,85329185994,4,2331,1632
85329441077,85329441082,5,2008,1528
85329775639,85329775643,4,1816,1208
85330571109,85330571113,4,2255,864
85332775410,85332775414,4,2146,1569
85334042449,85334042447,-2,1036,1499
85337926726,85337926730,4,1764,1441
85338260057,85338260063,6,2050,1336
85339852511,85339852515,4,1616,1305
85341464154,85341464159,5,1341,840
85342258682,85342258685,3,2090,1169
85343492333,85343492348,15,10222,50795
85345612558,85345612563,5,1886,1287
85346243255,85346243258,3,1924,1987
85348509131,85348509135,4,1655,898
85352240386,85352240391,5,1660,890
85355116481,85355116484,3,1921,1278
85355548524,85355548527,3,1633,1113
85358524679,85358524683,4,2251,1149
85358896413,85358896417,4,1328,1373
85359269264,85359269261,-3,21074,16068
85359432815,85359432819,4,1585,809
85360294766,85360294770,4,1249,1080
85361225113,85361225115,2,1797,1185
85362032379,85362032383,4,1879,889
85368608671,85368608677,6,1762,1417
85368920061,85368920064,3,1862,1361
85372142192,85372142194,2,1261,1011
85376250320,85376250313,-7,14697,19213
85380070001,85380070006,5,1376,1099
85380240665,85380240668,3,2459,1428
85386469935,85386469934,-1,1384,2604
85390278932,85390278933,1,1182,1429
85391329769,85391329751,-18,1811,1338
85393838544,85393838546,2,1519,1049
85394119502,85394119505,3,1442,1566
85394974346,85394974345,-1,25128,24221
85397092903,85397092903,0,1465,1396
85401595050,85401595054,4,1622,941
85403982136,85403982140,4,2292,1258
85404712886,85404712869,-17,2162,1088
85407148656,85407148662,6,3470,1656
85408829710,85408829713,3,2389,1499
85410492926,85410492931,5,1807,1136
85411767097,85411767104,7,1628,1446
85414000646,85414000651,5,1167,1110
85417311960,85417311963,3,1957,1436
85420399443,85420399447,4,2086,1252
85420456457,85420456461,4,2456,2183
85420994910,85420994914,4,1841,1622
85424742517,85424742521,4,1732,789
85427246475,85427246482,7,1220,987
85429158555,85429158559,4,1803,1009
85433109434,85433109430,-4,4794,14325
85435365535,85435365533,-2,1010,1878
85438189702,85438189706,4,2419,1570
85438879922,85438879927,5,2221,1477
85439307305,85439307309,4,1364,1156
85439467571,85439467576,5,1970,1373
85439647555,85439647558,3,1877,1503
85441146275,85441146281,6,1968,1177
85443212335,85443212339,4,2704,1751
85446315721,85446315724,3,913,640
85447713879,85447713883,4,2783,1402
85451998094,85451998099,5,1897,940
85459288289,85459288292,3,2431,1353
85460849961,85460849963,2,1887,1153
85468561579,85468561574,-5,1039,3542
85471284263,85471284268,5,1775,1473
85472588603,85472588609,6,1991,1270
85472657130,85472657133,3,1156,856
85474575214,85474575218,4,1323,660
85476530297,85476530301,4,1854,1316
85479819631,85479819634,3,1851,1226
85479959174,85479959179,5,1824,1461
85480521629,85480521631,2,1709,1008
85481210851,85481210852,1,1599,1203
85481267685,85481267687,2,1131,916
85481870918,85481870901,-17,2051,1431
85483713130,85483713133,3,1307,1244
85487153978,85487153983,5,1720,1137
85488073700,85488073703,3,1234,1156
85492874586,85492874590,4,2584,1738
85501461592,85501461594,2,1633,1336
85503538631,85503538636,5,2338,1686
85504749134,85504749139,5,1926,1430
85506786754,85506786753,-1,1261,1971
85507222910,85507222914,4,2303,1788
85508769593,85508769597,4,3402,1189
85509225637,85509225642,5,1353,1030
85510430864,85510430869,5,2348,1122
85511769967,85511769959,-8,656,2888
85513366149,85513366156,7,2830,1209
85514050496,85514050499,3,2313,1448
85515578488,85515578492,4,3197,1931
85516004446,85516004451,5,2098,1182
85517252542,85517252547,5,1711,1051
85517778229,85517778231,2,1370,1317
85525209206,85525209210,4,2150,1297
85529265895,85529265899,4,1664,866
85530090810,85530090813,3,1265,1378
85533160718,85533160723,5,1031,1322
85535806758,85535806762,4,1765,1250
85536033973,85536033979,6,2996,1334
85536913390,85536913392,2,2520,2008
85537414850,85537414854,4,2104,1278
85538190622,85538190606,-16,669,314
85540541296,85540541299,3,2226,1437
85541168034,85541168038,4,1877,1121
85541440433,85541440414,-19,1971,1187
85542338659,85542338663,4,2878,2057
85542675357,85542675363,6,2037,1143
85545536771,85545536777,6,2486,1195
85546125075,85546125079,4,1626,1508
85546879175,85546879178,3,1295,875
85549899490,85549899494,4,1851,1434
85553585207,85553585212,5,2369,1315
85553659318,85553659301,-17,643,478
85557678637,85557678639,2,1702,1432
85560316628,85560316630,2,1550,1145
85563219204,85563219206,2,2289,1316
85563567670,85563567674,4,2341,1247
85564183542,85564183545,3,2226,2349
85570481015,85570481021,6,1878,904
85572158274,85572158278,4,1805,1164
85573480182,85573480190,8,3012,1552
85573827732,85573827737,5,2599,1595
85578530165,85578530169,4,1660,1394
85580063857,85580063854,-3,1731,3152
85581259311,85581259314,3,1831,1606
85581898624,85581898630,6,1654,1485
85589215980,85589215981,1,1871,1515
85591376666,85591376674,8,7242,3216
85596309081,85596309085,4,2147,1385
85596857119,85596857122,3,2176,1526
85599690811,85599690809,-2,1733,3563
85599777401,85599777405,4,2109,1374
85606478157,85606478162,5,1723,1362
85606841871,85606841875,4,1101,759
85614232072,85614232075,3,2118,1476
85615117043,85615117023,-20,2125,1372
85615629040,85615629042,2,2735,1362
85618839426,85618839430,4,1912,1474
85621821061,85621821065,4,2150,1915
85622534688,85622534691,3,1878,1275
85623233560,85623233563,3,2258,1228
85623791462,85623791466,4,1684,983
85624297610,85624297613,3,1620,1387
85626416901,85626416905,4,3181,1151
85628559941,85628559944,3,1956,1233
85631330522,85631330527,5,1422,1099
85633678133,85633678139,6,2049,1343
85634412622,85634412623,1,1667,1066
85635138077,85635138082,5,1248,876
85638522658,85638522669,11,12844,32462
85640249252,85640249259,7,1618,1217
85649384605,85649384609,4,1729,1437
85649637943,85649637925,-18,1785,1121
85652292076,85652292081,5,2267,969
85655288262,85655288262,0,821,1623
85661644754,85661644757,3,2273,1679
85666296450,85666296454,4,1445,924
85667454510,85667454514,4,1786,845
85668463490,85668463496,6,1873,1442
85668644339,85668644343,4,1014,1232
85670822985,85670822990,5,2316,1494
85678372666,85678372669,3,1601,1116
85681388959,85681388965,6,2741,1082
85681668350,85681668355,5,3212,2415
85681939607,85681939611,4,2544,1537
85684123862,85684123866,4,2151,1614
85689302626,85689302631,5,1761,1085
85696809154,85696809159,5,2183,1126
85700006232,85700006236,4,1973,1643
85703408886,85703408888,2,2339,1798
85707171267,85707171273,6,3016,1794
85708825935,85708825939,4,2189,1410
85709235527,85709235531,4,2260,1146
85717192205,85717192209,4,1738,1254
85720230529,85720230534,5,2136,1523
85724972277,85724972279,2,1911,1113
85725551744,85725551748,4,1354,1090
85726018078,85726018082,4,2334,1115
85726345710,85726345713,3,1938,1269
85727012587,85727012592,5,1574,1235
85730349047,85730349051,4,1386,764
85730575074,85730575056,-18,2555,1549
85732233906,85732233910,4,2441,1411
85732808590,85732808593,3,1725,1187
85736418634,85736418633,-1,2502,3705
85736812230,85736812234,4,1617,922
85738430098,85738430106,8,2937,59145
85739794266,85739794271,5,2162,1033
85741819006,85741819010,4,1873,1177
85743060938,85743060943,5,2663,1461
85744535484,85744535491,7,1767,603
85745286222,85745286218,-4,911,1656
85745368518,85745368514,-4,1488,1154
85746487044,85746487060,16,1967,5927
85748861841,85748861845,4,1968,1301
85749770601,85749770607,6,1758,970
85750840229,85750840234,5,2325,1659
85751837070,85751837074,4,2770,1797
85753141019,85753141022,3,1925,1756
85753966325,85753966329,4,2065,1261
85755397938,85755397942,4,1359,778
85760957958,85760957962,4,2247,1615
85764411805,85764411810,5,2967,1399
85765711216,85765711218,2,1665,1589
85766307911,85766307914,3,1816,1283
85767357623,85767357628,5,2275,1535
85769982216,85769982220,4,1848,1305
85770155113,85770155094,-19,509,259
85773848901,85773848904,3,1480,1542
85774298212,85774298218,6,1833,1133
85776684614,85776684619,5,2609,1914
85777108198,85777108204,6,1668,1257
85777857525,85777857511,-14,390,125
85778307045,85778307048,3,2201,1719
85780232241,85780232245,4,2394,1518
85780620754,85780620759,5,1812,1616
85784006602,85784006607,5,1917,1264
85786603925,85786603927,2,1882,1161
85787493203,85787493207,4,2267,1270
85795370005,85795370007,2,1949,1609
85800508357,85800508359,2,1771,1240
85802495159,85802495163,4,1640,1243
85803764453,85803764458,5,1326,1639
85806784271,85806784274,3,1813,1158
85807055990,85807055976,-14,1431,820
85808171010,85808171015,5,2267,1043
85809255333,85809255339,6,1673,838
85811396170,85811396173,3,1697,1010
85812692666,85812692670,4,2014,1255
85814521610,85814521614,4,2607,1540
85816373558,85816373558,0,1526,1965
85816835828,85816835833,5,2418,1002
85817777889,85817777894,5,1769,1222
85827381289,85827381294,5,1488,1580
85830332289,85830332294,5,2134,1420
85831493735,85831493740,5,2042,1875
85835355139,85835355143,4,1878,1224
85836926987,85836926983,-4,1382,2057
85839941000,85839941004,4,1588,1207
85841906558,85841906562,4,1901,1640
85842087316,85842087318,2,1048,937
85843666250,85843666246,-4,1378,3482
85849300014,85849300019,5,2148,1032
85854412862,85854412866,4,1813,998
85857924421,85857924423,2,1584,1296
85862355716,85862355715,-1,1487,2978
85862778271,85862778275,4,2486,1238
85864688495,85864688489,-6,1180,447
85866467180,85866467183,3,1619,888
85869427267,85869427272,5,2201,1639
85870360918,85870360923,5,1450,1031
85873095162,85873095168,6,2728,1923
85875919810,85875919815,5,1500,1324
85876453078,85876453082,4,2680,1519
85878884718,85878884721,3,2284,1381
85880945798,85880945802,4,2109,1443
85882339192,85882339197,5,2447,1437
85883423138,85883423142,4,1864,1565
85886057607,85886057607,0,1633,2187
85887197442,85887197447,5,2376,1437
85889365586,85889365584,-2,1388,1926
85889481081,85889481083,2,1587,1026
85889812294,85889812299,5,2132,1230
85890431674,85890431675,1,1209,1102
85895424402,85895424407,5,1256,789
85895749238,85895749243,5,1125,1240
85896438745,85896438749,4,2736,1781
85896906869,85896906869,0,1776,1528
85903333750,85903333753,3,2356,1557
85906274302,85906274307,5,1174,736
85908373978,85908373982,4,1886,1514
85908455578,85908455558,-20,2379,1131
85910404250,85910404255,5,2422,1489
85918112163,85918112165,2,37053,37294
85918896197,85918896203,6,2219,1050
85921233219,85921233223,4,1582,958
85921266230,85921266230,0,1404,1869
85921312789,85921312793,4,2321,1175
85921953810,85921953815,5,1468,1452
85922289672,85922289694,22,1904,1655
85922403309,85922403315,6,1663,1034
85924920899,85924920905,6,1672,858
85934004386,85934004388,2,1429,1681
85936885833,85936885839,6,1283,1021
85941176305,85941176303,-2,1030,2604
85942106105,85942106107,2,1999,1049
85942371466,85942371469,3,1224,980
85942724309,85942724318,9,9560,1333
85945284086,85945284090,4,2062,1897
85947492905,85947492911,6,2916,1299
85950377177,85950377182,5,1657,1003
85957185441,85957185445,4,2679,1424
85957934055,85957934063,8,2364,1616
85958237977,85958237981,4,1355,1149
85960380774,85960380778,4,2249,1841
85960480594,85960480599,5,1684,984
85961191345,85961191350,5,2126,1065
85961337924,85961337930,6,2406,1262
85962131962,85962131965,3,1384,1163
85964107440,85964107444,4,1991,1234
85964673445,85964673440,-5,21155,19763
85970319965,85970319966,1,3275,3652
85972513422,85972513426,4,2281,1365
85975454694,85975454699,5,2242,1297
85975495680,85975495664,-16,323,496
85977202636,85977202640,4,1900,1230
85978110029,85978110034,5,2404,1555
85978769746,85978769749,3,1612,1204
85982959702,85982959707,5,2089,924
85983301546,85983301551,5,1816,1421
85983597458,85983597462,4,1326,1075
85983751871,85983751855,-16,1512,1372
85984314236,85984314242,6,2944,1358
85986022722,85986022721,-1,1294,941
85989871242,85989871247,5,2334,1197
85991965989,85991965997,8,2053,1237
85998407562,85998407565,3,2484,2028
85998887253,85998887257,4,1749,1366
86000811106,86000811110,4,1599,1217
86000980995,86000981005,10,607,177
86002184254,86002184246,-8,707,4436
86002773506,86002773509,3,2293,1470
86003496385,86003496388,3,1859,1519
86005549834,86005549838,4,1565,977
86005981206,86005981190,-16,637,579
86007296412,86007296410,-2,1182,3157
86014824455,86014824460,5,795,559
86015983137,86015983143,6,2223,1076
86016343278,86016343262,-16,2292,1308
86017212011,86017212015,4,2342,1428
86018949087,86018949090,3,2533,1833
86019484943,86019484946,3,1136,1072
86027243952,86027243956,4,1845,1500
86028276402,86028276406,4,1633,1022
86028343182,86028343197,15,1839,1079
86028875945,86028875927,-18,1792,1328
86032850594,86032850597,3,2020,1332
86034564497,86034564502,5,2147,1838
86035308141,86035308146,5,1921,1254
86035759943,86035759949,6,1087,812
86037763939,86037763941,2,1463,1241
86038746769,86038746774,5,1203,1027
86043204670,86043204668,-2,2070,2466
86045233804,86045233810,6,2578,1281
86049632913,86049632913,0,1956,3054
86050526184,86050526178,-6,800,3327
86055786986,86055786982,-4,824,2652
86056046685,86056046687,2,1551,1472
86057034214,86057034219,5,2009,1165
86058698390,86058698394,4,1608,1347
86058779674,86058779678,4,2952,1489
86061023749,86061023751,2,1272,1111
86061533843,86061533849,6,1924,984
86061908702,86061908707,5,1177,940
86063250835,86063250841,6,1863,1238
86067233505,86067233507,2,1252,1167
86072897386,86072897390,4,1190,1062
86074291339,86074291343,4,1901,1027
86079729810,86079729814,4,1515,1291
86080759294,86080759294,0,1276,1337
86087165165,86087165169,4,1742,1230
86089920302,86089920301,-1,1427,3024
86093693459,86093693462,3,1839,913
86102767705,86102767710,5,2113,1514
86104246997,86104247001,4,2321,1438
86107980792,86107980795,3,1591,1239
86115001438,86115001442,4,1302,1068
86119336691,86119336695,4,1357,1168
86120300946,86120300951,5,1866,1490
86120843242,86120843240,-2,1693,3089
86122366429,86122366434,5,1584,965
86124561227,86124561230,3,2222,1173
86125624526,86125624530,4,17296,7899
86126008782,86126008786,4,2473,1032
86130852874,86130852878,4,1351,856
86132160907,86132160884,-23,387,1251
86133436519,86133436526,7,1631,1073
86135738070,86135738069,-1,46337,6199
86138021262,86138021266,4,1526,1275
86139690886,86139690872,-14,2311,1260
86142257033,86142257038,5,1620,754
86142549893,86142549898,5,1558,993
86143568766,86143568770,4,2369,1281
86149120905,86149120909,4,1646,931
86151089721,86151089726,5,2115,1152
86151189638,86151189641,3,1533,1255
86152085339,86152085344,5,1515,1265
86155289941,86155289944,3,2293,1884
86158270679,86158270685,6,2454,1482
86160479073,86160479077,4,2685,1336
86160659402,86160659405,3,1158,1284
86160842178,86160842184,6,2191,1511
86163744716,86163744710,-6,1612,3954
86164718211,86164718215,4,2442,1769
86165909327,86165909330,3,2168,1151
86167189840,86167189846,6,2170,1469
86172039177,86172039180,3,2285,1854
86174000822,86174000828,6,1626,1384
86175636026,86175636031,5,3025,1217
86176141802,86176141780,-22,957,648
86177847044,86177847047,3,2163,1174
86182122453,86182122454,1,1881,2096
86193997819,86193997826,7,2794,1465
86197855289,86197855294,5,1611,1183
86200235478,86200235482,4,2645,1853
86201252671,86201252671,0,1463,1796
86203356111,86203356117,6,660,453
86204591397,86204591402,5,2827,902
86206370546,86206370551,5,1942,1354
86206642266,86206642270,4,1722,1474
86207501414,86207501407,-7,854,148
86210015093,86210015098,5,1642,1346
86214177300,86214177303,3,2620,1388
86214663097,86214663101,4,1720,1249
86215006169,86215006172,3,1961,1202
86215889461,86215889460,-1,1350,1745
86216619282,86216619286,4,2653,1341
86219892401,86219892405,4,1663,1127
86225853118,86225853119,1,2206,1499
86225888686,86225888691,5,2251,1906
86226379370,86226379377,7,2552,1118
86227146889,86227146892,3,2161,1531
86233453625,86233453630,5,1941,1622
86233947355,86233947358,3,1594,1630
86240568451,86240568457,6,2201,947
86242912406,86242912408,2,1772,1226
86246722385,86246722390,5,1854,1661
86246796574,86246796574,0,46509,32132
86249106681,86249106683,2,2127,1440
86252571810,86252571818,8,3289,1023
86260819018,86260819024,6,3043,1178
86262494640,86262494642,2,1783,1243
86263587361,86263587365,4,2479,1529
86266392733,86266392734,1,1445,1371
86271198205,86271198210,5,1894,1335
86274663053,86274663058,5,2442,1551
86279543228,86279543233,5,2175,1098
86280342180,86280342183,3,3502,1611
86280624465,86280624444,-21,1718,1251
86286445375,86286445378,3,1140,1145
86287776144,86287776147,3,3015,1494
86292889477,86292889480,3,2341,1303
86293692754,86293692757,3,2724,1354
86298695917,86298695922,5,1745,1994
86300831709,86300831703,-6,1296,4864
86300921217,86300921221,4,2363,1451
86302409636,86302409641,5,2769,1381
86303365370,86303365373,3,1586,1226
86305072546,86305072550,4,2304,1328
86305196945,86305196946,1,1389,903
86307619738,86307619746,8,1808,956
86309356613,86309356618,5,2077,1539
86311001625,86311001629,4,2738,1424
86314074182,86314074183,1,1173,1377
86314740544,86314740548,4,1356,1035
86317902706,86317902711,5,2861,1605
86318033102,86318033105,3,1773,1480
86321869722,86321869722,0,1691,1608
86323852471,86323852475,4,2307,1228
86324224808,86324224830,22,3490,1079
86332376369,86332376373,4,2118,1205
86335620803,86335620807,4,1777,1187
86337369794,86337369798,4,2452,2066
86339946154,86339946157,3,1664,1770
86342385557,86342385562,5,2599,1411
86342555787,86342555791,4,1535,1067
86343097273,86343097266,-7,1097,3553
86346954733,86346954735,2,1910,1273
86347159214,86347159219,5,2433,1928
86350402879,86350402885,6,2701,1345
86357768831,86357768835,4,1659,987
86359004478,86359004482,4,1838,1031
86361774269,86361774279,10,11196,31444
86367365321,86367365325,4,1031,999
86367994405,86367994409,4,1973,1088
86368264012,86368263999,-13,354,266
86382863854,86382863859,5,2829,1621
86382903111,86382903102,-9,1336,6378
86383242091,86383242096,5,2150,1207
86389574254,86389574259,5,2544,1673
86390625341,86390625346,5,2396,1327
86396740157,86396740162,5,1416,1004
86402318503,86402318507,4,1867,1281
86402391390,86402391394,4,1734,1380
86402518419,86402518424,5,2385,1087
86407252751,86407252753,2,2198,1449
86413738741,86413738747,6,2157,1248
86415783147,86415783151,4,1633,1413
86416510329,86416510333,4,1701,1099
86418927181,86418927186,5,2600,1617
86420064990,86420064994,4,1577,1817
86421477586,86421477589,3,1940,1402
86426632418,86426632426,8,2811,1244
86432362003,86432362007,4,2479,1681
86439168178,86439168184,6,1664,1282
86442781073,86442781075,2,1736,1190
86443764114,86443764116,2,1282,1342
86445696801,86445696802,1,1223,1224
86445742342,86445742348,6,1217,894
86445883833,86445883837,4,1981,1116
86448197636,86448197640,4,2069,1385
86450768780,86450768782,2,1482,1006
86454979315,86454979318,3,1875,1283
86455214762,86455214766,4,2117,1830
86455626228,86455626229,1,1752,1182
86460850577,86460850573,-4,1902,3918
86466112481,86466112486,5,1639,1103
86469494654,86469494660,6,1018,734
86470058549,86470058553,4,2950,1394
86471220339,86471220343,4,1503,1300
86472650137,86472650139,2,1997,1109
86474119019,86474119017,-2,1338,985
86475351713,86475351719,6,3768,1127
86487047609,86487047613,4,2581,1467
86489569161,86489569165,4,2334,1433
86489828422,86489828429,7,2160,1227
86493031295,86493031298,3,1375,1529
86493890347,86493890351,4,1575,1359
86496702109,86496702089,-20,1831,992
86498332141,86498332142,1,2611,2728
86498648869,86498648871,2,2315,1930
86501239452,86501239455,3,1575,1096
86501797670,86501797674,4,2018,1096
86506163983,86506163987,4,2066,1397
86512410907,86512410910,3,1509,1363
86521109569,86521109571,2,1793,1474
86524897965,86524897972,7,2900,1276
86532511910,86532511916,6,9257,37709
86536431546,86536431549,3,1823,1299
86536645445,86536645448,3,1579,667
86538771470,86538771471,1,1369,866
86541318074,86541318080,6,1843,1520
86541768963,86541768966,3,2171,1443
86542249060,86542249065,5,1832,893
86542389453,86542389456,3,2201,1960
86544423867,86544423870,3,1178,1410
86545969662,86545969661,-1,1221,2286
86547383524,86547383527,3,1919,1313
86549722378,86549722381,3,2128,1263
86551155111,86551155117,6,2518,1858
86552026696,86552026699,3,2692,928
86552697898,86552697903,5,1869,1273
86558701550,86558701554,4,2095,1078
86558954920,86558954923,3,1740,1443
86560172883,86560172889,6,1746,1374
86561640644,86561640650,6,2472,1606
86564597565,86564597570,5,1963,1427
86569703801,86569703806,5,2675,1318
86571610603,86571610595,-8,796,298
86572339121,86572339118,-3,1010,2075
86572798478,86572798482,4,3136,1529
86574569913,86574569916,3,2106,1607
86575228525,86575228531,6,3510,1014
86577869522,86577869527,5,2380,1227
86581380090,86581380095,5,1910,1420
86584868934,86584868938,4,2356,1450
86587783374,86587783378,4,2141,1523
86591734362,86591734366,4,1793,1501
86593904832,86593904834,2,2151,1090
86595206319,86595206322,3,1333,808
86595992565,86595992570,5,1688,1051
86596643078,86596643083,5,1179,926
86596883455,86596883456,1,1581,1333
86598304703,86598304708,5,1921,1188
86605045032,86605045035,3,1879,1660
86606244770,86606244775,5,2393,1408
86606447733,86606447737,4,1862,1381
86610746894,86610746901,7,2119,1438
86614891836,86614891841,5,2676,1761
86616346403,86616346403,0,996,1588
86617874139,86617874142,3,2643,1392
86622773761,86622773763,2,2228,1492
86624956729,86624956733,4,2803,1241
86625931260,86625931262,2,1864,1193
86626498376,86626498370,-6,1122,1864
86628333982,86628333987,5,1852,910
86629744789,86629744790,1,1865,1676
86631140801,86631140805,4,2660,1243
86632093838,86632093822,-16,3655,1972
86633081565,86633081569,4,1316,1241
86634741825,86634741828,3,1481,1413
86635255377,86635255357,-20,1425,854
86637441381,86637441378,-3,2990,10483
86637692830,86637692826,-4,952,2241
86639294314,86639294317,3,2261,2173
86639927037,86639927038,1,1490,1876
86643570953,86643570945,-8,1277,4105
86645749687,86645749690,3,1381,1038
86646253090,86646253093,3,1791,1308
86647912419,86647912422,3,1511,868
86651863781,86651863785,4,2294,1530
86653470258,86653470262,4,1735,1169
86655002473,86655002475,2,2643,1832
86658174999,86658175004,5,1981,1134
86659237114,86659237110,-4,733,1151
86663926691,86663926699,8,8348,2176
86667405374,86667405380,6,2251,880
86668371988,86668371993,5,1206,1306
86672542982,86672542988,6,2192,1237
86677333166,86677333170,4,2544,1998
86680200719,86680200725,6,2416,1303
86681229294,86681229295,1,1375,1478
86682646743,86682646750,7,1387,1228
86682827245,86682827254,9,1668,1021
86683725877,86683725879,2,1862,1569
86685298703,86685298708,5,1829,1438
86685811354,86685811358,4,2102,1473
86688844724,86688844726,2,1810,1734
86691550479,86691550479,0,1483,2265
86693306982,86693306986,4,2655,1385
86693783312,86693783316,4,3650,1300
86694325318,86694325322,4,1314,652
86696985345,86696985348,3,1989,1312
86702949182,86702949186,4,2301,1353
86704163238,86704163227,-11,12682,28314
86705725891,86705725877,-14,1544,1241
86709592774,86709592759,-15,2046,1238
86710670124,86710670129,5,1065,536
86714647143,86714647149,6,1602,1153
86714727159,86714727141,-18,2032,1246
86716120975,86716120979,4,2156,1077
86716512626,86716512628,2,2274,1710
86717997135,86717997138,3,1917,1614
86720512026,86720512032,6,1606,1019
86722945517,86722945518,1,2294,1721
86726061965,86726061971,6,1964,1442
86726547834,86726547838,4,2899,1581
86726936985,86726936990,5,5048,2326
86730254682,86730254685,3,1964,1152
86735048480,86735048477,-3,27489,11087
86736939175,86736939174,-1,1533,2493
86738963794,86738963797,3,2549,1078
86741921545,86741921551,6,1726,1182
86746965002,86746965001,-1,12830,16228
86751896882,86751896887,5,2059,1298
86753802258,86753802261,3,1607,1244
86757944050,86757944053,3,1814,1007
86760354551,86760354547,-4,775,1821
86762420689,86762420694,5,2074,803
86763500152,86763500156,4,2747,1659
86764802393,86764802381,-12,46398,14069
86767018060,86767018064,4,1633,1500
86769868397,86769868399,2,2341,1713
86770984959,86770984955,-4,1440,3020
86777253818,86777253821,3,2343,1451
86779400489,86779400495,6,2867,1282
86782171730,86782171734,4,4477,2235
86787254548,86787254551,3,1810,1311
86790471683,86790471686,3,1543,1462
86799488002,86799488006,4,1445,1303
86799823866,86799823871,5,2002,1352
86801552690,86801552695,5,2006,1132
86802503856,86802503859,3,2016,1892
86806276902,86806276905,3,2230,1574
86808254544,86808254560,16,526,2908
86810286504,86810286507,3,1607,1065
86811557098,86811557101,3,2191,1487
86815373334,86815373339,5,1814,1184
86816148771,86816148774,3,1333,1178
86823150993,86823150998,5,1517,1028
86828183730,86828183733,3,2003,1276
86830632738,86830632742,4,2432,1277
86833140850,86833140854,4,1724,1074
86835446058,86835446061,3,1561,1211
86836505983,86836505986,3,1770,1705
86837863265,86837863263,-2,1358,2777
86838837526,86838837530,4,2285,1602
86839673819,86839673824,5,1592,1125
86840629197,86840629200,3,2235,1416
86841795863,86841795867,4,1044,911
86844948386,86844948391,5,1807,1669
86846105568,86846105573,5,2067,1131
86846838312,86846838319,7,1978,1143
86848346176,86848346178,2,1676,1216
86850922232,86850922237,5,1763,1568
86851084590,86851084598,8,1406,853
86853371738,86853371743,5,1336,1298
86855174126,86855174130,4,1783,1043
86855349241,86855349245,4,2557,1278
86856901713,86856901716,3,1392,1323
86857746585,86857746589,4,1798,1430
86865756400,86865756405,5,1960,1630
86866262967,86866262970,3,2053,1179
86866613762,86866613772,10,2173,1727
86868515762,86868515767,5,1604,772
86873016411,86873016416,5,2077,1589
86875146953,86875146957,4,1778,1366
86875253595,86875253598,3,2666,1565
86878283465,86878283471,6,1556,1243
86881477137,86881477141,4,1513,1057
86882478357,86882478361,4,1959,1601
86885387130,86885387135,5,1377,1446
86886278999,86886279003,4,1726,1289
86886757271,86886757275,4,2127,1289
86889782947,86889782951,4,1307,1007
86890092781,86890092768,-13,1343,854
86890943462,86890943467,5,1516,924
86893748796,86893748801,5,2551,1163
86897023003,86897023005,2,2228,2974
86899764586,86899764590,4,1935,1414
86900296339,86900296357,18,2068,1294
86902629936,86902629940,4,2577,1892
86902661398,86902661401,3,1758,921
86902810841,86902810851,10,11046,31685
86905463994,86905463999,5,2050,1364
86906738553,86906738557,4,2051,1315
86907030938,86907030941,3,2220,1703
86908126250,86908126255,5,1564,1278
86910447810,86910447814,4,2085,1418
86910653296,86910653279,-17,1729,971
86914160070,86914160075,5,1768,1235
86916142158,86916142163,5,2666,1177
86918269881,86918269884,3,1799,1267
86918415554,86918415559,5,1948,1365
86919286369,86919286373,4,2311,1351
86919776861,86919776866,5,1615,1225
86920657105,86920657109,4,2936,1580
86927581128,86927581133,5,1747,1374
86930657222,86930657226,4,2561,1652
86932603920,86932603926,6,2524,1249
86934000429,86934000431,2,2187,1578
86941654006,86941654010,4,2422,1627
86946462114,86946462118,4,1195,1220
86948122745,86948122747,2,1228,1002
86948654873,86948654878,5,2612,1371
86953664303,86953664307,4,2372,1477
86953705461,86953705465,4,1626,814
86955923828,86955923828,0,3087,3644
86959638597,86959638597,0,1486,1848
86964663222,86964663227,5,2394,1194
86964957979,86964957982,3,2003,1393
86965759069,86965759079,10,1534,1428
86970913952,86970913955,3,1990,887
86971929498,86971929501,3,2201,1352
86972815002,86972814981,-21,1282,673
86975828530,86975828534,4,2367,1777
86976838984,86976838990,6,2443,1522
86978164692,86978164697,5,1684,1449
86978951894,86978951898,4,1584,1273
86981867675,86981867679,4,2245,1221
86985788390,86985788395,5,3028,1412
86986166137,86986166142,5,1847,956
86992334173,86992334175,2,2822,1403
86992748747,86992748725,-22,1901,1209
86994031554,86994031554,0,1424,1318
86998357534,86998357530,-4,890,1436
86999000866,86999000870,4,2452,968
86999869038,86999869044,6,4228,2598
87001019214,87001019217,3,2094,1548
87003051013,87003051018,5,2723,1819
87003992167,87003992171,4,1960,1567
87005644406,87005644413,7,2865,1851
87005722358,87005722362,4,1866,1116
87008379514,87008379519,5,2006,1330
87008894526,87008894528,2,1907,1435
87009955120,87009955126,6,3269,1153
87010787492,87010787491,-1,39047,23045
87012314950,87012314955,5,2751,2087
87014141799,87014141805,6,2200,1146
87014221393,87014221412,19,860,123
87014886225,87014886229,4,1175,1191
87015595979,87015595985,6,1842,1742
87019340393,87019340399,6,3151,1450
87022992822,87022992818,-4,1314,1875
87025644907,87025644911,4,2009,1332
87026055715,87026055722,7,2215,1306
87027247435,87027247438,3,1627,1246
87027954970,87027954973,3,1970,1286
87034921857,87034921863,6,1670,1338
87038868208,87038868211,3,1303,878
87039535269,87039535274,5,1965,1742
87055808873,87055808878,5,3434,1770
87056484817,87056484822,5,3087,1215
87063317577,87063317580,3,1989,1521
87065058057,87065058037,-20,1414,508
87065287513,87065287517,4,2475,1649
87067883284,87067883282,-2,1909,2673
87074976474,87074976477,3,2730,1228
87076670619,87076670623,4,1722,2433
87077809174,87077809178,4,1406,1257
87079961330,87079961334,4,2552,1458
87080867814,87080867805,-9,158,1015
87082500278,87082500282,4,1533,832
87082941165,87082941167,2,1091,910
87083782210,87083782213,3,1965,1308
87094436743,87094436746,3,1687,1003
87100522054,87100522059,5,1284,1318
87104548081,87104548085,4,1369,1134
87104826618,87104826620,2,1410,1907
87107016700,87107016702,2,669,713
87108004491,87108004493,2,1605,1315
87113058597,87113058602,5,1925,1407
87113748323,87113748327,4,1753,1482
87113894250,87113894250,0,1105,951
87117056763,87117056767,4,2288,1851
87117162259,87117162253,-6,2835,8013
87117818457,87117818462,5,2605,1861
87120028895,87120028899,4,1864,1374
87120338266,87120338278,12,1203,294
87120980446,87120980452,6,2761,1441
87122147657,87122147660,3,2808,1774
87125602093,87125602095,2,2132,1339
87126037684,87126037687,3,2306,1094
87135068734,87135068739,5,2221,1777
87136865669,87136865669,0,1184,2163
87138378394,87138378398,4,2189,1374
87139522702,87139522706,4,2244,1482
87144166516,87144166519,3,2363,1445
87147208007,87147208004,-3,1216,2367
87148049638,87148049643,5,2047,1570
87148159487,87148159490,3,2414,1443
87148424129,87148424133,4,1899,1526
87149233847,87149233851,4,1296,889
87151555826,87151555830,4,2265,1600
87153277970,87153277948,-22,1991,1054
87154430148,87154430152,4,2463,1299
87160484443,87160484447,4,1146,1057
87165540882,87165540886,4,1645,1251
87167096557,87167096559,2,1954,1286
87169887930,87169887935,5,2410,1237
87170062985,87170062989,4,2016,1264
87170856928,87170856931,3,2289,2196
87172587954,87172587962,8,1649,1736
87172935554,87172935559,5,2702,1479
87173720947,87173720952,5,2045,976
87174851149,87174851154,5,2922,1235
87181611037,87181611040,3,1651,1134
87187639878,87187639882,4,2443,1644
87195623125,87195623125,0,2144,2442
87203479965,87203479969,4,1445,1075
87207762223,87207762226,3,1636,1162
87207948112,87207948102,-10,840,370
87211901331,87211901331,0,730,1516
87218950494,87218950475,-19,1000,814
87230476437,87230476444,7,2341,936
87233374098,87233374105,7,2107,1306
87234360997,87234361003,6,1367,948
87235048117,87235048118,1,2387,1290
87235507039,87235507020,-19,2302,864
87235951697,87235951703,6,1698,1371
87238556324,87238556329,5,2003,1396
87241072065,87241072070,5,2204,1115
87245915098,87245915101,3,1215,1413
87247671574,87247671576,2,1950,1239
87257677379,87257677383,4,966,836
87258855897,87258855902,5,1786,1016
87259377434,87259377446,12,2169,1165
87259587706,87259587710,4,1253,1181
87261869626,87261869628,2,2018,1751
87265247897,87265247900,3,2147,1493
87266465910,87266465914,4,1603,867
87266985665,87266985665,0,1039,979
87273249158,87273249161,3,2289,1224
87274545350,87274545351,1,2465,1310
87274837661,87274837666,5,1662,1150
87278599361,87278599365,4,2024,1404
87280418677,87280418682,5,2502,1370
87280951287,87280951290,3,2180,1308
87286637922,87286637926,4,2206,1527
87287781910,87287781910,0,1529,1830
87288977742,87288977746,4,1253,886
87291040818,87291040823,5,2510,1424
87297777302,87297777300,-2,552,1347
87299817748,87299817750,2,2278,1559
87300819220,87300819223,3,1885,1310
87302245150,87302245153,3,2402,1893
87302315900,87302315899,-1,1167,1646
87303092398,87303092406,8,2930,901
87305062239,87305062243,4,1446,1274
87306146918,87306146923,5,1742,1267
87306576578,87306576582,4,1355,778
87307857418,87307857422,4,1987,1815
87310705352,87310705358,6,1719,719
87312831346,87312831352,6,2115,1254
87315833440,87315833443,3,2605,1657
87316464933,87316464939,6,1730,933
87318727392,87318727396,4,1484,1395
87319272622,87319272607,-15,2111,1567
87321807706,87321807710,4,1651,1409
87326230088,87326230086,-2,2313,2783
87330449826,87330449830,4,1594,1222
87330748812,87330748800,-12,1864,1056
87331017207,87331017212,5,1178,723
87332355097,87332355102,5,2408,1150
87334364980,87334364983,3,2209,2506
87336926271,87336926264,-7,770,305
87343700702,87343700694,-8,8573,19812
87347698030,87347698034,4,2055,1251
87348188297,87348188303,6,1570,831
87348677758,87348677762,4,2323,1905
87350301787,87350301793,6,2279,1745
87353914658,87353914663,5,2140,1736
87358675362,87358675366,4,2659,1312
87362873169,87362873174,5,2306,1666
87373672346,87373672349,3,1665,1375
87374898227,87374898221,-6,1023,4722
87375747470,87375747475,5,2421,867
87377146386,87377146389,3,1845,1368
87378223381,87378223384,3,2143,1016
87379095595,87379095598,3,2573,1188
87379580757,87379580762,5,1450,1047
87382917007,87382917011,4,2069,1343
87389937581,87389937585,4,1802,1588
87390783842,87390783846,4,1781,1043
87396367243,87396367261,18,1274,2179
87399102450,87399102454,4,1752,1902
87399778660,87399778666,6,2606,993
87400084511,87400084496,-15,2418,1377
87400116850,87400116853,3,11968,10623
87404015835,87404015839,4,1792,1476
87404091221,87404091225,4,1630,1098
87404256050,87404256028,-22,1980,1059
87408092869,87408092877,8,2308,1497
87410207117,87410207120,3,2469,1858
87412649482,87412649487,5,1824,1152
87416340950,87416340954,4,2076,1140
87418603888,87418603890,2,1998,1622
87418912386,87418912387,1,1217,1632
87419316853,87419316856,3,1743,1016
87419727487,87419727494,7,1042,606
87419787587,87419787568,-19,1431,1007
87421098713,87421098724,11,1583,1805
87421254434,87421254438,4,1655,1300
87422324742,87422324746,4,1841,1518
87423367920,87423367924,4,2488,1521
87423974985,87423975007,22,2118,1363
87424366913,87424366915,2,1646,1674
87425024526,87425024529,3,1720,1010
87428712697,87428712701,4,1802,1182
87431308752,87431308756,4,2433,1570
87433148551,87433148555,4,2529,1152
87434441606,87434441610,4,1900,1300
87434967406,87434967410,4,1979,1157
87435011842,87435011846,4,1655,1610
87436777413,87436777418,5,2460,1069
87438440590,87438440594,4,1303,1243
87439733543,87439733547,4,1353,1232
87440225607,87440225610,3,2804,1572
87440391046,87440391051,5,2273,1245
87443973203,87443973206,3,2141,1628
87444170762,87444170765,3,2635,1509
87445377095,87445377099,4,2429,1434
87449416974,87449416980,6,2508,1271
87450709520,87450709524,4,5104,3428
87457278811,87457278817,6,1784,1473
87457547721,87457547726,5,1978,1385
87459334854,87459334858,4,1910,1527
87459836177,87459836180,3,1645,1227
87461513533,87461513536,3,1713,839
87462653343,87462653346,3,2011,1337
87463050217,87463050230,13,1936,1133
87470647518,87470647524,6,2084,1240
87471855026,87471855031,5,2278,1232
87472796286,87472796286,0,1588,1484
87473096757,87473096762,5,2009,1192
87476410809,87476410815,6,2532,1967
87477420866,87477420867,1,1542,1432
87477453645,87477453651,6,2370,1087
87481341037,87481341042,5,2089,922
87482297085,87482297099,14,115,1188
87483451531,87483451535,4,2079,1688
87483670379,87483670388,9,1385,1297
87487720187,87487720191,4,2662,1386
87490463883,87490463889,6,1849,1141
87492606185,87492606190,5,1682,1082
87493569026,87493569044,18,597,148
87495286692,87495286696,4,2790,1559
87497953251,87497953255,4,2035,1405
87500863022,87500863026,4,1725,892
87501276276,87501276279,3,1565,810
87501613527,87501613530,3,2211,909
87505964526,87505964529,3,1328,1259
87506825203,87506825206,3,1723,1210
87509374169,87509374171,2,1962,1708
87509795273,87509795278,5,3088,1686
87512362933,87512362934,1,1406,2037
87512628016,87512628019,3,2072,1327
87517535082,87517535086,4,1407,1037
87517962369,87517962374,5,1935,1331
87519601618,87519601623,5,1963,1353
87520724606,87520724609,3,2213,1546
87521278859,87521278861,2,2889,1790
87526203965,87526203970,5,2180,1151
87526632186,87526632196,10,1333,860
87527430913,87527430918,5,2075,960
87535438350,87535438356,6,2208,1325
87537675925,87537675930,5,1480,981
87540277494,87540277499,5,2352,1033
87540731727,87540731731,4,1834,945
87543009458,87543009462,4,1198,1233
87544050219,87544050224,5,1164,1110
87545522748,87545522751,3,1823,1289
87546889438,87546889444,6,2094,1489
87552395320,87552395323,3,1226,662
87553432027,87553432032,5,3119,1387
87555822693,87555822695,2,1741,1088
87555933658,87555933657,-1,20565,81522
87560493962,87560493965,3,1819,1423
87562151065,87562151069,4,2633,1585
87563412759,87563412764,5,2108,1784
87564662672,87564662677,5,2029,985
87567221698,87567221704,6,3115,1614
87569879049,87569879046,-3,1858,4457
87570806855,87570806874,19,907,1624
87571853841,87571853842,1,899,1278
87572434712,87572434715,3,1360,907
87573130827,87573130831,4,1651,992
87573570102,87573570106,4,1855,1406
87574321669,87574321675,6,1916,1178
87574880443,87574880460,17,1652,1137
87575010472,87575010475,3,2189,1301
87580196810,87580196814,4,1267,760
87581143083,87581143087,4,1681,1418
87585986955,87585986959,4,1997,1199
87587980676,87587980680,4,1629,1139
87588033725,87588033743,18,477,98
87591098560,87591098564,4,2604,1561
87591373724,87591373723,-1,2143,2102
87592382591,87592382597,6,2099,1623
87596597529,87596597533,4,1719,1385
87600528130,87600528134,4,3388,1711
87601088965,87601088968,3,1720,1665
87608011298,87608011303,5,2563,1883
87608635049,87608635053,4,1747,1340
87608891237,87608891241,4,1828,1248
87609069433,87609069437,4,1723,1064
87612692802,87612692807,5,2159,1094
87614033758,87614033762,4,1345,1585
87621551122,87621551126,4,2308,1265
87622432899,87622432903,4,2227,1369
87626279581,87626279585,4,1495,1194
87638087261,87638087268,7,1877,1156
87642435097,87642435102,5,1640,847
87649510537,87649510542,5,2279,1733
87654533613,87654533617,4,2019,972
87655178726,87655178721,-5,1672,3156
87655667979,87655667984,5,1996,1425
87656694590,87656694595,5,1777,1361
87657110938,87657110933,-5,1316,3595
87662230029,87662230035,6,2505,1320
87662594725,87662594712,-13,2099,894
87669135017,87669135022,5,1912,1314
87670063147,87670063141,-6,990,4708
87671214630,87671214633,3,1426,830
87671467799,87671467805,6,2019,1372
87672203736,87672203716,-20,2072,1206
87680239524,87680239530,6,1915,1016
87680395324,87680395310,-14,2135,1002
87685179992,87685179993,1,1360,1443
87685744010,87685744014,4,1974,1436
87686237014,87686237019,5,2748,1401
87687566352,87687566357,5,1516,1068
87688307568,87688307571,3,1537,1018
87689580564,87689580567,3,1349,894
87690580232,87690580236,4,1422,1190
87695012258,87695012263,5,1627,1265
87703842333,87703842333,0,2770,1165
87705689738,87705689730,-8,602,2654
87709557828,87709557831,3,2263,1322
87711564055,87711564058,3,2128,1348
87712331314,87712331322,8,2897,1279
87713004354,87713004358,4,1250,867
87713043804,87713043806,2,1806,1529
87713443015,87713442997,-18,2256,1450
87720315773,87720315779,6,1966,1072
87728473145,87728473147,2,2084,1297
87729541869,87729541872,3,1879,1156
87732824821,87732824827,6,1348,890
87738487152,87738487155,3,2533,1501
87740042493,87740042496,3,1855,1344
87748908613,87748908614,1,1212,985
87749525407,87749525411,4,2562,1555
87750862660,87750862663,3,2317,998
87751889844,87751889837,-7,692,152
87757024722,87757024728,6,2234,1717
87760582134,87760582138,4,2172,1041
87761334982,87761334986,4,2029,1697
87762613730,87762613733,3,3734,2751
87762747310,87762747315,5,2000,1263
87763611645,87763611646,1,1294,1237
87764548631,87764548635,4,1603,1199
87766057990,87766057995,5,1883,1477
87767062273,87767062275,2,1087,1509
87767461587,87767461591,4,1449,1689
87771771887,87771771891,4,2360,1693
87772386307,87772386310,3,3738,3630
87772546924,87772546929,5,2267,1136
87775268433,87775268436,3,2721,1304
87776769198,87776769205,7,2791,1822
87781243904,87781243910,6,5741,3026
87781528054,87781528059,5,2372,1539
87782984379,87782984374,-5,27356,11069
87783806355,87783806361,6,4939,2282
87784146741,87784146749,8,3972,50005
87794900097,87794900102,5,1838,1400
87795488072,87795488076,4,1848,1295
87796993433,87796993437,4,2047,2069
87800819166,87800819169,3,1834,1588
87801427925,87801427929,4,1982,1704
87802403466,87802403466,0,1774,2319
87803214861,87803214866,5,1615,1643
87808677175,87808677181,6,2471,2026
87810550225,87810550230,5,2161,1196
87810944163,87810944166,3,1907,1507
87813833296,87813833301,5,1951,1382
87821607405,87821607403,-2,1297,1580
87823358714,87823358719,5,2750,1327
87827420010,87827420014,4,1780,1238
87830685658,87830685663,5,1873,1566
87832201522,87832201527,5,2619,1189
87832302452,87832302446,-6,982,2180
87833049076,87833049082,6,3756,1803
87843102839,87843102842,3,1956,1596
87845902934,87845902938,4,1738,1658
87846260787,87846260790,3,2843,1468
87847449253,87847449256,3,1377,1042
87848285689,87848285693,4,2421,1764
87850665116,87850665120,4,2076,1776
87858477860,87858477864,4,2135,1198
87860716510,87860716511,1,1380,866
87860770378,87860770391,13,3000,283
87861539123,87861539132,9,2681,1506
87864221214,87864221219,5,1380,1043
87868237352,87868237358,6,2308,1571
87874655238,87874655242,4,1505,1484
87875211682,87875211687,5,1605,898
87879648461,87879648463,2,2103,1097
87880439670,87880439677,7,2417,426
87885699897,87885699903,6,1581,1536
87886302275,87886302278,3,1838,1681
87891009816,87891009820,4,2377,1714
87893253870,87893253871,1,2043,1428
87895103257,87895103261,4,1454,1208
87898641855,87898641859,4,2064,1152
87899244651,87899244653,2,1950,1275
87906604400,87906604405,5,2265,1378
87910522042,87910522047,5,3186,1482
87911692297,87911692298,1,1962,1840
87912795026,87912795030,4,1578,879
87913327621,87913327627,6,1691,1461
87917288678,87917288682,4,1475,1222
87918289606,87918289611,5,1901,1096
87918775522,87918775535,13,1863,1597
87919573053,87919573053,0,1690,1642
87920024470,87920024475,5,2067,1065
87920059171,87920059151,-20,1836,1183
87920213702,87920213703,1,1529,1224
87923941417,87923941421,4,1711,1048
87925444628,87925444634,6,1245,1039
87926285011,87926284989,-22,1740,1425
87929413922,87929413928,6,3699,1778
87933306715,87933306721,6,3762,1458
87933605406,87933605399,-7,494,178
87935307710,87935307713,3,1731,1040
87937616210,87937616214,4,1579,1339
87938618862,87938618866,4,1458,1007
87943216242,87943216246,4,1789,1365
87943514402,87943514406,4,1819,1283
87944154804,87944154806,2,1690,1314
87945010450,87945010451,1,1542,1777
87946515333,87946515333,0,3995,17531
87948864043,87948864050,7,1148,940
87952683478,87952683483,5,1660,1096
87954275714,87954275718,4,1805,1087
87956944434,87956944439,5,1124,1052
87957047378,87957047383,5,1567,1042
87957645636,87957645642,6,2094,1477
87958071058,87958071061,3,2040,1982
87961881510,87961881514,4,2135,1522
87963360553,87963360556,3,2277,1608
87963897174,87963897179,5,2056,748
87968324744,87968324751,7,2930,1414
87970424777,87970424781,4,1228,1446
87975267994,87975267999,5,1136,1598
87976950051,87976950053,2,1367,1445
87977919319,87977919322,3,1424,1505
87978153365,87978153370,5,2320,1181
87978379892,87978379906,14,608,3154
87982897360,87982897366,6,3264,1334
87989807418,87989807422,4,2676,1218
87990053010,87990053014,4,2607,1414
87990096010,87990095998,-12,1889,751
87996237089,87996237094,5,2252,1127
87997501175,87997501178,3,1164,1317
88000335889,88000335884,-5,4157,6844
88000400212,88000400214,2,1375,1424
88000459737,88000459758,21,2439,1492
88004319563,88004319547,-16,1808,1501
88004492960,88004492964,4,1984,2113
88005522490,88005522493,3,2119,1238
88006711934,88006711938,4,2109,1234
88008320933,88008320938,5,1660,1340
88009180711,88009180715,4,2095,1281
88011062066,88011062071,5,2142,1022
88011602899,88011602903,4,1977,1270
88016226970,88016226975,5,2385,1011
88018041837,88018041842,5,2810,1275
88019023900,88019023905,5,1839,1340
88021604678,88021604679,1,921,1548
88025188443,88025188447,4,1783,1394
88028606438,88028606443,5,2382,1151
88028857211,88028857215,4,2493,930
88031373531,88031373535,4,2343,1622
88033168426,88033168422,-4,1600,3571
88033217030,88033217033,3,1708,1314
88036117287,88036117293,6,2691,1175
88039492099,88039492102,3,1756,1287
88041777845,88041777850,5,1080,1122
88048244666,88048244668,2,1693,1435
88049483562,88049483566,4,2911,1511
88052380028,88052380033,5,1200,1055
88053800495,88053800495,0,2399,11312
88053828831,88053828835,4,1697,1333
88054413043,88054413048,5,896,767
88055135289,88055135294,5,2424,1268
88056593973,88056593978,5,1698,944
88056798448,88056798431,-17,1378,651
88056853430,88056853435,5,2719,1096
88057090210,88057090191,-19,1486,880
88060367498,88060367502,4,1306,871
88062219574,88062219553,-21,1748,941
88064092969,88064092991,22,698,136
88068234446,88068234453,7,1767,1176
88069354770,88069354771,1,1600,1160
88070096507,88070096511,4,2080,958
88070155927,88070155909,-18,1369,945
88070691110,88070691114,4,1324,756
88072454085,88072454089,4,2180,1664
88074788765,88074788769,4,2330,1605
88074867282,88074867286,4,2030,1465
88075251781,88075251785,4,1943,1165
88075587201,88075587195,-6,882,2739
88077036210,88077036216,6,2490,1368
88078313132,88078313133,1,1997,1016
88079825470,88079825475,5,2475,1159
88082434761,88082434762,1,1892,1256
88083967491,88083967483,-8,1178,3547
88084480298,88084480301,3,1035,979
88084701362,88084701366,4,1847,1187
88089217395,88089217407,12,2324,1367
88089524691,88089524693,2,1084,1412
88092234951,88092234956,5,1536,1492
88092309459,88092309464,5,2041,1124
88093420844,88093420842,-2,1325,2056
88097178639,88097178641,2,2442,2376
88097389186,88097389191,5,1865,1449
88099229790,88099229794,4,2112,1362
88104657523,88104657527,4,1361,974
88116077676,88116077683,7,2950,750
88117834289,88117834294,5,1307,638
88124109670,88124109673,3,2470,1348
88127147530,88127147536,6,2288,1246
88133171980,88133171985,5,1553,970
88137336179,88137336182,3,2012,1353
88140343935,88140343939,4,2001,1511
88141011960,88141011964,4,1863,1228
88141114365,88141114372,7,1958,1683
88143260126,88143260130,4,2150,1361
88146934631,88146934634,3,1719,1397
88154286463,88154286466,3,1989,1387
88157298090,88157298095,5,1919,1380
88161525440,88161525441,1,12728,15551
88162945895,88162945901,6,2207,844
88168436918,88168436919,1,2380,1672
88171332339,88171332341,2,2008,1886
88171509314,88171509315,1,1547,1319
88172576667,88172576669,2,2030,1681
88172853235,88172853239,4,1405,1079
88177565614,88177565617,3,2466,1945
88178983722,88178983725,3,1756,1536
88181825097,88181825100,3,3268,2259
88187242364,88187242366,2,1375,1238
88188805979,88188805982,3,2026,1105
88189204751,88189204757,6,2815,1267
88189577070,88189577076,6,3664,1715
88189799681,88189799685,4,2241,1938
88192477880,88192477884,4,1421,824
88200494789,88200494795,6,11959,5113
88200590117,88200590120,3,1930,1021
88200810838,88200810845,7,2879,1097
88211275778,88211275783,5,2405,1471
88212745064,88212745069,5,2705,1093
88212992355,88212992361,6,2021,1061
88216037325,88216037327,2,2044,1474
88222245877,88222245882,5,1467,1034
88227443918,88227443923,5,1852,1412
88231508321,88231508326,5,1500,1317
88237714299,88237714303,4,2546,1507
88245844323,88245844327,4,1522,1371
88246828738,88246828741,3,1719,1297
88249427868,88249427872,4,1991,1506
88250955835,88250955838,3,2525,1236
88254400182,88254400186,4,1361,1398
88257283946,88257283951,5,3975,1725
88262666922,88262666927,5,2368,1208
88262801154,88262801157,3,1664,1232
88263329678,88263329681,3,2436,1863
88271616285,88271616290,5,2205,1377
88271768418,88271768422,4,2272,1331
88272658203,88272658207,4,1606,884
88274525046,88274525051,5,1526,1220
88276234959,88276234964,5,2244,1185
88277669408,88277669411,3,1635,994
88277710169,88277710175,6,1826,1503
88278880056,88278880058,2,1753,1159
88280060408,88280060410,2,2290,1278
88281793209,88281793211,2,1183,863
88283973479,88283973477,-2,1759,1716
88289341425,88289341427,2,1796,1103
88291199801,88291199806,5,2435,1656
88293111830,88293111825,-5,2160,5371
88295246762,88295246766,4,2021,1145
88295463178,88295463184,6,2270,1381
88298968574,88298968578,4,1017,901
88299921821,88299921822,1,1602,1392
88302792775,88302792778,3,1451,1279
88307009183,88307009187,4,2818,1495
88310360586,88310360585,-1,732,831
88312904934,88312904938,4,2518,1386
88313516297,88313516298,1,2021,2098
88314242881,88314242887,6,1568,1252
88314511150,88314511133,-17,1982,1594
88314725065,88314725068,3,2742,1565
88318357491,88318357495,4,1846,1063
88323085721,88323085726,5,1694,981
88323669346,88323669351,5,1391,872
88325576301,88325576306,5,1428,941
88328516649,88328516651,2,1612,1347
88329054730,88329054732,2,1860,1281
88329460231,88329460212,-19,1795,1065
88330524729,88330524734,5,1693,1160
88332135171,88332135159,-12,1159,467
88334525359,88334525364,5,1164,1149
88336329019,88336329025,6,2908,959
88336834782,88336834786,4,2080,1407
88339403718,88339403723,5,2164,1752
88339700858,88339700862,4,1436,1010
88343508362,88343508368,6,1894,1580
88344933823,88344933829,6,1889,1229
88345042293,88345042296,3,1271,1169
88346784314,88346784318,4,1824,1836
88347789659,88347789666,7,1585,1442
88348721142,88348721125,-17,745,362
88353326673,88353326679,6,2616,1396
88361452998,88361453004,6,1913,1447
88361489926,88361489943,17,2401,1445
88361990539,88361990541,2,1553,1661
88363125352,88363125345,-7,2340,7510
88364350334,88364350338,4,2049,1233
88365256694,88365256701,7,3113,1306
88365352153,88365352151,-2,1139,364
88368026344,88368026346,2,2006,1121
88374674644,88374674646,2,1788,1657
88378655215,88378655208,-7,430,2211
88380796416,88380796421,5,2529,1398
88381312453,88381312453,0,2580,1487
88384233572,88384233578,6,2957,1393
88386431226,88386431230,4,1562,1165
88389753633,88389753637,4,2406,1272
88389904287,88389904291,4,2114,1498
88390509954,88390509959,5,2138,1248
88392413247,88392413247,0,872,859
88394013901,88394013903,2,2719,1591
88395500687,88395500692,5,1905,1406
88399103209,88399103231,22,1307,1975
88401265377,88401265382,5,1820,1026
88407352418,88407352419,1,752,947
88408317446,88408317450,4,2400,2109
88409221338,88409221339,1,1536,1741
88412742468,88412742475,7,3562,1436
88413278892,88413278896,4,1653,1150
88413826331,88413826310,-21,2175,1172
88416027631,88416027634,3,2170,1642
88418041422,88418041427,5,1675,1099
88418070905,88418070916,11,2770,1014
88418489222,88418489226,4,2062,1608
88419851666,88419851669,3,1683,1383
88425120431,88425120434,3,1291,1315
88431491298,88431491304,6,1806,1300
88435627948,88435627954,6,1841,1074
88437498398,88437498403,5,1681,1114
88438854649,88438854654,5,4158,3046
88440458256,88440458248,-8,232,1528
88442308789,88442308793,4,1508,1311
88442494546,88442494551,5,1799,1523
88444975139,88444975143,4,1242,1165
88445708433,88445708434,1,17427,7071
88446505974,88446505978,4,4085,2592
88448278320,88448278326,6,2675,1436
88449284271,88449284277,6,2918,1555
88449796866,88449796845,-21,2377,1297
88449975391,88449975395,4,1515,1205
88456421957,88456421963,6,2060,1310
88457226655,88457226659,4,2608,1950
88460978942,88460978946,4,1863,1256
88461920287,88461920294,7,2314,1112
88461974625,88461974606,-19,1411,1282
88462005758,88462005762,4,1745,1488
88463282796,88463282798,2,2456,1457
88463361984,88463361986,2,1798,1155
88468485751,88468485754,3,1433,1447
88469159609,88469159613,4,1867,1456
88469351322,88469351304,-18,1697,831
88472165519,88472165522,3,1762,1143
88474199857,88474199862,5,2094,960
88474306567,88474306571,4,1802,998
88474585298,88474585279,-19,1593,1242
88477244427,88477244432,5,577,316
88479950100,88479950103,3,2668,1578
88481033375,88481033377,2,1055,1137
88481390185,88481390190,5,2440,1809
88482972161,88482972164,3,1802,1343
88489090613,88489090612,-1,40884,20696
88493643278,88493643273,-5,1572,4985
88496357635,88496357638,3,2000,1286
88497048398,88497048404,6,2930,1580
88497908902,88497908905,3,1472,854
88508435345,88508435350,5,1844,1132
88509262919,88509262923,4,2324,1734
88509545863,88509545855,-8,515,3706
88512871394,88512871397,3,1779,1495
88520541879,88520541881,2,1033,1237
88521166814,88521166815,1,1841,1337
88521758441,88521758444,3,2161,1183
88528479169,88528479171,2,1463,1418
88530747529,88530747531,2,2038,1097
88531562770,88531562777,7,1818,1267
88533560972,88533560977,5,2362,1490
88536594313,88536594317,4,2643,1424
88540364498,88540364477,-21,2286,1794
88541446592,88541446593,1,1586,1271
88546731305,88546731307,2,943,1473
88547028826,88547028830,4,1810,931
88548899607,88548899611,4,1357,898
88549802513,88549802518,5,8648,4489
88550124511,88550124515,4,2443,1383
88550496486,88550496481,-5,1028,3195
88555712997,88555713001,4,2272,1485
88555879012,88555879015,3,1560,1421
88557762344,88557762347,3,1774,884
88557980355,88557980358,3,2047,1350
88558461778,88558461785,7,6520,2071
88564984223,88564984227,4,1810,1169
88566635842,88566635847,5,1703,1320
88567051086,88567051090,4,1535,1386
88567125555,88567125558,3,1861,1287
88570098024,88570098029,5,2865,1283
88570378718,88570378716,-2,1721,2040
88572918062,88572918067,5,5087,2755
88573059909,88573059914,5,1857,1301
88574463418,88574463420,2,1975,1361
88575721800,88575721781,-19,1153,804
88577265519,88577265522,3,1578,1259
88579112387,88579112393,6,2257,1178
88580049896,88580049899,3,2233,1284
88581717635,88581717637,2,2055,1358
88582949634,88582949639,5,2316,1073
88586629774,88586629778,4,1772,1074
88588115104,88588115109,5,2940,1388
88589151542,88589151537,-5,952,3780
88591773050,88591773055,5,1651,1542
88595723202,88595723208,6,2495,1254
88598091871,88598091875,4,2800,1063
88600488940,88600488944,4,1758,1580
88602658910,88602658915,5,2477,988
88603334580,88603334585,5,1920,1126
88615490760,88615490758,-2,2247,4776
88616164189,88616164192,3,1384,1089
88618772324,88618772327,3,1349,895
88620955858,88620955861,3,2431,1106
88621377198,88621377202,4,2681,1614
88622179558,88622179544,-14,2018,1183
88624232838,88624232841,3,1418,904
88627268078,88627268083,5,1864,1588
88631240935,88631240939,4,2627,994
88631637813,88631637819,6,2043,1367
88632667287,88632667288,1,1685,2569
88633187276,88633187277,1,1970,729
88641982105,88641982110,5,1579,1596
88643368358,88643368360,2,1103,1187
88643663256,88643663261,5,2011,1598
88651023603,88651023606,3,1527,1232
88651973591,88651973594,3,1240,1326
88653340908,88653340911,3,1827,1360
88655219198,88655219198,0,2495,2610
88656621394,88656621411,17,18251,24747
88665383451,88665383454,3,1243,1025
88667302869,88667302874,5,1739,820
88668840403,88668840401,-2,1211,2605
88670157338,88670157341,3,1065,807
88670442575,88670442583,8,2239,1155
88671853043,88671853045,2,1484,1117
88672621047,88672621050,3,1493,1403
88684758503,88684758506,3,1555,820
88690950280,88690950283,3,1386,777
88692411798,88692411804,6,2133,1285
88694559397,88694559402,5,2155,1306
88696426445,88696426451,6,2211,1409
88703413753,88703413758,5,2159,1293
88705620305,88705620309,4,1935,1568
88705834266,88705834270,4,1735,1024
88709715067,88709715070,3,2057,1476
88711906997,88711907002,5,2306,1024
88712946051,88712946054,3,2090,935
88714790754,88714790761,7,1972,1081
88716706965,88716706969,4,2513,1157
88716954097,88716954102,5,1956,1081
88717498843,88717498842,-1,1754,1539
88719526571,88719526581,10,15692,21388
88719650311,88719650314,3,1459,1478
88721629128,88721629132,4,2590,1669
88724151267,88724151272,5,1993,1664
88725126796,88725126800,4,1938,2104
88725370762,88725370766,4,2155,1513
88728876230,88728876231,1,1947,1145
88731770908,88731770913,5,1864,1389
88732763024,88732763027,3,1504,1234
88733619686,88733619691,5,1883,1720
88738805307,88738805313,6,1953,1528
88740709161,88740709167,6,1813,1211
88741392011,88741391990,-21,1804,1360
88743226082,88743226086,4,2167,1152
88748618235,88748618239,4,2079,1604
88751047390,88751047397,7,9147,34405
88752498541,88752498538,-3,1742,3047
88753304297,88753304294,-3,1045,4199
88757503909,88757503913,4,2468,1113
88760866373,88760866378,5,1374,1106
88762211047,88762211049,2,2530,1794
88763062394,88763062398,4,1860,1117
88765204093,88765204098,5,1787,1531
88767673043,88767673044,1,883,1928
88768417055,88768417060,5,2225,1570
88768701663,88768701661,-2,614,1359
88769474643,88769474646,3,1183,1088
88774223185,88774223189,4,1983,1244
88776588981,88776588986,5,2229,1274
88779296796,88779296801,5,1658,1532
88779692046,88779692054,8,1329,1369
88782696282,88782696287,5,1877,1402
88787501150,88787501154,4,2862,1446
88791348755,88791348760,5,2226,1531
88792912112,88792912118,6,2609,1147
88793000061,88793000065,4,2102,1433
88793205430,88793205435,5,2146,1311
88794786134,88794786140,6,2540,1918
88794987308,88794987313,5,1234,1072
88797102243,88797102247,4,2340,1838
88799912357,88799912362,5,2228,1441
88801439407,88801439415,8,1257,719
88802562177,88802562182,5,1537,1083
88812624998,88812625002,4,1866,1239
88816508845,88816508850,5,2085,877
88821787983,88821787985,2,1958,1330
88822331627,88822331636,9,1662,1140
88824722942,88824722947,5,2089,1220
88826555837,88826555841,4,1725,1557
88830577621,88830577626,5,1589,1249
88837195775,88837195781,6,1562,991
88838030906,88838030911,5,2721,1135
88840658522,88840658526,4,2076,1444
88841278049,88841278053,4,1815,1636
88841338470,88841338474,4,1965,1175
88842012474,88842012477,3,2117,1852
88843047554,88843047559,5,2561,1740
88844085122,88844085127,5,1585,1138
88844625435,88844625439,4,1796,1625
88847177938,88847177943,5,1982,1497
88847224929,88847224912,-17,1507,844
88848466043,88848466047,4,1894,1518
88861533370,88861533375,5,1516,1231
88861919746,88861919750,4,2045,1201
88868666565,88868666570,5,2047,1003
88871133184,88871133189,5,2162,1252
88878903606,88878903610,4,1761,1410
88879137560,88879137566,6,2817,1457
88880305122,88880305120,-2,1257,2755
88882595106,88882595109,3,1264,1018
88890306856,88890306859,3,1750,1131
88890772091,88890772099,8,2156,932
88891363450,88891363432,-18,908,787
88895110939,88895110943,4,1521,886
88898102901,88898102903,2,2091,1435
88901233209,88901233214,5,1521,991
88902685302,88902685299,-3,654,1512
88904389569,88904389574,5,2010,2010
88904496029,88904496032,3,2125,1747
88908481126,88908481130,4,1742,1069
88909112597,88909112602,5,1964,1153
88910888044,88910888047,3,1598,1510
88915503097,88915503100,3,2588,1356
88915626930,88915626935,5,1523,1273
88917120922,88917120927,5,1235,882
88924124521,88924124527,6,2679,1708
88926358878,88926358882,4,1753,1228
88927157858,88927157861,3,2062,1213
88927500670,88927500654,-16,2005,1260
88928543252,88928543257,5,2179,1221
88929751882,88929751888,6,1757,1089
88931312113,88931312110,-3,1080,2959
88932150946,88932150949,3,1589,1325
88937924527,88937924532,5,2909,1982
88939208927,88939208930,3,1868,1292
88939747529,88939747532,3,2421,1659
88940393181,88940393176,-5,946,2748
88941400941,88941400947,6,2094,1361
88942168334,88942168316,-18,1717,1052
88942985506,88942985509,3,2667,1174
88947810066,88947810070,4,2775,1588
88950431018,88950431021,3,1683,1271
88950961088,88950961093,5,3073,1512
88953220354,88953220347,-7,2228,7767
88955466297,88955466302,5,2808,1274
88958761998,88958761998,0,1662,1604
88960172596,88960172599,3,1735,1075
88960970538,88960970541,3,2480,1755
88961831192,88961831197,5,1894,1124
88964594426,88964594430,4,1637,1716
88965335418,88965335422,4,1508,1772
88966240127,88966240109,-18,2184,804
88974464249,88974464254,5,2324,1078
88975202546,88975202545,-1,1831,2053
88977348058,88977348062,4,1909,1401
88977772390,88977772394,4,2304,1643
88978414518,88978414518,0,1583,1911
88984929930,88984929929,-1,1568,1265
88985552985,88985552986,1,1806,1045
88985992151,88985992155,4,2469,1270
88988117782,88988117775,-7,824,4666
88990678770,88990678782,12,2085,1046
88990772514,88990772519,5,2138,1355
88991243456,88991243461,5,2926,1130
88994680911,88994680915,4,2376,1650
88994866046,88994866053,7,2209,1368
88997764304,88997764307,3,2206,1282
88998262475,88998262479,4,1459,923
89001779532,89001779537,5,2725,1174
89001851316,89001851321,5,2012,1440
89002922601,89002922603,2,2002,1684
89008897460,89008897466,6,3813,1103
89016757389,89016757392,3,1508,1076
89021482483,89021482485,2,1575,1479
89022804207,89022804211,4,1518,1604
89023456596,89023456594,-2,1316,1355
89025887103,89025887098,-5,1188,3772
89028070074,89028070078,4,1883,1648
89028864450,89028864454,4,1637,1028
89030508451,89030508452,1,1792,1787
89030649665,89030649646,-19,1115,849
89031433039,89031433045,6,2073,1474
89031653453,89031653455,2,1842,1467
89032063072,89032063077,5,1599,1279
89032659919,89032659933,14,2263,1198
89033593638,89033593643,5,1678,1311
89035656341,89035656337,-4,1101,3503
89036522342,89036522347,5,1906,1726
89036949622,89036949623,1,1769,1551
89049297369,89049297374,5,2493,1467
89052110482,89052110485,3,2649,1477
89052180388,89052180394,6,2152,1104
89053305114,89053305116,2,1063,1275
89053393575,89053393556,-19,2107,1068
89056557621,89056557624,3,1329,1163
89057231631,89057231633,2,1159,1070
89058427476,89058427481,5,2246,1875
89062130595,89062130601,6,2043,1450
89062350563,89062350567,4,1826,1669
89062945295,89062945294,-1,1257,1563
89068392427,89068392432,5,1869,1678
89068839877,89068839878,1,1155,1793
89069549113,89069549120,7,1794,947
89071404412,89071404416,4,1680,1079
89071667028,89071667047,19,1414,969
89072793831,89072793833,2,1457,1639
89074166367,89074166371,4,2271,1493
89077097942,89077097946,4,1686,1536
89077729646,89077729651,5,1604,1023
89084793209,89084793211,2,1401,1487
89085203353,89085203358,5,1985,1417
89086724383,89086724388,5,1534,1330
89091441467,89091441471,4,1422,886
89092465670,89092465670,0,1503,1744
89093618974,89093618990,16,2810,1446
89095625853,89095625858,5,2449,1124
89099157857,89099157861,4,1352,901
89099919923,89099919929,6,1749,1338
89102793193,89102793199,6,2869,1529
89105720041,89105720038,-3,2485,3868
89105883430,89105883435,5,2024,1343
89110367960,89110367962,2,1751,926
89112323094,89112323098,4,1690,1439
89112673574,89112673579,5,1632,1388
89113005242,89113005246,4,1883,1340
89116610826,89116610829,3,2114,1302
89119123339,89119123342,3,2337,1707
89122900556,89122900560,4,1748,1377
89123847174,89123847178,4,2240,1411
89125713742,89125713749,7,2325,1599
89125953995,89125954001,6,1707,1340
89129744741,89129744742,1,2730,3292
89132252000,89132251982,-18,2466,647
89132684502,89132684507,5,1206,882
89133659923,89133659927,4,2230,1669
89142004434,89142004437,3,1656,1604
89148729037,89148729043,6,1597,868
89154525894,89154525900,6,2655,1381
89157067239,89157067244,5,3003,1364
89160067524,89160067527,3,1924,1400
89160937082,89160937083,1,917,1040
89161547202,89161547206,4,2212,991
89162471350,89162471354,4,1823,1213
89162932957,89162932959,2,1567,1401
89164954942,89164954946,4,1815,917
89166328303,89166328307,4,1608,1182
89167897454,89167897459,5,2026,1044
89170381110,89170381114,4,1494,1087
89171791400,89171791405,5,1992,2153
89171957852,89171957856,4,2947,1578
89176554506,89176554511,5,1433,1077
89181131199,89181131202,3,2577,1606
89183210437,89183210440,3,1867,1398
89184096086,89184096089,3,2238,1423
89186078093,89186078096,3,2720,1382
89190039957,89190039962,5,2003,1135
89192044192,89192044195,3,1374,1304
89192452900,89192452902,2,896,1198
89193135330,89193135334,4,1865,1371
89196964239,89196964244,5,2756,1565
89197805806,89197805812,6,1468,1476
89199230230,89199230233,3,1530,1455
89201909917,89201909922,5,1896,1293
89202091591,89202091575,-16,1805,1423
89207591000,89207590994,-6,38911,13841
89207770210,89207770215,5,2601,980
89210967473,89210967477,4,2155,1177
89217694053,89217694059,6,2232,1330
89218500261,89218500257,-4,1086,1994
89220185843,89220185848,5,2008,1023
89223393505,89223393510,5,1395,1153
89225410942,89225410949,7,2589,1251
89227270647,89227270652,5,2287,1407
89237416794,89237416799,5,1400,1546
89237590394,89237590398,4,1537,849
89238263570,89238263574,4,2098,1504
89239473605,89239473610,5,2057,1358
89245270658,89245270663,5,1727,1006
89245398274,89245398279,5,1567,1352
89245606202,89245606207,5,2211,1282
89246088798,89246088793,-5,1391,5642
89248720806,89248720811,5,1869,1142
89253673670,89253673675,5,1599,1450
89253761454,89253761457,3,1757,1954
89253915454,89253915462,8,2223,1468
89255945113,89255945118,5,2650,1508
89256564478,89256564483,5,2342,1184
89258438003,89258438000,-3,1080,2762
89258840147,89258840149,2,2105,984
89263781563,89263781567,4,1643,972
89268252621,89268252625,4,2648,1477
89269877582,89269877585,3,1560,1338
89271632911,89271632915,4,2217,1155
89276675203,89276675203,0,1573,1130
89277213369,89277213348,-21,657,384
89278852790,89278852774,-16,417,80
89279584401,89279584405,4,3268,1921
89281466839,89281466835,-4,1023,3181
89282773067,89282773071,4,2473,1472
89283652701,89283652703,2,1793,1240
89287688214,89287688219,5,2597,1673
89288412678,89288412682,4,1913,982
89289702505,89289702510,5,1953,1629
89295346472,89295346476,4,2131,1512
89295554063,89295554067,4,2154,1554
89295831002,89295831006,4,1556,1072
89296988047,89296988053,6,2227,1017
89299509190,89299509195,5,2730,1453
89304642875,89304642880,5,2448,1177
89306434857,89306434864,7,2242,930
89311051805,89311051810,5,2125,1294
89311351935,89311351940,5,1638,1204
89313380287,89313380295,8,4773,1773
89313765502,89313765507,5,1779,1031
89314786791,89314786795,4,1864,480
89316535497,89316535502,5,2347,1214
89319148623,89319148627,4,1295,1292
89321337026,89321337007,-19,2034,1484
89323067221,89323067223,2,1464,1093
89331386814,89331386814,0,2097,1228
89331462355,89331462359,4,1513,1204
89334010810,89334010814,4,2043,1708
89334671794,89334671799,5,2467,1366
89339527301,89339527303,2,1654,1066
89340883331,89340883335,4,2050,1381
89340986238,89340986239,1,1629,1603
89346657737,89346657740,3,1097,1005
89347508631,89347508636,5,1816,1346
89352027473,89352027474,1,1985,1593
89354975234,89354975239,5,2444,1253
89358083342,89358083346,4,1524,819
89366020195,89366020202,7,2921,938
89366722170,89366722173,3,1594,1504
89367743120,89367743125,5,1611,1196
89368740661,89368740666,5,2076,990
89370973833,89370973838,5,1205,789
89371066763,89371066742,-21,647,569
89371454869,89371454876,7,1733,1213
89375263916,89375263919,3,2022,1205
89376174397,89376174403,6,1937,1134
89376575824,89376575830,6,2911,1539
89380986466,89380986471,5,2215,980
89381441639,89381441642,3,2045,1324
89381608670,89381608654,-16,1819,1014
89383267630,89383267638,8,2546,1517
89385871780,89385871783,3,1676,1287
89386165944,89386165948,4,2894,1793
89388712743,89388712746,3,2177,1499
89395834299,89395834303,4,1245,960
89399320193,89399320198,5,1846,1434
89401359049,89401359053,4,1364,972
89414299804,89414299806,2,2893,2156
89415864181,89415864182,1,2107,1906
89418435711,89418435717,6,2463,2187
89423283957,89423283961,4,2254,1760
89424932365,89424932372,7,2908,1259
89431707928,89431707931,3,1504,1333
89432093223,89432093230,7,1679,965
89432232518,89432232522,4,1738,1369
89433818383,89433818387,4,2129,1518
89434543306,89434543311,5,1930,1175
89437635170,89437635175,5,2431,1182
89437735642,89437735646,4,2401,1340
89439159671,89439159675,4,1850,1153
89443453274,89443453279,5,1845,918
89446626922,89446626929,7,2583,1153
89449375654,89449375659,5,2684,1212
89451196087,89451196092,5,2073,1183
89452313281,89452313287,6,1682,773
89452587482,89452587487,5,2345,1081
89454779082,89454779087,5,1470,1170
89456778130,89456778134,4,2469,1251
89460350518,89460350522,4,2467,1230
89462330546,89462330549,3,1683,1381
89464386422,89464386413,-9,1244,365
89467553294,89467553299,5,2150,1679
89469026073,89469026066,-7,2860,8219
89469718392,89469718394,2,1796,1425
89469936676,89469936678,2,1556,1274
89469967839,89469967845,6,1839,1500
89475145902,89475145906,4,1890,1191
89476554799,89476554803,4,1761,1267
89479734834,89479734816,-18,2032,750
89482763670,89482763675,5,1763,1287
89484015804,89484015807,3,2384,14627
89485317137,89485317142,5,1974,1195
89487338689,89487338693,4,2042,1119
89492073030,89492073034,4,1914,1404
89493739150,89493739155,5,2233,1518
89499776171,89499776174,3,1747,1282
89502882017,89502882019,2,1924,1388
89505693546,89505693550,4,2017,880
89507697301,89507697306,5,1915,1198
89514105049,89514105051,2,10516,11047
89517323026,89517323031,5,2164,990
89517384028,89517384014,-14,1791,879
89517692966,89517692967,1,1779,917
89520257354,89520257358,4,1455,1121
89521887369,89521887373,4,2475,1565
89522611407,89522611404,-3,1060,2047
89525012147,89525012147,0,1262,1239
89525682833,89525682837,4,1873,1413
89528848383,89528848386,3,2504,1992
89530083958,89530083962,4,1841,1122
89530307706,89530307709,3,864,902
89532821743,89532821750,7,1739,1140
89535984178,89535984181,3,1599,1398
89538365189,89538365195,6,1846,1385
89539057058,89539057063,5,1914,905
89540428897,89540428880,-17,2240,1214
89545141894,89545141898,4,2257,1308
89546170509,89546170513,4,2100,1461
89546822470,89546822475,5,2599,1712
89549266480,89549266482,2,1418,1141
89553074004,89553074008,4,1942,2208
89553728032,89553728037,5,2429,975
89556568390,89556568394,4,489,558
89556651903,89556651884,-19,770,262
89557466790,89557466795,5,2183,1109
89563598110,89563598113,3,1532,1009
89564928575,89564928579,4,1732,923
89567916165,89567916168,3,2279,1727
89568335909,89568335913,4,2248,1666
89568450251,89568450271,20,1933,789
89573993675,89573993678,3,2294,1730
89574713141,89574713147,6,2028,1078
89579628238,89579628243,5,1703,1458
89582253988,89582253990,2,1785,1869
89584409939,89584409942,3,1137,532
89585436134,89585436134,0,10,882
89588837307,89588837311,4,2531,1241
89592616274,89592616281,7,3958,1752
89594889812,89594889819,7,2716,1218
89595273786,89595273779,-7,831,4886
89596201881,89596201885,4,1916,1772
89596552550,89596552554,4,2122,1176
89596782685,89596782688,3,2502,1689
89602273839,89602273841,2,2085,847
89606256170,89606256174,4,2522,1397
89606826876,89606826880,4,1960,1953
89607849110,89607849115,5,1537,737
89609009531,89609009534,3,2576,1260
89609283143,89609283149,6,2221,1106
89612523238,89612523242,4,1409,1177
89613851043,89613851047,4,995,823
89620989794,89620989789,-5,796,3872
89623728370,89623728375,5,1720,809
89628336091,89628336089,-2,1656,2462
89628681453,89628681459,6,2244,1381
89628830350,89628830354,4,2007,1083
89629997361,89629997366,5,2213,1963
89630465370,89630465375,5,1776,1252
89641174710,89641174715,5,2915,899
89643573789,89643573782,-7,21470,13081
89648086716,89648086720,4,2105,1187
89651987773,89651987775,2,1839,1396
89652541182,89652541187,5,1615,1002
89653769586,89653769591,5,1322,1118
89655259099,89655259105,6,2110,1205
89656457894,89656457899,5,1875,1168
89656488818,89656488822,4,2252,975
89664782169,89664782173,4,2281,1513
89667749802,89667749807,5,2347,1055
89669115458,89669115462,4,2289,1676
89677298169,89677298174,5,2392,1410
89678109927,89678109932,5,1917,1262
89678320818,89678320821,3,1576,1865
89681645063,89681645066,3,1451,1118
89689199045,89689199046,1,2445,1387
89696700199,89696700201,2,1217,1157
89700690113,89700690117,4,3365,1818
89700932363,89700932348,-15,585,270
89702771081,89702771086,5,1363,1124
89706001687,89706001693,6,1796,985
89708733075,89708733078,3,1779,1450
89709466031,89709466034,3,1699,1498
89711713433,89711713434,1,2204,1089
89712913602,89712913607,5,2313,1408
89714743382,89714743387,5,2422,1521
89715675458,89715675462,4,2132,1197
89717390298,89717390303,5,2081,1416
89717901566,89717901571,5,1692,940
89722860016,89722860021,5,2585,1708
89727901781,89727901785,4,1528,1359
89728637425,89728637424,-1,1303,1679
89728697562,89728697544,-18,2429,1748
89732051781,89732051786,5,1394,1200
89737013242,89737013248,6,1899,1373
89739270142,89739270146,4,1533,1418
89749474197,89749474202,5,1698,1516
89753791051,89753791055,4,1867,1070
89755878625,89755878629,4,2498,1583
89759340541,89759340547,6,2156,1028
89760439734,89760439719,-15,1844,1040
89762040743,89762040748,5,2804,1850
89763962214,89763962214,0,1185,1111
89767613681,89767613686,5,1835,1384
89768861691,89768861697,6,2169,1512
89769897722,89769897728,6,1524,1502
89772792037,89772792042,5,1993,1430
89774303834,89774303838,4,1306,949
89776412954,89776412959,5,2039,1102
89778059899,89778059897,-2,1550,2379
89781231575,89781231579,4,1365,1044
89781426493,89781426478,-15,1592,1133
89789059215,89789059221,6,2720,1429
89789914487,89789914494,7,1808,1829
89790094170,89790094174,4,1723,1244
89790445002,89790445007,5,3189,1670
89795679674,89795679675,1,2769,1387
89798472283,89798472290,7,1852,1213
89799475043,89799475046,3,1775,1136
89811275521,89811275504,-17,2445,955
89818857871,89818857873,2,1222,1024
89823855679,89823855684,5,2205,1536
89824747288,89824747291,3,1615,901
89826409184,89826409187,3,1980,1281
89829333145,89829333152,7,2550,1107
89830118787,89830118793,6,1904,1350
89831714283,89831714286,3,2007,1164
89838521305,89838521310,5,2051,1922
89840750801,89840750805,4,1751,1451
89849157039,89849157043,4,2005,1564
89851012146,89851012150,4,1889,1039
89864063470,89864063474,4,1765,1668
89864159437,89864159438,1,1954,1141
89866899954,89866899959,5,1531,1031
89867660626,89867660630,4,2558,1496
89876569630,89876569637,7,3277,1287
89876867271,89876867275,4,2078,1214
89877403640,89877403645,5,2780,1477
89878329174,89878329159,-15,1679,1079
89878368766,89878368751,-15,1320,1335
89879274237,89879274240,3,1542,1360
89881102842,89881102847,5,1392,891
89886358745,89886358749,4,2107,953
89888935082,89888935087,5,2071,1064
89889780390,89889780391,1,1525,1451
89894553389,89894553395,6,2671,1491
89894687830,89894687813,-17,2670,830
89900536709,89900536712,3,2508,1687
89901192262,89901192265,3,2163,2191
89901820837,89901820842,5,1693,1267
89905362475,89905362478,3,1425,1328
89908223919,89908223926,7,2121,1223
89910781368,89910781374,6,2820,997
89912484866,89912484870,4,1249,1078
89913179238,89913179243,5,1206,960
89915123355,89915123358,3,1754,1109
89922338465,89922338468,3,2782,1840
89925041544,89925041548,4,1342,1187
89927817866,89927817865,-1,1059,1629
89930797381,89930797385,4,2963,1898
89930900703,89930900706,3,1702,891
89933367502,89933367507,5,1745,1791
89934738954,89934738958,4,1757,1032
89935723026,89935723020,-6,992,4153
89937782661,89937782663,2,1887,1335
89941304634,89941304636,2,1486,1675
89942477602,89942477595,-7,1365,7463
89946744802,89946744807,5,1991,1434
89946902101,89946902105,4,2216,1428
89951818810,89951818814,4,2983,1346
89952847275,89952847287,12,2265,1367
89956235432,89956235438,6,2143,1436
89957790329,89957790333,4,1259,1273
89960203346,89960203351,5,2353,952
89960479962,89960479949,-13,404,86
89965462937,89965462938,1,2115,1641
89968224215,89968224219,4,1471,1476
89969103466,89969103471,5,1516,1049
89972709114,89972709118,4,1698,1272
89978835806,89978835810,4,1709,1055
89980266561,89980266566,5,1235,1195
89981039749,89981039754,5,1342,1014
89982355745,89982355750,5,1159,1161
89986032693,89986032695,2,1904,1821
89988156691,89988156694,3,2279,1638
89989817601,89989817606,5,1903,1610
89990282508,89990282511,3,1558,1313
89992469338,89992469344,6,1933,1113
89994145238,89994145242,4,2118,1264
89994388590,89994388593,3,1552,1317
89995287202,89995287222,20,1276,1338
89995923518,89995923525,7,2705,1558
90005083000,90005083004,4,2029,1175
90006649598,90006649602,4,1877,1170
90007542278,90007542279,1,1560,2000
90014581021,90014581025,4,1518,1503
90015898243,90015898249,6,2820,1411
90017818501,90017818506,5,2086,1165
90018781602,90018781605,3,775,686
90020389045,90020389047,2,1555,1543
90025288783,90025288788,5,2697,1672
90035985870,90035985874,4,1616,1085
90036242869,90036242875,6,2284,1203
90037732915,90037732919,4,1971,1378
90040360786,90040360791,5,1683,839
90047471887,90047471890,3,2139,1136
90048527253,90048527259,6,1972,1043
90049747086,90049747090,4,2575,1014
90055087051,90055087057,6,1657,1567
90055807240,90055807223,-17,2855,1090
90057251440,90057251447,7,1760,1351
90064409173,90064409177,4,1878,1224
90067423425,90067423429,4,1830,1495
90069467421,90069467425,4,1492,1102
90069666390,90069666397,7,2166,1424
90076051464,90076051469,5,2010,1359
90077509102,90077509105,3,1916,1658
90077869083,90077869086,3,1079,1067
90080474075,90080474064,-11,621,424
90082643432,90082643434,2,1389,1111
90084988491,90084988494,3,2064,1112
90090919691,90090919695,4,2735,1476
90091182922,90091182926,4,2741,1098
90091791018,90091791022,4,2616,2008
90096157387,90096157390,3,1821,963
90100049849,90100049855,6,1962,1104
90100680989,90100680994,5,2064,999
90101219202,90101219205,3,2243,1709
90103755697,90103755701,4,2073,1371
90106915550,90106915554,4,1633,1191
90107499986,90107499990,4,2708,1393
90108753474,90108753479,5,2005,1041
90117910385,90117910388,3,2797,1874
90118705426,90118705430,4,1976,1234
90119246633,90119246639,6,2468,1249
90124341975,90124341978,3,1661,1362
90129555326,90129555330,4,2159,1744
90130423987,90130423989,2,1761,1553
90131946177,90131946180,3,1710,991
90135349546,90135349550,4,2994,1683
90135540329,90135540334,5,11833,6833
90136629041,90136629041,0,2114,3660
90137777121,90137777122,1,1800,1433
90138819963,90138819940,-23,1392,685
90139113019,90139113024,5,1840,1458
90142577747,90142577753,6,3074,1609
90147578138,90147578142,4,1925,1257
90147765678,90147765681,3,2779,1368
90148941305,90148941307,2,1541,904
90149843699,90149843704,5,2105,1121
90151466491,90151466495,4,3709,2850
90153954484,90153954488,4,2001,1420
90156226799,90156226795,-4,2993,10386
90156760463,90156760467,4,1697,1399
90156945662,90156945667,5,2744,1373
90157033385,90157033389,4,1336,1315
90164370158,90164370163,5,1925,980
90167189249,90167189254,5,2109,1348
90167539691,90167539695,4,1826,1179
90168623732,90168623737,5,2048,1195
90169153978,90169153982,4,1397,1372
90171211841,90171211843,2,2717,1924
90171396934,90171396939,5,1587,1196
90173564541,90173564547,6,2255,1487
90174115914,90174115917,3,1791,1177
90174719880,90174719882,2,1647,1534
90177185547,90177185550,3,1977,1165
90180092890,90180092893,3,1216,745
90180520030,90180520033,3,1935,1258
90182374435,90182374440,5,1714,1495
90184023531,90184023539,8,1899,1321
90185345718,90185345721,3,2152,1475
90189161078,90189161082,4,2069,1433
90191014944,90191014945,1,1843,1812
90191759690,90191759694,4,1401,1010
90198189771,90198189774,3,1427,1065
90198982514,90198982520,6,2369,1455
90200384595,90200384598,3,1274,1243
90202290282,90202290284,2,2494,1437
90204026194,90204026198,4,1564,836
90205321757,90205321763,6,1209,801
90206186333,90206186337,4,1892,1382
90206700181,90206700185,4,2429,1500
90208138047,90208138053,6,2243,1288
90208229259,90208229276,17,2541,1117
90208991126,90208991110,-16,1423,895
90209854038,90209854037,-1,966,1106
90212664973,90212664976,3,1979,1063
90216888466,90216888471,5,1907,1563
90218496858,90218496850,-8,1742,11255
90219385478,90219385478,0,1417,1389
90219738455,90219738459,4,2117,1179
90220613049,90220613054,5,2092,1073
90221509002,90221509007,5,1599,1292
90221641434,90221641416,-18,2058,1410
90224436498,90224436501,3,1296,1307
90230015719,90230015723,4,2424,1636
90235980718,90235980722,4,1950,1095
90240540462,90240540468,6,1962,1384
90241381651,90241381656,5,1942,1519
90247218114,90247218118,4,2079,1257
90247643410,90247643417,7,2620,1168
90249855601,90249855603,2,1923,1072
90251468675,90251468679,4,1342,1135
90252174948,90252174952,4,1555,1128
90258909312,90258909316,4,2663,1695
90259507388,90259507392,4,2583,2243
90262810494,90262810492,-2,1185,1994
90265262729,90265262734,5,2114,1054
90269126011,90269126016,5,2667,1553
90272910275,90272910278,3,1691,1828
90273841039,90273841044,5,2161,1140
90274069450,90274069454,4,2537,1486
90277305808,90277305811,3,1367,1259
90279227306,90279227310,4,1276,947
90288272600,90288272605,5,2303,1405
90289019367,90289019370,3,2231,1217
90291878282,90291878287,5,1851,1186
90292858418,90292858422,4,2081,1495
90294138152,90294138157,5,2254,1212
90294596015,90294596019,4,1660,1397
90297888522,90297888525,3,1803,1256
90303579342,90303579346,4,2075,1641
90305125494,90305125497,3,2436,1611
90308647045,90308647050,5,1666,1462
90308936146,90308936152,6,1832,1260
90311335391,90311335394,3,1726,1153
90313765677,90313765681,4,2716,1354
90315677564,90315677566,2,2707,1599
90319239962,90319239965,3,1894,1180
90323317484,90323317476,-8,1480,8604
90332486098,90332486101,3,1515,940
90333309044,90333309048,4,2427,1749
90333601286,90333601290,4,4205,2129
90333705598,90333705602,4,1779,1397
90336551765,90336551770,5,2599,1214
90340668831,90340668834,3,1347,1080
90345397905,90345397906,1,2343,1144
90349586010,90349586018,8,1702,1079
90349887914,90349887920,6,2535,1778
90351135609,90351135611,2,1758,1469
90351588481,90351588485,4,2727,1848
90353891299,90353891303,4,1463,1223
90355283838,90355283843,5,2075,1408
90356618585,90356618587,2,1193,2168
90357071952,90357071957,5,2209,1386
90365490038,90365490041,3,2521,1415
90365739992,90365739994,2,1464,1134
90366504670,90366504675,5,1711,925
90367973850,90367973855,5,2773,1562
90368024810,90368024814,4,2848,2041
90368165185,90368165190,5,1811,1060
90370124563,90370124566,3,1982,1413
90372966399,90372966402,3,2085,1155
90373393001,90373393002,1,1743,1644
90373977003,90373977006,3,1773,1439
90375927733,90375927735,2,1074,1039
90376871094,90376871098,4,1144,1570
90378150523,90378150529,6,2407,1291
90379183314,90379183319,5,2193,1077
90388119748,90388119751,3,2556,1611
90388468551,90388468557,6,1963,1413
90391198303,90391198309,6,1453,1011
90392794987,90392794991,4,1666,1244
90395619647,90395619647,0,26,1963
90397368771,90397368775,4,3035,1499
90398656529,90398656533,4,2249,1426
90403079622,90403079628,6,1728,908
90406451931,90406451934,3,1388,1046
90408865207,90408865215,8,3700,958
90411161617,90411161621,4,3241,1572
90411836958,90411836958,0,893,236
90415207077,90415207082,5,1739,1354
90417953610,90417953613,3,1178,1583
90420137911,90420137917,6,1268,821
90423409669,90423409673,4,1851,2540
90423572793,90423572799,6,2415,1691
90425938842,90425938847,5,2078,1504
90427791930,90427791936,6,2439,1165
90429890717,90429890727,10,1693,1584
90430041429,90430041430,1,1777,1659
90431063518,90431063522,4,2148,1625
90431503859,90431503862,3,2236,1672
90435737576,90435737579,3,1919,1721
90438658724,90438658728,4,1567,1525
90441402334,90441402335,1,1351,1725
90442286815,90442286818,3,2242,1397
90444029458,90444029461,3,2018,1156
90445360809,90445360811,2,1354,763
90446575652,90446575657,5,2067,1222
90447854504,90447854506,2,1577,1320
90447897711,90447897714,3,2401,1441
90449351504,90449351501,-3,1027,1534
90452799756,90452799762,6,3299,1236
90454053150,90454053154,4,1737,1019
90454927073,90454927070,-3,27718,63222
90460775179,90460775182,3,1602,907
90461192810,90461192814,4,2110,1468
90462572461,90462572466,5,2849,1506
90465430662,90465430666,4,3323,1961
90466429578,90466429574,-4,1308,2594
90467060276,90467060281,5,1463,1137
90468261746,90468261747,1,1044,1070
90471909042,90471909045,3,1827,1510
90477678646,90477678647,1,1087,688
90482004769,90482004774,5,2530,1096
90483845753,90483845757,4,2032,986
90486385933,90486385937,4,1189,1521
90486593034,90486593036,2,1913,1634
90487857602,90487857606,4,1751,1263
90490346913,90490346919,6,1482,1454
90492801412,90492801415,3,2084,1297
90494490644,90494490649,5,2183,1183
90497336033,90497336039,6,2788,1464
90497573238,90497573235,-3,1080,2421
90497794490,90497794496,6,1612,1141
90498706175,90498706178,3,2420,1465
90498948338,90498948341,3,1220,1040
90506496082,90506496085,3,2451,1540
90507288678,90507288678,0,991,1208
90507898096,90507898101,5,1748,820
90514894183,90514894186,3,2589,2305
90515386138,90515386142,4,2289,1339
90520910793,90520910797,4,1987,1249
90521056310,90521056308,-2,775,245
90522554753,90522554758,5,1736,1118
90523643742,90523643738,-4,1169,2349
90527193696,90527193697,1,1754,1855
90530534682,90530534687,5,1563,1089
90530792915,90530792920,5,2382,1392
90532737897,90532737903,6,2383,1180
90533052224,90533052233,9,3908,1332
90535366993,90535366997,4,2119,1152
90538343290,90538343293,3,2103,1277
90538678218,90538678225,7,3575,1336
90542277458,90542277462,4,1549,1238
90544119922,90544119927,5,1643,1088
90548815147,90548815150,3,1991,1035
90553311580,90553311583,3,2131,1237
90553886332,90553886334,2,1817,1223
90554615563,90554615568,5,2504,1672
90557443690,90557443695,5,2042,1471
90559648085,90559648089,4,2113,1319
90562782911,90562782918,7,10290,32946
90563611797,90563611799,2,1478,886
90568372809,90568372811,2,2551,1387
90569290466,90569290471,5,3231,2030
90570546918,90570546922,4,3023,1906
90578259836,90578259841,5,1731,1256
90580941502,90580941506,4,1412,668
90581541752,90581541755,3,1632,1314
90581962012,90581962016,4,1882,1414
90586141546,90586141549,3,2033,1483
90586191618,90586191639,21,1451,1215
90587909036,90587909039,3,1807,1301
90589570154,90589570162,8,2935,961
90590001811,90590001815,4,2374,1398
90592053379,90592053384,5,2556,1289
90593002530,90593002526,-4,2005,6321
90595261427,90595261431,4,2303,1141
90599765772,90599765777,5,2533,1631
90600574469,90600574474,5,1888,1353
90602322274,90602322279,5,2664,1372
90602686689,90602686694,5,2782,909
90602873504,90602873485,-19,2910,1705
90603274769,90603274774,5,1954,1539
90603836663,90603836669,6,1741,1513
90604842719,90604842722,3,1756,1524
90606372338,90606372341,3,2783,1503
90614079307,90614079288,-19,619,297
90617972267,90617972271,4,1289,855
90618232470,90618232473,3,1530,1447
90618907393,90618907399,6,2228,1450
90620901717,90620901723,6,2075,1190
90621011842,90621011849,7,4197,1512
90625336604,90625336608,4,2428,1584
90625873860,90625873864,4,2678,1544
90626574530,90626574537,7,2151,1221
90629884680,90629884687,7,1633,1268
90631289077,90631289075,-2,3099,4001
90631926977,90631926982,5,2646,1788
90634036170,90634036175,5,1346,1685
90634950066,90634950072,6,1450,1349
90636868981,90636868984,3,1626,1517
90637576489,90637576493,4,1719,1588
90639206058,90639206062,4,2044,882
90641410616,90641410619,3,1279,1113
90642046870,90642046887,17,762,227
90644475362,90644475361,-1,810,1487
90645420046,90645420050,4,1959,1705
90647447506,90647447508,2,1306,826
90647773682,90647773695,13,1525,1070
90650178125,90650178129,4,3152,1412
90652742744,90652742759,15,1367,2336
90653853993,90653854001,8,2840,1175
90654452304,90654452321,17,362,1744
90657616585,90657616590,5,1795,1190
90660205111,90660205116,5,2329,1594
90662330529,90662330526,-3,1137,2405
90666246945,90666246948,3,2039,953
90669514750,90669514754,4,2854,1327
90672635459,90672635464,5,1560,1345
90674545096,90674545102,6,2597,1511
90676422330,90676422334,4,1192,1095
90690112442,90690112446,4,2236,1896
90693430737,90693430739,2,2123,1404
90694882565,90694882570,5,2117,1383
90696480353,90696480358,5,1133,874
90699719590,90699719595,5,1653,851
90701409893,90701409898,5,1499,1012
90707968861,90707968864,3,2120,1315
90710789914,90710789919,5,1883,1680
90713531465,90713531469,4,2317,1681
90715920603,90715920598,-5,698,1262
90722289590,90722289596,6,1612,1116
90722600226,90722600231,5,2358,919
90729461669,90729461675,6,2347,1344
90732918745,90732918747,2,1703,1212
90739238441,90739238445,4,2901,1786
90739991889,90739991889,0,1893,2544
90740170708,90740170712,4,1971,1277
90741260919,90741260918,-1,1900,3294
90743174023,90743174027,4,1261,889
90744211537,90744211536,-1,1284,1358
90752201234,90752201237,3,1692,1213
90752878431,90752878435,4,1635,1146
90753129845,90753129850,5,1834,1263
90753768685,90753768692,7,2745,1190
90754933706,90754933710,4,1795,1517
90759652925,90759652929,4,1368,1075
90760466644,90760466647,3,1751,1115
90761232321,90761232326,5,2334,1668
90762189979,90762189985,6,1810,1746
90762429281,90762429284,3,2060,1613
90765922370,90765922374,4,2396,1289
90768124777,90768124781,4,1746,1357
90768526631,90768526634,3,1951,1579
90771243317,90771243321,4,1612,1452
90772008602,90772008605,3,1768,1561
90772277593,90772277611,18,14929,40872
90772859985,90772859988,3,1587,1643
90775820165,90775820169,4,3095,1947
90776628354,90776628359,5,2449,851
90777281001,90777281004,3,1857,2047
90779559753,90779559757,4,1823,1692
90780800665,90780800645,-20,2194,1371
90781764919,90781764925,6,2491,1544
90781975647,90781975650,3,1675,1649
90784703259,90784703263,4,1442,1471
90788417279,90788417283,4,1201,911
90790225831,90790225836,5,2363,1462
90794859497,90794859502,5,2224,1332
90798314019,90798314024,5,1943,1522
90798597438,90798597443,5,1477,1187
90804573578,90804573582,4,2275,1480
90809761086,90809761091,5,1835,1189
90814057924,90814057926,2,2436,1724
90814329199,90814329205,6,2304,1942
90816572063,90816572069,6,2509,1035
90817685290,90817685296,6,2399,1511
90821170997,90821170999,2,1861,1417
90821754837,90821754841,4,2211,1245
90822111371,90822111358,-13,1194,387
90823561205,90823561201,-4,1685,3285
90824284770,90824284774,4,1151,836
90825692250,90825692255,5,2146,1498
90825857862,90825857866,4,1326,1086
90831922461,90831922463,2,1493,1012
90833237064,90833237070,6,1969,1534
90833915806,90833915809,3,1922,1329
90834375337,90834375341,4,2234,1404
90834603814,90834603796,-18,619,495
90835232736,90835232740,4,1637,1004
90836258438,90836258443,5,1694,944
90838930526,90838930530,4,1798,1201
90841635776,90841635779,3,1607,1410
90842913718,90842913722,4,1608,725
90843838492,90843838495,3,1202,978
90849010917,90849010922,5,2707,1630
90850968711,90850968714,3,2280,1046
90852495050,90852495055,5,1672,1018
90853602795,90853602799,4,1508,1274
90859061160,90859061166,6,3550,994
90862206803,90862206807,4,2732,1473
90862501205,90862501200,-5,1137,6399
90863361029,90863361034,5,1593,1028
90867670241,90867670246,5,1615,876
90870750367,90870750370,3,2015,1425
90872560381,90872560380,-1,1646,2026
90875112409,90875112415,6,2176,1304
90875321146,90875321150,4,2463,1356
90877691150,90877691155,5,1145,676
90882673171,90882673176,5,1688,1112
90882943651,90882943655,4,1291,903
90886028375,90886028380,5,1958,1688
90886194118,90886194122,4,2344,1347
90886552162,90886552167,5,2973,1535
90889307229,90889307235,6,1574,935
90891115504,90891115507,3,2251,1418
90893579633,90893579638,5,1609,1281
90895524505,90895524511,6,3194,1580
90898975510,90898975513,3,2352,1171
90901025899,90901025904,5,2207,1475
90903020494,90903020499,5,1481,860
90908994607,90908994615,8,2114,1480
90910486840,90910486843,3,1958,1364
90915346317,90915346321,4,2081,1138
90917411786,90917411791,5,1804,1062
90917789868,90917789867,-1,1916,4410
90923932051,90923932055,4,1980,1370
90924419861,90924419862,1,1365,1316
90927852913,90927852918,5,1866,1290
90928769762,90928769742,-20,1556,1001
90928807756,90928807761,5,1906,1630
90929070492,90929070494,2,2265,1607
90930795710,90930795713,3,2588,1509
90931410936,90931410939,3,1465,1333
90932408615,90932408622,7,2253,1468
90941209845,90941209849,4,1960,1367
90941729192,90941729197,5,1161,838
90951306300,90951306303,3,1458,1065
90952328094,90952328097,3,2675,1620
90955217577,90955217581,4,1564,1789
90966106738,90966106743,5,1520,1458
90967815161,90967815166,5,2958,1281
90970338808,90970338813,5,2010,1085
90972111426,90972111427,1,826,715
90975390411,90975390415,4,2321,1189
90979948495,90979948498,3,1424,1059
90980229179,90980229182,3,1718,1533
90984091743,90984091746,3,1833,1298
90985656977,90985656984,7,1969,1305
90986898421,90986898422,1,2635,2784
90987549885,90987549887,2,1786,1051
90993471306,90993471310,4,690,902
90996222231,90996222234,3,2464,1493
91000447974,91000447979,5,1441,1098
91001443858,91001443863,5,1704,976
91003219081,91003219085,4,1949,1345
91004133454,91004133458,4,768,754
91005264623,91005264622,-1,1592,1558
91005334267,91005334273,6,3192,2052
91007833457,91007833459,2,2738,1730
91010047418,91010047426,8,5063,1383
91012879335,91012879338,3,1351,1414
91016580194,91016580199,5,3033,1418
91018014415,91018014418,3,1684,1111
91020241809,91020241814,5,2480,1297
91020768969,91020768972,3,1759,1436
91022917102,91022917108,6,2877,1574
91024653170,91024653155,-15,1471,1005
91025422102,91025422107,5,2944,1656
91026201759,91026201763,4,1421,1659
91031618037,91031618041,4,1752,1363
91032474684,91032474686,2,1596,1008
91035480058,91035480062,4,2145,1252
91039007821,91039007826,5,1562,1093
91041692165,91041692170,5,1954,1023
91042330628,91042330633,5,2290,1269
91042380139,91042380143,4,2148,1311
91046878350,91046878354,4,2020,1480
91047346867,91047346869,2,2113,1187
91060980778,91060980784,6,1941,1201
91061527473,91061527477,4,1207,844
91063850707,91063850713,6,1594,1123
91067392866,91067392867,1,1668,1385
91070709830,91070709835,5,1681,948
91071785544,91071785546,2,1076,934
91073164343,91073164346,3,1833,1041
91073847612,91073847615,3,1385,1029
91078228470,91078228465,-5,600,2122
91081442995,91081443000,5,2836,2019
91083046753,91083046759,6,2391,1797
91087163885,91087163890,5,2150,1283
91088547810,91088547814,4,1631,1049
91088749985,91088749966,-19,2900,1600
91090166111,91090166115,4,1943,1172
91092178580,91092178584,4,1958,1428
91099402210,91099402215,5,1641,976
91106811848,91106811843,-5,2344,4508
91107530225,91107530223,-2,1268,2032
91113951331,91113951335,4,1746,1483
91114603990,91114603993,3,2309,1331
91115129370,91115129374,4,1571,1425
91118779676,91118779678,2,2342,1108
91123333774,91123333778,4,1482,1789
91125986721,91125986725,4,2018,1533
91129591797,91129591803,6,2301,1061
91129640850,91129640849,-1,19097,29180
91129832709,91129832707,-2,1612,1561
91130611338,91130611342,4,1719,1276
91130891314,91130891317,3,2267,1186
91131020846,91131020852,6,1742,1195
91131640994,91131640996,2,2403,1849
91132302663,91132302667,4,2139,1485
91132912586,91132912587,1,1241,1252
91133415837,91133415842,5,2732,1528
91134770026,91134770030,4,2472,1555
91137006426,91137006426,0,1504,1335
91138236985,91138236990,5,2322,1293
91141457178,91141457182,4,2358,1778
91147162306,91147162310,4,1961,1184
91147281670,91147281674,4,2088,1870
91151911451,91151911454,3,2929,1701
91152858583,91152858587,4,2730,1315
91157671441,91157671446,5,1594,1192
91159592107,91159592101,-6,833,4286
91159690451,91159690459,8,1975,1317
91160902074,91160902079,5,1795,999
91162978518,91162978523,5,2004,1239
91164230426,91164230430,4,2345,1364
91166492437,91166492433,-4,886,2887
91167108554,91167108554,0,1675,2002
91175504731,91175504731,0,1376,1072
91180739290,91180739294,4,1694,1566
91181072703,91181072708,5,1119,598
91187972480,91187972483,3,2385,1128
91194888394,91194888397,3,1924,1319
91199187677,91199187679,2,1911,1084
91200899340,91200899345,5,2345,1440
91201440762,91201440763,1,1594,1481
91205384590,91205384595,5,1765,809
91209870206,91209870209,3,1044,796
91210835437,91210835438,1,1999,1671
91226227660,91226227666,6,1885,1387
91226522378,91226522382,4,1743,1594
91227261182,91227261185,3,1103,570
91228030166,91228030154,-12,1563,1140
91228370407,91228370411,4,2020,1508
91230832596,91230832601,5,2755,1394
91231796198,91231796202,4,2373,1490
91232537661,91232537666,5,1304,1088
91233892942,91233892944,2,1986,2457
91234346231,91234346234,3,1526,993
91234831726,91234831732,6,2048,1317
91234964486,91234964491,5,2293,1020
91237356326,91237356332,6,2389,1416
91240121856,91240121860,4,1113,877
91243318279,91243318284,5,2176,1423
91252766913,91252766917,4,2066,1184
91255662413,91255662418,5,1638,654
91256407270,91256407275,5,2628,1525
91259861534,91259861539,5,2370,1099
91260144394,91260144397,3,1520,1104
91262054258,91262054263,5,1738,1273
91265123755,91265123760,5,2003,1335
91265168161,91265168182,21,1587,1335
91268429242,91268429246,4,2210,1192
91269624257,91269624263,6,1350,1589
91274027048,91274027045,-3,1517,3894
91274285946,91274285950,4,1803,1408
91275650162,91275650167,5,2115,1265
91276149101,91276149105,4,1777,1175
91278101273,91278101278,5,2339,1584
91278442998,91278443005,7,4319,1738
91283080685,91283080689,4,1751,1348
91286309523,91286309527,4,2599,1105
91287046935,91287046938,3,1925,1422
91289702537,91289702538,1,1275,881
91292735942,91292735947,5,1597,1014
91293631343,91293631348,5,1994,1143
91296201942,91296201943,1,1653,2055
91297149214,91297149218,4,1689,1562
91298345539,91298345541,2,1664,1288
91299769370,91299769376,6,2956,1600
91301029874,91301029878,4,2499,1283
91302908817,91302908819,2,2328,1491
91304419602,91304419606,4,2172,1333
91305976851,91305976854,3,1763,1179
91307629833,91307629837,4,1322,1132
91308612605,91308612588,-17,2352,1405
91309371926,91309371929,3,2162,1408
91310286550,91310286554,4,2029,1025
91313155878,91313155882,4,2329,924
91314621997,91314622013,16,2054,1210
91314935662,91314935670,8,926,327
91316801858,91316801861,3,2149,1166
91316865485,91316865486,1,1172,954
91317887456,91317887461,5,1946,1456
91319583018,91319583022,4,2387,1989
91322682786,91322682780,-6,567,3007
91322848510,91322848515,5,1378,1287
91323859708,91323859710,2,1858,1566
91324584601,91324584605,4,1931,1119
91326721134,91326721137,3,1384,900
91328509505,91328509499,-6,2007,5802
91328626489,91328626490,1,1969,2833
91329117006,91329117010,4,2195,1217
91329720775,91329720778,3,1879,1705
91330387227,91330387231,4,2874,1689
91331741546,91331741550,4,1735,1335
91332974228,91332974234,6,2493,1497
91333975101,91333975107,6,1544,2157
91335760381,91335760383,2,1657,969
91338267750,91338267752,2,2066,1798
91341041053,91341041057,4,1609,1253
91343097722,91343097724,2,2148,1678
91345083486,91345083494,8,1752,1333
91348838569,91348838573,4,1718,1092
91349812906,91349812910,4,2058,1488
91350967378,91350967383,5,1872,1541
91351199717,91351199721,4,2781,1682
91353485710,91353485717,7,2325,1304
91353916086,91353916090,4,1716,1141
91356263099,91356263102,3,1430,1162
91360518482,91360518487,5,2541,1316
91362379384,91362379390,6,3015,1210
91364203813,91364203818,5,1119,592
91364412224,91364412226,2,1093,1069
91365032702,91365032705,3,3381,2829
91368952662,91368952667,5,1806,955
91369916441,91369916445,4,2078,1451
91372211465,91372211470,5,2828,1214
91375824938,91375824941,3,2706,1555
91376238397,91376238402,5,2574,1314
91377283517,91377283504,-13,5526,19038
91377812962,91377812967,5,2254,1262
91379108178,91379108182,4,2810,2042
91380563981,91380563977,-4,1540,1716
91382855510,91382855516,6,1771,1151
91383327245,91383327251,6,2351,1335
91383913321,91383913325,4,947,1702
91390191343,91390191348,5,2492,1159
91391933454,91391933458,4,1793,1250
91394809401,91394809416,15,888,448
91395323874,91395323854,-20,1655,1207
91396169605,91396169610,5,2784,1678
91404834411,91404834417,6,3386,1134
91405737970,91405737975,5,1981,936
91406100928,91406100933,5,2412,1250
91408194219,91408194223,4,2033,1302
91409969357,91409969362,5,2370,1081
91411044689,91411044693,4,1938,1933
91413565774,91413565782,8,7222,2934
91419707151,91419707155,4,2425,1724
91421059857,91421059862,5,1405,1216
91421773907,91421773886,-21,2636,1545
91423115947,91423115951,4,1744,1612
91423271162,91423271166,4,2305,1427
91424155921,91424155924,3,2129,1245
91424643791,91424643795,4,2655,1358
91427625338,91427625343,5,2049,1457
91428624634,91428624633,-1,964,1186
91430466514,91430466516,2,1349,1393
91432944975,91432944980,5,1553,1339
91433540350,91433540355,5,2057,1713
91434578501,91434578505,4,2098,1186
91443671865,91443671870,5,1617,1161
91445174329,91445174331,2,2363,1773
91451292963,91451292952,-11,34106,18763
91453004309,91453004312,3,5975,23431
91453664375,91453664379,4,2052,1005
91454178607,91454178610,3,1985,1135
91457502540,91457502544,4,2396,1310
91459414067,91459414071,4,2634,1615
91459962421,91459962426,5,1367,1157
91461364711,91461364716,5,3008,1373
91469255314,91469255318,4,1610,1174
91471026938,91471026942,4,2090,1622
91471928485,91471928482,-3,844,1642
91472537286,91472537291,5,2185,1113
91476783914,91476783915,1,1139,998
91477931117,91477931122,5,1652,1226
91478258675,91478258679,4,2151,1527
91478351804,91478351806,2,1965,1263
91478693370,91478693349,-21,1590,1531
91479178757,91479178760,3,2188,1362
91479951495,91479951490,-5,1401,3770
91489050178,91489050185,7,1579,1041
91492239781,91492239785,4,1404,893
91492385042,91492385053,11,1739,1308
91493156491,91493156494,3,1468,1190
91498229383,91498229387,4,3506,2231
91499483570,91499483573,3,1387,1118
91500462857,91500462860,3,2156,1541
91500915939,91500915942,3,1895,1415
91502688766,91502688771,5,2586,1391
91503715697,91503715702,5,2778,1209
91506729806,91506729811,5,1659,1419
91508574942,91508574945,3,2157,1036
91509464993,91509464996,3,2032,1450
91510478525,91510478530,5,2582,1535
91510518313,91510518318,5,1834,1362
91514855399,91514855402,3,2523,1802
91516262411,91516262415,4,2299,1275
91516358786,91516358791,5,2333,1731
91517778579,91517778583,4,1916,1317
91523764299,91523764303,4,2062,1354
91524377206,91524377211,5,1601,1574
91525309682,91525309687,5,1421,1364
91525868697,91525868712,15,2331,1156
91526154012,91526153999,-13,1813,876
91529482910,91529482931,21,2089,1119
91532586571,91532586577,6,2419,1498
91532971986,91532971994,8,2282,594
91534474774,91534474779,5,2339,1372
91540296679,91540296681,2,19784,53050
91541267089,91541267093,4,1876,1389
91541963057,91541963062,5,1358,1029
91547648060,91547648062,2,1517,1648
91548690541,91548690546,5,2114,1373
91549085595,91549085605,10,871,251
91551600017,91551600022,5,2084,1171
91559279395,91559279399,4,2802,1423
91559350675,91559350666,-9,748,5572
91560729864,91560729859,-5,971,2191
91560756386,91560756391,5,2213,1327
91561522150,91561522151,1,34355,30104
91561750848,91561750853,5,1868,1180
91564034882,91564034864,-18,1638,1666
91566725126,91566725132,6,2735,1606
91568003498,91568003503,5,2058,859
91568616242,91568616246,4,2762,1150
91570538904,91570538909,5,1816,1207
91575022029,91575022034,5,2342,1343
91577387110,91577387108,-2,22276,18754
91577804493,91577804499,6,1744,1262
91582231954,91582231958,4,1596,967
91585364461,91585364467,6,6457,2745
91587611337,91587611339,2,769,1015
91589290129,91589290125,-4,2428,5406
91590433156,91590433160,4,2020,1555
91591507185,91591507187,2,2206,1617
91592932616,91592932620,4,1993,1405
91593256905,91593256909,4,2023,1681
91595206929,91595206933,4,944,1078
91599133557,91599133562,5,1907,1178
91604839015,91604839020,5,2084,1466
91613501249,91613501255,6,2227,1439
91615339858,91615339860,2,2081,1342
91615559699,91615559686,-13,26246,15775
91616111237,91616111242,5,2322,1064
91616521766,91616521756,-10,806,188
91624173434,91624173439,5,2031,1107
91624952698,91624952703,5,1844,1313
91625625633,91625625637,4,1881,1460
91628511633,91628511638,5,1606,1109
91628639427,91628639425,-2,1465,2126
91631164929,91631164934,5,2069,1079
91631997179,91631997182,3,2387,1390
91633555834,91633555838,4,2099,1792
91633848742,91633848747,5,2643,1930
91634546284,91634546289,5,1812,1369
91638844102,91638844106,4,1928,1604
91642965039,91642965043,4,2196,1246
91644824821,91644824823,2,1952,2039
91646386687,91646386690,3,1599,1138
91651396332,91651396337,5,1845,1384
91653918773,91653918776,3,2239,1393
91653970411,91653970398,-13,640,265
91654760965,91654760969,4,1794,1154
91657141406,91657141411,5,1460,1390
91658662806,91658662807,1,934,958
91661428609,91661428614,5,2049,1322
91662454570,91662454575,5,820,492
91667560549,91667560545,-4,20395,10877
91667850629,91667850632,3,2919,1586
91671246750,91671246758,8,2724,1412
91672819866,91672819868,2,1315,1675
91674735569,91674735573,4,1291,1094
91675429842,91675429821,-21,982,583
91677703426,91677703430,4,2512,1637
91678230713,91678230717,4,2012,1224
91680564794,91680564798,4,2255,1496
91682952929,91682952933,4,1082,1310
91683093845,91683093850,5,2205,1654
91683195191,91683195195,4,2008,1666
91683550128,91683550133,5,2678,1824
91684309107,91684309106,-1,1488,1005
91685610823,91685610827,4,1525,1059
91688824307,91688824310,3,2121,1411
91700962913,91700962918,5,1782,1438
91704609963,91704609969,6,1513,1222
91706499100,91706499104,4,1622,1367
91708191497,91708191500,3,2489,1808
91708310178,91708310182,4,2008,1004
91708845983,91708845988,5,2438,1582
91710763627,91710763631,4,2437,1499
91711541422,91711541426,4,2728,1394
91712683042,91712683049,7,1254,1151
91713598590,91713598592,2,2355,1896
91715613353,91715613358,5,2172,1235
91721114534,91721114538,4,1844,1106
91721322989,91721322972,-17,2178,1119
91722078930,91722078936,6,2328,1670
91724294313,91724294319,6,3696,2058
91727515858,91727515865,7,1892,29784
91728690433,91728690437,4,1812,1454
91730860371,91730860371,0,1130,497
91731525222,91731525226,4,1458,1014
91732714285,91732714290,5,2560,1411
91736376139,91736376142,3,1472,1201
91737363593,91737363597,4,2387,1382
91740518921,91740518926,5,2280,1647
91742929243,91742929247,4,1728,1212
91743843209,91743843189,-20,1801,1088
91746625730,91746625734,4,2524,1216
91748080410,91748080415,5,2378,1541
91751369794,91751369790,-4,1173,3545
91752123844,91752123843,-1,1426,1540
91754130062,91754130061,-1,6199,9153
91754235042,91754235046,4,1439,1529
91759002206,91759002210,4,2268,1563
91762412977,91762412982,5,1886,1326
91762719417,91762719438,21,2298,1464
91763876691,91763876694,3,2367,1178
91765390263,91765390269,6,880,868
91771150778,91771150772,-6,1349,5270
91771294790,91771294799,9,2063,938
91774542400,91774542405,5,2445,1829
91776068647,91776068650,3,1512,941
91777735542,91777735545,3,2743,1622
91777789303,91777789307,4,2176,1262
91780676575,91780676580,5,1850,1256
91781065223,91781065207,-16,2312,1239
91781465731,91781465730,-1,1465,1178
91783568860,91783568863,3,2717,1309
91784868870,91784868876,6,2110,1463
91785474058,91785474063,5,1887,1163
91792846844,91792846838,-6,1650,7985
91792953585,91792953590,5,1221,1223
91797720804,91797720807,3,1813,1435
91798560110,91798560114,4,1691,1545
91801818862,91801818866,4,1209,1476
91804917688,91804917692,4,1743,1165
91805993554,91805993555,1,1550,1397
91810469409,91810469392,-17,1825,1119
91811194041,91811194047,6,2196,1326
91812877726,91812877727,1,3869,4060
91812944551,91812944557,6,2712,1546
91816174510,91816174510,0,920,1063
91820808446,91820808450,4,1271,1367
91822479834,91822479837,3,2101,1486
91822828183,91822828187,4,1640,1170
91826211066,91826211070,4,1672,1578
91831341227,91831341230,3,1274,1097
91831810125,91831810130,5,1831,1142
91834398735,91834398738,3,1120,729
91835045285,91835045272,-13,2353,466
91837405482,91837405485,3,1917,1632
91844247414,91844247417,3,1226,1271
91855155179,91855155183,4,1551,1236
91856518921,91856518925,4,1976,1424
91860452772,91860452774,2,1269,1466
91860632657,91860632663,6,1106,992
91862375471,91862375468,-3,532,18
91866977542,91866977548,6,2280,1323
91867373954,91867373958,4,1944,1332
91869549866,91869549869,3,2628,1784
91872463237,91872463242,5,2537,1701
91876694139,91876694146,7,2021,1117
91887358871,91887358874,3,1951,1195
91889790151,91889790156,5,1884,1132
91894023253,91894023259,6,2180,1335
91894314032,91894314035,3,945,833
91901661935,91901661941,6,1630,1350
91903253101,91903253105,4,2819,1440
91904163276,91904163282,6,1161,1155
91906991635,91906991640,5,2336,1451
91909828261,91909828269,8,1744,1225
91911712610,91911712614,4,2726,1402
91912838765,91912838771,6,1358,1345
91914622575,91914622578,3,1969,1473
91919277920,91919277923,3,2163,911
91919559181,91919559185,4,1723,1415
91921436783,91921436790,7,1779,1040
91921526485,91921526490,5,2607,1640
91922690923,91922690923,0,47169,35731
91927100902,91927100902,0,1130,1506
91929969589,91929969594,5,2700,1882
91930983401,91930983405,4,1749,1345
91932561138,91932561142,4,1991,1507
91934062603,91934062606,3,2367,1897
91934568697,91934568701,4,1701,1301
91936735550,91936735555,5,1617,1055
91938178206,91938178210,4,1415,1231
91939566721,91939566723,2,1608,1103
91940018324,91940018330,6,2421,1332
91940912388,91940912392,4,2218,1453
91941108122,91941108125,3,1906,994
91942504881,91942504883,2,1733,1102
91944004147,91944004147,0,1978,1415
91945713974,91945713978,4,1639,1263
91955407410,91955407412,2,2414,1558
91966736609,91966736614,5,2015,1707
91967331810,91967331791,-19,1839,800
91969058844,91969058849,5,1803,1409
91969670897,91969670900,3,1237,881
91971318964,91971318967,3,1636,1171
91972613386,91972613392,6,765,686
91972752260,91972752261,1,1517,1479
91974262773,91974262778,5,2145,1276
91981780759,91981780764,5,2276,970
91982551256,91982551256,0,32560,14951
91982774128,91982774133,5,2164,2034
91986932307,91986932309,2,1675,1215
91990870718,91990870721,3,1677,1545
91991392613,91991392598,-15,2187,1354
91993038737,91993038741,4,2858,1481
91993068865,91993068871,6,2267,1262
91993108658,91993108637,-21,783,586
91994013673,91994013678,5,1661,1099
91994843147,91994843151,4,2008,1275
91999778108,91999778114,6,1877,1085
92002332020,92002332021,1,37394,47376
92002862894,92002862899,5,1274,753
92005147594,92005147598,4,2099,1390
92008282982,92008282986,4,2192,1567
92011160279,92011160282,3,1591,1030
92012712688,92012712690,2,1699,1352
92013500630,92013500636,6,1628,1356
92014193922,92014193931,9,3977,1268
92016935459,92016935465,6,2502,1260
92017020550,92017020555,5,1838,1247
92019745150,92019745154,4,2070,1214
92019860918,92019860914,-4,1814,4728
92021386205,92021386209,4,1353,1355
92036956975,92036956977,2,1140,1176
92038580522,92038580529,7,1916,1554
92039553512,92039553514,2,1272,753
92042927104,92042927108,4,2985,1755
92046735305,92046735310,5,1632,1082
92046908958,92046908966,8,1866,1276
92050770605,92050770611,6,1112,1174
92052067293,92052067299,6,2506,1266
92057481257,92057481261,4,1878,1147
92061687116,92061687119,3,1554,1359
92064028278,92064028268,-10,814,302
92070196989,92070196992,3,1781,1414
92070408639,92070408644,5,596,286
92071171215,92071171219,4,1488,1066
92080394083,92080394067,-16,851,493
92081029892,92081029895,3,2334,963
92095903254,92095903259,5,1717,867
92097084646,92097084656,10,621,490
92098085868,92098085871,3,2118,1100
92098255544,92098255526,-18,1220,991
92101443365,92101443369,4,1754,1400
92102520590,92102520592,2,3079,1750
92102568728,92102568733,5,2728,1601
92104135649,92104135652,3,1939,1075
92106138907,92106138910,3,1821,1364
92111507534,92111507539,5,1668,1356
92111970143,92111970147,4,1649,949
92112158769,92112158775,6,2665,951
92112382018,92112382000,-18,742,279
92114157754,92114157759,5,1543,861
92115870069,92115870083,14,13284,47125
92116628023,92116628029,6,1375,1193
92120843116,92120843119,3,2934,1581
92122235357,92122235362,5,1937,1553
92122979245,92122979249,4,2254,1383
92126724954,92126724959,5,2031,1313
92127102234,92127102239,5,2147,1236
92129580661,92129580664,3,1363,878
92142146255,92142146260,5,2443,2258
92142794260,92142794269,9,2469,1410
92144345358,92144345362,4,1994,1719
92149805830,92149805837,7,2823,1283
92153563011,92153563015,4,1932,963
92153744778,92153744782,4,1847,1489
92154300378,92154300381,3,1664,1187
92155686661,92155686658,-3,1804,4322
92157125502,92157125503,1,1669,1575
92159727937,92159727942,5,1632,1359
92163983136,92163983140,4,2418,1484
92165702153,92165702158,5,1871,1464
92166955465,92166955467,2,1365,869
92169478502,92169478506,4,1858,1354
92172568957,92172568960,3,1153,1170
92176796746,92176796747,1,1388,1797
92185515166,92185515170,4,1468,1517
92188204936,92188204939,3,1548,1172
92194388422,92194388426,4,1288,1109
92196808976,92196808981,5,3208,1761
92198600701,92198600704,3,2020,1540
92198645805,92198645809,4,1770,1029
92206272303,92206272306,3,1715,1506
92207048286,92207048291,5,1771,1144
92208313534,92208313538,4,1814,1064
92212421941,92212421945,4,2485,1822
92214990032,92214990035,3,1723,1467
92219705965,92219705970,5,1518,1050
92221006814,92221006816,2,1728,1210
92221303525,92221303529,4,1853,1236
92222548799,92222548803,4,1950,1261
92222575953,92222575943,-10,1953,687
92226744709,92226744714,5,1904,1418
92239634730,92239634727,-3,1410,1410
92241472741,92241472746,5,1643,938
92242283805,92242283799,-6,1243,3604
92244725632,92244725637,5,5383,2355
92247473126,92247473130,4,1712,968
92251805650,92251805655,5,2542,1563
92254380899,92254380884,-15,992,1393
92257616938,92257616944,6,2851,1392
92257881601,92257881605,4,2059,1429
92258634040,92258634045,5,853,827
92259292437,92259292437,0,914,1001
92261090191,92261090194,3,1026,1006
92261812458,92261812461,3,2152,1037
92264820274,92264820275,1,1328,1061
92265055490,92265055495,5,1017,921
92272724403,92272724409,6,3140,1297
92283777477,92283777481,4,2552,1360
92289922305,92289922310,5,2995,1359
92290065097,92290065102,5,2402,1195
92294854360,92294854365,5,1842,1357
92295573682,92295573670,-12,569,193
92301909463,92301909477,14,15426,2327
92302201754,92302201758,4,2432,1224
92302680654,92302680658,4,2861,1659
92304923541,92304923549,8,1717,864
92305845648,92305845651,3,1664,1399
92306047890,92306047894,4,2252,1322
92312523366,92312523370,4,1933,1381
92313131466,92313131470,4,2776,993
92315722351,92315722358,7,1818,1013
92316729326,92316729330,4,1650,976
92317209967,92317209957,-10,1457,2210
92320470151,92320470158,7,1503,1359
92321409425,92321409430,5,1631,858
92322468619,92322468624,5,1728,1537
92325181078,92325181083,5,1248,1517
92326067855,92326067857,2,2486,2418
92328087369,92328087366,-3,1877,3047
92328630760,92328630762,2,1997,1608
92332294192,92332294194,2,1965,1215
92332453585,92332453582,-3,1284,2446
92334219090,92334219092,2,2517,1772
92334675902,92334675911,9,2773,1171
92337904982,92337904987,5,2260,1324
92340426154,92340426158,4,2196,1328
92343665525,92343665520,-5,1049,5722
92348261042,92348261039,-3,1948,3196
92348433525,92348433526,1,1976,2177
92349017880,92349017886,6,3177,1921
92356934135,92356934138,3,1836,1309
92357734203,92357734209,6,1935,1259
92358427406,92358427385,-21,1037,1223
92360073354,92360073359,5,2190,1223
92360442487,92360442491,4,2814,1554
92362332925,92362332926,1,2070,1529
92363108904,92363108908,4,1968,1656
92364466204,92364466198,-6,2672,5453
92370827266,92370827272,6,3805,1504
92376572298,92376572303,5,1608,1179
92377636994,92377637012,18,3025,1159
92380561070,92380561074,4,1881,1422
92386479533,92386479537,4,1411,1082
92386893442,92386893447,5,1713,1405
92388744236,92388744255,19,97,1198
92389492042,92389492044,2,1984,1970
92392746389,92392746392,3,2526,1422
92394091701,92394091702,1,1570,1464
92395265873,92395265875,2,1546,1240
92396109145,92396109146,1,1337,1084
92397903341,92397903345,4,2545,1756
92399015755,92399015759,4,2117,1101
92399127894,92399127911,17,1189,909
92399789634,92399789613,-21,841,221
92401440335,92401440331,-4,870,1562
92412014793,92412014798,5,1677,1241
92415955885,92415955890,5,1737,1298
92421752673,92421752666,-7,2017,6367
92422545031,92422545037,6,1878,1021
92426852482,92426852486,4,2271,1634
92427890457,92427890463,6,2043,1718
92428472409,92428472413,4,2884,1154
92434159810,92434159814,4,2305,1549
92435248558,92435248560,2,2113,2427
92435899421,92435899427,6,2971,1105
92440359425,92440359431,6,1747,1084
92444626531,92444626535,4,1785,827
92444815866,92444815871,5,1794,1361
92448121842,92448121845,3,2862,1846
92448614014,92448614015,1,3393,2809
92453368179,92453368174,-5,909,4434
92454154618,92454154623,5,1218,904
92455103072,92455103078,6,1355,1151
92456414330,92456414330,0,1583,2345
92458751530,92458751533,3,1720,1215
92459774833,92459774836,3,1503,1301
92462011331,92462011337,6,2671,1591
92462563059,92462563065,6,2507,1487
92462594610,92462594615,5,2261,1362
92463204954,92463204970,16,299,9069
92465093442,92465093447,5,1311,1193
92466511342,92466511349,7,2569,916
92473619445,92473619450,5,1380,993
92474571532,92474571535,3,1815,1165
92475103947,92475103951,4,2888,1570
92475464046,92475464049,3,1601,1169
92477738624,92477738626,2,1498,855
92479284586,92479284588,2,1156,1325
92479405682,92479405687,5,3010,1457
92480280174,92480280180,6,2522,1255
92481585463,92481585468,5,2231,1545
92481746490,92481746495,5,1772,845
92483745398,92483745402,4,1713,899
92487555413,92487555415,2,1810,1344
92488380382,92488380388,6,2106,1836
92488569450,92488569438,-12,953,460
92493797809,92493797807,-2,19007,2212
92494535610,92494535613,3,1754,1528
92501443766,92501443771,5,2320,1549
92506333335,92506333333,-2,2635,5379
92508501699,92508501680,-19,588,335
92509385745,92509385750,5,2002,1937
92515946327,92515946330,3,1570,1251
92516346658,92516346663,5,2024,1529
92520051646,92520051651,5,2099,1478
92524718321,92524718327,6,1943,1596
92524756181,92524756184,3,1888,1333
92529437451,92529437444,-7,1316,7489
92529575790,92529575794,4,1410,793
92530865751,92530865755,4,2002,1291
92531641525,92531641530,5,1659,1218
92532697896,92532697902,6,1733,1503
92538010710,92538010707,-3,1195,3350
92538959183,92538959190,7,2861,1189
92545822317,92545822297,-20,2169,1129
92545886461,92545886465,4,1852,1441
92551674446,92551674451,5,2353,1233
92553937509,92553937514,5,1594,1329
92555480890,92555480884,-6,2181,7795
92556901734,92556901738,4,1935,1987
92557695355,92557695360,5,1468,1055
92558902238,92558902241,3,2236,1432
92564123518,92564123523,5,725,637
92566313209,92566313213,4,1807,1172
92567988778,92567988780,2,1640,1295
92568430375,92568430378,3,1303,1266
92570701625,92570701627,2,2409,1345
92571473966,92571473969,3,2419,2077
92574644718,92574644716,-2,1300,1883
92576536818,92576536822,4,1964,1221
92577142199,92577142204,5,1874,1068
92579231438,92579231443,5,1683,1064
92579382771,92579382776,5,2331,1312
92579633843,92579633849,6,1378,1223
92580231837,92580231840,3,1829,1310
92583428252,92583428255,3,2203,1828
92586878073,92586878071,-2,2519,4189
92589104336,92589104341,5,1773,1517
92589262065,92589262070,5,1854,1119
92590467858,92590467861,3,2048,1228
92590570822,92590570827,5,1821,1775
92594262794,92594262797,3,2774,1596
92605529341,92605529346,5,1722,1136
92609553184,92609553189,5,2239,1479
92610008737,92610008741,4,2155,1126
92611897451,92611897454,3,2159,1421
92613547501,92613547518,17,837,182
92614791004,92614791007,3,2236,1502
92615287102,92615287106,4,2279,1216
92620055281,92620055285,4,2513,2191
92623100041,92623100046,5,1857,1670
92624438699,92624438705,6,1324,1618
92624691943,92624691946,3,1545,906
92626009634,92626009637,3,2368,1357
92638768892,92638768896,4,1606,1288
92639774613,92639774618,5,1534,1310
92642095210,92642095213,3,2229,1225
92644819447,92644819451,4,2134,1226
92645127014,92645127019,5,3271,2044
92646818177,92646818183,6,2064,1207
92647532265,92647532268,3,2234,1577
92650385793,92650385806,13,1037,7139
92653684497,92653684500,3,1897,1337
92655911274,92655911279,5,1595,936
92656463873,92656463871,-2,1988,2764
92656602029,92656602033,4,1863,1547
92657724097,92657724104,7,2657,1710
92659496242,92659496247,5,2263,1737
92660881056,92660881060,4,1879,1357
92665460005,92665460012,7,2112,1300
92669341863,92669341866,3,1591,1431
92671831097,92671831101,4,1856,1286
92675118888,92675118891,3,1973,1326
92676551825,92676551829,4,1404,1225
92678926238,92678926241,3,1894,1153
92679647147,92679647124,-23,1480,722
92680627046,92680627049,3,1806,1054
92685982708,92685982713,5,1921,1131
92686704677,92686704682,5,2066,1207
92688144349,92688144354,5,2180,1351
92691374720,92691374723,3,2237,1006
92693510493,92693510498,5,1381,1594
92698883573,92698883577,4,1883,1616
92699029058,92699029037,-21,2144,1252
92700352126,92700352130,4,1532,1343
92702853601,92702853606,5,1856,1614
92709961563,92709961562,-1,717,1192
92713093305,92713093307,2,1684,1630
92713398302,92713398306,4,2504,1315
92713532213,92713532214,1,2473,1750
92713772378,92713772382,4,2040,1330
92713798862,92713798866,4,1886,1604
92716072645,92716072650,5,2056,1591
92717184890,92717184897,7,1981,1010
92720819374,92720819379,5,1954,1729
92723464897,92723464906,9,15003,27121
92723661482,92723661486,4,2117,1412
92725172306,92725172311,5,1487,1024
92731160309,92731160313,4,1214,1220
92732789465,92732789468,3,2428,1748
92733635937,92733635923,-14,931,392
92736824695,92736824701,6,2914,1552
92739764511,92739764516,5,2849,1925
92740472110,92740472113,3,2293,1234
92742132230,92742132233,3,1724,1177
92743227979,92743227982,3,1847,1256
92745421026,92745421030,4,2210,1390
92746166926,92746166931,5,2696,1677
92746683121,92746683126,5,1828,1485
92748578943,92748578949,6,2590,1481
92748821585,92748821567,-18,2007,1228
92752994430,92752994434,4,1638,1444
92753150029,92753150032,3,1211,1224
92754326693,92754326698,5,1435,1183
92755582895,92755582899,4,2047,1844
92760309225,92760309227,2,1488,1258
92763817158,92763817162,4,1424,993
92766684170,92766684170,0,1820,1790
92766910307,92766910312,5,2300,1254
92769105165,92769105166,1,1733,1357
92769185685,92769185689,4,1955,1726
92770553237,92770553242,5,1995,884
92772013917,92772013919,2,2028,2114
92772882414,92772882418,4,2004,1259
92775159692,92775159695,3,1945,1096
92776984319,92776984325,6,1503,997
92777091051,92777091055,4,1501,1062
92777800816,92777800818,2,2230,1653
92780608579,92780608583,4,1760,1208
92782728660,92782728663,3,2025,1826
92783025026,92783025031,5,1957,1695
92785829821,92785829823,2,1783,1312
92796674450,92796674454,4,2238,1555
92799414881,92799414886,5,2521,1266
92801329815,92801329817,2,1957,1853
92803644013,92803644018,5,2237,1338
92806675409,92806675413,4,1649,1576
92807300987,92807300989,2,1753,1157
92810103330,92810103335,5,1530,1362
92810136575,92810136579,4,2428,2030
92810596794,92810596798,4,2933,1406
92812987940,92812987943,3,2362,1200
92815989306,92815989311,5,912,588
92821034818,92821034822,4,1904,1276
92821575249,92821575253,4,1777,1431
92823376252,92823376254,2,1612,1156
92825939801,92825939806,5,2068,1057
92826417830,92826417835,5,1385,1272
92826648509,92826648512,3,2106,1522
92828035689,92828035693,4,688,910
92830639807,92830639810,3,1906,1171
92831766580,92831766585,5,3396,1677
92832062563,92832062572,9,1266,740
92832332706,92832332703,-3,1689,2866
92834291629,92834291633,4,2209,1418
92839016702,92839016706,4,2150,1686
92839072411,92839072403,-8,1083,5844
92841155319,92841155315,-4,732,1723
92843457356,92843457359,3,2082,1512
92846712698,92846712703,5,2869,1087
92847420210,92847420204,-6,913,2990
92852406808,92852406813,5,2574,981
92855154271,92855154273,2,1806,934
92858797495,92858797501,6,2546,1462
92858838627,92858838631,4,2294,1423
92867958697,92867958698,1,1350,1431
92871450155,92871450156,1,1603,1184
92874344639,92874344643,4,3004,1842
92876529209,92876529215,6,2091,1382
92877018791,92877018778,-13,9756,38754
92885827077,92885827083,6,2121,1151
92888896158,92888896164,6,1912,894
92890952377,92890952382,5,2094,1225
92893259810,92893259815,5,2178,1384
92896338926,92896338927,1,1311,1269
92897625413,92897625413,0,1451,3001
92900040930,92900040935,5,1000,662
92901726198,92901726203,5,2239,1307
92901949598,92901949603,5,1586,1130
92908642857,92908642859,2,2225,2377
92911097496,92911097500,4,1741,1146
92913055290,92913055295,5,2675,1615
92916125237,92916125241,4,2107,1329
92916615369,92916615374,5,1586,1336
92918237939,92918237943,4,1185,904
92920031411,92920031410,-1,1113,1289
92921388620,92921388623,3,2000,1169
92923562031,92923562034,3,1691,1343
92924151061,92924151065,4,1495,1265
92924205202,92924205207,5,2077,1618
92925600374,92925600378,4,2263,1398
92927890826,92927890831,5,2273,1850
92934914998,92934915002,4,1132,793
92936031898,92936031902,4,1171,1582
92939419769,92939419772,3,1535,699
92941759187,92941759193,6,2583,1156
92942022985,92942022990,5,2143,1462
92951213052,92951213057,5,2212,1375
92957214080,92957214078,-2,1092,1298
92958892098,92958892103,5,1581,1027
92962571570,92962571574,4,2188,1511
92967362938,92967362943,5,1760,1432
92971694818,92971694821,3,1822,1027
92977668281,92977668286,5,891,803
92980059822,92980059827,5,1056,628
92981902372,92981902368,-4,1216,3590
92982374517,92982374513,-4,1247,3191
92988439566,92988439570,4,1386,1946
92989028962,92989028966,4,1575,1441
92989672605,92989672605,0,1205,1765
92990846150,92990846156,6,2497,1337
93000217448,93000217450,2,1632,1352
93002486436,93002486441,5,2123,1681
93003332677,93003332681,4,2874,1795
93004736291,93004736289,-2,1183,1950
93005954585,93005954587,2,2186,926
93006104998,93006105002,4,2764,1554
93007620905,93007620911,6,2147,1372
93013109617,93013109621,4,1944,1139
93014561258,93014561263,5,1339,685
93015271038,93015271043,5,1329,1123
93018551769,93018551773,4,2144,1460
93018890897,93018890916,19,1908,910
93022610799,93022610803,4,2326,1729
93023444337,93023444341,4,1385,1380
93028946226,93028946229,3,1566,1267
93030022315,93030022317,2,1332,1044
93031128698,93031128702,4,2194,1795
93031174962,93031174963,1,1560,1233
93032098707,93032098710,3,1152,1136
93032855254,93032855258,4,2760,1699
93033122368,93033122372,4,3197,1636
93033275611,93033275616,5,2191,1255
93035224144,93035224148,4,1677,1478
93036189870,93036189875,5,3246,896
93043251922,93043251924,2,1515,1486
93043461029,93043461031,2,2150,1281
93046561772,93046561774,2,1574,1133
93047757091,93047757095,4,1820,1412
93049021884,93049021868,-16,1096,449
93049402582,93049402586,4,2341,1388
93049960059,93049960067,8,2864,1031
93058680142,93058680157,15,959,1133
93059341897,93059341899,2,2222,1362
93059518220,93059518224,4,2024,1551
93060129859,93060129861,2,2061,1217
93060393191,93060393197,6,2466,1615
93061276913,93061276914,1,1831,1762
93064581485,93064581489,4,2083,1387
93066850585,93066850591,6,2711,1527
93069612702,93069612707,5,2304,1377
93070071739,93070071740,1,2099,1524
93074933698,93074933702,4,1485,1670
93075578827,93075578833,6,2654,1197
93075867893,93075867909,16,2211,1363
93076474140,93076474145,5,2061,1193
93076864264,93076864268,4,2406,1090
93081852769,93081852770,1,1195,1859
93085876390,93085876393,3,2523,1290
93086225082,93086225086,4,2277,1473
93090598304,93090598307,3,1743,1347
93091213912,93091213915,3,1555,1086
93092797854,93092797858,4,2148,1120
93098081424,93098081426,2,1839,1457
93100903625,93100903628,3,5073,3067
93106682520,93106682525,5,2693,1806
93107470394,93107470399,5,2804,1211
93107953301,93107953307,6,1871,1227
93114001399,93114001403,4,1225,889
93114642560,93114642564,4,1501,1279
93117589919,93117589906,-13,1718,1344
93119069214,93119069217,3,1667,1129
93123408622,93123408627,5,2183,1115
93123640590,93123640583,-7,988,516
93124647861,93124647863,2,2410,1374
93124801594,93124801598,4,1888,1247
93124915413,93124915418,5,3562,1926
93125049345,93125049347,2,1711,878
93127269857,93127269862,5,1473,900
93129279218,93129279227,9,3953,1070
93130457231,93130457237,6,4158,1703
93132825021,93132825022,1,2207,1161
93135145615,93135145621,6,1747,1268
93136084646,93136084650,4,2311,1459
93136585114,93136585115,1,29237,19628
93136831885,93136831891,6,1374,1119
93141213839,93141213824,-15,30290,15170
93143040822,93143040827,5,2261,1557
93143703811,93143703815,4,869,923
93152623985,93152623978,-7,2143,5032
93155811715,93155811718,3,2214,1651
93156272114,93156272119,5,1893,1385
93157959150,93157959150,0,1895,1204
93158832198,93158832202,4,2210,1336
93159145353,93159145358,5,2028,1026
93165342151,93165342155,4,2125,1254
93168551222,93168551225,3,1828,924
93170604981,93170604981,0,6923,10096
93170771541,93170771543,2,2077,1530
93171858759,93171858765,6,2325,865
93173912749,93173912753,4,2543,1277
93174235246,93174235249,3,1770,1057
93175313189,93175313191,2,1674,1235
93182923114,93182923120,6,1689,909
93191460162,93191460164,2,637,835
93192410274,93192410278,4,2364,1592
93201324257,93201324262,5,2823,1671
93204085373,93204085375,2,1802,1226
93205104659,93205104662,3,2415,1133
93207095643,93207095649,6,1212,486
93208553825,93208553828,3,1622,1025
93210095218,93210095223,5,2898,1605
93213117296,93213117301,5,3112,1494
93214644426,93214644430,4,2110,1543
93215110989,93215110994,5,1766,1092
93216383466,93216383447,-19,1432,1350
93217926742,93217926748,6,1547,1191
93219943406,93219943411,5,1250,1109
93220074566,93220074570,4,1717,1278
93224034530,93224034535,5,1761,1324
93224123247,93224123250,3,1986,1551
93224341537,93224341541,4,1841,1029
93225394628,93225394631,3,1653,948
93228250714,93228250700,-14,1482,954
93228472019,93228472022,3,1915,1569
93228572007,93228572013,6,2417,1282
93237288974,93237288980,6,2368,1358
93241365786,93241365792,6,2315,1583
93242087685,93242087690,5,1976,1571
93243988103,93243988109,6,2816,1890
93246968744,93246968747,3,1668,1080
93247908391,93247908392,1,1948,1667
93248337866,93248337870,4,2942,1430
93258910576,93258910578,2,1890,1376
93265887873,93265887881,8,3002,1072
93268995010,93268995014,4,1392,1286
93272840915,93272840919,4,2018,1313
93275797562,93275797563,1,1458,1506
93279522085,93279522087,2,1055,929
93281085363,93281085369,6,1969,786
93282830255,93282830258,3,2250,1385
93283399836,93283399841,5,2291,1435
93290947887,93290947891,4,2279,1018
93292025795,93292025803,8,2452,936
93292774074,93292774093,19,1077,223
93293290769,93293290773,4,2124,1607
93295253253,93295253257,4,2108,1264
93297455489,93297455505,16,393,1227
93298664762,93298664741,-21,965,404
93302129038,93302129041,3,856,1087
93305741084,93305741090,6,2792,1605
93311002959,93311002961,2,969,972
93317325765,93317325771,6,1898,1764
93319024477,93319024481,4,2698,1875
93319114142,93319114146,4,1935,1432
93321410413,93321410415,2,1440,1075
93328358857,93328358860,3,1911,1300
93329089631,93329089637,6,2927,1284
93330822382,93330822386,4,2004,1506
93332940199,93332940201,2,2513,2173
93333579196,93333579200,4,2428,1866
93338190884,93338190886,2,1786,1311
93342913471,93342913475,4,1855,1229
93343242253,93343242255,2,2278,1248
93345968034,93345968038,4,2162,1678
93346088043,93346088046,3,1204,878
93346519418,93346519396,-22,2037,1228
93349385417,93349385411,-6,754,1908
93349469590,93349469595,5,2168,1877
93351399050,93351399054,4,1675,1012
93352989879,93352989882,3,1926,1040
93353191599,93353191597,-2,726,292
93354811702,93354811703,1,1573,1256
93357282121,93357282116,-5,16756,58291
93357382605,93357382607,2,1470,1388
93359434405,93359434408,3,1577,1527
93359938434,93359938437,3,1521,907
93360553468,93360553485,17,2211,1126
93361118351,93361118354,3,2162,1934
93363650194,93363650188,-6,1679,6422
93363809385,93363809387,2,1953,1579
93364632285,93364632289,4,1896,1626
93367951485,93367951491,6,1929,1104
93368693086,93368693093,7,2138,1775
93374473169,93374473174,5,2977,1215
93375749175,93375749180,5,3188,1629
93379161809,93379161814,5,2634,1683
93380507761,93380507767,6,2101,1111
93381708414,93381708418,4,5498,3679
93387200197,93387200201,4,8532,4859
93389130354,93389130359,5,2295,1906
93390743286,93390743290,4,1931,1133
93391414762,93391414766,4,1575,1013
93392688753,93392688758,5,2639,1118
93393965695,93393965698,3,1874,1441
93394166577,93394166582,5,1710,1272
93394823909,93394823917,8,1074,1275
93398667362,93398667365,3,2159,1436
93399934503,93399934506,3,2290,1507
93401168746,93401168750,4,1971,1607
93403847051,93403847055,4,1338,1086
93408757004,93408757008,4,2180,2124
93412270837,93412270841,4,1360,734
93414993944,93414993948,4,1961,1459
93417780203,93417780207,4,1606,1481
93420063192,93420063190,-2,1527,2120
93421439422,93421439427,5,1613,1066
93423606657,93423606662,5,1833,1081
93424893064,93424893086,22,2544,1207
93426052233,93426052239,6,1705,783
93427963186,93427963190,4,2263,1867
93428406949,93428406957,8,1609,648
93430539034,93430539039,5,2958,1369
93431850328,93431850331,3,2277,1488
93441594181,93441594182,1,2041,1228
93444451994,93444451991,-3,14081,17090
93445888435,93445888440,5,2034,1251
93448313024,93448313029,5,2141,1673
93448891957,93448891959,2,1327,1144
93450132156,93450132162,6,2162,1892
93452035012,93452035015,3,2328,1412
93463372474,93463372477,3,1654,1173
93463717355,93463717361,6,1126,651
93465120625,93465120621,-4,1529,2735
93467518477,93467518482,5,2252,1556
93468419686,93468419690,4,2112,1073
93469380791,93469380776,-15,1216,1815
93470774892,93470774897,5,1860,953
93471198510,93471198515,5,1996,1544
93472148398,93472148402,4,1458,1703
93474651456,93474651462,6,1714,1185
93475688147,93475688154,7,2186,1094
93476304530,93476304535,5,1968,1465
93480954592,93480954596,4,2084,1296
93483236941,93483236943,2,1577,1188
93484125273,93484125276,3,1789,1302
93493461634,93493461638,4,1905,907
93498974730,93498974724,-6,2702,7628
93500090004,93500089984,-20,1905,1082
93500999173,93500999177,4,1197,1116
93503254546,93503254547,1,1388,1106
93504716693,93504716698,5,1894,951
93505290138,93505290144,6,2190,1385
93506690338,93506690342,4,1288,1256
93508446844,93508446846,2,2043,1423
93508843975,93508843979,4,1814,1215
93514216346,93514216349,3,1110,1641
93514358299,93514358300,1,1703,1934
93515269829,93515269834,5,1942,1301
93519228203,93519228208,5,1311,891
93520086742,93520086747,5,2414,1513
93521176875,93521176878,3,1911,1220
93523315820,93523315823,3,1842,1079
93525521954,93525521958,4,1215,1000
93529622349,93529622354,5,2022,1252
93529924620,93529924622,2,2176,1526
93531894588,93531894589,1,2040,1979
93533684656,93533684658,2,1884,1643
93534583050,93534583054,4,1891,1291
93539735427,93539735431,4,1733,1090
93546617792,93546617797,5,2501,1879
93551492714,93551492728,14,2365,1617
93554842852,93554842857,5,2391,1106
93554869005,93554868992,-13,2016,944
93555349880,93555349889,9,2984,741
93555913126,93555913129,3,1971,1288
93560873333,93560873337,4,3427,1732
93560986641,93560986643,2,1895,999
93561235645,93561235647,2,1495,1243
93563243975,93563243981,6,2753,1464
93563610875,93563610879,4,1581,1472
93566014895,93566014899,4,2460,1208
93566952251,93566952254,3,2025,1460
93569262501,93569262505,4,1966,1520
93569636035,93569636039,4,2392,1302
93569894462,93569894462,0,1733,2592
93570245483,93570245490,7,819,995
93574467589,93574467593,4,1808,1342
93577086069,93577086073,4,1841,1616
93583420753,93583420759,6,2226,1682
93584793420,93584793425,5,3331,917
93585036179,93585036183,4,1457,1074
93585701197,93585701205,8,1747,1330
93586221265,93586221270,5,2299,1159
93588463857,93588463861,4,1296,1382
93589816189,93589816194,5,1687,1577
93591452532,93591452538,6,1860,1009
93596632513,93596632517,4,1793,1089
93601042616,93601042619,3,1835,1246
93606663900,93606663906,6,1703,1490
93612596134,93612596139,5,1513,1166
93614411254,93614411257,3,1916,1362
93614874109,93614874111,2,1785,1283
93615110127,93615110132,5,1781,2022
93621786406,93621786410,4,2185,980
93623659851,93623659855,4,1393,745
93624057106,93624057111,5,1374,1139
93624285963,93624285967,4,1873,1490
93626042830,93626042833,3,2591,1588
93629387622,93629387623,1,1181,1534
93633047321,93633047324,3,1644,1901
93647985352,93647985357,5,1540,804
93649793981,93649793987,6,3221,1105
93650228238,93650228243,5,2262,1206
93650863022,93650863017,-5,692,1981
93652105666,93652105667,1,1848,1499
93652399237,93652399242,5,1253,730
93653452045,93653452048,3,1479,890
93655604431,93655604436,5,2839,1856
93656397121,93656397115,-6,2212,7784
93660942977,93660942981,4,1539,1010
93663430387,93663430393,6,2550,1719
93664112838,93664112840,2,1594,1301
93665482508,93665482511,3,1709,1322
93666496382,93666496386,4,3112,2170
93669910349,93669910353,4,1652,986
93672065029,93672065033,4,1621,1434
93673617490,93673617495,5,2444,1876
93676427666,93676427671,5,2549,1417
93676846801,93676846805,4,2101,1053
93681930302,93681930307,5,1253,777
93685016190,93685016194,4,996,735
93699284133,93699284137,4,2876,1432
93702040346,93702040349,3,1404,1076
93702167974,93702167960,-14,1891,1333
93703028733,93703028734,1,1670,1667
93703106471,93703106461,-10,772,534
93704694712,93704694715,3,2689,2386
93705418861,93705418866,5,2606,1719
93711165168,93711165173,5,2740,1343
93711372278,93711372279,1,1512,1772
93714973390,93714973395,5,2471,1634
93716201173,93716201174,1,3489,3517
93718774978,93718774982,4,1811,1287
93719483306,93719483310,4,1828,1344
93722880502,93722880508,6,1517,1173
93724288937,93724288941,4,2006,1273
93724913146,93724913150,4,2737,1261
93729610709,93729610730,21,2636,4674
93737242977,93737242983,6,1761,792
93737385339,93737385328,-11,695,456
93738772862,93738772867,5,1311,935
93739139993,93739139994,1,2169,1457
93743782270,93743782274,4,1792,1491
93744204919,93744204925,6,2059,1239
93748570263,93748570269,6,2145,1183
93750702340,93750702342,2,1812,1073
93751207638,93751207642,4,1856,1182
93754924462,93754924462,0,1709,1590
93756514491,93756514493,2,2031,1882
93757846996,93757846986,-10,655,4176
93762168708,93762168713,5,2637,1312
93765202495,93765202502,7,2724,942
93767646256,93767646262,6,2195,1255
93767678943,93767678925,-18,504,405
93770607633,93770607638,5,3354,1556
93771303075,93771303078,3,1138,1061
93772282071,93772282076,5,2980,1730
93774093007,93774093009,2,1538,1015
93779570758,93779570760,2,2133,2361
93779620494,93779620491,-3,1433,3767
93784586724,93784586730,6,2227,1005
93785342982,93785342986,4,1999,1342
93785820127,93785820125,-2,114482,31769
93788833269,93788833273,4,1357,990
93791783607,93791783612,5,2278,1992
93793193869,93793193873,4,1823,1146
93793250641,93793250630,-11,1478,897
93797356213,93797356218,5,2948,1264
93802209089,93802209090,1,2019,2286
93802583265,93802583269,4,1286,1040
93803739100,93803739103,3,2647,1347
93806717202,93806717207,5,2262,1488
93807319206,93807319212,6,2410,1795
93807873879,93807873881,2,1279,1961
93810935444,93810935447,3,1882,892
93811371350,93811371354,4,2045,1530
93812965073,93812965079,6,2327,1690
93814393599,93814393602,3,1599,1463
93820307191,93820307195,4,1769,1567
93821830154,93821830158,4,10743,6823
93821927728,93821927731,3,1792,1250
93825526507,93825526510,3,2535,1295
93828511693,93828511697,4,1653,1298
93829391621,93829391608,-13,2245,1181
93829711676,93829711678,2,1885,1780
93831704096,93831704101,5,2188,1173
93832625550,93832625555,5,1883,1105
93833088154,93833088150,-4,774,324
93833655922,93833655927,5,1831,1404
93834022677,93834022683,6,1587,696
93835775251,93835775255,4,2685,1950
93837224572,93837224575,3,1906,1682
93839884237,93839884243,6,3174,1767
93850375938,93850375943,5,2424,1360
93850468905,93850468910,5,1505,1277
93852466669,93852466688,19,2129,924
93854926445,93854926450,5,2130,1452
93856087621,93856087627,6,2246,1167
93856946699,93856946694,-5,1620,4691
93857601866,93857601871,5,2328,1422
93859186702,93859186706,4,2383,1202
93859265093,93859265111,18,2018,1278
93861274137,93861274142,5,1519,453
93862796658,93862796664,6,1252,844
93866053817,93866053821,4,1942,1563
93877106510,93877106515,5,1810,795
93878370834,93878370839,5,1589,1557
93879879114,93879879112,-2,1119,1619
93880449842,93880449846,4,1874,1608
93883027651,93883027654,3,1948,1825
93884239963,93884239969,6,2281,1184
93887564163,93887564169,6,1855,1433
93888779873,93888779877,4,2562,1815
93892555102,93892555106,4,1976,1822
93895784182,93895784188,6,2763,1662
93896107167,93896107163,-4,968,2891
93904126743,93904126747,4,1772,1186
93905379385,93905379389,4,1657,1129
93910313434,93910313437,3,1642,1610
93911180741,93911180744,3,2444,1223
93912948040,93912948042,2,1996,1405
93918546566,93918546568,2,2073,1989
93919848944,93919848946,2,1548,1462
93921256868,93921256871,3,1689,1305
93921924649,93921924654,5,2042,1457
93922626130,93922626131,1,2042,2046
93924023781,93924023786,5,2010,1203
93928439820,93928439823,3,2443,996
93929147574,93929147557,-17,2433,1073
93930421466,93930421473,7,2874,1444
93930644741,93930644746,5,1977,1548
93933208379,93933208380,1,1281,2006
93934875416,93934875422,6,2973,1681
93935145701,93935145686,-15,2463,708
93937042801,93937042803,2,2109,967
93940023570,93940023575,5,1814,1108
93940343677,93940343680,3,2170,1754
93940502843,93940502849,6,1981,1210
93945453738,93945453742,4,1671,1065
93947070198,93947070202,4,1751,984
93947884948,93947884951,3,1545,1260
93949595784,93949595791,7,1380,998
93953273736,93953273741,5,2252,1211
93956451054,93956451058,4,1750,1050
93956894114,93956894119,5,1414,1349
93957314800,93957314814,14,2127,1092
93960811934,93960811938,4,1768,1426
93963641657,93963641661,4,1417,1142
93963990669,93963990672,3,1757,1722
93965127429,93965127435,6,2168,1195
93967784694,93967784698,4,1885,1022
93979006254,93979006259,5,2544,1224
93982307746,93982307751,5,1578,1138
93982440873,93982440876,3,2190,1205
93993383701,93993383705,4,2043,1658
93996490111,93996490113,2,841,1093
93996859725,93996859730,5,2239,1032
94000335002,94000335006,4,1871,1153
94003857056,94003857051,-5,1094,2417
94006577146,94006577150,4,2090,1580
94007347691,94007347695,4,1801,1283
94015685625,94015685631,6,1780,947
94015830917,94015830901,-16,1119,512
94016427682,94016427685,3,1435,1601
94017270555,94017270558,3,2176,994
94023773921,94023773925,4,2210,1677
94026976385,94026976390,5,1624,1382
94028269878,94028269882,4,2962,2057
94032156404,94032156406,2,1201,1566
94033088794,94033088798,4,1616,1159
94033623725,94033623731,6,19874,37294
94034170725,94034170730,5,1934,1266
94037640336,94037640340,4,2022,1363
94038197408,94038197411,3,1881,1070
94039438852,94039438858,6,2736,1504
94043767693,94043767698,5,2137,1523
94044687154,94044687158,4,1848,1151
94048497248,94048497250,2,1567,1246
94053481924,94053481929,5,2584,1783
94058160607,94058160609,2,1236,1045
94060198662,94060198665,3,1867,1796
94063052308,94063052312,4,2499,1658
94063834233,94063834239,6,2208,1451
94070826812,94070826812,0,1435,1623
94072165045,94072165050,5,2307,1153
94073238467,94073238444,-23,1717,1024
94080686761,94080686765,4,2086,895
94080925478,94080925481,3,2025,1477
94081437393,94081437397,4,1714,1306
94083163474,94083163469,-5,24415,11035
94084050436,94084050451,15,12483,44714
94088997634,94088997637,3,1900,1284
94091791842,94091791845,3,2063,1841
94095574002,94095574007,5,2561,1511
94096284483,94096284485,2,2423,1318
94097463766,94097463770,4,1419,792
94099565947,94099565951,4,1612,1335
94101154835,94101154821,-14,2878,1163
94102268693,94102268697,4,2060,1176
94102465897,94102465900,3,2127,1921
94104775276,94104775273,-3,1202,2141
94105105493,94105105474,-19,1307,1725
94107252505,94107252507,2,1522,1087
94108941458,94108941462,4,2115,2111
94110856118,94110856123,5,1953,1420
94111143249,94111143232,-17,1013,934
94114726279,94114726277,-2,15829,35826
94114903764,94114903770,6,2545,1518
94116602915,94116602896,-19,2437,1845
94119745304,94119745306,2,1337,929
94121031623,94121031628,5,3255,1591
94121769196,94121769198,2,1937,1554
94125878206,94125878209,3,1533,1528
94126534544,94126534548,4,2164,1380
94127068013,94127068017,4,1917,1393
94129744365,94129744371,6,1711,1411
94134204837,94134204840,3,2033,1411
94135709462,94135709466,4,2036,1516
94138794063,94138794067,4,2276,1422
94139437683,94139437689,6,2136,1301
94144949251,94144949256,5,1986,1795
94145446933,94145446935,2,1446,894
94145872934,94145872942,8,13175,19990
94150285606,94150285609,3,1833,1387
94157248016,94157248019,3,1477,849
94157301906,94157301911,5,1355,870
94157903139,94157903142,3,1662,1170
94159074637,94159074630,-7,1054,3254
94159394671,94159394674,3,2449,1247
94159844158,94159844163,5,1809,888
94161926998,94161927004,6,1880,1546
94163321534,94163321539,5,1901,938
94163621770,94163621774,4,1329,792
94167571931,94167571935,4,1537,1193
94172602010,94172602014,4,2169,1479
94173456217,94173456220,3,1033,889
94176181893,94176181898,5,1916,1258
94178022966,94178022969,3,1748,1370
94178222555,94178222575,20,1844,1191
94186985478,94186985481,3,1226,1162
94187827849,94187827854,5,2111,997
94189526976,94189526982,6,3440,1437
94191099894,94191099899,5,2108,1244
94192868375,94192868379,4,1516,757
94194270462,94194270465,3,2343,1907
94198517663,94198517667,4,1856,1202
94204806394,94204806390,-4,3326,8087
94206011489,94206011494,5,2080,1454
94211764686,94211764691,5,2237,1173
94212073194,94212073195,1,1908,1867
94213079717,94213079721,4,2257,1851
94217278939,94217278943,4,1154,920
94221551199,94221551203,4,2023,1066
94222490019,94222490023,4,1855,1343
94233958814,94233958817,3,1453,1280
94237970879,94237970884,5,2275,1528
94240534778,94240534780,2,1483,1663
94242405930,94242405934,4,1184,713
94243838075,94243838079,4,1357,1036
94245204254,94245204259,5,1922,772
94245911214,94245911219,5,2497,1455
94248964431,94248964434,3,2498,2018
94254906080,94254906085,5,1896,1312
94255112828,94255112834,6,4202,1312
94259349410,94259349414,4,1856,1054
94261565363,94261565366,3,2520,2016
94261829173,94261829177,4,698,570
94262891094,94262891096,2,1640,1227
94265797753,94265797751,-2,1522,2686
94267807675,94267807680,5,1289,1016
94271287007,94271287010,3,2113,1509
94272660833,94272660839,6,12479,8080
94274702331,94274702337,6,2769,2308
94276944305,94276944309,4,1393,763
94280350193,94280350198,5,2032,1310
94281388007,94281388011,4,2811,1909
94283128046,94283128051,5,1992,1392
94284922312,94284922315,3,1638,1357
94286274550,94286274555,5,2978,1640
94289726269,94289726275,6,1692,1235
94290463921,94290463926,5,2249,1035
94293139416,94293139421,5,1870,1259
94295565449,94295565455,6,2052,1181
94297208581,94297208583,2,1820,1761
94298343562,94298343566,4,1476,1024
94302214277,94302214278,1,1920,1284
94304239265,94304239269,4,1226,1130
94311605934,94311605939,5,3591,1129
94311897133,94311897130,-3,1198,2052
94314007779,94314007782,3,1687,1049
94314155377,94314155359,-18,873,457
94314798051,94314798053,2,1592,1580
94314912293,94314912290,-3,5063,12295
94315615302,94315615305,3,1835,1704
94323621681,94323621686,5,2056,1191
94323657774,94323657758,-16,1554,1201
94324237005,94324237009,4,1477,1124
94324808903,94324808903,0,925,320
94327163493,94327163498,5,1820,1300
94329653645,94329653648,3,1666,1477
94334237637,94334237640,3,1706,1370
94335237009,94335237011,2,1606,1523
94338357458,94338357462,4,2225,1535
94341524798,94341524802,4,1668,1104
94342168733,94342168743,10,1870,1237
94343970254,94343970259,5,1801,1319
94346024386,94346024390,4,2190,1279
94350902632,94350902635,3,1375,1104
94360896790,94360896795,5,2286,1342
94361022196,94361022198,2,1421,1040
94363142573,94363142577,4,1978,1350
94363714884,94363714887,3,1390,1431
94366221089,94366221094,5,2183,1397
94366627512,94366627511,-1,3745,53822
94374668414,94374668400,-14,2748,1075
94376976882,94376976885,3,1879,1244
94377171917,94377171903,-14,1552,1081
94378669383,94378669386,3,1608,1344
94380453479,94380453483,4,2287,1079
94382540618,94382540622,4,1420,854
94387047597,94387047603,6,1672,1239
94388368854,94388368858,4,2086,1282
94388886543,94388886558,15,1954,958
94389338131,94389338136,5,2163,1380
94393469765,94393469770,5,1185,1296
94401961603,94401961606,3,1661,1123
94403263484,94403263488,4,1971,1747
94404018605,94404018609,4,1285,1182
94404337125,94404337128,3,1766,1344
94407509512,94407509516,4,2389,1267
94407957230,94407957237,7,1254,1083
94408507970,94408507966,-4,1462,428
94408934584,94408934586,2,2053,1890
94414656502,94414656506,4,1669,1265
94414816193,94414816196,3,1639,745
94415329053,94415329060,7,1697,1085
94416712084,94416712077,-7,1201,5857
94417676590,94417676594,4,1452,1238
94418732328,94418732333,5,1642,1053
94422317566,94422317569,3,1877,844
94423337629,94423337635,6,1720,1254
94425937464,94425937458,-6,1704,9103
94429337565,94429337566,1,2045,1631
94429768175,94429768179,4,1600,811
94430702547,94430702543,-4,1212,2661
94433305030,94433305034,4,2289,1449
94436995927,94436995933,6,1508,1389
94437240122,94437240124,2,1723,1394
94437707746,94437707749,3,1432,1307
94439824116,94439824119,3,1225,907
94441195102,94441195105,3,1816,1238
94443566793,94443566796,3,1522,1240
94448105899,94448105906,7,2315,1022
94450127217,94450127222,5,1751,1346
94450821465,94450821470,5,2693,1115
94451383145,94451383150,5,1970,1650
94451985837,94451985843,6,2030,1468
94452708498,94452708501,3,2457,1823
94457218704,94457218707,3,2995,2015
94457553347,94457553350,3,2819,2205
94457829693,94457829697,4,2992,1549
94471311202,94471311206,4,3503,1326
94474512600,94474512604,4,1435,1225
94475641838,94475641843,5,2975,1690
94475700759,94475700758,-1,877,210
94476336979,94476336984,5,2766,1566
94479093556,94479093559,3,1733,1365
94480539150,94480539132,-18,1991,962
94482110894,94482110899,5,2438,1901
94482994302,94482994307,5,2827,1585
94484474086,94484474090,4,2963,2244
94485006478,94485006483,5,4688,1598
94490019413,94490019418,5,2214,883
94490439598,94490439602,4,1849,1562
94492720376,94492720380,4,1199,995
94493641205,94493641210,5,2149,1501
94493733797,94493733799,2,1893,1503
94495438120,94495438122,2,1352,1172
94497125570,94497125574,4,2059,1642
94497485473,94497485477,4,1605,1271
94498894513,94498894518,5,2681,1428
94502195718,94502195721,3,902,721
94502617932,94502617949,17,2560,1586
94503016965,94503016948,-17,1281,798
94503548122,94503548127,5,3249,1538
94507609186,94507609189,3,2022,909
94510347772,94510347777,5,1930,1501
94511635072,94511635075,3,884,834
94511938514,94511938518,4,2535,1084
94513937436,94513937442,6,2473,1162
94519425236,94519425239,3,3318,2759
94519742909,94519742906,-3,1994,2702
94522612419,94522612422,3,1393,896
94523838138,94523838145,7,2323,1375
94525400439,94525400445,6,1641,1637
94535763786,94535763785,-1,8657,13283
94535896342,94535896348,6,2475,1727
94536344318,94536344323,5,2580,1807
94539285294,94539285299,5,1590,1025
94541979686,94541979691,5,1649,1053
94544968760,94544968760,0,5772,20388
94545090182,94545090185,3,1632,1335
94547146580,94547146583,3,2660,1527
94549632016,94549632019,3,1982,1209
94556493202,94556493203,1,2257,1467
94556792386,94556792391,5,2409,1331
94557114377,94557114399,22,2053,1278
94562477138,94562477138,0,661,1072
94566200594,94566200598,4,1767,1351
94566759126,94566759130,4,4447,3281
94577243309,94577243315,6,1686,1174
94577639598,94577639602,4,1958,1058
94579134707,94579134713,6,1695,1070
94579709054,94579709057,3,2403,1416
94580545854,94580545857,3,1698,1243
94583119181,94583119185,4,2400,2014
94584495405,94584495405,0,1829,1997
94589512223,94589512226,3,2119,1711
94590756205,94590756205,0,874,2078
94590882281,94590882283,2,1903,1377
94594388742,94594388747,5,2019,1440
94595494181,94595494186,5,2612,1447
94597464523,94597464527,4,1687,1237
94600518525,94600518529,4,2333,1611
94603354018,94603354022,4,1631,1295
94604705802,94604705806,4,2938,2006
94605249309,94605249314,5,2068,1710
94605524822,94605524808,-14,1551,644
94606113500,94606113506,6,2227,1397
94609100498,94609100509,11,2406,1658
94611801318,94611801321,3,1740,1518
94614058263,94614058282,19,771,2617
94615805354,94615805360,6,2162,1807
94615984189,94615984191,2,1461,1132
94619315045,94619315052,7,2110,1327
94624241217,94624241221,4,2635,2005
94624681604,94624681606,2,1784,2042
94629876549,94629876553,4,2081,1172
94629907837,94629907841,4,1671,1210
94631636937,94631636916,-21,2346,1428
94633396119,94633396123,4,1743,1236
94633749995,94633749997,2,2217,1280
94634754874,94634754881,7,2028,1367
94639358017,94639358021,4,1974,981
94650530230,94650530232,2,2028,1564
94653603447,94653603447,0,1321,1768
94655580821,94655580824,3,1563,1118
94658444530,94658444534,4,1995,1351
94660264256,94660264237,-19,2178,1574
94660802627,94660802628,1,3169,3786
94669361310,94669361313,3,2073,1981
94670019923,94670019928,5,3186,1250
94673254140,94673254142,2,2406,1339
94676599101,94676599107,6,2540,1281
94678183494,94678183495,1,2128,1343
94679144610,94679144614,4,2245,1317
94679530561,94679530565,4,2040,1276
94682817138,94682817144,6,1809,1391
94690006342,94690006346,4,1165,929
94690632146,94690632150,4,1726,1481
94691255594,94691255597,3,2975,1674
94692175618,94692175623,5,1763,1019
94694074410,94694074414,4,2184,1205
94697297914,94697297919,5,1405,1341
94697684321,94697684326,5,2266,1040
94698562796,94698562802,6,1753,1064
94700578098,94700578102,4,1934,868
94705104718,94705104722,4,1897,1213
94705195670,94705195653,-17,1388,514
94708938471,94708938474,3,2356,1606
94709851997,94709852002,5,1478,926
94709890999,94709891006,7,2491,1479
94710467376,94710467377,1,2169,1376
94715843977,94715843981,4,3018,2038
94717573953,94717573952,-1,1041,2321
94717731803,94717731809,6,2565,1576
94718544950,94718544955,5,2110,1340
94718633429,94718633435,6,1354,939
94719542050,94719542056,6,1634,1446
94719833305,94719833311,6,1603,1559
94722580041,94722580033,-8,2457,1089
94723013355,94723013358,3,1611,1133
94724231319,94724231323,4,2182,1621
94724586346,94724586350,4,2983,1230
94724732070,94724732054,-16,1705,803
94725679373,94725679377,4,2065,963
94730459694,94730459699,5,1608,1365
94730983710,94730983715,5,1771,1825
94731721053,94731721034,-19,320,1798
94733748119,94733748121,2,1716,889
94737192293,94737192297,4,2489,1164
94738471350,94738471355,5,1932,1371
94744874553,94744874558,5,2217,1170
94746535290,94746535296,6,1829,1235
94747970718,94747970720,2,1364,1949
94748157915,94748157894,-21,1808,1029
94753724267,94753724273,6,2644,1656
94761086974,94761086977,3,1402,945
94762914370,94762914374,4,1652,1213
94764432615,94764432619,4,2423,1268
94769785293,94769785295,2,1758,1270
94773949798,94773949801,3,2570,1030
94775458254,94775458257,3,2444,1369
94782805639,94782805645,6,2660,1632
94786848529,94786848535,6,2321,1277
94792030778,94792030782,4,2540,1560
94794046813,94794046818,5,1834,1103
94796605593,94796605598,5,1298,754
94798406670,94798406674,4,1065,871
94799618234,94799618239,5,2154,1669
94811924790,94811924796,6,3648,1801
94814226266,94814226271,5,1810,1642
94814347822,94814347826,4,1826,974
94814822702,94814822711,9,789,267
94816839298,94816839302,4,1902,1427
94819693187,94819693192,5,1438,1179
94824271658,94824271664,6,2066,1041
94824657574,94824657560,-14,1149,708
94826706305,94826706310,5,1559,1417
94830800433,94830800434,1,3180,3733
94831007573,94831007576,3,1649,1115
94832057793,94832057792,-1,2211,2013
94832979466,94832979469,3,2012,1069
94833513482,94833513493,11,1729,1065
94834760637,94834760641,4,1190,1092
94836443313,94836443318,5,2035,1429
94837977860,94837977865,5,2328,1274
94838393201,94838393182,-19,850,716
94838419262,94838419266,4,2490,1385
94840428517,94840428522,5,2562,1494
94841336282,94841336285,3,2303,1647
94844337503,94844337510,7,3535,1498
94844925610,94844925615,5,1935,1104
94857872501,94857872504,3,1718,1065
94858775461,94858775467,6,1959,1177
94862005103,94862005108,5,2551,1315
94862915567,94862915550,-17,1688,655
94864793167,94864793169,2,1406,1196
94865310898,94865310904,6,2154,1597
94865556170,94865556172,2,1610,1222
94874229750,94874229754,4,1549,1151
94874976054,94874976057,3,1540,1347
94880153630,94880153635,5,2428,1141
94883091971,94883091976,5,2525,1909
94886924460,94886924466,6,2225,1365
94887374128,94887374134,6,2216,1437
94889496894,94889496897,3,1918,1172
94890021343,94890021337,-6,1021,4904
94890108440,94890108442,2,2164,1779
94895608729,94895608734,5,2183,1369
94903177129,94903177132,3,1785,1475
94904906030,94904906035,5,2269,1373
94909640626,94909640631,5,2617,1418
94912163089,94912163091,2,3622,2812
94912595714,94912595718,4,1695,1472
94914098954,94914098958,4,1875,1551
94914892350,94914892353,3,645,1000
94915863205,94915863210,5,1915,1031
94920284544,94920284547,3,1764,932
94920605099,94920605106,7,2840,1370
94929734925,94929734929,4,2543,1565
94931689402,94931689403,1,3655,3095
94940136750,94940136754,4,1597,1223
94940829217,94940829218,1,1423,2000
94941675629,94941675632,3,2124,1170
94944456999,94944457002,3,2424,1590
94944522001,94944522003,2,1689,1166
94944888041,94944888038,-3,1344,2182
94955428186,94955428189,3,1645,1311
94966074092,94966074095,3,1435,1140
94966117103,94966117109,6,2096,1134
94966307277,94966307261,-16,3029,1656
94973721874,94973721877,3,2884,1529
94974099622,94974099625,3,2151,1112
94984245768,94984245765,-3,15061,35475
94984602921,94984602924,3,2950,1753
94990082242,94990082246,4,2636,1766
94990603382,94990603389,7,2586,1346
94991890079,94991890081,2,1487,2213
94993672168,94993672169,1,1669,1451
94995306985,94995306990,5,2325,1408
94995708831,94995708836,5,2790,1828
94998317689,94998317694,5,2607,878
95001203956,95001203959,3,2735,2056
95006194993,95006194994,1,1493,1810
95007282286,95007282290,4,2964,1366
95008496655,95008496658,3,1237,1200
95016366135,95016366140,5,2230,1074
95017040737,95017040759,22,2068,1102
95018650279,95018650283,4,2003,1341
95019886924,95019886929,5,1816,1351
95021237522,95021237526,4,1960,1065
95021581442,95021581448,6,3132,1248
95022089343,95022089348,5,1360,986
95022860701,95022860705,4,2412,2196
95024889818,95024889817,-1,2572,4838
95025530333,95025530337,4,2106,1770
95027459359,95027459361,2,2201,2104
95030544109,95030544111,2,1360,895
95040337906,95040337911,5,2377,1492
95040673900,95040673902,2,1622,987
95042758206,95042758198,-8,46256,19650
95049157697,95049157701,4,2339,1316
95050017779,95050017791,12,599,251
95050154754,95050154734,-20,1896,1440
95050378946,95050378951,5,2022,1202
95055393300,95055393305,5,2061,1461
95056128799,95056128801,2,1928,1687
95056710239,95056710246,7,2885,1468
95059858934,95059858940,6,4199,1808
95061460471,95061460477,6,1854,1254
95067440952,95067440956,4,2995,1661
95069520438,95069520441,3,1655,1429
95070825813,95070825816,3,1876,1919
95073329577,95073329578,1,1770,1241
95075219035,95075219039,4,1623,1148
95076213074,95076213078,4,2820,1218
95076332903,95076332907,4,1666,969
95078257674,95078257677,3,2368,1357
95081827494,95081827495,1,1249,1198
95084148735,95084148739,4,1608,1225
95087835588,95087835593,5,2621,1537
95091325333,95091325337,4,2918,1268
95091572471,95091572472,1,1737,1178
95092900122,95092900125,3,1415,921
95096645097,95096645099,2,1562,1782
95102583161,95102583162,1,1780,1457
95106554304,95106554307,3,1501,1352
95109221738,95109221742,4,1595,1256
95111347315,95111347301,-14,32516,15725
95111542273,95111542269,-4,717,2478
95112115366,95112115370,4,2305,1155
95112243854,95112243857,3,2361,1603
95120056414,95120056418,4,1696,1256
95120931174,95120931191,17,1339,904
95123498730,95123498735,5,1937,1623
95123982950,95123982953,3,1082,1238
95124436200,95124436194,-6,853,3117
95125374297,95125374298,1,1681,1673
95126225979,95126225983,4,623,212
95127056749,95127056753,4,1718,948
95129654778,95129654780,2,1982,1303
95131831497,95131831499,2,1131,1197
95132079516,95132079507,-9,1992,863
95134319145,95134319149,4,1875,810
95140214546,95140214550,4,1461,1025
95141663491,95141663497,6,1504,1125
95145678810,95145678813,3,2195,1264
95148032926,95148032930,4,2317,1551
95148419446,95148419450,4,1836,1073
95153280189,95153280194,5,2400,1392
95156414882,95156414886,4,2293,1217
95157367103,95157367107,4,1921,1031
95160860591,95160860595,4,2394,1543
95162171373,95162171377,4,1558,782
95163561593,95163561574,-19,2638,894
95164158533,95164158538,5,1584,1047
95166251453,95166251456,3,1882,1274
95167857951,95167857955,4,1786,1172
95169200313,95169200319,6,2577,1171
95173347358,95173347361,3,2000,1511
95174437146,95174437151,5,3014,1352
95176565525,95176565527,2,1846,1130
95177854069,95177854074,5,2001,1767
95179720335,95179720338,3,2309,1424
95186636862,95186636844,-18,2414,1633
95187111314,95187111318,4,685,364
95189024042,95189024045,3,2049,1658
95192072792,95192072796,4,1317,1623
95192683586,95192683591,5,2679,1031
95195049811,95195049814,3,1856,1931
95197882228,95197882230,2,1875,1050
95199735895,95199735899,4,1474,1190
95201497213,95201497218,5,2235,1765
95210552497,95210552501,4,2074,1761
95213213950,95213213955,5,2166,1078
95213793590,95213793594,4,2408,1407
95216116384,95216116387,3,1468,1568
95217047206,95217047212,6,1729,1351
95217676067,95217676070,3,1763,1177
95217737774,95217737777,3,1952,1618
95221323130,95221323133,3,1123,948
95225243649,95225243654,5,2136,1406
95226282142,95226282145,3,1023,1231
95230554734,95230554738,4,2240,1030
95232145455,95232145451,-4,1960,3370
95232617179,95232617182,3,2027,1673
95233802401,95233802406,5,2226,1093
95233974653,95233974657,4,1226,1051
95235879664,95235879666,2,2206,1334
95238452052,95238452054,2,1687,989
95242863375,95242863380,5,1742,1217
95243147838,95243147852,14,795,687
95244897455,95244897459,4,2097,1159
95245240526,95245240530,4,2298,1833
95246950599,95246950604,5,1635,1121
95247652657,95247652659,2,1850,1596
95249480998,95249481003,5,2343,983
95252527943,95252527947,4,1855,1264
95253815560,95253815565,5,2407,1621
95255004342,95255004346,4,2417,1458
95259274625,95259274628,3,2868,1831
95261360841,95261360846,5,1785,1009
95261582235,95261582242,7,3110,1256
95262771205,95262771207,2,1098,1016
95263323562,95263323566,4,1776,1174
95264078243,95264078246,3,1644,1394
95264861499,95264861503,4,2171,967
95269923579,95269923581,2,1278,1362
95271128894,95271128899,5,2690,1444
95272683850,95272683853,3,2431,1518
95272801929,95272801910,-19,705,878
95274477953,95274477957,4,1913,1123
95275501329,95275501343,14,2394,1224
95275638713,95275638717,4,1808,1086
95279062481,95279062484,3,2300,1295
95279735598,95279735604,6,2836,1375
95282945290,95282945294,4,1940,1446
95284069782,95284069785,3,2496,1623
95285301447,95285301446,-1,1265,2358
95285425591,95285425596,5,2538,1763
95286139538,95286139542,4,1803,954
95286880910,95286880913,3,2356,1596
95289799709,95289799715,6,2236,1120
95290647342,95290647342,0,946,1319
95292175521,95292175526,5,2352,1032
95294391799,95294391805,6,2492,1270
95303706607,95303706610,3,1979,1274
95303991071,95303991078,7,1683,1245
95305440691,95305440695,4,2178,1429
95306711678,95306711661,-17,2420,1624
95307106006,95307106014,8,2940,1656
95307136722,95307136726,4,1755,1077
95308469145,95308469149,4,2686,1341
95311657903,95311657907,4,1890,1562
95311750750,95311750754,4,1734,934
95312250662,95312250666,4,1835,1449
95314488950,95314488954,4,2275,1249
95315771277,95315771276,-1,3034,3303
95315979865,95315979872,7,1196,873
95316012747,95316012724,-23,931,542
95320138532,95320138527,-5,1795,3803
95325488210,95325488215,5,2006,1607
95327222963,95327222966,3,1971,1468
95327331226,95327331232,6,2460,1265
95328408091,95328408094,3,1812,1755
95328901872,95328901877,5,1932,1650
95336137311,95336137304,-7,925,3781
95338254859,95338254864,5,1785,1418
95345167793,95345167797,4,2724,1171
95345543079,95345543083,4,2406,1816
95352940707,95352940710,3,1375,1651
95355884834,95355884840,6,2185,1608
95356892325,95356892309,-16,1853,946
95357130345,95357130349,4,1812,1038
95358602482,95358602487,5,1955,1598
95358851234,95358851239,5,2511,1252
95359100785,95359100787,2,1658,1386
95360410629,95360410629,0,3225,4065
95360453845,95360453847,2,2363,1360
95361348810,95361348815,5,2123,1423
95363088055,95363088053,-2,1314,2486
95364990317,95364990322,5,1768,1387
95369811513,95369811524,11,1063,933
95370604341,95370604345,4,1602,1124
95372758282,95372758290,8,2785,1361
95374972999,95374972997,-2,1258,1823
95376718585,95376718590,5,2818,1690
95379434651,95379434653,2,1045,1398
95383836394,95383836400,6,2356,1512
95384009566,95384009572,6,1655,1171
95384380138,95384380143,5,906,989
95384895046,95384895050,4,3018,1415
95385695026,95385695032,6,1979,1277
95387277074,95387277078,4,2159,1585
95388374959,95388374965,6,2761,1369
95390414333,95390414337,4,2479,1400
95391348417,95391348422,5,2085,1080
95394336152,95394336157,5,6017,3076
95401374829,95401374833,4,2233,1052
95401624370,95401624376,6,1742,1235
95402096520,95402096524,4,1884,1924
95404165865,95404165871,6,1216,1054
95406234429,95406234436,7,1808,1255
95408485467,95408485466,-1,1633,2892
95409416188,95409416194,6,1961,1197
95418803137,95418803138,1,1812,2962
95420939814,95420939818,4,2120,1204
95425022398,95425022401,3,19478,26245
95429529803,95429529807,4,20905,23291
95431473083,95431473066,-17,1568,5679
95434337790,95434337795,5,2289,910
95435116902,95435116908,6,1835,1400
95437355083,95437355086,3,1744,1547
95437396838,95437396843,5,2428,1234
95439918275,95439918279,4,1577,1089
95440439302,95440439306,4,2366,1266
95443963230,95443963234,4,2059,1568
95448000119,95448000122,3,2300,1269
95449318230,95449318235,5,2377,1310
95451391703,95451391706,3,2376,1502
95451874309,95451874316,7,12529,35946
95453282437,95453282438,1,1860,1098
95455583202,95455583209,7,2158,1235
95456802978,95456802981,3,1130,1585
95458499935,95458499939,4,2055,1322
95458525964,95458525969,5,1959,1148
95463752862,95463752866,4,1006,776
95465174585,95465174587,2,1608,1621
95466838258,95466838261,3,2162,1732
95466885890,95466885900,10,2352,1047
95467613415,95467613418,3,1422,1036
95468460885,95468460890,5,753,745
95472401481,95472401484,3,905,880
95486089210,95486089219,9,10783,23053
95490086250,95490086255,5,1458,1261
95492002414,95492002418,4,1280,860
95499996931,95499996935,4,1663,1325
95500680015,95500680019,4,1819,1082
95502795806,95502795810,4,2100,1810
95503137392,95503137397,5,2118,1482
95506262163,95506262161,-2,1167,2096
95511548686,95511548690,4,1982,1039
95514827535,95514827541,6,1307,1380
95514944918,95514944925,7,2382,1038
95516561852,95516561859,7,1744,980
95521860974,95521860981,7,3453,1424
95526494121,95526494126,5,1410,1122
95527145297,95527145294,-3,895,495
95527473678,95527473662,-16,1999,1215
95529232186,95529232189,3,1427,1291
95532169057,95532169061,4,2669,1480
95532814540,95532814545,5,2293,1507
95546006398,95546006403,5,2048,1134
95556658123,95556658126,3,1104,1128
95557696789,95557696790,1,1995,1551
95561450994,95561450999,5,1542,1340
95566304673,95566304678,5,1791,1218
95570055389,95570055394,5,1970,1419
95570546421,95570546425,4,2198,1515
95570665075,95570665055,-20,2018,834
95572900325,95572900330,5,2427,2146
95574078285,95574078287,2,1614,1203
95574995317,95574995322,5,1560,1140
95577091750,95577091753,3,2040,1063
95577997627,95577997631,4,1237,1255
95582763051,95582763055,4,2080,1522
95585689954,95585689955,1,1852,1732
95586521366,95586521372,6,2074,1316
95589797536,95589797531,-5,25629,11696
95596961029,95596961030,1,1809,1485
95603560930,95603560935,5,2064,1473
95603634356,95603634359,3,2375,1609
95604601874,95604601879,5,2449,900
95605242361,95605242363,2,1518,1812
95605775533,95605775538,5,1984,1400
95606044790,95606044794,4,2501,1110
95609075629,95609075631,2,2129,1280
95610536632,95610536633,1,1396,922
95612547136,95612547137,1,3333,3902
95616622673,95616622673,0,2942,4172
95616708514,95616708519,5,2132,837
95621855107,95621855109,2,967,893
95622194230,95622194231,1,1881,1184
95624400693,95624400694,1,1691,1482
95628743497,95628743497,0,2665,2518
95631961555,95631961559,4,1627,1578
95635639398,95635639406,8,2132,1158
95636503353,95636503359,6,1528,947
95638060240,95638060245,5,1924,1121
95640179629,95640179633,4,1476,1078
95640926561,95640926583,22,1625,826
95642282557,95642282555,-2,851,1705
95643358242,95643358247,5,2514,1120
95659191564,95659191566,2,2066,1332
95664961395,95664961400,5,1432,1024
95666415535,95666415539,4,1438,1251
95667170985,95667170983,-2,2504,5446
95696966275,95696966278,3,2615,1904
95700018711,95700018714,3,2681,1926
95710312029,95710312034,5,1773,1188
95714890378,95714890384,6,3247,1908
95715971365,95715971353,-12,1067,1506
95716725486,95716725489,3,1521,1330
95724109116,95724109122,6,3117,968
95727610458,95727610462,4,1367,1367
95728178281,95728178294,13,14102,8726
95729023922,95729023926,4,1495,1098
95730743338,95730743341,3,1351,1273
95732002209,95732002212,3,2150,1559
95738404209,95738404211,2,1105,1268
95739851965,95739851966,1,1639,1229
95743323898,95743323903,5,3126,1150
95743702130,95743702134,4,2881,1645
95747778839,95747778845,6,1947,1419
95749903705,95749903720,15,14954,55639
95750866530,95750866533,3,1375,1281
95753396233,95753396238,5,2369,1854
95754981676,95754981679,3,2122,1250
95758114723,95758114723,0,1015,1491
95758372943,95758372931,-12,807,930
95763411130,95763411135,5,2823,1028
95765775211,95765775215,4,1738,1570
95768596890,95768596895,5,2123,1982
95769493541,95769493546,5,1698,1311
95769889858,95769889853,-5,971,3400
95771025247,95771025251,4,2853,1637
95772030446,95772030450,4,1487,976
95774494551,95774494556,5,1095,922
95779791514,95779791519,5,1489,1331
95786695824,95786695831,7,1428,906
95789801952,95789801955,3,1663,1277
95790555442,95790555447,5,2692,1330
95790850975,95790850960,-15,2043,1296
95792299605,95792299609,4,2396,1615
95794084736,95794084740,4,2407,1057
95796220519,95796220524,5,1618,823
95799631146,95799631148,2,1845,2391
95800214237,95800214241,4,2228,1521
95801132233,95801132237,4,1738,1304
95801572051,95801572055,4,1884,1066
95802533905,95802533894,-11,20768,16243
95802877353,95802877357,4,1581,1621
95805907361,95805907366,5,1219,1118
95806598842,95806598845,3,2213,1640
95807666780,95807666783,3,1524,1105
95809474023,95809474025,2,1149,2011
95810693370,95810693373,3,1892,1333
95812072030,95812072033,3,2080,1123
95816511274,95816511278,4,2150,1681
95816848553,95816848557,4,1783,1470
95817299169,95817299174,5,2167,1326
95823536021,95823536025,4,2001,2100
95829896007,95829896012,5,2393,1473
95833195144,95833195147,3,1877,881
95836007665,95836007647,-18,1911,1038
95836638266,95836638268,2,1955,1376
95837356033,95837356039,6,1212,801
95842084406,95842084409,3,1625,1123
95843191547,95843191552,5,1815,1587
95844114566,95844114574,8,4741,1593
95844589797,95844589800,3,1552,1288
95847669505,95847669502,-3,790,1407
95852298262,95852298266,4,2077,1214
95852419975,95852419976,1,2873,1740
95855923538,95855923541,3,2060,1727
95856818914,95856818919,5,2906,1459
95859185222,95859185225,3,1321,1666
95867691632,95867691635,3,1903,1193
95869864071,95869864075,4,1187,1074
95870337690,95870337695,5,1964,912
95871449480,95871449483,3,2046,1334
95872633186,95872633194,8,1510,1068
95874572584,95874572591,7,2381,1048
95875695702,95875695706,4,1017,878
95877749241,95877749245,4,2340,1466
95882519699,95882519703,4,1275,966
95884668285,95884668289,4,997,1291
95888243375,95888243377,2,4320,3217
95891330792,95891330795,3,1831,1622
95896821825,95896821831,6,2209,1075
95896957245,95896957248,3,1398,613
95901741137,95901741140,3,3120,3084
95905900727,95905900732,5,1813,914
95912489206,95912489206,0,1397,2413
95913342257,95913342262,5,2035,1281
95914216735,95914216737,2,1571,798
95917069122,95917069129,7,2094,1313
95920472474,95920472469,-5,1357,3054
95922963544,95922963549,5,2243,1609
95926848205,95926848213,8,1842,1064
95928724239,95928724243,4,1995,1510
95929998873,95929998877,4,1907,1578
95932156878,95932156883,5,1844,1029
95933869765,95933869769,4,1463,1434
95937041609,95937041611,2,1339,1401
95944845547,95944845551,4,2446,1249
95947558576,95947558576,0,1340,896
95949289337,95949289343,6,1679,793
95949580443,95949580448,5,2705,1281
95949682879,95949682882,3,1403,1137
95951198530,95951198532,2,2194,1448
95952318302,95952318301,-1,1490,1669
95952622190,95952622194,4,2166,1284
95955513650,95955513655,5,2311,1415
95955686088,95955686092,4,2630,1680
95955751845,95955751830,-15,729,446
95960319669,95960319673,4,1078,1114
95963804026,95963804032,6,2260,1106
95964874792,95964874794,2,2152,1219
95966393707,95966393710,3,1579,1344
95966966218,95966966221,3,1593,2357
95968084589,95968084592,3,1709,1085
95972746937,95972746940,3,1061,908
95977248365,95977248371,6,2097,1375
95982835274,95982835279,5,1862,931
95983729533,95983729538,5,2205,934
95984377041,95984377046,5,1783,1185
95985172471,95985172474,3,1839,1205
95986532585,95986532591,6,2164,1642
95988898749,95988898750,1,2242,1098
95989402973,95989402976,3,1912,1494
95992750445,95992750452,7,6571,3159
95993796573,95993796576,3,1518,1114
95995269622,95995269629,7,2949,1434
95997749653,95997749658,5,2133,1465
96000607516,96000607516,0,1386,1972
96001612799,96001612802,3,1754,1698
96002617274,96002617277,3,1492,1115
96004348611,96004348616,5,1890,1166
96005596647,96005596651,4,2047,1176
96007334541,96007334545,4,2318,1684
96012900094,96012900094,0,1148,2113
96016874543,96016874547,4,1342,835
96023545054,96023545057,3,1740,1547
96025735353,96025735354,1,1473,1610
96025990015,96025990022,7,1987,1258
96026877530,96026877534,4,1297,1015
96030967966,96030967972,6,2637,1926
96031431331,96031431336,5,2707,1551
96033222082,96033222089,7,3929,1306
96033323979,96033323983,4,1772,1259
96034607309,96034607311,2,1492,1659
96034683172,96034683175,3,1306,641
96037840230,96037840237,7,3181,1607
96039543914,96039543916,2,1860,1672
96039718646,96039718642,-4,1172,3083
96041139009,96041139014,5,1624,1684
96042629445,96042629451,6,1475,1089
96043371446,96043371446,0,1255,2024
96045043032,96045043036,4,2159,1628
96045594650,96045594655,5,1897,1528
96046786546,96046786550,4,1401,846
96050039406,96050039411,5,3127,1500
96053900061,96053900066,5,1861,1256
96054975312,96054975316,4,1883,1519
96056344896,96056344901,5,2205,1517
96058822161,96058822163,2,2126,1406
96064475185,96064475189,4,1548,1394
96067843653,96067843656,3,1657,1706
96068503350,96068503354,4,1671,1149
96070631693,96070631698,5,1904,1300
96071860555,96071860558,3,2031,1734
96072633817,96072633821,4,1883,1146
96073878556,96073878556,0,1882,1745
96074309730,96074309733,3,1505,1385
96079401895,96079401899,4,1925,1377
96081319443,96081319427,-16,1375,1290
96083289614,96083289618,4,1607,1165
96083944089,96083944069,-20,2087,855
96085860338,96085860339,1,1544,1808
96086379459,96086379464,5,1973,1371
96089206454,96089206458,4,2084,1676
96093569318,96093569321,3,1322,1041
96097810906,96097810910,4,2592,1267
96098945690,96098945693,3,1637,1328
96099771054,96099771059,5,2174,1251
96100007600,96100007621,21,2587,1068
96104927617,96104927621,4,2551,1339
96106841465,96106841469,4,2335,1787
96115056179,96115056174,-5,2098,7555
96116589699,96116589704,5,3336,2613
96118273235,96118273244,9,1247,706
96119796174,96119796178,4,1964,1090
96120096741,96120096747,6,1751,935
96121041571,96121041572,1,1603,1777
96124087289,96124087292,3,2234,1353
96124639807,96124639810,3,2025,1286
96130585830,96130585834,4,948,858
96131936751,96131936750,-1,1686,2011
96133366946,96133366950,4,1831,1331
96136443709,96136443712,3,2907,1707
96137486750,96137486755,5,1325,1103
96137555277,96137555279,2,1702,1077
96139747719,96139747723,4,1642,833
96140637774,96140637759,-15,1435,1229
96142250391,96142250395,4,2982,1732
96144391065,96144391069,4,2171,1267
96151637874,96151637878,4,1945,1713
96153205500,96153205504,4,2580,1914
96156982506,96156982511,5,1953,1291
96158343174,96158343178,4,2211,1689
96160061702,96160061706,4,1677,1935
96161361009,96161361015,6,1576,545
96162569746,96162569751,5,2732,945
96164464478,96164464482,4,2820,1567
96165554885,96165554885,0,1334,1466
96166337646,96166337649,3,1772,1224
96166983466,96166983472,6,2095,1662
96170297273,96170297275,2,938,1292
96171830901,96171830907,6,2166,1376
96173090199,96173090202,3,1767,1640
96175690299,96175690304,5,2257,1415
96177189262,96177189266,4,1952,1405
96177931354,96177931357,3,1142,741
96181701481,96181701484,3,1731,1135
96181862375,96181862358,-17,1781,736
96182930781,96182930786,5,1818,1198
96185347627,96185347630,3,1877,1815
96187838722,96187838725,3,2697,1360
96190344667,96190344670,3,1597,1655
96197297878,96197297883,5,2126,1329
96197659623,96197659625,2,1768,1282
96199680227,96199680231,4,2407,1762
96202495422,96202495425,3,2230,1247
96203473203,96203473207,4,2008,1410
96207519817,96207519822,5,1259,1152
96212799786,96212799791,5,2232,1386
96218900914,96218900918,4,2320,1263
96221109809,96221109810,1,1270,2277
96223191270,96223191274,4,2733,1511
96223543366,96223543371,5,2267,1436
96224847943,96224847943,0,1158,1180
96226944403,96226944406,3,2185,1295
96228288971,96228288976,5,1902,1532
96230384073,96230384069,-4,1136,1822
96239007773,96239007775,2,2344,1607
96244547454,96244547458,4,2250,1775
96245605930,96245605934,4,1473,1360
96246033762,96246033766,4,2310,1655
96247336961,96247336968,7,1403,1553
96250751978,96250751982,4,2071,1599
96257567633,96257567639,6,3020,1418
96258045945,96258045950,5,1897,1331
96259041024,96259041028,4,2886,1069
96262216746,96262216750,4,3333,1925
96262289211,96262289215,4,2012,1034
96263247389,96263247394,5,1882,1034
96264639142,96264639143,1,1249,1122
96269114998,96269115002,4,1615,1408
96269793414,96269793419,5,2853,2470
96274596098,96274596102,4,1398,905
96277880458,96277880462,4,1452,1254
96278320245,96278320250,5,1990,1220
96281398647,96281398651,4,2234,1168
96281615797,96281615801,4,2451,2152
96285759416,96285759419,3,2493,1384
96296750684,96296750690,6,1920,1391
96297508105,96297508107,2,940,1044
96297959274,96297959277,3,1725,1301
96298111958,96298111956,-2,3674,4554
96299764053,96299764056,3,2621,1047
96300392879,96300392882,3,2283,1543
96301898566,96301898572,6,1498,1378
96303152124,96303152127,3,1737,1301
96303252527,96303252516,-11,925,138
96304283881,96304283886,5,1436,783
96304512139,96304512139,0,1106,770
96305556600,96305556604,4,1894,1932
96307326470,96307326475,5,1101,836
96310728671,96310728677,6,1764,1340
96314826880,96314826886,6,3362,1706
96315468454,96315468459,5,1138,1139
96317655435,96317655438,3,962,876
96320822143,96320822146,3,1862,1206
96332634828,96332634830,2,2074,1230
96341821706,96341821710,4,1760,1246
96342542265,96342542270,5,1497,1012
96345094706,96345094709,3,2414,1955
96345630374,96345630379,5,1527,1284
96347681415,96347681414,-1,1112,1554
96348219012,96348219015,3,1939,1198
96348685517,96348685503,-14,1340,547
96349069999,96349070002,3,2110,1765
96349113594,96349113598,4,1647,1214
96353148654,96353148658,4,1526,1206
96355646706,96355646710,4,2527,1651
96355712750,96355712754,4,2551,1135
96356166357,96356166359,2,1826,1218
96360916543,96360916546,3,1511,1194
96362945062,96362945076,14,1378,1053
96365834562,96365834567,5,1634,1028
96374208855,96374208853,-2,1767,2708
96380361126,96380361129,3,1731,770
96380396337,96380396342,5,1520,1129
96381413286,96381413291,5,1852,1311
96381471121,96381471101,-20,908,313
96382218945,96382218949,4,1289,923
96382589445,96382589450,5,1562,937
96385293828,96385293832,4,1862,1232
96385940515,96385940519,4,1987,1622
96390543881,96390543885,4,5202,5241
96394251606,96394251609,3,2684,1716
96397737694,96397737695,1,2629,1955
96399137411,96399137414,3,1867,1515
96400260887,96400260888,1,1158,1522
96405587527,96405587529,2,1218,2228
96406877129,96406877134,5,2300,1166
96408849753,96408849757,4,1784,1350
96409851372,96409851366,-6,2404,7104
96410065798,96410065802,4,2227,1302
96417272090,96417272094,4,2111,1535
96421454292,96421454295,3,1823,1222
96426807901,96426807905,4,1626,974
96428775981,96428775985,4,2189,1040
96430021798,96430021803,5,1446,808
96430279358,96430279344,-14,1347,1334
96432830217,96432830222,5,2244,1171
96439795295,96439795299,4,1269,902
96442481645,96442481649,4,2689,1250
96445007306,96445007311,5,2510,1617
96446005814,96446005819,5,2189,988
96446595603,96446595606,3,1744,1274
96448035420,96448035425,5,2077,1695
96449066767,96449066769,2,1623,1284
96451426833,96451426837,4,1711,1381
96451872234,96451872255,21,1573,1259
96457133502,96457133502,0,1203,1573
96458705234,96458705238,4,2170,1361
96461088906,96461088911,5,1947,1316
96461346118,96461346123,5,2033,1061
96462867994,96462867998,4,2152,1502
96463329854,96463329858,4,1717,1455
96463821112,96463821118,6,1757,1327
96467314003,96467314006,3,2122,1077
96468002944,96468002947,3,1803,1477
96468416242,96468416246,4,1942,1364
96468936395,96468936395,0,1021,2118
96469756964,96469756969,5,1871,1240
96474912986,96474912991,5,1807,1124
96480946083,96480946089,6,1812,1016
96482600726,96482600726,0,1336,1606
96482730298,96482730302,4,2104,1417
96483451929,96483451934,5,1495,1126
96484421228,96484421233,5,2203,1115
96485482939,96485482943,4,1958,1333
96486635316,96486635335,19,1783,890
96488420049,96488420055,6,2200,1301
96489523120,96489523115,-5,838,1855
96494154448,96494154455,7,2080,928
96497786474,96497786478,4,1732,1585
96497990495,96497990503,8,2631,915
96499463815,96499463821,6,3311,1813
96500062133,96500062137,4,2581,1476
96500740919,96500740923,4,1525,1130
96507101318,96507101322,4,1536,1297
96512266626,96512266628,2,6124,19965
96513347309,96513347312,3,2465,1481
96515626087,96515626090,3,1945,1229
96520222946,96520222951,5,1160,1069
96525656209,96525656213,4,2350,1561
96529342122,96529342122,0,2329,2496
96533123650,96533123655,5,951,851
96533332207,96533332190,-17,1760,938
96538652804,96538652809,5,2096,1110
96538948234,96538948238,4,2174,1265
96541369059,96541369063,4,1763,979
96542541329,96542541335,6,2572,1698
96543310506,96543310511,5,2976,1383
96547068383,96547068388,5,1472,1172
96555724921,96555724924,3,2017,1207
96556446422,96556446426,4,2455,853
96557120195,96557120199,4,1507,1230
96557869098,96557869101,3,2993,1561
96567132730,96567132735,5,2287,1131
96570456870,96570456874,4,2334,1771
96570561894,96570561897,3,1755,1179
96571643570,96571643573,3,2029,1069
96573944018,96573944022,4,1176,1318
96576194900,96576194903,3,2626,1773
96576364278,96576364282,4,1850,894
96580174871,96580174873,2,1756,1613
96580306815,96580306800,-15,2284,1751
96581590754,96581590758,4,1729,1405
96586229022,96586229026,4,2159,1612
96592502231,96592502235,4,1191,1205
96593499179,96593499184,5,2381,1626
96594014892,96594014895,3,2171,1008
96594324568,96594324573,5,1446,1450
96597709246,96597709253,7,2354,1282
96600140637,96600140640,3,1922,1449
96602947359,96602947362,3,2337,1412
96609484496,96609484503,7,2267,1010
96612670893,96612670898,5,1267,906
96620694197,96620694199,2,1712,1578
96621878609,96621878613,4,915,781
96622827095,96622827098,3,3158,1425
96627838008,96627838011,3,1651,1244
96629179511,96629179515,4,1625,1583
96632155027,96632155004,-23,1798,1137
96632481939,96632481947,8,1608,1146
96636180746,96636180751,5,2337,1012
96636642843,96636642820,-23,1873,973
96638636999,96638636978,-21,2772,1347
96641213310,96641213314,4,2126,1381
96642308878,96642308881,3,2352,1854
96646804782,96646804789,7,3374,1693
96647608841,96647608843,2,2041,1111
96649643536,96649643539,3,2138,1506
96650730581,96650730586,5,2155,1465
96652055883,96652055889,6,2660,1171
96652133604,96652133607,3,1923,1577
96653590519,96653590526,7,4567,2071
96656082639,96656082642,3,1775,1291
96656539145,96656539149,4,2053,1421
96657240247,96657240249,2,1346,965
96658521586,96658521590,4,1848,1476
96658738002,96658738013,11,13056,35349
96660125594,96660125597,3,1797,1227
96662972886,96662972887,1,1625,1055
96666656570,96666656571,1,2057,1178
96667865002,96667865007,5,1405,794
96670161418,96670161423,5,1930,1429
96672221650,96672221655,5,1653,1169
96676272128,96676272132,4,5124,2782
96679866389,96679866391,2,3440,2726
96681698512,96681698516,4,2071,1214
96681982958,96681982962,4,2228,1864
96685571557,96685571562,5,2306,1856
96687007532,96687007535,3,1906,1152
96687446493,96687446495,2,2103,1282
96688970258,96688970277,19,1428,1286
96694418105,96694418108,3,2719,1602
96695496529,96695496535,6,1155,918
96695616127,96695616131,4,2147,1076
96697678632,96697678635,3,1931,1016
96697881741,96697881741,0,32208,40756
96699977155,96699977157,2,1685,1467
96701428970,96701428972,2,1670,1171
96702752464,96702752470,6,2681,1317
96704901661,96704901666,5,2712,1442
96705223609,96705223616,7,2286,1631
96705506777,96705506782,5,3379,1877
96707055794,96707055793,-1,1808,1193
96711749247,96711749250,3,1438,1286
96714200797,96714200803,6,1192,691
96716227069,96716227071,2,1479,1077
96718000618,96718000620,2,2117,1909
96722032321,96722032324,3,1772,1558
96723863220,96723863223,3,3005,2598
96730605709,96730605712,3,2375,1142
96731533742,96731533747,5,2680,1513
96739133148,96739133150,2,1832,1402
96742225418,96742225423,5,2216,1161
96744988037,96744988039,2,1014,539
96747293482,96747293487,5,1436,1156
96748618622,96748618627,5,2493,1351
96748749645,96748749648,3,1853,873
96751992834,96751992838,4,1694,1413
96753081311,96753081315,4,2653,1588
96753805342,96753805348,6,1676,1292
96754248574,96754248556,-18,2342,1583
96755245629,96755245636,7,1837,1242
96755907278,96755907281,3,1523,1477
96756236350,96756236351,1,1998,1255
96758739203,96758739203,0,1357,1038
96760327329,96760327332,3,2968,1308
96762546194,96762546198,4,2797,1579
96768754918,96768754921,3,1263,1451
96769815930,96769815933,3,1567,938
96770425808,96770425801,-7,1763,4884
96773042962,96773042967,5,2059,1017
96774712919,96774712913,-6,700,4063
96775940330,96775940333,3,1755,1175
96776489989,96776489982,-7,1127,5077
96777583218,96777583221,3,1780,1358
96780240091,96780240092,1,1543,1180
96781626931,96781626910,-21,1237,373
96785276070,96785276076,6,1691,747
96785888990,96785888991,1,1387,1186
96787738627,96787738631,4,1827,1589
96788796464,96788796447,-17,846,950
96790105755,96790105758,3,1871,1063
96791139234,96791139239,5,2814,1536
96792040612,96792040614,2,2047,1502
96795230944,96795230949,5,1432,1384
96795461756,96795461758,2,2231,982
96796649048,96796649051,3,2364,1206
96798783215,96798783215,0,1840,1923
96800054069,96800054074,5,1542,1029
96808669644,96808669648,4,1345,1215
96809637396,96809637401,5,1689,1094
96810398486,96810398485,-1,1214,1340
96814344431,96814344434,3,646,567
96814696746,96814696751,5,2201,1273
96815800465,96815800467,2,2623,1624
96816563812,96816563815,3,1899,939
96818066917,96818066922,5,2000,1087
96819171608,96819171612,4,1784,1115
96819236504,96819236486,-18,2323,959
96820120766,96820120775,9,1965,1094
96827445122,96827445126,4,3199,1894
96828119282,96828119285,3,1145,1009
96828337069,96828337070,1,1297,1436
96829256666,96829256670,4,8696,31025
96829508781,96829508787,6,2023,846
96830095857,96830095847,-10,848,435
96831683888,96831683892,4,1700,1127
96831902723,96831902702,-21,1844,1458
96834631102,96834631107,5,1166,918
96838879607,96838879612,5,1871,1347
96840651084,96840651088,4,1606,1409
96843489396,96843489397,1,2357,2815
96844101298,96844101302,4,2483,1581
96847411647,96847411647,0,1091,1481
96849974146,96849974150,4,2070,1108
96854348547,96854348551,4,2029,807
96862543143,96862543142,-1,1393,1428
96862629068,96862629073,5,2019,1640
96863565644,96863565647,3,2135,1270
96865799947,96865799951,4,2708,2494
96866721348,96866721350,2,1382,845
96869486495,96869486499,4,1405,1415
96875506709,96875506714,5,1786,1333
96876133267,96876133265,-2,1659,2571
96878605294,96878605298,4,1993,1125
96881720110,96881720104,-6,663,1553
96882371723,96882371726,3,1441,930
96882981041,96882981045,4,1163,1026
96884265765,96884265766,1,1886,2105
96886081034,96886081038,4,1859,1310
96888293505,96888293506,1,2077,1085
96889859402,96889859407,5,1452,899
96890151351,96890151367,16,877,188
96903825210,96903825215,5,1887,1021
96905708899,96905708904,5,2382,1723
96908589678,96908589683,5,1130,1406
96909976894,96909976898,4,2589,1286
96911901071,96911901075,4,2228,1636
96914112187,96914112188,1,1724,1413
96921096235,96921096238,3,1587,1295
96923591434,96923591441,7,2572,1235
96924372809,96924372811,2,2133,1291
96930483434,96930483438,4,2752,1698
96932053783,96932053787,4,1495,951
96933408058,96933408062,4,2579,1807
96937405593,96937405595,2,1820,1391
96939453780,96939453782,2,1437,1332
96941728946,96941728950,4,2477,1024
96942757839,96942757853,14,770,407
96943704511,96943704518,7,2106,1550
96945618657,96945618662,5,1823,1241
96946236590,96946236595,5,1652,1137
96949659986,96949659990,4,1954,1797
96950222294,96950222298,4,1838,1046
96950959270,96950959265,-5,1684,4765
96952457807,96952457809,2,1453,1218
96957939367,96957939370,3,1284,1077
96961802636,96961802638,2,1678,1352
96970010153,96970010157,4,1314,1114
96971726554,96971726559,5,2497,1692
96973966105,96973966111,6,2113,1456
96976063055,96976063060,5,1703,1414
96978569609,96978569620,11,1677,1153
96979160552,96979160555,3,1397,973
96984542256,96984542254,-2,17928,11582
96992935507,96992935511,4,1666,1385
96995715897,96995715901,4,2100,1592
96997993162,96997993166,4,1277,956
96999112749,96999112740,-9,682,105
97000463161,97000463163,2,1978,1704
97004038623,97004038627,4,2373,1230
97004163403,97004163406,3,1656,738
97004992231,97004992228,-3,1558,3324
97006116743,97006116746,3,2285,998
97007542332,97007542338,6,2329,1736
97008368835,97008368838,3,2227,1475
97011370007,97011370010,3,1688,1209
97013637886,97013637885,-1,1395,1916
97024941468,97024941471,3,1898,1200
97026247908,97026247904,-4,984,2834
97030447153,97030447158,5,2124,1569
97033538027,97033538033,6,1461,1320
97042561738,97042561744,6,2111,1726
97043056183,97043056189,6,1789,1604
97050259009,97050259008,-1,1106,1700
97051016316,97051016319,3,2691,1423
97056768094,97056768095,1,1865,2292
97061167269,97061167273,4,2196,1362
97063273606,97063273588,-18,992,317
97071836949,97071836955,6,2226,1271
97072818275,97072818279,4,1971,1157
97074920066,97074920070,4,1753,1500
97076157255,97076157258,3,1441,1247
97077273690,97077273694,4,1360,924
97077405738,97077405720,-18,2072,1535
97077806069,97077806071,2,2261,1481
97079812053,97079812058,5,2068,1251
97079911112,97079911116,4,2595,1711
97080698905,97080698910,5,2750,1344
97082191466,97082191459,-7,1057,6187
97084393133,97084393137,4,1793,1235
97087878163,97087878169,6,1693,1454
97088633606,97088633611,5,1455,1092
97089095416,97089095422,6,2207,1138
97090812766,97090812771,5,2275,1733
97091918730,97091918735,5,2300,1775
97094978031,97094978033,2,1097,1144
97098964169,97098964174,5,2500,1754
97102190334,97102190339,5,2938,1496
97102755564,97102755570,6,2074,1315
97112342606,97112342609,3,1203,927
97115053055,97115053054,-1,1023,1773
97115262571,97115262571,0,825,1233
97118353310,97118353315,5,1861,934
97121633009,97121633009,0,2152,3026
97124340318,97124340322,4,2926,1455
97125212609,97125212609,0,2990,3697
97125466388,97125466391,3,1629,1409
97130972666,97130972671,5,1720,1112
97131093641,97131093645,4,3202,2062
97133239938,97133239937,-1,1122,1877
97136254407,97136254413,6,2065,1526
97138962686,97138962684,-2,1473,2801
97145820514,97145820518,4,1936,1511
97146065340,97146065338,-2,25106,12922
97152542494,97152542498,4,2294,1798
97153755014,97153754999,-15,503,205
97156431495,97156431499,4,2335,1727
97159381645,97159381649,4,1785,1233
97159909329,97159909333,4,2411,1590
97163345421,97163345425,4,2115,1279
97164154278,97164154283,5,1274,864
97164900560,97164900564,4,1921,1347
97176172841,97176172846,5,1992,1195
97187075563,97187075569,6,2703,1327
97189748061,97189748069,8,6000,1573
97192339478,97192339481,3,1720,1523
97192514799,97192514803,4,1732,1074
97195712848,97195712853,5,1583,1694
97201386559,97201386562,3,2720,1696
97207335241,97207335247,6,1929,806
97210083723,97210083727,4,2563,1646
97210985085,97210985090,5,2255,1828
97216443254,97216443258,4,2635,1217
97216769717,97216769722,5,1840,1249
97217094710,97217094713,3,2299,1209
97219229630,97219229637,7,3130,1093
97221813486,97221813491,5,1544,1255
97224292059,97224292062,3,2440,1730
97226969441,97226969445,4,1818,1219
97228124886,97228124891,5,1452,1190
97231255287,97231255290,3,2458,1518
97235020955,97235020959,4,1726,1494
97242634487,97242634491,4,2301,1095
97243349422,97243349426,4,2836,1101
97244159394,97244159398,4,1986,1380
97246620272,97246620275,3,2037,1695
97253342122,97253342105,-17,1270,282
97256630589,97256630594,5,2734,1007
97257940151,97257940155,4,1947,1623
97264163398,97264163402,4,1194,722
97267135805,97267135810,5,2414,1182
97267708581,97267708583,2,2010,1275
97268410358,97268410365,7,1777,1681
97278229489,97278229493,4,2307,1173
97278433250,97278433228,-22,2327,1163
97279015914,97279015919,5,1922,1096
97279692662,97279692648,-14,1215,961
97280326964,97280326968,4,1902,1899
97281907130,97281907133,3,1604,1131
97282422577,97282422579,2,1605,1176
97285896779,97285896783,4,1434,884
97286735642,97286735648,6,2499,1757
97288709151,97288709153,2,1028,1233
97289162179,97289162196,17,2206,1001
97291172154,97291172158,4,2303,1195
97297071133,97297071137,4,2220,2499
97298861723,97298861727,4,1992,1638
97306397888,97306397891,3,1884,561
97308608962,97308608967,5,2099,1394
97314850625,97314850628,3,4030,2276
97315155989,97315155993,4,2492,1549
97317930758,97317930737,-21,807,444
97322463483,97322463489,6,1553,1452
97323095006,97323095011,5,1540,1964
97323850931,97323850935,4,1515,1167
97325164514,97325164503,-11,1479,1585
97336907089,97336907093,4,983,962
97338777322,97338777326,4,1217,1379
97339019238,97339019244,6,2981,2038
97339363286,97339363286,0,4173,18298
97345330529,97345330533,4,1243,964
97348610713,97348610702,-11,23624,15506
97352551965,97352551971,6,3047,1665
97352768569,97352768574,5,2237,1518
97353794142,97353794124,-18,1880,1191
97353882725,97353882724,-1,30166,21448
97354254310,97354254313,3,2318,1325
97355917310,97355917315,5,1274,995
97362216587,97362216575,-12,897,1753
97367453024,97367453029,5,1636,1138
97368392998,97368393001,3,2216,1352
97372065006,97372065011,5,2225,845
97374099354,97374099359,5,2502,1474
97374524955,97374524961,6,2999,1779
97378714578,97378714582,4,2020,1484
97379311082,97379311087,5,2268,1344
97380021094,97380021098,4,1525,1547
97380244901,97380244906,5,1269,1233
97380452157,97380452164,7,1847,1099
97380881784,97380881787,3,1688,1397
97381422209,97381422211,2,2260,1761
97382591185,97382591189,4,1145,848
97383787850,97383787849,-1,1091,2670
97385702589,97385702589,0,1677,2222
97392478870,97392478873,3,1656,988
97395142730,97395142734,4,1744,1285
97395772102,97395772087,-15,1700,1070
97396704809,97396704814,5,2410,1167
97401393598,97401393597,-1,2159,3348
97402297781,97402297784,3,2161,1576
97407273874,97407273878,4,2032,961
97408136890,97408136895,5,1656,971
97408905679,97408905686,7,2036,793
97411282498,97411282503,5,2144,1490
97413244779,97413244785,6,1809,1026
97416533493,97416533498,5,2042,1373
97419817618,97419817622,4,2416,1062
97422237030,97422237034,4,2060,1458
97424380204,97424380207,3,1213,713
97424772359,97424772356,-3,22034,19357
97426968703,97426968707,4,2526,1410
97429057030,97429057035,5,2728,1774
97430388842,97430388848,6,2931,1212
97431490814,97431490819,5,2185,1404
97433999737,97433999740,3,1707,1237
97436594726,97436594729,3,1680,1208
97438417246,97438417251,5,2746,1461
97438792553,97438792558,5,2020,1385
97439363998,97439364001,3,2237,1247
97442671378,97442671385,7,2071,1296
97443258747,97443258752,5,1859,1416
97443337733,97443337737,4,2323,1564
97445967596,97445967600,4,1931,1363
97446797167,97446797171,4,2790,1386
97448254546,97448254551,5,2830,1502
97451724171,97451724177,6,1927,1214
97454052095,97454052098,3,1574,1104
97456994785,97456994804,19,1591,1162
97460021217,97460021220,3,956,1200
97471576626,97471576629,3,2345,1503
97472057220,97472057219,-1,2092,2638
97473660486,97473660490,4,2719,1503
97477244758,97477244757,-1,290,903
97478608232,97478608237,5,2458,1471
97479954785,97479954790,5,2085,1017
97482616695,97482616698,3,1918,1170
97485686441,97485686432,-9,653,8135
97487348251,97487348257,6,1303,851
97489710219,97489710223,4,2070,1399
97490936266,97490936269,3,2158,1528
97500171810,97500171810,0,1968,2314
97500276481,97500276486,5,1174,940
97501308146,97501308151,5,1932,1158
97501915150,97501915155,5,1535,1075
97503710637,97503710643,6,1762,812
97503735957,97503735962,5,2043,1334
97503787981,97503787981,0,1374,1479
97505231049,97505231055,6,1940,1505
97505553742,97505553738,-4,20111,52031
97507560338,97507560339,1,2983,3242
97511043382,97511043386,4,1483,943
97513481978,97513481982,4,1533,1093
97518444285,97518444281,-4,2034,6032
97519366570,97519366576,6,2152,1810
97519887597,97519887600,3,1600,1552
97524528862,97524528867,5,2718,1468
97525411853,97525411855,2,836,876
97527062260,97527062262,2,1424,1138
97531008187,97531008190,3,1481,1051
97533888285,97533888286,1,1721,1397
97536047062,97536047066,4,2021,1150
97537728219,97537728222,3,1793,1348
97539090559,97539090562,3,1864,1810
97540008946,97540008950,4,1556,1147
97543232992,97543232996,4,1948,1304
97550168075,97550168078,3,1619,1313
97550254416,97550254422,6,1892,1410
97557101074,97557101078,4,1365,1310
97557413597,97557413582,-15,1554,679
97560552626,97560552629,3,1137,1427
97560609270,97560609274,4,1911,1042
97563200354,97563200358,4,2011,1357
97564012865,97564012868,3,1114,1431
97564129949,97564129964,15,2443,1204
97566616663,97566616666,3,2130,1490
97567338349,97567338355,6,1981,992
97568409080,97568409083,3,1917,1664
97570351871,97570351874,3,2107,1414
97570747990,97570747996,6,3280,1558
97573062142,97573062146,4,1909,1499
97581362697,97581362701,4,2674,1154
97584179349,97584179353,4,2145,1219
97586228646,97586228653,7,2033,1299
97590507705,97590507708,3,2159,1215
97593643831,97593643834,3,1212,1658
97593772051,97593772063,12,747,267
97594090539,97594090544,5,1930,1448
97597080170,97597080177,7,1803,1307
97598281850,97598281858,8,2514,1283
97598903218,97598903223,5,1949,1316
97600939535,97600939543,8,2117,713
97601878343,97601878347,4,2563,1581
97603416051,97603416054,3,1976,1281
97604226289,97604226285,-4,1083,2529
97604807965,97604807967,2,2349,1301
97605084317,97605084327,10,1684,1028
97606040524,97606040520,-4,1061,2955
97609533366,97609533370,4,2309,1428
97613203318,97613203323,5,1600,1636
97618622822,97618622828,6,1714,1492
97618914856,97618914861,5,2301,1122
97619786778,97619786759,-19,2134,796
97621096461,97621096468,7,2646,1380
97621960321,97621960324,3,2108,1596
97625292794,97625292800,6,1489,1009
97627689740,97627689744,4,1956,1399
97634240409,97634240412,3,1217,994
97635279933,97635279938,5,2140,1218
97638314968,97638314973,5,2773,2039
97639032431,97639032435,4,2265,1755
97639316325,97639316329,4,1880,1245
97640030609,97640030613,4,1315,1293
97640846279,97640846282,3,938,758
97642911951,97642911954,3,2208,1141
97644206498,97644206487,-11,1020,415
97644636658,97644636662,4,2381,1582
97645618352,97645618350,-2,48501,16570
97645844109,97645844112,3,1780,1113
97647395670,97647395670,0,2047,1440
97647691587,97647691587,0,975,1469
97650492879,97650492881,2,983,1298
97658496458,97658496463,5,3428,1705
97658822918,97658822921,3,2039,1598
97659882470,97659882470,0,1433,1861
97660865306,97660865311,5,1942,1028
97665786446,97665786450,4,2516,1180
97668429286,97668429289,3,2316,2367
97671681479,97671681483,4,1060,847
97673931814,97673931811,-3,642,2082
97674834682,97674834681,-1,1265,1990
97675710685,97675710702,17,671,379
97677088038,97677088043,5,3589,1826
97678543209,97678543212,3,1876,1256
97681729356,97681729355,-1,1850,1057
97682399646,97682399649,3,1938,1152
97684860474,97684860480,6,2573,1372
97685126226,97685126229,3,1846,1219
97685429929,97685429934,5,1584,1326
97688831246,97688831252,6,2210,1300
97690481459,97690481462,3,2025,1504
97693256652,97693256657,5,1552,915
97694202106,97694202110,4,2180,882
97694851338,97694851344,6,1992,1482
97695212996,97695212999,3,1583,1172
97695459362,97695459366,4,2083,1362
97696408286,97696408291,5,1857,1078
97697628568,97697628571,3,1465,966
97697956838,97697956842,4,1878,1383
97700617026,97700617028,2,3301,3439
97701553895,97701553898,3,1801,994
97712799322,97712799325,3,1896,1130
97713435805,97713435810,5,1741,1625
97714834223,97714834226,3,1256,773
97717037028,97717037032,4,2022,1123
97717504907,97717504910,3,2345,1898
97722678957,97722678952,-5,964,3780
97723731384,97723731392,8,2860,1411
97729881695,97729881698,3,2744,2029
97733246778,97733246783,5,2595,1798
97733859770,97733859775,5,1388,1374
97736572550,97736572555,5,2511,1003
97740030550,97740030554,4,2144,1681
97741437089,97741437094,5,2096,871
97742012893,97742012897,4,1622,1342
97742119989,97742120006,17,1816,1528
97742872871,97742872874,3,1888,990
97746477399,97746477403,4,1442,1147
97752184509,97752184512,3,2450,2062
97755308910,97755308915,5,1312,1034
97755527521,97755527526,5,1397,1368
97756468966,97756468970,4,1985,1480
97760000127,97760000138,11,9342,40478
97760280905,97760280910,5,1613,999
97763470479,97763470483,4,1759,1112
97763574303,97763574307,4,1878,1294
97767406730,97767406735,5,1999,1440
97769077902,97769077906,4,2128,1579
97776391874,97776391878,4,1331,1174
97776639598,97776639584,-14,2048,873
97778337245,97778337249,4,2214,1432
97784463026,97784463030,4,2623,1146
97784819727,97784819731,4,1074,966
97785641435,97785641414,-21,2309,1176
97790136948,97790136952,4,1838,913
97790358271,97790358254,-17,656,220
97796335106,97796335111,5,2348,1152
97797421415,97797421422,7,2195,1088
97798627885,97798627890,5,2394,1311
97799874962,97799874966,4,1537,1142
97800690838,97800690842,4,1571,1499
97801925289,97801925294,5,1098,675
97806886091,97806886096,5,1355,966
97806962757,97806962776,19,1851,943
97807162742,97807162747,5,2504,1091
97807355188,97807355191,3,1947,1107
97807592931,97807592935,4,1968,1097
97808259946,97808259943,-3,1225,4350
97808635556,97808635560,4,2361,2194
97814338595,97814338599,4,1815,773
97818190368,97818190382,14,534,1968
97818576832,97818576834,2,1336,1521
97819120526,97819120530,4,1557,907
97820307672,97820307678,6,2363,1237
97820932032,97820932034,2,1473,1951
97821494861,97821494866,5,2008,1179
97826872944,97826872950,6,2060,972
97832639519,97832639523,4,1724,1312
97833445227,97833445231,4,1953,1355
97834414090,97834414093,3,13185,8485
97842223586,97842223590,4,1256,1566
97844956498,97844956502,4,2721,1511
97845994719,97845994723,4,2385,1801
97847940424,97847940404,-20,1803,446
97848538951,97848538955,4,1996,2019
97849574797,97849574802,5,1227,1213
97852203502,97852203506,4,2581,1668
97856412290,97856412284,-6,2139,7406
97856623567,97856623570,3,1917,1498
97857737311,97857737315,4,2073,1588
97859367434,97859367438,4,2352,1726
97859486704,97859486709,5,1595,1477
97859654967,97859654963,-4,1424,2221
97859876945,97859876948,3,1866,1417
97860628220,97860628224,4,1462,2120
97861697105,97861697108,3,1870,1546
97862951958,97862951963,5,2675,1490
97864529537,97864529539,2,1855,1505
97867175012,97867175016,4,1708,1065
97867466746,97867466750,4,2196,1274
97868244938,97868244948,10,1844,1441
97876218033,97876218037,4,3032,2014
97876743238,97876743232,-6,2182,7208
97880386247,97880386250,3,1566,1019
97880906834,97880906837,3,2158,1148
97882409950,97882409957,7,2276,1761
97883827434,97883827439,5,1261,1357
97884902166,97884902169,3,2294,1569
97888554566,97888554546,-20,665,578
97890356694,97890356697,3,2046,1588
97893024329,97893024334,5,2845,1263
97900249885,97900249894,9,1872,917
97900961173,97900961166,-7,1491,5415
97902244062,97902244067,5,2244,1276
97904066515,97904066518,3,1787,1643
97904362894,97904362899,5,2385,1589
97906647582,97906647587,5,2975,1888
97906779849,97906779852,3,1979,1648
97911093332,97911093335,3,1683,1384
97911523486,97911523483,-3,20506,9380
97921349129,97921349131,2,2152,1296
97924880645,97924880651,6,1695,982
97925923635,97925923638,3,2433,1829
97927792049,97927792050,1,1396,1137
97928070090,97928070094,4,2521,1668
97929563438,97929563442,4,1393,990
97929845385,97929845365,-20,613,571
97935416271,97935416274,3,1573,1048
97936950721,97936950723,2,1864,1244
97937769850,97937769846,-4,1609,3654
97938073722,97938073724,2,1676,2033
97940348281,97940348282,1,1255,1364
97942855147,97942855150,3,1655,1198
97943154144,97943154164,20,1608,1211
97943234296,97943234300,4,1546,1381
97944449652,97944449658,6,3023,1202
97951461292,97951461295,3,1275,991
97963413525,97963413529,4,1936,1227
97964527658,97964527663,5,1336,1367
97966540825,97966540830,5,1925,1121
97969736674,97969736678,4,1774,1216
97974520679,97974520682,3,1965,1189
97976385621,97976385641,20,1597,2638
97976909618,97976909621,3,1170,1236
97977491182,97977491166,-16,3328,1428
97981223693,97981223699,6,1748,1585
97985851839,97985851843,4,2786,1339
97990517310,97990517315,5,2337,1341
97995698010,97995698010,0,1648,2420
97998867622,97998867625,3,1009,802
98004004723,98004004727,4,1769,1097
98006792012,98006792015,3,1752,1206
98007336924,98007336934,10,2252,1285
98007856934,98007856939,5,1254,1079
98009792987,98009792991,4,1258,1016
98010058006,98010058011,5,65891,41040
98011001298,98011001303,5,2872,1362
98014393534,98014393537,3,1929,1059
98019848173,98019848178,5,1996,1181
98020951897,98020951901,4,1455,1495
98025709138,98025709142,4,1338,896
98030281474,98030281478,4,1878,1061
98031098592,98031098596,4,1727,1643
98031297622,98031297625,3,1333,1380
98032655965,98032655970,5,1205,792
98034979978,98034979979,1,2074,921
98035406206,98035406210,4,1564,1170
98048047479,98048047479,0,883,1223
98049129134,98049129138,4,2498,1891
98053006515,98053006519,4,1998,1402
98054912552,98054912555,3,2043,1315
98056989812,98056989815,3,2588,1206
98057183639,98057183643,4,2544,1514
98061953192,98061953196,4,2115,1467
98062655685,98062655687,2,1642,1036
98068929101,98068929106,5,2041,1094
98069110151,98069110135,-16,1721,1154
98071064134,98071064139,5,1822,1291
98072753710,98072753715,5,1879,1498
98076019803,98076019806,3,2072,1136
98076077647,98076077649,2,1805,701
98079720637,98079720643,6,1980,1254
98080657394,98080657398,4,2132,1393
98081193131,98081193134,3,1123,1017
98082231954,98082231959,5,2187,1235
98084038160,98084038163,3,1919,1437
98085034439,98085034442,3,1860,1664
98091534550,98091534557,7,2362,835
98096314260,98096314264,4,2352,1537
98097115070,98097115077,7,3202,1871
98100462997,98100463004,7,1643,857
98105868413,98105868414,1,1015,1027
98112742015,98112742020,5,2167,1281
98113486098,98113486103,5,1858,1222
98114578429,98114578430,1,1351,1825
98116257091,98116257097,6,2198,1152
98117292593,98117292573,-20,1544,1714
98118229246,98118229252,6,1937,1041
98118341714,98118341732,18,1759,1638
98119564046,98119564041,-5,1587,3706
98121228672,98121228675,3,1694,1165
98132139838,98132139842,4,3121,2240
98134295595,98134295602,7,1661,1180
98137505252,98137505257,5,2175,1412
98139223619,98139223623,4,1643,1330
98143542793,98143542797,4,1517,1231
98145874266,98145874270,4,2372,1209
98146470867,98146470870,3,2172,1806
98151493144,98151493147,3,1995,1276
98152172562,98152172582,20,1878,1420
98155058922,98155058926,4,2278,1357
98157363418,98157363422,4,2327,1320
98158085651,98158085654,3,1923,1206
98158944799,98158944803,4,1723,950
98165805134,98165805135,1,1079,1029
98166343109,98166343114,5,3168,1469
98167817074,98167817077,3,1891,1302
98169199934,98169199938,4,1523,1014
98169727389,98169727393,4,2341,1506
98171515341,98171515345,4,1916,1289
98172770677,98172770663,-14,1423,500
98173894955,98173894961,6,1199,855
98174698355,98174698358,3,2883,1669
98176252488,98176252492,4,2540,1509
98177732106,98177732087,-19,2057,1430
98182933934,98182933941,7,2679,981
98184017222,98184017228,6,2394,1255
98184939245,98184939247,2,2017,1065
98185637155,98185637143,-12,576,196
98192742009,98192742014,5,1855,1209
98195276477,98195276478,1,1817,1342
98195406883,98195406887,4,2115,1490
98195522245,98195522247,2,2281,1508
98199865516,98199865501,-15,2158,1026
98201848296,98201848299,3,1283,1118
98202608134,98202608138,4,2804,1895
98203326785,98203326790,5,2111,1258
98205900503,98205900506,3,1922,1564
98206570831,98206570846,15,1915,1168
98210778445,98210778442,-3,2301,3356
98211145150,98211145154,4,2293,939
98214190528,98214190530,2,32941,48140
98218927428,98218927431,3,1617,1117
98220875677,98220875681,4,1643,1117
98221642259,98221642263,4,2069,1002
98224191682,98224191686,4,866,1012
98225318456,98225318462,6,3303,1336
98230233354,98230233358,4,1208,905
98232728071,98232728074,3,2085,1860
98235184109,98235184113,4,4867,1769
98236525729,98236525731,2,1474,1412
98240964835,98240964838,3,2081,1250
98242972611,98242972613,2,1496,994
98243280506,98243280510,4,1872,1727
98243729658,98243729662,4,2129,1529
98248469346,98248469350,4,2200,1395
98248951853,98248951857,4,1660,1182
98249214970,98249214974,4,1662,1356
98258396040,98258396041,1,1396,1112
98263401640,98263401644,4,2143,983
98266272311,98266272315,4,2000,1171
98270343423,98270343427,4,2127,1425
98272344967,98272344972,5,1729,1185
98273997345,98273997350,5,2813,2024
98275218388,98275218391,3,2227,1170
98278251492,98278251495,3,1335,616
98280214342,98280214348,6,2398,1394
98287949115,98287949109,-6,2102,6677
98288593377,98288593378,1,1694,1896
98290490616,98290490618,2,1677,972
98296350708,98296350689,-19,1189,738
98300801945,98300801949,4,2212,1829
98301015338,98301015341,3,1441,1174
98308257446,98308257446,0,2151,4496
98308523206,98308523210,4,1813,1053
98309044206,98309044213,7,4029,1786
98309520825,98309520828,3,1978,1668
98318079557,98318079564,7,2766,1181
98321312779,98321312782,3,1374,908
98323780847,98323780851,4,1289,659
98330176700,98330176702,2,2017,1355
98335052617,98335052621,4,1818,1212
98336671508,98336671512,4,1825,1239
98337572670,98337572675,5,1690,1271
98341085557,98341085562,5,2134,1793
98341643946,98341643942,-4,639,1815
98344079119,98344079122,3,1911,1213
98344426054,98344426058,4,1781,1480
98345798714,98345798718,4,1583,1206
98352174534,98352174538,4,1618,1444
98353077381,98353077385,4,2335,1597
98355098393,98355098398,5,2362,1498
98358524798,98358524802,4,1551,1895
98359287084,98359287082,-2,5600,9923
98360580762,98360580767,5,1943,901
98364746505,98364746505,0,1525,1287
98365619474,98365619477,3,1793,1083
98366983202,98366983184,-18,1596,885
98368405454,98368405458,4,1143,1236
98376436025,98376436029,4,1487,1087
98383241270,98383241275,5,2006,1417
98383779043,98383779047,4,2498,1578
98388846134,98388846139,5,1557,1538
98394544118,98394544103,-15,2003,1121
98396123366,98396123370,4,2398,1488
98397468446,98397468450,4,2984,2071
98397999726,98397999730,4,1769,1277
98398767622,98398767627,5,1873,1406
98403387602,98403387607,5,1940,1061
98405571463,98405571470,7,2560,1316
98405945560,98405945567,7,2207,804
98406940774,98406940780,6,2258,1239
98407467802,98407467807,5,2193,1304
98418030606,98418030611,5,2775,1663
98419651834,98419651838,4,1998,1571
98422233364,98422233366,2,2872,2987
98425551819,98425551818,-1,1027,1174
98430801911,98430801916,5,2036,1079
98431211871,98431211875,4,1731,1017
98432231966,98432231969,3,1440,908
98433078591,98433078594,3,1778,1407
98433546805,98433546810,5,2242,1535
98433944193,98433944200,7,1764,1673
98434850098,98434850103,5,1398,770
98437321658,98437321662,4,1788,1626
98441379707,98441379712,5,2354,1425
98442002506,98442002487,-19,564,174
98445410566,98445410567,1,1381,1214
98446689059,98446689076,17,796,1428
98448215373,98448215378,5,2007,1275
98457268119,98457268116,-3,1041,1900
98460435470,98460435473,3,2037,1659
98463775046,98463775051,5,2058,1276
98465449286,98465449291,5,2301,1175
98471026363,98471026367,4,2317,1496
98473120779,98473120783,4,1268,1243
98486232936,98486232942,6,2626,1638
98487393385,98487393390,5,2398,1336
98488814678,98488814683,5,1882,1097
98490271093,98490271099,6,1981,1353
98490979783,98490979791,8,612,15
98492468946,98492468950,4,1511,1684
98496219702,98496219706,4,2434,1835
98497481574,98497481578,4,1759,1305
98498384251,98498384254,3,1996,1840
98500938134,98500938114,-20,1565,807
98505747191,98505747197,6,2760,1561
98507038294,98507038275,-19,1001,717
98508003208,98508003215,7,1784,1402
98509834427,98509834431,4,1648,1237
98512327683,98512327688,5,1612,1287
98521564855,98521564840,-15,1923,1111
98524396605,98524396606,1,1497,1171
98525186727,98525186730,3,1778,1135
98526078018,98526078023,5,2033,1046
98527431262,98527431265,3,1768,1170
98528003881,98528003886,5,1793,1138
98529088987,98529088990,3,1879,1318
98530654501,98530654503,2,1227,930
98533497543,98533497545,2,2219,958
98536456228,98536456231,3,1821,1018
98538427801,98538427805,4,1983,1505
98538653766,98538653770,4,2139,1363
98539176275,98539176279,4,2525,1222
98540280294,98540280298,4,1570,980
98545478443,98545478447,4,2182,1578
98548279060,98548279067,7,1703,1532
98550638988,98550638998,10,2477,1600
98554392268,98554392272,4,2376,1468
98554605495,98554605501,6,2995,1515
98555099708,98555099711,3,2022,1630
98555850202,98555850206,4,1660,1090
98559684598,98559684603,5,540,28
98561122018,98561122021,3,1972,1932
98563361718,98563361722,4,2191,1326
98564251966,98564251969,3,2082,1571
98571240519,98571240526,7,2196,1012
98572535802,98572535807,5,1849,1293
98574410726,98574410731,5,2963,1363
98579571084,98579571089,5,1589,1217
98579967696,98579967699,3,1459,850
98580644759,98580644763,4,2310,1087
98581436961,98581436963,2,1596,1494
98581687548,98581687553,5,2188,1563
98584702001,98584701980,-21,1955,962
98585060940,98585060943,3,1886,1523
98587178059,98587178069,10,2401,827
98587543436,98587543442,6,1854,1330
98595225775,98595225780,5,1517,1042
98596067313,98596067322,9,14083,26888
98597424612,98597424615,3,1628,1328
98599096126,98599096131,5,2141,1704
98599690002,98599690006,4,2014,1501
98599804882,98599804886,4,2323,1412
98601772514,98601772519,5,1983,1256
98608230327,98608230331,4,2172,1348
98611839282,98611839282,0,2240,1903
98616284183,98616284187,4,1899,1592
98616461520,98616461523,3,2374,1877
98616729411,98616729415,4,2464,1247
98617425851,98617425854,3,1791,1534
98623889129,98623889133,4,1941,1056
98624773088,98624773090,2,2064,1234
98625087842,98625087845,3,2591,1623
98628194262,98628194266,4,1681,1207
98628271326,98628271330,4,1932,1167
98629146834,98629146836,2,878,651
98630728910,98630728915,5,1912,943
98635633665,98635633666,1,1115,1550
98641467378,98641467383,5,1348,1044
98643762545,98643762549,4,1640,1050
98653599889,98653599894,5,2766,1743
98655154330,98655154334,4,1855,1145
98656541862,98656541866,4,1767,1388
98656689721,98656689725,4,2446,1622
98658935029,98658935034,5,1398,873
98660566149,98660566154,5,1095,1042
98662966724,98662966727,3,2447,1364
98674017110,98674017115,5,2167,1621
98675002912,98675002916,4,2748,1892
98678502497,98678502498,1,2742,2304
98678707638,98678707642,4,1853,1317
98680337557,98680337563,6,2933,1210
98681837710,98681837715,5,2145,1252
98690236095,98690236098,3,1836,1761
98692303464,98692303477,13,123,1187
98697303023,98697303027,4,1874,1291
98697802837,98697802834,-3,903,1588
98698703578,98698703582,4,2536,1932
98700099775,98700099781,6,2451,1472
98701479559,98701479562,3,1382,1346
98703852748,98703852751,3,1889,1137
98704469021,98704469023,2,1414,1119
98705457177,98705457179,2,1818,1420
98707851562,98707851565,3,1679,1629
98708420453,98708420458,5,1863,1099
98708616139,98708616126,-13,2346,924
98708721818,98708721819,1,1527,1739
98717214852,98717214857,5,2126,1280
98718976336,98718976341,5,1610,1311
98720850532,98720850534,2,636,429
98721397935,98721397940,5,1845,950
98721633802,98721633808,6,1546,1765
98727187306,98727187312,6,1718,1418
98732814655,98732814658,3,1868,1029
98734855810,98734855815,5,2616,1589
98736053185,98736053190,5,2121,1471
98738808993,98738808994,1,1918,1593
98740267112,98740267118,6,1781,1145
98742759201,98742759206,5,1741,1193
98743253923,98743253927,4,2123,1365
98746814885,98746814890,5,2066,1237
98748639366,98748639370,4,2779,1981
98751307104,98751307115,11,23139,43350
98757987671,98757987676,5,2859,1764
98760388197,98760388199,2,1227,1098
98764668514,98764668518,4,2558,1764
98768342010,98768342013,3,1906,1493
98768895859,98768895858,-1,799,1427
98771506376,98771506372,-4,831,2720
98775532590,98775532595,5,1461,812
98780885578,98780885582,4,2429,1104
98782214719,98782214723,4,1127,921
98788847434,98788847440,6,2396,1379
98791261278,98791261282,4,1774,1322
98794051534,98794051520,-14,2471,1160
98794653347,98794653353,6,2300,1147
98797991393,98797991397,4,1987,1613
98798021405,98798021410,5,2995,2084
98802114694,98802114698,4,1260,859
98805228875,98805228882,7,1870,1684
98806184097,98806184099,2,2087,1769
98806879035,98806879036,1,1989,1438
98808906280,98808906284,4,1356,1304
98813628951,98813628957,6,2034,1297
98816928994,98816928997,3,1827,1239
98817288768,98817288780,12,2328,929
98819003987,98819003993,6,2157,1454
98820413761,98820413763,2,2392,1696
98820969573,98820969578,5,1964,1358
98822568121,98822568126,5,2111,1345
98833696110,98833696114,4,1081,1024
98839758526,98839758527,1,1369,1318
98843321719,98843321726,7,3284,1315
98844503192,98844503194,2,1990,1289
98845329601,98845329604,3,1591,1307
98846858610,98846858614,4,1552,1467
98847576423,98847576427,4,579,562
98850044191,98850044193,2,1839,1432
98850772066,98850772070,4,1738,841
98852226400,98852226403,3,2035,1732
98852474185,98852474194,9,1862,961
98853021383,98853021386,3,2053,1418
98853537875,98853537874,-1,786,2185
98863768195,98863768199,4,1466,1323
98866213294,98866213294,0,1596,1533
98866598343,98866598327,-16,488,567
98871165682,98871165684,2,2038,2038
98873313529,98873313535,6,1897,1064
98875561299,98875561282,-17,1731,1244
98876290546,98876290549,3,2158,1732
98876793763,98876793758,-5,1162,3149
98880999338,98880999340,2,2218,1902
98881282458,98881282462,4,2089,1057
98881904913,98881904902,-11,960,488
98883353870,98883353875,5,3030,1453
98885412460,98885412466,6,1971,1009
98885717233,98885717238,5,2363,1584
98889867706,98889867710,4,2205,1108
98890704185,98890704190,5,1284,924
98892687242,98892687246,4,2732,1530
98893895516,98893895523,7,1653,1196
98895414861,98895414862,1,1526,1189
98896581933,98896581935,2,1127,1155
98897443244,98897443248,4,21086,21173
98898586833,98898586837,4,1778,1525
98898699015,98898699020,5,2215,1432
98899739700,98899739704,4,1139,963
98902117170,98902117174,4,1399,703
98904093822,98904093829,7,3120,1566
98906543929,98906543934,5,1731,1146
98906666037,98906666020,-17,1599,758
98912446916,98912446919,3,1476,1631
98916693312,98916693315,3,1714,1858
98917973520,98917973516,-4,1255,3194
98918763503,98918763506,3,1237,1373
98920004665,98920004667,2,4524,4214
98921059003,98921058997,-6,1353,5117
98923025951,98923025946,-5,755,2815
98925549499,98925549503,4,2846,1808
98927386914,98927386918,4,1763,1391
98928538110,98928538115,5,2204,1376
98930661851,98930661854,3,2161,1535
98932585363,98932585367,4,2392,1459
98933351934,98933351939,5,1857,1135
98934422617,98934422597,-20,1704,1340
98934581793,98934581795,2,2077,1816
98937378279,98937378266,-13,783,407
98937819850,98937819853,3,1825,1326
98940978142,98940978146,4,2370,1399
98941319221,98941319207,-14,1364,1090
98941606274,98941606277,3,1762,1149
98942779906,98942779909,3,1819,1409
98948565981,98948565986,5,1242,1209
98949915961,98949915963,2,1613,1123
98954508198,98954508202,4,2432,1285
98955197028,98955197030,2,1530,1611
98958265121,98958265126,5,1817,1266
98961209238,98961209242,4,2933,1480
98962858121,98962858126,5,1335,1409
98963820886,98963820891,5,2619,1343
98964543535,98964543540,5,2394,1145
98964815738,98964815745,7,1955,1062
98966447582,98966447586,4,1646,1154
98968007743,98968007743,0,1440,1446
98968354362,98968354367,5,1961,1350
98972441494,98972441499,5,1992,1742
98973530765,98973530770,5,2888,1721
98977077927,98977077930,3,1660,1218
98981626996,98981627003,7,1954,1175
98990773896,98990773902,6,4042,1655
98991819758,98991819762,4,1552,817
98993162485,98993162488,3,2423,1477
98993876065,98993876070,5,2646,1694
98996728865,98996728870,5,1939,1320
98996970007,98996970009,2,1392,818
98998122807,98998122811,4,1150,616
98998495997,98998495990,-7,1681,8883
98999041709,98999041709,0,1556,2016
99000412737,99000412740,3,1314,906
99004140993,99004140998,5,1424,1018
99004518238,99004518240,2,1478,1206
99005332163,99005332169,6,2234,1370
99006868530,99006868535,5,2424,1490
99011129940,99011129944,4,1566,1017
99016449441,99016449443,2,955,991
99018163473,99018163478,5,2376,1044
99018726839,99018726841,2,2503,1233
99023713678,99023713683,5,1576,1019
99024605992,99024605994,2,1477,1424
99027621681,99027621686,5,2015,1361
99028241657,99028241661,4,1772,1711
99030252475,99030252477,2,1069,1355
99030400586,99030400589,3,1693,1324
99032066959,99032066963,4,1603,937
99033988448,99033988452,4,2282,1309
99035287890,99035287894,4,2015,1211
99035951367,99035951370,3,1382,978
99038755734,99038755738,4,1196,873
99042276369,99042276373,4,2144,1280
99043783296,99043783309,13,2321,1124
99049673261,99049673265,4,2437,37175
99050279265,99050279267,2,2228,1415
99053877007,99053877011,4,2219,1246
99054866774,99054866779,5,1674,1337
99055430858,99055430861,3,1635,982
99056847330,99056847335,5,1717,1254
99065448991,99065448997,6,1034,884
99066453973,99066453974,1,1468,1207
99068164915,99068164919,4,2185,1594
99069319977,99069319983,6,2134,1330
99069681250,99069681254,4,2613,880
99073050701,99073050704,3,2199,1874
99075340614,99075340618,4,1760,1492
99077531241,99077531245,4,3896,2646
99080488591,99080488595,4,1548,1042
99088470944,99088470948,4,2733,2001
99090592274,99090592277,3,1607,1393
99090834094,99090834080,-14,1168,558
99093448786,99093448790,4,2511,1345
99098264077,99098264083,6,1850,1349
99098476747,99098476751,4,2707,2121
99101112233,99101112237,4,1750,1508
99104491406,99104491410,4,2728,1879
99104696586,99104696591,5,1892,1353
99104947511,99104947516,5,2500,1933
99110084122,99110084126,4,1703,1247
99110835766,99110835770,4,2090,1311
99111030159,99111030144,-15,2258,1494
99116610517,99116610521,4,1656,955
99117214989,99117214995,6,2388,1400
99118032612,99118032617,5,2959,1354
99118392354,99118392360,6,3086,1952
99119285026,99119285030,4,1433,819
99126166951,99126166939,-12,1844,1437
99126405949,99126405954,5,2057,1511
99128876589,99128876593,4,1864,1400
99129385059,99129385038,-21,1112,933
99133163494,99133163497,3,2310,1389
99134196662,99134196665,3,1520,1160
99134682111,99134682129,18,15240,54441
99136361917,99136361921,4,1596,1008
99137787794,99137787799,5,1988,1240
99139018442,99139018447,5,1904,1500
99142070983,99142070987,4,1529,1191
99142864402,99142864406,4,1932,1464
99147321447,99147321451,4,2516,1659
99151111869,99151111874,5,1458,1344
99151641571,99151641575,4,2161,1472
99152881499,99152881503,4,1875,1251
99156598190,99156598193,3,941,955
99157506946,99157506950,4,2335,870
99157591040,99157591021,-19,1626,1314
99168945445,99168945451,6,2212,1199
99170479018,99170479023,5,2179,1485
99172217745,99172217751,6,2188,1034
99173319609,99173319616,7,932,192
99179553635,99179553642,7,3903,1201
99179663383,99179663387,4,1735,970
99180503225,99180503231,6,2271,1251
99181935824,99181935829,5,1878,1641
99183496149,99183496152,3,1783,1130
99184027593,99184027597,4,1905,1591
99184489572,99184489574,2,1331,1422
99184628447,99184628462,15,2170,1699
99188425929,99188425932,3,2456,1655
99188498978,99188498982,4,1544,1362
99188614928,99188614932,4,1194,1339
99190826155,99190826158,3,2113,1447
99191593570,99191593574,4,2030,1289
99194213942,99194213945,3,1573,1570
99199787383,99199787389,6,1530,1158
99203164974,99203164980,6,1972,1228
99209674961,99209674966,5,2006,1501
99210501298,99210501303,5,2426,1333
99213708839,99213708845,6,1906,1453
99214924910,99214924912,2,1822,1423
99215197896,99215197899,3,1797,751
99216521377,99216521382,5,1967,1384
99218274246,99218274246,0,625,1125
99222313935,99222313940,5,2069,1290
99224880585,99224880590,5,1868,1334
99225592946,99225592950,4,2250,1231
99232797787,99232797790,3,2657,1320
99232830857,99232830840,-17,1192,431
99237101729,99237101734,5,2056,2088
99239342407,99239342411,4,1310,1400
99242204279,99242204283,4,1579,692
99242265026,99242265025,-1,1398,2551
99243110016,99243110022,6,1616,1243
99243771858,99243771861,3,2006,981
99245904884,99245904886,2,1691,1730
99246540103,99246540102,-1,1227,1758
99247472957,99247472962,5,2248,1800
99249449536,99249449539,3,2039,804
99250021657,99250021670,13,1571,1041
99250641898,99250641902,4,2512,1318
99251645555,99251645560,5,1300,679
99252579985,99252579990,5,1488,829
99254113177,99254113182,5,2389,1007
99256064811,99256064809,-2,10346,18003
99262328671,99262328679,8,3756,1236
99263944463,99263944465,2,1531,1913
99264060604,99264060610,6,2105,945
99265317010,99265317014,4,2147,2210
99265891710,99265891704,-6,2757,7036
99267568446,99267568452,6,2515,1419
99275000419,99275000422,3,1503,1104
99275174553,99275174558,5,1049,835
99275902604,99275902607,3,1680,1552
99278512145,99278512151,6,2565,1345
99281616215,99281616219,4,1656,1236
99282458137,99282458141,4,1894,1565
99283398441,99283398447,6,1668,900
99291038196,99291038202,6,2411,1176
99292972230,99292972234,4,2196,1531
99293135121,99293135125,4,1838,1396
99294548438,99294548441,3,2283,1420
99297142642,99297142646,4,2068,1327
99297438785,99297438788,3,1890,1213
99301048210,99301048214,4,3258,1364
99302073572,99302073575,3,2335,1395
99303480030,99303480035,5,2157,1529
99306755609,99306755614,5,2363,1534
99307417614,99307417609,-5,2277,6617
99309492662,99309492666,4,2210,1485
99311467262,99311467265,3,2265,1604
99313650890,99313650893,3,2259,2180
99314875359,99314875362,3,1424,1916
99315190179,99315190183,4,1516,1067
99315990717,99315990710,-7,1783,4943
99317698887,99317698893,6,2485,1274
99318064891,99318064870,-21,1718,1424
99321096874,99321096876,2,1748,1483
99321285916,99321285922,6,2613,1557
99321793938,99321793945,7,2084,844
99324976807,99324976811,4,2628,1956
99326415817,99326415823,6,1355,956
99330318099,99330318098,-1,2697,3987
99331361962,99331361965,3,2266,1682
99335982833,99335982829,-4,931,2548
99336664335,99336664336,1,1227,1264
99339297813,99339297814,1,1854,1802
99341308049,99341308057,8,3308,1561
99343909809,99343909812,3,1397,1014
99345511021,99345511026,5,2067,965
99345683425,99345683430,5,2168,901
99347788694,99347788699,5,2858,1678
99349503301,99349503303,2,1827,982
99351291391,99351291395,4,2111,911
99352781334,99352781340,6,2432,1521
99356438192,99356438197,5,1992,1559
99357687901,99357687906,5,3153,1605
99358897937,99358897944,7,1796,1134
99365046466,99365046468,2,7138,34699
99365341413,99365341417,4,1697,1134
99367517557,99367517545,-12,1399,1657
99369963757,99369963763,6,1809,999
99372580577,99372580581,4,2063,1554
99373747857,99373747868,11,2032,1350
99375154570,99375154574,4,2292,1140
99376368121,99376368124,3,3054,2111
99378491573,99378491578,5,11618,19647
99378888510,99378888513,3,1374,1221
99387345296,99387345299,3,2304,1360
99388782349,99388782353,4,1504,878
99395109190,99395109194,4,2012,1115
99396646695,99396646700,5,1725,1102
99399803611,99399803614,3,1303,940
99400345275,99400345279,4,2501,1987
99400770287,99400770293,6,3374,1717
99401455223,99401455226,3,1478,1194
99403708851,99403708854,3,2278,1379
99403761521,99403761518,-3,1525,2405
99406501442,99406501449,7,2185,1230
99411465590,99411465594,4,2660,1552
99412241425,99412241430,5,1713,1303
99413627137,99413627143,6,2891,1349
99415894484,99415894489,5,2182,1298
99416502874,99416502878,4,1269,1054
99416820492,99416820492,0,3776,6187
99418217619,99418217623,4,1430,1440
99421912956,99421912959,3,1679,1103
99422214168,99422214183,15,1342,873
99427643926,99427643930,4,2470,1540
99427876037,99427876041,4,1484,974
99428194456,99428194459,3,2410,1522
99429641856,99429641862,6,2729,1496
99430381218,99430381222,4,1929,1193
99433512879,99433512884,5,1947,989
99435150482,99435150485,3,2046,1306
99437443219,99437443222,3,1682,1807
99437833055,99437833061,6,1310,1225
99441432817,99441432821,4,1683,1947
99442174890,99442174893,3,1631,1286
99443253186,99443253191,5,2091,1095
99446159394,99446159398,4,1383,1056
99447016573,99447016569,-4,2063,5118
99449869175,99449869180,5,2578,1550
99451014527,99451014530,3,870,1134
99454940801,99454940806,5,1980,1082
99456747567,99456747572,5,1445,1165
99463278991,99463278997,6,2270,1075
99464552446,99464552451,5,1911,1135
99465266536,99465266542,6,1730,1283
99468318972,99468318978,6,2376,1484
99468478877,99468478880,3,1915,1602
99470069971,99470069970,-1,894,1182
99473083087,99473083093,6,1842,1484
99478818039,99478818044,5,1409,1025
99479140239,99479140245,6,1041,1062
99479387879,99479387882,3,1350,1176
99484369641,99484369646,5,2337,1312
99486312300,99486312305,5,3790,1114
99486754113,99486754117,4,1761,1231
99487479433,99487479438,5,1466,1236
99488181247,99488181254,7,2799,1304
99489692874,99489692878,4,2207,1667
99492379174,99492379176,2,2413,1883
99493741579,99493741582,3,2607,1879
99496958648,99496958653,5,2695,1865
99503400742,99503400746,4,3735,2788
99505144018,99505144019,1,1243,1169
99505818251,99505818256,5,1535,1294
99506752918,99506752923,5,1433,1071
99508163505,99508163506,1,1782,1643
99509033526,99509033532,6,1884,1183
99509466596,99509466599,3,1721,854
99513182810,99513182814,4,1647,1566
99513934391,99513934393,2,1166,1549
99515869187,99515869191,4,2398,1909
99519636026,99519636030,4,2573,1786
99523309866,99523309867,1,2180,1875
99525925090,99525925091,1,841,923
99526499202,99526499202,0,947,1587
99527565865,99527565870,5,2922,1073
99528172750,99528172754,4,1555,1122
99529569617,99529569618,1,2153,2542
99530970174,99530970178,4,1585,1567
99532542214,99532542214,0,42877,4294
99534979504,99534979507,3,1364,972
99541566202,99541566207,5,925,875
99542693793,99542693797,4,2265,1275
99544264990,99544264994,4,1909,1321
99545775778,99545775781,3,3475,3003
99547923344,99547923355,11,12331,31075
99548857418,99548857422,4,2305,1392
99549671542,99549671546,4,2445,1595
99550589724,99550589730,6,1831,1256
99551097818,99551097826,8,2065,987
99554143362,99554143367,5,2460,1119
99557251584,99557251587,3,2021,1020
99561497902,99561497906,4,1493,1623
99564195801,99564195807,6,1344,1063
99566266251,99566266256,5,2355,1307
99569578674,99569578676,2,2093,1080
99570334948,99570334950,2,1240,1181
99571740033,99571740027,-6,1496,2495
99574833241,99574833234,-7,1515,6220
99576108718,99576108723,5,2735,1543
99578267166,99578267167,1,2457,1489
99578395576,99578395580,4,2592,2147
99579926853,99579926855,2,1285,1216
99580943802,99580943807,5,1705,1150
99580995046,99580995046,0,1790,1306
99581507354,99581507349,-5,1430,4954
99584160618,99584160625,7,1917,1209
99585448102,99585448106,4,1725,1504
99587486799,99587486804,5,2324,1224
99589736633,99589736638,5,1934,1483
99590009210,99590009214,4,2340,1721
99592724201,99592724207,6,1991,1196
99593778710,99593778715,5,1277,1141
99594652637,99594652640,3,2732,1860
99597075691,99597075696,5,2567,1551
99597519944,99597519946,2,1528,1108
99599177567,99599177562,-5,1726,4019
99600662121,99600662126,5,2079,1670
99601666065,99601666070,5,2582,1563
99602357307,99602357291,-16,702,99
99609658434,99609658437,3,1660,970
99610159241,99610159245,4,1711,1713
99610404450,99610404454,4,2382,1784
99611576750,99611576753,3,1795,1183
99612316915,99612316935,20,1615,1028
99613694418,99613694420,2,1368,1618
99619930677,99619930682,5,1166,1008
99620311855,99620311859,4,1833,970
99623587774,99623587779,5,2839,1280
99626109902,99626109906,4,2434,1519
99627945478,99627945482,4,1589,1356
99628302630,99628302634,4,1555,966
99638524811,99638524814,3,987,610
99639315433,99639315428,-5,22483,15057
99639808960,99639808978,18,15132,18336
99647630182,99647630186,4,1906,1083
99653175273,99653175277,4,2030,1482
99654702900,99654702904,4,2113,1339
99655030908,99655030911,3,1490,1551
99656631013,99656631019,6,2116,1541
99657283182,99657283187,5,1892,1089
99660308102,99660308108,6,2477,1384
99664301650,99664301651,1,2047,1269
99664839558,99664839563,5,2537,1619
99666785305,99666785311,6,1871,1050
99667453930,99667453934,4,764,905
99669060173,99669060177,4,2301,1836
99671183005,99671183011,6,1092,1277
99673768965,99673768970,5,2040,1224
99674626854,99674626858,4,2482,1199
99675227424,99675227407,-17,2827,1650
99677180995,99677180999,4,1892,1627
99688593089,99688593093,4,1964,1145
99689109818,99689109836,18,880,418
99690551378,99690551384,6,1580,1084
99691191217,99691191199,-18,576,120
99694435789,99694435794,5,2390,1097
99695085902,99695085907,5,1662,1157
99697427817,99697427821,4,1931,1573
99699219006,99699219009,3,2479,1783
99699566342,99699566345,3,2264,1580
99701602988,99701602994,6,1662,1423
99703895317,99703895323,6,2717,1566
99706301442,99706301447,5,3001,1524
99707275791,99707275774,-17,1983,1364
99707590875,99707590886,11,530,159
99708958392,99708958394,2,3157,2116
99709080193,99709080198,5,2815,1802
99713206121,99713206123,2,2321,1619
99715846464,99715846469,5,2114,1266
99721065382,99721065387,5,1305,1100
99722682513,99722682518,5,1887,1360
99728017714,99728017719,5,2518,1451
99732888129,99732888123,-6,1016,3770
99735216138,99735216142,4,1626,1263
99735440157,99735440163,6,3087,1572
99739221143,99739221147,4,1940,1286
99739810426,99739810429,3,2376,1076
99739872357,99739872373,16,847,239
99742408703,99742408706,3,1753,1218
99745100135,99745100141,6,1719,1128
99747261441,99747261446,5,1910,1406
99752106939,99752106945,6,2768,1313
99753350669,99753350672,3,1790,1359
99754736735,99754736737,2,1301,1039
99755917651,99755917656,5,1720,1314
99756046900,99756046902,2,1963,1192
99756763950,99756763953,3,1608,1384
99756866470,99756866453,-17,1241,587
99758675136,99758675140,4,2665,1625
99760080833,99760080836,3,1454,1582
99762823678,99762823686,8,5499,1400
99764465578,99764465579,1,1156,777
99766863141,99766863139,-2,1299,1733
99768078379,99768078375,-4,2238,7773
99768493003,99768493005,2,1328,1572
99773142973,99773142978,5,1582,1641
99774547204,99774547209,5,1124,785
99775619493,99775619498,5,2525,1757
99775731239,99775731243,4,1226,1245
99777273306,99777273310,4,2119,1154
99778425734,99778425736,2,1574,1498
99783189791,99783189789,-2,1317,2189
99783777617,99783777617,0,1407,1277
99784061989,99784061983,-6,2109,8680
99785913424,99785913427,3,1523,1082
99795663764,99795663771,7,2409,1329
99798655675,99798655678,3,2177,1370
99799177741,99799177743,2,3446,2023
99800828898,99800828902,4,1045,1028
99801231379,99801231359,-20,1817,968
99801811136,99801811133,-3,959,1653
99803287777,99803287782,5,1796,1029
99804716371,99804716375,4,2752,1864
99806696432,99806696438,6,1827,1322
99815447216,99815447220,4,2397,2221
99817113066,99817113070,4,2854,1021
99825441965,99825441971,6,2116,1206
99825663073,99825663077,4,2384,1630
99825793999,99825794001,2,2013,1190
99826417846,99826417850,4,2107,1631
99828253114,99828253119,5,2402,1522
99831913814,99831913819,5,2405,1243
99833050033,99833050039,6,1893,1098
99834271133,99834271137,4,1602,765
99836546087,99836546082,-5,1095,2359
99838119532,99838119537,5,2248,972
99838927894,99838927901,7,1561,1162
99839754666,99839754678,12,1987,950
99844439085,99844439090,5,1366,799
99847608173,99847608178,5,2574,1496
99847776859,99847776861,2,1889,1524
99854203755,99854203757,2,1857,1118
99856607310,99856607314,4,1736,1169
99857580211,99857580218,7,2099,1432
99858623958,99858623962,4,2124,1411
99859494670,99859494674,4,2266,1561
99863020963,99863020965,2,3013,1425
99865859944,99865859946,2,1664,1672
99866933031,99866933035,4,2092,1499
99867410594,99867410600,6,3401,1446
99868302649,99868302653,4,2032,1325
99868799825,99868799829,4,854,796
99878389018,99878389022,4,1796,1474
99879040326,99879040336,10,35,28
99885804042,99885804049,7,1489,1181
99886230959,99886230962,3,1765,1578
99887869977,99887869981,4,2346,1244
99890459453,99890459458,5,2618,1760
99890736818,99890736819,1,34473,31977
99891818346,99891818350,4,1713,1725
99892553730,99892553725,-5,1426,3883
99899211988,99899211992,4,2898,1689
99899643214,99899643218,4,2145,1228
99901849856,99901849862,6,2511,1384
99908491087,99908491092,5,1382,1198
99909831878,99909831883,5,1757,1230
99911840969,99911840973,4,2104,1247
99913144271,99913144278,7,1701,1257
99918413547,99918413542,-5,2725,5672
99919279811,99919279813,2,1009,1064
99923450247,99923450253,6,2063,1144
99924549613,99924549617,4,1474,1267
99926068523,99926068528,5,2626,1389
99926924401,99926924406,5,1990,1129
99927227225,99927227230,5,1261,917
99928852338,99928852342,4,2575,1515
99929107550,99929107555,5,1781,953
99932362338,99932362334,-4,1127,2025
99935556361,99935556364,3,1466,1331
99938442042,99938442039,-3,1019,1634
99938600715,99938600714,-1,1094,2521
99942801872,99942801877,5,1316,989
99945058362,99945058368,6,2876,1299
99945816991,99945816997,6,2602,1235
99949321630,99949321624,-6,1154,4525
99949425821,99949425824,3,1743,885
99952045751,99952045755,4,1393,1415
99954685073,99954685078,5,2441,1593
99955457386,99955457390,4,2699,1439
99958565419,99958565423,4,1178,623
99960433937,99960433939,2,2279,1338
99961330019,99961330022,3,1485,1569
99962078906,99962078910,4,2383,1860
99965948670,99965948672,2,1767,1363
99968226353,99968226355,2,2161,1443
99969262233,99969262238,5,3298,1614
99974288594,99974288598,4,2430,888
99979642535,99979642529,-6,23739,12890
99981367002,99981367006,4,2313,1256
99982462648,99982462655,7,3342,1732
99982589528,99982589533,5,1995,1585
99983910297,99983910301,4,1986,1260
99987769866,99987769870,4,1453,1401
99994590950,99994590951,1,3108,3151
99996210862,99996210865,3,1601,1641
99999909691,99999909694,3,2465,1270
100005698030,100005698035,5,1040,621
100008302704,100008302710,6,2344,1214
100008583698,100008583702,4,2938,1363
100018978684,100018978690,6,7254,1974
100019444095,100019444099,4,2023,1628
100019963506,100019963510,4,1806,1125
100020799575,100020799594,19,1835,8295
100021749143,100021749158,15,277,1102
100024373982,100024373986,4,2372,1415
100025155078,100025155081,3,1361,1686
100027889053,100027889057,4,1817,1548
100029448847,100029448847,0,1341,1344
100032038856,100032038861,5,2160,1865
100032101132,100032101136,4,2121,823
100032140546,100032140567,21,2774,1318
100032653371,100032653375,4,1610,992
100034549370,100034549374,4,1840,1087
100041649990,100041649994,4,2777,1676
100046049393,100046049397,4,1283,908
100046961718,100046961724,6,4582,1584
100047634176,100047634178,2,1757,1475
100049419499,100049419504,5,2530,1989
100053073274,100053073279,5,2298,1514
100053361281,100053361286,5,2802,1363
100055759321,100055759323,2,1882,1285
100059608978,100059608981,3,1981,1247
100063052674,100063052677,3,2058,1116
100069112016,100069112019,3,1832,1071
100069257867,100069257870,3,2065,1653
100071209538,100071209541,3,1773,1455
100072169130,100072169138,8,1646,1209
100073263038,100073263034,-4,950,3702
100078011129,100078011133,4,2628,1632
100080994905,100080994906,1,1522,1242
100084669502,100084669505,3,2006,1472
100089644222,100089644227,5,2140,1524
100089873297,100089873303,6,2153,1791
100089932410,100089932414,4,2257,1226
100093999913,100093999918,5,2277,1049
100098614025,100098614023,-2,801,1088
100098718306,100098718311,5,1564,855
100102279006,100102279011,5,2332,1690
100104126480,100104126487,7,1988,1115
100104673892,100104673896,4,1822,1205
100104774230,100104774236,6,1361,1286
100105587343,100105587336,-7,920,5444
100107880319,100107880323,4,2305,1307
100108662597,100108662599,2,1867,1166
100109164434,100109164414,-20,2475,1777
100115067923,100115067927,4,1686,1335
100116050794,100116050799,5,2243,1533
100117011687,100117011691,4,1714,1411
100120385019,100120385023,4,1915,1101
100120761513,100120761519,6,1773,1189
100124992736,100124992729,-7,2582,7383
100125751846,100125751851,5,1579,1042
100126378349,100126378354,5,1546,1160
100127513963,100127513969,6,2472,1332
100132712937,100132712943,6,1131,1097
100134642418,100134642424,6,2485,1743
100135144630,100135144634,4,2076,1373
100136398338,100136398343,5,2423,1539
100136542054,100136542059,5,2533,1724
100137865568,100137865572,4,2513,1561
100143429127,100143429130,3,2345,1416
100145288834,100145288838,4,1640,1323
100146736900,100146736903,3,1870,1364
100150345006,100150345008,2,1491,1749
100150976498,100150976510,12,1686,1349
100156352275,100156352280,5,1801,1343
100157107352,100157107356,4,1831,1672
100158182558,100158182561,3,1304,1414
100159520528,100159520532,4,1965,1344
100159637394,100159637387,-7,1364,4503
100160127882,100160127888,6,2397,1429
100160583870,100160583874,4,2302,1415
100160809614,100160809619,5,3057,1490
100174244811,100174244815,4,2045,1328
100180526245,100180526251,6,4340,1141
100180994513,100180994516,3,1637,1217
100182151825,100182151828,3,1333,1606
100182223182,100182223185,3,1205,708
100183132330,100183132334,4,1660,1035
100184787126,100184787130,4,1576,993
100185224497,100185224501,4,2526,1625
100186655852,100186655836,-16,1488,1684
100187651893,100187651896,3,1953,1630
100195887109,100195887113,4,2587,1193
100200240416,100200240418,2,1529,1149
100202035061,100202035066,5,1656,1188
100202498556,100202498560,4,1987,1489
100202614265,100202614270,5,1515,1053
100206111051,100206111034,-17,45,2086
100206680149,100206680153,4,957,887
100208167217,100208167221,4,1934,1189
100212497748,100212497750,2,2232,1639
100213147552,100213147557,5,1945,945
100214059001,100214059006,5,1430,974
100215577654,100215577657,3,1713,1350
100225468358,100225468364,6,3506,1292
100227197054,100227197057,3,1980,1373
100229219898,100229219902,4,2859,1678
100229538569,100229538573,4,1643,1532
100229621226,100229621205,-21,888,806
100230798165,100230798169,4,2088,1387
100234445031,100234445035,4,1364,1805
100245106573,100245106578,5,1809,1166
100249369091,100249369083,-8,1119,3471
100254857582,100254857585,3,1707,1391
100254991150,100254991151,1,1848,1406
100258262266,100258262270,4,1545,1151
100259477929,100259477934,5,1085,1270
100264591505,100264591509,4,1596,1253
100265167218,100265167196,-22,1220,1254
100272071141,100272071145,4,1704,1088
100272946199,100272946202,3,1043,1162
100276595935,100276595939,4,1942,1398
100286264807,100286264813,6,1991,1313
100287316034,100287316038,4,1977,1515
100287578175,100287578175,0,1270,1146
100288353458,100288353460,2,1698,1727
100291660582,100291660586,4,1984,1166
100296066091,100296066095,4,1458,635
100297821048,100297821052,4,2113,1403
100298724430,100298724433,3,1241,1146
100299765464,100299765465,1,2464,1984
100308034473,100308034478,5,2132,915
100308721197,100308721199,2,1655,1540
100311192550,100311192554,4,1924,1312
100312381929,100312381933,4,1823,1212
100313035474,100313035478,4,2833,1549
100317312446,100317312450,4,1593,1111
100318115842,100318115845,3,1083,1124
100318742799,100318742802,3,1277,1307
100326015691,100326015694,3,2100,1571
100329751429,100329751433,4,1497,1331
100338347471,100338347473,2,1626,1435
100341615507,100341615502,-5,1328,3290
100345145851,100345145855,4,1874,1408
100345323713,100345323716,3,2734,1613
100350382339,100350382343,4,2133,1262
100355970293,100355970298,5,2332,1227
100356978075,100356978078,3,1997,1061
100360780175,100360780179,4,1305,863
100362755550,100362755553,3,1377,1441
100365629165,100365629162,-3,1924,5533
100366435593,100366435598,5,2363,1454
100370793951,100370793957,6,1777,1107
100371057749,100371057753,4,1942,1453
100371576850,100371576860,10,15971,31098
100382977671,100382977675,4,1614,1127
100383036080,100383036081,1,1845,2053
100391181846,100391181849,3,1745,1064
100394070678,100394070683,5,22683,41967
100395891365,100395891368,3,1911,1479
100397278468,100397278473,5,3688,1634
100398575154,100398575156,2,1592,1310
100399062503,100399062506,3,1614,1283
100399226455,100399226461,6,2627,1212
100400829909,100400829915,6,2848,1223
100401251049,100401251053,4,2052,1293
100401768369,100401768373,4,2043,1515
100401951839,100401951855,16,1504,883
100402838591,100402838591,0,2660,4062
100405749998,100405750005,7,1453,874
100407611211,100407611214,3,1971,1006
100411524191,100411524195,4,1919,1370
100411786712,100411786715,3,1636,1255
100412251482,100412251485,3,2883,2230
100414113410,100414113415,5,1816,1356
100415492026,100415492032,6,2150,1133
100423175174,100423175177,3,1617,1029
100428065161,100428065162,1,1449,1097
100429036190,100429036191,1,1393,993
100434661909,100434661914,5,2582,1160
100436007061,100436007066,5,2400,1419
100438181477,100438181482,5,2078,1221
100440579377,100440579380,3,1733,1156
100442164904,100442164903,-1,3264,3536
100444049579,100444049582,3,1740,1330
100445147109,100445147124,15,2288,1220
100449494771,100449494774,3,1505,947
100452459223,100452459229,6,1960,1194
100453705142,100453705145,3,1796,1036
100455079414,100455079418,4,2169,1365
100456111712,100456111714,2,1718,1133
100458764245,100458764248,3,2045,1666
100462409528,100462409531,3,1726,1402
100463503871,100463503875,4,1618,934
100464186515,100464186521,6,2572,1211
100464787694,100464787701,7,3759,1560
100464881506,100464881511,5,1868,1384
100466288701,100466288706,5,1716,1395
100468050738,100468050740,2,1681,1407
100471079871,100471079875,4,1897,1222
100471510132,100471510136,4,2754,1097
100473756787,100473756789,2,1423,1098
100475516529,100475516534,5,3118,1444
100477659733,100477659740,7,2889,1255
100480458515,100480458520,5,1986,1062
100482492354,100482492359,5,2178,1638
100483319550,100483319555,5,1535,1106
100485921690,100485921697,7,2579,1625
100492798646,100492798650,4,2017,1436
100493019707,100493019711,4,1523,925
100498224330,100498224333,3,1496,984
100502961282,100502961286,4,1975,1048
100503424434,100503424416,-18,2787,2258
100504933002,100504933009,7,2758,1353
100506403166,100506403171,5,2179,1212
100507107209,100507107212,3,2522,1239
100508553753,100508553757,4,1493,1329
100509636988,100509636993,5,2222,1293
100510322555,100510322559,4,1749,1445
100512878646,100512878650,4,2595,1791
100512975040,100512975043,3,1672,1617
100517461554,100517461559,5,2802,949
100519164725,100519164728,3,2207,1170
100519452896,100519452899,3,1732,1382
100520474617,100520474618,1,1124,805
100521046969,100521046972,3,1197,1144
100521972750,100521972757,7,2021,866
100525129802,100525129805,3,1421,1688
100528573298,100528573302,4,1558,1166
100531358135,100531358139,4,1377,931
100531857013,100531857014,1,1224,1072
100534221228,100534221233,5,2408,1588
100535272319,100535272323,4,1611,1095
100535752810,100535752814,4,2396,1927
100536098765,100536098758,-7,2378,5596
100536135606,100536135612,6,1161,990
100541836804,100541836807,3,1319,968
100542814439,100542814443,4,2036,1224
100550373099,100550373101,2,2476,1429
100551242921,100551242925,4,1691,1516
100553688459,100553688463,4,1608,1430
100554970387,100554970391,4,2544,1208
100555068656,100555068660,4,2188,1169
100561287079,100561287080,1,1805,1637
100562952036,100562952031,-5,612,378
100564916150,100564916155,5,1985,1469
100566572751,100566572754,3,2595,1254
100566799513,100566799515,2,2038,1475
100572493194,100572493198,4,3210,1648
100574051100,100574051105,5,2903,1771
100577048606,100577048610,4,2993,1413
100581661415,100581661421,6,2429,1043
100587705374,100587705378,4,2037,1421
100587859738,100587859742,4,2460,1400
100589543751,100589543755,4,1193,706
100593623603,100593623607,4,1586,1221
100595879293,100595879299,6,2587,1567
100597658261,100597658265,4,3381,1693
100598631867,100598631870,3,2091,1458
100600798292,100600798299,7,3071,1343
100601783001,100601783007,6,1971,1140
100602000393,100602000375,-18,1413,632
100602635426,100602635431,5,2283,1096
100603018490,100603018495,5,1864,797
100604161087,100604161089,2,2911,1840
100606117533,100606117537,4,2036,1590
100606904926,100606904929,3,1707,1096
100607413952,100607413954,2,1871,860
100611070774,100611070778,4,1997,1213
100611700218,100611700222,4,1322,910
100611893844,100611893847,3,2205,1874
100620405654,100620405657,3,1826,1179
100620855059,100620855066,7,3040,1666
100622126172,100622126175,3,1796,971
100622606672,100622606675,3,1316,618
100622927926,100622927911,-15,708,401
100624030065,100624030070,5,1934,1465
100624280843,100624280846,3,1453,2118
100632303859,100632303863,4,1623,1459
100634832869,100634832876,7,2761,1364
100635725163,100635725167,4,2628,1539
100638181800,100638181803,3,1867,970
100643866474,100643866479,5,2557,1687
100652319693,100652319699,6,13291,20578
100654502154,100654502159,5,1875,1146
100657458161,100657458167,6,2038,1215
100658407214,100658407198,-16,933,853
100658469336,100658469339,3,2199,2143
100659819600,100659819605,5,3020,1425
100661752054,100661752058,4,2135,1582
100666084806,100666084809,3,2511,1438
100668295937,100668295942,5,1733,1166
100670351446,100670351449,3,1422,976
100671290310,100671290314,4,1484,1209
100672092310,100672092316,6,762,258
100672157751,100672157765,14,909,672
100673075364,100673075367,3,1973,946
100674289465,100674289471,6,2850,1407
100676761282,100676761286,4,1882,1309
100677252231,100677252231,0,2010,1499
100677387413,100677387416,3,1994,1442
100678560803,100678560798,-5,1736,5696
100679264841,100679264845,4,2305,1355
100682064482,100682064491,9,2977,2399
100684413467,100684413465,-2,867,1354
100689752852,100689752859,7,1367,1070
100693314889,100693314892,3,1548,1035
100694003891,100694003908,17,2114,1396
100696140441,100696140447,6,1188,847
100697929413,100697929418,5,1695,1193
100699523286,100699523289,3,1077,1029
100699707032,100699707052,20,2292,1248
100701411701,100701411705,4,2224,1204
100702349722,100702349726,4,2154,1617
100702569878,100702569883,5,1483,1342
100705634322,100705634326,4,1260,752
100707019686,100707019691,5,2345,1084
100707831537,100707831542,5,1892,1147
100708946705,100708946709,4,1472,1164
100711503837,100711503841,4,2000,1258
100715550223,100715550221,-2,1041,1845
100716785362,100716785364,2,1729,1791
100718088819,100718088824,5,2374,1632
100719476248,100719476254,6,2123,1282
100720085726,100720085733,7,2844,1703
100721235968,100721235972,4,2725,1254
100723884323,100723884327,4,1829,1129
100725393369,100725393374,5,2883,1535
100728136154,100728136159,5,776,653
100729992657,100729992659,2,1855,1213
100734202110,100734202114,4,2307,1238
100739575195,100739575194,-1,1359,1359
100743514048,100743514053,5,2678,1172
100743774844,100743774863,19,2327,1025
100746504409,100746504414,5,2396,1506
100747785693,100747785696,3,1341,782
100748381209,100748381212,3,1773,1124
100753665010,100753665014,4,1599,1382
100755200476,100755200479,3,1821,1538
100758566897,100758566899,2,1684,1379
100758809377,100758809382,5,2356,1679
100760884810,100760884812,2,1405,877
100761045907,100761045924,17,2634,1602
100761132204,100761132209,5,2217,1529
100762476674,100762476680,6,2371,1763
100764529854,100764529859,5,1956,1000
100767363789,100767363791,2,1920,1705
100770365009,100770365014,5,1731,1371
100771983918,100771983922,4,1973,1299
100774107506,100774107511,5,1858,1282
100776361457,100776361461,4,2017,1121
100776419245,100776419230,-15,879,364
100777149553,100777149558,5,1642,1508
100777968942,100777968946,4,1273,1424
100779612953,100779612957,4,3247,1475
100780072907,100780072911,4,2186,1261
100780401252,100780401257,5,1801,876
100780785276,100780785279,3,1373,1049
100783897851,100783897849,-2,1084,2092
100786775818,100786775823,5,1739,1505
100788120334,100788120341,7,1597,1367
100794741949,100794741953,4,1449,1302
100799977631,100799977635,4,1098,1032
100802312838,100802312842,4,1281,871
100802405801,100802405807,6,1876,1102
100802827542,100802827546,4,2233,1538
100805184292,100805184294,2,1474,1225
100807719397,100807719393,-4,1559,3196
100812876421,100812876417,-4,1707,3596
100814229594,100814229595,1,3013,3677
100814936038,100814936042,4,2490,1402
100818417790,100818417794,4,1890,1800
100819448810,100819448811,1,1513,1300
100819928838,100819928843,5,965,862
100827609130,100827609133,3,2238,2049
100829630699,100829630702,3,1936,1362
100830079625,100830079627,2,2122,1593
100830260693,100830260697,4,2272,1423
100833341601,100833341606,5,1946,1413
100835834077,100835834079,2,1958,1287
100837477506,100837477509,3,2089,1287
100841900711,100841900718,7,2244,1374
100846089730,100846089725,-5,1298,4545
100850566008,100850566013,5,2414,1284
100852210958,100852210962,4,2344,1143
100855712868,100855712870,2,2210,1234
100859768022,100859768026,4,1806,1549
100860572015,100860572019,4,2418,1242
100865936274,100865936282,8,2616,1386
100869200657,100869200662,5,1605,860
100873761042,100873761045,3,1474,934
100874853133,100874853136,3,1375,1198
100875334974,100875334976,2,1603,1635
100876936534,100876936536,2,1139,1284
100879729926,100879729930,4,2606,1465
100881855638,100881855643,5,2887,1634
100884012731,100884012734,3,2358,1176
100892145264,100892145270,6,1868,1100
100898121785,100898121787,2,1793,1358
100903129570,100903129575,5,933,1184
100904591127,100904591131,4,1901,1303
100911081627,100911081632,5,1973,1586
100911195288,100911195269,-19,2041,1617
100920808790,100920808795,5,2112,1465
100923566459,100923566461,2,1598,924
100923914964,100923914967,3,792,249
100925887034,100925887037,3,1532,1506
100930153942,100930153946,4,3094,2083
100932681132,100932681136,4,2097,1046
100934684278,100934684282,4,1913,869
100938402923,100938402927,4,1634,1478
100939779355,100939779360,5,2830,1645
100940024012,100940024016,4,1815,1248
100943818611,100943818617,6,2527,1908
100943974070,100943974076,6,2185,1382
100947674748,100947674751,3,2065,1374
100950807612,100950807614,2,1066,1072
100957554214,100957554219,5,2129,1055
100958447048,100958447050,2,1808,1183
100961511151,100961511156,5,1660,1117
100961539422,100961539407,-15,1389,536
100963164602,100963164606,4,1885,1432
100965743581,100965743581,0,1649,1458
100968559182,100968559187,5,2574,1820
100978640027,100978640022,-5,2200,7429
100978855325,100978855329,4,2000,1707
100979381602,100979381606,4,2107,913
100979514275,100979514255,-20,804,217
100980223253,100980223256,3,1757,1111
100981267221,100981267223,2,2310,924
100983410746,100983410751,5,1609,980
100984337691,100984337696,5,1343,1146
100986245553,100986245558,5,2719,1652
100986519146,100986519151,5,3072,1330
100986572007,100986572012,5,2157,1450
100987401858,100987401863,5,2404,1106
100987989208,100987989213,5,5522,23941
100988100026,100988100030,4,1124,1188
100988497850,100988497848,-2,9999,17045
100990976323,100990976325,2,1474,985
100999212463,100999212466,3,1228,1035
100999747769,100999747781,12,2329,1371
101000920425,101000920431,6,2990,1527
101003140946,101003140950,4,1934,1064
101003482036,101003482041,5,1083,1250
101007137580,101007137583,3,2054,1432
101010136186,101010136190,4,2001,1157
101014858183,101014858190,7,2344,991
101016640282,101016640286,4,2139,1686
101017639969,101017639974,5,1976,1276
101018924249,101018924262,13,3599,1249
101019302174,101019302178,4,2992,1707
101021046100,101021046105,5,1872,1230
101021327324,101021327308,-16,1196,509
101025886930,101025886934,4,1974,1035
101028695800,101028695805,5,1779,1375
101029450984,101029450983,-1,2265,3009
101031141649,101031141654,5,2149,1374
101031463324,101031463326,2,1260,1669
101031988679,101031988682,3,1642,1093
101034685661,101034685665,4,2185,1268
101038084923,101038084927,4,1937,949
101038738395,101038738399,4,2816,1643
101039079609,101039079612,3,2403,1289
101039278185,101039278166,-19,2018,717
101039552201,101039552207,6,1861,1158
101040868369,101040868384,15,17352,25897
101041458631,101041458627,-4,1136,3175
101044553668,101044553672,4,1556,1874
101044775613,101044775618,5,2412,1661
101047584469,101047584473,4,2132,1330
101049936967,101049936959,-8,1991,10164
101050716174,101050716179,5,1739,875
101051178104,101051178105,1,2007,2752
101052461725,101052461729,4,1993,1105
101053447066,101053447070,4,1825,1415
101053615569,101053615574,5,2092,1450
101055518114,101055518100,-14,1321,881
101065735698,101065735699,1,1315,1303
101067825257,101067825261,4,1992,1341
101069426742,101069426747,5,1648,1150
101072013182,101072013186,4,2271,1787
101076259028,101076259034,6,2827,1740
101083823800,101083823806,6,2074,1068
101084234797,101084234798,1,1611,939
101087429394,101087429398,4,1831,943
101088984611,101088984621,10,1336,955
101093987372,101093987377,5,2268,1444
101102442802,101102442806,4,2084,1399
101103818533,101103818534,1,1901,1330
101106785198,101106785203,5,2063,1339
101108756766,101108756769,3,1936,1268
101110985126,101110985133,7,2658,1682
101111057011,101111057011,0,1689,2114
101111304812,101111304815,3,1927,1381
101116923253,101116923258,5,1960,1280
101120729052,101120729054,2,1637,1267
101131697703,101131697709,6,2751,1092
101134913267,101134913271,4,2120,1066
101135168251,101135168245,-6,2011,8951
101135819546,101135819535,-11,647,219
101138029834,101138029838,4,1514,1163
101138826157,101138826161,4,953,1169
101144252407,101144252411,4,1850,1139
101146140787,101146140791,4,2403,1045
101147053602,101147053605,3,1473,1117
101151954953,101151954955,2,3175,2752
101154540791,101154540798,7,2010,37335
101157829845,101157829850,5,1714,1318
101158366457,101158366463,6,2283,1512
101161574570,101161574575,5,2916,2031
101164678465,101164678468,3,1832,1198
101166014202,101166014202,0,865,1853
101166943438,101166943442,4,2382,1667
101172839080,101172839087,7,2432,1726
101173389686,101173389690,4,2512,1606
101175397153,101175397159,6,4434,1589
101177013033,101177013036,3,1924,1630
101179598078,101179598085,7,2141,1089
101187873777,101187873779,2,2254,1230
101190113744,101190113748,4,1697,1407
101192195621,101192195625,4,2195,1389
101196253718,101196253722,4,2872,1596
101198809956,101198809960,4,1635,1242
101199441003,101199441004,1,10655,11716
101200333214,101200333220,6,2537,1632
101200421318,101200421322,4,1390,847
101200720320,101200720324,4,1414,1358
101201971178,101201971181,3,1838,920
101203036192,101203036195,3,1821,1054
101205530557,101205530562,5,1643,985
101206897262,101206897265,3,2218,1470
101208432206,101208432210,4,2039,1478
101208816792,101208816797,5,1810,1635
101212881387,101212881390,3,1485,1309
101213099435,101213099437,2,1846,1866
101220538713,101220538717,4,1710,1252
101221334180,101221334182,2,1738,1333
101221854933,101221854935,2,2047,1643
101228276459,101228276463,4,1257,999
101231643570,101231643577,7,2482,1386
101233800766,101233800771,5,1612,1250
101234855970,101234855974,4,1626,1060
101235500053,101235500056,3,1789,1260
101237229178,101237229172,-6,1317,5984
101238742386,101238742391,5,2661,1557
101239348334,101239348338,4,1940,1140
101239604950,101239604954,4,3159,1304
101245360339,101245360346,7,2458,1477
101246606814,101246606821,7,2648,1480
101248475405,101248475410,5,2391,1944
101250584733,101250584735,2,1378,1376
101251660269,101251660272,3,1602,1062
101255323390,101255323394,4,2093,1592
101255394909,101255394910,1,2145,1759
101256254942,101256254961,19,402,952
101262848174,101262848178,4,2076,1596
101263319069,101263319071,2,1753,1691
101265629740,101265629743,3,1362,1319
101269874318,101269874322,4,2217,1047
101272104906,101272104911,5,1930,1045
101273718475,101273718477,2,1646,1204
101275659047,101275659048,1,1481,1745
101276086501,101276086506,5,1933,1355
101278259729,101278259733,4,2402,1455
101278406149,101278406151,2,1980,1168
101285832992,101285832997,5,2673,1899
101286682014,101286682021,7,3706,1427
101286909379,101286909382,3,1644,692
101287378658,101287378654,-4,997,3878
101288699654,101288699658,4,1248,1306
101289400180,101289400190,10,2762,1366
101290274932,101290274938,6,2924,1590
101290463366,101290463370,4,2122,1288
101291975601,101291975584,-17,1276,869
101293859589,101293859590,1,3070,16226
101295437848,101295437850,2,2606,1684
101298746005,101298746009,4,1689,1437
101303999030,101303999034,4,2764,1248
101307606523,101307606531,8,2425,1225
101314527902,101314527910,8,3810,1303
101317480702,101317480707,5,1247,1101
101320688875,101320688878,3,1965,1256
101323864689,101323864693,4,2384,998
101325435804,101325435803,-1,3179,4396
101326280966,101326280969,3,1493,1476
101326569319,101326569323,4,1172,1599
101327005124,101327005127,3,1581,826
101327275017,101327275022,5,2345,1369
101328167922,101328167925,3,2435,1633
101331468942,101331468947,5,1387,1499
101333098299,101333098303,4,1300,947
101333497750,101333497752,2,1461,1180
101334806613,101334806615,2,1255,1373
101336877098,101336877100,2,2433,1940
101340297005,101340297010,5,2428,1171
101342192768,101342192772,4,2501,1612
101342995653,101342995650,-3,1535,1579
101347196090,101347196094,4,1696,1202
101350868697,101350868701,4,2489,1640
101351958154,101351958158,4,1797,1018
101355378524,101355378527,3,2135,1526
101358930575,101358930579,4,1898,981
101359854802,101359854808,6,3115,1843
101360699411,101360699416,5,2418,1015
101365064509,101365064514,5,1141,1596
101367292857,101367292862,5,2163,1565
101367344653,101367344659,6,1175,980
101369754678,101369754682,4,1753,1069
101370831867,101370831872,5,1851,1120
101376952015,101376952018,3,1738,943
101379361473,101379361478,5,2447,1403
101381152715,101381152718,3,2718,1602
101384616253,101384616255,2,1878,1161
101384918590,101384918595,5,2410,1466
101386541887,101386541890,3,2847,1704
101394097431,101394097433,2,1788,2216
101395665946,101395665950,4,1143,1174
101397273325,101397273330,5,2098,1472
101403318756,101403318753,-3,2107,4043
101404069684,101404069686,2,1982,1173
101404662845,101404662862,17,1181,3948
101408999806,101408999810,4,1986,1265
101409432613,101409432615,2,1378,1443
101412407455,101412407438,-17,1378,1182
101412989498,101412989501,3,2309,1579
101414230410,101414230413,3,1906,1621
101414799517,101414799520,3,2619,1200
101415550027,101415550030,3,1506,1299
101417107525,101417107531,6,2927,1124
101418832369,101418832379,10,1612,863
101419886710,101419886715,5,1816,1411
101420933645,101420933650,5,2699,1647
101424074103,101424074107,4,2982,1223
101425383465,101425383469,4,2482,1682
101429049984,101429049984,0,1318,2201
101429114714,101429114717,3,1540,1013
101431215155,101431215157,2,1791,1321
101431582296,101431582300,4,2496,1367
101433282369,101433282374,5,1676,1104
101436597307,101436597310,3,3010,1583
101437898446,101437898450,4,1401,1221
101437937286,101437937301,15,2179,1359
101439698503,101439698507,4,1882,1059
101440927617,101440927614,-3,2930,5761
101441278486,101441278489,3,2594,2095
101441788793,101441788795,2,2131,1735
101444279943,101444279944,1,1182,1117
101445809949,101445809955,6,2269,1617
101448033353,101448033357,4,1162,1050
101449889306,101449889310,4,2800,1037
101450654127,101450654130,3,1826,936
101451743276,101451743279,3,1487,1176
101453113448,101453113453,5,1965,1496
101454302161,101454302164,3,2141,1555
101454451331,101454451336,5,1769,1586
101456210818,101456210826,8,5012,1114
101456353218,101456353223,5,2088,1475
101456927722,101456927726,4,2387,1546
101457481100,101457481106,6,2877,1408
101459391302,101459391306,4,2102,1194
101460096793,101460096798,5,2912,1798
101461746506,101461746510,4,1780,1034
101462232640,101462232644,4,1763,1373
101466544811,101466544813,2,1561,782
101471546017,101471546021,4,2123,1149
101471748826,101471748829,3,1727,1576
101472880585,101472880581,-4,2474,5168
101478003018,101478003023,5,3417,1069
101481466583,101481466587,4,1850,1043
101481498691,101481498668,-23,545,444
101484763966,101484763949,-17,1429,1037
101487626262,101487626266,4,2426,1134
101491140630,101491140634,4,1491,899
101491348467,101491348473,6,1775,1112
101497196383,101497196387,4,2261,1540
101498226615,101498226616,1,1613,2750
101505040902,101505040907,5,2396,1506
101506069320,101506069323,3,2108,1343
101513311704,101513311707,3,1781,1272
101514822847,101514822850,3,2208,1498
101518849294,101518849299,5,1449,1155
101520337513,101520337519,6,2660,1647
101521012505,101521012509,4,2535,1261
101522625505,101522625510,5,2202,1084
101523603829,101523603836,7,2480,1442
101530231224,101530231227,3,1963,1245
101533308962,101533308943,-19,28356,27926
101542671567,101542671575,8,1937,1606
101543877565,101543877569,4,2756,1238
101544783072,101544783075,3,1928,1193
101546072606,101546072611,5,1092,1271
101546407689,101546407695,6,9707,1970
101550836166,101550836164,-2,1167,2491
101554567603,101554567607,4,1002,828
101556457406,101556457411,5,1644,1204
101556592373,101556592377,4,1927,1139
101559020855,101559020861,6,1456,1114
101560018665,101560018666,1,1695,2031
101562821306,101562821313,7,7726,3204
101566635426,101566635438,12,1760,970
101567295086,101567295092,6,2637,1286
101568068662,101568068670,8,6031,1846
101573476845,101573476849,4,1682,1260
101577784387,101577784390,3,2287,2573
101578362398,101578362403,5,2195,1410
101580714762,101580714766,4,1919,1124
101582118722,101582118726,4,2968,1170
101583215366,101583215369,3,1590,1713
101583247970,101583247975,5,1506,595
101583885239,101583885242,3,2206,1393
101589591855,101589591860,5,1740,1478
101590613839,101590613843,4,1925,1372
101593305529,101593305534,5,2030,1190
101593782352,101593782356,4,1932,1846
101593898173,101593898177,4,2707,1526
101596259380,101596259385,5,2574,2008
101596574833,101596574838,5,2348,1451
101599632146,101599632151,5,2127,1082
101600488439,101600488443,4,1596,1366
101600575590,101600575594,4,2227,1368
101601487500,101601487502,2,1667,1753
101605680171,101605680175,4,1441,1274
101605929510,101605929508,-2,526,339
101607727146,101607727150,4,930,919
101608153821,101608153822,1,1315,1024
101608428522,101608428527,5,1827,1198
101610969002,101610969005,3,2236,1579
101611069109,101611069112,3,3019,1824
101622162340,101622162339,-1,1728,2041
101624379725,101624379729,4,1720,1224
101626325123,101626325119,-4,1403,2271
101630408005,101630408010,5,1848,1245
101631011213,101631011218,5,1963,1013
101631719219,101631719236,17,1871,1037
101633708911,101633708911,0,1266,1501
101636253343,101636253346,3,1831,1343
101637950018,101637950022,4,2640,1964
101647904891,101647904894,3,2597,1924
101648595245,101648595249,4,1796,1665
101648792542,101648792547,5,1705,1088
101651756572,101651756571,-1,1630,1736
101653975358,101653975363,5,2179,1931
101654826888,101654826893,5,4438,1577
101658657610,101658657615,5,1834,811
101667915338,101667915343,5,1372,958
101669180501,101669180506,5,1485,976
101672155030,101672155034,4,1698,1567
101682355030,101682355034,4,1844,1433
101685158545,101685158550,5,2360,1663
101687448299,101687448302,3,1874,1391
101692225583,101692225563,-20,1368,840
101695171417,101695171417,0,869,881
101697825957,101697825963,6,2199,1396
101699054213,101699054216,3,1958,1231
101699608321,101699608326,5,2496,1566
101700026105,101700026108,3,1312,1106
101701442012,101701442014,2,1810,1217
101710354416,101710354421,5,2555,1366
101710879418,101710879422,4,2650,963
101713558328,101713558331,3,1596,1186
101716768861,101716768864,3,2023,1462
101718162478,101718162483,5,1935,1442
101720738618,101720738622,4,1863,1751
101721031969,101721031974,5,2324,1613
101721255042,101721255045,3,2036,1248
101723667699,101723667703,4,1794,1818
101725710252,101725710258,6,7022,29360
101726116925,101726116929,4,1812,1272
101727447381,101727447385,4,1644,1013
101728022488,101728022493,5,2771,1898
101729328226,101729328230,4,1437,959
101732101521,101732101527,6,2457,1328
101733202616,101733202621,5,2610,1036
101734850719,101734850723,4,2114,1259
101736837670,101736837674,4,2265,1791
101737837405,101737837406,1,784,931
101738249087,101738249091,4,1742,1059
101738321802,101738321784,-18,2230,1913
101740225305,101740225310,5,1191,1487
101741500849,101741500854,5,1389,1637
101744017467,101744017471,4,1443,1292
101746032371,101746032375,4,1654,1080
101747805659,101747805664,5,1586,1148
101755833148,101755833153,5,1467,1395
101760973370,101760973375,5,2973,1691
101766568308,101766568309,1,1340,1710
101771912477,101771912481,4,2090,2225
101772699917,101772699922,5,2567,1101
101773026510,101773026515,5,2847,1451
101773500365,101773500367,2,1717,1027
101776086298,101776086302,4,2818,1812
101779924193,101779924198,5,1905,1232
101785543849,101785543854,5,1883,1376
101790415616,101790415618,2,1987,1144
101792581735,101792581739,4,1299,1265
101795420605,101795420610,5,1890,1101
101798179330,101798179334,4,2260,1299
101802950399,101802950401,2,1761,1226
101804291719,101804291723,4,2151,1238
101804333304,101804333310,6,1222,1071
101806610398,101806610402,4,2853,1915
101810824594,101810824598,4,1990,1661
101812706021,101812706032,11,2129,1356
101812964201,101812964205,4,1569,1449
101814547063,101814547068,5,1456,1488
101818818351,101818818357,6,2052,1683
101827893121,101827893126,5,2429,1728
101827922613,101827922615,2,1928,1372
101831997613,101831997617,4,2016,1110
101834549637,101834549639,2,2035,1210
101836735526,101836735528,2,1052,1291
101837568322,101837568323,1,1539,1132
101838927438,101838927443,5,1497,717
101847939078,101847939084,6,2226,1567
101848176774,101848176779,5,2516,1528
101854101825,101854101830,5,1986,942
101855096719,101855096725,6,2280,1509
101855141302,101855141305,3,2585,1800
101858315860,101858315857,-3,1231,1821
101858375895,101858375898,3,2066,1202
101858911212,101858911216,4,2458,1469
101863714197,101863714203,6,1323,1400
101865649810,101865649804,-6,954,3303
101865729667,101865729673,6,1955,1546
101866830493,101866830496,3,2559,1866
101867131214,101867131216,2,1101,1251
101868645454,101868645438,-16,1889,1628
101871521109,101871521111,2,1641,1064
101872383127,101872383128,1,1747,2163
101873094022,101873094027,5,3004,1762
101876481465,101876481458,-7,1496,5320
101878025079,101878025087,8,2346,1511
101880273958,101880273963,5,1960,1027
101884758512,101884758515,3,2182,1661
101892243067,101892243062,-5,1410,3860
101892666819,101892666826,7,1245,1051
101896913346,101896913351,5,1456,938
101898749262,101898749266,4,1421,1015
101901196031,101901196035,4,1793,1696
101901257199,101901257203,4,1231,977
101905214748,101905214751,3,1840,1035
101911146163,101911146166,3,931,847
101913556618,101913556625,7,2682,1323
101913717883,101913717887,4,1688,1211
101915834325,101915834321,-4,2291,5255
101916817512,101916817517,5,1655,1497
101921615851,101921615849,-2,1478,2658
101923547606,101923547611,5,5847,3071
101924836282,101924836287,5,2273,2127
101925297872,101925297874,2,2371,1579
101928017517,101928017521,4,1284,932
101931279022,101931279026,4,1783,1688
101938884545,101938884550,5,1729,1527
101941948698,101941948702,4,1362,1088
101942216862,101942216863,1,1218,1504
101942394974,101942394978,4,2593,1160
101945111439,101945111445,6,2683,1261
101949952635,101949952641,6,1725,1725
101950876390,101950876394,4,1308,961
101952465629,101952465633,4,2959,1788
101962315748,101962315751,3,2036,1031
101962435314,101962435294,-20,923,571
101963470609,101963470612,3,1375,1920
101966403338,101966403334,-4,5740,13092
101967100911,101967100917,6,2476,1447
101967500507,101967500510,3,1487,1330
101969295944,101969295926,-18,1931,1257
101974693329,101974693329,0,1300,1308
101975850268,101975850271,3,1693,746
101975961881,101975961896,15,1871,1071
101978279799,101978279804,5,1559,1224
101983360674,101983360678,4,2398,1260
101986201045,101986201049,4,1504,1066
101986417046,101986417042,-4,1764,5973
101987383586,101987383590,4,1833,1160
101990125254,101990125259,5,1934,956
101990361112,101990361116,4,1601,1515
101994067590,101994067594,4,2094,943
101994953791,101994953794,3,1636,1269
102000280646,102000280650,4,2154,1272
102001446179,102001446182,3,1763,1109
102006308169,102006308174,5,2145,1002
102007759495,102007759477,-18,1750,1483
102009075557,102009075561,4,2138,1311
102009276066,102009276071,5,1534,1302
102010378264,102010378269,5,2057,1027
102013031808,102013031811,3,1233,1335
102024150933,102024150937,4,2190,1872
102024828602,102024828620,18,1650,1187
102030623907,102030623911,4,1831,1322
102031452085,102031452089,4,2117,1395
102032714529,102032714531,2,1415,1642
102034766217,102034766222,5,1426,974
102037392431,102037392435,4,2351,1530
102040209336,102040209338,2,1199,1356
102042616726,102042616722,-4,1717,6818
102043096491,102043096494,3,1295,1049
102043351611,102043351592,-19,1997,1355
102048238095,102048238097,2,1016,869
102048632874,102048632877,3,2895,1449
102049217558,102049217561,3,1633,1457
102050742446,102050742451,5,1556,1172
102051422031,102051422037,6,1975,1532
102052172819,102052172822,3,1232,1646
102057238367,102057238351,-16,1769,1441
102057734453,102057734455,2,1407,855
102061340243,102061340247,4,1752,860
102063962162,102063962166,4,2108,1669
102065520295,102065520302,7,2105,1523
102066454590,102066454570,-20,1586,1217
102066521222,102066521226,4,1186,824
102066739714,102066739718,4,1999,1150
102070396084,102070396089,5,1784,1312
102070485114,102070485118,4,1529,1105
102072287366,102072287371,5,2254,1358
102074967905,102074967906,1,952,896
102079836777,102079836778,1,7140,8134
102080083324,102080083327,3,2059,1385
102081393674,102081393678,4,1561,1162
102084037816,102084037808,-8,40285,13828
102084303170,102084303175,5,1439,1102
102087102243,102087102245,2,1232,1294
102090197926,102090197930,4,2544,1681
102091925303,102091925307,4,2129,1425
102093386716,102093386716,0,1864,1213
102094144898,102094144903,5,2052,847
102094737689,102094737679,-10,804,243
102095282478,102095282482,4,1955,1557
102098650372,102098650377,5,2205,1691
102099940030,102099940034,4,1503,1210
102101195169,102101195174,5,2288,1253
102102891091,102102891095,4,1921,1201
102103613236,102103613242,6,2022,1479
102104911170,102104911175,5,2716,1340
102107029859,102107029864,5,2417,1879
102107438954,102107438940,-14,1587,596
102110023990,102110023994,4,1802,1101
102111741220,102111741225,5,2377,1279
102114132430,102114132433,3,2165,1928
102114348709,102114348713,4,2678,1836
102119465013,102119465017,4,2047,1646
102119943792,102119943797,5,2226,1226
102122981022,102122981027,5,2360,1443
102123474362,102123474341,-21,1451,1088
102124944007,102124944011,4,2044,1124
102126380540,102126380543,3,2403,1357
102129166771,102129166771,0,1320,2478
102133457001,102133457006,5,1536,777
102133707561,102133707567,6,1422,1194
102147726246,102147726249,3,2223,2113
102150266430,102150266435,5,1964,1194
102150432868,102150432874,6,1706,1463
102151557214,102151557215,1,1569,1149
102151674326,102151674310,-16,1147,653
102158870747,102158870754,7,2236,1398
102160509431,102160509412,-19,978,421
102178288342,102178288344,2,1809,1490
102178395847,102178395852,5,2818,1503
102179669483,102179669487,4,2859,1576
102181246798,102181246802,4,2014,1410
102182032244,102182032250,6,2433,1359
102187070517,102187070521,4,2140,1079
102189231173,102189231180,7,2181,834
102190550102,102190550105,3,1506,1017
102192801138,102192801143,5,2047,1339
102193730972,102193730975,3,2138,1750
102197474941,102197474943,2,1261,1024
102203195919,102203195923,4,1524,1338
102207040163,102207040158,-5,843,2531
102209890801,102209890805,4,1721,993
102213418341,102213418345,4,1174,1133
102215018497,102215018499,2,1684,1106
102217643605,102217643611,6,1332,1118
102217991112,102217991104,-8,821,414
102218210760,102218210766,6,1664,1120
102221240149,102221240153,4,2387,1246
102221305083,102221305086,3,1350,1207
102224046794,102224046798,4,1807,1215
102226663880,102226663885,5,2536,1596
102228376294,102228376300,6,2628,1539
102231432145,102231432151,6,1175,1081
102234694198,102234694197,-1,1015,1656
102235334749,102235334752,3,2699,1666
102237218739,102237218742,3,1885,1238
102239845114,102239845117,3,2724,1922
102240645537,102240645541,4,2068,1351
102247318198,102247318202,4,2088,1243
102247452079,102247452083,4,1862,1482
102251494121,102251494126,5,2906,1325
102251980189,102251980193,4,2175,1483
102252666661,102252666655,-6,1114,2431
102253068929,102253068933,4,2606,1059
102253207262,102253207257,-5,988,3002
102254164442,102254164446,4,1725,1155
102261148970,102261148965,-5,728,2226
102262460926,102262460930,4,1830,1130
102262619630,102262619639,9,3077,1116
102263043085,102263043070,-15,1406,520
102267565558,102267565564,6,1253,983
102268588621,102268588631,10,11539,39143
102269709418,102269709422,4,2631,1857
102273155535,102273155539,4,2211,1351
102275616186,102275616191,5,2369,1489
102276778985,102276778995,10,79,836
102279187097,102279187101,4,2187,1583
102281381185,102281381189,4,1901,1215
102282020614,102282020621,7,3220,1425
102282376082,102282376086,4,1465,1011
102285461666,102285461669,3,1745,1232
102294251909,102294251914,5,1915,1419
102295010271,102295010274,3,2089,1090
102295542398,102295542390,-8,751,2559
102295896376,102295896381,5,3575,2039
102298370894,102298370897,3,1290,1394
102302087364,102302087370,6,2945,1143
102306713042,102306713046,4,1764,1231
102308985198,102308985202,4,2607,1462
102311879141,102311879146,5,2069,1115
102313158165,102313158170,5,2077,1558
102315847544,102315847547,3,1504,1102
102317936847,102317936846,-1,922,1292
102319005186,102319005191,5,2219,1585
102319314390,102319314394,4,2639,1637
102321644158,102321644166,8,1326,903
102324257144,102324257147,3,2096,1406
102324960197,102324960199,2,1576,1276
102327949413,102327949417,4,1907,1273
102330372958,102330372962,4,1798,1147
102334309506,102334309509,3,1744,922
102334441732,102334441737,5,2294,1370
102334911996,102334911999,3,2016,1065
102335313825,102335313830,5,2046,1269
102337070451,102337070447,-4,657,208
102338598235,102338598238,3,1951,1436
102340666040,102340666043,3,1928,1063
102341874308,102341874318,10,22203,54125
102347677848,102347677853,5,1680,1163
102347710895,102347710900,5,1289,1022
102352410486,102352410493,7,2389,1262
102352857161,102352857163,2,2395,1849
102359257602,102359257605,3,1186,1699
102360864461,102360864467,6,1734,1647
102363362938,102363362945,7,2495,1521
102366460419,102366460426,7,54114,21259
102370856761,102370856764,3,1215,1260
102374890727,102374890733,6,2253,1447
102379756026,102379756033,7,3673,1116
102381290502,102381290506,4,2225,1394
102386311519,102386311523,4,1800,1077
102387142087,102387142090,3,1794,1346
102390825886,102390825893,7,3952,1674
102391577973,102391577976,3,2819,965
102391652355,102391652348,-7,719,52
102392326363,102392326369,6,2785,1689
102393364452,102393364456,4,1863,1301
102393530403,102393530402,-1,1031,1506
102393587931,102393587934,3,1114,1202
102396004578,102396004586,8,860,782
102396320945,102396320951,6,2067,1447
102398780564,102398780570,6,1294,1083
102399680562,102399680567,5,1602,1558
102405136706,102405136710,4,1981,1465
102407651161,102407651166,5,2684,1764
102408104946,102408104951,5,1968,1174
102409564174,102409564178,4,1677,1708
102411607472,102411607478,6,2253,1715
102412797310,102412797314,4,1600,1250
102416916145,102416916151,6,2148,1583
102420506171,102420506167,-4,898,2278
102424185594,102424185594,0,1348,1736
102425986134,102425986138,4,1717,1532
102426129117,102426129119,2,1406,1426
102426333769,102426333774,5,2918,1013
102427776295,102427776298,3,1721,1316
102429239054,102429239057,3,1222,1229
102429696518,102429696519,1,995,165
102433275158,102433275164,6,3922,1724
102433451637,102433451638,1,1521,1158
102444466449,102444466453,4,1755,1160
102446029462,102446029465,3,1727,1314
102446936810,102446936813,3,2065,1686
102447820133,102447820139,6,1882,920
102448638914,102448638918,4,998,1070
102451809574,102451809578,4,2188,1373
102452276459,102452276463,4,1954,1052
102453247902,102453247905,3,1379,1102
102454833195,102454833198,3,1716,1784
102465292402,102465292406,4,2661,1656
102468651873,102468651877,4,1393,1095
102470900105,102470900111,6,1861,1441
102473928694,102473928698,4,2282,1407
102477585679,102477585683,4,2016,1577
102480815122,102480815123,1,1811,1766
102482414838,102482414842,4,2470,1188
102482741425,102482741407,-18,1943,1216
102485036234,102485036239,5,2498,1445
102485998741,102485998748,7,5653,2340
102487140426,102487140431,5,1229,668
102491114374,102491114378,4,1550,1446
102492400603,102492400609,6,1897,1204
102496216131,102496216134,3,2455,1023
102500052541,102500052545,4,2280,1307
102506175762,102506175763,1,1091,1248
102508145064,102508145069,5,1871,1302
102511540698,102511540698,0,1303,1990
102511868713,102511868718,5,2420,1308
102512421332,102512421336,4,2738,1495
102513468367,102513468371,4,1714,1272
102514810677,102514810678,1,1218,999
102522987306,102522987313,7,1715,1058
102524125030,102524125036,6,2803,1520
102525557163,102525557167,4,1954,892
102526550615,102526550619,4,1698,1316
102532156850,102532156854,4,1784,1282
102533857003,102533857007,4,2100,1497
102534506215,102534506218,3,2064,1530
102534588459,102534588462,3,1138,839
102536558642,102536558645,3,1523,855
102536760772,102536760777,5,2518,1458
102536848041,102536848062,21,1458,1553
102538581271,102538581277,6,2230,1600
102542415022,102542415022,0,2641,2090
102544634018,102544634022,4,2106,1560
102545665034,102545665038,4,2980,1414
102546008916,102546008923,7,2390,1026
102546036546,102546036542,-4,1116,3611
102547534743,102547534744,1,1654,1036
102548950006,102548950011,5,2773,1588
102549637307,102549637293,-14,1141,519
102550986291,102550986294,3,1176,832
102552158005,102552158010,5,2136,1417
102556994481,102556994485,4,2891,1612
102557827777,102557827779,2,1809,1136
102557888326,102557888325,-1,9163,13678
102558511823,102558511825,2,1510,1593
102562742874,102562742877,3,1679,1080
102565121686,102565121689,3,1724,1190
102565196311,102565196317,6,2397,1603
102568924591,102568924589,-2,811,2766
102570062250,102570062253,3,2015,1331
102570913213,102570913217,4,1275,899
102571267975,102571267958,-17,318,201
102572707963,102572707966,3,1421,1379
102575023426,102575023429,3,2219,1350
102576591204,102576591208,4,1938,1528
102577000128,102577000123,-5,1778,4583
102577337784,102577337794,10,250,1070
102580992936,102580992942,6,1108,1118
102584145101,102584145105,4,1736,1223
102588509550,102588509530,-20,982,883
102589562392,102589562397,5,3553,1905
102589715396,102589715399,3,2084,1753
102590515683,102590515686,3,1855,1320
102591397809,102591397818,9,1917,1258
102597206169,102597206174,5,1301,1255
102598819605,102598819609,4,1869,1257
102607220639,102607220643,4,1553,935
102609256973,102609256975,2,1668,1009
102610438701,102610438711,10,2393,1154
102613851682,102613851687,5,1744,1441
102615301606,102615301611,5,1934,1390
102617612702,102617612708,6,2971,1735
102621429351,102621429354,3,1485,1142
102621966793,102621966795,2,1625,1234
102629408615,102629408618,3,219,1243
102635069132,102635069135,3,1981,811
102635150391,102635150375,-16,839,1014
102635591746,102635591750,4,2125,1590
102636095075,102636095078,3,1995,1221
102636499355,102636499359,4,1881,1344
102642876078,102642876077,-1,966,1975
102644692354,102644692359,5,1978,1449
102645376011,102645376015,4,2677,1350
102646693703,102646693705,2,1943,1577
102648509816,102648509818,2,1656,1500
102649201626,102649201632,6,1327,717
102651020719,102651020727,8,2060,1112
102652895762,102652895766,4,1317,870
102656351010,102656351013,3,2028,1469
102657851755,102657851758,3,2516,1539
102658256705,102658256710,5,1678,1023
102659043277,102659043282,5,2879,1106
102660007764,102660007769,5,2187,1325
102662476973,102662476975,2,1616,1092
102665615507,102665615509,2,1207,493
102670304445,102670304450,5,2347,1435
102674862014,102674862019,5,1139,973
102676389758,102676389762,4,3063,1566
102677444310,102677444306,-4,3579,11317
102677621734,102677621738,4,3274,1748
102682057706,102682057707,1,3227,10889
102684040220,102684040222,2,1086,720
102687783689,102687783693,4,1512,1474
102690589538,102690589543,5,1779,1378
102695524307,102695524312,5,1817,1456
102705058925,102705058930,5,11188,5432
102705382818,102705382824,6,2123,1594
102705507706,102705507711,5,2120,1399
102707373958,102707373963,5,2927,1790
102710242655,102710242659,4,1921,1528
102714816269,102714816275,6,2339,1031
102715485973,102715485976,3,1380,1089
102716449915,102716449920,5,2078,1364
102717739532,102717739536,4,1721,1091
102719155101,102719155104,3,2481,1460
102722038478,102722038480,2,1749,1530
102725915793,102725915802,9,5764,2156
102727429455,102727429459,4,2146,1360
102732903538,102732903542,4,2457,2209
102733314281,102733314284,3,2095,1686
102734491038,102734491043,5,2790,1264
102734533653,102734533658,5,3035,1882
102736125009,102736125016,7,2771,1658
102736258682,102736258686,4,2222,2093
102736416852,102736416853,1,1367,1947
102737574728,102737574733,5,1218,1079
102739328810,102739328814,4,2751,1791
102740150889,102740150893,4,2125,1467
102741266838,102741266841,3,2516,1299
102743658346,102743658351,5,1153,804
102745525761,102745525742,-19,1745,1043
102749819931,102749819934,3,1625,1369
102750380172,102750380175,3,1388,1094
102750480202,102750480181,-21,1019,464
102751329985,102751329988,3,10647,8295
102756403198,102756403201,3,1966,1174
102756609466,102756609471,5,1966,1365
102765762873,102765762878,5,1665,893
102767400069,102767400074,5,2066,1542
102770120073,102770120075,2,1515,980
102771972435,102771972414,-21,969,3140
102772167908,102772167914,6,2399,1399
102774714957,102774714962,5,1525,1186
102774941265,102774941268,3,1340,1422
102780443813,102780443806,-7,393,4004
102785655641,102785655638,-3,1349,2751
102787554008,102787554012,4,1557,1379
102789654979,102789654981,2,1315,1620
102790054482,102790054464,-18,1421,644
102798705573,102798705578,5,2333,1289
102800527575,102800527579,4,1607,1182
102801352413,102801352419,6,2358,1230
102802172533,102802172538,5,2205,1492
102804511579,102804511582,3,2198,1253
102805604710,102805604715,5,2986,1924
102812322718,102812322724,6,2570,1435
102812472659,102812472662,3,1954,1418
102814328824,102814328827,3,2441,1987
102822300242,102822300245,3,2805,1886
102822566889,102822566894,5,2281,1331
102823004278,102823004281,3,1798,993
102824220537,102824220543,6,1576,745
102826751520,102826751523,3,1161,1058
102828681506,102828681511,5,2564,1117
102829628662,102829628665,3,1738,1768
102829844410,102829844413,3,2001,1491
102837113714,102837113720,6,2844,1797
102840056990,102840056994,4,2032,1423
102841202699,102841202703,4,1965,560
102841355098,102841355080,-18,933,625
102845194270,102845194274,4,2118,1263
102847093303,102847093306,3,1876,1165
102847659011,102847659018,7,3264,864
102848291938,102848291941,3,2121,1126
102849701847,102849701850,3,1603,1503
102853854774,102853854779,5,1909,1002
102854169418,102854169423,5,2294,1235
102854238078,102854238082,4,1889,1108
102855384482,102855384486,4,1327,1564
102856852733,102856852738,5,1769,1425
102860594934,102860594938,4,2251,1444
102863835293,102863835297,4,1701,1476
102864515440,102864515445,5,1398,1034
102866292351,102866292354,3,1280,1297
102867192188,102867192191,3,3137,1360
102867850153,102867850158,5,1558,1334
102871919709,102871919710,1,1826,1071
102872202565,102872202551,-14,2040,1268
102873069741,102873069746,5,1882,1452
102880291057,102880291058,1,1450,2083
102881325778,102881325781,3,2257,1501
102882517710,102882517714,4,1648,1184
102891245088,102891245093,5,1488,1241
102894723213,102894723215,2,1414,1006
102895774072,102895774076,4,1854,1272
102898289398,102898289403,5,3022,1819
102899281363,102899281367,4,2034,1412
102904265766,102904265770,4,707,776
102905601621,102905601625,4,1690,973
102907837062,102907837066,4,2036,1476
102908593893,102908593897,4,2399,1256
102909233101,102909233085,-16,1063,1020
102912313845,102912313850,5,2252,955
102914053030,102914053035,5,1395,1146
102914396722,102914396732,10,2328,1338
102915621797,102915621801,4,2141,1358
102916547861,102916547867,6,3370,1100
102919938831,102919938825,-6,1330,1151
102921803265,102921803270,5,2159,1517
102921979704,102921979708,4,2056,1122
102923185700,102923185705,5,1569,1035
102923504015,102923504018,3,1235,940
102925290158,102925290163,5,1428,1359
102925774096,102925774102,6,2332,1695
102926175881,102926175885,4,2836,1516
102928369561,102928369566,5,1556,1189
102928760439,102928760443,4,1845,1445
102931422462,102931422467,5,2942,1770
102933583133,102933583138,5,17437,15044
102935921935,102935921939,4,1531,1153
102942406627,102942406631,4,1685,1096
102944053789,102944053794,5,2536,1788
102944617834,102944617840,6,2234,1395
102945238738,102945238743,5,1295,997
102946968646,102946968650,4,2731,1922
102948616225,102948616227,2,2236,1484
102951007427,102951007430,3,1781,1045
102951257161,102951257163,2,1625,1153
102960963387,102960963390,3,1464,1007
102964083560,102964083564,4,1660,1393
102966945972,102966945975,3,1884,1383
102971118555,102971118561,6,1924,1116
102971187481,102971187461,-20,1385,1356
102972984095,102972984098,3,1658,1177
102975108677,102975108679,2,1642,2004
102978417641,102978417644,3,3706,2945
102981610598,102981610602,4,1470,1366
102986684805,102986684809,4,1926,851
102988989049,102988989051,2,1697,767
102989403218,102989403221,3,1795,1406
102991336038,102991336044,6,1147,764
102995248796,102995248799,3,1899,953
103001594060,103001594063,3,1957,1121
103006109730,103006109731,1,1659,1771
103007627574,103007627578,4,2324,1303
103010985840,103010985841,1,1855,1294
103015186364,103015186370,6,1655,1122
103016112978,103016112983,5,1966,920
103019187731,103019187736,5,2235,1050
103021230786,103021230791,5,2293,1047
103022699513,103022699517,4,2185,1634
103022832734,103022832739,5,2704,1069
103026740351,103026740349,-2,1397,2198
103027599056,103027599060,4,1464,1110
103028527317,103028527321,4,2576,1353
103031224270,103031224276,6,3029,1896
103033580574,103033580578,4,1317,1245
103033969639,103033969643,4,1805,1046
103037172866,103037172870,4,1202,643
103037582913,103037582918,5,2098,1095
103037742065,103037742070,5,1706,1009
103041992707,103041992711,4,1471,1160
103046515201,103046515206,5,1996,1148
103046937825,103046937827,2,1265,889
103047049749,103047049745,-4,1846,5577
103052557890,103052557893,3,2310,2062
103054760950,103054760955,5,1571,1265
103058678945,103058678946,1,1699,1760
103061838932,103061838937,5,1816,1351
103062549186,103062549190,4,1721,1325
103062816735,103062816718,-17,2172,1093
103064384418,103064384423,5,1705,1270
103066830633,103066830638,5,2759,1463
103067587231,103067587235,4,2373,1561
103068692510,103068692514,4,2085,1395
103070808731,103070808735,4,1268,867
103072894737,103072894742,5,2270,1492
103074035286,103074035291,5,2106,1258
103074194850,103074194853,3,1595,1455
103077750970,103077750975,5,1423,1112
103080194645,103080194651,6,1753,993
103081530734,103081530739,5,1896,1583
103082739318,103082739323,5,2016,888
103082858340,103082858343,3,1793,988
103092586270,103092586275,5,1906,1125
103099717078,103099717081,3,3280,3356
103101697687,103101697689,2,1710,1016
103105072992,103105072997,5,1779,1233
103106445647,103106445651,4,2781,1589
103109217988,103109217991,3,1900,1291
103109359855,103109359855,0,770,1398
103115615848,103115615852,4,2574,1492
103119895748,103119895741,-7,1618,9219
103126252174,103126252178,4,2368,1116
103127083712,103127083718,6,2300,1295
103129025770,103129025777,7,2364,1134
103130889033,103130889040,7,1946,1293
103131093930,103131093933,3,1619,1197
103133084969,103133084973,4,1594,1374
103136003266,103136003272,6,1591,1071
103138215862,103138215867,5,2113,623
103138636370,103138636375,5,1032,1295
103143571145,103143571147,2,2404,1628
103144919915,103144919920,5,2005,1855
103148535940,103148535944,4,1576,1552
103150292690,103150292698,8,2259,1197
103150809256,103150809259,3,1786,1154
103153271094,103153271099,5,2381,1269
103155986993,103155986997,4,1312,1168
103161701749,103161701754,5,2345,1477
103161852872,103161852870,-2,22098,11534
103162578455,103162578460,5,1567,1396
103169016043,103169016046,3,2104,1495
103175140314,103175140317,3,2195,1425
103179919917,103179919921,4,1344,1373
103186564965,103186564970,5,2395,1761
103188770426,103188770427,1,2134,1674
103191380871,103191380874,3,1478,1062
103195909268,103195909272,4,2026,893
103198315765,103198315770,5,1552,1158
103198821146,103198821150,4,1824,1053
103200772262,103200772268,6,1459,1168
103203965496,103203965498,2,1575,1067
103208134297,103208134302,5,1211,1017
103209688687,103209688691,4,1955,1356
103209801649,103209801653,4,1823,1141
103213737150,103213737153,3,1958,1502
103216180497,103216180502,5,1684,1128
103218145306,103218145310,4,2498,1614
103224050490,103224050496,6,2131,984
103224963945,103224963952,7,2139,1366
103228111401,103228111407,6,1918,1201
103230029999,103230030004,5,2054,1400
103230624101,103230624105,4,2613,1339
103231371634,103231371637,3,1478,1074
103231670345,103231670365,20,2590,1178
103234003951,103234003948,-3,1875,4831
103234378886,103234378891,5,1443,1097
103237352282,103237352288,6,3142,1941
103240514562,103240514561,-1,1740,4295
103243149706,103243149709,3,1938,1512
103243555963,103243555966,3,1674,1150
103246360951,103246360955,4,1694,803
103246759809,103246759815,6,1911,1367
103246941589,103246941595,6,1516,981
103248643947,103248643952,5,1966,1317
103252094674,103252094677,3,2531,1406
103253408324,103253408330,6,1514,1138
103255273293,103255273297,4,1606,1380
103259953111,103259953114,3,2210,1410
103263004459,103263004464,5,2144,1830
103263137135,103263137126,-9,1471,5051
103263855585,103263855587,2,1338,1254
103265269658,103265269662,4,2423,1527
103265318271,103265318267,-4,1028,2418
103265498153,103265498157,4,2466,1204
103268188790,103268188791,1,1288,1218
103269699397,103269699401,4,1644,1089
103273263621,103273263626,5,1958,1041
103276817085,103276817090,5,2470,1662
103278614681,103278614686,5,2190,1273
103279144429,103279144438,9,2004,1508
103281400783,103281400787,4,1187,1402
103284483672,103284483675,3,1472,1373
103290860589,103290860594,5,2548,1698
103292089975,103292089979,4,2511,1648
103293861777,103293861782,5,1238,1203
103302387589,103302387593,4,2092,1904
103303048381,103303048386,5,3023,1695
103308909807,103308909810,3,1879,1119
103312639349,103312639338,-11,1129,1033
103316753992,103316753993,1,936,889
103318225850,103318225855,5,837,527
103320174405,103320174410,5,1584,1062
103322098798,103322098802,4,2273,1270
103323058026,103323058032,6,2195,1115
103324937013,103324937020,7,3407,1382
103325519586,103325519591,5,2993,1525
103326191732,103326191735,3,1864,1299
103330135789,103330135795,6,1606,1075
103333869800,103333869806,6,2226,1161
103334245982,103334245986,4,2038,1427
103336855099,103336855103,4,2267,1460
103337994886,103337994891,5,1133,912
103340418338,103340418339,1,1992,1053
103343291178,103343291181,3,1828,1272
103343981545,103343981548,3,1873,1045
103344773710,103344773714,4,2330,1341
103347970959,103347970965,6,1553,1243
103350131333,103350131335,2,2380,1622
103354135033,103354135036,3,2241,1905
103360451857,103360451862,5,2206,1034
103365645514,103365645518,4,1875,940
103369700935,103369700939,4,2382,1339
103371012991,103371012997,6,2030,1472
103371760693,103371760697,4,2233,1459
103373121996,103373122001,5,1590,965
103374250265,103374250271,6,2098,1357
103375207044,103375207047,3,1629,1084
103377048989,103377048994,5,1862,1445
103379036234,103379036238,4,1628,1491
103380217149,103380217155,6,2661,1566
103381546519,103381546523,4,1535,1083
103382814268,103382814272,4,1853,1613
103383457256,103383457262,6,1792,1170
103387431939,103387431944,5,2130,1727
103388638190,103388638178,-12,1324,753
103391115675,103391115674,-1,1672,1929
103392458306,103392458310,4,1632,1126
103394339774,103394339770,-4,1084,3243
103397525990,103397525986,-4,1630,4575
103399509335,103399509337,2,2429,2113
103401684553,103401684557,4,1784,1170
103404248201,103404248207,6,1845,1471
103406531467,103406531462,-5,1187,2994
103408641857,103408641861,4,2733,1486
103412138456,103412138459,3,1577,1207
103414665933,103414665936,3,1421,1509
103421436262,103421436264,2,2012,1844
103425660490,103425660495,5,1709,1107
103427088117,103427088121,4,1602,1914
103427139012,103427139018,6,1766,1604
103427636346,103427636349,3,2624,1272
103428416953,103428416959,6,1403,1207
103432195254,103432195258,4,1763,1079
103432781991,103432781995,4,2285,1814
103440994088,103440994084,-4,1411,2628
103443981934,103443981938,4,1999,1695
103446258430,103446258434,4,2009,1165
103447499434,103447499438,4,1472,1127
103448827058,103448827062,4,2503,1285
103452728904,103452728907,3,1994,1386
103454936361,103454936364,3,1864,1467
103456298994,103456298997,3,1974,736
103458226018,103458226023,5,2259,1125
103463395027,103463395031,4,2132,1307
103466088340,103466088342,2,1196,842
103467222199,103467222203,4,1380,1134
103467446363,103467446357,-6,1845,7634
103469141202,103469141205,3,1627,1387
103474831491,103474831495,4,1099,957
103483642599,103483642602,3,1695,1014
103491172790,103491172795,5,1808,780
103494033587,103494033591,4,1845,1499
103496243210,103496243214,4,1702,1279
103496641704,103496641685,-19,1967,967
103508648662,103508648655,-7,2183,6520
103509268787,103509268791,4,1388,752
103509648810,103509648829,19,1084,665
103511381268,103511381278,10,1858,1296
103513765618,103513765622,4,1746,1338
103514074470,103514074477,7,2268,1208
103514597699,103514597702,3,2600,1689
103518601294,103518601299,5,1878,1135
103525798388,103525798390,2,1618,1182
103526694202,103526694206,4,3490,2293
103526754501,103526754503,2,1358,1071
103527743230,103527743234,4,2160,1609
103530538494,103530538497,3,1888,1160
103532354453,103532354455,2,1803,990
103534863713,103534863717,4,1707,1080
103537561793,103537561798,5,3394,1765
103542630496,103542630498,2,1984,1993
103546195830,103546195834,4,2736,1421
103549627177,103549627181,4,2646,2302
103550895285,103550895290,5,3450,1089
103555036742,103555036745,3,1134,1217
103560203293,103560203293,0,2126,2170
103561646818,103561646822,4,1838,1023
103564334269,103564334273,4,1520,1213
103566805297,103566805299,2,1701,1508
103574320917,103574320921,4,1787,1120
103578834131,103578834137,6,1661,1167
103586190029,103586190032,3,1636,1422
103587102777,103587102778,1,1610,2051
103587612770,103587612751,-19,2115,1162
103589530849,103589530853,4,2235,1286
103589713125,103589713130,5,2007,1489
103590413194,103590413198,4,1684,983
103593374938,103593374944,6,2253,1558
103596628902,103596628906,4,1387,1441
103596691970,103596691974,4,1987,1249
103599225311,103599225310,-1,2836,4895
103603385842,103603385847,5,1473,1002
103604830352,103604830354,2,2036,1875
103605953435,103605953440,5,2373,1304
103607264098,103607264104,6,2777,1767
103609406749,103609406755,6,2613,1299
103611639669,103611639670,1,1414,1472
103612237576,103612237579,3,2072,1517
103625417842,103625417840,-2,1220,2103
103626779846,103626779851,5,1972,1163
103627087661,103627087666,5,1465,729
103627610001,103627610005,4,1733,1084
103627647943,103627647948,5,2141,1448
103629085470,103629085474,4,1861,1193
103630019207,103630019189,-18,2276,1290
103630604445,103630604448,3,8265,25516
103631178293,103631178297,4,2164,1468
103633334245,103633334250,5,2366,1053
103635478221,103635478225,4,1253,1060
103638584338,103638584334,-4,1136,2840
103642662052,103642662053,1,1564,1457
103646035537,103646035534,-3,24490,14675
103646222417,103646222421,4,2619,1256
103647080414,103647080418,4,2105,1126
103647295173,103647295178,5,1616,1124
103647694526,103647694509,-17,970,555
103650959584,103650959586,2,2083,1211
103651500939,103651500944,5,2434,1241
103653741024,103653741023,-1,1412,1726
103657155427,103657155426,-1,996,1790
103659491737,103659491740,3,1968,1549
103663481296,103663481299,3,1561,1689
103664806125,103664806130,5,2091,1072
103665364390,103665364395,5,1982,1414
103666437870,103666437886,16,2068,1198
103667361922,103667361927,5,1736,1309
103670763155,103670763158,3,1139,1057
103670964466,103670964469,3,2126,1391
103674000893,103674000902,9,14617,23138
103676511004,103676511003,-1,1285,1405
103676772410,103676772389,-21,1142,585
103678016550,103678016558,8,9343,1535
103680288246,103680288251,5,2184,1393
103685339892,103685339895,3,1362,1833
103692225463,103692225467,4,3050,1537
103695160110,103695160115,5,1521,1096
103696152998,103696153002,4,1837,1691
103700118685,103700118686,1,1901,1845
103700292711,103700292716,5,1167,1510
103702620534,103702620538,4,1931,1119
103705124032,103705124038,6,1194,992
103705576866,103705576870,4,2619,964
103707250124,103707250126,2,2561,2390
103710621929,103710621935,6,2027,832
103712835513,103712835519,6,2015,1207
103715475182,103715475189,7,2388,1279
103716676469,103716676471,2,2156,1927
103717112542,103717112545,3,1677,1127
103719289610,103719289613,3,1934,1252
103720245849,103720245854,5,2030,1200
103721075045,103721075051,6,1400,1062
103722476014,103722476016,2,1899,2032
103723395065,103723395069,4,2092,1733
103724748539,103724748542,3,1780,1193
103726976744,103726976749,5,1961,1197
103727029113,103727029095,-18,1480,1280
103729991377,103729991382,5,2495,1288
103733023854,103733023859,5,1922,1396
103733788942,103733788949,7,2059,1038
103733945664,103733945668,4,1996,1799
103734590058,103734590063,5,1872,1205
103734653559,103734653564,5,17467,50583
103741369308,103741369313,5,2129,1386
103741615853,103741615850,-3,26305,53045
103744880342,103744880347,5,2562,1771
103745281946,103745281950,4,1662,1302
103747446563,103747446544,-19,1202,1168
103748652621,103748652623,2,1056,704
103750674562,103750674568,6,1898,1188
103752696738,103752696742,4,1669,1708
103753091154,103753091158,4,1007,834
103755600058,103755600061,3,2001,1669
103756020071,103756020077,6,1590,1432
103761160169,103761160173,4,1914,1270
103765056457,103765056463,6,2252,1187
103765238594,103765238597,3,2425,1306
103765635354,103765635359,5,2150,1312
103765718811,103765718815,4,1334,1112
103766679229,103766679230,1,1240,1012
103770606556,103770606558,2,1707,1354
103774140471,103774140474,3,2163,1280
103779952476,103779952480,4,2282,1594
103781719910,103781719913,3,1711,1369
103781842441,103781842446,5,2309,1894
103784261473,103784261477,4,1916,1229
103786419740,103786419742,2,1431,1234
103790443287,103790443281,-6,953,3202
103790603199,103790603203,4,1202,1379
103792551634,103792551637,3,1276,1451
103794757450,103794757457,7,2238,1337
103796461947,103796461950,3,799,82
103798055010,103798055014,4,2321,1521
103799375478,103799375484,6,3124,1269
103801121658,103801121663,5,1991,1118
103801225741,103801225749,8,1800,933
103801820179,103801820158,-21,964,487
103805381586,103805381586,0,1202,1445
103809742060,103809742078,18,199,662
103810043547,103810043551,4,2098,1484
103814230049,103814230050,1,1250,932
103816093927,103816093930,3,1802,1836
103821513778,103821513780,2,1649,1212
103825163234,103825163239,5,3015,1605
103827902056,103827902063,7,2204,1457
103829506499,103829506503,4,1905,1442
103829925799,103829925805,6,2327,1537
103830945866,103830945869,3,1759,1532
103833396150,103833396153,3,3817,3070
103834342554,103834342555,1,995,917
103836033664,103836033669,5,2737,1573
103836107350,103836107354,4,2636,1982
103839600598,103839600602,4,2085,1378
103840081502,103840081507,5,1674,483
103844375767,103844375771,4,2575,1453
103849181958,103849181961,3,1892,1282
103851516817,103851516821,4,1690,1315
103853290952,103853290957,5,2272,977
103856319110,103856319114,4,1505,1481
103860482040,103860482044,4,2140,1026
103862327923,103862327927,4,2195,1051
103864836114,103864836117,3,811,1056
103869184415,103869184413,-2,896,1717
103882623709,103882623710,1,1922,1784
103883220083,103883220087,4,2305,1562
103884147525,103884147532,7,1818,1312
103885177467,103885177470,3,1434,1104
103887694035,103887694038,3,1113,1443
103892866838,103892866838,0,1078,1954
103894878934,103894878939,5,1526,1182
103894972974,103894972979,5,1641,1234
103895330785,103895330790,5,1949,1174
103901767939,103901767931,-8,1396,6780
103905410238,103905410242,4,1752,1612
103905629802,103905629788,-14,1451,564
103906325705,103906325710,5,2494,1519
103907281621,103907281626,5,2127,988
103910289454,103910289457,3,1305,1245
103914020085,103914020088,3,1588,1766
103917784005,103917784002,-3,861,1951
103919626498,103919626504,6,2923,1419
103919766132,103919766135,3,1946,1195
103921499317,103921499318,1,1172,950
103926205271,103926205274,3,2160,1218
103928676549,103928676554,5,2184,1401
103932077385,103932077391,6,1827,1043
103932773034,103932773038,4,1168,746
103934639362,103934639367,5,1619,1165
103934866090,103934866094,4,1298,1019
103937903049,103937903054,5,1548,1367
103941526412,103941526415,3,1971,1380
103941891817,103941891822,5,1577,948
103944703207,103944703212,5,1520,1069
103945186187,103945186182,-5,2160,4714
103948658169,103948658173,4,1992,1375
103949007501,103949007503,2,1969,1182
103949191138,103949191143,5,1789,1134
103950196257,103950196261,4,2029,1611
103950544454,103950544460,6,4397,2407
103953005562,103953005566,4,1249,929
103954900351,103954900357,6,2007,1586
103956854648,103956854653,5,2339,1153
103965449570,103965449574,4,3208,1539
103977700691,103977700695,4,900,783
103980019909,103980019910,1,1300,1148
103982612426,103982612430,4,1709,1083
103983786021,103983786022,1,1889,1291
103988464704,103988464708,4,1961,1517
103990967978,103990967982,4,2284,1375
103994155138,103994155143,5,1959,1663
103996930323,103996930330,7,1736,1278
104002652621,104002652625,4,1209,1163
104003744554,104003744551,-3,1331,1065
104013158762,104013158770,8,5718,1136
104014587917,104014587922,5,2253,962
104017288701,104017288708,7,2250,1421
104017385618,104017385597,-21,1925,1150
104022111159,104022111163,4,2094,1195
104022405372,104022405378,6,2466,1351
104031333242,104031333246,4,2752,1921
104031616326,104031616331,5,2106,1461
104032129867,104032129870,3,2366,1326
104033315456,104033315461,5,1832,1286
104034694636,104034694639,3,1740,1302
104036620327,104036620329,2,1634,1116
104038994754,104038994758,4,2501,1730
104043083419,104043083422,3,1783,1118
104043365013,104043365014,1,1611,1968
104045031852,104045031854,2,1057,767
104047368462,104047368467,5,1873,930
104048193710,104048193714,4,2756,1406
104048497315,104048497318,3,1654,1117
104049457560,104049457567,7,1740,947
104052435906,104052435909,3,2357,1609
104058380165,104058380170,5,2034,1004
104063738719,104063738718,-1,1251,842
104068284271,104068284275,4,2293,1459
104068456612,104068456615,3,2067,1021
104074653634,104074653638,4,1607,1266
104079147086,104079147092,6,2035,1187
104079998457,104079998463,6,1484,1091
104080865178,104080865182,4,2104,1266
104082591106,104082591111,5,2327,1472
104083672530,104083672534,4,1524,1337
104085632790,104085632796,6,1696,1190
104090507285,104090507290,5,3578,1179
104093468741,104093468740,-1,956,1785
104093522966,104093522969,3,1410,1338
104095952557,104095952562,5,2055,1184
104097071808,104097071812,4,1709,1310
104098636323,104098636302,-21,950,557
104106565999,104106566002,3,1850,1285
104106909433,104106909414,-19,1757,1117
104107899518,104107899515,-3,3383,5676
104108963873,104108963877,4,2788,2161
104110508373,104110508377,4,2556,1740
104115680510,104115680516,6,2477,1489
104116257955,104116257957,2,1671,1519
104116808642,104116808647,5,2129,969
104120354564,104120354569,5,2761,1569
104121478587,104121478591,4,1790,1368
104123789539,104123789546,7,10269,24719
104125189514,104125189517,3,2111,1350
104126731427,104126731431,4,1984,1264
104128116551,104128116555,4,2037,1321
104129256912,104129256915,3,1460,1007
104133253982,104133253987,5,2695,957
104135249159,104135249163,4,2369,1170
104135695969,104135695974,5,1938,1667
104138573020,104138573026,6,2296,1151
104139866747,104139866750,3,610,830
104140126361,104140126366,5,1370,1456
104140471550,104140471557,7,1455,739
104142047673,104142047677,4,1806,1475
104142413467,104142413471,4,1645,1182
104150765009,104150765008,-1,1427,2419
104151305865,104151305869,4,2022,1398
104152446598,104152446603,5,1001,559
104156968006,104156968010,4,2078,1696
104157545598,104157545603,5,2198,1218
104159455679,104159455681,2,2490,3213
104162597086,104162597082,-4,1509,4474
104163060319,104163060325,6,1715,776
104164322986,104164322990,4,1561,1663
104164890889,104164890894,5,1985,1297
104165428305,104165428310,5,2637,1723
104169557769,104169557773,4,1536,1421
104171721559,104171721554,-5,528,1761
104172599157,104172599161,4,2044,1354
104173628388,104173628395,7,2554,1052
104175420507,104175420511,4,1399,1020
104175558494,104175558498,4,2003,1475
104177692103,104177692109,6,1895,1258
104190079063,104190079066,3,6595,23792
104194442710,104194442713,3,1025,570
104197284652,104197284657,5,3745,2427
104198082823,104198082827,4,2208,1483
104198394633,104198394638,5,1232,668
104205199155,104205199154,-1,1112,1558
104210958370,104210958373,3,2224,1159
104211034908,104211034912,4,1274,1062
104215051021,104215051026,5,2894,1322
104222737425,104222737430,5,2851,1934
104224704704,104224704707,3,1562,1638
104224921516,104224921521,5,1875,1239
104225551452,104225551455,3,1801,1123
104225925234,104225925254,20,376,300
104229111596,104229111599,3,2401,1711
104230473153,104230473134,-19,1796,1153
104233665138,104233665141,3,2017,1035
104233872021,104233872026,5,2608,1359
104234397089,104234397068,-21,1388,596
104239103177,104239103181,4,1863,1395
104240868910,104240868915,5,2209,1259
104244394559,104244394564,5,2459,1555
104250876103,104250876108,5,734,970
104255526639,104255526644,5,1577,1061
104257633697,104257633701,4,2145,1659
104260906802,104260906805,3,2059,1197
104262192262,104262192266,4,1206,663
104264676038,104264676038,0,13246,18840
104266740255,104266740259,4,2224,1337
104268081675,104268081680,5,4747,2857
104275028796,104275028798,2,2222,2273
104275128042,104275128047,5,1034,717
104275520247,104275520228,-19,996,846
104276176690,104276176670,-20,2798,2038
104278452005,104278452007,2,1607,1387
104279579715,104279579718,3,1762,1552
104279747842,104279747847,5,2458,1681
104282470922,104282470928,6,2648,1642
104282575782,104282575783,1,358,322
104286540583,104286540586,3,2422,2039
104287274605,104287274608,3,1809,1989
104287767542,104287767547,5,1726,1528
104289230184,104289230190,6,2566,1785
104289506727,104289506722,-5,1108,2341
104290639551,104290639558,7,3121,1593
104299129581,104299129586,5,2756,1493
104299689917,104299689910,-7,1943,5801
104300076005,104300076009,4,1570,1208
104302384885,104302384890,5,1761,963
104303315329,104303315331,2,2693,1627
104304875054,104304875058,4,2220,1755
104307381432,104307381420,-12,62181,9825
104308025166,104308025168,2,1965,1730
104312883756,104312883755,-1,1880,2650
104315816538,104315816543,5,1650,1427
104316754393,104316754393,0,1228,1733
104318889216,104318889220,4,2103,1437
104319122731,104319122718,-13,579,574
104321928957,104321928963,6,2910,865
104322293207,104322293206,-1,1345,1482
104328138236,104328138239,3,1826,1238
104330568245,104330568250,5,2709,1527
104339640258,104339640263,5,2575,954
104341594977,104341594980,3,2069,1521
104348684285,104348684291,6,2443,1043
104349449174,104349449180,6,2166,1158
104351471919,104351471934,15,26057,14333
104352736791,104352736797,6,2702,1530
104353042708,104353042717,9,10624,41817
104354011326,104354011330,4,2139,1263
104358977121,104358977126,5,1877,1761
104359213275,104359213280,5,2233,2410
104361056142,104361056140,-2,1172,1664
104362197947,104362197951,4,1752,1189
104366460080,104366460083,3,1587,1294
104371124610,104371124614,4,1422,1245
104372443777,104372443781,4,1898,1687
104375831710,104375831715,5,1628,1004
104376407497,104376407502,5,1594,1047
104379126975,104379126979,4,1538,1589
104382107723,104382107729,6,3358,1882
104385374602,104385374606,4,2367,1774
104386162562,104386162563,1,1431,1561
104388105037,104388105042,5,2026,1285
104389976046,104389976050,4,1870,1456
104392742182,104392742186,4,1394,928
104393825745,104393825746,1,1413,974
104395578449,104395578451,2,1575,917
104396759405,104396759410,5,1657,698
104398450164,104398450169,5,1032,965
104399005736,104399005720,-16,1769,820
104402187633,104402187630,-3,1623,4690
104407230313,104407230317,4,2946,1697
104409173246,104409173249,3,1928,1340
104409811614,104409811619,5,3390,1473
104410416551,104410416534,-17,1568,1393
104413064996,104413064999,3,2178,1393
104414390427,104414390431,4,1962,1529
104418954510,104418954515,5,1488,1366
104419069335,104419069350,15,2249,1372
104422402928,104422402931,3,2000,1410
104423324910,104423324912,2,1867,1886
104427800390,104427800393,3,1936,1177
104430812699,104430812705,6,2215,1196
104431203088,104431203092,4,1416,1553
104435314386,104435314389,3,2716,2089
104438512580,104438512574,-6,1745,7450
104439147974,104439147981,7,1448,1280
104441665615,104441665612,-3,7480,14105
104441986808,104441986814,6,1839,2068
104445297438,104445297439,1,929,724
104452473173,104452473178,5,1598,1000
104453626174,104453626177,3,1658,1412
104454483961,104454483967,6,2035,1250
104458506506,104458506510,4,2167,1571
104462515369,104462515369,0,1723,928
104463659493,104463659496,3,3419,1728
104463691026,104463691004,-22,1742,1042
104464366834,104464366839,5,1993,1294
104465272778,104465272784,6,1861,1490
104465434948,104465434951,3,1787,1226
104468949337,104468949340,3,1695,934
104469827046,104469827029,-17,1371,1250
104474330650,104474330654,4,990,995
104477176719,104477176723,4,1992,1218
104485281606,104485281604,-2,1482,2903
104487663754,104487663759,5,2083,1024
104489206220,104489206226,6,2491,2119
104491825194,104491825199,5,2154,921
104494225303,104494225298,-5,1874,5077
104495477350,104495477353,3,3134,1907
104497056023,104497056026,3,3683,3321
104499647330,104499647334,4,1245,1217
104500399966,104500399969,3,2397,1903
104503104226,104503104223,-3,1358,2479
104503360769,104503360761,-8,2020,8128
104503403522,104503403526,4,2223,1056
104506343487,104506343484,-3,1812,4837
104506900942,104506900947,5,2157,1634
104510460558,104510460563,5,1903,1412
104511236042,104511236048,6,2398,1465
104512436160,104512436165,5,2901,1771
104514848678,104514848682,4,2250,1407
104517248249,104517248257,8,2609,1370
104517441169,104517441189,20,1478,1117
104519672730,104519672735,5,2002,1131
104519998927,104519998932,5,2111,1430
104521044477,104521044479,2,1904,1460
104524098274,104524098279,5,1543,1563
104524331077,104524331079,2,1835,1322
104530657823,104530657828,5,1925,937
104531066482,104531066487,5,817,707
104533101548,104533101554,6,2222,1485
104536882350,104536882355,5,2159,1365
104538477183,104538477187,4,1330,1217
104540393262,104540393246,-16,837,551
104542189526,104542189530,4,1875,1062
104545800370,104545800373,3,2367,1406
104553049381,104553049384,3,1532,1828
104553711048,104553711055,7,2479,1196
104554911214,104554911220,6,1851,1017
104554956354,104554956357,3,1263,1441
104555798874,104555798877,3,1920,1301
104555904010,104555904015,5,1802,955
104556246342,104556246344,2,1855,1395
104558258295,104558258301,6,1577,989
104558340618,104558340600,-18,572,259
104559782453,104559782459,6,1996,841
104560019051,104560019071,20,1571,1221
104560625670,104560625672,2,1799,1239
104562104418,104562104423,5,1183,1133
104563387947,104563387950,3,844,519
104564616446,104564616445,-1,1160,1988
104565997694,104565997695,1,999,597
104567867238,104567867242,4,2383,1273
104570623642,104570623646,4,2415,1617
104571084161,104571084168,7,2838,1418
104572163580,104572163583,3,2598,918
104575165118,104575165119,1,2075,1198
104577845690,104577845695,5,2833,1310
104585413293,104585413299,6,2805,1187
104586457364,104586457362,-2,574,1771
104588339428,104588339433,5,2132,1755
104589607938,104589607942,4,1955,1437
104592128682,104592128688,6,1892,1341
104592377859,104592377858,-1,2022,3778
104593057382,104593057387,5,1771,973
104598320448,104598320451,3,1469,909
104599588217,104599588222,5,2318,1470
104600646085,104600646087,2,1071,1225
104601199515,104601199517,2,1088,1386
104602688648,104602688651,3,1707,1504
104608666744,104608666747,3,1994,1235
104609250865,104609250869,4,1634,995
104612538411,104612538418,7,2018,1530
104618963575,104618963578,3,1906,1438
104619806329,104619806334,5,1791,1142
104620381278,104620381282,4,1476,1269
104628395321,104628395327,6,1651,1007
104629025702,104629025707,5,2209,1124
104633921529,104633921533,4,25787,24934
104635936233,104635936235,2,1449,1350
104645539639,104645539644,5,2503,1391
104645770577,104645770581,4,2181,1497
104650494705,104650494709,4,1621,1280
104658681785,104658681789,4,1174,962
104658775512,104658775517,5,2521,2231
104659091288,104659091293,5,2475,1165
104660661890,104660661893,3,2176,1263
104660811881,104660811886,5,1506,1541
104660986583,104660986570,-13,1212,1402
104661025537,104661025541,4,1668,1655
104662049164,104662049182,18,1054,1199
104666737796,104666737799,3,2214,1218
104669982653,104669982657,4,2453,1219
104670168930,104670168934,4,1358,666
104672676225,104672676230,5,2295,1639
104673030226,104673030206,-20,1332,535
104677585328,104677585330,2,1606,1017
104677720573,104677720576,3,1881,1197
104678322951,104678322956,5,3066,1779
104679175574,104679175577,3,1661,1383
104682811791,104682811797,6,3257,1532
104683415717,104683415722,5,1855,1071
104683845781,104683845783,2,1600,1416
104686480993,104686480995,2,2801,1564
104687224832,104687224837,5,1852,1374
104688990987,104688990993,6,2040,1420
104689862703,104689862708,5,2569,1210
104691297524,104691297529,5,1777,1309
104691701693,104691701697,4,1862,1445
104695015811,104695015817,6,1169,702
104701294618,104701294622,4,2265,1617
104701992342,104701992346,4,1863,1325
104707773906,104707773910,4,1806,1417
104713999640,104713999643,3,11915,9534
104715378459,104715378454,-5,1066,2820
104716151352,104716151355,3,1376,1128
104716832847,104716832851,4,1769,1294
104717734941,104717734942,1,1825,1309
104722782722,104722782726,4,1133,1024
104723742692,104723742695,3,2618,1455
104723867746,104723867750,4,1924,1306
104724303825,104724303830,5,1907,1464
104727130072,104727130077,5,2507,1167
104732818682,104732818686,4,1089,1267
104734437473,104734437476,3,2217,952
104734891309,104734891294,-15,2322,1173
104738924703,104738924705,2,1314,633
104739021125,104739021111,-14,1610,1194
104739779731,104739779731,0,3000,3369
104740498049,104740498048,-1,2866,2548
104743157793,104743157797,4,2288,1761
104744069927,104744069931,4,2150,1016
104747256253,104747256259,6,1310,1058
104749165729,104749165730,1,673,214
104753619643,104753619647,4,1706,1496
104753824332,104753824336,4,4806,2621
104756586477,104756586480,3,1772,1702
104761155888,104761155904,16,2792,1295
104763082326,104763082330,4,1668,680
104763164064,104763164047,-17,1796,1274
104764032849,104764032851,2,3552,2866
104764329673,104764329676,3,1655,1341
104766577056,104766577052,-4,1370,3763
104774376776,104774376780,4,2460,1508
104774549970,104774549988,18,2564,964
104778788230,104778788251,21,1918,1481
104780679377,104780679384,7,2630,1052
104781673290,104781673294,4,1818,1112
104782924216,104782924199,-17,1403,1008
104785030274,104785030279,5,1740,1475
104785103795,104785103799,4,1870,1703
104789507600,104789507602,2,1823,1164
104790217250,104790217253,3,2098,2106
104790551705,104790551707,2,1452,741
104792408154,104792408156,2,1994,1758
104792487887,104792487890,3,2135,1768
104793791208,104793791213,5,1985,1196
104796292868,104796292871,3,1884,1197
104797951154,104797951158,4,1638,1053
104799870159,104799870160,1,1312,1863
104801995926,104801995930,4,2056,1184
104804511597,104804511599,2,1488,1504
104805371282,104805371286,4,1702,1281
104807271613,104807271615,2,2432,1670
104808046582,104808046585,3,1756,1433
104812012347,104812012351,4,1254,1425
104813382604,104813382606,2,1597,1550
104813771850,104813771854,4,1961,1676
104815456653,104815456659,6,2103,1314
104816991449,104816991455,6,2026,1395
104817962629,104817962636,7,1407,1142
104818384623,104818384629,6,1877,1176
104820182130,104820182135,5,2018,964
104821707039,104821707043,4,1845,1135
104828549586,104828549590,4,1105,791
104832900561,104832900566,5,2228,1805
104833481855,104833481860,5,1622,1020
104835115915,104835115919,4,1855,1424
104835220947,104835220953,6,3542,1185
104835990146,104835990150,4,1719,1418
104842640641,104842640645,4,2785,1220
104843485506,104843485511,5,2071,1221
104846625311,104846625315,4,2182,827
104848723661,104848723662,1,1235,1266
104852058878,104852058871,-7,1288,1607
104855550378,104855550378,0,1731,2646
104865936303,104865936303,0,1913,1068
104866044065,104866044069,4,1673,1009
104866202430,104866202434,4,1721,1888
104869244084,104869244085,1,1880,1690
104869435810,104869435814,4,1889,1091
104874044500,104874044503,3,1300,1215
104876476279,104876476286,7,2118,1297
104876918906,104876918911,5,2837,1319
104878431778,104878431781,3,1631,1116
104883507826,104883507831,5,2700,1401
104885290988,104885290995,7,1766,1081
104887342495,104887342498,3,1340,1066
104888988683,104888988686,3,2003,1053
104892764712,104892764718,6,1633,1283
104895447602,104895447606,4,2275,1167
104895703764,104895703760,-4,1177,215
104896890033,104896890025,-8,250,1272
104899018875,104899018880,5,1766,1502
104899871257,104899871260,3,2560,1384
104901716178,104901716183,5,1766,837
104903393207,104903393211,4,1313,1123
104909549457,104909549461,4,1475,1037
104914670837,104914670841,4,879,984
104916007534,104916007539,5,1967,1195
104919934249,104919934251,2,2021,690
104921863774,104921863776,2,1593,1246
104922687488,104922687490,2,2304,1519
104930619562,104930619567,5,1185,1086
104934892529,104934892533,4,1954,1372
104935624442,104935624446,4,1834,932
104937171245,104937171249,4,1785,1157
104941401501,104941401499,-2,1298,972
104942731098,104942731104,6,1302,873
104943429204,104943429206,2,1843,1071
104943668219,104943668223,4,1704,1656
104943697898,104943697902,4,2030,1568
104953982881,104953982886,5,1572,1005
104957882894,104957882900,6,2219,1231
104961016092,104961016115,23,1712,1574
104961411413,104961411415,2,1480,1250
104963059889,104963059874,-15,1796,1502
104964652607,104964652610,3,1312,1465
104965962063,104965962067,4,2260,1905
104966389087,104966389093,6,2403,1527
104969873904,104969873906,2,2226,1448
104970055126,104970055131,5,1860,1109
104972283693,104972283699,6,1876,860
104975943202,104975943205,3,2450,1360
104978048178,104978048185,7,5772,2109
104980159625,104980159630,5,2330,1180
104989611617,104989611623,6,1608,1507
104995125227,104995125233,6,2275,1293
104995171778,104995171781,3,1684,1165
104998059982,104998059986,4,2249,1431
105001448513,105001448516,3,2113,1210
105003480548,105003480551,3,2079,1087
105006375734,105006375738,4,1370,1367
105009515116,105009515121,5,2801,1637
105013536149,105013536154,5,1900,1200
105013938445,105013938449,4,1901,1292
105015327290,105015327297,7,1411,755
105018701133,105018701134,1,1593,1227
105020714850,105020714851,1,1052,870
105022144169,105022144169,0,28225,35872
105023514245,105023514248,3,1821,1642
105024588732,105024588735,3,1942,1921
105024618791,105024618794,3,1987,1417
105028640230,105028640234,4,1813,1491
105042529374,105042529379,5,1059,1004
105043269038,105043269043,5,2500,1321
105043540854,105043540859,5,1904,986
105044097842,105044097846,4,1728,953
105045161383,105045161389,6,1983,1065
105049040835,105049040840,5,2764,1620
105052356714,105052356714,0,1164,1825
105053189778,105053189783,5,2188,1466
105056717791,105056717795,4,1912,1363
105060090957,105060090959,2,2464,1080
105061710619,105061710625,6,2269,1334
105063217957,105063217957,0,1202,2021
105064697490,105064697494,4,3904,2147
105067988397,105067988402,5,1672,1506
105068614047,105068614054,7,3214,1356
105068850542,105068850547,5,2038,1191
105071404454,105071404460,6,1864,1387
105073509049,105073509052,3,2586,1578
105078825755,105078825759,4,2445,1428
105078990679,105078990685,6,2358,1545
105080096834,105080096842,8,1482,614
105086464218,105086464222,4,2173,1214
105089611849,105089611851,2,424,1337
105090244634,105090244617,-17,1744,922
105092345637,105092345642,5,2374,957
105095918717,105095918719,2,1403,970
105100320395,105100320398,3,1803,857
105100985507,105100985505,-2,1127,1083
105103456335,105103456338,3,2201,1489
105103555827,105103555830,3,6918,28477
105104259153,105104259155,2,2772,1523
105104362695,105104362698,3,1890,1216
105107317549,105107317551,2,1650,873
105109790645,105109790650,5,1837,1025
105111811999,105111812005,6,3635,1186
105111938670,105111938654,-16,1400,1029
105112757602,105112757607,5,2303,1934
105115702061,105115702060,-1,4420,16707
105122639065,105122639069,4,1981,1240
105123587990,105123588010,20,312,1653
105124053320,105124053327,7,6892,828
105130057985,105130057990,5,1341,1137
105130641095,105130641101,6,2128,1763
105134173036,105134173038,2,1757,1080
105137296685,105137296691,6,3013,1921
105140672586,105140672581,-5,21195,11401
105141955961,105141955965,4,2819,2090
105143807766,105143807769,3,1325,1559
105145376967,105145376970,3,1440,1384
105146007034,105146007038,4,2168,1617
105149617658,105149617662,4,1150,1077
105150805222,105150805226,4,2031,1115
105154397402,105154397406,4,2322,1258
105160645929,105160645934,5,2401,1369
105161569152,105161569158,6,2166,1554
105161775724,105161775730,6,2579,1499
105161944339,105161944336,-3,1451,2547
105164909526,105164909532,6,1999,1198
105165884119,105165884113,-6,34484,19073
105166828615,105166828611,-4,1661,4644
105166893043,105166893047,4,2217,1255
105172295166,105172295170,4,1864,1502
105173179322,105173179326,4,2028,1544
105177702234,105177702243,9,2248,1192
105182743013,105182743019,6,1770,1322
105184113815,105184113818,3,1879,1694
105186532465,105186532466,1,1124,1601
105187188198,105187188202,4,1267,869
105188459524,105188459527,3,1565,996
105192031995,105192031998,3,2469,1003
105192101977,105192101956,-21,2127,1107
105193938045,105193938049,4,2223,1993
105196135922,105196135926,4,1674,879
105201270405,105201270409,4,2188,1023
105203177250,105203177254,4,1986,1635
105204153535,105204153538,3,1289,790
105207663146,105207663149,3,2161,1406
105212277706,105212277687,-19,1424,1104
105212534573,105212534574,1,1743,1022
105212996876,105212996879,3,1841,1126
105213821531,105213821535,4,1701,1040
105214319839,105214319843,4,1911,1184
105216524705,105216524710,5,2171,1159
105217420957,105217420961,4,1948,1527
105219063309,105219063310,1,1540,1585
105220946820,105220946823,3,1667,1342
105223405998,105223406002,4,2395,1978
105230444362,105230444367,5,1778,1509
105231324887,105231324891,4,1845,1304
105237041835,105237041832,-3,925,2000
105241939230,105241939234,4,1189,806
105242010521,105242010525,4,42663,36747
105242171583,105242171587,4,1881,1394
105244767293,105244767299,6,2025,1349
105245021306,105245021285,-21,1729,1149
105245257510,105245257514,4,1734,1484
105245653797,105245653797,0,1468,2029
105248650722,105248650726,4,1368,969
105251683966,105251683970,4,2179,992
105253675958,105253675962,4,1590,1220
105258458670,105258458674,4,2388,1646
105259249866,105259249867,1,1539,1716
105259973661,105259973666,5,2597,1180
105264912331,105264912339,8,3030,1059
105266944863,105266944864,1,3374,3306
105269066255,105269066259,4,1742,1203
105270303209,105270303211,2,1485,1044
105270418855,105270418860,5,2083,1352
105274808738,105274808744,6,2269,1043
105276060550,105276060554,4,1732,1336
105276492295,105276492299,4,1776,1096
105276531654,105276531659,5,2270,1376
105276975733,105276975738,5,1645,1162
105278775733,105278775753,20,2083,1370
105279382018,105279382022,4,1603,1054
105285133921,105285133924,3,2220,1175
105285176764,105285176768,4,1595,1307
105287512376,105287512380,4,1941,1179
105291788695,105291788673,-22,311,1575
105292768287,105292768291,4,2093,1260
105294256045,105294256047,2,2297,1514
105298480563,105298480567,4,2540,1285
105302929519,105302929525,6,871,735
105304899177,105304899179,2,2461,1637
105305336206,105305336215,9,1933,714
105308816957,105308816960,3,1883,1067
105309824494,105309824500,6,1978,1595
105312447881,105312447886,5,2212,1203
105312502313,105312502315,2,1620,1088
105313574916,105313574919,3,2424,964
105313781886,105313781870,-16,1459,955
105316382422,105316382426,4,1900,1200
105326407641,105326407643,2,1988,1296
105328338031,105328338037,6,2043,1857
105328606770,105328606773,3,1998,1279
105329788587,105329788589,2,1828,2218
105330670548,105330670550,2,1992,1331
105330884826,105330884846,20,1475,1098
105331132921,105331132924,3,2000,1151
105333931045,105333931050,5,1328,1118
105340067461,105340067460,-1,782,1910
105341449315,105341449318,3,2509,2165
105343386443,105343386447,4,1729,876
105344744250,105344744252,2,836,1052
105345408966,105345408961,-5,1144,2392
105345611695,105345611699,4,2255,1498
105346645848,105346645853,5,1682,1193
105347638659,105347638654,-5,1732,5914
105347726290,105347726291,1,1303,1091
105349582900,105349582903,3,1779,1777
105350188177,105350188182,5,2742,1176
105351560077,105351560079,2,1772,1068
105354049042,105354049044,2,1118,1286
105355039246,105355039251,5,1645,1236
105355979893,105355979896,3,1168,864
105360340630,105360340633,3,2057,1624
105361316651,105361316657,6,2255,1042
105361481154,105361481159,5,1179,1078
105362201286,105362201290,4,2095,1724
105363906278,105363906278,0,1510,1376
105365861634,105365861641,7,5560,1539
105366958150,105366958157,7,15406,21978
105367227766,105367227770,4,1616,1220
105369195398,105369195411,13,10058,39140
105370931226,105370931234,8,2413,1627
105376766459,105376766456,-3,1524,3732
105378783043,105378783046,3,1679,1416
105381571177,105381571175,-2,1114,1949
105385566146,105385566149,3,2263,1123
105390226071,105390226074,3,1288,979
105390350465,105390350465,0,24323,39424
105391223241,105391223243,2,2635,1631
105394044417,105394044422,5,2131,1426
105394432746,105394432750,4,3507,1333
105394809873,105394809878,5,2448,1120
105396941335,105396941338,3,1623,1397
105397182105,105397182124,19,1646,1540
105400072615,105400072619,4,1372,1141
105401936775,105401936778,3,1761,1717
105407312857,105407312862,5,2151,1502
105408171188,105408171193,5,1703,1374
105410641462,105410641442,-20,1461,1070
105413931526,105413931530,4,1118,806
105418055837,105418055842,5,2847,1257
105418599236,105418599222,-14,1264,337
105420666278,105420666282,4,2373,1259
105420989140,105420989146,6,1561,1088
105421660020,105421660024,4,1934,1394
105421939887,105421939893,6,1660,1057
105423398893,105423398899,6,1708,1257
105426006741,105426006755,14,681,351
105428148240,105428148242,2,1412,1067
105429376170,105429376150,-20,1268,1131
105429543642,105429543645,3,2012,1540
105431301126,105431301129,3,1468,1218
105431850878,105431850883,5,2027,871
105432588162,105432588163,1,3158,3206
105436195059,105436195065,6,1969,1567
105446198066,105446198071,5,1739,1078
105451168478,105451168482,4,1866,1596
105452246265,105452246268,3,2311,1280
105453206473,105453206453,-20,1672,1344
105456811801,105456811805,4,2567,1494
105463143706,105463143706,0,1279,1054
105463256804,105463256806,2,1805,1259
105466761429,105466761433,4,2115,1293
105467690347,105467690352,5,2527,1772
105468389216,105468389219,3,1954,1486
105470623449,105470623451,2,1990,1856
105473100106,105473100111,5,2768,1381
105473907627,105473907631,4,2189,1756
105484098467,105484098471,4,2000,1379
105485908326,105485908330,4,1050,1019
105489499419,105489499423,4,2303,1142
105493707131,105493707136,5,2416,1395
105494774387,105494774393,6,2144,1271
105497695255,105497695260,5,69660,36928
105499673583,105499673588,5,1992,1197
105500053181,105500053186,5,2486,1780
105500354933,105500354936,3,1896,1556
105501129794,105501129815,21,1493,4209
105502151374,105502151378,4,2404,1463
105504003655,105504003657,2,2290,1563
105506442580,105506442583,3,1954,1341
105514558645,105514558648,3,1298,810
105516877250,105516877255,5,2054,2114
105517525043,105517525041,-2,3208,4530
105518554919,105518554923,4,1645,1073
105518818350,105518818352,2,47501,33448
105520320575,105520320573,-2,1020,1280
105521006290,105521006294,4,2065,1588
105523446315,105523446319,4,1808,1448
105528245871,105528245874,3,1283,1207
105530939512,105530939516,4,3547,1235
105531222242,105531222247,5,2096,998
105537264185,105537264190,5,1914,1541
105539249110,105539249114,4,2023,945
105540273526,105540273525,-1,1318,2448
105544779439,105544779444,5,2759,1317
105544832594,105544832608,14,1685,1191
105547920614,105547920618,4,1852,1126
105552109129,105552109135,6,1769,888
105553133719,105553133722,3,1579,1098
105558937091,105558937095,4,1630,1308
105564302114,105564302117,3,3105,2988
105569467787,105569467783,-4,922,2998
105570266403,105570266408,5,1846,1133
105570310215,105570310207,-8,1067,235
105571286234,105571286237,3,2177,1529
105576640220,105576640226,6,2425,1794
105576759112,105576759114,2,1465,1744
105581894111,105581894114,3,1408,1326
105585214814,105585214819,5,1632,1296
105586427610,105586427603,-7,1140,3725
105589854835,105589854830,-5,964,3009
105591641258,105591641262,4,2241,1172
105592820725,105592820730,5,2385,1283
105596752898,105596752902,4,2371,1751
105598250131,105598250135,4,1478,1145
105599292335,105599292338,3,1851,1177
105599511733,105599511718,-15,2205,1403
105600384607,105600384611,4,1612,974
105602791554,105602791549,-5,919,2633
105603277429,105603277451,22,901,1043
105606078519,105606078525,6,1790,924
105606731105,105606731110,5,1897,1207
105610432537,105610432542,5,1027,841
105613574202,105613574203,1,1437,1436
105614509129,105614509131,2,1461,671
105617252935,105617252939,4,2245,1875
105618051034,105618051039,5,2141,1400
105621454862,105621454867,5,2192,1909
105621977561,105621977568,7,1836,1100
105624555708,105624555714,6,2221,975
105624607056,105624607061,5,3345,1634
105624886995,105624886999,4,2510,1663
105627323354,105627323357,3,1916,1117
105627576467,105627576487,20,1171,1462
105627612479,105627612461,-18,2234,1106
105631520769,105631520762,-7,1095,4599
105631601911,105631601915,4,1286,875
105642711423,105642711426,3,2661,1360
105644205599,105644205602,3,1685,1530
105645694533,105645694537,4,2347,1512
105649985795,105649985799,4,1643,911
105650041645,105650041650,5,2935,1771
105651709874,105651709878,4,1857,1202
105654566577,105654566580,3,1479,1735
105660392421,105660392422,1,1589,1169
105661248323,105661248328,5,2596,1609
105661810229,105661810234,5,1348,1088
105663332620,105663332626,6,1505,1253
105664070668,105664070673,5,2282,1302
105669385502,105669385504,2,1968,1293
105670640891,105670640896,5,2935,1586
105674353250,105674353256,6,3072,1038
105675899385,105675899407,22,1609,756
105676491474,105676491478,4,1772,1103
105678850077,105678850082,5,2277,1287
105680936515,105680936518,3,3027,1716
105683083709,105683083711,2,1423,1009
105683452434,105683452438,4,1625,1311
105683810508,105683810512,4,1490,1357
105684569336,105684569318,-18,2299,800
105684617922,105684617927,5,1238,1257
105688654109,105688654112,3,2083,1433
105695591002,105695591008,6,2575,1718
105697989112,105697989114,2,1771,1330
105699166545,105699166550,5,1907,1896
105700552787,105700552793,6,1688,944
105704160551,105704160547,-4,2314,7239
105708339898,105708339900,2,1552,1367
105709241634,105709241639,5,1969,1359
105711555035,105711555027,-8,7,921
105717019251,105717019241,-10,1777,25037
105717345107,105717345111,4,1864,1074
105717445479,105717445482,3,1792,1656
105717926729,105717926735,6,2357,1062
105721178219,105721178224,5,1524,982
105732769961,105732769966,5,3079,1732
105735415571,105735415574,3,1740,1565
105737348954,105737348958,4,2067,1516
105739349232,105739349237,5,2425,1504
105744840792,105744840796,4,1855,1369
105753113594,105753113588,-6,1022,2365
105754078320,105754078326,6,2773,1381
105755532623,105755532627,4,2401,1249
105757782646,105757782650,4,1848,1247
105760345209,105760345211,2,1711,1046
105761902970,105761902970,0,1024,1835
105763375597,105763375601,4,1369,1076
105770344661,105770344664,3,2060,1938
105770821677,105770821682,5,2129,1563
105771630852,105771630859,7,1961,946
105774886495,105774886499,4,2558,1015
105775705332,105775705338,6,2657,891
105783644242,105783644246,4,1275,1434
105783995070,105783995074,4,1727,1390
105791075339,105791075344,5,1157,1104
105793202323,105793202327,4,1558,856
105794038115,105794038125,10,1987,1231
105796689965,105796689967,2,1666,1393
105800499166,105800499169,3,2924,1443
105801970463,105801970467,4,2695,1670
105802500239,105802500243,4,1465,1230
105805390425,105805390425,0,1696,1761
105806037020,105806037023,3,1538,964
105809581195,105809581197,2,1545,1637
105813514359,105813514363,4,2012,1256
105816190278,105816190274,-4,1259,3354
105821927764,105821927767,3,2142,1403
105826032463,105826032467,4,1970,1037
105826973003,105826973009,6,1293,1480
105832415266,105832415270,4,1703,870
105833565888,105833565893,5,2039,1059
105834755441,105834755436,-5,1035,4130
105835114366,105835114370,4,2532,1504
105839950389,105839950394,5,2000,1459
105840750876,105840750877,1,1479,1268
105844877641,105844877648,7,2254,1394
105847718218,105847718221,3,2014,1340
105850890276,105850890279,3,1939,832
105856442439,105856442443,4,2044,1552
105858791945,105858791949,4,2287,1040
105859673419,105859673422,3,1384,677
105863226017,105863226033,16,1621,1147
105874753804,105874753807,3,1457,1024
105877974522,105877974527,5,2020,1132
105878408168,105878408175,7,2432,1344
105881934114,105881934119,5,2002,967
105882918738,105882918742,4,1861,992
105884200086,105884200091,5,2401,1465
105887226137,105887226141,4,1587,1161
105890187152,105890187154,2,1799,1029
105891455233,105891455237,4,2464,1614
105891952606,105891952607,1,867,589
105894090755,105894090754,-1,757,1159
105897169318,105897169326,8,2605,1506
105897386002,105897386022,20,1417,1092
105898165956,105898165962,6,2812,1621
105900271730,105900271735,5,1617,1095
105901357958,105901357959,1,1300,1336
105906013600,105906013605,5,1868,1670
105910104591,105910104595,4,2166,1676
105910982025,105910982029,4,1549,1499
105911033409,105911033414,5,2190,1420
105911068255,105911068237,-18,795,392
105912505626,105912505630,4,1863,1357
105913800135,105913800139,4,1699,1299
105914456187,105914456192,5,1697,1093
105916903270,105916903274,4,2319,1793
105918623713,105918623717,4,2435,1311
105919073915,105919073921,6,2437,1300
105923902221,105923902221,0,1911,1784
105925069567,105925069569,2,1888,1373
105925608254,105925608258,4,1839,1944
105927104610,105927104613,3,1982,1659
105928237239,105928237256,17,36179,31874
105937848750,105937848754,4,1833,1589
105938746947,105938746950,3,2708,1740
105939789378,105939789382,4,2252,1424
105945125943,105945125947,4,2242,2031
105945709508,105945709510,2,1692,1529
105946091430,105946091434,4,2615,1662
105948191591,105948191585,-6,1619,6291
105949382947,105949382951,4,1626,750
105950767151,105950767153,2,1427,539
105953011691,105953011696,5,3255,1158
105955252848,105955252852,4,1918,1372
105955521268,105955521260,-8,1078,1576
105956461161,105956461165,4,2028,1678
105957122731,105957122737,6,1875,1431
105958245120,105958245124,4,2969,1522
105962448289,105962448293,4,2153,1263
105967178874,105967178869,-5,918,3499
105968863752,105968863754,2,1792,1748
105973235433,105973235437,4,2417,1087
105974496616,105974496619,3,1886,654
105978129211,105978129216,5,1635,1268
105979933395,105979933399,4,1602,1192
105987120698,105987120702,4,1503,997
105988463125,105988463127,2,1734,1209
105989098772,105989098778,6,1913,997
105990124018,105990124023,5,2337,1104
105991144334,105991144343,9,1471,974
105992956686,105992956690,4,2276,1519
105993238326,105993238331,5,2404,1784
105994568582,105994568586,4,1283,1412
105999239714,105999239719,5,1800,981
105999637463,105999637471,8,1973,956
106000688809,106000688814,5,3411,1081
106006573865,106006573870,5,2458,1577
106009162533,106009162536,3,1663,1356
106016579340,106016579344,4,1818,1095
106016818334,106016818339,5,2255,1924
106024961049,106024961049,0,9123,12344
106025170790,106025170795,5,2233,1340
106025725407,106025725407,0,1436,1775
106028982880,106028982883,3,1306,1131
106031979956,106031979953,-3,921,2799
106034863326,106034863331,5,2478,1012
106040505919,106040505923,4,2016,1714
106041763630,106041763634,4,1813,1480
106042413171,106042413173,2,2859,1932
106044500990,106044500994,4,1519,1048
106044574798,106044574802,4,1857,1003
106050667793,106050667797,4,1715,757
106051532055,106051532057,2,1342,1083
106052056165,106052056159,-6,1127,5700
106057645475,106057645478,3,1045,722
106058255058,106058255068,10,2030,1362
106061145883,106061145884,1,1817,2025
106064330906,106064330909,3,2481,1043
106064660404,106064660407,3,1581,1461
106065057358,106065057363,5,1782,915
106066056230,106066056234,4,1927,1795
106068539291,106068539295,4,1867,1065
106068641778,106068641800,22,1439,946
106068939004,106068939007,3,1658,1164
106070086949,106070086955,6,1627,881
106076633351,106076633355,4,1874,1489
106079164044,106079164048,4,2406,1693
106083299248,106083299254,6,3675,1541
106084558784,106084558789,5,1654,1132
106086024958,106086024973,15,739,84
106091158638,106091158642,4,1528,1512
106094381473,106094381478,5,2623,1658
106095331657,106095331659,2,1471,1034
106096551029,106096551035,6,1722,1716
106096985072,106096985074,2,2745,1306
106097870609,106097870610,1,2235,1988
106098498466,106098498470,4,2375,1116
106098958706,106098958711,5,1457,1087
106101309660,106101309667,7,1462,855
106105479157,106105479161,4,2209,1292
106109308691,106109308697,6,3074,1777
106110705663,106110705660,-3,1227,2784
106111864304,106111864310,6,1978,964
106115374094,106115374102,8,984,909
106117382595,106117382598,3,1940,1554
106118466830,106118466833,3,1631,967
106127404613,106127404618,5,1377,922
106133758235,106133758239,4,2009,1293
106137045917,106137045916,-1,27901,21048
106137488837,106137488838,1,1961,1444
106141187273,106141187277,4,2363,1373
106145086542,106145086545,3,1905,1436
106150457259,106150457261,2,1440,1370
106152557225,106152557230,5,1686,911
106153124246,106153124250,4,1492,1192
106153483949,106153483954,5,1671,1440
106153998171,106153998150,-21,1413,1050
106155922338,106155922342,4,1487,1390
106157533052,106157533057,5,2660,1581
106159112320,106159112323,3,2697,2116
106159209442,106159209445,3,1786,1461
106169137997,106169138000,3,1672,1277
106172365247,106172365250,3,1448,723
106175190031,106175190035,4,1763,957
106175454381,106175454390,9,2187,1332
106176154390,106176154398,8,2193,1308
106178437621,106178437622,1,2030,1268
106179676137,106179676142,5,1455,1064
106180189075,106180189080,5,1562,1167
106182618384,106182618389,5,1991,1487
106189433806,106189433809,3,1504,1219
106190176226,106190176245,19,1447,1036
106202821687,106202821691,4,1826,1108
106203883050,106203883054,4,2118,1147
106204543545,106204543552,7,4928,2855
106207391467,106207391471,4,1480,1089
106210833755,106210833758,3,2344,1392
106210881549,106210881551,2,1604,1370
106216872915,106216872921,6,1804,813
106217727904,106217727907,3,2343,1276
106219959258,106219959263,5,1568,639
106220372284,106220372289,5,3026,1436
106224483594,106224483592,-2,1497,3023
106224886429,106224886434,5,2772,1394
106225766308,106225766311,3,1827,977
106232815186,106232815189,3,2058,1621
106239889674,106239889679,5,2598,1016
106240738063,106240738066,3,1118,1070
106241740891,106241740895,4,1181,1297
106243954453,106243954458,5,1472,1478
106246073839,106246073846,7,1915,983
106246154049,106246154029,-20,1643,749
106249150515,106249150519,4,1776,1102
106249469110,106249469118,8,1883,1161
106250734934,106250734940,6,1715,1075
106254259494,106254259498,4,2536,1263
106261766400,106261766403,3,2248,1899
106262278191,106262278194,3,2091,1471
106274394946,106274394935,-11,1105,768
106279051028,106279051031,3,2108,1709
106285996635,106285996638,3,2260,1530
106288138257,106288138261,4,1913,1407
106288234309,106288234314,5,1828,1354
106290267122,106290267125,3,2346,1291
106292162710,106292162713,3,2371,1304
106293763894,106293763897,3,2276,1147
106295393145,106295393146,1,1943,2220
106300504816,106300504822,6,5191,1476
106300939941,106300939939,-2,1323,2457
106306784166,106306784171,5,2617,1560
106308024958,106308024963,5,1216,1036
106309724742,106309724746,4,2026,1275
106311314134,106311314138,4,1619,962
106312995339,106312995343,4,1997,1197
106313810131,106313810138,7,704,919
106316061198,106316061203,5,1669,1392
106318435599,106318435602,3,1630,1272
106319268017,106319268019,2,1650,1936
106321472121,106321472118,-3,1365,2022
106323094095,106323094099,4,3344,1372
106329596966,106329596972,6,1505,1227
106330707296,106330707299,3,1902,1117
106333427063,106333427068,5,1713,1458
106336631793,106336631797,4,1728,1687
106337435717,106337435721,4,2143,1367
106337517131,106337517135,4,11128,8165
106337638509,106337638509,0,2183,1455
106338990246,106338990249,3,1442,1630
106339754157,106339754142,-15,2493,1532
106339968302,106339968305,3,2265,1738
106340228479,106340228482,3,1831,1477
106342747133,106342747137,4,1570,1606
106343439676,106343439682,6,1807,784
106350469042,106350469046,4,1347,1463
106351774169,106351774171,2,1774,1328
106353536838,106353536842,4,2724,1468
106363842737,106363842741,4,2325,1314
106369762506,106369762510,4,1931,1570
106369966187,106369966191,4,1899,1661
106373282823,106373282828,5,2469,1452
106380970679,106380970662,-17,2667,1179
106382321768,106382321771,3,1567,1148
106384990107,106384990111,4,2552,1256
106390072074,106390072079,5,2581,1495
106391717239,106391717245,6,2231,1027
106396525358,106396525363,5,2071,1511
106397378581,106397378586,5,2304,1605
106398739574,106398739576,2,1688,1693
106402579473,106402579478,5,1703,1402
106402664617,106402664607,-10,872,517
106402893321,106402893326,5,2199,1331
106403462772,106403462777,5,1555,973
106406602993,106406602998,5,1421,1334
106407028472,106407028468,-4,5056,11417
106415093431,106415093434,3,2037,1236
106416312906,106416312902,-4,1159,3325
106421668027,106421668031,4,1436,1245
106426818110,106426818114,4,1872,1560
106428040674,106428040677,3,1799,1101
106430913085,106430913088,3,1910,1102
106432341354,106432341359,5,2641,1616
106436462346,106436462350,4,3016,1938
106438509395,106438509399,4,2117,1300
106441934116,106441934119,3,1536,854
106442615898,106442615900,2,9084,6983
106445165541,106445165546,5,2083,1254
106448152568,106448152571,3,1510,1514
106449068731,106449068734,3,2474,1401
106450046270,106450046287,17,578,101
106451070182,106451070182,0,1166,922
106452795205,106452795207,2,1232,1559
106453335066,106453335066,0,6362,7153
106455505392,106455505393,1,2065,2038
106460507270,106460507274,4,2161,1119
106461732538,106461732543,5,2042,1104
106465919212,106465919215,3,1563,1467
106476334557,106476334561,4,1867,1076
106478098558,106478098563,5,1474,838
106483766787,106483766793,6,1939,1308
106484223859,106484223871,12,1641,929
106484575609,106484575589,-20,1940,1113
106487439544,106487439547,3,1505,954
106488048666,106488048668,2,1013,1681
106489446617,106489446621,4,2645,1576
106489787645,106489787649,4,1924,1350
106494975243,106494975247,4,2310,1059
106499916378,106499916382,4,1985,934
106500400295,106500400299,4,1571,1270
106502135174,106502135178,4,1335,1179
106503481130,106503481134,4,1984,1132
106506632705,106506632710,5,2477,1263
106509126427,106509126431,4,1272,1492
106510806338,106510806342,4,2450,2177
106515949306,106515949308,2,1730,2204
106521068246,106521068250,4,1956,1179
106523388230,106523388236,6,2569,1804
106523493890,106523493909,19,2227,1585
106523557225,106523557245,20,2412,1451
106525033808,106525033813,5,1512,825
106528443647,106528443653,6,1929,1565
106528747249,106528747254,5,2505,1199
106528832717,106528832721,4,1807,1010
106531061966,106531061971,5,1531,1334
106533167418,106533167423,5,2329,1267
106534676889,106534676902,13,2040,1422
106535242526,106535242509,-17,811,550
106535962646,106535962638,-8,1042,965
106539076382,106539076386,4,2064,1392
106539118854,106539118859,5,1928,1706
106539903327,106539903332,5,1879,1929
106540680815,106540680822,7,2185,1123
106542131042,106542131048,6,2620,1563
106542412137,106542412141,4,3588,1487
106543069629,106543069634,5,2332,2089
106544007925,106544007929,4,2178,1656
106544313973,106544313978,5,2277,1121
106546195154,106546195158,4,2099,1421
106546670836,106546670839,3,1535,1087
106553371346,106553371349,3,2695,1536
106561190072,106561190086,14,304,1944
106561258848,106561258852,4,2886,1159
106562501808,106562501813,5,1713,1533
106565867031,106565867036,5,2455,1580
106566327587,106566327590,3,1723,1915
106566667858,106566667862,4,1360,1391
106566784269,106566784285,16,2061,1202
106568711990,106568711994,4,2519,1503
106572490598,106572490602,4,1923,1619
106575850829,106575850833,4,2159,1428
106585981077,106585981079,2,2411,1690
106587732713,106587732718,5,1705,1000
106594005549,106594005554,5,1591,1219
106599105689,106599105695,6,2970,1430
106600797517,106600797519,2,1931,1385
106601476180,106601476186,6,2055,1626
106603879381,106603879386,5,1537,1319
106609692757,106609692762,5,2342,1317
106613633360,106613633363,3,2671,1198
106617918170,106617918175,5,1956,1001
106622054523,106622054529,6,2301,1121
106627860462,106627860468,6,2342,1461
106628443798,106628443802,4,1876,1025
106629467411,106629467410,-1,1647,2706
106635013043,106635013046,3,2282,1513
106638343860,106638343862,2,1572,1049
106639086866,106639086869,3,1523,985
106644459072,106644459071,-1,5685,11367
106645042970,106645042974,4,1393,1336
106652103637,106652103642,5,1896,1428
106656321237,106656321243,6,2012,1383
106658087434,106658087438,4,1691,1243
106663738478,106663738483,5,2160,1447
106666242107,106666242111,4,2083,1275
106666593537,106666593542,5,2027,1195
106667293762,106667293740,-22,2429,1227
106669167462,106669167465,3,2360,1107
106671959522,106671959525,3,1983,1647
106673559429,106673559432,3,1803,1393
106676001601,106676001606,5,3093,1124
106685699230,106685699236,6,3163,1384
106686146922,106686146926,4,2313,1358
106689825655,106689825654,-1,1010,1508
106691235183,106691235187,4,1395,1162
106691917622,106691917629,7,2108,1298
106693892384,106693892389,5,1756,1285
106694251966,106694251983,17,2707,1371
106695261017,106695261022,5,2502,1181
106696513918,106696513924,6,2590,1802
106698699366,106698699369,3,1310,1152
106700838018,106700838023,5,1633,1273
106704716275,106704716279,4,2588,1237
106704892565,106704892570,5,1982,947
106706798970,106706798974,4,2416,1164
106708936613,106708936620,7,5470,1637
106709445389,106709445392,3,2299,2203
106710655133,106710655138,5,1489,1238
106710919510,106710919492,-18,1100,554
106713209862,106713209843,-19,1193,2092
106715424601,106715424606,5,1911,1671
106718279674,106718279678,4,1601,1094
106719129149,106719129151,2,1722,1269
106720188706,106720188710,4,1727,1440
106722422371,106722422374,3,1176,899
106725700442,106725700448,6,1677,933
106727813872,106727813875,3,2366,1439
106728687125,106728687127,2,1581,988
106729390650,106729390655,5,1682,1228
106729633246,106729633245,-1,12307,17875
106731544030,106731544034,4,2122,1372
106732663549,106732663554,5,1748,1341
106733541878,106733541879,1,3261,3237
106735015965,106735015967,2,1603,1121
106735314966,106735314969,3,2193,1816
106735708026,106735708033,7,12641,19621
106739399537,106739399540,3,2309,1620
106739571858,106739571859,1,1454,1743
106743097557,106743097561,4,1838,1722
106743132636,106743132637,1,2965,3660
106743300181,106743300183,2,1675,1264
106744803165,106744803169,4,1897,1524
106746139798,106746139802,4,2976,1485
106746826525,106746826527,2,2027,1202
106752161446,106752161450,4,1745,1138
106754198146,106754198141,-5,1137,3429
106754996349,106754996349,0,1205,1976
106756834436,106756834439,3,1813,1784
106757029391,106757029375,-16,1723,1345
106759906406,106759906411,5,2168,1105
106763667293,106763667299,6,2748,1565
106766935621,106766935623,2,2052,2029
106774153541,106774153539,-2,8455,10876
106774925945,106774925949,4,1417,1505
106778612330,106778612337,7,3122,1539
106779283638,106779283641,3,1439,1440
106781376686,106781376690,4,2575,1793
106782108018,106782108023,5,1710,1277
106783245374,106783245380,6,2392,1298
106783282434,106783282414,-20,625,142
106784556875,106784556878,3,1349,1171
106792986314,106792986317,3,1476,1718
106796111686,106796111693,7,1515,904
106799261806,106799261811,5,1879,1333
106799875686,106799875703,17,2440,871
106801683873,106801683877,4,2280,1163
106803116625,106803116630,5,2091,1174
106804194166,106804194171,5,1820,1620
106804287474,106804287478,4,1163,749
106808184978,106808184982,4,1647,1002
106809016806,106809016810,4,2385,1200
106810661859,106810661864,5,1982,934
106813738638,106813738643,5,2178,762
106814756917,106814756922,5,1884,1164
106818876706,106818876710,4,1757,897
106821494041,106821494034,-7,3037,11711
106821788649,106821788654,5,3054,1449
106821889771,106821889779,8,1272,1118
106826800513,106826800517,4,3593,2266
106827160980,106827160982,2,1728,1788
106828605828,106828605832,4,22053,35198
106829325078,106829325081,3,1715,1425
106831147118,106831147113,-5,1091,2538
106831308701,106831308703,2,2111,1164
106834502035,106834502040,5,2211,883
106837145683,106837145687,4,1666,1339
106839945246,106839945249,3,1408,1385
106842218408,106842218415,7,2188,1124
106842459009,106842459014,5,2212,1357
106847570986,106847570990,4,1548,1469
106848990065,106848990069,4,2244,1287
106853159852,106853159857,5,2119,1356
106853675176,106853675180,4,1559,1223
106854984581,106854984585,4,5273,2726
106860601283,106860601262,-21,2193,1432
106863496338,106863496343,5,1697,1044
106865244906,106865244910,4,1521,1276
106865376557,106865376559,2,2170,1161
106869719566,106869719570,4,1781,1588
106872907662,106872907667,5,1834,1080
106874672519,106874672523,4,1537,849
106880219166,106880219170,4,2505,1660
106883288087,106883288091,4,2029,1860
106886019084,106886019090,6,7440,1637
106886102161,106886102166,5,1605,1000
106890621558,106890621563,5,1604,1463
106892164715,106892164709,-6,1518,8396
106894310487,106894310486,-1,1566,1762
106895122341,106895122345,4,1515,1279
106897256900,106897256890,-10,18,877
106899274787,106899274794,7,1419,1037
106900627802,106900627806,4,3082,1226
106901621786,106901621790,4,1805,1281
106903664584,106903664589,5,1635,1009
106906506899,106906506906,7,1972,1809
106909430405,106909430414,9,10157,38897
106914193448,106914193451,3,1585,1104
106918122369,106918122368,-1,1454,1258
106921053170,106921053175,5,2431,1255
106921148628,106921148631,3,1723,1143
106926366458,106926366451,-7,1369,5496
106928251164,106928251169,5,1607,664
106929474354,106929474358,4,2114,1286
106931212001,106931212006,5,2394,1477
106936738670,106936738676,6,17139,26623
106936867142,106936867149,7,2308,1276
106937641829,106937641833,4,2529,1460
106938028989,106938028985,-4,2163,5854
106938911469,106938911470,1,1421,1237
106942825467,106942825469,2,1294,964
106943783123,106943783127,4,1863,1318
106944027095,106944027099,4,2498,1283
106945062150,106945062154,4,1983,1565
106948580442,106948580447,5,1714,1192
106954773328,106954773330,2,2079,1977
106956142467,106956142465,-2,1184,2282
106956826213,106956826215,2,1719,1029
106959454239,106959454242,3,1140,714
106959867913,106959867918,5,2721,1563
106960570295,106960570297,2,1624,1711
106962332833,106962332833,0,1777,1533
106962734262,106962734267,5,2145,949
106963291365,106963291367,2,2121,1274
106967453980,106967453981,1,971,856
106967756534,106967756539,5,1310,1033
106968004121,106968004126,5,2506,1312
106971768952,106971768958,6,3221,1003
106974363373,106974363375,2,1765,1087
106976794075,106976794079,4,1755,1230
106978292886,106978292889,3,2388,1297
106980641582,106980641583,1,1662,1153
106981155010,106981155015,5,2148,1209
106981587664,106981587662,-2,1131,1902
106982559216,106982559221,5,2161,1570
106984948022,106984948026,4,1031,433
106988178643,106988178646,3,1636,1540
106994025483,106994025485,2,1824,1132
106994176048,106994176053,5,2692,1611
106995079549,106995079550,1,1047,1230
106997320474,106997320478,4,2314,1518
107001754149,107001754155,6,2695,1261
107002105571,107002105578,7,2791,843
107005373561,107005373566,5,2702,1733
107005925283,107005925287,4,1280,618
107007570906,107007570910,4,1996,1003
107013137985,107013137990,5,2004,1185
107013279441,107013279444,3,2274,1163
107013509538,107013509534,-4,1106,2122
107015493086,107015493091,5,1538,915
107017552053,107017552058,5,1612,1045
107018204449,107018204454,5,2145,1629
107021441155,107021441154,-1,2028,3621
107021819063,107021819075,12,1972,1105
107025020450,107025020453,3,1975,1436
107025898673,107025898679,6,1907,1108
107030797488,107030797487,-1,1768,908
107033915497,107033915502,5,1978,1314
107034281034,107034281038,4,2059,1737
107036239121,107036239128,7,5208,2274
107037504295,107037504298,3,1452,1212
107039234382,107039234386,4,2457,1792
107040807001,107040807005,4,2745,2228
107046246157,107046246162,5,1859,1452
107048317983,107048317987,4,2148,1606
107048379494,107048379495,1,1800,1549
107052242319,107052242321,2,1796,1129
107053124235,107053124237,2,1726,968
107056198710,107056198712,2,1330,1204
107056598342,107056598346,4,1183,802
107066315999,107066316003,4,1565,1379
107072895515,107072895518,3,2055,1503
107073238326,107073238327,1,1346,1443
107076532864,107076532869,5,1407,998
107076976450,107076976454,4,2669,1797
107085514067,107085514071,4,1394,885
107087823417,107087823422,5,1276,833
107089444533,107089444537,4,2077,1536
107092200997,107092201002,5,1796,1401
107093553953,107093553957,4,2490,1849
107094017099,107094017103,4,3701,2240
107094160309,107094160314,5,2439,1244
107095286332,107095286334,2,1665,1447
107097285669,107097285674,5,1769,1628
107097425897,107097425903,6,1935,895
107098672408,107098672413,5,2708,1895
107100853935,107100853938,3,1742,1437
107102282825,107102282831,6,2873,1532
107104070246,107104070249,3,1773,1124
107107184450,107107184454,4,1893,1040
107108190329,107108190333,4,1843,1310
107113890274,107113890278,4,2428,1427
107114660812,107114660817,5,1814,1565
107115987103,107115987122,19,450,1660
107118540907,107118540910,3,1116,1141
107121366553,107121366559,6,1873,1177
107123238117,107123238120,3,1548,1553
107125864659,107125864663,4,1704,1258
107126035825,107126035830,5,2532,1157
107126378754,107126378760,6,4393,3011
107127677486,107127677490,4,1553,677
107128510672,107128510695,23,1962,869
107131237517,107131237522,5,2795,1275
107133498894,107133498898,4,1673,1363
107136697514,107136697519,5,1580,1352
107139176563,107139176567,4,1505,2104
107141098341,107141098345,4,2261,1360
107142665767,107142665773,6,2427,1520
107144273090,107144273096,6,1781,1345
107145487142,107145487146,4,2709,1277
107150528557,107150528562,5,1685,1270
107156652626,107156652629,3,3027,1706
107158693830,107158693834,4,1443,879
107163093793,107163093795,2,1524,845
107163990462,107163990466,4,2145,1425
107165215652,107165215654,2,2312,1203
107167446227,107167446230,3,1193,1066
107169979015,107169979018,3,2570,1279
107184591024,107184591029,5,1817,1526
107185141644,107185141650,6,1681,1532
107186043962,107186043965,3,2103,894
107192074992,107192074995,3,1897,1368
107193779362,107193779362,0,2011,1648
107199244938,107199244942,4,1746,1221
107199563657,107199563660,3,1966,1167
107200468296,107200468301,5,2465,1529
107202578845,107202578850,5,1586,1017
107205435578,107205435583,5,1546,1196
107206993543,107206993547,4,2327,1683
107214256961,107214256962,1,1850,1332
107214534885,107214534890,5,1889,1347
107215029568,107215029563,-5,2098,7196
107216433689,107216433694,5,1605,797
107216747984,107216747988,4,1387,1296
107219409546,107219409551,5,2135,1109
107220542637,107220542639,2,1824,1619
107220915662,107220915669,7,2098,1156
107224041130,107224041134,4,2173,1187
107224793399,107224793395,-4,783,2978
107225649178,107225649183,5,1697,1181
107227525977,107227525982,5,1987,1154
107231360216,107231360220,4,2029,1394
107234339759,107234339765,6,1940,1310
107236748117,107236748119,2,958,845
107237819206,107237819211,5,1877,1276
107240414214,107240414220,6,1693,1095
107245937361,107245937368,7,15933,17874
107248515306,107248515313,7,4482,1655
107250379923,107250379926,3,2423,1304
107252160499,107252160503,4,2062,1283
107254468302,107254468307,5,1442,1083
107254523103,107254523110,7,2298,1210
107254790129,107254790112,-17,1578,950
107256139593,107256139597,4,1086,778
107260324454,107260324457,3,1091,775
107260992909,107260992915,6,1905,1644
107265029213,107265029218,5,2101,1537
107265970118,107265970122,4,1864,1650
107268142447,107268142448,1,2270,1397
107268689287,107268689290,3,1401,1388
107274822811,107274822814,3,1883,1217
107276335805,107276335810,5,2054,973
107277822738,107277822743,5,2776,1502
107277908428,107277908445,17,2094,1473
107278089054,107278089057,3,1961,1551
107278530439,107278530443,4,2479,1397
107280059659,107280059662,3,1257,1088
107280107495,107280107498,3,2219,1772
107280374507,107280374511,4,1041,1165
107281156071,107281156076,5,1953,1285
107282018658,107282018663,5,2127,1008
107282191608,107282191630,22,836,886
107285128602,107285128606,4,2746,1692
107286574731,107286574737,6,1653,1273
107290614513,107290614514,1,2563,1908
107293702876,107293702879,3,1705,1454
107295170109,107295170112,3,1975,941
107295450828,107295450831,3,974,1253
107296138565,107296138569,4,2489,1517
107298536226,107298536231,5,1658,1181
107307823726,107307823730,4,1978,1323
107308963852,107308963856,4,2588,1681
107311470413,107311470418,5,2028,1089
107312169887,107312169891,4,2210,1030
107316914089,107316914076,-13,1141,585
107317775216,107317775218,2,1783,1653
107318185966,107318185973,7,2988,1461
107322476536,107322476539,3,1799,886
107323054623,107323054628,5,2503,1535
107326385530,107326385536,6,2756,1070
107326690298,107326690306,8,2395,1490
107331808043,107331808046,3,1188,1350
107336937497,107336937501,4,1247,1014
107337634956,107337634962,6,2595,1234
107337662491,107337662493,2,1368,878
107340085170,107340085175,5,1528,1111
107342115697,107342115701,4,1712,1402
107342445572,107342445576,4,2173,1784
107342514442,107342514445,3,1449,1086
107343215360,107343215363,3,1715,1100
107345889699,107345889702,3,1231,921
107347239926,107347239930,4,2084,1232
107349085681,107349085683,2,1383,958
107350605991,107350605996,5,1785,1433
107352633861,107352633864,3,1561,1250
107354598879,107354598882,3,2764,1545
107355361716,107355361719,3,2161,1253
107358909311,107358909315,4,1703,928
107359987089,107359987093,4,2885,1798
107360070003,107360070006,3,1530,1040
107361509738,107361509741,3,2733,2031
107361715394,107361715399,5,1864,1284
107365488185,107365488189,4,1580,1258
107369131698,107369131708,10,1827,1161
107373558783,107373558787,4,1100,767
107375916324,107375916325,1,2082,1504
107376320101,107376320105,4,1853,1045
107376823670,107376823673,3,2520,1843
107382129617,107382129620,3,1662,1146
107382272825,107382272806,-19,1925,657
107384430517,107384430509,-8,775,5118
107388035162,107388035166,4,2036,1154
107392151413,107392151417,4,1767,1451
107395324073,107395324078,5,1981,1254
107395915842,107395915846,4,2361,1085
107399221441,107399221438,-3,1698,1260
107399684082,107399684061,-21,1344,1118
107399959274,107399959285,11,2313,1257
107402240071,107402240073,2,779,648
107404072502,107404072498,-4,861,3393
107407418846,107407418850,4,2617,1238
107408692610,107408692614,4,2223,972
107410906869,107410906873,4,1837,1782
107412754623,107412754624,1,1023,1288
107415511663,107415511657,-6,1835,5289
107422219748,107422219766,18,1522,1388
107423420765,107423420759,-6,1675,6168
107425254783,107425254786,3,2196,986
107425325483,107425325463,-20,1727,1589
107430520141,107430520142,1,1061,1328
107431092372,107431092377,5,1897,1436
107434606829,107434606822,-7,909,8371
107434691106,107434691109,3,1556,2066
107438014042,107438014046,4,2776,1366
107438139198,107438139202,4,2843,1682
107440380657,107440380659,2,2081,1120
107441434779,107441434782,3,1670,1118
107441633914,107441633916,2,1477,1312
107441677397,107441677402,5,2187,1538
107444192399,107444192403,4,2156,1737
107444628413,107444628417,4,1911,1223
107447659855,107447659859,4,2291,1251
107448774562,107448774551,-11,14568,27881
107450668913,107450668918,5,1386,696
107451442605,107451442609,4,1721,1235
107454143657,107454143662,5,2361,888
107454383753,107454383757,4,2296,1520
107461056428,107461056435,7,2603,1574
107461237433,107461237413,-20,2236,1167
107462551750,107462551731,-19,881,682
107462663961,107462663962,1,1729,1716
107468542205,107468542211,6,2546,1132
107475063789,107475063795,6,2792,1935
107476410434,107476410435,1,1587,1252
107478477238,107478477242,4,1564,1103
107480516973,107480516983,10,13129,33718
107481242681,107481242685,4,1837,1268
107484757474,107484757477,3,2360,1660
107484842067,107484842070,3,1725,1473
107485910627,107485910620,-7,767,71
107485977217,107485977198,-19,1501,870
107489447786,107489447775,-11,277,1208
107491075686,107491075690,4,2010,1639
107497257438,107497257443,5,2408,1565
107500248031,107500248035,4,1465,1122
107504329149,107504329151,2,1569,981
107511003635,107511003638,3,2137,1627
107514409523,107514409526,3,1896,1180
107515719027,107515719031,4,1957,1280
107516047294,107516047300,6,1375,1041
107516614766,107516614772,6,2982,1176
107517246402,107517246409,7,2400,1400
107518803422,107518803427,5,1948,1010
107521446412,107521446416,4,1812,1344
107523806945,107523806950,5,2463,1008
107526896885,107526896889,4,2231,1900
107527039685,107527039682,-3,1328,2692
107527787422,107527787426,4,1345,991
107532008179,107532008184,5,2398,1515
107532226144,107532226146,2,1776,890
107535460279,107535460283,4,1235,969
107539700838,107539700842,4,1567,1290
107542031273,107542031275,2,1881,1365
107546366925,107546366930,5,2247,1426
107550031851,107550031851,0,2085,1961
107551676680,107551676681,1,1553,1111
107554359258,107554359263,5,1625,1101
107556471757,107556471762,5,1805,1116
107560530079,107560530083,4,2186,1556
107568109056,107568109062,6,1899,1424
107569348403,107569348398,-5,1246,1414
107572045465,107572045466,1,1366,1203
107574174903,107574174900,-3,2165,5180
107577133967,107577133970,3,1979,1266
107579500318,107579500322,4,1599,1485
107580021472,107580021474,2,1284,935
107583978186,107583978192,6,2095,1519
107584029615,107584029619,4,2559,1237
107587602266,107587602270,4,1890,1038
107592662965,107592662970,5,1652,1291
107593169317,107593169322,5,2361,1486
107594641347,107594641351,4,1286,882
107596495112,107596495117,5,1663,934
107596967654,107596967661,7,6815,2637
107599665476,107599665478,2,2139,1255
107601612455,107601612460,5,2664,1721
107602962609,107602962615,6,2653,1131
107607905767,107607905771,4,1506,1201
107611487559,107611487562,3,2185,1261
107615176417,107615176423,6,2163,1185
107615353908,107615353913,5,2000,910
107616556930,107616556934,4,1532,1180
107619323820,107619323822,2,2048,1375
107619753898,107619753903,5,1986,1815
107620309189,107620309195,6,1229,759
107628499035,107628499039,4,1526,886
107632146103,107632146109,6,2592,1181
107637503463,107637503467,4,1773,1458
107638647257,107638647262,5,3766,1515
107639041885,107639041888,3,2733,1481
107639135458,107639135462,4,1995,1569
107639671565,107639671562,-3,925,3356
107648009006,107648009011,5,2432,1982
107649861642,107649861646,4,2658,1282
107658069554,107658069557,3,1300,1058
107660049269,107660049274,5,2909,2103
107660754463,107660754470,7,1716,1549
107661588112,107661588116,4,2934,1334
107662306569,107662306573,4,1377,606
107663211130,107663211131,1,1495,1219
107665672473,107665672478,5,1843,1467
107668155583,107668155587,4,1575,1225
107669444665,107669444670,5,1734,1278
107669796254,107669796238,-16,53857,12419
107671221382,107671221383,1,689,190
107673079974,107673079978,4,2113,1166
107673382929,107673382935,6,823,608
107678339930,107678339935,5,1731,1107
107678578536,107678578541,5,2430,1427
107679004487,107679004492,5,1965,1503
107679840109,107679840115,6,2418,1642
107680778111,107680778115,4,1006,1108
107681715478,107681715461,-17,803,2419
107685775695,107685775699,4,2624,2033
107686297567,107686297570,3,1984,1646
107689149048,107689149051,3,1660,1043
107690344930,107690344933,3,2866,1203
107694257255,107694257262,7,2438,1486
107698936275,107698936279,4,1969,1194
107699215362,107699215366,4,1362,1392
107701548521,107701548526,5,3126,1837
107702030062,107702030070,8,3008,1175
107704157728,107704157732,4,2298,1411
107704414574,107704414560,-14,1360,980
107707603622,107707603622,0,1153,1473
107708713291,107708713297,6,1861,1105
107712734660,107712734665,5,3197,1233
107717379758,107717379763,5,1917,1222
107717748134,107717748137,3,1491,1226
107718481233,107718481213,-20,1203,441
107720518944,107720518947,3,1362,1113
107720683812,107720683814,2,2054,1387
107725108038,107725108042,4,1545,930
107727319877,107727319882,5,1707,1195
107737677736,107737677739,3,1816,1098
107738487227,107738487232,5,2103,1418
107738881731,107738881726,-5,2167,6290
107741515922,107741515928,6,2079,1387
107741580763,107741580756,-7,2615,8985
107743963223,107743963223,0,1993,1868
107744172639,107744172631,-8,2143,10037
107746847171,107746847178,7,3490,1295
107751564529,107751564533,4,1244,856
107753977176,107753977182,6,2104,1513
107754051551,107754051554,3,1895,1257
107759311010,107759311015,5,1942,1263
107763825437,107763825439,2,1399,1406
107765833478,107765833483,5,1187,1153
107767806970,107767806975,5,1897,989
107774055871,107774055874,3,1689,1540
107774156894,107774156894,0,1906,2054
107775709006,107775709011,5,2520,1565
107776842714,107776842692,-22,2029,1464
107777683237,107777683241,4,1515,1604
107778457550,107778457554,4,1920,1763
107779245526,107779245523,-3,1136,1833
107785314943,107785314946,3,2993,1760
107789387910,107789387913,3,1864,1331
107790719858,107790719861,3,2061,1648
107792647242,107792647241,-1,1673,2429
107794692150,107794692155,5,2162,1115
107798987341,107798987346,5,1263,995
107801201489,107801201494,5,2301,1134
107805736864,107805736869,5,2437,1135
107809097452,107809097457,5,2290,1609
107809423158,107809423154,-4,1309,1896
107820167375,107820167373,-2,2442,3778
107821058583,107821058587,4,1718,1522
107822063082,107822063087,5,1470,1232
107827400013,107827400018,5,2057,1423
107830949549,107830949545,-4,914,1596
107835198040,107835198045,5,2309,1829
107835235303,107835235306,3,2493,1817
107837195348,107837195351,3,2507,1086
107837381102,107837381106,4,2041,1929
107838152381,107838152386,5,1662,1260
107841091121,107841091126,5,2137,1562
107845479247,107845479250,3,1668,1243
107847816347,107847816351,4,1547,1280
107848915546,107848915551,5,2068,1416
107853258629,107853258633,4,2693,1864
107853775650,107853775660,10,1605,1208
107855017882,107855017882,0,1915,1641
107855590882,107855590888,6,2088,1208
107860850334,107860850338,4,1742,1062
107861320014,107861320018,4,2916,1470
107862280947,107862280951,4,1308,1159
107862496769,107862496773,4,1800,1295
107863899335,107863899338,3,1089,1032
107864200137,107864200143,6,3552,1603
107871557300,107871557303,3,1499,1576
107874064916,107874064919,3,1538,1071
107876651606,107876651610,4,2297,1500
107877509412,107877509419,7,4080,1955
107885273883,107885273886,3,1950,1243
107888412550,107888412553,3,916,873
107890867290,107890867286,-4,1777,2636
107895567721,107895567726,5,1408,1153
107899309881,107899309882,1,1921,1468
107900856279,107900856282,3,1737,1785
107901363846,107901363848,2,1785,1466
107901534653,107901534655,2,3412,1868
107903748649,107903748651,2,1566,814
107905132719,107905132722,3,962,718
107909264293,107909264297,4,2154,1731
107910641312,107910641315,3,2064,1384
107912142022,107912142005,-17,2310,1360
107915385474,107915385479,5,2157,1365
107917454677,107917454679,2,1336,1634
107923020492,107923020495,3,2524,1606
107924639896,107924639893,-3,966,2705
107925564083,107925564086,3,1110,794
107926254813,107926254820,7,1910,1530
107927134365,107927134351,-14,1026,618
107927215405,107927215410,5,2335,1217
107929300234,107929300239,5,1964,1501
107929908367,107929908373,6,2240,1309
107930076705,107930076707,2,1720,1304
107930275984,107930275989,5,2863,1141
107930834426,107930834430,4,1810,1031
107932892807,107932892811,4,1894,1336
107935701086,107935701089,3,1309,1183
107936390858,107936390862,4,1898,1124
107936777730,107936777716,-14,846,531
107937009117,107937009119,2,1247,2246
107939342193,107939342198,5,1496,1192
107940012509,107940012512,3,2222,1220
107941593667,107941593671,4,2198,1326
107944343282,107944343291,9,20854,48837
107945019601,107945019604,3,2676,1575
107945271461,107945271463,2,1742,1157
107945552916,107945552921,5,1966,1357
107947036538,107947036543,5,1938,944
107950541279,107950541283,4,1804,1429
107953454147,107953454153,6,2591,1477
107955540250,107955540255,5,2476,1918
107957107711,107957107716,5,1030,653
107959444187,107959444190,3,2846,1533
107962215688,107962215691,3,2603,1598
107962616757,107962616755,-2,1217,1627
107965979139,107965979144,5,2419,1581
107967079329,107967079325,-4,2243,3695
107971944116,107971944121,5,2383,1025
107972961672,107972961676,4,2006,1810
107976697401,107976697403,2,1895,1447
107978476923,107978476927,4,1503,1299
107979649534,107979649538,4,1641,1313
107980047818,107980047822,4,939,816
107984341771,107984341777,6,1742,946
107988678425,107988678428,3,1834,1205
107990646312,107990646317,5,1946,1407
107991979862,107991979866,4,2140,1255
107992488855,107992488855,0,1454,1444
107996688395,107996688398,3,1177,1219
107999880621,107999880626,5,3175,1609
108004079505,108004079516,11,2329,1115
108005468493,108005468499,6,2001,1278
108009480341,108009480345,4,1440,805
108011977991,108011977995,4,1251,1236
108012715258,108012715259,1,1369,1527
108014515598,108014515602,4,2302,1123
108016573758,108016573758,0,1782,1189
108016820733,108016820741,8,1427,1276
108017753780,108017753782,2,2459,1803
108019569739,108019569741,2,2692,1227
108019715465,108019715446,-19,2312,1359
108019748993,108019748997,4,2817,1368
108020777246,108020777250,4,1904,1294
108022526172,108022526176,4,2260,1579
108024205685,108024205690,5,2069,1204
108026048543,108026048547,4,2271,1248
108026184150,108026184155,5,1658,1244
108026770018,108026770022,4,1840,1214
108026983305,108026983308,3,1444,1510
108027221706,108027221710,4,2023,1100
108028720491,108028720495,4,1384,1007
108029874799,108029874793,-6,910,3347
108030126094,108030126100,6,1686,1444
108032164677,108032164682,5,1882,922
108036194788,108036194791,3,1837,1350
108044574018,108044574013,-5,1987,4526
108045178577,108045178582,5,1830,1072
108046204846,108046204851,5,1437,1626
108046940202,108046940206,4,1513,612
108047416626,108047416631,5,2050,1471
108049882373,108049882378,5,2462,1363
108050961582,108050961585,3,2805,1662
108059622165,108059622167,2,976,818
108059955657,108059955662,5,3065,1472
108060536181,108060536196,15,1986,1081
108063323641,108063323643,2,2147,1212
108065952015,108065952021,6,1825,1488
108067861178,108067861176,-2,33966,14589
108072418718,108072418721,3,1267,1228
108075123441,108075123444,3,2229,1345
108079005241,108079005247,6,3451,1559
108080617362,108080617364,2,1375,953
108083595081,108083595086,5,5103,2777
108085696859,108085696863,4,903,640
108086316617,108086316622,5,2535,1634
108086867526,108086867524,-2,753,1554
108088899125,108088899130,5,3452,2441
108089210133,108089210138,5,2360,1383
108091811106,108091811111,5,2939,1562
108094355474,108094355478,4,2369,1346
108099743176,108099743182,6,3656,1183
108106084116,108106084118,2,1947,1848
108112914789,108112914789,0,2186,1445
108113606376,108113606398,22,2335,1196
108113660959,108113660963,4,1368,977
108119686498,108119686502,4,2484,1437
108123428585,108123428606,21,1039,2174
108125455726,108125455731,5,1093,651
108125501445,108125501449,4,1855,1318
108126408391,108126408395,4,2845,1445
108128106171,108128106174,3,2533,1848
108132782581,108132782587,6,1024,749
108135987428,108135987431,3,1716,1138
108136434237,108136434241,4,1626,1602
108137465409,108137465414,5,1804,1168
108137952666,108137952669,3,879,775
108143690750,108143690755,5,1864,1372
108144611007,108144611011,4,1423,1155
108145618395,108145618398,3,1746,1079
108145684706,108145684709,3,1746,1191
108146914210,108146914214,4,2031,1736
108150518974,108150518978,4,2012,1612
108151805639,108151805639,0,1502,1431
108152294958,108152294973,15,1916,1184
108155541302,108155541307,5,3213,1241
108159311127,108159311131,4,2285,1009
108160126499,108160126503,4,1104,740
108160819294,108160819310,16,2658,1134
108161038990,108161038994,4,1952,1440
108161375590,108161375595,5,1935,1212
108161816154,108161816161,7,1970,1170
108162564794,108162564796,2,2006,1589
108163756532,108163756537,5,2282,996
108164314638,108164314655,17,1710,1489
108165141795,108165141799,4,1985,1490
108165436946,108165436950,4,1943,1355
108171137049,108171137051,2,1649,1209
108172935553,108172935557,4,1721,1026
108173920326,108173920333,7,1705,1269
108174519984,108174519990,6,2037,1094
108177312437,108177312443,6,1945,1564
108179627779,108179627783,4,1991,1414
108182511546,108182511550,4,2069,1019
108183757657,108183757662,5,2593,1477
108185806821,108185806826,5,1676,1254
108187183856,108187183859,3,2296,1856
108193814110,108193814107,-3,1696,1981
108194197246,108194197263,17,495,8378
108198717058,108198717063,5,2502,1012
108199854808,108199854810,2,1653,871
108202746221,108202746228,7,2538,1026
108204952485,108204952490,5,1928,1240
108205509690,108205509696,6,1954,1243
108208885459,108208885462,3,2497,1618
108209571277,108209571282,5,2476,1394
108210009227,108210009231,4,1242,944
108213225194,108213225198,4,1728,1720
108216276009,108216276010,1,2061,1941
108224327247,108224327251,4,1903,1488
108226024189,108226024192,3,2995,1676
108226110287,108226110291,4,2380,810
108226675773,108226675766,-7,1761,12818
108229446086,108229446089,3,2811,2018
108232184014,108232184017,3,2271,1504
108232586137,108232586139,2,1603,809
108232893425,108232893406,-19,2303,1341
108239724314,108239724319,5,2221,1087
108240158505,108240158509,4,1584,1411
108245752914,108245752918,4,1701,1205
108253856086,108253856089,3,2239,1103
108255790425,108255790430,5,1616,1082
108255972337,108255972341,4,1528,1013
108257088248,108257088253,5,2049,1301
108259291283,108259291285,2,1514,1404
108263431845,108263431847,2,1538,1520
108265510694,108265510700,6,3178,1083
108268272517,108268272521,4,2478,1294
108269477986,108269477991,5,2693,1168
108269893221,108269893229,8,1663,1064
108275998956,108275998960,4,1917,756
108276803618,108276803631,13,1712,686
108280144721,108280144727,6,1760,1344
108284036083,108284036081,-2,1039,1262
108284343375,108284343379,4,1334,923
108285152762,108285152767,5,2048,1463
108285366289,108285366294,5,2693,1062
108288317305,108288317310,5,2662,1366
108294379382,108294379386,4,1697,1430
108299333209,108299333210,1,1719,1166
108301490608,108301490614,6,2297,1053
108308787319,108308787322,3,1599,1234
108309308318,108309308322,4,900,664
108314200411,108314200416,5,2543,1760
108315265446,108315265451,5,2116,1334
108321385155,108321385159,4,2420,1909
108323714237,108323714238,1,34882,37800
108333843925,108333843930,5,9585,5108
108337604457,108337604462,5,2206,1223
108341264223,108341264229,6,3836,1598
108341721429,108341721430,1,1589,1307
108341980673,108341980654,-19,1684,1509
108342176789,108342176793,4,2363,1319
108347001834,108347001839,5,1668,938
108348428497,108348428502,5,1799,1119
108348553477,108348553481,4,1796,1426
108351521369,108351521373,4,1905,1374
108352596678,108352596678,0,1075,2493
108354194674,108354194677,3,1353,994
108357659858,108357659863,5,1704,1205
108358651015,108358651019,4,2544,1823
108367620686,108367620681,-5,820,2531
108367668934,108367668927,-7,979,5618
108371286585,108371286589,4,2921,1616
108373782066,108373782070,4,2689,1427
108381751998,108381752002,4,856,686
108384242685,108384242690,5,2672,1753
108385383504,108385383509,5,1545,1128
108394256527,108394256538,11,13562,22012
108394640282,108394640286,4,2182,1383
108394667335,108394667329,-6,1043,2659
108397019946,108397019949,3,1209,1002
108398978922,108398978927,5,2262,1225
108401588170,108401588175,5,2589,1787
108406370603,108406370608,5,1954,1368
108406669721,108406669727,6,2902,1816
108408285877,108408285882,5,2067,1469
108409323201,108409323180,-21,1991,1320
108410723118,108410723121,3,1940,1187
108411362554,108411362559,5,2197,1319
108411853534,108411853539,5,1499,713
108414631630,108414631637,7,2014,1192
108416062200,108416062205,5,2329,904
108418407262,108418407266,4,2159,1702
108421284982,108421284985,3,1941,1116
108422774652,108422774655,3,2486,1227
108422874839,108422874855,16,1903,1366
108423385304,108423385308,4,1932,1077
108428920166,108428920170,4,1746,1051
108429545421,108429545426,5,1510,1315
108436564686,108436564689,3,1701,1534
108436726054,108436726039,-15,1924,1046
108440475911,108440475915,4,1073,968
108442789982,108442789967,-15,709,690
108449099593,108449099598,5,1445,1007
108450901547,108450901550,3,1662,1438
108461895562,108461895566,4,1132,893
108466018502,108466018508,6,1901,1042
108467750676,108467750680,4,2142,1196
108472859519,108472859523,4,2277,1125
108475449150,108475449157,7,3259,1385
108476156878,108476156873,-5,1526,6150
108481509702,108481509708,6,2653,1166
108481540590,108481540594,4,1651,1545
108483054006,108483054013,7,3664,2955
108486591316,108486591320,4,2579,1574
108489813099,108489813101,2,1648,1835
108490371806,108490371810,4,3013,1712
108491025110,108491025089,-21,1837,1440
108492658661,108492658666,5,2665,1465
108493179320,108493179324,4,2634,1166
108493895269,108493895273,4,1666,1206
108496722783,108496722782,-1,1685,1237
108498260538,108498260544,6,2665,1515
108500511084,108500511090,6,2450,1444
108502865485,108502865489,4,1749,1673
108509271930,108509271934,4,1220,1089
108511609816,108511609818,2,2783,3919
108515680415,108515680419,4,2272,1931
108518123452,108518123457,5,1439,1069
108518307242,108518307224,-18,2705,1166
108519016431,108519016434,3,1514,926
108519260603,108519260582,-21,1429,748
108521171060,108521171067,7,2089,1270
108523284175,108523284179,4,2080,821
108523961702,108523961706,4,1877,1288
108524614620,108524614624,4,2458,1343
108526781380,108526781373,-7,835,4595
108529713399,108529713402,3,1675,854
108530192841,108530192841,0,1208,997
108532693713,108532693721,8,1342,1544
108532918835,108532918838,3,1383,1157
108538958303,108538958307,4,2063,1079
108541535098,108541535103,5,1921,1558
108543283971,108543283975,4,2064,1064
108544864028,108544864031,3,2495,1239
108548992129,108548992132,3,2188,1771
108549801298,108549801302,4,2493,1469
108552644994,108552644999,5,2622,1841
108554351166,108554351173,7,2331,1080
108556846713,108556846718,5,1754,1421
108565027908,108565027910,2,1859,1244
108566382414,108566382423,9,13323,24757
108568396250,108568396254,4,1469,1696
108569563469,108569563472,3,2009,1647
108571777914,108571777917,3,6428,5597
108572046594,108572046599,5,1660,1375
108572834743,108572834748,5,2293,1351
108573149979,108573149982,3,2162,1153
108579900099,108579900097,-2,36773,20755
108581109846,108581109850,4,2699,1237
108581283842,108581283822,-20,1199,619
108585623107,108585623111,4,1687,1396
108586902029,108586902034,5,2691,2313
108587877649,108587877655,6,2004,1437
108590748568,108590748571,3,2173,1035
108592101081,108592101086,5,2063,1268
108592804996,108592804999,3,1832,878
108595769474,108595769477,3,1868,1088
108599518477,108599518482,5,2190,1482
108607749816,108607749821,5,2180,1698
108609669234,108609669238,4,2147,1119
108610128870,108610128871,1,1306,947
108610256887,108610256892,5,1425,1158
108610381450,108610381428,-22,1352,1186
108610610655,108610610661,6,2004,1414
108610654914,108610654896,-18,2203,978
108611745393,108611745397,4,1578,1292
108612052579,108612052578,-1,1010,986
108612451849,108612451853,4,1937,1275
108613516324,108613516327,3,2026,1075
108614140489,108614140496,7,13375,20290
108614205065,108614205059,-6,2013,6811
108614814198,108614814203,5,2244,1356
108616293778,108616293782,4,2710,2157
108616857629,108616857634,5,1738,1312
108619048122,108619048127,5,2512,1130
108619310540,108619310549,9,3725,1465
108622450590,108622450594,4,8169,4688
108622607489,108622607493,4,2060,1371
108622795256,108622795262,6,2092,1251
108623411022,108623411024,2,3520,2732
108624592721,108624592723,2,1844,1133
108625147081,108625147086,5,1562,1204
108627657623,108627657602,-21,1706,823
108630509804,108630509800,-4,1307,3388
108631121429,108631121433,4,2435,1350
108635774027,108635774029,2,1371,1598
108638747063,108638747066,3,2008,1033
108645022090,108645022094,4,1429,1073
108645360061,108645360076,15,274,3396
108646740898,108646740897,-1,1117,1434
108647223194,108647223173,-21,1472,885
108651863545,108651863548,3,1493,916
108653718891,108653718895,4,1693,1326
108655901262,108655901266,4,1925,1235
108658070662,108658070666,4,2524,1777
108659385318,108659385319,1,2197,1406
108660187386,108660187390,4,1772,1236
108666562557,108666562563,6,2088,1348
108669710263,108669710269,6,6038,2949
108670884290,108670884294,4,1642,1460
108673628506,108673628511,5,2866,1167
108674450697,108674450699,2,1712,1093
108677424977,108677424981,4,1917,1396
108678389657,108678389662,5,1824,1330
108679802206,108679802210,4,1203,1719
108681649114,108681649118,4,1721,1364
108681882951,108681882955,4,1998,1317
108682726866,108682726873,7,2472,1176
108687604463,108687604468,5,1092,1214
108691435658,108691435662,4,2452,1504
108691874567,108691874571,4,1568,1462
108693846905,108693846910,5,1549,943
108695040983,108695040989,6,1662,796
108697102587,108697102590,3,1755,828
108698625569,108698625573,4,2076,1726
108699498238,108699498243,5,2510,1082
108700996385,108700996391,6,1493,976
108703086921,108703086925,4,1747,1359
108703919791,108703919794,3,1476,892
108703992407,108703992390,-17,2666,1686
108704590589,108704590594,5,2502,1429
108708126205,108708126211,6,1318,835
108708682598,108708682602,4,1726,1410
108709271086,108709271090,4,1979,1592
108710063058,108710063062,4,1748,1422
108710589427,108710589430,3,2388,1382
108712289598,108712289593,-5,814,2117
108712516106,108712516111,5,2067,1482
108725145451,108725145456,5,1691,1357
108728476695,108728476697,2,1876,1531
108728507261,108728507267,6,2394,1105
108730232968,108730232971,3,1810,1740
108731134258,108731134238,-20,1509,1143
108732741074,108732741077,3,2077,1630
108733940321,108733940326,5,1653,641
108736540056,108736540059,3,2529,2128
108737122721,108737122724,3,2014,1274
108741672741,108741672748,7,2463,1167
108747685902,108747685907,5,1934,1196
108749810246,108749810251,5,2966,1589
108750650083,108750650090,7,2584,952
108751657339,108751657343,4,1373,1124
108755958507,108755958513,6,2012,1332
108759053198,108759053204,6,2665,1699
108760672794,108760672798,4,1372,828
108762084333,108762084334,1,1464,954
108763401942,108763401946,4,947,725
108763888932,108763888938,6,1980,1522
108765107488,108765107491,3,2462,1322
108766287328,108766287332,4,2179,1311
108766718131,108766718128,-3,1597,2135
108767664247,108767664251,4,2549,1377
108772676657,108772676662,5,2093,1655
108775909953,108775909954,1,1030,1518
108777621497,108777621502,5,1861,741
108778107882,108778107863,-19,1906,935
108779456756,108779456759,3,1404,1184
108781767421,108781767424,3,2632,3075
108781960834,108781960839,5,1908,1001
108782263274,108782263278,4,1383,938
108784555038,108784555042,4,1968,1584
108785616790,108785616796,6,4244,1812
108786447793,108786447798,5,6193,1945
108789456771,108789456757,-14,1512,1016
108789954898,108789954899,1,1619,1506
108790331481,108790331485,4,982,885
108797835807,108797835810,3,2487,1965
108798633183,108798633187,4,2003,1003
108799196010,108799196007,-3,904,297
108804025549,108804025533,-16,205,1269
108809535693,108809535699,6,2193,1271
108810575833,108810575835,2,1378,996
108812460870,108812460872,2,1468,874
108820347378,108820347381,3,2173,1079
108820701133,108820701117,-16,1639,1001
108821006544,108821006548,4,1622,1485
108821870478,108821870481,3,2465,1203
108823696881,108823696882,1,1643,1343
108826757858,108826757859,1,1272,907
108828075455,108828075458,3,1841,1160
108830703794,108830703779,-15,909,1338
108831499529,108831499534,5,2046,1187
108838521858,108838521863,5,1584,1371
108840133794,108840133794,0,785,852
108842817478,108842817478,0,1546,2191
108843748140,108843748145,5,1561,1456
108846391539,108846391544,5,1878,1097
108846729498,108846729503,5,2387,1743
108855201870,108855201874,4,1801,1265
108855793755,108855793735,-20,2156,1395
108856252801,108856252806,5,2776,1443
108857524421,108857524425,4,3060,1675
108858736483,108858736487,4,1837,1627
108859148726,108859148733,7,1830,1611
108860313343,108860313335,-8,861,23
108862546438,108862546441,3,2165,1375
108863594950,108863594955,5,1971,1632
108864847712,108864847714,2,1528,1120
108865939243,108865939246,3,1742,1503
108866203627,108866203604,-23,2302,1594
108866592438,108866592441,3,798,285
108867693022,108867693027,5,1645,1243
108868683885,108868683889,4,4419,3112
108872710755,108872710761,6,2159,1401
108873172898,108873172902,4,5102,2438
108874490041,108874490046,5,2387,1216
108876868778,108876868782,4,1746,1173
108878505034,108878505038,4,1989,1383
108880335038,108880335041,3,1235,860
108881173810,108881173816,6,2133,1331
108882983249,108882983251,2,2324,972
108883293322,108883293302,-20,1932,1081
108884717164,108884717167,3,1806,1250
108886284041,108886284045,4,1979,1114
108890336162,108890336160,-2,1137,2015
108892955774,108892955779,5,2190,1462
108893776949,108893776954,5,2354,1264
108894364258,108894364262,4,1973,1274
108897911528,108897911531,3,2176,1621
108901184685,108901184690,5,2193,1158
108902315690,108902315695,5,1485,1080
108903487311,108903487318,7,7370,1667
108905013110,108905013114,4,1257,1206
108907287385,108907287389,4,1666,1405
108907751942,108907751946,4,2004,2082
108908454618,108908454622,4,1385,1249
108909527999,108909528001,2,3091,1492
108922974479,108922974483,4,2142,1308
108924886009,108924886014,5,2403,940
108925780569,108925780571,2,1809,1332
108926228770,108926228775,5,1846,1314
108927614505,108927614505,0,1963,1635
108930311633,108930311640,7,2359,1568
108934033797,108934033803,6,2788,1586
108935229537,108935229543,6,2789,1764
108936663728,108936663732,4,1783,1255
108937375239,108937375244,5,2024,1210
108937907058,108937907078,20,14583,52232
108939512810,108939512815,5,2074,1238
108940529715,108940529713,-2,1361,2565
108940719910,108940719890,-20,658,778
108942101813,108942101828,15,1513,87
108947997405,108947997411,6,2232,996
108949031864,108949031870,6,1970,1302
108949119072,108949119076,4,1464,1202
108952938782,108952938787,5,2046,1213
108961253084,108961253090,6,1816,1003
108962176845,108962176848,3,2377,1460
108963046587,108963046591,4,1969,1147
108963455999,108963456002,3,1047,888
108963908722,108963908723,1,2000,1321
108965727250,108965727259,9,2548,1585
108966667531,108966667536,5,2485,1484
108969755998,108969756003,5,1795,1289
108970164669,108970164675,6,2561,1424
108970757330,108970757350,20,2423,1499
108972540270,108972540270,0,2560,4647
108975241089,108975241094,5,2063,1040
108980781908,108980781912,4,2542,1660
108985534102,108985534104,2,1092,1680
108985570805,108985570809,4,1773,1305
108986301257,108986301259,2,2276,1816
108990275181,108990275164,-17,2200,1469
108992178085,108992178089,4,1775,1118
108994533471,108994533468,-3,1093,2829
108995844969,108995844974,5,1512,1200
108998261269,108998261272,3,1387,1558
108998302039,108998302042,3,2502,1563
108999712402,108999712406,4,1604,1335
108999805740,108999805743,3,1684,1006
109004133010,109004133014,4,1843,1617
109004631082,109004631086,4,1486,2051
109005089209,109005089215,6,2221,969
109007185342,109007185346,4,1645,903
109007426289,109007426294,5,2492,1192
109007701027,109007701031,4,1516,1049
109008710937,109008710943,6,3035,1431
109010653477,109010653481,4,2169,1172
109014167059,109014167063,4,2140,1402
109016423829,109016423831,2,1423,829
109018026362,109018026366,4,2504,1305
109019661794,109019661788,-6,1550,4704
109022442579,109022442582,3,1170,819
109023958035,109023958040,5,2176,1494
109024245566,109024245569,3,1686,979
109024690670,109024690674,4,3396,1607
109025343410,109025343415,5,2335,1367
109025718919,109025718925,6,1836,1353
109025955673,109025955678,5,1575,1174
109027557812,109027557814,2,1961,1199
109028020815,109028020799,-16,2374,1748
109028267374,109028267378,4,2362,2028
109028771485,109028771488,3,1876,1480
109032426563,109032426567,4,1715,1420
109035832785,109035832790,5,2256,1213
109035870151,109035870158,7,1814,916
109039931502,109039931502,0,858,1790
109042051902,109042051906,4,2226,1220
109042377701,109042377706,5,2350,1230
109044203351,109044203358,7,3876,1778
109059252194,109059252198,4,2496,1498
109059280445,109059280450,5,1730,1349
109060161022,109060161027,5,3250,1290
109061008385,109061008389,4,2299,1270
109062221767,109062221773,6,3269,1793
109066255624,109066255628,4,2342,1641
109067149619,109067149623,4,1675,1482
109069487383,109069487387,4,2111,1174
109069765574,109069765578,4,1309,895
109070661576,109070661579,3,1183,946
109072247814,109072247818,4,1804,1135
109073989768,109073989774,6,2382,1411
109074825679,109074825680,1,1967,1194
109078066826,109078066830,4,744,283
109081166420,109081166423,3,1464,840
109083445316,109083445321,5,2355,1085
109088682444,109088682449,5,1976,1279
109089869870,109089869873,3,1805,1302
109090629905,109090629907,2,1298,1072
109091707637,109091707638,1,2263,3114
109091924983,109091924986,3,1642,939
109092631769,109092631774,5,1957,1330
109093809970,109093809974,4,2142,1016
109099969753,109099969761,8,3060,1556
109101589603,109101589606,3,1676,1059
109102239870,109102239873,3,1930,1247
109102319909,109102319914,5,1581,1250
109107105303,109107105309,6,2210,1382
109107892014,109107892018,4,1501,764
109112687989,109112687994,5,1169,890
109113719722,109113719726,4,1626,1726
109118229387,109118229394,7,8094,35380
109118531247,109118531250,3,1742,1292
109118592144,109118592147,3,1930,1654
109120751654,109120751656,2,2685,1973
109121911922,109121911927,5,2072,1140
109124557236,109124557242,6,2575,1260
109125678451,109125678456,5,1458,1575
109126777817,109126777822,5,1884,1693
109130108715,109130108696,-19,1431,1006
109130443536,109130443538,2,3463,2783
109135139568,109135139572,4,2267,1527
109135242228,109135242230,2,2324,1748
109135965794,109135965797,3,1485,1263
109137768890,109137768891,1,1759,1465
109141396379,109141396382,3,1829,1706
109141677419,109141677422,3,2316,1102
109142899483,109142899487,4,1668,1370
109144381078,109144381082,4,1496,1367
109149242060,109149242062,2,2082,1697
109150745674,109150745682,8,2756,979
109152110737,109152110741,4,1412,970
109159649818,109159649822,4,2232,1285
109165928738,109165928743,5,2565,1268
109166537117,109166537122,5,2126,1161
109179663060,109179663063,3,1762,1239
109183436405,109183436406,1,1945,1982
109186601484,109186601487,3,1818,1477
109187955472,109187955476,4,1802,1153
109190894742,109190894744,2,1470,1023
109191107811,109191107788,-23,2418,1462
109192934902,109192934907,5,1980,1130
109194364834,109194364838,4,1784,1614
109197840030,109197840034,4,1555,1244
109197928437,109197928439,2,1383,1273
109198355623,109198355623,0,918,1076
109202510141,109202510147,6,1916,1343
109205753734,109205753739,5,2795,1798
109209436582,109209436588,6,2536,1900
109210197470,109210197474,4,2161,1208
109213621645,109213621649,4,1812,1486
109214064869,109214064871,2,1708,1372
109215999689,109215999693,4,1426,1130
109216156402,109216156406,4,2337,1332
109220308832,109220308835,3,2203,1185
109223646421,109223646425,4,2047,1458
109223938617,109223938621,4,1948,1469
109226368778,109226368757,-21,2559,672
109228775394,109228775399,5,2469,1353
109230674506,109230674510,4,1981,1902
109236548897,109236548902,5,1711,1382
109236896976,109236896978,2,2079,1587
109237143688,109237143690,2,2378,2273
109239877571,109239877574,3,2661,1514
109244946907,109244946911,4,2054,1232
109246397716,109246397710,-6,1148,2475
109249876817,109249876822,5,2290,726
109250372126,109250372112,-14,1458,811
109253160205,109253160206,1,1413,1465
109255860358,109255860362,4,1869,1087
109260241933,109260241937,4,1136,758
109262802644,109262802651,7,2845,1960
109262914997,109262915001,4,1845,1348
109264268717,109264268720,3,2101,1367
109264599613,109264599615,2,1648,997
109265462995,109265462999,4,1598,1051
109272463946,109272463951,5,2586,1447
109275138019,109275138024,5,1798,1462
109276496547,109276496551,4,2288,1320
109278428000,109278427995,-5,1161,2322
109278958762,109278958765,3,2134,1952
109279297271,109279297271,0,2597,1985
109279845275,109279845280,5,1703,1178
109281247856,109281247859,3,1860,1475
109282309699,109282309701,2,1542,1266
109282827494,109282827499,5,1700,1011
109285500973,109285500966,-7,960,5032
109287798338,109287798341,3,1949,1402
109291882010,109291881988,-22,896,840
109295959230,109295959234,4,2450,1671
109297706134,109297706130,-4,1474,4547
109298822962,109298822966,4,2235,1462
109304415042,109304415047,5,2612,1099
109305110343,109305110342,-1,2625,4086
109307412626,109307412616,-10,598,318
109309067071,109309067075,4,1085,993
109312412257,109312412263,6,3000,1718
109321393042,109321393047,5,1171,1067
109325818531,109325818534,3,1824,1168
109328810080,109328810085,5,953,979
109330166292,109330166295,3,2249,1668
109331520492,109331520496,4,2472,1436
109332885214,109332885211,-3,2170,5582
109332994487,109332994491,4,1247,1217
109334690986,109334690986,0,1048,1288
109337259445,109337259449,4,2383,1653
109340756778,109340756782,4,2190,1054
109341798624,109341798630,6,1512,952
109343979361,109343979365,4,1453,1137
109346880814,109346880822,8,3053,1790
109349067465,109349067470,5,1530,945
109356110724,109356110728,4,2308,1532
109356629750,109356629756,6,2171,1551
109359622147,109359622152,5,2554,1878
109361985962,109361985966,4,1975,1066
109366241372,109366241375,3,1549,1243
109367903090,109367903097,7,7028,2234
109368521802,109368521806,4,2095,1586
109373962905,109373962904,-1,1889,3055
109374766794,109374766799,5,2017,1213
109379386673,109379386675,2,1593,1536
109382384082,109382384086,4,1231,1024
109384809938,109384809944,6,2558,1642
109384952196,109384952198,2,1745,1313
109385689378,109385689383,5,2572,1560
109390920810,109390920813,3,1545,914
109391350387,109391350391,4,1408,1143
109394514766,109394514771,5,1955,1224
109395155359,109395155362,3,1299,955
109397134663,109397134665,2,1733,1733
109404137215,109404137221,6,2067,1417
109407218308,109407218315,7,1920,1506
109408225679,109408225661,-18,1466,630
109421737614,109421737619,5,2943,1643
109425260262,109425260268,6,1604,996
109426731407,109426731413,6,2354,1522
109428766692,109428766698,6,2024,1064
109433092280,109433092285,5,1890,1457
109434194113,109434194117,4,1850,1086
109442975055,109442975061,6,2232,1427
109444254098,109444254102,4,2228,1260
109451372942,109451372928,-14,700,584
109452713336,109452713336,0,1713,1522
109453099478,109453099466,-12,3531,13789
109457084999,109457085003,4,1447,950
109457485617,109457485623,6,2731,1406
109458530738,109458530740,2,2048,1936
109458958761,109458958764,3,1184,1228
109459359543,109459359538,-5,15173,62082
109460893510,109460893517,7,6294,2905
109464065746,109464065749,3,2085,1245
109464181461,109464181464,3,2012,1629
109464691070,109464691074,4,2031,1542
109465802502,109465802506,4,2099,1323
109465916373,109465916381,8,1499,1182
109468866860,109468866865,5,2798,1591
109469922168,109469922173,5,2152,1505
109473576314,109473576317,3,2490,1349
109474988258,109474988262,4,1738,890
109476301102,109476301106,4,2781,1617
109477399158,109477399163,5,3742,1296
109478527567,109478527572,5,2716,1542
109479163422,109479163408,-14,1881,404
109480445690,109480445696,6,1550,958
109481876475,109481876468,-7,1435,4171
109483942302,109483942304,2,1385,983
109485066588,109485066592,4,1575,1190
109486471058,109486471062,4,789,879
109494432001,109494432004,3,1137,1285
109499422178,109499422183,5,1443,1114
109499901067,109499901053,-14,508,256
109500557774,109500557779,5,2499,1761
109504369506,109504369510,4,1977,1178
109509129387,109509129395,8,2456,945
109509496089,109509496094,5,1630,2038
109510611967,109510611971,4,2247,1018
109511645269,109511645273,4,2177,1490
109513866271,109513866275,4,1487,890
109515119781,109515119789,8,3411,985
109515170147,109515170165,18,1765,1225
109516296045,109516296052,7,2183,1525
109517558862,109517558865,3,1817,1536
109519736750,109519736754,4,1822,1271
109522027326,109522027330,4,1345,952
109524084939,109524084942,3,2179,1837
109524736909,109524736914,5,1600,1239
109532938314,109532938318,4,2879,1776
109534120230,109534120233,3,2288,1110
109536494079,109536494083,4,1964,1585
109539664872,109539664850,-22,1351,1474
109542081603,109542081606,3,2052,1423
109545498149,109545498157,8,5700,1340
109547028377,109547028382,5,1821,1367
109550815525,109550815527,2,1185,1460
109553483786,109553483783,-3,776,2222
109554160331,109554160325,-6,903,4719
109556078482,109556078485,3,1570,1645
109559088956,109559088961,5,2022,800
109559303395,109559303399,4,2203,1368
109562329598,109562329603,5,1683,1353
109574334878,109574334878,0,1959,2086
109577291593,109577291598,5,834,582
109583074423,109583074427,4,2121,1180
109589656635,109589656639,4,2167,1172
109608748851,109608748855,4,2143,1623
109609073505,109609073508,3,1321,1111
109609646415,109609646405,-10,1681,2366
109611353891,109611353897,6,2484,1302
109614390026,109614390029,3,1225,1152
109617120973,109617120978,5,2629,1539
109618887847,109618887851,4,1569,1332
109621485514,109621485522,8,3656,1410
109623820830,109623820836,6,1837,989
109625332758,109625332764,6,2530,1865
109632108973,109632108978,5,2465,2028
109633119539,109633119537,-2,1576,2544
109635905702,109635905705,3,1903,1135
109636009851,109636009838,-13,644,328
109637360276,109637360281,5,2474,1356
109639515099,109639515103,4,2385,809
109639800446,109639800442,-4,480,1845
109642701734,109642701724,-10,883,424
109644548537,109644548542,5,3267,1350
109645377517,109645377522,5,1780,1225
109648134058,109648134062,4,2555,1379
109655106678,109655106682,4,1725,1647
109655336511,109655336515,4,1704,1408
109657269147,109657269151,4,2023,1462
109657871174,109657871178,4,1542,442
109660052614,109660052618,4,1424,666
109661541692,109661541692,0,1581,2009
109662005457,109662005460,3,1667,916
109664260660,109664260665,5,1284,1096
109665889460,109665889465,5,1630,1131
109666353370,109666353373,3,1316,1137
109667884054,109667884059,5,2180,1122
109668792850,109668792854,4,2333,1042
109669685570,109669685573,3,2756,1414
109670381502,109670381506,4,2782,1513
109671206846,109671206847,1,1138,1370
109674703409,109674703413,4,2030,1565
109679854663,109679854667,4,2677,1734
109685981594,109685981599,5,1512,1136
109695523427,109695523407,-20,2110,929
109698467338,109698467344,6,2140,1741
109698854900,109698854904,4,2230,1580
109699591502,109699591504,2,2038,1098
109700057281,109700057286,5,1867,1214
109700147514,109700147503,-11,187,101
109702203731,109702203735,4,1886,1660
109705098749,109705098751,2,1953,1774
109707133430,109707133434,4,1893,1302
109707877341,109707877347,6,2307,1431
109713808959,109713808959,0,1357,2080
109717963275,109717963278,3,2208,1973
109722070649,109722070655,6,4688,1563
109722444512,109722444517,5,2431,1362
109723493465,109723493470,5,4658,1757
109725567502,109725567506,4,2130,1255
109726761823,109726761815,-8,710,99
109727537806,109727537810,4,1930,1519
109729298326,109729298330,4,2100,1209
109729990482,109729990488,6,2076,1172
109730829866,109730829869,3,2062,1376
109732283025,109732283029,4,2028,1611
109733136526,109733136541,15,2055,1532
109734992591,109734992594,3,1582,1573
109736928125,109736928125,0,2674,2732
109740873190,109740873197,7,2532,1433
109741451857,109741451863,6,2100,1206
109747068382,109747068383,1,1119,1545
109748130162,109748130154,-8,21006,16518
109749577719,109749577710,-9,669,2844
109751728405,109751728409,4,2061,1498
109753559206,109753559205,-1,4422,5825
109756751363,109756751364,1,2031,2497
109759622232,109759622236,4,2216,1528
109765363225,109765363229,4,2233,1463
109766708839,109766708842,3,1482,1248
109767036385,109767036367,-18,1882,1726
109767183623,109767183627,4,1945,1393
109768657091,109768657083,-8,408,1190
109768692985,109768692986,1,3825,3535
109768822881,109768822884,3,2015,1932
109769205195,109769205201,6,2216,1531
109772432386,109772432390,4,1495,1017
109773116929,109773116935,6,2191,1334
109774542959,109774542951,-8,33358,13673
109775382801,109775382807,6,2044,1179
109775770733,109775770718,-15,740,386
109778068949,109778068953,4,945,794
109783334754,109783334758,4,1777,1397
109785266414,109785266419,5,1364,1151
109787205681,109787205687,6,2494,1076
109788339818,109788339826,8,2004,633
109790081971,109790081975,4,1566,1288
109790187919,109790187931,12,11283,42185
109790824090,109790824087,-3,985,2116
109793482835,109793482838,3,2051,1220
109794159299,109794159303,4,1931,1202
109800631286,109800631291,5,2557,1390
109801375346,109801375350,4,1980,1115
109801951593,109801951597,4,1240,1044
109802513162,109802513166,4,1423,1134
109806772758,109806772762,4,1372,709
109807801258,109807801262,4,879,708
109808495401,109808495406,5,2899,1590
109808679066,109808679079,13,1854,1006
109816805174,109816805178,4,1541,942
109817441502,109817441506,4,1505,1147
109820166981,109820166986,5,2195,1249
109824224962,109824224967,5,2638,1273
109828639221,109828639222,1,1560,1333
109829959005,109829959010,5,2510,1648
109830629671,109830629674,3,1395,972
109838542042,109838542049,7,2266,1506
109841690335,109841690339,4,1697,1469
109843363590,109843363594,4,2105,893
109844414553,109844414559,6,2723,1200
109844642704,109844642710,6,2869,970
109845447046,109845447047,1,1513,1580
109846602199,109846602202,3,2226,1416
109850884144,109850884146,2,1377,1117
109855312521,109855312527,6,2746,1703
109855862990,109855862998,8,2615,1865
109859052660,109859052665,5,1975,1316
109861187382,109861187385,3,1841,1544
109861706947,109861706948,1,1283,1935
109861810647,109861810652,5,2343,1824
109864097541,109864097546,5,2240,1271
109864204506,109864204512,6,1836,1075
109868443349,109868443331,-18,1103,1162
109868815823,109868815826,3,2160,1621
109869121430,109869121433,3,1461,818
109869313865,109869313868,3,2395,1576
109871800176,109871800179,3,1478,971
109872409426,109872409425,-1,952,1986
109873920337,109873920342,5,4063,2442
109875286127,109875286130,3,1465,838
109877708857,109877708859,2,2007,1250
109880131001,109880131006,5,2093,1171
109884086202,109884086207,5,1656,1066
109886574954,109886574954,0,1133,1042
109889609562,109889609559,-3,1032,2310
109890797499,109890797499,0,1670,1061
109892989324,109892989329,5,1927,1147
109893130134,109893130138,4,1986,2118
109893338409,109893338406,-3,962,2396
109895520051,109895520055,4,2089,1435
109897493983,109897493986,3,1902,1106
109898875739,109898875742,3,2118,1637
109900142673,109900142678,5,1213,895
109903231125,109903231130,5,2236,1339
109909899032,109909899035,3,2023,1110
109909932681,109909932686,5,1265,911
109910096354,109910096350,-4,2416,4083
109911370140,109911370145,5,1890,899
109917221639,109917221645,6,1432,1443
109922916045,109922916044,-1,24167,24747
109928929510,109928929513,3,2597,1359
109930906986,109930906991,5,835,673
109933078018,109933078021,3,1604,1215
109933302327,109933302332,5,1590,1460
109939467896,109939467902,6,1906,1420
109939687270,109939687277,7,2820,1199
109942763225,109942763230,5,1940,1048
109944193416,109944193420,4,1729,1145
109945603270,109945603271,1,1447,1056
109948041437,109948041431,-6,1072,107
109949252842,109949252850,8,1676,1201
109951608523,109951608527,4,1459,1037
109952526963,109952526958,-5,667,2114
109952690765,109952690758,-7,1267,5036
109954526766,109954526768,2,1545,1199
109956024486,109956024487,1,1672,1279
109957425802,109957425806,4,1925,1516
109960778795,109960778799,4,1954,935
109964484126,109964484128,2,1525,1408
109965044998,109965045005,7,1605,1146
109965989829,109965989836,7,2543,1177
109967348679,109967348683,4,2602,1312
109969204122,109969204123,1,2170,1449
109975304142,109975304147,5,1432,1408
109976052818,109976052825,7,25680,56611
109980328010,109980328014,4,1417,834
109981233696,109981233701,5,1838,1178
109982321402,109982321405,3,1450,941
109985281354,109985281358,4,1538,1314
109988646607,109988646610,3,1586,1338
109989939246,109989939250,4,1718,1054
109990151858,109990151839,-19,1271,866
109994190996,109994191002,6,2389,1334
109994304383,109994304385,2,1472,1414
109995922239,109995922234,-5,1143,3688
109999538650,109999538656,6,2894,1579
110003676626,110003676630,4,2603,2100
110004075869,110004075865,-4,1308,4685
110009364401,110009364406,5,2314,1347
110015992354,110015992361,7,2215,1446
110016624551,110016624553,2,939,1626
110017503127,110017503132,5,1615,1425
110019553913,110019553915,2,883,608
110022976349,110022976351,2,979,1270
110024407012,110024407026,14,2208,1021
110025492343,110025492326,-17,1123,571
110030503481,110030503487,6,1700,1053
110032435908,110032435912,4,1811,1199
110034194424,110034194430,6,2552,1504
110034767331,110034767338,7,2651,1583
110037767645,110037767650,5,3174,1390
110038726971,110038726977,6,2670,1418
110039865995,110039865998,3,2501,1972
110042668788,110042668793,5,2102,1222
110042726145,110042726152,7,1959,1313
110043223690,110043223697,7,1792,1000
110046734853,110046734855,2,1584,1508
110055752706,110055752706,0,2456,3088
110059360119,110059360123,4,1336,781
110060068142,110060068147,5,1655,1498
110060464322,110060464329,7,1316,1296
110061062977,110061062959,-18,2277,1071
110061180823,110061180830,7,2158,1249
110063403577,110063403581,4,1888,1858
110066501936,110066501938,2,2052,1419
110066839378,110066839383,5,1893,952
110069953055,110069953052,-3,1163,3840
110071223064,110071223067,3,1536,1793
110071793918,110071793924,6,2533,1383
110072080473,110072080479,6,1646,1321
110072126159,110072126162,3,2364,1515
110072271468,110072271471,3,1920,1453
110073345505,110073345511,6,1109,1041
110075369791,110075369791,0,1751,1420
110075752105,110075752087,-18,2070,723
110079759245,110079759250,5,1206,1106
110081251076,110081251082,6,2829,1861
110083654094,110083654098,4,1730,1317
110084320279,110084320274,-5,715,2822
110087083995,110087084000,5,2303,1146
110087613865,110087613869,4,2325,1614
110094210399,110094210402,3,1668,992
110095272073,110095272078,5,2968,1233
110095787566,110095787572,6,1891,632
110097204005,110097204006,1,1019,1026
110101558205,110101558208,3,2164,1785
110106101448,110106101450,2,1963,1685
110106985298,110106985301,3,4620,3193
110108208418,110108208419,1,2914,381
110111523277,110111523282,5,2466,1125
110113911522,110113911526,4,1729,993
110115289429,110115289432,3,1581,1878
110116803353,110116803359,6,1000,830
110117959342,110117959347,5,1761,1206
110120053735,110120053730,-5,1048,2809
110122016197,110122016201,4,2068,1319
110122581883,110122581900,17,1396,986
110124067804,110124067806,2,2033,1542
110127903743,110127903747,4,2270,1916
110129211310,110129211309,-1,1451,2014
110130985559,110130985556,-3,822,2556
110133081865,110133081871,6,2413,1565
110136666777,110136666781,4,2246,1229
110136913279,110136913284,5,2370,1540
110139116875,110139116870,-5,1139,2313
110140040903,110140040897,-6,703,4216
110142456935,110142456938,3,2197,1931
110143307130,110143307135,5,2486,1383
110143974398,110143974405,7,1538,1201
110144155112,110144155116,4,1841,1780
110144559293,110144559295,2,2172,1034
110145428546,110145428547,1,1346,1180
110147707485,110147707488,3,1728,1402
110151674765,110151674767,2,1468,846
110153380444,110153380448,4,1669,1480
110161446650,110161446652,2,1380,1079
110161852526,110161852530,4,1824,1039
110162537249,110162537253,4,1962,1634
110165285557,110165285559,2,1627,1054
110168804586,110168804591,5,1822,849
110169138138,110169138120,-18,1404,2180
110169629278,110169629274,-4,1087,2378
110172749646,110172749650,4,2419,2218
110175947273,110175947276,3,2170,1037
110177303272,110177303277,5,2122,1424
110179683018,110179683022,4,2082,1100
110180701849,110180701853,4,1554,1269
110184125398,110184125402,4,2078,1979
110184717550,110184717554,4,3545,1274
110186527468,110186527470,2,2171,1201
110188488567,110188488573,6,1175,717
110189310781,110189310785,4,1930,2028
110189818886,110189818890,4,1716,1389
110192176606,110192176610,4,2131,1595
110193836773,110193836776,3,2318,1389
110194981059,110194981061,2,1358,1374
110198519442,110198519426,-16,770,662
110198771044,110198771047,3,2749,996
110201322119,110201322122,3,2106,1518
110201410921,110201410924,3,2655,1402
110202171149,110202171153,4,1240,1470
110202513163,110202513169,6,2182,967
110202649494,110202649508,14,970,1219
110202987635,110202987638,3,1579,1201
110210011772,110210011773,1,1115,1298
110210786746,110210786749,3,2235,1084
110211840361,110211840364,3,1743,1345
110212087291,110212087295,4,1427,1086
110214294134,110214294139,5,1645,1131
110214817535,110214817549,14,1514,1069
110219049871,110219049875,4,2218,1201
110221180621,110221180625,4,2085,1083
110227072414,110227072409,-5,1393,4216
110227111702,110227111706,4,1317,777
110227152030,110227152031,1,1567,1381
110227856144,110227856146,2,1534,1283
110227883050,110227883055,5,2537,1622
110228135023,110228135024,1,1491,1824
110229819174,110229819177,3,1931,1394
110229926846,110229926860,14,1453,1418
110233926785,110233926790,5,1006,924
110235791790,110235791793,3,1373,1164
110236158063,110236158067,4,1213,1256
110243675839,110243675842,3,2286,1422
110244084822,110244084821,-1,11095,14119
110255304939,110255304944,5,2128,1104
110256649258,110256649263,5,2384,1314
110258611182,110258611183,1,1837,1284
110260430998,110260431003,5,5933,4274
110260686527,110260686530,3,1112,1023
110261586443,110261586447,4,2162,1600
110262088026,110262088030,4,1899,1461
110262263656,110262263661,5,1889,1208
110262418577,110262418583,6,2329,1699
110268597166,110268597171,5,1745,1315
110272207333,110272207335,2,1546,1418
110274983457,110274983462,5,1970,1755
110277032402,110277032405,3,2034,1605
110278885201,110278885207,6,2125,1457
110279617605,110279617609,4,3159,1610
110283321724,110283321726,2,20088,17492
110284725434,110284725436,2,1254,834
110287366639,110287366642,3,4252,3286
110288072406,110288072410,4,2336,1570
110288883624,110288883629,5,1624,1517
110289402864,110289402866,2,2769,1238
110291869107,110291869111,4,2307,1107
110292122983,110292122992,9,11911,31914
110295846404,110295846409,5,4000,2131
110295924731,110295924738,7,3477,1899
110297289062,110297289067,5,1778,1387
110301091002,110301091005,3,2002,1101
110301176005,110301176010,5,1329,624
110308335753,110308335759,6,2250,1316
110311317492,110311317493,1,1608,1817
110312056840,110312056845,5,2941,1942
110312238870,110312238871,1,1733,994
110313052394,110313052394,0,1299,1948
110313527542,110313527547,5,1360,880
110313583987,110313583968,-19,507,89
110316975036,110316975039,3,1685,1161
110318438536,110318438538,2,2366,1497
110323713575,110323713581,6,2875,1305
110328672764,110328672767,3,1866,1270
110328931098,110328931079,-19,2098,1084
110329000446,110329000451,5,1077,675
110329843473,110329843477,4,2100,1660
110331593900,110331593903,3,2136,1382
110332953778,110332953782,4,994,1511
110334221176,110334221179,3,2155,1237
110334621099,110334621103,4,2384,1482
110336402565,110336402569,4,2038,1386
110339621498,110339621499,1,1542,1341
110339944292,110339944309,17,2862,7908
110340013219,110340013223,4,2651,1625
110340415011,110340415005,-6,1339,4815
110344346126,110344346131,5,1676,1476
110347509357,110347509363,6,2729,1826
110353356669,110353356673,4,1497,1143
110358469926,110358469932,6,2430,1273
110360756090,110360756096,6,2550,1613
110362229685,110362229686,1,1384,1398
110367507029,110367507034,5,1113,1262
110368812729,110368812733,4,1720,1454
110380054129,110380054134,5,1778,1323
110384887594,110384887599,5,1147,773
110385404977,110385404982,5,1668,1239
110386861901,110386861905,4,2579,1846
110388651461,110388651467,6,1856,1533
110388701953,110388701959,6,2171,1306
110389017219,110389017199,-20,2802,1457
110390606262,110390606266,4,1884,1551
110390829469,110390829474,5,1719,1661
110396763106,110396763110,4,1611,1191
110399840833,110399840835,2,2477,1465
110403279605,110403279608,3,1959,1467
110409901071,110409901075,4,2484,1522
110410249963,110410249968,5,3135,1921
110410600695,110410600701,6,1948,1452
110411152897,110411152901,4,1251,1389
110415125082,110415125085,3,1421,780
110417089637,110417089640,3,1550,1395
110419124314,110419124318,4,2073,1134
110419176425,110419176430,5,1997,1345
110423961636,110423961639,3,2460,1641
110425840970,110425840974,4,1754,1347
110426616172,110426616177,5,1945,1380
110431662650,110431662657,7,1750,1150
110433058904,110433058909,5,3000,1964
110433170401,110433170403,2,1525,1102
110433318218,110433318223,5,2332,1478
110435064533,110435064536,3,2134,992
110436613938,110436613942,4,2508,2479
110437829138,110437829141,3,2230,1425
110438265072,110438265076,4,2069,1286
110442363309,110442363314,5,1951,1221
110449349965,110449349969,4,2027,1348
110449563945,110449563927,-18,2087,1287
110450461597,110450461601,4,2020,1546
110451474561,110451474566,5,2693,1375
110452337890,110452337888,-2,1533,3046
110456579098,110456579106,8,2533,1726
110457332925,110457332931,6,1776,1212
110459628685,110459628690,5,1621,1085
110460098698,110460098677,-21,1971,1028
110461830602,110461830606,4,1833,1565
110466464871,110466464874,3,1107,1542
110466605452,110466605456,4,1971,1027
110467214943,110467214941,-2,951,1727
110468569179,110468569182,3,1969,1475
110469051442,110469051446,4,2204,1557
110469092326,110469092329,3,2333,1231
110475744099,110475744103,4,2687,1396
110479654710,110479654713,3,1784,1099
110487583029,110487583026,-3,1062,2816
110488586837,110488586840,3,2225,1548
110488855596,110488855599,3,1504,1335
110489601625,110489601630,5,1651,838
110490320201,110490320212,11,1643,1527
110490547789,110490547807,18,2517,1174
110497201747,110497201752,5,2903,1783
110497758718,110497758721,3,1665,1805
110497927981,110497927986,5,2438,1458
110502701981,110502701986,5,2091,1781
110506792983,110506792982,-1,626,1795
110510180902,110510180906,4,2193,1770
110511050615,110511050620,5,1917,970
110514105539,110514105535,-4,907,797
110514299219,110514299222,3,975,801
110517114024,110517114027,3,2194,1071
110517458690,110517458694,4,2188,2090
110517948342,110517948346,4,1949,1201
110518883029,110518883034,5,1698,1040
110519244111,110519244115,4,1833,1214
110519430822,110519430825,3,1685,1555
110526317877,110526317880,3,2490,1365
110526753823,110526753826,3,2359,1668
110527154568,110527154573,5,1969,1487
110529035757,110529035757,0,2751,3759
110529547369,110529547373,4,2076,1820
110530998206,110530998209,3,1905,1526
110532506032,110532506035,3,1466,955
110532939803,110532939810,7,1413,1142
110533260389,110533260391,2,1504,894
110534276170,110534276189,19,2312,1294
110536163443,110536163443,0,1328,971
110543797820,110543797824,4,1744,1238
110544901710,110544901714,4,2836,1853
110544999298,110544999317,19,6970,1373
110550196238,110550196243,5,2803,1719
110565297943,110565297946,3,2187,1574
110565328469,110565328474,5,1615,1732
110565894394,110565894398,4,1773,1491
110566842638,110566842642,4,2337,2566
110569402092,110569402096,4,1760,1135
110571924230,110571924234,4,2226,1571
110575058662,110575058671,9,2020,1213
110582801024,110582801039,15,1255,2258
110585066088,110585066093,5,1943,932
110585612142,110585612148,6,1894,1377
110590754702,110590754706,4,1075,781
110592770398,110592770402,4,1669,1969
110592849693,110592849697,4,2280,1694
110594545195,110594545199,4,1395,1464
110596727329,110596727335,6,1530,1056
110597556914,110597556892,-22,2002,1067
110600139611,110600139616,5,1613,1313
110600311813,110600311815,2,1561,1385
110600985003,110600985007,4,2447,1045
110603101854,110603101858,4,1341,1144
110609644226,110609644234,8,1891,1231
110612025071,110612025075,4,1482,930
110614647664,110614647669,5,1780,1339
110614864644,110614864646,2,2273,2082
110617425494,110617425498,4,1673,1309
110617536365,110617536367,2,1983,972
110619545973,110619545977,4,1924,1628
110620884072,110620884072,0,1919,1921
110621371264,110621371248,-16,1755,1039
110631114924,110631114928,4,1784,1245
110631323418,110631323421,3,2444,1616
110635696458,110635696463,5,2300,1858
110637388401,110637388406,5,2434,1387
110639213129,110639213132,3,2007,1081
110645110952,110645110953,1,1737,1461
110650821123,110650821126,3,1141,1201
110656775283,110656775287,4,1480,943
110657255233,110657255239,6,2942,1461
110660544746,110660544751,5,2520,1669
110661403625,110661403630,5,1377,937
110662997217,110662997222,5,1722,1307
110663167674,110663167678,4,1947,1561
110667584722,110667584724,2,2169,850
110669542845,110669542849,4,1820,1365
110670224858,110670224861,3,1311,1155
110672891102,110672891108,6,2177,1114
110673927568,110673927571,3,2169,1345
110685754356,110685754361,5,2150,1486
110686703089,110686703101,12,1528,1625
110688230033,110688230036,3,1717,1244
110690578918,110690578922,4,2153,1195
110692827254,110692827257,3,1449,1384
110695238392,110695238398,6,1269,1172
110695752058,110695752063,5,2888,1843
110696751281,110696751287,6,1332,1189
110697410066,110697410070,4,2018,1533
110697463625,110697463627,2,1645,1979
110699250340,110699250331,-9,1722,1557
110699658850,110699658853,3,1765,1192
110701238141,110701238144,3,1317,823
110703877604,110703877609,5,2266,1283
110706183734,110706183734,0,2786,3266
110709139657,110709139661,4,1222,1207
110711046306,110711046310,4,1285,1278
110711380528,110711380526,-2,1782,1423
110712494801,110712494803,2,2367,1596
110713839426,110713839430,4,2622,2107
110716121490,110716121495,5,1975,907
110717570218,110717570222,4,1626,1427
110717749857,110717749862,5,2389,1728
110719754712,110719754716,4,2067,894
110720217531,110720217512,-19,1696,681
110723219612,110723219613,1,1260,1086
110723443265,110723443269,4,2495,1449
110724123038,110724123042,4,1544,1202
110727147978,110727147982,4,2421,1419
110728766278,110728766283,5,1740,1446
110729097082,110729097086,4,2711,1163
110729496315,110729496324,9,1856,1080
110730581542,110730581549,7,3454,1478
110731180007,110731179988,-19,448,589
110734229183,110734229187,4,2417,813
110741300151,110741300154,3,1772,1482
110745203214,110745203216,2,1619,996
110745409462,110745409462,0,2030,2125
110745989622,110745989626,4,1576,1513
110749033385,110749033390,5,2665,1714
110750535227,110750535233,6,1579,1034
110750937962,110750937966,4,2176,1428
110754339729,110754339730,1,2141,1255
110756659417,110756659421,4,2425,1331
110759868730,110759868735,5,1583,1342
110760307274,110760307278,4,2173,1327
110763246578,110763246582,4,2616,1698
110763586146,110763586151,5,1786,1278
110764120311,110764120289,-22,1157,589
110769895062,110769895066,4,2268,1636
110770096557,110770096541,-16,1531,865
110775044994,110775044996,2,1954,1937
110776312150,110776312150,0,2148,1792
110776733921,110776733923,2,1643,1564
110776819470,110776819453,-17,2046,1840
110777653175,110777653178,3,2501,1078
110780325544,110780325547,3,1382,981
110783699484,110783699488,4,1861,1280
110785664281,110785664285,4,1998,1655
110790873316,110790873318,2,1652,1187
110791846019,110791846022,3,5236,17817
110795368862,110795368870,8,3456,1386
110796199470,110796199474,4,1913,1338
110797127870,110797127870,0,868,1003
110799663014,110799663018,4,2449,1844
110802042682,110802042685,3,1925,1543
110807343753,110807343757,4,2191,1494
110808085448,110808085429,-19,1578,1479
110808942294,110808942298,4,2389,1292
110810201356,110810201361,5,1954,2020
110814516641,110814516644,3,2146,1122
110817800166,110817800171,5,1951,1101
110823048838,110823048843,5,1612,1512
110823193718,110823193722,4,2042,1579
110824448718,110824448722,4,1670,1256
110829327802,110829327807,5,2043,1110
110829875731,110829875735,4,1412,1101
110830937006,110830936992,-14,613,321
110835262806,110835262812,6,3005,1406
110839832839,110839832845,6,3388,1204
110839950556,110839950564,8,2265,1588
110844924696,110844924699,3,2144,1324
110845593393,110845593399,6,2192,938
110846726070,110846726077,7,1306,1099
110848816081,110848816083,2,1339,1410
110848966964,110848966970,6,2172,1414
110854173921,110854173926,5,2382,1455
110854324893,110854324897,4,2967,2200
110856262842,110856262847,5,1763,1102
110860503374,110860503379,5,2072,1187
110865916343,110865916321,-22,1762,983
110869189302,110869189306,4,1342,1564
110869673593,110869673596,3,1785,1121
110870783876,110870783879,3,1321,1035
110874161954,110874161960,6,2481,1473
110877916308,110877916313,5,1215,1680
110878246278,110878246276,-2,29049,18219
110878888442,110878888445,3,1464,1324
110881468355,110881468361,6,3010,1356
110883379167,110883379171,4,1535,754
110885900792,110885900794,2,2674,2537
110891530211,110891530214,3,1279,1004
110892433119,110892433122,3,1882,809
110899804039,110899804042,3,2474,1347
110905441685,110905441689,4,2222,1879
110910515050,110910515054,4,1616,1477
110912006222,110912006226,4,1949,1255
110922956122,110922956125,3,2351,1604
110923039093,110923039099,6,1721,1278
110923578971,110923578975,4,1514,1669
110925558069,110925558068,-1,1368,1305
110931007913,110931007918,5,2558,1286
110935192684,110935192687,3,1568,1251
110935989318,110935989321,3,2380,1900
110937352493,110937352497,4,1551,1223
110946503889,110946503893,4,2218,1696
110948689130,110948689134,4,1873,1167
110948845464,110948845448,-16,1408,706
110949488174,110949488178,4,2259,1233
110950451942,110950451945,3,2031,1546
110956820778,110956820783,5,2272,1095
110958082136,110958082141,5,2303,1276
110960738188,110960738194,6,2939,1293
110963448018,110963448022,4,4821,2867
110965020611,110965020615,4,2447,1552
110966331434,110966331440,6,2094,1436
110967928925,110967928924,-1,1352,2591
110968465895,110968465878,-17,1572,811
110969727309,110969727315,6,2322,1171
110971739161,110971739165,4,1820,1872
110972721637,110972721642,5,1468,919
110976301353,110976301355,2,2029,1573
110978397862,110978397865,3,1879,1315
110986375170,110986375173,3,2378,1374
110992123053,110992123058,5,2523,1621
110995530949,110995530954,5,2001,1508
110995741233,110995741212,-21,1979,1700
111001794826,111001794830,4,2153,1377
111006340914,111006340917,3,1720,1521
111023131153,111023131158,5,1932,1497
111024435086,111024435086,0,2417,2858
111029141747,111029141750,3,2222,1511
111033199770,111033199775,5,2637,1377
111039483387,111039483389,2,2216,1158
111040155238,111040155242,4,2385,1466
111040456162,111040456165,3,2016,1230
111042158602,111042158607,5,1911,1580
111042335974,111042335979,5,1853,1127
111044336496,111044336498,2,1752,1259
111045414895,111045414899,4,974,876
111047625766,111047625770,4,2099,1135
111049195581,111049195586,5,2128,1134
111051189447,111051189454,7,2711,1155
111054517427,111054517430,3,2289,1476
111056250726,111056250731,5,2532,1407
111056814566,111056814571,5,2935,1300
111057936486,111057936495,9,2169,1318
111058128726,111058128711,-15,1011,514
111063530827,111063530830,3,1767,1416
111067968696,111067968702,6,1401,892
111071162170,111071162174,4,1972,1361
111071566370,111071566375,5,1114,1041
111073788151,111073788157,6,1203,1156
111074540119,111074540103,-16,1306,1003
111076645346,111076645350,4,1848,1564
111078080584,111078080589,5,1715,1222
111079614801,111079614806,5,1669,1351
111087978147,111087978153,6,2297,1664
111092086568,111092086573,5,1963,1587
111092356401,111092356408,7,1706,1551
111093705371,111093705377,6,1972,1669
111095797068,111095797070,2,1074,1336
111097239447,111097239451,4,1697,1008
111100390072,111100390075,3,2326,1662
111101244971,111101244975,4,1874,1430
111102215965,111102215970,5,1681,973
111103255819,111103255823,4,1939,1205
111105409662,111105409667,5,2220,1409
111108137343,111108137346,3,1664,1102
111110665749,111110665751,2,1821,1308
111112846156,111112846161,5,1675,1106
111113589185,111113589189,4,1850,1021
111115420482,111115420487,5,2771,1894
111116114093,111116114099,6,2072,1020
111121180898,111121180903,5,1856,1036
111123348982,111123348979,-3,1127,2349
111127183784,111127183787,3,2623,1616
111131247882,111131247885,3,1671,1480
111132125787,111132125790,3,2182,1100
111136347380,111136347385,5,2023,1288
111137826517,111137826517,0,48013,75540
111139407505,111139407506,1,2403,1485
111139840609,111139840611,2,1104,1310
111150465149,111150465154,5,1763,1538
111151833602,111151833605,3,1047,875
111152812158,111152812151,-7,2368,6626
111153545571,111153545549,-22,1758,1390
111155476999,111155476996,-3,894,2911
111155843154,111155843159,5,2258,1657
111164862471,111164862448,-23,736,276
111166715297,111166715299,2,2679,1351
111174557698,111174557707,9,2120,1082
111176348407,111176348399,-8,2012,31499
111178223071,111178223076,5,1979,1170
111179609868,111179609871,3,2570,1299
111180442188,111180442193,5,1621,1261
111181376489,111181376495,6,946,1091
111181671790,111181671794,4,1836,1321
111183762692,111183762694,2,2713,1488
111185183431,111185183434,3,2021,1417
111189058736,111189058738,2,1536,1545
111192919808,111192919814,6,2292,1541
111194690737,111194690741,4,1903,1430
111201434727,111201434722,-5,3701,9814
111205415653,111205415658,5,1750,1271
111206208493,111206208498,5,2490,1141
111207685279,111207685283,4,1970,1061
111207779139,111207779141,2,2672,2360
111208721115,111208721119,4,2155,1055
111215206298,111215206300,2,1313,2096
111222410391,111222410394,3,1714,1423
111223361098,111223361105,7,6420,2496
111230661867,111230661870,3,1316,1248
111233240123,111233240128,5,2181,1671
111234310765,111234310770,5,1806,1212
111240960391,111240960394,3,2109,1606
111245676910,111245676914,4,1678,1138
111247354564,111247354581,17,2103,1337
111247746429,111247746434,5,2220,1287
111248824319,111248824322,3,1724,1436
111249841782,111249841786,4,2135,1253
111250521049,111250521053,4,1695,1587
111251961872,111251961878,6,2146,1408
111253310325,111253310330,5,2507,2165
111258907394,111258907394,0,1084,1851
111262669426,111262669421,-5,1493,3228
111267530491,111267530498,7,2861,1247
111268696947,111268696951,4,1765,1181
111270346135,111270346139,4,1627,1205
111270526706,111270526710,4,2503,1660
111279735246,111279735250,4,2407,1417
111284500982,111284500989,7,2145,1489
111286205119,111286205125,6,2336,1461
111286298862,111286298867,5,3271,1729
111286648361,111286648367,6,2096,1520
111293642326,111293642331,5,2081,1379
111295662133,111295662137,4,1952,1521
111300103438,111300103443,5,1544,945
111300147160,111300147142,-18,2763,1300
111301626654,111301626658,4,2165,1831
111309526207,111309526209,2,1430,961
111312639926,111312639931,5,2542,1503
111313217698,111313217703,5,1870,1144
111318487886,111318487880,-6,1273,3433
111321617001,111321617009,8,3477,1748
111322653726,111322653732,6,4952,2237
111325606788,111325606781,-7,4986,18435
111326444181,111326444168,-13,22394,14090
111328575402,111328575407,5,3222,1471
111330168342,111330168346,4,2074,1486
111330292366,111330292351,-15,2310,1068
111331082398,111331082402,4,1543,1392
111334705557,111334705560,3,1603,1179
111334840559,111334840561,2,1223,1433
111337895346,111337895350,4,1826,1273
111338521289,111338521294,5,2937,1682
111340163917,111340163921,4,1218,622
111342001675,111342001669,-6,1090,4995
111342469877,111342469878,1,2023,2194
111342510537,111342510541,4,1348,1159
111343028058,111343028062,4,1984,1625
111344277866,111344277870,4,3276,1421
111344898449,111344898454,5,1277,941
111349311318,111349311322,4,1838,1591
111350105601,111350105605,4,1506,1352
111354522085,111354522087,2,2080,1611
111357201867,111357201871,4,2777,1700
111359532491,111359532495,4,1205,1190
111361304328,111361304332,4,2402,1914
111367844799,111367844804,5,1746,1410
111369039175,111369039177,2,1148,1277
111369232849,111369232828,-21,2417,2080
111370185583,111370185580,-3,2644,4706
111371247060,111371247062,2,2557,1292
111373386597,111373386601,4,1617,1131
111379863042,111379863047,5,2137,1114
111382017009,111382017011,2,1851,920
111388901910,111388901915,5,2590,1303
111402769653,111402769652,-1,1104,2669
111403950410,111403950411,1,1507,1506
111405234223,111405234227,4,1785,1312
111407318636,111407318640,4,2057,1334
111409528042,111409528046,4,2011,2013
111411346926,111411346931,5,2450,1188
111413588602,111413588610,8,2943,1029
111414327650,111414327654,4,2581,1262
111415536638,111415536635,-3,1352,3074
111415697473,111415697477,4,2136,1238
111415805773,111415805774,1,1800,1446
111416570357,111416570361,4,2375,1034
111419581377,111419581381,4,2353,1150
111422438907,111422438914,7,1555,948
111425298577,111425298581,4,1766,1092
111427220210,111427220214,4,2284,1533
111428678713,111428678718,5,1791,1386
111429037249,111429037251,2,1920,1961
111429745167,111429745171,4,1200,779
111430981394,111430981399,5,2440,1410
111432604684,111432604694,10,1859,1286
111433274763,111433274764,1,1465,1548
111435305073,111435305075,2,1880,1247
111438068352,111438068357,5,1657,1116
111442234427,111442234431,4,1471,1128
111449569182,111449569187,5,2296,1514
111451115786,111451115793,7,2074,1553
111451505330,111451505333,3,1275,1207
111451561782,111451561785,3,1999,1420
111451755995,111451756015,20,2154,1390
111452254701,111452254702,1,1385,1147
111453269519,111453269510,-9,27254,19447
111453745806,111453745810,4,2129,1518
111455660061,111455660062,1,2310,2376
111455787326,111455787331,5,2292,1329
111456756425,111456756429,4,1359,1195
111460919822,111460919826,4,1888,1371
111461202686,111461202689,3,1954,1571
111463926442,111463926447,5,2133,1580
111464220582,111464220565,-17,2198,1538
111471053970,111471053974,4,1523,1302
111471175990,111471175995,5,1993,1293
111472659841,111472659845,4,1081,938
111473276072,111473276070,-2,942,1326
111474206417,111474206434,17,2941,1165
111475769989,111475769992,3,1552,1844
111478600304,111478600307,3,2128,1574
111478905610,111478905612,2,1730,1516
111488942255,111488942260,5,1850,1110
111493046140,111493046143,3,1026,1038
111496454816,111496454827,11,13862,19521
111497562068,111497562071,3,1096,752
111504224103,111504224108,5,1878,1352
111506499202,111506499206,4,24863,28175
111513465063,111513465068,5,1886,1384
111515512839,111515512840,1,1563,1955
111517764842,111517764847,5,1857,1061
111518669913,111518669917,4,2107,1156
111520351560,111520351566,6,2262,1197
111522446106,111522446111,5,1228,1314
111522561066,111522561047,-19,2201,1486
111522977897,111522977901,4,1798,1511
111525264538,111525264541,3,1521,1202
111531173510,111531173511,1,1365,1092
111531272858,111531272863,5,2001,1360
111532082057,111532082062,5,1899,1110
111532788702,111532788708,6,2222,919
111538835146,111538835138,-8,949,3458
111541372300,111541372305,5,2196,1796
111542091758,111542091763,5,2035,1682
111543705930,111543705935,5,1482,747
111548223476,111548223481,5,1863,1346
111555424117,111555424115,-2,1230,2360
111557383690,111557383694,4,1856,988
111557834186,111557834196,10,1913,1334
111562049712,111562049724,12,12701,44400
111563494313,111563494317,4,1575,1309
111566014019,111566014024,5,2955,1285
111568381030,111568381034,4,843,561
111568904023,111568904029,6,1946,1747
111569027914,111569027919,5,1326,1285
111569554417,111569554420,3,2216,1886
111570050103,111570050106,3,1559,978
111572962308,111572962313,5,1696,1336
111577000242,111577000246,4,2388,1503
111584244310,111584244314,4,2500,1898
111594057126,111594057131,5,1891,1118
111594227233,111594227237,4,1484,1296
111597134218,111597134222,4,1926,1446
111603921981,111603921997,16,805,1746
111604996883,111604996877,-6,1256,6482
111605292337,111605292339,2,1524,1129
111617232510,111617232514,4,2399,1542
111623662891,111623662887,-4,1341,2983
111629298622,111629298626,4,2610,1554
111633690433,111633690434,1,2150,1403
111637274287,111637274290,3,2776,1903
111643606788,111643606792,4,1767,955
111646508077,111646508081,4,1739,1419
111646694974,111646694979,5,2222,1710
111646741255,111646741259,4,2304,1199
111646819293,111646819279,-14,494,404
111650228141,111650228144,3,2418,1320
111652384030,111652384034,4,1978,1145
111653753318,111653753321,3,1724,1603
111653783506,111653783514,8,8774,2220
111654708373,111654708377,4,2098,1535
111657729713,111657729718,5,2436,1562
111668605894,111668605898,4,1923,1140
111669629286,111669629284,-2,2859,5556
111676168242,111676168244,2,1634,1341
111676485898,111676485902,4,1799,1075
111679512636,111679512642,6,1616,1418
111682939014,111682939015,1,1099,1680
111684630234,111684630230,-4,3207,8870
111685665094,111685665089,-5,1470,4889
111685743506,111685743510,4,2159,1419
111686202080,111686202084,4,2784,1072
111687359127,111687359132,5,1842,890
111688847150,111688847154,4,2330,1418
111692931262,111692931265,3,1971,1426
111693044918,111693044925,7,2083,1017
111693830957,111693830959,2,1952,1288
111694245616,111694245619,3,2080,991
111694830366,111694830371,5,1638,1202
111695221214,111695221219,5,3066,1107
111696136524,111696136526,2,2405,1514
111696296138,111696296151,13,1917,1200
111696952846,111696952848,2,2006,1256
111703477280,111703477282,2,1849,1071
111705582794,111705582798,4,2352,1808
111708511355,111708511358,3,1470,1470
111711890562,111711890566,4,2455,1508
111712697006,111712697011,5,3108,1145
111714019237,111714019242,5,2251,1429
111716773222,111716773227,5,2307,1466
111717980562,111717980568,6,2160,1084
111718405215,111718405219,4,2840,1491
111719385750,111719385754,4,2331,937
111720824921,111720824924,3,2119,1179
111723256934,111723256941,7,3344,1594
111723519737,111723519719,-18,2384,1109
111727772991,111727772995,4,1867,870
111729838794,111729838797,3,2080,1017
111732348458,111732348463,5,2075,966
111738316478,111738316482,4,2550,1410
111739499282,111739499286,4,1195,819
111740682651,111740682655,4,1551,1057
111741057971,111741057989,18,1192,1279
111745259306,111745259310,4,1552,1249
111747083102,111747083104,2,2922,1632
111749789189,111749789194,5,1979,1514
111750986429,111750986435,6,2889,1164
111752494419,111752494423,4,1704,1104
111762689631,111762689635,4,2217,1173
111763712102,111763712105,3,1897,905
111765764356,111765764357,1,1205,1305
111768912025,111768912029,4,2348,1048
111769331246,111769331249,3,1518,807
111780264625,111780264632,7,1529,1204
111783887882,111783887885,3,1164,798
111784724353,111784724357,4,1928,1356
111787269395,111787269399,4,1618,1177
111787802506,111787802507,1,1846,1841
111795614185,111795614189,4,2024,1236
111803723538,111803723543,5,1265,1058
111805746219,111805746220,1,1458,1922
111807993741,111807993743,2,1297,1035
111809102706,111809102709,3,808,1095
111819997527,111819997532,5,2222,1613
111821623209,111821623214,5,2478,1727
111821870418,111821870426,8,3120,1955
111823347432,111823347436,4,1959,1773
111823875217,111823875222,5,3058,1252
111826569693,111826569693,0,1120,961
111832721217,111832721221,4,1879,1596
111834496924,111834496919,-5,1360,3991
111836219073,111836219061,-12,202,1448
111836364200,111836364197,-3,20392,15885
111838594527,111838594531,4,2662,1262
111838740290,111838740285,-5,1250,3842
111839699187,111839699191,4,607,722
111839947110,111839947114,4,1809,963
111841555494,111841555496,2,1500,1318
111842011011,111842011011,0,2072,1521
111842717942,111842717947,5,1502,1422
111844143850,111844143854,4,1649,1572
111845584695,111845584702,7,3785,1428
111845857454,111845857463,9,493,433
111847336015,111847336013,-2,1752,3465
111850261016,111850261018,2,2234,1185
111851346763,111851346769,6,2615,1219
111851672875,111851672881,6,1697,1170
111852583370,111852583374,4,2082,777
111856240850,111856240854,4,2768,1367
111856734841,111856734843,2,1563,846
111857046812,111857046802,-10,1098,1074
111858949505,111858949509,4,1491,1216
111860175719,111860175722,3,1669,1199
111861137955,111861137959,4,1769,952
111866833537,111866833542,5,1952,872
111871195623,111871195628,5,1780,1141
111871922449,111871922469,20,1931,1448
111872204319,111872204302,-17,1529,1249
111874207014,111874207019,5,2241,1593
111876166910,111876166915,5,1953,1238
111876886577,111876886598,21,1672,932
111880338274,111880338279,5,1402,1433
111885758785,111885758790,5,2515,1615
111887368686,111887368689,3,1959,1880
111889380437,111889380440,3,1611,1361
111889445326,111889445312,-14,2315,1266
111892969210,111892969213,3,2536,1629
111895690676,111895690681,5,2151,1427
111897927725,111897927729,4,2158,1159
111902088325,111902088337,12,14327,50741
111903644826,111903644827,1,1396,1111
111904263567,111904263572,5,2409,1474
111906745353,111906745355,2,1911,1863
111906809859,111906809840,-19,2154,1046
111907636158,111907636178,20,128,934
111913178216,111913178223,7,1428,1090
111916431814,111916431818,4,2750,1463
111918882269,111918882274,5,2033,1273
111920644597,111920644603,6,2400,1511
111922911686,111922911686,0,1322,2010
111923851293,111923851297,4,2061,1172
111925242267,111925242262,-5,1121,1919
111927162056,111927162059,3,2077,1064
111928023319,111928023325,6,1358,1079
111930532246,111930532251,5,2413,1293
111930705073,111930705080,7,2529,1794
111933142935,111933142940,5,2033,1130
111939042068,111939042071,3,1762,786
111939891750,111939891754,4,2161,1676
111940738486,111940738490,4,1633,1219
111941019352,111941019356,4,2616,1448
111943144347,111943144352,5,2524,1439
111946601641,111946601645,4,1634,1370
111950117763,111950117767,4,2770,2112
111951035178,111951035182,4,1636,1199
111951463124,111951463128,4,1828,1123
111952449696,111952449699,3,2347,1621
111956022436,111956022434,-2,1175,2213
111956215997,111956215982,-15,1534,902
111957021526,111957021529,3,2476,2411
111957427030,111957427035,5,1630,1093
111958505391,111958505395,4,3538,3515
111958569245,111958569250,5,1615,1818
111959027038,111959027044,6,1698,1555
111959251793,111959251796,3,2642,1296
111964466026,111964466029,3,1854,1326
111965892302,111965892307,5,1442,1181
111967294541,111967294546,5,1131,1202
111971451997,111971452000,3,1524,952
111974458316,111974458321,5,1586,1208
111974722221,111974722225,4,1934,1451
111975237498,111975237480,-18,1175,25
111986094470,111986094474,4,1729,968
111988727744,111988727747,3,15497,14149
111989348606,111989348611,5,2149,1559
111994666065,111994666054,-11,4094,14792
111998764808,111998764811,3,2218,1166
111999982333,111999982334,1,1301,1133
112004238209,112004238214,5,1546,1193
112008071510,112008071514,4,1560,1384
112011853477,112011853482,5,2213,1120
112012121364,112012121367,3,2070,1200
112012318822,112012318828,6,2395,1507
112015707446,112015707450,4,2008,1176
112018114972,112018114974,2,1799,1215
112018332199,112018332203,4,1547,962
112026669996,112026669996,0,5805,7055
112026834709,112026834711,2,1991,1946
112029126674,112029126678,4,1767,1424
112030234766,112030234772,6,3005,1281
112031733846,112031733852,6,2199,1329
112038084842,112038084846,4,1658,1103
112040647729,112040647735,6,3169,1309
112043036432,112043036438,6,1323,860
112044792290,112044792295,5,1634,1119
112046022662,112046022666,4,2182,1529
112046782507,112046782510,3,1968,1125
112047078802,112047078791,-11,1490,395
112047964521,112047964523,2,1697,1427
112049652272,112049652269,-3,1301,3817
112054520283,112054520286,3,1986,1371
112057830762,112057830766,4,2660,1270
112060855593,112060855597,4,2034,1349
112061792289,112061792294,5,1404,1030
112062161420,112062161438,18,2268,1289
112062671942,112062671941,-1,9360,15095
112063526094,112063526096,2,1828,1468
112063779622,112063779606,-16,1772,1104
112065196340,112065196344,4,1806,1351
112072771794,112072771783,-11,4125,17773
112072876330,112072876335,5,2124,1231
112072910382,112072910391,9,808,914
112074364950,112074364953,3,1695,1251
112076693102,112076693102,0,1516,1073
112078886300,112078886303,3,2036,1108
112079192798,112079192798,0,1276,1502
112080246676,112080246680,4,2723,1674
112081063110,112081063111,1,1665,863
112082216826,112082216827,1,1542,1823
112086697228,112086697231,3,2125,1276
112088263265,112088263270,5,1820,930
112088367995,112088367998,3,1457,1038
112091196655,112091196657,2,1847,1350
112091707158,112091707163,5,2139,1435
112092540318,112092540323,5,2233,1578
112096301146,112096301147,1,1361,2312
112096830294,112096830300,6,2415,1816
112097782702,112097782706,4,2481,1586
112098967654,112098967655,1,1199,998
112104095880,112104095883,3,2146,1272
112105020458,112105020466,8,2933,1089
112106093905,112106093886,-19,2120,1607
112108978494,112108978497,3,1631,2271
112110082380,112110082383,3,1792,1379
112113625877,112113625879,2,1648,2031
112114011100,112114011103,3,2112,1867
112117398998,112117399002,4,2153,1503
112118770679,112118770682,3,2314,1477
112121208239,112121208244,5,2132,1379
112122664022,112122664026,4,2610,1749
112124090502,112124090500,-2,1208,17234
112126716602,112126716606,4,2287,1616
112128310642,112128310647,5,2472,1553
112128606014,112128606019,5,1460,1100
112137135085,112137135091,6,1724,1360
112141278321,112141278327,6,1224,1112
112144573695,112144573700,5,2038,1025
112148637237,112148637241,4,1796,1115
112149449926,112149449931,5,2141,1231
112153089586,112153089593,7,1649,803
112156343216,112156343218,2,1755,1333
112160982954,112160982959,5,1690,976
112164004845,112164004848,3,1580,1662
112168364998,112168365001,3,2098,1549
112169024534,112169024539,5,1701,1214
112170409469,112170409475,6,3319,1583
112175068779,112175068781,2,1654,1109
112176269296,112176269296,0,1174,1900
112179322974,112179322978,4,1676,1319
112183202412,112183202412,0,3461,16627
112186166646,112186166650,4,2043,1666
112188228063,112188228065,2,1443,1498
112188527130,112188527135,5,1312,904
112189927726,112189927730,4,3225,1621
112190001842,112190001847,5,1265,1338
112190915968,112190915974,6,1775,1259
112193755371,112193755375,4,1550,1104
112195526567,112195526571,4,2089,1292
112195580689,112195580693,4,1864,728
112197424341,112197424326,-15,1018,1088
112199868666,112199868672,6,2074,1021
112205034581,112205034586,5,1982,1319
112207136404,112207136407,3,2234,1739
112207237457,112207237470,13,1447,803
112213710965,112213710969,4,1627,1214
112214486638,112214486620,-18,1242,382
112214542406,112214542409,3,720,325
112214961489,112214961494,5,1950,1062
112218795602,112218795605,3,1568,1321
112220299853,112220299856,3,3539,1571
112220666939,112220666942,3,1785,1369
112221788284,112221788293,9,2339,1251
112224963097,112224963090,-7,3200,13002
112226870626,112226870631,5,1333,1087
112227279506,112227279509,3,1838,1647
112229030888,112229030891,3,2064,1198
112232586563,112232586565,2,1843,920
112233140533,112233140538,5,1782,1112
112234425889,112234425893,4,1667,1479
112235858622,112235858626,4,1872,1615
112237046970,112237046959,-11,1620,801
112237558091,112237558094,3,1866,1541
112242281074,112242281079,5,2762,1660
112244230210,112244230198,-12,1310,912
112244574679,112244574683,4,2195,1219
112244931763,112244931768,5,2096,1733
112245815922,112245815903,-19,851,464
112250423535,112250423541,6,2214,965
112258693045,112258693050,5,2615,1857
112262327743,112262327746,3,1334,929
112265106785,112265106789,4,2078,1063
112265305422,112265305438,16,2102,813
112268041851,112268041846,-5,1286,599
112269153793,112269153787,-6,24210,14207
112269692770,112269692775,5,1927,1262
112273968383,112273968385,2,1801,1320
112275179605,112275179611,6,2536,1973
112280052839,112280052844,5,2200,1654
112280367813,112280367805,-8,29201,12154
112283327925,112283327929,4,1998,1465
112283884754,112283884748,-6,748,91
112290899119,112290899125,6,2462,1279
112292046989,112292046992,3,1696,1165
112294258069,112294258069,0,4247,18894
112296962664,112296962663,-1,1160,2080
112298719641,112298719645,4,1847,1197
112303043015,112303043021,6,2648,1817
112303071175,112303071178,3,1784,1356
112306734514,112306734518,4,2357,1542
112311965745,112311965751,6,1350,1283
112319240213,112319240217,4,2905,1335
112324407309,112324407310,1,1783,1411
112330820066,112330820071,5,2174,1058
112331699447,112331699454,7,1643,1202
112336749934,112336749936,2,1851,1962
112340103767,112340103770,3,2163,1442
112346913141,112346913146,5,1171,1100
112350244322,112350244327,5,2282,1637
112350277861,112350277853,-8,1423,4350
112351701369,112351701374,5,1587,1707
112354342819,112354342824,5,1892,1310
112357191320,112357191323,3,1875,1220
112358747847,112358747853,6,1500,1366
112363611666,112363611669,3,2006,1195
112365846206,112365846206,0,1397,1500
112366999666,112366999670,4,2481,1527
112367703221,112367703225,4,1813,1345
112369397202,112369397205,3,1921,1245
112369669745,112369669750,5,2711,1095
112370994450,112370994453,3,2320,2133
112371963018,112371963022,4,1840,1860
112373900451,112373900454,3,1844,1317
112376320694,112376320697,3,1118,1354
112379061087,112379061090,3,2104,1378
112379184749,112379184754,5,2584,1806
112379615560,112379615563,3,1492,1036
112380313396,112380313399,3,2154,1235
112381446565,112381446569,4,2072,1590
112382244098,112382244100,2,1567,1075
112384115618,112384115620,2,1325,1119
112385562455,112385562458,3,1628,1493
112386569866,112386569870,4,1469,1335
112387646116,112387646119,3,2224,1265
112387930744,112387930747,3,2193,1589
112388497358,112388497361,3,2482,1704
112389254990,112389254997,7,2221,1261
112391286146,112391286153,7,2780,1265
112392076789,112392076794,5,1126,650
112397569571,112397569572,1,1527,1464
112401305733,112401305738,5,2225,1543
112401352582,112401352588,6,1939,1513
112404389430,112404389435,5,1453,1207
112406579834,112406579838,4,2156,1478
112408666093,112408666094,1,22348,25323
112408994897,112408994902,5,2444,1111
112411105582,112411105586,4,2480,1404
112414689511,112414689511,0,1383,1437
112420554446,112420554450,4,2111,1645
112423052216,112423052219,3,1890,955
112437971370,112437971377,7,3290,1346
112439334658,112439334659,1,1897,1775
112440441979,112440441983,4,1696,1306
112440517920,112440517925,5,2382,1387
112442065226,112442065230,4,2745,1180
112444063903,112444063907,4,1401,907
112445394598,112445394602,4,2877,1891
112447842080,112447842082,2,2706,1349
112449123574,112449123582,8,1311,932
112449781669,112449781673,4,1997,1654
112453336242,112453336248,6,1587,631
112459488629,112459488633,4,1924,1179
112462162554,112462162558,4,1580,1519
112462401045,112462401050,5,3302,1608
112464333248,112464333252,4,2056,1135
112465140009,112465140013,4,2135,1525
112466026960,112466026962,2,1772,1586
112466389502,112466389508,6,1373,973
112468328181,112468328182,1,613,265
112470580412,112470580415,3,2016,1519
112472611370,112472611374,4,1954,1833
112473885090,112473885093,3,1446,833
112474022797,112474022787,-10,15175,29911
112474768787,112474768792,5,1890,1334
112475182957,112475182963,6,1738,1399
112476481684,112476481687,3,1445,1450
112476597905,112476597909,4,2312,1507
112479911139,112479911142,3,2257,1361
112486263125,112486263130,5,1670,904
112486846051,112486846061,10,1543,1520
112491898135,112491898140,5,2267,1253
112497366115,112497366120,5,2092,1179
112498271889,112498271894,5,2155,1284
112498693793,112498693798,5,1725,1427
112501596586,112501596590,4,4193,3242
112501926914,112501926917,3,1136,1570
112510114107,112510114110,3,2458,1733
112511996749,112511996754,5,1725,1420
112516080025,112516080031,6,2559,1185
112517089894,112517089898,4,2393,1536
112518200047,112518200050,3,1478,1204
112519330715,112519330719,4,1749,1042
112524780099,112524780106,7,4734,1403
112529135962,112529135963,1,1821,1360
112532816810,112532816814,4,1904,1073
112537476882,112537476887,5,1211,841
112539078801,112539078804,3,1842,1225
112540477813,112540477819,6,1842,908
112545184036,112545184039,3,1872,1000
112546231622,112546231626,4,1905,1099
112546267077,112546267081,4,1716,923
112546793960,112546793963,3,1233,972
112560190833,112560190835,2,1365,994
112566863650,112566863655,5,2026,1294
112569463106,112569463108,2,2126,1242
112574302757,112574302761,4,2261,1765
112577741333,112577741335,2,1651,1191
112577889407,112577889411,4,1413,1897
112578286547,112578286551,4,1555,956
112579630401,112579630405,4,1522,1049
112581465954,112581465959,5,1994,1512
112583229818,112583229819,1,2906,2257
112586819809,112586819813,4,1277,1615
112588456945,112588456924,-21,3092,1980
112592147974,112592147977,3,1765,1701
112595685392,112595685396,4,2120,1312
112599173189,112599173199,10,12131,41434
112600921889,112600921890,1,1489,1282
112602641431,112602641434,3,2173,1829
112604218150,112604218156,6,3362,984
112604987317,112604987333,16,2257,1369
112605444316,112605444319,3,1881,1352
112605690926,112605690931,5,1319,1133
112605839034,112605839039,5,1801,1134
112605924900,112605924905,5,2258,1334
112609025722,112609025729,7,3608,1701
112610082003,112610082006,3,2288,1128
112614215131,112614215137,6,2341,819
112616676044,112616676049,5,2453,1541
112616932462,112616932471,9,3941,1296
112617489787,112617489795,8,3221,1244
112617830314,112617830326,12,1828,1464
112618369074,112618369080,6,1680,1000
112623623298,112623623302,4,1418,1094
112624973226,112624973231,5,2244,1297
112625263619,112625263605,-14,1000,653
112626355254,112626355258,4,2162,1502
112628525065,112628525068,3,618,598
112633829692,112633829692,0,27434,25646
112634231505,112634231509,4,2025,1312
112636474793,112636474796,3,1860,971
112640158106,112640158110,4,1414,1385
112643286777,112643286780,3,1724,1354
112644922805,112644922804,-1,1134,2246
112647321310,112647321315,5,2492,1242
112647586233,112647586238,5,2520,1716
112647810735,112647810738,3,1302,943
112649286472,112649286469,-3,1611,2720
112650609047,112650609050,3,1401,1158
112656236612,112656236598,-14,909,3250
112658603221,112658603225,4,1767,1296
112659441820,112659441825,5,1377,1162
112664225362,112664225365,3,1495,1779
112666075107,112666075109,2,2576,2055
112666192869,112666192873,4,2247,1340
112668953752,112668953757,5,1919,1054
112669752314,112669752319,5,3046,922
112672835652,112672835655,3,1807,1243
112678394974,112678394979,5,2820,1130
112679206643,112679206648,5,2983,1972
112684100834,112684100834,0,1334,1218
112686928843,112686928850,7,2533,1084
112696812234,112696812241,7,1307,992
112699970593,112699970598,5,1643,1408
112706885550,112706885555,5,2014,1604
112708496630,112708496637,7,13649,32518
112709117918,112709117926,8,11053,32728
112711912402,112711912407,5,1964,779
112712617089,112712617087,-2,20840,8805
112715529596,112715529598,2,1883,1118
112716668005,112716668007,2,30976,21910
112718340128,112718340132,4,2081,1531
112719339312,112719339317,5,2331,1520
112726647575,112726647582,7,1235,1037
112726921246,112726921249,3,1570,1351
112727320953,112727320957,4,1718,1251
112727505282,112727505274,-8,1875,9795
112730697743,112730697748,5,2272,1390
112733210363,112733210365,2,2967,3308
112734593217,112734593217,0,1564,1824
112738537637,112738537642,5,1698,1659
112741785469,112741785473,4,1761,1714
112743250310,112743250315,5,1635,868
112748494539,112748494544,5,1517,1233
112753638291,112753638295,4,1846,1685
112754972985,112754972989,4,2107,1403
112755211789,112755211794,5,1642,1070
112759654434,112759654437,3,1603,976
112763222306,112763222309,3,1939,1550
112763688410,112763688418,8,2005,1038
112767357373,112767357370,-3,899,2331
112768848638,112768848643,5,2848,1131
112769879737,112769879741,4,2512,1243
112770145611,112770145590,-21,1633,1039
112771823561,112771823564,3,2535,1216
112773891388,112773891392,4,2192,1033
112774735914,112774735927,13,2957,1260
112774850374,112774850383,9,943,378
112778178958,112778178963,5,2844,1742
112778537517,112778537535,18,16200,36566
112779834929,112779834934,5,2456,984
112781891594,112781891601,7,2406,960
112788537522,112788537527,5,1941,1510
112790729647,112790729654,7,1338,899
112792661274,112792661269,-5,1096,2867
112793160466,112793160470,4,3299,1482
112795737951,112795737953,2,1807,1093
112796462409,112796462391,-18,2549,1209
112798459623,112798459626,3,1618,1400
112801139057,112801139061,4,1963,1460
112801889961,112801889965,4,1048,1014
112804939658,112804939662,4,2867,1798
112805216990,112805216995,5,4330,1934
112811585998,112811586007,9,5300,1301
112812238035,112812238015,-20,1263,701
112813948828,112813948831,3,1951,1485
112814481094,112814481098,4,1781,1209
112815918630,112815918631,1,2153,1366
112817208614,112817208621,7,1387,1048
112817493142,112817493143,1,1328,1698
112820946752,112820946754,2,1913,1248
112823960978,112823960961,-17,1567,973
112824536410,112824536414,4,1637,1419
112826213252,112826213273,21,873,129
112829612194,112829612199,5,2100,909
112830683899,112830683902,3,1800,1449
112832814074,112832814078,4,2530,1025
112833153291,112833153284,-7,62253,46092
112834004266,112834004270,4,1876,1097
112834038970,112834038952,-18,2801,1327
112834888686,112834888689,3,2379,1371
112835177395,112835177399,4,1537,1198
112836766876,112836766880,4,1654,1376
112838275842,112838275845,3,1186,1231
112840924809,112840924816,7,2433,1461
112847582680,112847582686,6,2317,1128
112855613524,112855613527,3,1919,2056
112856169639,112856169643,4,1379,1044
112859932727,112859932733,6,1977,1371
112861476170,112861476173,3,1762,919
112862287413,112862287418,5,1657,1117
112865946391,112865946393,2,1404,1122
112869210363,112869210368,5,3467,2252
112869737036,112869737045,9,2052,997
112870508245,112870508248,3,1925,1015
112870598720,112870598704,-16,2817,1410
112870784779,112870784773,-6,33214,15298
112872788901,112872788906,5,1710,1276
112873698532,112873698536,4,2039,1335
112877201684,112877201682,-2,2516,3338
112880245185,112880245177,-8,2189,6371
112883109504,112883109509,5,2716,2044
112889142274,112889142278,4,1867,1086
112892557050,112892557054,4,1096,836
112895513984,112895513990,6,1497,835
112900887105,112900887099,-6,605,7502
112903513004,112903513010,6,1540,1445
112903770641,112903770646,5,2276,1425
112904327717,112904327722,5,1535,1297
112906211626,112906211631,5,1745,1097
112910399339,112910399342,3,2091,1401
112910743156,112910743156,0,2280,2674
112911148322,112911148323,1,1931,1706
112913243063,112913243061,-2,667,1968
112913355750,112913355753,3,2043,1651
112920213127,112920213131,4,1484,1152
112922128137,112922128138,1,1775,1634
112924194614,112924194617,3,1930,1282
112925362909,112925362919,10,51,892
112929218210,112929218214,4,1953,1081
112929615793,112929615796,3,1197,727
112930679378,112930679381,3,2321,1365
112932223331,112932223333,2,1708,1358
112933439365,112933439370,5,2617,1774
112936457369,112936457374,5,2282,1543
112936499208,112936499211,3,1539,908
112944365549,112944365545,-4,1438,3339
112950238829,112950238836,7,2691,1132
112952182331,112952182336,5,1337,1403
112954692145,112954692150,5,2335,1111
112954809538,112954809543,5,1821,1040
112958489565,112958489568,3,1433,1014
112958991778,112958991780,2,1692,1407
112964304355,112964304361,6,2089,1192
112966382568,112966382573,5,2733,1767
112976905767,112976905772,5,1887,865
112978257441,112978257445,4,2056,1113
112979966051,112979966054,3,1966,1372
112980361759,112980361763,4,1701,1047
112989534317,112989534319,2,1677,1193
112994329129,112994329132,3,1733,976
112997773581,112997773585,4,3307,1828
112998612291,112998612294,3,1349,1464
113001265413,113001265419,6,2557,1260
113001533760,113001533763,3,19862,8801
113003210104,113003210100,-4,1474,1122
113004069185,113004069183,-2,1733,1189
113011496524,113011496527,3,2003,1615
113012070061,113012070064,3,2190,1495
113014527057,113014527061,4,1732,1395
113014761634,113014761614,-20,1221,718
113016246413,113016246417,4,2087,1225
113019981025,113019981027,2,1879,1465
113024213342,113024213346,4,1581,1784
113029373885,113029373887,2,1257,1005
113029441646,113029441650,4,1880,1296
113031911775,113031911778,3,2100,1358
113034670574,113034670577,3,2104,1431
113035868898,113035868901,3,2931,1865
113039250702,113039250697,-5,1461,3456
113042174539,113042174543,4,1617,1110
113044710410,113044710415,5,1543,1235
113046042873,113046042874,1,1225,1336
113050019191,113050019196,5,1995,1747
113057312926,113057312927,1,805,1033
113058645355,113058645363,8,1323,727
113065268198,113065268204,6,1430,1499
113066842222,113066842227,5,2180,1193
113077543718,113077543714,-4,668,1287
113082344633,113082344633,0,1312,1308
113083871601,113083871607,6,2020,1343
113090822051,113090822055,4,2215,1280
113092590802,113092590807,5,1292,904
113094297448,113094297452,4,2627,1799
113094966892,113094966898,6,1943,1126
113098733867,113098733870,3,2124,1430
113099725036,113099725040,4,3770,2020
113101172560,113101172565,5,1682,1136
113104843274,113104843279,5,1534,1377
113107029326,113107029330,4,2141,1179
113107871400,113107871402,2,2337,1532
113108918759,113108918763,4,1903,1128
113110076043,113110076043,0,1670,1813
113116739929,113116739934,5,1764,1105
113120215501,113120215506,5,1111,730
113123776927,113123776930,3,1655,1466
113126189778,113126189782,4,1871,1290
113130561885,113130561888,3,2264,1706
113133456433,113133456438,5,2051,820
113134323204,113134323209,5,2266,1249
113136550485,113136550478,-7,2229,10334
113137420602,113137420607,5,2000,1234
113138138039,113138138042,3,1759,1272
113139851261,113139851264,3,2188,1752
113140638366,113140638370,4,1628,1182
113146729126,113146729129,3,1829,1388
113148421065,113148421070,5,1337,984
113149039582,113149039586,4,1897,1296
113161837911,113161837911,0,1233,924
113165928571,113165928575,4,1017,533
113170589317,113170589319,2,1571,883
113170624525,113170624531,6,2018,1320
113172538712,113172538717,5,2029,1561
113173349034,113173349032,-2,1144,2025
113178175499,113178175502,3,1857,1119
113178850266,113178850270,4,2431,1157
113181640186,113181640194,8,2795,1130
113185861149,113185861154,5,1709,1313
113194157441,113194157449,8,9249,32446
113197822457,113197822461,4,1848,1568
113205137414,113205137417,3,1361,1301
113205619771,113205619791,20,1844,1150
113210230840,113210230845,5,3500,1599
113211611086,113211611070,-16,1217,1259
113215662573,113215662578,5,2082,1532
113218016122,113218016126,4,2140,1607
113220683047,113220683050,3,1646,1136
113225687082,113225687085,3,1441,902
113236076481,113236076485,4,1927,1639
113236717779,113236717782,3,1557,923
113240972401,113240972407,6,3928,1068
113241524153,113241524158,5,1511,1314
113247282973,113247282978,5,2329,1653
113248412069,113248412074,5,2665,1389
113248957953,113248957957,4,2646,1384
113249667614,113249667618,4,2224,1658
113258468946,113258468949,3,1899,1281
113259306633,113259306635,2,1974,1538
113259379406,113259379408,2,2195,1444
113260938298,113260938279,-19,2390,995
113261307808,113261307811,3,1209,1190
113267282338,113267282341,3,1710,1196
113267393726,113267393735,9,1816,1306
113270185584,113270185590,6,2308,1322
113271011354,113271011358,4,2103,1444
113275845090,113275845095,5,2476,1236
113282304930,113282304934,4,1388,1768
113282653255,113282653261,6,2187,1306
113285105712,113285105718,6,1969,1135
113286986756,113286986760,4,1833,1608
113287940830,113287940832,2,1049,1068
113290912999,113290913004,5,2039,1167
113291010873,113291010852,-21,1608,691
113292998631,113292998635,4,2990,2045
113294484786,113294484792,6,2416,1617
113296478459,113296478464,5,1598,1477
113298181188,113298181193,5,2275,1511
113299187178,113299187181,3,2082,1062
113299587163,113299587142,-21,577,267
113300929252,113300929260,8,2469,1663
113301583937,113301583957,20,2035,1178
113304763107,113304763111,4,1806,1630
113305125971,113305125974,3,908,575
113305604183,113305604186,3,1216,1091
113308740684,113308740689,5,1737,1316
113310393201,113310393206,5,1868,1218
113311347932,113311347934,2,1865,1384
113314735196,113314735199,3,2491,1532
113321503581,113321503585,4,1386,702
113322013243,113322013247,4,2069,1455
113323090533,113323090536,3,1985,1348
113327852825,113327852830,5,1902,1538
113329045594,113329045600,6,2323,1250
113329083418,113329083417,-1,1612,1896
113330739430,113330739432,2,1839,1517
113337907914,113337907919,5,2496,1123
113341366917,113341366922,5,2421,1781
113341466897,113341466893,-4,681,3072
113345490672,113345490675,3,2766,2121
113345737523,113345737527,4,2015,1413
113347624076,113347624074,-2,3936,6362
113348525610,113348525613,3,2173,1054
113349822329,113349822328,-1,1295,1389
113350648718,113350648723,5,1568,1414
113352085624,113352085630,6,1811,1048
113352894426,113352894431,5,1824,948
113353814467,113353814470,3,2059,1525
113360656619,113360656627,8,3368,1405
113362309590,113362309593,3,2228,1647
113363640363,113363640366,3,1353,1190
113365784260,113365784263,3,1759,1236
113369071736,113369071736,0,1263,1798
113369975639,113369975641,2,2196,1512
113370742442,113370742446,4,2354,1035
113371580290,113371580295,5,1892,1047
113373287174,113373287179,5,1872,1121
113373489334,113373489339,5,2021,1421
113375527353,113375527358,5,2052,1421
113378333306,113378333311,5,1031,821
113381577754,113381577757,3,2133,1533
113382113125,113382113127,2,2450,1491
113382159782,113382159786,4,2356,1454
113384092422,113384092438,16,466,2022
113388805535,113388805539,4,1744,1168
113393003926,113393003930,4,1969,1734
113401370703,113401370707,4,1780,914
113403677443,113403677448,5,2914,1619
113407527865,113407527870,5,1416,720
113411867793,113411867795,2,1796,1168
113413861801,113413861805,4,1104,1024
113415126866,113415126873,7,3115,1133
113415396029,113415396033,4,2015,1259
113415518087,113415518092,5,2884,1616
113416228489,113416228494,5,2559,1175
113417341487,113417341491,4,2266,622
113417437863,113417437865,2,1428,1660
113417657517,113417657533,16,2102,1335
113426970234,113426970238,4,2637,1379
113428703725,113428703730,5,1973,1043
113432430801,113432430805,4,1767,1118
113435154014,113435154019,5,2053,951
113436499871,113436499877,6,1948,1468
113438734859,113438734865,6,2231,1186
113441599782,113441599786,4,3115,1636
113449162034,113449162036,2,2376,1670
113450923040,113450923038,-2,1701,2475
113451570555,113451570559,4,1770,2086
113452338882,113452338887,5,1501,1132
113457373698,113457373702,4,1246,1154
113466761934,113466761938,4,1897,1336
113467868802,113467868807,5,2191,1482
113468694674,113468694678,4,1674,1568
113469946763,113469946769,6,2338,1281
113470075939,113470075946,7,1953,1148
113470330851,113470330854,3,1844,1229
113471446870,113471446872,2,2097,1520
113471549847,113471549852,5,2019,1730
113472432665,113472432667,2,1550,1105
113480058023,113480058026,3,2577,1487
113481027459,113481027465,6,2613,1711
113484053470,113484053474,4,1279,835
113485866926,113485866931,5,1767,1058
113486799689,113486799693,4,2050,1266
113489598534,113489598538,4,1590,1143
113490080513,113490080518,5,2035,1588
113491029938,113491029942,4,1557,1483
113491493918,113491493922,4,2437,1492
113492241082,113492241086,4,1826,1047
113498844835,113498844838,3,2171,1154
113504321082,113504321090,8,2598,1359
113505721057,113505721060,3,1940,1762
113510440625,113510440630,5,1561,1003
113517212489,113517212491,2,1908,1697
113517905801,113517905805,4,1984,1080
113526043199,113526043203,4,1986,1001
113526406425,113526406427,2,1288,1174
113528730361,113528730362,1,976,1453
113532005555,113532005558,3,1807,825
113533033655,113533033660,5,1690,1616
113533242002,113533242004,2,2405,1760
113535448529,113535448530,1,1857,1437
113537614566,113537614572,6,2590,1809
113538824563,113538824567,4,1770,1671
113542209739,113542209742,3,1684,1247
113542317498,113542317479,-19,1848,858
113542884990,113542884995,5,1544,977
113547974838,113547974842,4,1937,1856
113548123179,113548123182,3,1564,1369
113550242067,113550242072,5,1630,1110
113555249406,113555249410,4,1963,1612
113557171102,113557171102,0,1852,2315
113557286756,113557286761,5,2464,1686
113559509166,113559509170,4,2440,1082
113559821737,113559821741,4,1718,1008
113564492072,113564492077,5,2336,1664
113565860330,113565860333,3,2514,1586
113570807792,113570807794,2,1970,1048
113571343492,113571343496,4,1516,1308
113572270306,113572270311,5,1617,1231
113574312018,113574312022,4,1651,999
113584800174,113584800171,-3,1760,946
113586863337,113586863343,6,1383,1001
113588209413,113588209418,5,2110,1392
113594729874,113594729871,-3,1273,2237
113595844109,113595844107,-2,1241,2481
113598266346,113598266349,3,1953,1114
113604458403,113604458407,4,1073,1117
113606729832,113606729835,3,1597,1984
113608968820,113608968823,3,1834,1121
113610264819,113610264819,0,1565,1425
113613850270,113613850271,1,26240,16340
113614327447,113614327451,4,2710,1321
113617567704,113617567707,3,2043,1283
113621387835,113621387841,6,3430,1236
113622310594,113622310613,19,2116,1226
113623092879,113623092884,5,2583,1549
113623899638,113623899646,8,1939,1219
113626076701,113626076705,4,3040,1799
113628018475,113628018481,6,1163,1117
113628923717,113628923722,5,1715,1304
113631447733,113631447734,1,1740,1465
113632198846,113632198851,5,2499,1237
113634276656,113634276659,3,2392,1903
113636941074,113636941077,3,698,921
113637497293,113637497289,-4,24797,14965
113637736501,113637736506,5,1889,1299
113637891726,113637891729,3,1480,1616
113638519138,113638519142,4,1761,1576
113640215407,113640215411,4,2318,1486
113641774936,113641774939,3,2514,998
113647402998,113647403000,2,1453,1487
113647805193,113647805198,5,2049,1193
113647984366,113647984371,5,1168,729
113648628805,113648628809,4,1654,1677
113652229367,113652229371,4,1562,1166
113653224529,113653224531,2,1892,1067
113654326893,113654326899,6,2823,1414
113657161693,113657161700,7,3546,1435
113659228630,113659228635,5,1648,1386
113660123001,113660123005,4,1958,1006
113660413623,113660413627,4,1840,1135
113662694273,113662694278,5,1680,993
113666174124,113666174126,2,2440,1639
113666356315,113666356321,6,1757,1338
113667315006,113667315010,4,2229,1215
113669135430,113669135434,4,1621,848
113671530810,113671530814,4,2869,1636
113674234446,113674234450,4,1699,1175
113674856146,113674856150,4,1698,1287
113675248644,113675248646,2,2550,2003
113675602162,113675602167,5,1856,1412
113675754730,113675754733,3,2504,1211
113675944302,113675944311,9,1929,1824
113676053437,113676053440,3,2264,1493
113677408242,113677408246,4,1631,1444
113678613550,113678613554,4,1690,1355
113681641366,113681641370,4,3094,1788
113683112470,113683112481,11,1534,1295
113685392701,113685392707,6,2161,1630
113687307610,113687307618,8,2632,1253
113693881175,113693881177,2,1848,1405
113694636112,113694636105,-7,2229,6740
113697603892,113697603895,3,2194,1066
113697669544,113697669546,2,2457,1311
113697708941,113697708926,-15,1317,994
113698861413,113698861416,3,1819,1017
113700595321,113700595326,5,2091,1632
113705549221,113705549225,4,1469,1625
113714124916,113714124920,4,2663,1396
113718728828,113718728830,2,2446,1121
113718797363,113718797367,4,2101,1613
113719440918,113719440922,4,2663,1473
113721081558,113721081564,6,3246,1534
113721278975,113721278964,-11,533,206
113722360266,113722360270,4,2221,1259
113725034790,113725034796,6,2186,1764
113726323675,113726323678,3,1842,1456
113727441063,113727441066,3,2172,995
113731609800,113731609803,3,1800,1950
113732299210,113732299214,4,2191,1731
113733013170,113733013190,20,1200,1700
113739123574,113739123579,5,1362,761
113740721726,113740721731,5,1734,1333
113741890917,113741890911,-6,1535,4568
113744051210,113744051214,4,2365,1902
113754093648,113754093652,4,2184,1329
113755861653,113755861651,-2,1664,1368
113759293318,113759293322,4,2575,1031
113760243143,113760243148,5,2750,1830
113761124502,113761124507,5,1850,1604
113768672029,113768672034,5,1483,1106
113770170178,113770170183,5,1386,970
113770635818,113770635824,6,1515,1599
113773235170,113773235174,4,1882,1262
113775063288,113775063291,3,1666,1365
113775234277,113775234281,4,2030,1227
113775591370,113775591375,5,1553,1184
113776254423,113776254426,3,2595,1748
113777072521,113777072525,4,2340,1337
113777158294,113777158298,4,3121,1690
113780722366,113780722371,5,1461,902
113794693711,113794693714,3,1800,1001
113795688430,113795688434,4,1108,815
113797924071,113797924070,-1,2983,5000
113801129995,113801129999,4,1297,1185
113802681044,113802681049,5,3043,1454
113810164952,113810164956,4,1750,1510
113814587226,113814587231,5,2054,1029
113815301888,113815301892,4,1459,1189
113816444806,113816444811,5,1743,1080
113817575781,113817575785,4,1666,1040
113825495888,113825495893,5,1499,952
113828129287,113828129288,1,1259,2049
113829102583,113829102587,4,2350,1917
113829132177,113829132182,5,815,782
113832435815,113832435818,3,2404,1559
113834128478,113834128483,5,2265,1020
113839569513,113839569517,4,1484,1011
113843981037,113843981039,2,1808,955
113847656425,113847656432,7,6274,2389
113854909335,113854909340,5,1465,1192
113855822334,113855822340,6,2352,1198
113858707537,113858707542,5,1213,886
113860897801,113860897803,2,1897,1544
113864677399,113864677403,4,1998,1290
113866809159,113866809163,4,2382,1430
113867540047,113867540038,-9,914,5646
113874400034,113874400038,4,1892,911
113879301066,113879301070,4,2717,1431
113883027806,113883027811,5,1902,1190
113884423240,113884423243,3,1804,1042
113888559955,113888559959,4,1904,1305
113888727829,113888727834,5,2085,1092
113889144582,113889144602,20,1415,3014
113895937830,113895937833,3,1431,1230
113897226633,113897226636,3,1510,1283
113897271731,113897271733,2,2071,1712
113897601155,113897601133,-22,1738,1155
113898376963,113898376967,4,1650,1196
113900631276,113900631279,3,1828,1238
113902101483,113902101487,4,2337,966
113902310930,113902310934,4,2109,1120
113902710711,113902710714,3,1190,894
113903640098,113903640107,9,11668,36804
113903677074,113903677079,5,1681,1011
113905351762,113905351767,5,2157,1219
113905643162,113905643166,4,2149,1469
113906021377,113906021381,4,1645,2017
113906576070,113906576071,1,1820,1248
113910295049,113910295028,-21,2879,1820
113910472018,113910471997,-21,1217,1780
113913788278,113913788282,4,1592,1727
113919091135,113919091118,-17,2191,1279
113919347478,113919347481,3,1648,1199
113924285049,113924285046,-3,1633,2539
113925927622,113925927627,5,2269,36335
113930206737,113930206742,5,1856,1398
113931594653,113931594654,1,1673,1121
113931695199,113931695202,3,2255,1181
113936853325,113936853330,5,1225,855
113940117978,113940117979,1,1421,1611
113942004844,113942004847,3,1517,1371
113942738342,113942738347,5,2272,1357
113942767465,113942767471,6,2199,1108
113945114085,113945114088,3,1538,1066
113950949958,113950949955,-3,1009,2983
113953038906,113953038907,1,2345,1086
113954060889,113954060892,3,1828,934
113956045332,113956045336,4,1995,1011
113956279475,113956279452,-23,571,149
113958873459,113958873462,3,1715,1477
113959464526,113959464530,4,4105,2722
113959596985,113959596987,2,785,1160
113961224905,113961224895,-10,25393,15797
113963301538,113963301541,3,3114,2045
113963348291,113963348295,4,1969,1318
113965674095,113965674098,3,1725,1132
113967875634,113967875638,4,2337,1124
113968885099,113968885103,4,1471,1303
113970793618,113970793623,5,1379,1187
113972036486,113972036490,4,2394,1949
113972532340,113972532344,4,1575,1132
113973423052,113973423056,4,1880,1131
113974509370,113974509376,6,2235,1362
113978751734,113978751739,5,1529,782
113980616236,113980616239,3,1881,1305
113989148674,113989148677,3,1751,1295
113990373397,113990373401,4,2650,1486
113990483093,113990483098,5,1824,1247
113990576571,113990576575,4,3194,1627
113990681226,113990681228,2,1477,1665
113994102082,113994102087,5,1831,1279
113994766058,113994766062,4,1722,1143
113996009968,113996009973,5,1288,741
113996613165,113996613167,2,1281,1267
113997586477,113997586482,5,1803,901
113998096791,113998096797,6,2791,1443
113998237956,113998237940,-16,1393,486
114000272993,114000272998,5,1807,1206
114001218034,114001218038,4,1781,1108
114001959398,114001959405,7,2127,1251
114003429658,114003429662,4,1840,1184
114004550050,114004550054,4,2134,1416
114004843266,114004843270,4,1408,1139
114007358181,114007358186,5,2667,1486
114012544773,114012544778,5,2179,1739
114013944349,114013944349,0,1767,2443
114014040762,114014040766,4,2792,2189
114021670082,114021670085,3,1320,1365
114023474698,114023474702,4,1313,1148
114025091784,114025091788,4,2033,1273
114028325754,114028325758,4,2275,1103
114031792918,114031792920,2,1177,1339
114032208878,114032208882,4,2081,1878
114033125606,114033125611,5,2440,1378
114033992362,114033992366,4,1659,1318
114034596788,114034596791,3,1807,1091
114035313902,114035313906,4,1117,1025
114035523019,114035523025,6,1093,877
114036174098,114036174101,3,1963,1643
114037315725,114037315729,4,2722,1907
114041692326,114041692327,1,1795,1389
114042900702,114042900705,3,2078,1270
114043138665,114043138671,6,1944,749
114045029419,114045029424,5,1836,1414
114046051083,114046051086,3,1982,1283
114047356202,114047356204,2,2053,1534
114053099780,114053099782,2,623,572
114055086630,114055086635,5,3129,1343
114055661321,114055661325,4,1042,345
114058725193,114058725198,5,969,993
114067146681,114067146687,6,2156,1246
114075490351,114075490355,4,1461,956
114076051913,114076051918,5,2721,1495
114077437635,114077437641,6,1874,1166
114078180679,114078180674,-5,637,1880
114078774134,114078774139,5,2161,1794
114082115295,114082115301,6,2002,1463
114082367281,114082367285,4,2659,1344
114083860957,114083860962,5,2274,1316
114084617066,114084617071,5,1733,1361
114086578191,114086578193,2,3197,2870
114095417615,114095417618,3,1255,1060
114097750914,114097750918,4,2190,1443
114099582318,114099582322,4,1900,1378
114100859655,114100859671,16,557,211
114103141277,114103141283,6,1521,1081
114112280894,114112280894,0,1670,1725
114114488820,114114488823,3,31719,30717
114115476167,114115476174,7,1230,1123
114117473450,114117473449,-1,1611,1825
114118309400,114118309401,1,1215,1153
114125145565,114125145567,2,1853,1707
114125669237,114125669243,6,1709,897
114127556127,114127556131,4,2536,1498
114127949125,114127949129,4,1588,1750
114129542893,114129542898,5,2404,1817
114129734646,114129734651,5,1546,1085
114136547712,114136547717,5,3005,1443
114141066666,114141066668,2,2064,1107
114142678435,114142678440,5,1812,1281
114146431425,114146431432,7,1675,1524
114146950047,114146950056,9,8642,28863
114148540103,114148540106,3,2165,1577
114149436990,114149436995,5,2620,1748
114154275458,114154275462,4,2357,1288
114154700442,114154700446,4,2774,1696
114161890822,114161890821,-1,1062,1938
114164199273,114164199278,5,1791,946
114165787642,114165787646,4,1907,1382
114169661478,114169661482,4,2037,1353
114170897111,114170897117,6,2361,1118
114173784517,114173784521,4,1994,1370
114175148282,114175148287,5,1959,1361
114176340164,114176340166,2,1544,1230
114176650983,114176650986,3,2152,1380
114178310126,114178310130,4,1854,1205
114184034930,114184034929,-1,1402,2052
114187594251,114187594254,3,1390,1158
114189943214,114189943219,5,2518,1731
114192287498,114192287503,5,1856,1287
114197700407,114197700411,4,2007,1482
114203524213,114203524215,2,1748,1080
114204708471,114204708476,5,1819,1409
114210538789,114210538792,3,1815,887
114222544169,114222544174,5,1582,1045
114222994372,114222994374,2,1911,939
114231241346,114231241354,8,2448,1328
114234843621,114234843626,5,1057,1052
114247225292,114247225295,3,2100,1329
114247401578,114247401581,3,2207,1556
114249154900,114249154906,6,2402,1163
114250446894,114250446897,3,1286,914
114256264506,114256264513,7,1424,1095
114258820186,114258820191,5,1687,692
114264334149,114264334153,4,1967,1209
114266174638,114266174642,4,2180,1332
114266551352,114266551355,3,2469,1623
114267646666,114267646669,3,1858,1109
114271580937,114271580939,2,1560,1306
114273144240,114273144243,3,1840,1235
114276106586,114276106591,5,1350,1187
114279513702,114279513699,-3,15487,16934
114280584303,114280584307,4,2105,1080
114282749134,114282749122,-12,5,882
114283511073,114283511074,1,1726,1421
114285297027,114285297030,3,2338,1749
114285534748,114285534743,-5,875,3736
114288042229,114288042234,5,2404,942
114291411362,114291411366,4,1086,904
114291458649,114291458668,19,1004,302
114301027818,114301027813,-5,1514,5082
114306661604,114306661609,5,2325,1129
114307496729,114307496731,2,2358,1803
114312769437,114312769441,4,1522,1465
114315479161,114315479158,-3,2433,4582
114317017696,114317017694,-2,1141,1722
114318338366,114318338366,0,1505,1983
114319182574,114319182580,6,3153,1600
114320859949,114320859955,6,2377,1486
114321223354,114321223332,-22,1882,1241
114322373481,114322373484,3,1843,1761
114325595450,114325595453,3,1602,1468
114325901798,114325901804,6,4376,1302
114326771054,114326771058,4,1189,826
114333066512,114333066518,6,4498,2126
114333668895,114333668899,4,2432,1301
114335644173,114335644177,4,2250,1335
114340273274,114340273279,5,2581,1641
114342578794,114342578797,3,1821,991
114343060513,114343060518,5,2242,1165
114343498344,114343498349,5,3098,1723
114343748986,114343748991,5,3352,2139
114346766464,114346766467,3,1881,1506
114347282643,114347282646,3,2230,1845
114348215554,114348215562,8,10567,2690
114357679379,114357679383,4,1611,1214
114359722306,114359722312,6,2277,1522
114363628314,114363628317,3,1948,1681
114364577594,114364577598,4,4078,1697
114373691515,114373691520,5,2048,1458
114373822085,114373822088,3,2093,1240
114375409156,114375409161,5,1597,1236
114378848010,114378848015,5,1607,1131
114388906867,114388906871,4,2692,1740
114389161310,114389161294,-16,778,466
114389922890,114389922893,3,1602,1347
114398103674,114398103670,-4,853,2250
114399270914,114399270919,5,2316,1160
114406654381,114406654386,5,2159,901
114409675929,114409675935,6,2465,1204
114409732307,114409732310,3,1664,1081
114411006591,114411006599,8,10502,1417
114412907706,114412907712,6,1922,1340
114413417251,114413417257,6,2263,1419
114415682577,114415682575,-2,749,1786
114416792707,114416792711,4,893,792
114420348689,114420348691,2,32935,18197
114420471950,114420471954,4,1386,1292
114422915088,114422915094,6,1088,1282
114423059079,114423059082,3,1673,954
114423654847,114423654829,-18,430,425
114428270567,114428270563,-4,1991,4142
114429490830,114429490833,3,2522,1276
114430120010,114430119990,-20,1799,1103
114434638265,114434638265,0,1683,1101
114434943397,114434943401,4,1867,1749
114435933135,114435933141,6,1552,1000
114435974918,114435974926,8,1686,1377
114437978777,114437978781,4,2662,1553
114439606520,114439606525,5,3016,1174
114446288938,114446288942,4,1913,1064
114449556397,114449556401,4,1548,1060
114450543733,114450543741,8,73332,25006
114453611299,114453611302,3,1447,1160
114454790402,114454790405,3,1775,1223
114456014872,114456014878,6,2327,1371
114460120248,114460120250,2,1006,1371
114461599196,114461599199,3,2308,1744
114462275383,114462275387,4,2620,1244
114463044845,114463044850,5,2496,1861
114463651843,114463651846,3,1544,845
114469573073,114469573074,1,2626,2536
114469901773,114469901777,4,1827,984
114474661785,114474661782,-3,1448,1393
114477852756,114477852760,4,2052,1529
114478013004,114478013005,1,1374,1527
114478968186,114478968189,3,1547,2166
114480143467,114480143469,2,2005,1249
114481809968,114481809970,2,3384,1547
114488801571,114488801579,8,2144,740
114490988721,114490988723,2,1845,1161
114496921476,114496921470,-6,2220,4970
114500384420,114500384423,3,2230,1719
114501314317,114501314320,3,1746,1294
114502651438,114502651442,4,1365,632
114504087238,114504087242,4,1396,779
114507266699,114507266702,3,2081,1475
114511321042,114511321047,5,2083,1365
114512251647,114512251650,3,1840,1174
114515062010,114515062007,-3,1995,4861
114517181383,114517181387,4,1545,916
114524299037,114524299042,5,2734,1646
114527915474,114527915479,5,3158,1805
114529452813,114529452817,4,1638,1626
114530895015,114530895021,6,2470,1195
114531266202,114531266181,-21,2112,1421
114534665523,114534665528,5,2193,1332
114535039846,114535039851,5,1614,1271
114537917105,114537917106,1,1010,1206
114539880582,114539880587,5,1451,871
114540646488,114540646490,2,1282,1178
114540989256,114540989277,21,1517,901
114541585530,114541585508,-22,1525,246
114542795425,114542795429,4,1243,745
114545063577,114545063583,6,3931,1415
114545834470,114545834476,6,3847,1621
114551005665,114551005668,3,1795,1025
114555020394,114555020376,-18,1850,1420
114571725694,114571725699,5,2298,1065
114573216091,114573216094,3,1651,1176
114577679386,114577679391,5,1429,1116
114579966342,114579966337,-5,901,1869
114580726115,114580726119,4,1966,984
114583014061,114583014066,5,2260,1379
114584004486,114584004490,4,2219,1230
114584415651,114584415631,-20,1696,685
114584728013,114584728018,5,2302,1446
114588383607,114588383613,6,2444,1093
114589203802,114589203806,4,2313,1352
114589550201,114589550206,5,1526,1279
114594245589,114594245593,4,1246,942
114595642472,114595642475,3,2202,1314
114598826925,114598826928,3,1918,1578
114600010562,114600010567,5,1734,1218
114604435737,114604435739,2,1367,1149
114608767131,114608767132,1,1423,1867
114611894919,114611894922,3,1932,1323
114614258993,114614258982,-11,1531,7811
114614993235,114614993239,4,1869,1265
114617281095,114617281095,0,1172,1381
114619239032,114619239034,2,2153,1587
114621446787,114621446791,4,1846,1629
114622034700,114622034701,1,1180,1338
114623125310,114623125313,3,2465,1704
114623639998,114623640001,3,1819,1334
114624953951,114624953956,5,2340,1314
114627181528,114627181531,3,4603,18762
114627641759,114627641763,4,1947,1559
114628189566,114628189570,4,1967,1208
114632529374,114632529379,5,1499,1360
114638328183,114638328186,3,1640,1447
114639496589,114639496593,4,1338,1329
114642083275,114642083280,5,2857,1619
114643871129,114643871135,6,2411,885
114644247013,114644247016,3,1882,1374
114644300898,114644300903,5,1895,1463
114644836662,114644836668,6,1982,1586
114649957363,114649957368,5,2126,1317
114651775047,114651775053,6,1777,1364
114653728789,114653728791,2,1620,1906
114654125531,114654125535,4,1069,649
114660238102,114660238106,4,2521,1728
114661953823,114661953825,2,1154,1249
114663401798,114663401802,4,2404,1682
114663472831,114663472836,5,3047,1579
114667869414,114667869418,4,1990,1432
114672451497,114672451503,6,1883,1389
114672547812,114672547809,-3,27023,59847
114675838108,114675838111,3,2324,1318
114678387189,114678387193,4,1646,1096
114679048594,114679048599,5,1550,1283
114681085132,114681085137,5,2354,1754
114684103795,114684103798,3,2029,1644
114689801150,114689801155,5,2303,1605
114697052355,114697052358,3,1881,1272
114699438425,114699438428,3,1618,1220
114703030730,114703030733,3,2430,1632
114706361496,114706361500,4,2128,1117
114706999671,114706999674,3,1772,1116
114707359486,114707359490,4,1653,940
114708605737,114708605739,2,2267,1283
114708774265,114708774287,22,1678,1274
114710440826,114710440832,6,4223,2609
114713568397,114713568401,4,1098,1026
114718611246,114718611250,4,2017,1280
114719857210,114719857215,5,2297,1352
114725967869,114725967874,5,2060,1234
114727031899,114727031902,3,2181,1370
114727604802,114727604806,4,1488,1260
114728347568,114728347566,-2,1464,3274
114731656257,114731656253,-4,2056,5248
114734223169,114734223173,4,1922,1496
114737205030,114737205035,5,2463,1277
114740423025,114740423029,4,1794,1508
114742119382,114742119386,4,1520,1167
114749382382,114749382386,4,1833,1443
114749809879,114749809883,4,3033,1770
114750013711,114750013715,4,2274,1639
114751615538,114751615542,4,1359,1116
114753393346,114753393349,3,1912,1429
114756276117,114756276119,2,1410,1285
114762932109,114762932112,3,1784,1698
114764752501,114764752506,5,2340,1502
114777819257,114777819261,4,1864,1337
114779313420,114779313423,3,1683,1110
114780690154,114780690158,4,1303,1312
114780986842,114780986823,-19,2441,740
114782023695,114782023698,3,2510,1152
114783420505,114783420518,13,2018,717
114786025546,114786025552,6,2176,1084
114786568490,114786568494,4,1743,1513
114787896109,114787896114,5,2097,1178
114788279043,114788279042,-1,1331,2516
114795934892,114795934895,3,2544,1237
114796492733,114796492736,3,2150,984
114806339068,114806339073,5,2441,1137
114808022343,114808022348,5,2477,1257
114808077678,114808077681,3,1379,833
114809676921,114809676926,5,2302,1253
114810098594,114810098597,3,2848,1124
114813058246,114813058250,4,1735,960
114814700950,114814700953,3,2112,1189
114816541368,114816541373,5,1919,1298
114816608907,114816608910,3,2649,1802
114819865197,114819865203,6,2734,1006
114821507798,114821507803,5,2268,1521
114821894430,114821894412,-18,798,7
114822951174,114822951177,3,1763,1044
114824726651,114824726655,4,1947,1106
114824758447,114824758453,6,948,251
114826364879,114826364877,-2,983,1464
114830803907,114830803912,5,668,731
114838456535,114838456522,-13,1357,1757
114838939739,114838939743,4,2444,1344
114843461471,114843461476,5,3970,2760
114844888005,114844888002,-3,6253,12052
114848361022,114848361016,-6,1341,2638
114854286912,114854286916,4,1597,1281
114857416622,114857416626,4,2341,1363
114859429731,114859429736,5,2601,1640
114864145674,114864145679,5,2034,1665
114868017111,114868017100,-11,2364,1430
114870691394,114870691399,5,1948,1054
114870881675,114870881694,19,1793,1106
114873647654,114873647658,4,2387,1553
114873908918,114873908924,6,3170,1771
114879100043,114879100045,2,1453,1015
114881465606,114881465612,6,1438,1020
114891703302,114891703305,3,1209,1904
114902925547,114902925548,1,1807,935
114903708644,114903708648,4,2211,1853
114912434405,114912434407,2,1674,1230
114924993284,114924993287,3,1864,1755
114925604706,114925604697,-9,1021,3291
114927377717,114927377722,5,1599,1075
114932314871,114932314874,3,1209,1436
114932437279,114932437284,5,1827,1231
114933406772,114933406776,4,1728,1151
114933911215,114933911219,4,1446,1026
114937158795,114937158798,3,2312,1402
114937982906,114937982907,1,2213,1361
114938030989,114938030994,5,2267,1532
114942076349,114942076355,6,2223,1168
114943124286,114943124305,19,770,1707
114948809594,114948809597,3,1912,1068
114949648768,114949648773,5,1928,1539
114951235656,114951235663,7,1036,1045
114951950451,114951950428,-23,1491,1462
114954102622,114954102626,4,2042,1563
114954640762,114954640765,3,1580,1482
114956780853,114956780858,5,1085,1132
114958652494,114958652498,4,1474,741
114963327685,114963327690,5,2100,1846
114964397018,114964397022,4,1832,1586
114965763986,114965763990,4,2133,1499
114966779293,114966779298,5,2437,1249
114968425953,114968425955,2,1316,965
114970179681,114970179685,4,1776,1300
114971110503,114971110507,4,1442,1429
114973569689,114973569695,6,3242,1046
114973628545,114973628567,22,1423,690
114978780119,114978780124,5,2878,1221
114981038429,114981038431,2,1443,941
114981758436,114981758430,-6,936,3232
114982387463,114982387466,3,1261,1438
114984346373,114984346378,5,2362,1544
114985332299,114985332299,0,1346,1363
114986813545,114986813549,4,1842,1417
114988232566,114988232570,4,1576,1006
114989017473,114989017468,-5,1197,4374
114990332274,114990332277,3,1526,1265
114991828638,114991828654,16,1876,1197
114993070577,114993070582,5,2222,1777
114996892902,114996892909,7,1551,1296
114999855353,114999855358,5,2734,1531
115000050562,115000050566,4,2434,1290
115000473057,115000473062,5,1812,960
115000832624,115000832626,2,1921,1011
115001439065,115001439068,3,2008,1377
115003609886,115003609891,5,1804,1348
115004404918,115004404922,4,1895,1482
115006490605,115006490608,3,2081,1685
115010820995,115010820989,-6,1225,2881
115012208078,115012208083,5,1571,1640
115012409178,115012409183,5,2522,1482
115013056143,115013056148,5,2769,1453
115013639137,115013639139,2,1680,1016
115014075749,115014075754,5,1835,1473
115014641587,115014641591,4,2212,1398
115018482741,115018482747,6,1294,913
115021730393,115021730401,8,2158,877
115022923202,115022923206,4,1225,1159
115023308635,115023308639,4,2266,939
115025548104,115025548108,4,2162,1651
115025972196,115025972199,3,2369,1749
115026045943,115026045946,3,1771,932
115029051951,115029051951,0,1135,1799
115030023915,115030023919,4,1864,1241
115030107578,115030107583,5,2101,1386
115033850611,115033850611,0,1209,1832
115050283509,115050283514,5,3017,2418
115050456918,115050456921,3,1828,1159
115054497070,115054497074,4,1384,669
115054803877,115054803863,-14,1893,1112
115059941378,115059941382,4,1627,1675
115061620730,115061620735,5,2239,1415
115065070365,115065070367,2,1213,1233
115069444082,115069444086,4,1578,1121
115070417235,115070417237,2,1584,1938
115071457772,115071457775,3,2028,1798
115073136646,115073136651,5,659,557
115079520017,115079520020,3,2738,1300
115083040492,115083040496,4,1791,1617
115084531569,115084531573,4,2512,1088
115085317741,115085317746,5,2678,1020
115085364794,115085364799,5,1897,934
115087072651,115087072657,6,1353,1111
115087559181,115087559186,5,2693,1166
115091166239,115091166242,3,1331,1092
115093216726,115093216731,5,2362,1688
115095824917,115095824921,4,1100,980
115097325219,115097325224,5,2403,1706
115097611839,115097611853,14,551,321
115099103295,115099103301,6,1722,958
115103703269,115103703273,4,1834,1010
115104304990,115104304991,1,1231,1732
115107004150,115107004153,3,1128,1268
115108109464,115108109471,7,525,177
115108538258,115108538277,19,2082,1240
115110812977,115110812982,5,1942,1247
115115630547,115115630553,6,2476,1249
115117684393,115117684394,1,2289,2435
115117896680,115117896683,3,1752,1029
115121298937,115121298942,5,1607,1138
115123572950,115123572955,5,2534,1289
115123851879,115123851881,2,2262,1743
115124677389,115124677393,4,2121,1320
115127208088,115127208093,5,2026,1224
115140818137,115140818142,5,1493,1143
115142353213,115142353217,4,1783,1391
115143267724,115143267727,3,1791,1629
115143749342,115143749348,6,2716,1434
115144012472,115144012477,5,1699,1510
115144478186,115144478191,5,2937,1550
115145726925,115145726927,2,2185,1295
115148993529,115148993534,5,2002,1143
115150986831,115150986834,3,1513,1793
115152821963,115152821968,5,2667,2011
115155012928,115155012932,4,2513,1248
115155559327,115155559341,14,2202,1152
115156809382,115156809387,5,2234,1421
115157844351,115157844355,4,2452,1559
115161007319,115161007322,3,2029,1691
115164790257,115164790261,4,1613,881
115170997096,115170997095,-1,1462,2737
115171945426,115171945430,4,1678,1168
115172107822,115172107826,4,1492,1425
115174972114,115174972118,4,1551,1564
115175289383,115175289387,4,1415,1785
115175519878,115175519882,4,1948,853
115179785920,115179785923,3,2934,1549
115181642286,115181642291,5,1861,1312
115182038436,115182038440,4,1832,1728
115186673898,115186673902,4,1740,1406
115188017774,115188017777,3,1638,1225
115192317926,115192317930,4,2056,1238
115194703243,115194703249,6,2652,1659
115196016194,115196016190,-4,1294,3197
115196234144,115196234147,3,1952,1720
115197931353,115197931346,-7,1984,9571
115198871867,115198871866,-1,619,1657
115199061797,115199061802,5,1654,1667
115199447830,115199447833,3,1549,1032
115203419338,115203419341,3,1503,1195
115205759341,115205759345,4,1213,1130
115208491383,115208491387,4,1110,593
115208908057,115208908061,4,2307,1709
115211822697,115211822704,7,1865,925
115217292894,115217292898,4,2036,1211
115217425206,115217425212,6,3152,1159
115218615757,115218615760,3,1777,1916
115223111890,115223111895,5,2288,1896
115225948246,115225948249,3,1717,1151
115227937328,115227937331,3,2664,1326
115230578530,115230578534,4,1561,1198
115234161673,115234161677,4,1968,1400
115236286858,115236286865,7,2664,1299
115236952900,115236952905,5,2825,928
115239553863,115239553866,3,1647,1085
115243394647,115243394630,-17,1285,1093
115249145982,115249145986,4,1830,1118
115249823269,115249823284,15,2401,1710
115252053666,115252053670,4,1172,927
115253924210,115253924215,5,2513,1636
115254572650,115254572655,5,1964,1307
115257339178,115257339183,5,1142,1482
115258219021,115258219027,6,1883,1134
115258658733,115258658738,5,2586,1243
115258767830,115258767816,-14,1873,1035
115260171353,115260171358,5,2312,1155
115260781028,115260781031,3,2679,1560
115263281682,115263281686,4,1460,1242
115264979038,115264979043,5,2736,1016
115269789074,115269789079,5,2476,1695
115270977589,115270977591,2,2458,1282
115274484172,115274484174,2,2142,1004
115278648463,115278648466,3,1992,2008
115278930182,115278930179,-3,597,1610
115279619101,115279619106,5,2301,1572
115286155606,115286155610,4,1752,1408
115296481130,115296481135,5,1452,1174
115296588790,115296588775,-15,1880,796
115298490897,115298490901,4,1840,1448
115300150794,115300150799,5,3176,2118
115303762831,115303762835,4,2038,1329
115304453578,115304453582,4,1607,1249
115305568693,115305568697,4,1498,1023
115307184888,115307184893,5,2462,1607
115308627262,115308627243,-19,2598,1457
115312153385,115312153390,5,2224,1059
115312631622,115312631637,15,1530,1191
115313379087,115313379094,7,3500,1572
115313921930,115313921931,1,1256,1050
115313981209,115313981211,2,1091,1443
115322479938,115322479946,8,1902,1121
115323226658,115323226664,6,2649,1362
115325422640,115325422643,3,2034,1401
115332786797,115332786801,4,2175,1771
115335420322,115335420328,6,1926,1376
115336988290,115336988295,5,2055,1471
115339030694,115339030698,4,1439,1019
115340021252,115340021255,3,1835,1048
115342496474,115342496478,4,2187,1424
115343388928,115343388933,5,2038,1609
115344614122,115344614129,7,6097,1192
115349817067,115349817072,5,3326,1973
115350279251,115350279257,6,1328,720
115350909434,115350909437,3,1632,971
115351208088,115351208072,-16,1416,672
115361501606,115361501610,4,2060,1507
115365314917,115365314922,5,1906,1391
115366747176,115366747179,3,1545,1098
115368438255,115368438259,4,1630,979
115372171589,115372171594,5,1891,1349
115376977953,115376977953,0,1214,1898
115379621585,115379621589,4,2999,1762
115381704706,115381704709,3,2090,1135
115385111711,115385111715,4,1567,1000
115385460666,115385460648,-18,1506,1001
115386219834,115386219838,4,2092,1331
115386305678,115386305687,9,629,160
115390925115,115390925120,5,1917,1483
115396907358,115396907363,5,1522,935
115397020438,115397020421,-17,2180,1285
115401497111,115401497116,5,1024,987
115405640353,115405640355,2,1904,1091
115406587867,115406587871,4,2011,1629
115412505752,115412505757,5,1798,1325
115413860586,115413860584,-2,1456,2715
115414740667,115414740670,3,2089,1910
115415837053,115415837049,-4,898,2790
115416678194,115416678202,8,2861,1638
115417284730,115417284735,5,2157,1255
115418400733,115418400737,4,1277,914
115424140630,115424140638,8,3702,1151
115424227850,115424227851,1,1730,1605
115425094277,115425094279,2,1825,1258
115427799942,115427799946,4,1875,1486
115432960642,115432960646,4,1855,1332
115438176863,115438176867,4,1618,1401
115438237686,115438237691,5,3434,1898
115438572714,115438572718,4,1546,1228
115441919981,115441919986,5,2199,1604
115442027817,115442027822,5,1788,1202
115443819941,115443819948,7,2272,1030
115445095141,115445095144,3,2214,1088
115445546058,115445546061,3,1860,1665
115448327808,115448327810,2,2199,1646
115450121449,115450121452,3,1533,1339
115450500473,115450500478,5,2469,1350
115451255502,115451255505,3,2217,1335
115455340174,115455340179,5,2059,1425
115459847215,115459847219,4,2028,1210
115461338533,115461338534,1,1885,2460
115463483979,115463483983,4,1480,1240
115463676909,115463676915,6,1855,1547
115464412729,115464412735,6,2834,1257
115468536689,115468536691,2,2578,1198
115469183346,115469183351,5,1347,575
115470365421,115470365425,4,1966,1630
115478636953,115478636951,-2,1926,1740
115481664666,115481664670,4,1808,1381
115485528033,115485528036,3,1595,882
115488427225,115488427229,4,2286,1661
115490273393,115490273398,5,2783,1236
115493957478,115493957472,-6,858,4286
115496739727,115496739732,5,1699,1202
115498185642,115498185647,5,1861,945
115502679808,115502679813,5,2199,1299
115502707311,115502707293,-18,2870,1539
115506144218,115506144221,3,2330,1258
115506199817,115506199828,11,1809,1047
115507205687,115507205693,6,2266,1498
115517870587,115517870585,-2,1157,2365
115521410317,115521410321,4,1201,804
115524016402,115524016410,8,3896,1229
115524451899,115524451885,-14,857,561
115532610853,115532610858,5,2595,1571
115533038871,115533038873,2,1265,759
115534796642,115534796645,3,1724,1254
115536419788,115536419791,3,1578,1238
115536708879,115536708886,7,2768,1162
115538568153,115538568157,4,1695,1054
115543278014,115543278019,5,2354,1707
115543497561,115543497567,6,3584,1195
115544265018,115544265010,-8,988,5432
115544350110,115544350114,4,3098,1296
115544988521,115544988525,4,1641,1235
115546870930,115546870932,2,1703,1385
115548581767,115548581771,4,2283,1354
115548679710,115548679711,1,1042,338
115550087775,115550087778,3,1022,767
115550639182,115550639185,3,1989,1598
115551208790,115551208794,4,1743,1145
115551528569,115551528589,20,2685,723
115556798246,115556798249,3,2182,1830
115557793194,115557793197,3,1711,1330
115558371445,115558371450,5,1961,1259
115558971432,115558971438,6,2408,1370
115561038790,115561038796,6,1716,1295
115564012049,115564012055,6,3458,1334
115573512286,115573512292,6,2483,1118
115575369584,115575369587,3,1822,1469
115576779438,115576779442,4,2039,1213
115576849088,115576849094,6,1758,1122
115577417486,115577417470,-16,1232,945
115578320625,115578320628,3,2202,1358
115584690273,115584690275,2,1806,1451
115589332035,115589332042,7,1858,1179
115597573506,115597573498,-8,2083,7216
115600968911,115600968916,5,1902,1023
115603162591,115603162595,4,1498,958
115608989628,115608989633,5,2845,1562
115611398345,115611398346,1,2145,1127
115611625995,115611625998,3,1690,1546
115612988541,115612988547,6,2739,1342
115613411096,115613411101,5,2236,1304
115613722398,115613722402,4,2580,1428
115614590635,115614590641,6,1832,1385
115616318399,115616318399,0,1270,1335
115618549094,115618549097,3,1678,895
115619613167,115619613166,-1,1793,3902
115620041646,115620041650,4,1753,1624
115620145168,115620145172,4,1821,1278
115623801161,115623801145,-16,871,189
115626308770,115626308775,5,2284,1443
115626348845,115626348847,2,1242,1103
115630504847,115630504850,3,2586,1405
115632602168,115632602171,3,1770,1602
115634508178,115634508182,4,1711,1364
115635079563,115635079568,5,2657,1667
115640444838,115640444842,4,2022,1265
115641233762,115641233783,21,1366,183
115641381924,115641381926,2,1595,1735
115642182172,115642182176,4,1780,1241
115645539015,115645539031,16,2531,1458
115648295552,115648295554,2,1878,1528
115649038374,115649038374,0,19501,30665
115649172819,115649172824,5,2826,2063
115649919634,115649919638,4,5211,2501
115650346320,115650346324,4,1768,1246
115654491285,115654491291,6,1835,1202
115659940398,115659940403,5,2793,1623
115660173406,115660173413,7,891,285
115661079825,115661079829,4,2410,1335
115661341173,115661341166,-7,1441,1271
115663686143,115663686147,4,1357,1321
115666248875,115666248877,2,1193,1364
115667091909,115667091913,4,1875,1473
115667322714,115667322719,5,2159,1271
115676778101,115676778105,4,2275,1373
115678020890,115678020894,4,2396,982
115678297937,115678297939,2,2498,1902
115679322718,115679322723,5,2101,1498
115679937610,115679937614,4,2656,1726
115681749264,115681749269,5,1680,1256
115681886815,115681886818,3,1662,1237
115684443527,115684443523,-4,1022,4216
115687564682,115687564680,-2,1152,2371
115688485307,115688485311,4,2017,1395
115697180472,115697180477,5,2133,1137
115699118663,115699118661,-2,1217,1221
115701071841,115701071847,6,2953,1081
115705938191,115705938195,4,1972,974
115705963621,115705963608,-13,1824,997
115707909882,115707909886,4,1653,1266
115709916037,115709916041,4,1661,1402
115710492890,115710492893,3,1649,1961
115717750561,115717750564,3,1285,1092
115721818933,115721818938,5,2483,1649
115724058013,115724058019,6,1867,1213
115724834404,115724834390,-14,2003,794
115727513915,115727513918,3,2171,1304
115728141282,115728141288,6,1179,1005
115730339939,115730339942,3,1888,1288
115733330054,115733330055,1,962,1451
115749418685,115749418687,2,2066,1149
115752435453,115752435455,2,2186,1977
115755978369,115755978374,5,1765,1231
115756846063,115756846067,4,2090,2043
115759107662,115759107666,4,1873,1429
115760897686,115760897691,5,2455,1457
115766477940,115766477943,3,2146,1568
115768555138,115768555144,6,3006,1574
115771335033,115771335039,6,2109,1696
115778261810,115778261814,4,1819,1272
115781937050,115781937032,-18,2243,1731
115782491826,115782491826,0,1478,1526
115784153274,115784153276,2,1531,1609
115785439647,115785439651,4,1545,1195
115791545655,115791545655,0,1864,1910
115792194046,115792194050,4,2735,1790
115793808856,115793808859,3,4171,20023
115794741339,115794741344,5,2216,1617
115795339134,115795339138,4,1557,1369
115795943538,115795943542,4,2870,1402
115796835453,115796835458,5,2264,1598
115801500252,115801500258,6,20277,45952
115810689002,115810689003,1,1378,1289
115811090271,115811090253,-18,1683,1404
115811140363,115811140366,3,1671,1113
115814072517,115814072521,4,1814,1616
115817170910,115817170916,6,689,434
115826107855,115826107859,4,3628,1450
115826625042,115826625028,-14,3026,1032
115828727083,115828727089,6,1883,1323
115832107109,115832107115,6,2232,1146
115832276211,115832276215,4,1732,1068
115833079859,115833079864,5,2102,1418
115835665013,115835665017,4,1859,1310
115838375028,115838375030,2,1851,2123
115840777084,115840777086,2,2196,1497
115843063257,115843063258,1,869,1045
115844066050,115844066052,2,2338,22623
115848764606,115848764611,5,1436,990
115851468980,115851468983,3,3623,1719
115851813160,115851813163,3,2477,1469
115854319322,115854319326,4,2683,1358
115861481482,115861481483,1,1992,1426
115868724884,115868724886,2,1544,1701
115869243222,115869243227,5,2288,1338
115873731408,115873731406,-2,866,1932
115874557464,115874557474,10,188,2106
115878441117,115878441121,4,1210,1435
115879769421,115879769427,6,1445,1004
115881194069,115881194074,5,1983,1295
115882249394,115882249397,3,1413,1521
115887254299,115887254304,5,1626,1887
115890847682,115890847687,5,2701,1457
115892553386,115892553390,4,2899,1719
115893543078,115893543083,5,2910,2132
115897397791,115897397795,4,1858,1495
115897867123,115897867127,4,2207,1611
115903104769,115903104771,2,2535,1766
115903509979,115903509983,4,2657,1563
115906151038,115906151043,5,930,1195
115906330458,115906330463,5,2414,1642
115906875991,115906875995,4,1607,918
115906923785,115906923775,-10,654,365
115910710457,115910710462,5,1848,1389
115911315841,115911315862,21,2388,1205
115911504277,115911504285,8,2244,1111
115912235723,115912235729,6,1725,1488
115913646652,115913646657,5,2504,1708
115914178152,115914178151,-1,2042,853
115915294073,115915294077,4,2506,1434
115921529537,115921529538,1,1795,1383
115925210951,115925210955,4,2765,1689
115928453530,115928453536,6,2607,1003
115936155146,115936155152,6,2687,1983
115936517465,115936517466,1,1999,1142
115941531423,115941531428,5,1371,1118
115942400663,115942400660,-3,1688,867
115942767130,115942767132,2,2069,1865
115944992071,115944992074,3,2433,1201
115947364987,115947364991,4,1729,1202
115949251330,115949251330,0,1550,1417
115950354803,115950354806,3,1974,1921
115951101078,115951101083,5,1992,1228
115954468733,115954468733,0,1987,1962
115960037453,115960037458,5,1721,1332
115960185350,115960185352,2,2221,1530
115961635587,115961635591,4,2038,1026
115965840607,115965840613,6,2283,1023
115968630088,115968630092,4,1561,1242
115968816020,115968816024,4,1081,832
115969588081,115969588086,5,1807,1293
115970388838,115970388843,5,1878,1349
115971718717,115971718722,5,1964,1153
115972468974,115972468981,7,1471,958
115972566909,115972566924,15,755,225
115974456678,115974456683,5,2201,1330
115976107030,115976107035,5,2410,1201
115981943198,115981943201,3,2018,1588
115984897097,115984897102,5,2071,1309
115989664761,115989664766,5,2423,1334
115990143705,115990143708,3,2190,2276
115990538650,115990538656,6,2247,1822
115992701687,115992701691,4,1812,1025
115994128361,115994128366,5,3776,1450
115996937471,115996937474,3,2149,1405
115998491422,115998491425,3,1006,673
115999626659,115999626662,3,2002,1449
116007631393,116007631395,2,1160,841
116007897538,116007897537,-1,1189,1426
116013775028,116013775030,2,2220,1451
116017148285,116017148289,4,2026,1926
116018132233,116018132237,4,3186,1686
116018312417,116018312421,4,2007,1415
116018368915,116018368895,-20,2435,943
116019344154,116019344171,17,530,139
116021387341,116021387345,4,2142,1572
116022781937,116022781943,6,2080,1337
116023205669,116023205666,-3,2564,6607
116024368069,116024368067,-2,1405,1474
116026169550,116026169553,3,2149,1325
116026551163,116026551170,7,2436,1660
116026688607,116026688611,4,2323,970
116027391058,116027391065,7,11809,3882
116027481284,116027481288,4,2061,1468
116028865944,116028865949,5,2724,1418
116029250654,116029250657,3,1742,1110
116029293894,116029293876,-18,1531,556
116032666556,116032666557,1,1841,955
116036941121,116036941125,4,1586,911
116037802471,116037802475,4,1677,1275
116042866666,116042866668,2,1472,1921
116053034018,116053034023,5,1492,1539
116053504751,116053504742,-9,1757,1180
116054427830,116054427832,2,1422,873
116058318958,116058318962,4,1872,953
116061172154,116061172155,1,2026,1421
116065066493,116065066497,4,1622,1561
116065533450,116065533454,4,2504,1602
116065896634,116065896638,4,2151,1362
116073611695,116073611700,5,1968,1572
116074969562,116074969566,4,1749,1057
116078209738,116078209744,6,1931,1152
116078632378,116078632358,-20,2488,1029
116080320392,116080320398,6,2414,1447
116082412713,116082412715,2,2026,1122
116084690178,116084690179,1,1523,1300
116084992213,116084992218,5,2358,1435
116086302441,116086302446,5,1143,917
116087365039,116087365043,4,2037,1538
116094381281,116094381286,5,1908,889
116094514642,116094514645,3,1284,962
116095946279,116095946284,5,2544,1311
116096524343,116096524356,13,534,115
116098467068,116098467074,6,2628,1669
116100869054,116100869059,5,2248,1180
116104137452,116104137443,-9,752,6396
116105248979,116105248983,4,1125,833
116106584530,116106584535,5,2133,1406
116107712493,116107712498,5,2415,1353
116113496873,116113496879,6,2527,1569
116114084450,116114084451,1,2454,1015
116114132546,116114132549,3,2892,2535
116122528305,116122528310,5,1654,1175
116124577669,116124577674,5,2385,1108
116125038845,116125038828,-17,1724,986
116125895198,116125895201,3,1938,1712
116126074555,116126074557,2,1596,849
116129869250,116129869256,6,3224,1844
116132478335,116132478339,4,1772,1283
116132909468,116132909474,6,1638,844
116134442746,116134442742,-4,1057,3501
116136646633,116136646640,7,2647,1680
116148199669,116148199662,-7,993,3317
116150178114,116150178118,4,1537,1311
116166927370,116166927371,1,1708,1738
116168478528,116168478534,6,1594,1050
116169186395,116169186372,-23,1332,706
116170822094,116170822098,4,2903,1426
116171263670,116171263675,5,1941,1481
116172294445,116172294445,0,1779,1352
116173944974,116173944982,8,1818,1190
116174284236,116174284228,-8,964,2262
116174447565,116174447569,4,2281,1412
116178400747,116178400750,3,1273,716
116181243086,116181243081,-5,1111,2489
116182853918,116182853923,5,2291,1277
116183415665,116183415671,6,1354,1155
116185155751,116185155745,-6,571,1357
116189122538,116189122543,5,1603,1081
116190286774,116190286779,5,1905,953
116190596755,116190596762,7,2666,2005
116190825798,116190825801,3,2239,1712
116191731625,116191731630,5,2133,1660
116192176832,116192176838,6,1890,1129
116194421705,116194421710,5,2254,1539
116198644993,116198644997,4,2286,1198
116199378942,116199378946,4,2396,1378
116202372694,116202372695,1,1079,1378
116204753374,116204753379,5,1691,1031
116205129436,116205129434,-2,2422,4150
116205753138,116205753143,5,2063,976
116206928115,116206928122,7,1855,1096
116207149635,116207149616,-19,1651,1305
116209341800,116209341806,6,3436,1170
116211002641,116211002642,1,1136,1269
116212693102,116212693106,4,1425,846
116213480360,116213480365,5,1812,1392
116213733508,116213733512,4,1865,1061
116215183148,116215183151,3,1332,965
116215693073,116215693080,7,3670,1435
116220876470,116220876475,5,2229,1618
116222204397,116222204402,5,2254,1823
116223284862,116223284869,7,5032,1521
116224694423,116224694426,3,1351,818
116224777075,116224777052,-23,2046,969
116228529754,116228529758,4,1917,1152
116232430365,116232430371,6,2372,941
116234277888,116234277905,17,515,1528
116236660145,116236660150,5,1867,1006
116240053918,116240053921,3,2661,1778
116240579287,116240579290,3,1688,1284
116245005614,116245005619,5,2649,1451
116245145770,116245145774,4,2188,1315
116248109885,116248109889,4,1700,1363
116249920265,116249920271,6,2409,1524
116250282997,116250283001,4,1685,1496
116252386663,116252386667,4,2117,1405
116252870802,116252870807,5,1826,1230
116255680946,116255680950,4,1722,952
116257057713,116257057717,4,2055,1716
116257162293,116257162297,4,2608,2024
116262308797,116262308796,-1,1088,1593
116262734960,116262734965,5,1674,1205
116267432969,116267432974,5,2187,1082
116267593729,116267593733,4,1722,1128
116267816326,116267816330,4,1562,1399
116272517048,116272517052,4,1595,1232
116274203955,116274203958,3,1778,1282
116275696901,116275696906,5,1893,1667
116276445710,116276445714,4,1555,1413
116282220887,116282220891,4,2343,1736
116285381542,116285381547,5,1707,1205
116285629590,116285629595,5,2274,1299
116287662697,116287662704,7,1956,1323
116289794740,116289794744,4,1750,1115
116290838415,116290838409,-6,737,2673
116292991563,116292991567,4,2126,1085
116293191006,116293191001,-5,760,2637
116294580882,116294580885,3,1938,1152
116297299254,116297299261,7,3767,1645
116298514707,116298514702,-5,1324,4962
116299433197,116299433201,4,1774,1242
116300292783,116300292787,4,2317,1124
116302114094,116302114097,3,1763,1574
116306987022,116306987026,4,1825,1333
116309101535,116309101538,3,1991,1447
116312309839,116312309843,4,1466,1183
116314139562,116314139565,3,2238,1509
116316415481,116316415483,2,1500,847
116320317362,116320317366,4,1768,1156
116326076961,116326076965,4,2377,1704
116329749606,116329749610,4,1810,1361
116330208619,116330208623,4,1736,785
116332016038,116332016043,5,2352,1421
116332798389,116332798394,5,1350,818
116334584349,116334584350,1,1553,1139
116340741305,116340741309,4,1558,1050
116344304294,116344304296,2,2330,2079
116344623973,116344623978,5,2458,1840
116345911137,116345911140,3,1409,1280
116346217406,116346217413,7,1924,1189
116347094562,116347094543,-19,2179,819
116350113943,116350113937,-6,21547,12345
116351515253,116351515259,6,2965,1589
116353245317,116353245320,3,2231,1122
116354828529,116354828532,3,2369,1593
116357027922,116357027926,4,3089,1748
116359541273,116359541277,4,2206,1108
116370062881,116370062886,5,2427,1275
116376711246,116376711249,3,2739,1247
116377057571,116377057575,4,1773,1041
116378381317,116378381321,4,1782,933
116379464213,116379464219,6,2172,1508
116380210592,116380210597,5,1597,1209
116381543833,116381543837,4,1413,1032
116382295362,116382295366,4,1847,1578
116382777895,116382777886,-9,857,246
116386861474,116386861477,3,2025,1149
116391318607,116391318611,4,2167,1572
116397800433,116397800417,-16,1605,1043
116399591997,116399591999,2,1932,1164
116400576197,116400576202,5,2029,1640
116403340107,116403340110,3,1823,1515
116405704842,116405704843,1,1325,2597
116405901893,116405901898,5,1966,1218
116407124806,116407124812,6,2978,1201
116411320807,116411320810,3,2060,1263
116412276100,116412276105,5,3071,1618
116414416049,116414416048,-1,1829,2395
116415745038,116415745042,4,1664,1329
116416140935,116416140939,4,910,790
116418082849,116418082853,4,2037,1374
116422783756,116422783761,5,1645,1428
116423133678,116423133682,4,1986,1197
116424712644,116424712646,2,2019,1461
116424999383,116424999389,6,2232,1448
116430440908,116430440903,-5,1320,5049
116436132959,116436132962,3,2561,1232
116436315834,116436315814,-20,1799,938
116439085110,116439085114,4,2278,1575
116443024554,116443024557,3,1867,1327
116444226346,116444226349,3,1859,1412
116450853515,116450853522,7,1870,1169
116453318734,116453318737,3,2230,1154
116457236454,116457236466,12,664,4618
116458276829,116458276822,-7,1514,7843
116459724408,116459724410,2,1486,1939
116460637863,116460637867,4,2490,1718
116460872843,116460872847,4,1577,1151
116462483912,116462483914,2,1970,1188
116464687150,116464687154,4,2040,1456
116465391532,116465391534,2,936,694
116466639372,116466639376,4,1329,1539
116469417277,116469417285,8,4285,1430
116470036994,116470036998,4,2067,1206
116471563193,116471563197,4,1133,1028
116473134559,116473134564,5,2758,1669
116474143690,116474143694,4,1731,1206
116483210834,116483210840,6,2980,1617
116483453744,116483453746,2,2520,1499
116485569083,116485569089,6,2282,1271
116486608657,116486608659,2,1420,1329
116487918820,116487918824,4,2062,1816
116490566932,116490566935,3,1602,1039
116492952692,116492952695,3,1969,1308
116495154690,116495154694,4,2108,1583
116495889353,116495889356,3,1832,1128
116496728411,116496728420,9,1775,1222
116496842761,116496842762,1,1773,1687
116502440665,116502440666,1,1694,1516
116503435274,116503435278,4,2601,1606
116506958829,116506958834,5,2086,1362
116510157713,116510157734,21,2155,1979
116510542661,116510542669,8,1738,1338
116513036767,116513036770,3,1678,1246
116513659354,116513659358,4,2288,1126
116514516479,116514516483,4,1764,1340
116518464773,116518464781,8,1705,1099
116520826109,116520826120,11,1551,1466
116527250271,116527250275,4,1766,1254
116527609394,116527609396,2,1411,1852
116534998822,116534998822,0,1501,1106
116537226762,116537226765,3,1902,1285
116541036268,116541036273,5,2019,1429
116543227782,116543227786,4,2584,1640
116551641467,116551641473,6,1660,1059
116552574351,116552574356,5,2021,1094
116553390270,116553390272,2,1255,1600
116556664118,116556664122,4,1540,1017
116556900946,116556900927,-19,1106,583
116558951525,116558951519,-6,567,2157
116560821733,116560821737,4,1395,582
116561429958,116561429965,7,2445,1212
116563718472,116563718479,7,4291,2417
116565099535,116565099532,-3,2183,5664
116568146922,116568146929,7,3640,1315
116568671273,116568671279,6,2177,1608
116569763603,116569763608,5,1792,1095
116570513301,116570513306,5,1717,1353
116572732131,116572732138,7,2355,1143
116573839119,116573839110,-9,1558,1514
116580593774,116580593778,4,1800,1167
116582252452,116582252457,5,2187,1263
116584988202,116584988202,0,1742,1792
116586594429,116586594434,5,2144,1549
116590476739,116590476738,-1,1113,1766
116592809276,116592809281,5,2296,1491
116594107381,116594107366,-15,1706,532
116595512299,116595512305,6,2051,1300
116602201730,116602201732,2,1623,1124
116605733415,116605733419,4,2353,1475
116610684622,116610684626,4,2284,1810
116610750179,116610750183,4,1483,1140
116611842016,116611842019,3,2373,1525
116612570619,116612570621,2,1158,1294
116612632449,116612632471,22,2592,1593
116614690826,116614690831,5,2130,1777
116616716502,116616716508,6,2330,1353
116617594456,116617594460,4,3152,1799
116617724382,116617724382,0,1502,2053
116621048617,116621048620,3,1826,1334
116622449405,116622449411,6,1406,1114
116623390427,116623390430,3,4527,3234
116626124159,116626124163,4,1308,1059
116631591771,116631591771,0,674,1181
116637006507,116637006495,-12,8865,36724
116639416443,116639416449,6,3159,1629
116640644825,116640644827,2,1983,1486
116640943305,116640943309,4,2234,1190
116642251586,116642251590,4,1856,1121
116642677200,116642677205,5,2479,1577
116642727259,116642727265,6,2719,1444
116644203703,116644203697,-6,3515,14331
116645317490,116645317496,6,2034,1561
116646496384,116646496389,5,1724,968
116648391780,116648391787,7,5405,1389
116649677229,116649677232,3,1585,1636
116650102150,116650102155,5,1624,1286
116650498973,116650498979,6,2439,1489
116652507121,116652507126,5,2042,1710
116655654577,116655654583,6,2314,1557
116657729645,116657729650,5,1944,1363
116660315675,116660315678,3,1730,1039
116661030709,116661030713,4,1890,1749
116661153743,116661153750,7,2389,1257
116661806579,116661806582,3,2040,1279
116666458734,116666458738,4,1322,1137
116668436205,116668436209,4,1999,1184
116669116024,116669116007,-17,2507,795
116669877798,116669877801,3,1534,1542
116670036836,116670036841,5,2785,1262
116673006380,116673006384,4,1700,1220
116673581942,116673581945,3,2140,1516
116674603283,116674603287,4,2162,1683
116683874607,116683874612,5,1886,798
116686375308,116686375294,-14,288,1940
116689619360,116689619363,3,2005,1610
116689727530,116689727533,3,2151,1514
116691172902,116691172906,4,2180,1160
116691491917,116691491935,18,1494,905
116692875977,116692875981,4,1428,1218
116693734198,116693734203,5,1762,1024
116694661305,116694661310,5,2483,1324
116695211353,116695211357,4,2843,1469
116695363034,116695363014,-20,1752,966
116697565182,116697565187,5,1355,858
116698787040,116698787043,3,1383,1007
116702842398,116702842402,4,2000,884
116709874482,116709874487,5,1395,1409
116710194379,116710194384,5,1727,891
116712784957,116712784964,7,2898,1197
116713376647,116713376650,3,2237,1112
116717383887,116717383894,7,1969,1295
116717732333,116717732351,18,2485,1213
116717852917,116717852900,-17,480,257
116719109758,116719109763,5,1789,1247
116721121819,116721121823,4,1684,1220
116728816758,116728816765,7,2341,1199
116729315955,116729315961,6,3351,1585
116731233510,116731233514,4,1777,1428
116739610698,116739610702,4,1584,1092
116739896015,116739896019,4,1020,661
116741519719,116741519725,6,1510,1248
116742188849,116742188851,2,2021,1303
116743694646,116743694650,4,1738,913
116749106589,116749106593,4,1793,1294
116749908750,116749908754,4,2424,1472
116751270082,116751270086,4,1657,1077
116752691137,116752691141,4,1680,1186
116755220622,116755220626,4,2238,1766
116756616422,116756616425,3,1672,1599
116757880193,116757880199,6,1909,1078
116759842299,116759842302,3,170,903
116762820383,116762820387,4,1746,1469
116763646162,116763646166,4,2150,1081
116770689390,116770689393,3,1137,1101
116772098681,116772098683,2,1120,1103
116776057556,116776057559,3,2219,1269
116776826463,116776826467,4,2137,1269
116777920813,116777920816,3,2122,1623
116779569804,116779569821,17,447,946
116781672486,116781672494,8,1468,734
116782024398,116782024403,5,2282,1679
116782126822,116782126807,-15,269,161
116783374933,116783374943,10,661,370
116784981438,116784981439,1,1456,1387
116785445237,116785445233,-4,22113,14753
116786286296,116786286301,5,2867,1604
116787174448,116787174450,2,1583,1003
116793817422,116793817426,4,1608,1602
116797263843,116797263850,7,3764,1281
116799666063,116799666067,4,1385,1274
116799720234,116799720239,5,1005,663
116800922090,116800922096,6,2083,1707
116801969778,116801969782,4,2322,1442
116803453951,116803453954,3,1867,1260
116808033441,116808033446,5,2029,1261
116812828265,116812828269,4,1852,1179
116815472489,116815472495,6,950,928
116816817225,116816817230,5,2244,1443
116819639638,116819639640,2,2360,1630
116825626529,116825626531,2,2255,1411
116826726876,116826726878,2,1506,1537
116828362715,116828362718,3,2224,1387
116831936374,116831936378,4,2525,1607
116835736166,116835736172,6,2616,1338
116840352426,116840352433,7,2507,1107
116842014989,116842014991,2,1967,1199
116844785462,116844785466,4,1595,1010
116845918994,116845918999,5,1872,1354
116846549583,116846549597,14,924,852
116847920134,116847920136,2,1149,1558
116851231439,116851231442,3,2706,1411
116852348678,116852348685,7,1980,1845
116857439956,116857439955,-1,9761,13479
116860571828,116860571833,5,1944,1258
116873873506,116873873504,-2,885,1615
116876203106,116876203112,6,3427,1250
116878154553,116878154575,22,904,525
116878308291,116878308297,6,2658,1194
116879397798,116879397802,4,2662,1038
116880085963,116880085965,2,3287,1637
116880742132,116880742138,6,2328,1475
116881270893,116881270898,5,2404,1096
116881760393,116881760398,5,2022,1668
116882962695,116882962693,-2,1226,2298
116883732061,116883732058,-3,1408,2279
116893495097,116893495102,5,1094,658
116893595270,116893595254,-16,1869,1263
116894291662,116894291677,15,2310,1404
116897129246,116897129251,5,2604,1604
116900143377,116900143379,2,2713,1289
116900316251,116900316257,6,2510,1179
116900967254,116900967256,2,1577,1067
116901455297,116901455301,4,2170,1281
116902190133,116902190138,5,2088,1169
116905046572,116905046577,5,1995,1428
116905215866,116905215848,-18,1213,812
116907990438,116907990441,3,2312,1458
116914807635,116914807634,-1,997,1160
116917783023,116917783025,2,1412,1013
116919145175,116919145181,6,2160,1571
116919540372,116919540392,20,502,248
116920277653,116920277656,3,2379,1591
116922518880,116922518881,1,21391,25045
116922787279,116922787285,6,4132,1100
116940092315,116940092321,6,1946,1391
116941218674,116941218679,5,2259,1525
116947377550,116947377553,3,1534,1169
116948616377,116948616378,1,1508,1730
116953761417,116953761403,-14,23118,29958
116953810402,116953810406,4,4390,3045
116958862965,116958862969,4,2024,1628
116960662078,116960662083,5,1288,1071
116964739690,116964739695,5,1899,1258
116966018733,116966018738,5,2077,930
116967072799,116967072802,3,1810,1007
116967466235,116967466237,2,1327,1883
116967508419,116967508425,6,2143,1656
116976071174,116976071174,0,1350,1315
116977406322,116977406323,1,1748,1116
116977746472,116977746473,1,1411,1227
116983645218,116983645225,7,2907,1376
116986276838,116986276843,5,1503,989
116989682142,116989682147,5,1610,931
116989937699,116989937694,-5,796,1700
116992818985,116992818989,4,2507,1356
116993673230,116993673234,4,2077,1177
116994343769,116994343773,4,1520,923
116995400263,116995400266,3,1495,1461
116998869867,116998869870,3,1370,1210
116999586838,116999586842,4,1538,1072
116999961490,116999961496,6,1600,1242
117002273764,117002273766,2,1304,946
117004990622,117004990627,5,1652,1288
117005811744,117005811750,6,2332,1522
117006974202,117006974207,5,2051,1225
117009354237,117009354240,3,1495,673
117018094746,117018094746,0,1478,2117
117020386538,117020386540,2,1230,1381
117024912714,117024912721,7,4714,1857
117028571047,117028571054,7,741,668
117031303221,117031303227,6,4447,1152
117031565965,117031565950,-15,2993,1147
117032051797,117032051799,2,1952,1315
117032338509,117032338526,17,1714,936
117033293594,117033293599,5,3366,1577
117034400871,117034400874,3,1263,1679
117036064310,117036064313,3,1857,1073
117037315979,117037315983,4,1771,999
117038618122,117038618128,6,2044,1448
117042369418,117042369426,8,2388,1514
117042592778,117042592781,3,10884,20682
117049295441,117049295444,3,1449,1258
117050479423,117050479426,3,1244,1320
117061153775,117061153770,-5,1062,2085
117064594218,117064594223,5,2434,1740
117064821095,117064821100,5,2563,1778
117066440413,117066440418,5,2396,1577
117067061436,117067061441,5,1906,1109
117071543810,117071543814,4,2787,1261
117075787214,117075787219,5,1965,1476
117076918489,117076918481,-8,35206,14324
117078107574,117078107576,2,1275,1484
117078708916,117078708920,4,2396,1237
117079693041,117079693046,5,2715,1555
117083256039,117083256043,4,1157,907
117084788726,117084788729,3,1998,1389
117085155276,117085155279,3,1715,1387
117096581923,117096581926,3,1985,1338
117097370738,117097370745,7,3400,1412
117101701109,117101701109,0,1801,1266
117103900362,117103900365,3,1642,1436
117105302695,117105302698,3,2094,1662
117108186039,117108186043,4,1971,1065
117108531469,117108531473,4,2156,1214
117108560753,117108560758,5,1555,865
117114214671,117114214675,4,1714,1154
117114679246,117114679251,5,1698,1011
117117244870,117117244873,3,1597,1192
117120032509,117120032515,6,1602,1172
117123389397,117123389405,8,1937,757
117124705907,117124705914,7,5927,2473
117124951525,117124951527,2,1847,1600
117127745005,117127745009,4,2039,870
117127944167,117127944170,3,1460,1503
117128906170,117128906174,4,1369,1295
117131495149,117131495153,4,1360,1219
117132149435,117132149415,-20,1803,1658
117135715090,117135715094,4,1691,1434
117135872958,117135872962,4,2397,1319
117140425837,117140425842,5,1219,988
117141584395,117141584398,3,2789,1464
117142112181,117142112185,4,1243,1355
117147095725,117147095727,2,2126,1413
117156297877,117156297881,4,1835,1169
117164717226,117164717231,5,1934,1384
117167102145,117167102147,2,2334,1382
117169353251,117169353253,2,1713,1240
117171505304,117171505307,3,2481,1647
117173152284,117173152290,6,2387,1208
117176272879,117176272883,4,2737,1269
117176415346,117176415350,4,2059,1183
117179203021,117179203026,5,1709,1299
117181238313,117181238318,5,1665,1496
117185657049,117185657055,6,933,673
117186325497,117186325503,6,2095,942
117188052218,117188052220,2,1931,1094
117191907019,117191907023,4,1400,1024
117193746330,117193746337,7,3361,1292
117194093386,117194093390,4,1800,1045
117195907848,117195907852,4,1709,1566
117199975295,117199975301,6,1428,1236
117201869182,117201869186,4,2039,919
117202722510,117202722516,6,2054,1263
117204130304,117204130308,4,2194,1900
117211672553,117211672570,17,16832,54506
117212307230,117212307235,5,2520,1227
117214396707,117214396713,6,4167,1279
117215933870,117215933874,4,1630,1246
117219251874,117219251878,4,1957,1299
117225543145,117225543149,4,2279,1511
117228210430,117228210434,4,1390,892
117228383081,117228383062,-19,1697,1225
117229934058,117229934063,5,1259,925
117233236514,117233236519,5,2104,1310
117234545851,117234545854,3,2411,1555
117237658021,117237658018,-3,2388,4243
117237882010,117237882013,3,1639,1584
117238534332,117238534335,3,1808,1611
117243070529,117243070532,3,1426,1172
117244277054,117244277050,-4,1000,2859
117244841653,117244841657,4,2065,1227
117247049294,117247049298,4,2325,1214
117254888867,117254888869,2,2042,1464
117256038634,117256038642,8,2160,1503
117256077986,117256077972,-14,3283,1362
117257437449,117257437444,-5,1445,4590
117258157528,117258157530,2,1878,953
117258510035,117258510013,-22,742,517
117259520691,117259520699,8,1793,1625
117264788017,117264788019,2,2292,1719
117268360038,117268360043,5,2100,1320
117269547691,117269547693,2,2566,1857
117270224162,117270224166,4,1663,974
117270795958,117270795963,5,2998,1482
117271402043,117271402048,5,2337,1494
117273693466,117273693473,7,1994,1407
117274379659,117274379666,7,1763,1250
117274539617,117274539624,7,2161,1656
117277462342,117277462342,0,2310,3320
117280947855,117280947859,4,1903,1021
117283333521,117283333524,3,1069,1115
117284345659,117284345657,-2,690,251
117284714847,117284714851,4,1799,971
117293990893,117293990894,1,1528,1722
117296796185,117296796190,5,1757,1372
117296875211,117296875211,0,2225,1813
117299354268,117299354271,3,2053,1421
117301277625,117301277629,4,1905,1021
117306193290,117306193305,15,1507,1158
117310738898,117310738903,5,2037,1141
117311737703,117311737707,4,1866,1213
117314600911,117314600914,3,1869,1942
117315575629,117315575632,3,1926,1221
117317645122,117317645127,5,2212,1251
117317727735,117317727739,4,2154,1564
117318445047,117318445050,3,2050,1369
117319423829,117319423833,4,1931,1030
117322579699,117322579702,3,1128,1316
117329621086,117329621089,3,1901,1301
117333368822,117333368825,3,1902,1601
117334945412,117334945417,5,2043,1023
117337743021,117337743025,4,1722,1319
117338214171,117338214171,0,2140,2611
117352139731,117352139733,2,1718,1434
117354511860,117354511864,4,1957,1398
117355786123,117355786126,3,1836,1301
117356027540,117356027543,3,1780,1221
117361719383,117361719384,1,6860,17053
117364090793,117364090798,5,1177,353
117365331919,117365331923,4,2028,1333
117365488607,117365488611,4,1179,1178
117366163679,117366163682,3,1623,903
117371174742,117371174747,5,1620,780
117375612180,117375612186,6,1809,969
117377200865,117377200866,1,1170,1190
117378185647,117378185650,3,1096,994
117381649859,117381649865,6,2374,1202
117381778957,117381778965,8,2380,1198
117383582269,117383582274,5,1905,1063
117388150107,117388150110,3,1451,1842
117389077583,117389077588,5,2598,1326
117390304278,117390304284,6,2140,1537
117391529367,117391529371,4,1853,1221
117393223481,117393223483,2,1106,872
117394401272,117394401267,-5,1019,2339
117397009985,117397009990,5,1616,1089
117400139637,117400139642,5,1229,1354
117400531025,117400531029,4,1568,1265
117400992900,117400992911,11,2444,1226
117401645331,117401645350,19,1618,1260
117409987312,117409987315,3,2291,1739
117411816224,117411816227,3,1400,1255
117417077393,117417077396,3,2079,1179
117417650594,117417650597,3,1260,1592
117420467842,117420467846,4,1986,1297
117423117589,117423117591,2,2280,1703
117426601302,117426601296,-6,1552,3586
117427319675,117427319680,5,1693,973
117428983446,117428983446,0,1560,1886
117429659958,117429659962,4,1848,1604
117429909885,117429909870,-15,1737,882
117430708109,117430708113,4,2302,1241
117434068361,117434068365,4,2406,1433
117434259456,117434259456,0,1698,2183
117435400725,117435400731,6,1913,1494
117439600365,117439600370,5,1729,1363
117444571026,117444571030,4,1571,1339
117445383131,117445383133,2,3672,3624
117447011247,117447011249,2,1812,1437
117448165302,117448165306,4,1739,1188
117451410146,117451410153,7,1483,1063
117452572125,117452572131,6,2439,1328
117453756525,117453756530,5,2223,1009
117454631039,117454631044,5,2871,1358
117461951209,117461951210,1,1862,1312
117463847237,117463847242,5,1898,772
117465948657,117465948661,4,1453,1198
117474865477,117474865481,4,2444,1605
117475510910,117475510914,4,2217,1397
117475978737,117475978741,4,1624,1220
117476893041,117476893046,5,1974,1283
117480286665,117480286667,2,1390,1346
117480795486,117480795489,3,1815,1288
117482073553,117482073555,2,2738,1497
117483441518,117483441527,9,968,788
117483867730,117483867741,11,1197,757
117484692090,117484692086,-4,24483,9940
117492328413,117492328415,2,1799,1193
117496494455,117496494459,4,2371,1337
117496939653,117496939658,5,2174,1427
117499418790,117499418796,6,2455,1793
117500908322,117500908326,4,1392,1284
117501727141,117501727146,5,10602,6092
117502200234,117502200238,4,1644,1147
117503867362,117503867363,1,935,887
117513411453,117513411457,4,1326,1041
117513473962,117513473967,5,1608,770
117518866648,117518866650,2,1570,1261
117528024622,117528024627,5,1689,1319
117534296252,117534296255,3,2406,1241
117535009237,117535009222,-15,1703,1520
117535539470,117535539474,4,2788,1526
117535823466,117535823470,4,1831,1853
117535895792,117535895794,2,2072,1506
117536535966,117536535971,5,4430,2800
117540272454,117540272459,5,1327,1352
117541285418,117541285422,4,1944,1206
117545607142,117545607142,0,9094,13563
117545892950,117545892952,2,2047,1361
117549830806,117549830796,-10,811,256
117550426195,117550426173,-22,745,275
117550934268,117550934270,2,1459,1329
117554921739,117554921722,-17,1149,684
117555845393,117555845397,4,1849,879
117560446628,117560446631,3,1737,722
117561511021,117561511025,4,1823,1656
117564089430,117564089435,5,2314,969
117564782783,117564782765,-18,2065,1410
117566466379,117566466385,6,2521,1661
117570781590,117570781594,4,1567,1260
117573056591,117573056596,5,2622,1384
117573670586,117573670590,4,26153,24034
117575499913,117575499917,4,2787,2175
117576079358,117576079362,4,1970,1214
117578282458,117578282460,2,1686,1448
117581527294,117581527298,4,1664,1314
117582289786,117582289791,5,2186,1601
117582658205,117582658210,5,2065,1262
117584015035,117584015039,4,1375,1075
117584154923,117584154932,9,1661,1074
117584940030,117584940037,7,1778,1218
117588299314,117588299319,5,2114,1583
117588713081,117588713086,5,2283,1558
117589148331,117589148334,3,1319,842
117590150462,117590150466,4,1809,1156
117590347691,117590347668,-23,1928,1240
117591061773,117591061776,3,2056,1343
117594382418,117594382422,4,1812,1062
117594878669,117594878671,2,2411,1589
117596830007,117596830013,6,2682,1496
117597454153,117597454135,-18,1200,864
117598141097,117598141106,9,3175,1815
117598503796,117598503815,19,1734,1296
117600685326,117600685331,5,1991,1301
117602297897,117602297900,3,2382,1253
117603530571,117603530574,3,2265,1241
117607531602,117607531606,4,1938,1535
117607832375,117607832380,5,2247,1554
117607973590,117607973575,-15,655,410
117609026558,117609026562,4,1781,1088
117609203827,117609203831,4,2326,1355
117614336258,117614336263,5,1393,1267
117616054701,117616054705,4,2317,1257
117620157999,117620158005,6,2843,1160
117622527391,117622527395,4,1650,984
117628632351,117628632354,3,1347,1429
117630826805,117630826810,5,2855,1849
117634633986,117634633989,3,1894,1227
117635130059,117635130063,4,1932,1428
117635195214,117635195214,0,1368,1686
117637866034,117637866040,6,2108,1184
117637910716,117637910719,3,1994,1334
117642075380,117642075387,7,1837,1157
117642256989,117642256995,6,1880,976
117645222817,117645222821,4,3375,1972
117646281169,117646281173,4,1676,819
117648115985,117648115989,4,1885,1088
117649681639,117649681643,4,1291,1250
117650937770,117650937774,4,1919,1107
117652667132,117652667134,2,2020,1639
117657170461,117657170465,4,1931,1401
117660433198,117660433203,5,2317,1280
117661520086,117661520091,5,2057,1329
117662140705,117662140709,4,2265,1310
117666486085,117666486091,6,1839,1373
117671228907,117671228910,3,1890,1198
117671957154,117671957157,3,2447,1299
117673510851,117673510855,4,2941,1715
117678005650,117678005654,4,2287,1549
117681236027,117681236023,-4,938,2863
117687119501,117687119503,2,1538,1458
117691195009,117691195014,5,1052,1553
117693946733,117693946741,8,1849,1246
117696199154,117696199159,5,2750,1424
117700528408,117700528413,5,2408,1317
117704106723,117704106729,6,1737,1043
117704736302,117704736308,6,2464,1694
117705802724,117705802727,3,2588,2019
117706492490,117706492494,4,2275,1379
117707402877,117707402881,4,2437,1647
117710482286,117710482290,4,1835,1629
117711869579,117711869581,2,1343,987
117716894782,117716894787,5,1113,958
117719195222,117719195221,-1,1913,3491
117723554934,117723554938,4,1487,1382
117725573305,117725573310,5,1902,1474
117727201317,117727201319,2,2240,1035
117728961661,117728961659,-2,970,1735
117732994132,117732994135,3,1500,1311
117740095782,117740095786,4,2427,1864
117741464909,117741464913,4,1388,1389
117748645756,117748645761,5,2066,1059
117749452942,117749452951,9,1811,1447
117749755009,117749754988,-21,471,601
117749925389,117749925395,6,2110,982
117751475831,117751475828,-3,1176,2301
117755492095,117755492098,3,1775,1193
117756374330,117756374311,-19,2117,1140
117758223248,117758223251,3,1406,1000
117767416506,117767416499,-7,2940,7915
117767870374,117767870379,5,1883,1059
117769572594,117769572600,6,3563,1373
117772816397,117772816402,5,2290,1496
117774284963,117774284966,3,2049,1284
117774791573,117774791577,4,2767,1697
117776158023,117776158026,3,1406,1365
117777331117,117777331122,5,1418,1035
117778058828,117778058822,-6,1378,2877
117779991325,117779991327,2,1082,1211
117785891482,117785891482,0,1366,1011
117788869965,117788869967,2,1840,1219
117790348497,117790348499,2,1758,1140
117790451602,117790451621,19,463,363
117791272034,117791272029,-5,1359,4630
117798834359,117798834355,-4,945,2204
117803034877,117803034882,5,1256,1140
117803698267,117803698258,-9,1410,1654
117806812486,117806812490,4,1660,1510
117821308761,117821308765,4,2873,1574
117823454071,117823454074,3,1947,1322
117824547386,117824547398,12,1761,1185
117825306447,117825306450,3,1681,1206
117826244874,117826244878,4,1776,1055
117827855813,117827855817,4,1805,1275
117829649363,117829649366,3,1690,1009
117832388197,117832388201,4,1957,1256
117833066767,117833066780,13,13959,26772
117834871502,117834871505,3,2573,1771
117835289399,117835289405,6,2157,1389
117836452069,117836452073,4,2082,1017
117837916191,117837916197,6,2669,1281
117838714700,117838714706,6,1961,1468
117841921195,117841921211,16,757,1164
117845604794,117845604797,3,1665,1138
117848604235,117848604238,3,1758,1235
117850326173,117850326166,-7,1815,8572
117853411990,117853411994,4,1366,828
117855348508,117855348510,2,2334,2179
117857179546,117857179551,5,2290,1163
117858596861,117858596865,4,1691,1030
117859024853,117859024858,5,2279,1258
117860101830,117860101833,3,2182,1362
117863676602,117863676599,-3,809,1383
117865423769,117865423774,5,2993,1883
117866310019,117866310020,1,1693,1544
117869026889,117869026891,2,1954,1440
117874828699,117874828703,4,1727,1234
117875598618,117875598598,-20,1221,792
117875783378,117875783382,4,1125,756
117883255799,117883255801,2,2021,1439
117884783790,117884783791,1,882,1058
117886088411,117886088414,3,1709,1330
117886466952,117886466956,4,2358,1870
117888337993,117888337994,1,1495,1097
117888669995,117888669999,4,2666,1733
117888843958,117888843962,4,1665,1434
117889678435,117889678440,5,2616,1576
117890535259,117890535262,3,1656,1134
117891819589,117891819594,5,961,880
117894401894,117894401899,5,2574,1537
117894508789,117894508790,1,1531,1193
117895450395,117895450397,2,1713,1319
117895482867,117895482869,2,1323,1456
117895724280,117895724282,2,1388,1154
117896828401,117896828403,2,1479,1287
117897601274,117897601278,4,1509,756
117899363334,117899363338,4,1595,1818
117903640662,117903640665,3,2045,1562
117908860315,117908860317,2,1744,1269
117911635550,117911635555,5,4109,2010
117911951433,117911951427,-6,898,2765
117912096117,117912096120,3,2399,1660
117912432557,117912432560,3,1579,1382
117912630115,117912630120,5,2166,1405
117912699444,117912699440,-4,2059,6194
117913420243,117913420244,1,1828,1738
117918584505,117918584507,2,2358,1316
117921518766,117921518770,4,1735,1213
117923067322,117923067326,4,1827,1346
117923580258,117923580263,5,1941,1737
117927626842,117927626845,3,2208,1508
117932167730,117932167735,5,921,617
117932464831,117932464835,4,1883,1257
117932977852,117932977855,3,2287,1202
117935022783,117935022787,4,1947,1566
117937005288,117937005290,2,1876,1411
117937242711,117937242714,3,1510,1596
117937398988,117937398994,6,2831,1512
117941146957,117941146959,2,1808,939
117954617909,117954617914,5,1598,998
117954663486,117954663485,-1,823,246
117959141802,117959141806,4,1499,1186
117959620065,117959620069,4,2170,1463
117961747950,117961747954,4,1764,1184
117962462297,117962462301,4,1675,1077
117965106833,117965106839,6,2354,1400
117965965222,117965965226,4,3596,1900
117966161562,117966161566,4,1774,814
117969370197,117969370201,4,2044,1376
117971214838,117971214836,-2,2904,18839
117971629046,117971629050,4,2479,1691
117971755128,117971755131,3,1876,942
117972574281,117972574287,6,1418,1306
117980908577,117980908581,4,1999,1032
117985280782,117985280786,4,1620,1067
117986925605,117986925606,1,1210,1168
117989129445,117989129444,-1,19792,7674
117991592958,117991592961,3,1820,1256
117993419616,117993419619,3,1838,1605
117996669352,117996669355,3,1709,1133
118001129015,118001129019,4,843,712
118004487100,118004487105,5,1457,1146
118004650069,118004650073,4,2164,1330
118005706705,118005706708,3,1616,1308
118010639477,118010639482,5,2714,2055
118012649066,118012649071,5,1281,975
118014819133,118014819135,2,1924,1756
118016954406,118016954411,5,2325,1550
118022134946,118022134951,5,2486,999
118029792421,118029792423,2,1900,1732
118033141646,118033141651,5,1669,1070
118033360415,118033360419,4,1622,1229
118033622526,118033622529,3,1916,1474
118033753381,118033753385,4,1661,1172
118036130370,118036130375,5,1878,1179
118037632103,118037632107,4,2372,1305
118037892921,118037892926,5,1205,1273
118040084473,118040084475,2,1619,1737
118044236429,118044236436,7,1769,1170
118044409946,118044409951,5,2455,1241
118048303258,118048303263,5,2246,1277
118048890342,118048890345,3,1359,1115
118049194443,118049194450,7,3179,1772
118051035952,118051035954,2,1448,1686
118051526398,118051526402,4,1482,1145
118052649583,118052649578,-5,716,2604
118052995169,118052995174,5,1968,1158
118053492553,118053492558,5,3860,1714
118053880340,118053880343,3,2234,2143
118054687662,118054687666,4,2535,1926
118057876593,118057876610,17,897,140
118059645521,118059645525,4,2431,1244
118060449547,118060449551,4,2275,1627
118061027047,118061027042,-5,858,3746
118067745681,118067745685,4,1705,1509
118068279458,118068279462,4,2084,1876
118068789589,118068789592,3,2190,1364
118071403639,118071403647,8,2304,1235
118072553062,118072553067,5,1286,951
118073108358,118073108358,0,1460,1562
118073488604,118073488609,5,2187,1568
118074731261,118074731265,4,1723,1401
118090258883,118090258886,3,2425,1128
118092644247,118092644251,4,1337,1027
118093287733,118093287737,4,2026,1346
118094044524,118094044529,5,2086,1756
118094999823,118094999827,4,2143,1358
118099957694,118099957701,7,2450,1191
118101702817,118101702821,4,2213,1528
118102774955,118102774957,2,1326,1275
118106095387,118106095390,3,1862,1310
118106874453,118106874456,3,3008,1766
118107262563,118107262558,-5,585,246
118107443621,118107443627,6,2570,37210
118109292061,118109292064,3,1506,1305
118110233274,118110233280,6,1548,1040
118112756103,118112756104,1,1079,1391
118113300066,118113300069,3,1939,1868
118114517769,118114517774,5,2583,1215
118115720841,118115720846,5,2321,1253
118123061471,118123061474,3,1588,1485
118123754149,118123754153,4,2347,1164
118127760694,118127760698,4,1519,1265
118128997962,118128997966,4,1550,1261
118129600302,118129600305,3,2961,1672
118129717166,118129717169,3,1851,1459
118131547712,118131547717,5,1637,1152
118131695177,118131695197,20,1226,1174
118132229725,118132229729,4,1898,1527
118133173008,118133173014,6,1604,726
118134072131,118134072135,4,2259,1105
118134874825,118134874826,1,1174,1740
118135511023,118135511028,5,7352,3424
118135946086,118135946089,3,4971,30941
118137594106,118137594123,17,16255,27693
118138507890,118138507890,0,1223,941
118138542918,118138542900,-18,1214,890
118140401566,118140401572,6,3376,1388
118141456521,118141456524,3,1944,1301
118146947614,118146947617,3,11086,9228
118150641818,118150641822,4,2688,1640
118152894733,118152894737,4,1519,1118
118153417480,118153417499,19,522,2028
118155109125,118155109127,2,2709,1770
118155555743,118155555747,4,1662,1145
118156426713,118156426712,-1,3577,4725
118157089077,118157089082,5,1863,1287
118159285567,118159285568,1,862,2240
118159342962,118159342966,4,2055,1313
118160420390,118160420390,0,900,964
118165311920,118165311923,3,1660,2004
118168072469,118168072472,3,1734,1471
118168388377,118168388378,1,1380,1362
118174317457,118174317479,22,362,1009
118180889845,118180889851,6,1622,787
118188325602,118188325606,4,2158,1159
118189555022,118189555008,-14,2190,1471
118189764054,118189764060,6,2051,1481
118192542462,118192542466,4,1957,1278
118193654454,118193654458,4,3187,1236
118194595311,118194595315,4,1532,967
118195545484,118195545490,6,2244,1792
118205187467,118205187471,4,1615,1316
118208123494,118208123500,6,1858,1244
118213061667,118213061674,7,1877,994
118214493824,118214493828,4,1703,1029
118218847731,118218847734,3,2415,1234
118218981324,118218981343,19,1824,1035
118220180537,118220180541,4,2620,1688
118220976174,118220976180,6,1768,1455
118223575359,118223575362,3,1081,2007
118223868663,118223868677,14,1164,3222
118225891893,118225891899,6,2229,824
118226186562,118226186542,-20,3478,1169
118228068637,118228068641,4,2684,1659
118237434967,118237434970,3,1669,1717
118238448946,118238448950,4,2103,1669
118240222548,118240222551,3,2014,1308
118240976741,118240976744,3,2433,1953
118241897605,118241897609,4,1998,1085
118242806758,118242806763,5,2572,1733
118242897181,118242897184,3,1796,1335
118242969836,118242969841,5,2082,1481
118244596814,118244596819,5,1294,916
118246635246,118246635251,5,2291,1505
118249075838,118249075843,5,1912,1179
118252423767,118252423771,4,1705,1285
118252908859,118252908878,19,1073,833
118256309859,118256309862,3,1829,1163
118258542930,118258542934,4,2685,1496
118261306806,118261306819,13,1410,1402
118263325994,118263325974,-20,2377,2038
118266188939,118266188933,-6,375,3190
118267384242,118267384243,1,917,838
118269335382,118269335380,-2,882,2076
118271859430,118271859434,4,1669,1350
118272221371,118272221375,4,1493,1314
118277138642,118277138646,4,1614,1496
118279584314,118279584318,4,2602,870
118280049750,118280049755,5,2347,1403
118290296566,118290296571,5,2053,1037
118299617334,118299617316,-18,1504,1031
118301583726,118301583730,4,2201,1181
118304385709,118304385712,3,1759,1224
118308255585,118308255606,21,1226,867
118309414820,118309414823,3,2319,1118
118311455162,118311455157,-5,1853,7366
118315491986,118315491990,4,1570,1069
118321892114,118321892119,5,1655,1763
118322618914,118322618905,-9,35162,15568
118322669998,118322670003,5,2499,1322
118325416279,118325416283,4,3001,1381
118330397470,118330397470,0,1496,1268
118336249444,118336249451,7,2354,1658
118338489696,118338489699,3,2176,1663
118341858689,118341858695,6,2450,1149
118342753711,118342753715,4,2212,1236
118343645534,118343645537,3,1887,1428
118344505189,118344505194,5,2375,1379
118345520677,118345520680,3,2139,1347
118349035640,118349035649,9,2025,1333
118350026063,118350026066,3,2087,1248
118351403122,118351403142,20,2113,1078
118353040678,118353040682,4,1455,735
118355242538,118355242544,6,1839,796
118356882882,118356882885,3,1558,1215
118361307172,118361307176,4,1956,1184
118364213398,118364213403,5,2275,1358
118369714253,118369714260,7,3511,1318
118370572201,118370572208,7,1869,1139
118371054357,118371054344,-13,1374,351
118372561939,118372561942,3,2130,2061
118374282427,118374282431,4,1588,1414
118374332229,118374332233,4,2065,1369
118374798651,118374798671,20,1551,810
118375210750,118375210752,2,1968,1424
118377295967,118377295971,4,1541,1322
118377595502,118377595501,-1,1143,1637
118382254470,118382254474,4,1022,502
118383373278,118383373280,2,1912,1238
118383916358,118383916363,5,2010,1405
118390053853,118390053857,4,2049,1586
118392043546,118392043549,3,1505,1017
118394180755,118394180761,6,3031,1408
118395818943,118395818946,3,1860,1062
118398044274,118398044281,7,4272,979
118398782005,118398782011,6,2037,1054
118399075274,118399075279,5,1951,1614
118399987026,118399987029,3,1453,1421
118402413115,118402413119,4,1950,1393
118404639398,118404639401,3,1928,1385
118410602982,118410602986,4,1414,723
118429329412,118429329416,4,1760,1357
118429618146,118429618150,4,1864,1328
118431439185,118431439190,5,1731,1300
118433667289,118433667295,6,1410,1037
118433856769,118433856771,2,2358,1591
118436040773,118436040776,3,1895,1340
118436569907,118436569911,4,2144,1334
118438175410,118438175392,-18,1866,1181
118440128110,118440128115,5,2107,1173
118443353921,118443353908,-13,1861,950
118444289857,118444289859,2,1501,1035
118444469467,118444469446,-21,2253,1474
118447611951,118447611934,-17,1686,1279
118450412026,118450412030,4,1767,1221
118450604089,118450604094,5,2095,1191
118451118819,118451118823,4,2377,2173
118453516058,118453516064,6,3545,1430
118455190327,118455190334,7,3892,1321
118455437230,118455437233,3,1978,1245
118455876393,118455876394,1,2288,3711
118458188677,118458188682,5,1106,907
118460059929,118460059935,6,2486,1642
118462222038,118462222034,-4,1425,2619
118462381109,118462381111,2,1710,1425
118465460814,118465460817,3,2182,1420
118467831793,118467831798,5,2645,1329
118468644440,118468644446,6,1353,1442
118469841938,118469841943,5,1691,1461
118470745559,118470745566,7,1981,1414
118471185347,118471185367,20,1390,920
118472696164,118472696177,13,2000,1199
118477185748,118477185750,2,2156,1127
118478725753,118478725757,4,1402,830
118480743302,118480743310,8,1819,1163
118481531259,118481531262,3,1309,1368
118483335094,118483335098,4,1670,1065
118484995142,118484995146,4,2150,1562
118490571297,118490571302,5,2053,1104
118490985678,118490985662,-16,1894,1004
118494936218,118494936225,7,1513,941
118496528764,118496528768,4,1830,939
118500953394,118500953398,4,2072,1456
118504466149,118504466129,-20,1650,1242
118505582137,118505582140,3,1903,1127
118505859479,118505859483,4,2401,1554
118508254242,118508254246,4,2484,1379
118512406031,118512406034,3,1079,678
118512850583,118512850587,4,2054,1075
118514938830,118514938834,4,2242,1436
118524661114,118524661118,4,2386,1507
118526539305,118526539316,11,1574,1080
118527594495,118527594503,8,11872,22176
118529224335,118529224338,3,2023,1629
118530061072,118530061076,4,2129,1729
118531906964,118531906970,6,1770,1192
118539172010,118539172015,5,2467,1172
118539461978,118539461959,-19,1698,1168
118540173506,118540173509,3,2925,1350
118541725205,118541725211,6,2785,1482
118543473799,118543473803,4,1770,1683
118544761562,118544761563,1,2166,2055
118545035944,118545035943,-1,1214,1276
118545817251,118545817255,4,1246,874
118545971035,118545971039,4,2328,1381
118546570999,118546571003,4,2144,1869
118547440869,118547440873,4,2774,1508
118552052796,118552052799,3,1701,889
118552853789,118552853793,4,2319,1131
118555535320,118555535327,7,2091,981
118559966070,118559966074,4,2093,921
118562596401,118562596395,-6,2237,7889
118564446941,118564446943,2,1359,1331
118567842304,118567842310,6,1719,1157
118568807092,118568807097,5,1741,1455
118571988762,118571988747,-15,2041,1612
118573439636,118573439640,4,2220,1270
118574510553,118574510559,6,2425,1435
118576481894,118576481900,6,2577,1841
118576865302,118576865306,4,2115,1198
118579675627,118579675631,4,1972,1031
118586534614,118586534617,3,1822,1032
118586733326,118586733311,-15,1268,836
118587646362,118587646358,-4,1037,3689
118592291986,118592291992,6,1831,1223
118592366347,118592366365,18,999,340
118597493902,118597493903,1,1963,1174
118600882793,118600882797,4,1751,899
118602902353,118602902357,4,2215,1442
118605194267,118605194272,5,1533,1120
118606328575,118606328574,-1,1681,3515
118611216754,118611216758,4,1803,1499
118615462734,118615462739,5,2428,1435
118615634665,118615634648,-17,959,695
118618090572,118618090574,2,2240,1694
118618155720,118618155735,15,3385,1473
118619262674,118619262678,4,1801,1124
118623891624,118623891627,3,1859,1047
118625179712,118625179716,4,2391,1135
118626410664,118626410666,2,2058,941
118633540950,118633540954,4,1869,1139
118636358580,118636358585,5,1624,823
118637482002,118637482005,3,1924,1072
118637993625,118637993632,7,1686,927
118639669216,118639669219,3,1734,1669
118641583385,118641583390,5,2381,1546
118642254842,118642254846,4,2668,1352
118650075285,118650075282,-3,1058,2780
118651235857,118651235862,5,2799,1747
118651940160,118651940165,5,968,556
118657852063,118657852061,-2,1846,1089
118658011679,118658011683,4,2348,1411
118661397368,118661397371,3,2427,1313
118662240114,118662240118,4,2448,945
118662401991,118662401998,7,921,854
118663637957,118663637972,15,822,354
